date,station_uuid,diesel
1456268521.0,87369318,0.979
1456268521.0,a979524c,0.989
1456268521.0,02f5834c,1.079
1456268521.0,862dbd5b,1.079
1456268521.0,91d2ac21,1.004
1456268521.0,9d9e60c3,1.027
1456268521.0,a07f741f,1.079
1456268521.0,ca6cf07d,1.079
1456268521.0,bb24af7d,1.159
1456268521.0,a24c7289,1.019
1456268521.0,f6e9717f,1.039
1456268521.0,d0445c11,1.079
1456268521.0,d07492b4,0.959
1456268521.0,,1.159
1456268521.0,71b846ff,0.989
1456268521.0,74282045,0.999
1456268521.0,976fb373,0.979
1456268521.0,ecaa161e,1.079
1456268521.0,19c801a7,1.189
1456268521.0,085f0fd3,1.119
1456268521.0,a388f36b,1.009
1456268521.0,93a21747,1.019
1456268761.0,4f6de997,1.059
1456268761.0,384d5e02,1.049
1456268761.0,8a3d4726,0.999
1456268761.0,2af629f5,0.959
1456268761.0,6ebcf0bd,1.019
1456268761.0,5e6b1f04,0.999
1456268761.0,ca8919db,1.039
1456268761.0,44bc2c07,0.999
1456268761.0,299d6edc,1.039
1456268761.0,459be729,1.054
1456268761.0,864188f5,1.039
1456269001.0,a212a289,1.009
1456269001.0,85037928,0.989
1456269001.0,ef296ca3,0.989
1456269001.0,c07bd363,1.049
1456269001.0,b5e248eb,1.139
1456269001.0,8609cc97,1.009
1456269001.0,a249b487,0.979
1456269001.0,aa3a4a0b,0.994
1456269001.0,7e16c19d,1.179
1456269001.0,77793a3e,1.009
1456269001.0,94862ec3,1.049
1456269001.0,6d40e0d7,1.079
1456269001.0,046da538,1.049
1456269001.0,6f30727c,1.049
1456269001.0,d5022b7f,1.069
1456269001.0,881dfc32,1.089
1456269001.0,ddaa5083,1.029
1456269001.0,f9e89c40,1.019
1456269001.0,435e7b69,1.059
1456269001.0,47a742a7,1.009
1456269241.0,,0.999
1456269241.0,ee36bec6,0.969
1456269241.0,70c08251,1.029
1456269241.0,253839e1,1.179
1456269241.0,7a952315,1.029
1456269481.0,7c8cc75b,1.149
1456269481.0,b1df20da,1.149
1456269481.0,9b209e8a,0.989
1456269481.0,98a945b9,1.149
1456269481.0,e7a0ae36,1.169
1456269481.0,d3953243,1.009
1456269481.0,26a6aed5,1.139
1456269481.0,8b3bfbbc,1.149
1456269481.0,63a8e437,0.969
1456269481.0,7eb639ab,0.999
1456269481.0,958542ce,1.149
1456269481.0,3bc0aa63,0.999
1456269481.0,e9a7ff5d,1.069
1456269481.0,7a8eaed9,1.069
1456269481.0,be63db8b,1.029
1456269481.0,d72800fe,1.069
1456269721.0,b0a6c8a3,1.159
1456269721.0,9b209e8a,1.029
1456269721.0,,1.059
1456269721.0,54b81d07,0.989
1456269721.0,aad3e88a,1.029
1456269961.0,1ddbee38,1.029
1456269961.0,0593bd1c,0.999
1456269961.0,a8f5bb50,1.169
1456269961.0,7cd126ee,1.069
1456269961.0,ebb6637d,1.149
1456269961.0,c7eb5131,0.989
1456270201.0,e00e317c,1.059
1456270201.0,bc5fd80b,1.019
1456270201.0,12081217,0.989
1456270201.0,cc3eddf4,0.989
1456270441.0,e2851b26,0.989
1456270441.0,e91ec3d6,1.019
1456270441.0,f4df3f30,0.999
1456270681.0,21168c26,0.989
1456270681.0,7d5bf573,0.989
1456270681.0,f46401d5,1.129
1456270681.0,ca6cf07d,1.029
1456270681.0,a0ad552e,1.039
1456270681.0,6e858274,0.999
1456270681.0,a952ede9,1.029
1456270681.0,433cd102,1.169
1456270921.0,94862ec3,1.039
1456270921.0,433cd102,1.169
1456271161.0,a83de21c,0.999
1456271161.0,96e20313,0.959
1456271161.0,3ea4d9dc,1.009
1456271401.0,50b27f80,1.009
1456271401.0,13ac9af6,0.989
1456271401.0,6d934eee,1.169
1456271401.0,f3827863,0.999
1456271401.0,2d698eb6,1.179
1456271401.0,ffc943b9,1.139
1456271401.0,4f9ccf16,1.149
1456271401.0,34525e5b,1.169
1456271401.0,c1d6b449,1.029
1456271401.0,d9b08f78,1.049
1456271401.0,1a45c6ef,0.999
1456271401.0,0886ecde,1.179
1456271401.0,2685fde6,1.169
1456271401.0,691ce904,1.009
1456271401.0,712e5646,1.089
1456271401.0,6982586c,1.149
1456271401.0,0f6f38a4,0.989
1456271401.0,bc514af8,1.169
1456271401.0,d90a2276,1.009
1456271401.0,0b563bcc,1.169
1456271401.0,5d07df0f,1.029
1456271401.0,f44b6301,1.059
1456271401.0,827fe9cd,0.979
1456271401.0,bbd2a218,1.029
1456271401.0,566e4815,0.989
1456271401.0,71424e6c,1.089
1456271401.0,ea971a7b,1.029
1456271401.0,218b7c8b,1.089
1456271401.0,48676749,1.019
1456271401.0,fd09c85a,1.049
1456271401.0,91698594,1.029
1456271401.0,64bc8569,1.049
1456271401.0,7af3790e,0.999
1456271401.0,b205cecb,1.009
1456271401.0,790cb266,1.059
1456271401.0,990bc1af,1.169
1456271401.0,05946741,1.029
1456271401.0,b0c139bb,1.169
1456271401.0,3965f1ec,1.089
1456271401.0,7b89feff,1.029
1456271401.0,9d4458f3,1.029
1456271401.0,9d229bd2,0.969
1456271641.0,684b2be8,1.029
1456271641.0,87369318,0.979
1456271641.0,d685db42,0.989
1456271641.0,de6c0c12,0.989
1456271641.0,c45f047d,0.989
1456271641.0,c0b82c6f,0.989
1456271641.0,242f842b,0.989
1456272121.0,dfc32fdb,1.029
1456272121.0,5ae3b069,0.989
1456272121.0,4a51e02f,0.989
1456272361.0,7db0ea2e,1.029
1456272361.0,844f1480,0.999
1456272361.0,a9740f4d,0.989
1456272361.0,c3a73e2d,1.029
1456272361.0,645f5296,0.989
1456272361.0,24696b6f,1.009
1456272361.0,67642b0d,1.099
1456272361.0,3f118a37,1.009
1456272361.0,39b32a77,0.999
1456272361.0,c76945cf,0.969
1456272361.0,128c4a0e,0.989
1456272361.0,33e1917c,1.039
1456272361.0,819ea283,0.999
1456272361.0,ee54e371,0.999
1456272361.0,055d27b8,0.989
1456272361.0,43d05eaa,1.009
1456272361.0,20156578,0.989
1456272361.0,b0e18943,1.009
1456272361.0,e9b4f3f5,0.999
1456272361.0,36531cac,0.989
1456272361.0,8c0782e7,0.989
1456272361.0,44bf3174,1.009
1456272361.0,a3cd819d,1.019
1456272361.0,f37029f1,0.999
1456272361.0,d2575398,1.019
1456272361.0,cf4becee,0.989
1456272361.0,fff62873,1.019
1456272361.0,39195ba2,1.009
1456272361.0,6577b47a,0.999
1456272361.0,74864c80,0.979
1456272361.0,ef6a4535,0.999
1456272361.0,6ab142e0,1.029
1456272361.0,fe8f8bee,0.989
1456272361.0,42bd32f3,1.049
1456272361.0,3a3fc6fd,0.989
1456272361.0,c29be0d7,0.979
1456272361.0,48d0e555,0.979
1456272361.0,6b4ba54d,0.979
1456272601.0,047ea646,0.989
1456272601.0,245c099c,0.969
1456272601.0,b511f34b,0.979
1456272601.0,e2edff7e,1.029
1456272601.0,b60ced65,1.029
1456272601.0,5aa87776,1.099
1456272601.0,3851f5d5,0.989
1456272842.0,c391ee8f,0.989
1456272842.0,76dccd6f,0.989
1456272842.0,7006be5d,0.989
1456272842.0,6e77b649,0.989
1456272842.0,7a3115f2,0.979
1456272842.0,dcbfbcf3,0.989
1456272842.0,2f89ceb2,0.989
1456272842.0,73ed9159,0.989
1456272842.0,f6d9b461,0.989
1456272842.0,506ed98f,0.989
1456272842.0,2c82fe56,0.999
1456272842.0,2c52792d,1.009
1456272842.0,8456b87a,0.989
1456272842.0,4c906d12,1.009
1456272842.0,350e97c6,1.019
1456272842.0,b338177f,0.989
1456272842.0,44565663,1.009
1456272842.0,c2aa03cb,1.009
1456272842.0,1e0f5f03,1.009
1456272842.0,e5a3d8f9,1.009
1456272842.0,3a20cf6c,0.979
1456272842.0,538bd786,0.979
1456272842.0,30a3ca97,1.009
1456272842.0,3a7aff39,1.009
1456272842.0,4646068e,1.009
1456272842.0,015ecd27,0.989
1456272842.0,fa183b24,0.989
1456272842.0,fe496e01,0.989
1456272842.0,57e77986,0.989
1456272842.0,2e745c93,1.009
1456272842.0,6a5e9f24,1.049
1456272842.0,00c593eb,0.989
1456273081.0,de920e08,1.029
1456273081.0,b1dd859f,1.029
1456273081.0,ce73fb63,1.029
1456273081.0,649a77db,1.029
1456273081.0,7091515f,1.039
1456273081.0,d49e5d4c,1.029
1456273081.0,fac5bd9e,1.029
1456273081.0,5a3f99e3,1.029
1456273561.0,28306088,0.989
1456273561.0,e08143aa,1.009
1456273561.0,d4c5b88e,1.029
1456273561.0,9ba54253,1.029
1456273561.0,0f6fe1eb,1.009
1456273561.0,77aab11d,1.029
1456273561.0,2b60b515,1.019
1456273561.0,dc9724ba,1.029
1456273561.0,d3b39801,0.989
1456273561.0,44850052,1.029
1456273561.0,4a852856,0.999
1456273561.0,ac4a43b1,1.029
1456273561.0,07991b53,0.989
1456273561.0,b863dc49,1.029
1456273561.0,ce73fb63,0.999
1456273561.0,2feae8bd,1.049
1456273561.0,4a4627da,0.979
1456273561.0,49fa8372,1.059
1456273561.0,2e24ce9f,1.029
1456273561.0,bdc0736f,1.159
1456273561.0,d49e5d4c,0.999
1456273561.0,2a7c4091,1.029
1456273561.0,928e1254,0.999
1456273801.0,1fcd9128,0.999
1456273801.0,be2d5691,0.999
1456273801.0,8b7a46ae,1.089
1456274041.0,047ea646,0.969
1456274041.0,28306088,0.969
1456274041.0,a4842df2,0.978
1456274041.0,077aee0e,1.099
1456274041.0,042a624d,1.089
1456274281.0,e9ddb2b9,1.099
1456274281.0,9cfce39c,0.989
1456274281.0,ddaccd3e,1.049
1456274281.0,32065a23,1.029
1456274281.0,dff7e38b,1.099
1456274281.0,8a72c03e,0.999
1456274281.0,bd3ee18d,1.099
1456274521.0,9a52a6cd,0.999
1456274521.0,2753be9b,1.079
1456274521.0,5ab36501,1.079
1456275001.0,2ce9c67c,0.928
1456275001.0,459e8360,0.989
1456275241.0,1248a8aa,1.009
1456275241.0,28ed1025,1.009
1456275241.0,139724a5,0.999
1456275241.0,0cd1139e,0.989
1456275241.0,dee2e5fc,0.999
1456275241.0,ecaab335,1.089
1456275481.0,e790ca88,1.079
1456275481.0,cf184a67,0.989
1456275481.0,9280f17b,0.999
1456275721.0,88a429db,1.009
1456275721.0,25e49541,0.964
1456275721.0,c2bef439,1.009
1456275721.0,02f94d04,0.999
1456275721.0,8591bcbf,1.049
1456275721.0,b30a9376,0.989
1456275961.0,cdf9674a,0.969
1456275961.0,665040cd,1.029
1456275961.0,720d6cbc,1.039
1456275961.0,1247b810,1.029
1456275961.0,be189140,0.989
1456275961.0,279cc342,1.029
1456275961.0,c17488ae,1.029
1456275961.0,5acde0f1,1.029
1456276201.0,a3827856,0.989
1456276201.0,d0145a6c,1.039
1456276201.0,0bf731c0,1.099
1456276201.0,6a9cf044,1.029
1456276441.0,ac1176c4,0.999
1456276681.0,60cf6168,1.089
1456276681.0,36ceb401,1.059
1456276681.0,6567da70,1.039
1456276681.0,99929b71,1.059
1456276681.0,ab583e1e,1.039
1456276681.0,0fa96932,0.969
1456276681.0,f04fe50a,1.039
1456276681.0,4d70ed85,1.059
1456276681.0,575ae8b7,1.089
1456276681.0,466dfd41,0.999
1456276681.0,d02509ed,1.039
1456276681.0,0dd8ba4c,1.099
1456276681.0,8a52d816,1.059
1456276681.0,036b80ad,0.969
1456276921.0,5175d50a,0.979
1456276921.0,06585eed,1.029
1456277161.0,d3f0653f,1.089
1456277401.0,c5151d58,0.999
1456277401.0,13683185,1.049
1456277641.0,bce6f239,0.959
1456277641.0,0bf731c0,1.009
1456277881.0,13bb32b4,0.989
1456278121.0,04e35776,1.079
1456278121.0,d6e3342a,1.029
1456278121.0,628e1099,1.029
1456278121.0,7ac12ae4,0.999
1456278121.0,c3905824,0.989
1456278841.0,d0145a6c,1.029
1456279081.0,1185b737,1.169
1456279081.0,3e71f6ea,0.989
1456279321.0,671d6e1d,0.989
1456279321.0,f5d1988d,1.199
1456279321.0,e03848c6,1.199
1456279321.0,786f2950,1.199
1456279321.0,d5a86b4b,1.199
1456279321.0,1bd217db,1.199
1456279321.0,dd62114c,1.019
1456279321.0,c3a864db,1.199
1456279321.0,e1d95425,1.199
1456279321.0,e44ceca1,1.199
1456279321.0,abea714d,1.199
1456279321.0,3285fd04,1.199
1456279321.0,2759b04f,1.199
1456279321.0,037efd2a,1.199
1456279321.0,06dc60dd,1.199
1456279321.0,9cc23390,1.199
1456279321.0,f4a6d9ed,1.199
1456279321.0,4907b9ed,1.199
1456279321.0,4c7d9195,1.199
1456279321.0,00de5a7b,1.199
1456279321.0,d0498c7a,0.989
1456279321.0,a950db45,1.199
1456279321.0,af7120b0,1.199
1456279321.0,2f808001,1.199
1456279321.0,cae62627,1.199
1456279321.0,bc45bc13,1.199
1456279321.0,0e9418e2,1.199
1456279321.0,f23e99d0,1.199
1456279321.0,c1fb8330,1.199
1456279321.0,059fe229,1.199
1456279321.0,52a523f4,1.199
1456279321.0,4bd7866e,1.199
1456279321.0,fc298e57,1.199
1456279321.0,2b87f664,1.199
1456279321.0,f268704b,1.199
1456279321.0,b8529633,0.979
1456279321.0,743ae788,1.199
1456279321.0,9c72ec3a,1.199
1456279321.0,abb38991,1.199
1456279321.0,affbe2d3,1.199
1456279321.0,c4d9fd71,1.199
1456279321.0,5c5e9ece,1.199
1456279321.0,4ab13155,1.199
1456279321.0,3ddefb60,1.199
1456279321.0,79bfc8e6,1.199
1456279321.0,69154954,1.199
1456279321.0,bc0ae2c6,1.199
1456279321.0,a807ecd5,1.199
1456279321.0,2dca7c1d,1.199
1456279321.0,99c5c095,1.199
1456279321.0,df7ac2b6,1.199
1456279321.0,f4e43bf3,1.199
1456279321.0,70f55e7f,1.199
1456279321.0,2ccc4437,1.199
1456279321.0,a8f6f809,1.199
1456279321.0,99d8c1e8,1.199
1456279321.0,4e45a2b8,1.199
1456279321.0,f4a20e89,1.199
1456279321.0,d4133fe8,1.199
1456279321.0,ca27eadd,1.199
1456279321.0,0a787e26,1.199
1456279321.0,d3722258,1.199
1456279321.0,abf09942,1.199
1456279321.0,ed90985b,1.199
1456279321.0,2ce60956,1.199
1456279321.0,755ca81c,1.199
1456279321.0,80f5f11b,1.199
1456279321.0,0ba3a7d1,1.199
1456279321.0,2510a802,1.199
1456279321.0,9c114417,1.199
1456279321.0,2583beeb,1.199
1456279321.0,79a38de4,1.199
1456279321.0,749d3c9d,1.199
1456279561.0,74d27484,1.009
1456279561.0,35822dd5,0.989
1456279561.0,ac3b0cb7,0.979
1456279561.0,e7295166,0.979
1456279561.0,4f44e38b,0.989
1456279561.0,858fd8de,0.999
1456279561.0,bb4e75d9,0.969
1456279561.0,061f678d,0.979
1456279561.0,26056533,1.039
1456279561.0,96ae55d2,0.979
1456279561.0,7c912d45,0.989
1456279561.0,0eec9a7b,0.989
1456279801.0,0ecd3674,1.039
1456279801.0,784d4e2a,0.989
1456279801.0,2cb63a21,0.989
1456279801.0,b4094a10,0.989
1456279801.0,f7e2f65d,1.019
1456279801.0,faa72267,1.009
1456279801.0,8c087722,0.989
1456279801.0,ca9bd89a,0.999
1456279801.0,aa4b4ae6,1.029
1456279801.0,b44f61b0,0.989
1456279801.0,4c05520d,0.989
1456279801.0,1bb94f90,0.989
1456279801.0,c793eda5,0.994
1456279801.0,0880a239,0.989
1456279801.0,d77409e0,0.999
1456279801.0,ebe29594,0.989
1456279801.0,85dcde4e,0.979
1456280041.0,995e56cb,1.039
1456280041.0,,0.989
1456280521.0,45a492f6,0.969
1456280521.0,a7e5b405,0.999
1456280521.0,5f881538,0.979
1456280521.0,a30a80ce,0.969
1456280521.0,9d9e60c3,0.967
1456280521.0,9852ddd5,1.059
1456280521.0,d16d0a6e,1.009
1456280521.0,0d8ee6ff,0.969
1456280521.0,443ae02b,0.959
1456280521.0,f0ec9164,1.059
1456280521.0,d404277d,1.029
1456280521.0,06585eed,1.009
1456280521.0,e40925fd,0.959
1456280521.0,4ca2fd5f,0.939
1456280521.0,4c74fdcc,0.949
1456280521.0,e64fba92,0.989
1456280521.0,b136a71d,0.979
1456280761.0,1ddbee38,0.989
1456280761.0,0593bd1c,0.969
1456280761.0,a7a5f25b,0.969
1456280761.0,948a8512,0.969
1456280761.0,6ebcf0bd,0.989
1456280761.0,c8bea281,0.959
1456280761.0,ba33f726,0.989
1456280761.0,ace72885,0.969
1456280761.0,4f43fd77,0.969
1456280761.0,aeba37f9,0.989
1456280761.0,e4c59692,0.979
1456280761.0,69e0d4ed,0.949
1456280761.0,61e52b01,0.949
1456280761.0,5aa87776,1.039
1456280761.0,e9b61dbc,0.989
1456280761.0,98b24e11,0.969
1456280761.0,f7a225a7,0.979
1456281001.0,ceefde2a,0.969
1456281001.0,9a099132,1.169
1456281001.0,2a7b6c27,0.984
1456281001.0,9a249d55,0.889
1456281001.0,ac1176c4,0.939
1456281001.0,811b6a32,0.969
1456281001.0,ab4700c2,0.969
1456281001.0,00a2a041,0.949
1456281001.0,ce942bef,0.959
1456281001.0,1ad30a9a,0.969
1456281001.0,34b00dee,0.949
1456281001.0,f8ed5739,0.999
1456281001.0,2092821a,0.969
1456281001.0,9ea3d2b6,1.039
1456281001.0,2c2152b5,0.979
1456281001.0,aad3e88a,0.989
1456281001.0,25365ee8,0.969
1456281001.0,6465956f,0.949
1456281001.0,668a9de0,1.039
1456281001.0,ae7c12ce,0.984
1456281001.0,5f695bd8,0.979
1456281001.0,11b72709,0.969
1456281001.0,be63db8b,0.989
1456281001.0,3e71f6ea,0.989
1456281001.0,cef089b3,1.039
1456281001.0,3e1191fb,0.979
1456281241.0,b4032e28,0.979
1456281241.0,9a598c61,1.009
1456281241.0,5e0befb2,1.029
1456281481.0,6a471cde,0.969
1456281481.0,d0af3229,1.039
1456281481.0,386d835f,1.029
1456281481.0,5e6b1f04,0.959
1456281481.0,1744da60,0.989
1456281721.0,1b56abb5,0.929
1456281721.0,d6e3342a,1.009
1456281721.0,e7295166,0.969
1456281961.0,a7a5f25b,0.979
1456281961.0,bb738427,0.979
1456281961.0,628e1099,0.979
1456281961.0,acd58708,0.934
1456281961.0,f0ec9164,1.099
1456281961.0,5c566b33,0.979
1456281961.0,e431e0c7,0.989
1456281961.0,4c74fdcc,0.949
1456281961.0,1929517b,0.989
1456281961.0,44aa767f,0.979
1456281961.0,ba9fb6db,1.039
1456281961.0,98b24e11,1.049
1456282201.0,45a492f6,0.979
1456282201.0,9a249d55,1.049
1456282201.0,5f881538,0.989
1456282201.0,ac1176c4,0.999
1456282201.0,811b6a32,1.029
1456282201.0,a30a80ce,0.969
1456282201.0,ab4700c2,1.049
1456282201.0,9d9e60c3,1.027
1456282201.0,948a8512,1.019
1456282201.0,ce942bef,0.999
1456282201.0,ca6cf07d,0.989
1456282201.0,1ad30a9a,1.039
1456282201.0,6ebcf0bd,1.019
1456282201.0,d0145a6c,1.009
1456282201.0,d16d0a6e,1.029
1456282201.0,c8bea281,0.999
1456282201.0,0d8ee6ff,0.999
1456282201.0,443ae02b,1.079
1456282201.0,f8ed5739,1.049
1456282201.0,d404277d,1.049
1456282201.0,2092821a,1.039
1456282201.0,06585eed,1.029
1456282201.0,e40925fd,1.049
1456282201.0,2c2152b5,0.999
1456282201.0,aad3e88a,1.029
1456282201.0,4f43fd77,1.029
1456282201.0,25365ee8,0.989
1456282201.0,4ca2fd5f,1.079
1456282201.0,6465956f,1.039
1456282201.0,e4c59692,1.029
1456282201.0,e871117c,1.029
1456282201.0,a952ede9,0.989
1456282201.0,69e0d4ed,0.989
1456282201.0,61e52b01,1.029
1456282201.0,5aa87776,1.099
1456282201.0,be63db8b,1.029
1456282201.0,47a742a7,0.989
1456282201.0,e64fba92,1.079
1456282201.0,b136a71d,0.979
1456282201.0,a40495d3,0.969
1456282201.0,f7a225a7,1.029
1456282441.0,35fcaeca,1.034
1456282441.0,ceefde2a,1.039
1456282441.0,9a099132,1.169
1456282441.0,2a7b6c27,1.034
1456282441.0,9971cecf,0.989
1456282441.0,00a2a041,0.949
1456282441.0,6df00f1d,1.049
1456282441.0,78e80807,1.059
1456282441.0,4c74fdcc,0.989
1456282441.0,1929517b,0.989
1456282441.0,ae7c12ce,1.034
1456282441.0,5f695bd8,1.029
1456282441.0,a291fa50,1.009
1456282441.0,2b04db76,1.059
1456282441.0,11b72709,0.999
1456282441.0,a02da48f,0.989
1456282441.0,029c6a16,0.949
1456282441.0,019e00fb,0.989
1456282441.0,ad6a99ce,0.979
1456282441.0,8ff83879,0.979
1456282441.0,3e1191fb,0.989
1456282681.0,461c1a45,1.049
1456282681.0,9971cecf,0.989
1456282681.0,ef847136,1.039
1456282681.0,630198f5,1.139
1456282681.0,2c2152b5,0.989
1456282681.0,779f3780,0.969
1456282921.0,8f1b293d,1.004
1456282921.0,911d9371,1.169
1456282921.0,0feab2d6,1.129
1456282921.0,6a9a24d9,1.159
1456282921.0,3b5be616,1.179
1456282921.0,11b5806d,1.179
1456282921.0,317db5c8,1.159
1456282921.0,8b3f44b0,1.169
1456282921.0,a73bef5e,1.169
1456282921.0,4b7e86ba,1.169
1456282921.0,558fc57e,1.169
1456282921.0,ff922650,1.139
1456282921.0,fa99c07b,1.109
1456282921.0,5ed7343e,1.179
1456282921.0,cf4fcc7d,1.179
1456282921.0,423f33ac,1.169
1456282921.0,543855ac,1.169
1456282921.0,e2a68953,1.079
1456282921.0,06585eed,1.009
1456282921.0,0fe8b05e,0.999
1456282921.0,9da3a4c0,1.119
1456282921.0,8087a244,1.179
1456282921.0,,1.149
1456282921.0,33f25c75,1.169
1456282921.0,c776555a,1.049
1456282921.0,34b739ce,1.159
1456282921.0,e56bfa23,1.179
1456282921.0,e4e43cad,1.169
1456283161.0,dc82bdd6,1.039
1456283161.0,a6e2e315,0.989
1456283161.0,8fc85062,1.149
1456283161.0,e63a5c48,1.019
1456283161.0,6a471cde,0.969
1456283161.0,87532816,1.104
1456283161.0,0ff209cc,1.129
1456283161.0,2b390ecb,0.989
1456283161.0,b9930116,1.009
1456283161.0,6b162563,1.149
1456283161.0,f0d6aa58,1.009
1456283161.0,63b1377c,1.139
1456283161.0,67642b0d,0.999
1456283161.0,d6e3342a,1.029
1456283161.0,9a4d188a,1.149
1456283161.0,d15de565,1.019
1456283161.0,1223090e,0.989
1456283161.0,da6cfb62,1.149
1456283161.0,c862713a,1.039
1456283161.0,9bc2e863,0.994
1456283161.0,8e390e63,0.989
1456283161.0,b1b62cb5,1.099
1456283161.0,631aa32c,1.139
1456283161.0,,1.009
1456283161.0,3d9b4dc8,1.004
1456283161.0,ebde5c50,1.179
1456283161.0,acca0be9,1.059
1456283161.0,9bcd0dae,0.949
1456283161.0,d19b61da,1.119
1456283161.0,4d4039fd,0.999
1456283161.0,4de24a20,1.009
1456283161.0,a57d0d0e,1.029
1456283161.0,6ab5f130,1.104
1456283161.0,7eb1f44d,1.039
1456283161.0,dcab2d5d,1.139
1456283161.0,1422263b,1.029
1456283161.0,eac2af55,1.099
1456283161.0,f6c091f9,1.149
1456283161.0,2ab14021,1.099
1456283161.0,98c5755b,1.149
1456283161.0,ddb691b0,0.999
1456283161.0,91b891b8,1.179
1456283161.0,9bccabe6,1.119
1456283161.0,9e47d969,1.139
1456283161.0,bd2f0f1c,1.079
1456283161.0,212fd8e9,1.149
1456283161.0,ea01675f,1.139
1456283161.0,48a1c30a,1.009
1456283161.0,d3063bdf,0.999
1456283161.0,54b31cf8,1.009
1456283161.0,6f825f6f,1.019
1456283161.0,793d12bc,1.124
1456283161.0,7d76b1c0,1.149
1456283161.0,d98fe3f5,0.994
1456283161.0,8e7b7790,1.099
1456283161.0,1ef95412,1.149
1456283161.0,90cec242,1.009
1456283161.0,d5c5e431,1.149
1456283161.0,aef0d8b9,1.149
1456283161.0,4b5de4ac,0.999
1456283161.0,e3fcda3f,1.179
1456283161.0,e2fdcbf3,1.009
1456283161.0,7d9700c4,1.009
1456283161.0,b6458958,1.029
1456283161.0,0bcef4ad,1.139
1456283161.0,fdd8eb18,0.999
1456283161.0,42b80e51,1.119
1456283161.0,1f9d1ea6,0.999
1456283161.0,726bbc28,0.979
1456283161.0,364488f7,0.989
1456283161.0,dbacecfb,0.989
1456283161.0,1d2f1425,0.979
1456283161.0,60983be1,0.989
1456283161.0,36ed9058,0.959
1456283161.0,f6798657,0.989
1456283161.0,e526650e,0.989
1456283161.0,6a27f09d,0.979
1456283161.0,bccaf145,0.979
1456283161.0,c96f410f,0.989
1456283161.0,c9e84600,0.969
1456283161.0,e0e02d9a,0.989
1456283161.0,c2caedd9,0.989
1456283161.0,2f54d4c9,0.989
1456283161.0,5132fe1c,0.989
1456283161.0,2b987960,0.989
1456283161.0,dc944647,0.989
1456283161.0,961fadac,0.989
1456283161.0,27ed450f,0.999
1456283161.0,74776924,0.999
1456283161.0,ae30d7e3,0.989
1456283161.0,1c504132,0.989
1456283161.0,6d6a4209,0.989
1456283161.0,915f4559,0.979
1456283161.0,56ea4a71,0.989
1456283161.0,66f21e35,0.999
1456283161.0,b53fa888,0.989
1456283161.0,d1bc0e20,0.979
1456283161.0,552e6bdb,0.989
1456283161.0,107d750c,0.979
1456283161.0,981008e5,0.989
1456283161.0,e1936457,0.989
1456283161.0,f29f6270,0.989
1456283161.0,3b68a541,0.979
1456283161.0,d96c180b,0.989
1456283161.0,35c85b81,0.989
1456283161.0,193d5fa7,0.989
1456283161.0,d0c595a5,0.959
1456283161.0,ee74bc99,0.989
1456283161.0,f1f57418,0.989
1456283161.0,6b62f260,1.009
1456283161.0,c59b6311,0.989
1456283161.0,c01aa13a,1.009
1456283161.0,2a684001,0.969
1456283161.0,109f53f9,0.989
1456283161.0,d9bc9762,0.989
1456283161.0,8c7525a6,0.999
1456283161.0,66a925d6,0.989
1456283161.0,f720cc81,0.989
1456283161.0,12d8c014,0.989
1456283161.0,73787573,0.989
1456283161.0,939b3a38,0.989
1456283161.0,13f4ef46,0.989
1456283161.0,c53c6b6d,1.019
1456283161.0,e567333d,0.979
1456283161.0,042407e0,0.989
1456283161.0,a57ba9f4,1.009
1456283161.0,8d30c99a,0.999
1456283161.0,26664969,1.009
1456283161.0,abe52a6d,0.989
1456283161.0,b3d69d8e,0.989
1456283161.0,ebca1266,0.999
1456283161.0,b4666217,0.989
1456283161.0,de162c11,0.979
1456283161.0,810fc069,0.979
1456283161.0,d07d6e2f,0.999
1456283161.0,9f4967c5,0.979
1456283161.0,4f91a79a,0.989
1456283161.0,bcfc04fa,0.989
1456283161.0,3c76ded2,0.999
1456283161.0,9f42fd97,1.009
1456283161.0,0a0b5f30,0.999
1456283161.0,89f88deb,1.009
1456283161.0,21b1fd87,0.989
1456283161.0,a8aaf34c,0.969
1456283161.0,5bf5fced,0.989
1456283161.0,3ea2f9db,0.989
1456283161.0,2fd29268,0.989
1456283161.0,9aab0c6c,0.989
1456283161.0,90bcaabc,0.989
1456283161.0,ce8b60a3,0.989
1456283161.0,2df557df,0.999
1456283161.0,0123e797,0.989
1456283161.0,9e4730c6,0.999
1456283161.0,ef7135fb,1.009
1456283161.0,67ceb000,1.009
1456283161.0,baba3913,1.009
1456283161.0,957e19a6,0.989
1456283161.0,548901d6,1.009
1456283161.0,7d8f6829,1.009
1456283161.0,b72ae868,1.019
1456283161.0,73e22345,0.979
1456283161.0,3f433cee,0.999
1456283161.0,d224352c,0.989
1456283161.0,27824fdf,0.979
1456283161.0,5cb13083,0.989
1456283161.0,471d5cec,0.989
1456283161.0,fa7a7823,0.989
1456283161.0,075d1e16,0.999
1456283161.0,094fab78,0.999
1456283161.0,1bce0e67,0.979
1456283161.0,a67c83ad,0.989
1456283161.0,69a09fed,0.989
1456283161.0,2c111d16,0.989
1456283161.0,ff41b63f,0.979
1456283161.0,128ef159,0.989
1456283161.0,89d25593,0.979
1456283161.0,6ee20bbd,0.979
1456283161.0,5daabe07,0.989
1456283161.0,0d5cb1e5,0.989
1456283161.0,dc4c222b,0.989
1456283161.0,bc4de9b2,0.989
1456283161.0,3fa722ab,0.969
1456283161.0,c984e1be,0.989
1456283161.0,46ad9f53,0.989
1456283161.0,7144f556,0.989
1456283161.0,8c7add3d,0.989
1456283161.0,2dfe8082,0.979
1456283161.0,332ba2e4,0.989
1456283161.0,7ba64cab,0.989
1456283161.0,14d17f9a,0.989
1456283161.0,66af339e,0.989
1456283161.0,0f122625,0.989
1456283161.0,fc486af7,0.989
1456283161.0,c08ff843,0.979
1456283161.0,d2e84b49,0.989
1456283161.0,c12acf8f,0.989
1456283161.0,f867d11b,0.989
1456283161.0,74adc87d,1.149
1456283161.0,76ab87bf,0.989
1456283161.0,dcfb9c34,0.999
1456283161.0,873835b6,0.999
1456283161.0,69055d76,0.989
1456283161.0,7af18d81,0.989
1456283161.0,9f9d06bd,1.144
1456283401.0,75e4d61f,1.059
1456283401.0,c6317552,1.149
1456283401.0,9b71f290,0.999
1456283401.0,bdc3a9dd,0.999
1456283401.0,2ec1652c,1.039
1456283401.0,7001785d,1.149
1456283401.0,8c1c23fb,0.999
1456283401.0,dd78438d,1.149
1456283401.0,926a9855,1.049
1456283401.0,1cc41339,0.969
1456283401.0,7bfdb8c2,1.009
1456283401.0,aad3e88a,0.989
1456283401.0,662ae541,1.149
1456283401.0,ab49a3d7,1.139
1456283401.0,d6831509,1.149
1456283401.0,1cdb45b5,0.999
1456283401.0,c0210272,1.009
1456283401.0,b2b29318,1.159
1456283401.0,5543a9fd,1.054
1456283401.0,be63db8b,0.989
1456283401.0,838f2221,1.029
1456283401.0,d307494f,1.079
1456283401.0,a774140b,1.139
1456283641.0,2fbb9c5a,0.969
1456283641.0,0aeed7ce,0.969
1456283641.0,2ddaec8d,1.129
1456283641.0,de505192,0.999
1456283641.0,4b926ccb,0.989
1456283641.0,2b57a135,0.999
1456283641.0,e186001f,1.129
1456283641.0,86cda778,0.989
1456283641.0,69e0d4ed,0.949
1456283641.0,3cb9cc00,0.979
1456283641.0,71e79520,0.989
1456283881.0,e157590a,0.959
1456283881.0,f324dab6,1.009
1456283881.0,ebcd22e7,0.999
1456283881.0,595a2321,0.999
1456283881.0,7efc6d8f,1.019
1456283881.0,0998aab1,1.009
1456283881.0,beb106ec,1.039
1456283881.0,2ffbebf3,0.989
1456283881.0,9d205788,0.999
1456283881.0,4c76dbcf,1.079
1456283881.0,33e1917c,0.999
1456283881.0,3b988b25,0.989
1456283881.0,d887646b,0.999
1456283881.0,35b3e2a2,0.999
1456283881.0,9f33f062,0.999
1456283881.0,42c3f67b,1.179
1456283881.0,0bd89a27,1.079
1456283881.0,c8dd66ee,0.989
1456283881.0,6313d441,1.009
1456283881.0,c9a50b4f,0.989
1456283881.0,ccc808c9,1.009
1456283881.0,ca089b70,1.019
1456283881.0,ad4337a9,0.999
1456283881.0,2337f9ca,1.009
1456283881.0,4e30bdf2,0.999
1456283881.0,076cbc57,0.999
1456283881.0,b43aab28,1.059
1456283881.0,783f4b92,1.029
1456283881.0,51cb8b8e,1.019
1456283881.0,bdf0a3dc,1.019
1456283881.0,a630f96a,1.079
1456283881.0,4bbcb4db,1.009
1456283881.0,c90ddd1c,1.059
1456283881.0,e657e4ae,1.039
1456283881.0,85a8d903,0.989
1456283881.0,8dc0342e,1.139
1456283881.0,04b38cb5,1.139
1456283881.0,08e59639,0.989
1456283881.0,173bf0b5,0.999
1456283881.0,d37974e1,1.009
1456283881.0,9cc2158c,1.039
1456283881.0,3e71f6ea,0.989
1456283881.0,5c7976a7,1.029
1456283881.0,cb7e73c0,1.059
1456284121.0,90201097,1.009
1456284121.0,de505192,0.989
1456284121.0,ad7fb7be,1.009
1456284121.0,d6e3342a,1.009
1456284121.0,ec3d4f7a,1.029
1456284121.0,15a5d68a,1.039
1456284121.0,07991b53,1.019
1456284121.0,e466a86a,1.059
1456284121.0,19a4a1d9,0.989
1456284121.0,783b97cc,1.069
1456284121.0,bb8d0742,0.999
1456284121.0,3851f5d5,0.979
1456284361.0,61638e00,1.029
1456284361.0,31105aa7,1.009
1456284361.0,2f89ceb2,0.989
1456284361.0,64e138c3,0.989
1456284361.0,34adc4e3,1.009
1456284361.0,c637f136,1.029
1456284361.0,f9b9ebef,1.099
1456284361.0,0bec4dba,0.939
1456284361.0,aabec53c,1.009
1456284361.0,d2cb3217,0.979
1456284361.0,6da1952d,0.989
1456284361.0,efb9b2b5,0.989
1456284361.0,364488f7,0.989
1456284361.0,c6f69752,0.989
1456284361.0,a07f50c4,0.999
1456284361.0,6d6a4209,0.979
1456284361.0,efdbec8f,0.979
1456284361.0,b7496873,0.979
1456284361.0,552e6bdb,0.979
1456284361.0,f29f6270,0.979
1456284361.0,c53c6b6d,1.009
1456284361.0,58452604,1.019
1456284361.0,c674dd96,0.989
1456284361.0,b9d3793b,0.979
1456284361.0,a3f3755e,0.979
1456284361.0,006407b4,0.989
1456284361.0,4e6d2a07,1.009
1456284361.0,b559c5aa,0.959
1456284361.0,e5cba29c,0.989
1456284361.0,b07873c7,0.979
1456284601.0,81eb1428,0.979
1456284601.0,a979524c,0.979
1456284601.0,4f6de997,1.029
1456284601.0,6ef6d6cb,0.989
1456284601.0,f9b9ebef,1.089
1456284601.0,0bec4dba,0.939
1456284601.0,12dc6fb6,1.029
1456284601.0,4cc0a19b,0.959
1456284601.0,4d5ab1e1,0.959
1456284601.0,d2ed6b82,1.029
1456284841.0,5da50d00,1.059
1456284841.0,4e905761,1.009
1456284841.0,57813c32,0.989
1456284841.0,9bf65a40,1.159
1456284841.0,2b181265,1.009
1456284841.0,148a7a27,1.179
1456284841.0,5bb4e610,1.149
1456284841.0,ef9fe1fc,1.059
1456284841.0,fae436b2,1.059
1456284841.0,bb7a74ed,1.009
1456284841.0,0e025df7,1.179
1456284841.0,cf40d91b,1.009
1456284841.0,1829c766,1.009
1456284841.0,b6abc69b,1.039
1456284841.0,55993013,1.029
1456284841.0,dcb4f731,1.009
1456284841.0,bff84a14,1.159
1456284841.0,33554d6c,1.159
1456284841.0,29291727,1.079
1456284841.0,68be5dbf,1.029
1456284841.0,d97b6339,0.999
1456284841.0,373fd05a,1.079
1456284841.0,7e3542f5,1.159
1456284841.0,475377c3,0.989
1456284841.0,2864a863,0.999
1456284841.0,d2e86e86,1.019
1456284841.0,49d8f4c8,1.159
1456284841.0,d3b5995d,0.999
1456284841.0,2843ab89,1.079
1456284841.0,4fea3631,1.159
1456284841.0,568af640,1.019
1456284841.0,7300bd43,1.019
1456284841.0,27d7ba56,1.079
1456284841.0,7fc9d4ff,1.009
1456284841.0,fb6a534f,0.999
1456284841.0,4100c9dd,1.059
1456284841.0,997de382,1.059
1456284841.0,195401ef,1.159
1456284841.0,ea1b9e67,1.009
1456284841.0,ce0bd00f,1.049
1456284841.0,7c4a4d03,1.179
1456284841.0,5083e533,0.999
1456284841.0,63a8e437,0.959
1456284841.0,a83f530e,1.009
1456284841.0,536d9ac3,1.159
1456284841.0,5ec4b70c,1.159
1456284841.0,36f30de6,0.999
1456284841.0,969b9276,0.999
1456284841.0,0afde6c7,0.999
1456284841.0,7a4d72a4,1.179
1456284841.0,26bf1a80,1.179
1456284841.0,3a0cbd9d,1.179
1456284841.0,59c1c98e,1.159
1456284841.0,b893996a,1.059
1456284841.0,069afd75,0.999
1456284841.0,54c764d3,1.029
1456284841.0,864a3cb2,0.989
1456284841.0,9ebd92af,1.009
1456284841.0,9220c62a,1.009
1456284841.0,4c67dc1a,1.059
1456284841.0,6e731ae8,1.059
1456284841.0,aea3825a,1.009
1456284841.0,5f1e3ccf,0.999
1456284841.0,7cf2b30a,1.039
1456284841.0,7867dbe8,1.179
1456285081.0,b65176ae,0.989
1456285081.0,f324dab6,0.989
1456285081.0,f0cb2dbb,0.979
1456285081.0,65cb0157,0.999
1456285081.0,16b53bbf,1.059
1456285081.0,ce2f1007,1.059
1456285081.0,ffde8249,0.999
1456285081.0,3d6465d9,1.039
1456285081.0,5b7092cb,1.009
1456285081.0,459eef9d,0.999
1456285081.0,a5513d36,1.009
1456285081.0,8f3896e1,1.009
1456285081.0,d02c5bf4,0.989
1456285081.0,0d8a8599,0.989
1456285081.0,b95b2152,0.999
1456285081.0,3c26fe7c,1.039
1456285081.0,703cb794,0.999
1456285081.0,6e05b79b,0.999
1456285081.0,ffb2584e,0.999
1456285081.0,1f57f9be,1.029
1456285081.0,44166963,1.009
1456285081.0,c7b29cc5,1.009
1456285081.0,ab583e1e,1.009
1456285081.0,7fd3e47e,1.009
1456285081.0,1e7c15e2,0.999
1456285081.0,8fe50322,1.059
1456285081.0,5951b044,1.009
1456285081.0,15b8b7e7,1.019
1456285081.0,0852c1a9,1.009
1456285081.0,a4ab46ee,0.999
1456285081.0,0900dfb0,1.009
1456285081.0,94d55606,1.049
1456285081.0,a0bca24c,0.989
1456285081.0,9beb1b98,0.989
1456285081.0,9c308e5f,0.999
1456285081.0,619e3c7f,0.999
1456285081.0,020dac80,1.029
1456285081.0,d620afe2,1.059
1456285081.0,346a1694,1.019
1456285081.0,b2a8b4b9,0.999
1456285081.0,72ee9f2a,1.009
1456285081.0,f333e2b9,0.989
1456285081.0,bd4bb0e4,1.039
1456285081.0,6770a660,1.009
1456285081.0,26906f78,1.019
1456285081.0,65bf913d,1.009
1456285081.0,800691b2,0.999
1456285081.0,1d65a34f,0.999
1456285081.0,b2dce7a0,1.009
1456285081.0,c8cff199,0.999
1456285081.0,03633a4d,0.999
1456285081.0,94b48398,1.019
1456285081.0,d1afa721,1.019
1456285081.0,1700f01a,0.979
1456285081.0,9022b426,0.999
1456285081.0,8d7a014c,1.029
1456285081.0,4d4ddfe6,1.009
1456285081.0,6222a80d,1.009
1456285081.0,85db4cd5,1.029
1456285081.0,32ecd8d4,1.009
1456285321.0,c40488f6,1.003
1456285321.0,9d6f620d,0.989
1456285321.0,bbe6dd3b,0.999
1456285321.0,,1.049
1456285321.0,dac2d51e,1.009
1456285321.0,d96a698b,0.999
1456285321.0,25600fab,1.029
1456285321.0,63f5a00a,1.009
1456285321.0,ae30d7e3,0.979
1456285321.0,d2e84b49,0.979
1456285561.0,1ddbee38,1.029
1456285561.0,0593bd1c,0.999
1456285561.0,a5164b6a,1.049
1456285561.0,dcbfbcf3,0.979
1456285561.0,0bec4dba,0.939
1456285561.0,926a9855,0.989
1456285561.0,023c4d8c,1.079
1456285561.0,e3556254,0.989
1456285561.0,c7804480,1.159
1456285561.0,e4b0bd20,0.994
1456285561.0,93a21747,0.999
1456285801.0,d54b3228,0.989
1456285801.0,4ad5a969,1.029
1456285801.0,eb058e2c,0.989
1456285801.0,6ba3ce7e,0.999
1456285801.0,,1.059
1456285801.0,3a244657,0.999
1456285801.0,0c091e76,0.999
1456285801.0,d4857812,1.009
1456285801.0,4204f478,0.979
1456285801.0,4ccb2bae,1.089
1456285801.0,dda7560a,1.039
1456285801.0,e1f35c29,0.999
1456285801.0,41182762,0.999
1456285801.0,628e1099,1.029
1456285801.0,24e3af46,0.999
1456285801.0,18b20a61,1.039
1456285801.0,6ebcf0bd,0.999
1456285801.0,a24c7289,0.999
1456285801.0,2d149d2f,0.989
1456285801.0,360ecf54,0.989
1456285801.0,0bec4dba,0.939
1456285801.0,6ab09d29,0.965
1456285801.0,3981324c,0.969
1456285801.0,5c093e22,0.999
1456285801.0,662b7063,0.999
1456285801.0,f96059fa,1.149
1456285801.0,b2baa0fb,0.999
1456285801.0,fcbae89e,1.009
1456285801.0,07d1cb29,1.029
1456285801.0,aa882ae6,0.999
1456285801.0,313314f6,0.999
1456285801.0,6e65545d,1.034
1456285801.0,93e659ad,0.999
1456285801.0,bf861b98,1.019
1456285801.0,c2123d31,0.989
1456285801.0,d5022b7f,1.049
1456285801.0,beaae59a,1.019
1456285801.0,5103112e,1.039
1456285801.0,6097ffe8,1.089
1456285801.0,a0fab520,1.049
1456285801.0,03ed2a59,0.999
1456285801.0,c404557e,1.039
1456285801.0,7c0f98f5,0.989
1456285801.0,577368de,1.039
1456285801.0,a94a336f,0.999
1456285801.0,e0973b4a,1.009
1456285801.0,2787cfe0,0.959
1456286041.0,a8e7b6ec,0.989
1456286041.0,b6867cd0,0.989
1456286041.0,9fa10842,0.989
1456286041.0,3a3a0afe,0.989
1456286041.0,0accabdc,0.989
1456286041.0,f2303a07,0.989
1456286041.0,fd135624,0.989
1456286041.0,b58271d1,0.939
1456286041.0,adc04be9,0.989
1456286041.0,91d2ac21,0.994
1456286041.0,93e7b34a,1.029
1456286041.0,191737f5,1.029
1456286041.0,283d3a46,0.989
1456286041.0,980707a9,0.999
1456286041.0,31063bb4,1.049
1456286041.0,7e16c19d,1.159
1456286041.0,77793a3e,0.989
1456286041.0,2660a5d2,0.999
1456286041.0,760168a7,0.999
1456286041.0,03ed2a59,0.999
1456286041.0,3fa49d91,1.039
1456286041.0,b41d8903,0.989
1456286041.0,1d2f1425,0.979
1456286041.0,0a0b5f30,0.989
1456286041.0,2c831a38,0.999
1456286041.0,cac011c0,0.969
1456286041.0,a96e4603,0.989
1456286281.0,e07c0604,0.989
1456286281.0,d256c19e,0.989
1456286281.0,f31ed257,0.989
1456286281.0,c476cc49,0.989
1456286281.0,2c9a6a74,0.989
1456286281.0,4e7b5ef6,0.989
1456286281.0,b8dfe46d,0.979
1456286281.0,48ee050c,1.009
1456286281.0,8d4cbfeb,1.019
1456286281.0,8804fa13,1.019
1456286281.0,62e58d1d,0.989
1456286281.0,3d6465d9,1.029
1456286281.0,07d22eab,1.004
1456286281.0,cc1a0922,1.009
1456286281.0,c184854c,1.019
1456286281.0,36ceb401,1.019
1456286281.0,61f59311,0.999
1456286281.0,8c5d615e,1.019
1456286281.0,99929b71,1.019
1456286281.0,f4507e0e,0.989
1456286281.0,b563f7fe,0.999
1456286281.0,1629d59f,0.999
1456286281.0,3a7d2c69,1.039
1456286281.0,34664756,1.009
1456286281.0,c7e28f54,1.049
1456286281.0,e71144f3,0.979
1456286281.0,7141f533,1.009
1456286281.0,2042ed0f,0.989
1456286281.0,74004306,0.999
1456286281.0,12389609,0.999
1456286281.0,b471c98a,1.039
1456286281.0,342d1420,1.009
1456286281.0,925e5435,1.009
1456286281.0,966a40ae,1.009
1456286281.0,c9974d8f,1.019
1456286281.0,66c0ab43,0.999
1456286281.0,d20a9f5b,0.989
1456286281.0,7653cc6a,0.999
1456286281.0,f7e752c7,0.999
1456286281.0,f47e8638,0.999
1456286281.0,30c4e2b1,1.009
1456286281.0,5de75327,0.979
1456286281.0,035ff990,0.999
1456286281.0,160addff,0.999
1456286281.0,75167b82,0.999
1456286281.0,0cca58b4,1.019
1456286281.0,834e2670,1.049
1456286281.0,8a52d816,1.019
1456286281.0,8b89b2b8,1.029
1456286281.0,c042fdd9,1.009
1456286281.0,8b5466e6,0.999
1456286281.0,8a3f89ed,1.069
1456286521.0,7459a6fe,0.999
1456286521.0,21b793b4,0.989
1456286521.0,b064c9f5,1.139
1456286521.0,d6f30aff,1.159
1456286521.0,1aa24614,1.059
1456286521.0,c5b39c57,1.059
1456286521.0,b48db3d0,1.159
1456286521.0,77dec945,1.059
1456286521.0,190a2749,1.079
1456286521.0,4b229f4e,1.159
1456286521.0,61f78d05,1.129
1456286521.0,963a5d2e,1.159
1456286521.0,e790ca88,0.969
1456286521.0,e1307a34,1.169
1456286521.0,8b02d213,1.069
1456286521.0,02f5834c,1.059
1456286521.0,bb79fa75,1.149
1456286521.0,b21e0b80,1.159
1456286521.0,55a8333b,1.059
1456286521.0,2680f30f,1.059
1456286521.0,aaf0a483,1.059
1456286521.0,c349e5a2,1.149
1456286521.0,971ff457,1.059
1456286521.0,5a8fcce2,1.039
1456286521.0,17ac33f0,0.989
1456286521.0,9bde8003,1.159
1456286521.0,862dbd5b,1.059
1456286521.0,930fbc1c,1.179
1456286521.0,88759e4a,0.999
1456286521.0,9d9e60c3,0.997
1456286521.0,1ef6f99b,1.169
1456286521.0,993479c7,1.059
1456286521.0,189a4381,1.149
1456286521.0,a07f741f,1.059
1456286521.0,2890d1fb,1.059
1456286521.0,08f6024d,1.179
1456286521.0,0b46b912,1.159
1456286521.0,15e431dd,1.159
1456286521.0,5ca2e06e,1.139
1456286521.0,3a349054,1.129
1456286521.0,3b59a143,1.199
1456286521.0,3ff39a76,1.149
1456286521.0,410d90fe,1.169
1456286521.0,2976f46b,1.149
1456286521.0,4ac089ef,1.139
1456286521.0,5f092464,1.069
1456286521.0,993df4e5,1.179
1456286521.0,,0.989
1456286521.0,096706c3,1.149
1456286521.0,bb24af7d,1.139
1456286521.0,afba3b1b,1.149
1456286521.0,f723b50e,1.059
1456286521.0,8aa565b4,0.989
1456286521.0,a484c61a,1.059
1456286521.0,6f5bf91f,1.049
1456286521.0,bb23fbe2,1.179
1456286521.0,9a4aa177,1.149
1456286521.0,49ac9777,1.019
1456286521.0,9ce4798d,1.179
1456286521.0,60a05f95,1.059
1456286521.0,42fc2804,1.179
1456286521.0,a6b2a7c9,1.159
1456286521.0,0b708f81,1.059
1456286521.0,6a276ef2,1.139
1456286521.0,8bad9db5,1.169
1456286521.0,861a2709,1.059
1456286521.0,ba6f9de2,1.059
1456286521.0,cd5c4fc2,1.079
1456286521.0,4263f1be,1.059
1456286521.0,890c4fe1,1.059
1456286521.0,291c62c4,1.059
1456286521.0,3c00613f,1.179
1456286521.0,a6ffe7e6,1.139
1456286521.0,d63e056b,1.139
1456286521.0,f0ec9164,0.919
1456286521.0,9cd02b8c,0.999
1456286521.0,df6b217b,1.139
1456286521.0,179380b8,1.109
1456286521.0,13cd1498,1.139
1456286521.0,6f7da555,1.159
1456286521.0,6e1fafd5,1.159
1456286521.0,e57be742,1.139
1456286521.0,4d15a2cc,0.989
1456286521.0,7858e931,1.149
1456286521.0,b63aab01,1.059
1456286521.0,ba77d89e,1.169
1456286521.0,e35dbbb3,1.059
1456286521.0,d0445c11,1.059
1456286521.0,8fa55c72,1.059
1456286521.0,d24c8b74,1.149
1456286521.0,0e565dc4,1.139
1456286521.0,c33a7e9f,1.059
1456286521.0,f14a4629,1.079
1456286521.0,ebce0132,1.149
1456286521.0,16c01a01,1.059
1456286521.0,04d2538c,1.059
1456286521.0,f6884200,1.159
1456286521.0,b342eb0d,1.149
1456286521.0,,1.139
1456286521.0,c36c0090,1.179
1456286521.0,ebb75b25,1.029
1456286521.0,8cba3640,1.079
1456286521.0,7f03066f,1.059
1456286521.0,332d02ad,1.029
1456286521.0,14e4cad9,1.159
1456286521.0,53bde5da,1.089
1456286521.0,9e8d8571,1.059
1456286521.0,5ea93ccf,1.159
1456286521.0,2925337f,1.169
1456286521.0,2867337b,1.149
1456286521.0,e1811d4f,1.059
1456286521.0,d2e178a4,1.139
1456286521.0,f1bb9540,1.149
1456286521.0,b8563039,1.059
1456286521.0,7e0e3f65,1.169
1456286521.0,79a7959f,1.059
1456286521.0,8ce1b5f8,1.169
1456286521.0,51afcd0f,1.179
1456286521.0,7f80fb50,1.199
1456286521.0,0d1c8f35,1.129
1456286521.0,ac02a968,1.169
1456286521.0,ecaa161e,1.059
1456286521.0,080b1017,1.149
1456286521.0,19c801a7,1.169
1456286521.0,06931b13,1.009
1456286521.0,6db00370,1.169
1456286521.0,04bc5ae6,1.159
1456286521.0,5edb91a5,1.149
1456286521.0,acf3fb4b,1.169
1456286521.0,3ab2d959,1.159
1456286521.0,73086606,1.149
1456286521.0,0a48df72,1.169
1456286521.0,b6d22753,1.079
1456286521.0,621f191f,1.159
1456286521.0,8a4440a7,1.169
1456286521.0,f9befed0,1.169
1456286521.0,48c3f251,1.119
1456286521.0,d1deaf7f,1.159
1456286521.0,b869515f,1.059
1456286521.0,aef9c468,1.159
1456286521.0,62595ff2,1.169
1456286521.0,e9b0b14e,1.089
1456286521.0,cd6facd7,1.149
1456286521.0,5cbce85b,1.149
1456286521.0,b2ad3bc8,1.159
1456286521.0,3ce106d3,1.149
1456286521.0,c0862a83,1.159
1456286521.0,6c1e7a7a,1.059
1456286521.0,01739f46,1.059
1456286521.0,5f6eaa74,1.179
1456286521.0,9b77fa3c,1.149
1456286521.0,955c334e,1.149
1456286521.0,c83af05f,1.149
1456286521.0,e05e8acf,1.179
1456286521.0,a74e1057,1.179
1456286521.0,9eec96b9,1.179
1456286521.0,530fa955,1.159
1456286521.0,d6c505e9,1.009
1456286521.0,085f0fd3,1.099
1456286521.0,3473636a,1.149
1456286521.0,e56bfa23,1.159
1456286521.0,6d2bdf55,0.999
1456286521.0,aca99357,1.179
1456286521.0,592095a9,1.059
1456286521.0,5efe91dc,1.179
1456286521.0,99144e06,1.059
1456286521.0,19fb2ffb,1.059
1456286521.0,3645c978,1.169
1456286521.0,f2be6718,1.149
1456286521.0,142082b9,1.059
1456286521.0,794d6351,1.159
1456286521.0,cdf95c47,1.119
1456286521.0,6dbdc4a2,1.059
1456286521.0,3ad0e13e,1.179
1456286521.0,16a70ba2,1.179
1456286521.0,1365e671,1.159
1456286521.0,dae6ec80,1.059
1456286761.0,2ce9c67c,0.978
1456286761.0,54ea7147,0.989
1456286761.0,8e820c9b,1.069
1456286761.0,4f6de997,1.019
1456286761.0,7c8cc75b,1.029
1456286761.0,a5164b6a,0.999
1456286761.0,0375f449,0.989
1456286761.0,9204320b,1.029
1456286761.0,d8aacecc,0.989
1456286761.0,91272114,0.999
1456286761.0,d89d5f83,0.989
1456286761.0,0ff209cc,0.999
1456286761.0,0e6ac101,0.999
1456286761.0,b1df20da,1.029
1456286761.0,7b635a74,0.999
1456286761.0,c56f813d,1.009
1456286761.0,ff8d71cb,1.069
1456286761.0,d1b70ad0,0.989
1456286761.0,5a55ec8e,1.059
1456286761.0,293b9125,1.009
1456286761.0,995e56cb,0.999
1456286761.0,45dd43b7,0.999
1456286761.0,0dac1cdc,1.169
1456286761.0,4d917f63,1.039
1456286761.0,05c633c8,1.029
1456286761.0,28c041df,1.039
1456286761.0,b6b05490,0.989
1456286761.0,22d16d09,1.059
1456286761.0,fe905128,1.009
1456286761.0,400f9abd,0.989
1456286761.0,bbc2b8d4,0.999
1456286761.0,6e907110,1.089
1456286761.0,dbaf66ec,0.999
1456286761.0,f9a14adc,0.979
1456286761.0,20e9b084,1.039
1456286761.0,57b4fcab,1.169
1456286761.0,98a945b9,1.029
1456286761.0,74e674a6,0.999
1456286761.0,95761004,0.999
1456286761.0,7a34bcb6,1.039
1456286761.0,d67b3850,1.029
1456286761.0,3f3762d6,0.989
1456286761.0,dee66d10,1.059
1456286761.0,0720fedb,0.989
1456286761.0,76e85116,0.979
1456286761.0,0bec4dba,0.939
1456286761.0,555992c9,1.029
1456286761.0,eace7a48,1.029
1456286761.0,c648217d,1.039
1456286761.0,9bbe9877,1.029
1456286761.0,b01cf6f6,0.999
1456286761.0,cc4d2444,0.999
1456286761.0,c804ac06,1.159
1456286761.0,7ac12ae4,1.009
1456286761.0,1ea58c14,0.999
1456286761.0,42996534,1.029
1456286761.0,09a0b63a,1.049
1456286761.0,e751ae48,1.029
1456286761.0,87c05c40,1.169
1456286761.0,266713de,1.029
1456286761.0,877e2550,1.009
1456286761.0,dadc3ef8,1.009
1456286761.0,ba33f726,0.989
1456286761.0,8b783ddd,1.029
1456286761.0,63257a1c,1.029
1456286761.0,aebeb22e,0.999
1456286761.0,86b4e823,1.059
1456286761.0,b1dd859f,0.999
1456286761.0,e04ac56b,0.999
1456286761.0,49925c42,1.049
1456286761.0,7ddbfdc8,0.999
1456286761.0,71885813,1.159
1456286761.0,be9c118a,1.059
1456286761.0,cb8edd06,0.999
1456286761.0,63038217,1.029
1456286761.0,ebb6637d,1.029
1456286761.0,7b9d3d6a,1.039
1456286761.0,bd42a430,1.039
1456286761.0,37df3e29,1.049
1456286761.0,,1.139
1456286761.0,23ffa8c7,0.984
1456286761.0,4d7be304,0.959
1456286761.0,dff89479,1.029
1456286761.0,229bb6b8,1.029
1456286761.0,61ebbc40,1.039
1456286761.0,42cc5c79,0.999
1456286761.0,bf0b9827,1.009
1456286761.0,7e90e887,1.008
1456286761.0,4687563d,1.139
1456286761.0,8c1e3878,1.039
1456286761.0,d6831509,1.039
1456286761.0,8b3bfbbc,1.029
1456286761.0,958542ce,1.029
1456286761.0,2bdc4b63,1.039
1456286761.0,b6aadfa1,1.099
1456286761.0,83c5b0ad,1.079
1456286761.0,01d5bb85,1.029
1456286761.0,aa5647b4,0.989
1456286761.0,dde85d42,1.049
1456286761.0,d14573c7,1.029
1456286761.0,aa50fdab,1.099
1456286761.0,5ab36501,0.969
1456286761.0,e89c4d58,1.039
1456286761.0,e9fcf416,0.999
1456286761.0,130615f8,0.989
1456286761.0,a7c93552,1.039
1456286761.0,aeb92729,0.989
1456286761.0,cef8a5ba,1.009
1456286761.0,f4ec92d7,1.169
1456286761.0,6c90e89a,0.989
1456286761.0,5e068b6e,0.989
1456286761.0,511a1f46,0.989
1456286761.0,78f791f9,0.989
1456286761.0,20fea5aa,1.039
1456286761.0,,1.059
1456286761.0,4349fbc3,1.039
1456286761.0,18e5d4af,1.009
1456286761.0,9a0f8848,0.989
1456286761.0,8d6341ad,1.099
1456286761.0,c57bb6b4,1.059
1456286761.0,,1.029
1456286761.0,3363f966,1.039
1456286761.0,722c9387,0.989
1456286761.0,7dc477e0,1.019
1456286761.0,dbdba84f,1.119
1456287001.0,74916d19,0.969
1456287001.0,7459a6fe,0.999
1456287001.0,6e1fdef4,0.999
1456287001.0,5426515a,1.049
1456287001.0,51ff6877,1.009
1456287001.0,475a2157,1.029
1456287001.0,472cc7af,1.029
1456287001.0,995401c6,0.999
1456287001.0,974b1cae,1.019
1456287001.0,f448cc0a,1.009
1456287001.0,f9191716,1.029
1456287001.0,50ef3c42,0.999
1456287001.0,d981d17c,0.999
1456287001.0,ae7b124a,0.999
1456287001.0,4818d4dd,0.989
1456287001.0,9d0cdff7,0.999
1456287001.0,22878111,0.989
1456287001.0,0f4a41fc,1.029
1456287001.0,98860edd,1.039
1456287001.0,21c418e3,0.989
1456287001.0,8c14cf23,1.049
1456287001.0,492796c0,0.999
1456287001.0,b4bef9a6,1.049
1456287001.0,c6317552,1.049
1456287001.0,0200140f,0.989
1456287001.0,fbeaeec8,0.999
1456287001.0,61c0df8b,1.039
1456287001.0,421aabe4,1.009
1456287001.0,8bf8c324,0.999
1456287001.0,d821f222,0.999
1456287001.0,c219585c,1.049
1456287001.0,a0f9d44d,1.059
1456287001.0,ab01d0f4,0.999
1456287001.0,f813fdc9,0.999
1456287001.0,2934dabc,0.989
1456287001.0,a0ad552e,0.929
1456287001.0,fd43a211,0.989
1456287001.0,e8716217,0.999
1456287001.0,97c3c089,0.999
1456287001.0,ce9c03ce,0.989
1456287001.0,a09958dd,0.999
1456287001.0,3985622e,0.999
1456287001.0,5018e554,0.989
1456287001.0,dde1b45b,0.999
1456287001.0,6cec7405,0.979
1456287001.0,0bec4dba,0.939
1456287001.0,0ee3214c,1.019
1456287001.0,3ede3ac4,0.989
1456287001.0,b061fef9,0.989
1456287001.0,,0.989
1456287001.0,75c86f5d,0.989
1456287001.0,474197ee,0.989
1456287001.0,d64ff6b9,1.019
1456287001.0,69ce0c69,0.999
1456287001.0,60648e92,0.969
1456287001.0,5e1008fc,1.049
1456287001.0,2be7d0b2,0.999
1456287001.0,8fc1cab3,0.989
1456287001.0,2fc28014,1.039
1456287001.0,71315e68,0.969
1456287001.0,468267fb,0.999
1456287001.0,3c29e148,1.004
1456287001.0,613ea133,1.029
1456287001.0,dd81b39f,0.979
1456287001.0,563f2b5a,0.989
1456287001.0,a1ca21f6,0.989
1456287001.0,401db24e,1.009
1456287001.0,2b9c0c23,0.999
1456287001.0,c88d1f3b,1.019
1456287001.0,15b8b7e7,0.999
1456287001.0,5a5bd833,1.029
1456287001.0,26ae107e,1.019
1456287001.0,190db56f,1.009
1456287001.0,7eb76101,1.009
1456287001.0,9fde81ae,1.019
1456287001.0,96735449,1.029
1456287001.0,279cc342,1.049
1456287001.0,41815ba2,1.009
1456287001.0,184a38c3,1.159
1456287001.0,840368fb,1.049
1456287001.0,fc0599eb,1.044
1456287001.0,86fe7e76,1.059
1456287001.0,7c06a27e,1.029
1456287001.0,4663920f,0.989
1456287001.0,afb05ae2,1.019
1456287001.0,d998872e,1.029
1456287001.0,437a065e,1.169
1456287001.0,a43f17c4,0.989
1456287001.0,9bfdebe0,1.029
1456287001.0,4dac6b68,0.999
1456287001.0,8a2bccd1,0.999
1456287001.0,c53a45b7,1.059
1456287001.0,f5684ccb,1.009
1456287001.0,eb8520ef,1.009
1456287001.0,371bd3e6,0.999
1456287001.0,768030e0,0.988
1456287001.0,7e6785e2,1.039
1456287001.0,e3c90980,0.989
1456287001.0,274be62b,1.009
1456287001.0,b49d51d2,1.029
1456287001.0,27ad4edd,1.019
1456287001.0,a1f3d679,0.999
1456287001.0,4e5b883c,0.989
1456287001.0,6f4273c4,0.999
1456287001.0,22271941,0.979
1456287001.0,5ab36501,0.969
1456287001.0,dfb31960,0.999
1456287001.0,e83ab5b0,1.039
1456287001.0,ee1d296d,1.019
1456287001.0,2d3711fd,1.009
1456287001.0,a3b8eb3b,1.069
1456287001.0,ac394be0,1.029
1456287001.0,a42108f2,1.019
1456287001.0,1f5803f6,1.059
1456287001.0,c8081aa2,1.019
1456287001.0,5b1dc219,1.009
1456287001.0,a5fbf851,0.979
1456287001.0,8432eede,1.029
1456287001.0,447b405d,0.999
1456287001.0,87a23e83,1.039
1456287001.0,577ae214,0.999
1456287001.0,,1.019
1456287001.0,741f4fab,1.009
1456287001.0,87cd0504,0.999
1456287001.0,1f721c24,1.009
1456287001.0,5d2ae7b8,1.029
1456287001.0,6fd1563c,0.999
1456287001.0,773b1599,0.999
1456287001.0,,0.999
1456287001.0,31d95abd,1.009
1456287241.0,1e57f412,1.169
1456287241.0,66fc21d2,1.139
1456287241.0,52aa0343,1.089
1456287241.0,4818c908,0.989
1456287241.0,fb73e5e4,0.989
1456287241.0,8e820c9b,1.049
1456287241.0,720d6cbc,1.009
1456287241.0,5426515a,1.009
1456287241.0,472cc7af,0.989
1456287241.0,cfab0b9f,1.049
1456287241.0,7da8091a,1.029
1456287241.0,e31897db,0.999
1456287241.0,f53a8f17,1.009
1456287241.0,c7d8f43f,0.999
1456287241.0,2753be9b,0.969
1456287241.0,45703b6b,0.999
1456287241.0,cb73d4f7,0.989
1456287241.0,a46b4f3d,0.979
1456287241.0,21fa9a42,1.009
1456287241.0,9e099f07,0.999
1456287241.0,3a8770f2,0.939
1456287241.0,ff8d71cb,1.049
1456287241.0,67ea9fcc,0.999
1456287241.0,06857c62,0.989
1456287241.0,ad51b230,1.029
1456287241.0,77979e7e,0.999
1456287241.0,506ed98f,0.989
1456287241.0,21f6f55f,0.999
1456287241.0,a08d8ae6,1.049
1456287241.0,e3b8e203,0.919
1456287241.0,63b23aaa,0.989
1456287241.0,a0ad552e,0.919
1456287241.0,645c2661,0.989
1456287241.0,a57535f1,1.009
1456287241.0,1f23d8f2,1.009
1456287241.0,3bb74884,1.169
1456287241.0,83c03208,0.989
1456287241.0,3f15b05a,1.129
1456287241.0,e84ee14a,0.999
1456287241.0,350e97c6,0.989
1456287241.0,c9c1fe89,1.029
1456287241.0,a486294c,0.989
1456287241.0,3b9d2939,0.989
1456287241.0,81dd5a9d,0.979
1456287241.0,55344490,1.149
1456287241.0,38c93eee,0.999
1456287241.0,4e3aa155,1.029
1456287241.0,faa72267,0.949
1456287241.0,d3faff64,1.039
1456287241.0,c8767aa3,0.989
1456287241.0,834ff98a,1.129
1456287241.0,840368fb,0.989
1456287241.0,1b2380b6,1.169
1456287241.0,afc58f9d,1.039
1456287241.0,3a20cf6c,0.969
1456287241.0,d998872e,0.999
1456287241.0,5709c9ed,0.989
1456287241.0,c48de424,0.989
1456287241.0,f6bf784e,0.989
1456287241.0,57e63781,1.159
1456287241.0,b46c0713,1.009
1456287241.0,28e051b2,0.999
1456287241.0,1e78130a,0.999
1456287241.0,faba1eea,1.129
1456287241.0,,1.039
1456287241.0,ddaa5083,1.029
1456287241.0,682730ca,0.999
1456287241.0,b49d51d2,1.009
1456287241.0,56c5d463,1.009
1456287241.0,777eab33,1.049
1456287241.0,2771cba6,0.989
1456287241.0,307d645f,0.989
1456287241.0,ebccb800,0.959
1456287241.0,860c7ffb,0.979
1456287241.0,7501bd18,1.149
1456287241.0,c3d72a2f,0.999
1456287241.0,4827ec0b,1.169
1456287241.0,5a4ca547,0.989
1456287241.0,4ec9ba2c,0.989
1456287241.0,5c8ccf98,0.989
1456287241.0,bd3093f4,0.979
1456287241.0,cdddf39e,1.169
1456287241.0,61271939,0.989
1456287241.0,a7a2a72e,1.049
1456287241.0,248918d0,1.019
1456287241.0,57e77986,0.989
1456287241.0,6a5e9f24,0.999
1456287241.0,58e56c66,0.999
1456287241.0,b67f8bb3,0.999
1456287481.0,8e2dbe8e,0.989
1456287481.0,4c36fcd5,0.989
1456287481.0,2a554c81,0.989
1456287481.0,da9fe8af,0.989
1456287481.0,dd460aef,0.969
1456287481.0,304be57d,1.039
1456287481.0,beeaf561,0.999
1456287481.0,de1ded73,1.049
1456287481.0,ec60ed5f,0.999
1456287481.0,655988e9,0.999
1456287481.0,eca6ad54,0.999
1456287481.0,ffde8249,0.989
1456287481.0,557d2fc5,0.999
1456287481.0,461c1a45,1.019
1456287481.0,860d9600,1.169
1456287481.0,cd7f824c,1.049
1456287481.0,477c7bcf,0.979
1456287481.0,7b5e3751,1.019
1456287481.0,1543d7ff,1.039
1456287481.0,09638887,1.059
1456287481.0,4fe1e4cc,1.009
1456287481.0,faddd104,0.989
1456287481.0,14af1303,1.019
1456287481.0,3f6704e5,1.029
1456287481.0,e7b24018,0.989
1456287481.0,2b88e2db,1.009
1456287481.0,10bf456f,1.019
1456287481.0,47396921,0.999
1456287481.0,96300c44,1.029
1456287481.0,,1.009
1456287481.0,297c749f,1.019
1456287481.0,24696b6f,0.989
1456287481.0,12aafa0c,0.979
1456287481.0,aa57fbe1,1.019
1456287481.0,d903b794,1.049
1456287481.0,0d847386,1.049
1456287481.0,67ea9fcc,0.999
1456287481.0,8f3896e1,0.989
1456287481.0,,1.039
1456287481.0,417a37d7,1.009
1456287481.0,1de40de6,0.959
1456287481.0,814d74ac,0.989
1456287481.0,3bb3ff25,0.999
1456287481.0,75e4d61f,1.009
1456287481.0,ec4683cf,1.139
1456287481.0,03098eb9,1.079
1456287481.0,904d15e4,1.059
1456287481.0,c6380930,1.059
1456287481.0,19eaaa8f,1.079
1456287481.0,b948058a,1.039
1456287481.0,b59cf984,0.994
1456287481.0,f64d1649,1.049
1456287481.0,a1f3fe7e,0.999
1456287481.0,cead4e62,1.009
1456287481.0,22bd49d5,1.049
1456287481.0,e2c6b885,1.079
1456287481.0,8d87181e,1.039
1456287481.0,fb2de244,0.999
1456287481.0,9547004b,0.999
1456287481.0,6728212d,1.059
1456287481.0,e3b8e203,0.979
1456287481.0,374b5919,0.979
1456287481.0,9a88a460,0.999
1456287481.0,8b670386,1.029
1456287481.0,5bcbe59f,1.019
1456287481.0,707f276b,0.989
1456287481.0,b4618121,1.019
1456287481.0,29291727,0.979
1456287481.0,74d7ab64,0.999
1456287481.0,b6553c9c,0.939
1456287481.0,95a3de9e,0.999
1456287481.0,da00f579,0.999
1456287481.0,18984cb5,0.999
1456287481.0,58419a90,1.009
1456287481.0,302e12a9,1.039
1456287481.0,b71681a4,1.059
1456287481.0,59ac6c1c,1.079
1456287481.0,aecec7b2,1.039
1456287481.0,beb2cad8,1.009
1456287481.0,469f3690,0.999
1456287481.0,a612d3c6,1.009
1456287481.0,0a4f03c9,0.999
1456287481.0,26e6f2fe,1.019
1456287481.0,42bca5e0,1.009
1456287481.0,d604a294,1.039
1456287481.0,fe21fda2,1.029
1456287481.0,53d66d41,0.959
1456287481.0,,0.999
1456287481.0,1b7b3aab,1.039
1456287481.0,2f32ed4f,1.009
1456287481.0,465ed67d,0.999
1456287481.0,14d744d4,1.169
1456287481.0,8e6d4b8d,1.019
1456287481.0,04524480,0.999
1456287481.0,636fe15d,0.999
1456287481.0,da91fae8,0.999
1456287481.0,c6ab8656,0.999
1456287481.0,c00a63fa,0.999
1456287481.0,4395666c,0.999
1456287481.0,5ec85307,0.999
1456287481.0,60ae4328,1.009
1456287481.0,f77077c1,1.009
1456287481.0,89c96863,0.999
1456287481.0,9e5a10db,1.039
1456287481.0,f7664845,1.009
1456287481.0,07d1cb29,0.999
1456287481.0,07f603f1,0.989
1456287481.0,43206580,1.009
1456287481.0,ee1e8107,1.019
1456287481.0,00956a49,0.999
1456287481.0,bc5fd80b,0.989
1456287481.0,ccb88791,1.119
1456287481.0,182bd28a,1.059
1456287481.0,f8cd8b31,1.059
1456287481.0,776f095d,0.999
1456287481.0,44495201,1.049
1456287481.0,bfd9d768,1.009
1456287481.0,575ae8b7,1.029
1456287481.0,3f896bf8,0.989
1456287481.0,f4333371,1.079
1456287481.0,6c0bfd68,1.019
1456287481.0,43ebfdc2,1.019
1456287481.0,a50ae4a2,0.999
1456287481.0,4d930ee5,0.999
1456287481.0,53e9b1ac,1.009
1456287481.0,51011eb5,0.999
1456287481.0,1cd14b72,1.039
1456287481.0,8149fe8b,0.999
1456287481.0,75244431,1.029
1456287481.0,29fe4cae,1.019
1456287481.0,59635b5d,0.999
1456287481.0,d8e33d34,1.009
1456287481.0,b12d4dc7,0.999
1456287481.0,6df6da28,1.059
1456287481.0,8e8fcbca,0.959
1456287481.0,7f3bdc08,1.079
1456287481.0,eca21f05,0.999
1456287481.0,3df2304c,0.999
1456287481.0,f224f5b7,0.999
1456287481.0,c8b41091,1.009
1456287481.0,234744ea,1.039
1456287481.0,07de256c,1.029
1456287481.0,4bbcb4db,1.009
1456287481.0,6f047352,0.999
1456287481.0,8b47b275,0.999
1456287481.0,a6d6ba59,0.969
1456287481.0,6357dca2,1.039
1456287481.0,3fdc528a,1.039
1456287481.0,deaa8f7b,1.029
1456287481.0,385d85e8,1.019
1456287481.0,99017784,1.009
1456287481.0,a2db42f9,1.155
1456287481.0,efda2508,1.049
1456287481.0,ece4dd56,1.019
1456287481.0,8ccf4a30,0.999
1456287481.0,6770a660,0.989
1456287481.0,dcd3f71a,0.999
1456287481.0,2abd710b,1.039
1456287481.0,4e694e7a,1.009
1456287481.0,,1.039
1456287481.0,1929bb2b,0.999
1456287481.0,74bb761d,1.039
1456287481.0,5b7c410e,0.999
1456287481.0,064f5bd1,0.999
1456287481.0,901e7c74,1.039
1456287481.0,f7f13c47,1.039
1456287481.0,ec487980,0.999
1456287481.0,5aa9311f,1.039
1456287481.0,c4124a50,1.009
1456287481.0,ab899df0,1.159
1456287481.0,813e329c,1.149
1456287481.0,8c2198f0,1.039
1456287481.0,ece9cf3e,1.039
1456287481.0,7a3844f2,1.009
1456287481.0,95577aab,1.129
1456287481.0,8c41eda4,1.009
1456287481.0,e2cc6025,0.999
1456287481.0,28eb51aa,0.999
1456287481.0,3bc0aa63,0.939
1456287481.0,2a5e6e74,0.999
1456287481.0,95256814,1.039
1456287481.0,0e7d2ef5,1.009
1456287481.0,be946965,0.999
1456287481.0,72b223b1,0.999
1456287481.0,81adfc57,0.999
1456287481.0,35cb7ed4,1.039
1456287481.0,b8fe1af4,0.989
1456287481.0,bcc28a0d,0.999
1456287481.0,6e966a1c,1.059
1456287481.0,0dd8ba4c,1.039
1456287481.0,93fdd118,1.039
1456287481.0,6388b41c,1.039
1456287481.0,6842cc4a,0.999
1456287481.0,cf57d1bf,1.009
1456287481.0,73f7d503,0.999
1456287481.0,69964900,1.019
1456287481.0,f41a8a6d,0.979
1456287481.0,56548677,1.039
1456287481.0,9cc2158c,1.009
1456287481.0,74adc87d,1.039
1456287481.0,cbd615c9,1.019
1456287481.0,bd9f0dd9,1.059
1456287481.0,30e60f32,1.009
1456287481.0,4d5330ca,1.029
1456287481.0,6bc9b007,0.999
1456287481.0,c089a061,1.009
1456287481.0,1d5839f0,1.019
1456287481.0,c58078e1,1.209
1456287481.0,b6ac7c95,0.999
1456287481.0,cb7e73c0,0.999
1456287481.0,5cbc21f8,1.009
1456287481.0,16b7ada0,1.004
1456287481.0,a774140b,1.129
1456287721.0,6e1c0c2c,1.029
1456287721.0,7d1cd9cd,0.989
1456287721.0,8ac847f6,1.009
1456287721.0,fa657190,0.999
1456287721.0,00206126,0.999
1456287721.0,9423afb9,0.989
1456287721.0,8eea76a1,0.989
1456287721.0,1d0dbcee,0.999
1456287721.0,6a8a4a7e,0.959
1456287721.0,0670c33b,1.029
1456287721.0,c01a1b5d,1.009
1456287721.0,f27854f0,0.989
1456287721.0,7e846ee6,1.049
1456287721.0,2f9dd7f6,0.999
1456287721.0,8659a4a3,1.049
1456287721.0,788fd9ec,1.019
1456287721.0,2bb55c91,1.019
1456287721.0,817bcf9d,1.159
1456287721.0,39bde8e3,1.039
1456287721.0,bff84a14,1.149
1456287721.0,d16fca8a,0.999
1456287721.0,0dac1cdc,1.069
1456287721.0,403c6797,0.999
1456287721.0,5c5f6fc1,1.009
1456287721.0,018c0b0e,1.049
1456287721.0,466bb8f2,0.989
1456287721.0,66cc688a,1.009
1456287721.0,17c924e4,0.999
1456287721.0,0de2cbad,0.999
1456287721.0,77b7abe7,1.159
1456287721.0,b07918a9,0.999
1456287721.0,965dce20,1.009
1456287721.0,1d7fb8e6,1.039
1456287721.0,d1ad7add,0.989
1456287721.0,7d9fd3be,0.999
1456287721.0,38c5df1f,1.009
1456287721.0,7ab8a6b9,1.019
1456287721.0,c1923e8f,0.999
1456287721.0,4666786f,1.049
1456287721.0,b6553c9c,0.999
1456287721.0,83cc51b1,0.999
1456287721.0,7bed69b1,0.989
1456287721.0,7cf55a33,1.019
1456287721.0,8c6f4b89,1.009
1456287721.0,3bb74884,1.069
1456287721.0,86f0ca05,0.999
1456287721.0,2f3717cf,1.009
1456287721.0,602a9d95,0.969
1456287721.0,97f7398e,0.989
1456287721.0,2c716111,1.009
1456287721.0,d824e03a,0.959
1456287721.0,1d736429,0.989
1456287721.0,a314e8b8,1.009
1456287721.0,49f4ee4f,0.979
1456287721.0,e6ed3bb4,0.949
1456287721.0,54d2b984,0.929
1456287721.0,26190b19,0.919
1456287721.0,7ccb6541,0.999
1456287721.0,0590ef3a,1.019
1456287721.0,6cd5cdf8,0.989
1456287721.0,a5f3a822,0.969
1456287721.0,2f20611a,0.979
1456287721.0,9d5f359b,0.999
1456287721.0,6a7aa1a0,0.989
1456287721.0,443a0042,1.009
1456287721.0,f5f69c31,0.969
1456287721.0,ee122c11,0.999
1456287721.0,8469fbc7,0.999
1456287721.0,ed416c52,1.019
1456287721.0,0543d2e4,1.059
1456287721.0,cc477c7c,0.989
1456287721.0,782c1225,1.009
1456287721.0,7e4b74b7,1.099
1456287721.0,c804ac06,1.059
1456287721.0,5022eb7f,1.039
1456287721.0,346ffe81,1.034
1456287721.0,b4fd97c1,1.029
1456287721.0,1be7b37b,0.949
1456287721.0,452d82ab,1.019
1456287721.0,4f60f2d3,0.959
1456287721.0,abe05883,1.029
1456287721.0,4e1da1a2,0.989
1456287721.0,c17eb923,0.999
1456287721.0,3c90b73b,1.009
1456287721.0,e837786a,1.009
1456287721.0,b38a715c,0.999
1456287721.0,994a98f2,1.009
1456287721.0,,1.009
1456287721.0,9bb8a377,0.989
1456287721.0,e0ff758f,1.019
1456287721.0,24afea5b,1.019
1456287721.0,1b4a9928,0.999
1456287721.0,dd487ced,0.999
1456287721.0,dc7b3d6f,0.989
1456287721.0,d54426c4,0.999
1456287721.0,3b92c6ae,0.989
1456287721.0,a2be7bcb,0.999
1456287721.0,195fb3bd,0.989
1456287721.0,d556f79b,0.979
1456287721.0,052c8059,0.969
1456287721.0,1b2380b6,1.069
1456287721.0,7fdd64dc,0.979
1456287721.0,a6cef350,1.009
1456287721.0,444fc3ef,0.929
1456287721.0,293f7598,1.019
1456287721.0,3b1d17e6,1.009
1456287721.0,b6990863,1.019
1456287721.0,fe69cf27,1.009
1456287721.0,48aac8e9,1.009
1456287721.0,764a9f1e,0.989
1456287721.0,e9d5d1a1,0.999
1456287721.0,6e224d77,1.009
1456287721.0,2e3a283a,0.999
1456287721.0,4103c1eb,1.009
1456287721.0,57e63781,1.059
1456287721.0,99d4f63c,0.989
1456287721.0,572ecc04,1.169
1456287721.0,0800eb0f,1.139
1456287721.0,f29f4dbd,0.999
1456287721.0,1685cf9c,1.134
1456287721.0,c0210272,0.989
1456287721.0,1cc005a8,0.999
1456287721.0,6e17970f,1.039
1456287721.0,f11ba63d,0.999
1456287721.0,5580f197,1.039
1456287721.0,4853f9f1,1.009
1456287721.0,0a356552,0.999
1456287721.0,cbb493e1,1.019
1456287721.0,66a1358d,1.044
1456287721.0,e6c2b040,0.999
1456287721.0,793351ef,0.999
1456287721.0,90cee554,1.039
1456287721.0,3506918b,1.019
1456287721.0,8f6ac169,0.989
1456287721.0,,1.029
1456287721.0,092457e4,1.149
1456287721.0,da75620f,1.029
1456287721.0,95568ef1,1.059
1456287721.0,6f9eb627,0.974
1456287721.0,9628820d,1.059
1456287721.0,0be30200,1.159
1456287721.0,857545c7,1.029
1456287721.0,923a028b,1.029
1456287721.0,95401194,1.009
1456287721.0,07f1bf63,1.049
1456287721.0,7fccdc2c,0.999
1456287721.0,c6d02f74,0.959
1456287721.0,2a8d8f74,1.009
1456287721.0,fdca8735,0.999
1456287721.0,17e982d2,1.049
1456287721.0,930998e2,1.009
1456287721.0,71992fbe,1.009
1456287721.0,dea2eca4,1.019
1456287721.0,6117cbac,0.989
1456287721.0,4c39660b,0.989
1456287721.0,94df3c4a,1.039
1456287721.0,,1.009
1456287721.0,decd254e,1.029
1456287721.0,a66e3813,1.009
1456287721.0,4900212f,1.029
1456287721.0,6b47dc33,1.009
1456287721.0,75c71a8b,0.999
1456287721.0,da1fbd53,0.989
1456287721.0,4827ec0b,1.069
1456287721.0,9901346d,0.989
1456287721.0,afb0335d,0.989
1456287721.0,c97f1f02,0.989
1456287721.0,3089305b,1.019
1456287721.0,83a3b810,0.989
1456287721.0,27612978,0.989
1456287721.0,f600b327,0.999
1456287721.0,ce90c05e,1.019
1456287721.0,f0c6ab59,1.009
1456287721.0,c39e2d3d,0.999
1456287721.0,6d03a4f8,1.019
1456287721.0,cb814e8e,1.039
1456287721.0,2e89adbb,0.989
1456287721.0,2f5be2f4,1.029
1456287721.0,24a245f5,1.029
1456287721.0,2052e025,0.989
1456287961.0,e9e52190,1.029
1456287961.0,a4006e8d,1.009
1456287961.0,93d146a0,1.009
1456287961.0,39b9a4d8,0.989
1456287961.0,85dec34a,1.039
1456287961.0,21168c26,0.979
1456287961.0,d52b5e19,1.149
1456287961.0,667e0f37,0.989
1456287961.0,a2ab785a,0.989
1456287961.0,337b7102,0.999
1456287961.0,8e2183f6,1.029
1456287961.0,475a2157,0.999
1456287961.0,48c665d2,0.989
1456287961.0,8bf505c8,1.099
1456287961.0,5597ee18,1.099
1456287961.0,0a1259e1,1.149
1456287961.0,4f0ba2cc,1.009
1456287961.0,80835ea0,0.999
1456287961.0,14dfafb1,1.059
1456287961.0,860d9600,1.069
1456287961.0,eee1b640,1.019
1456287961.0,90c5a207,0.999
1456287961.0,485c7940,0.989
1456287961.0,a66ed93a,1.019
1456287961.0,a9ae74bd,1.019
1456287961.0,c7042a91,1.089
1456287961.0,7bc75eb5,1.169
1456287961.0,0c39b458,0.989
1456287961.0,b4c34df5,0.999
1456287961.0,2371f256,0.999
1456287961.0,,0.989
1456287961.0,626c6699,0.979
1456287961.0,68efde5b,1.069
1456287961.0,7840ee28,1.139
1456287961.0,1831ac4f,0.979
1456287961.0,f0dcfc81,1.009
1456287961.0,722bfb7b,1.159
1456287961.0,3d3db611,1.019
1456287961.0,4bc4b71f,1.059
1456287961.0,b46b0917,1.009
1456287961.0,5c2d9a2c,1.039
1456287961.0,59bf4a11,0.989
1456287961.0,5a40cb90,0.989
1456287961.0,bddf10a7,1.059
1456287961.0,fbe6e575,0.989
1456287961.0,69206b79,1.009
1456287961.0,10337302,0.999
1456287961.0,cbf8e978,0.989
1456287961.0,f5cb9500,0.969
1456287961.0,e77693ae,1.049
1456287961.0,92bebd84,1.019
1456287961.0,0b75329b,1.029
1456287961.0,e1dc56d2,0.989
1456287961.0,2c9a2837,1.039
1456287961.0,4754c4ee,0.989
1456287961.0,253839e1,1.159
1456287961.0,92d959c6,1.049
1456287961.0,185c6827,1.019
1456287961.0,c9b21507,1.159
1456287961.0,9d49a53b,0.999
1456287961.0,ac1ca792,1.039
1456287961.0,9609842a,0.989
1456287961.0,4cbdb1d8,1.009
1456287961.0,6728212d,0.999
1456287961.0,fe9290cc,1.149
1456287961.0,64b01954,0.979
1456287961.0,4cd75c68,0.989
1456287961.0,193a59df,1.009
1456287961.0,ca13e033,0.989
1456287961.0,4c092b15,0.999
1456287961.0,e6b24a3d,0.989
1456287961.0,d6c38103,0.999
1456287961.0,0c6176b8,1.009
1456287961.0,d261d6e0,1.019
1456287961.0,af6137bf,0.989
1456287961.0,f4084cef,0.989
1456287961.0,60531009,0.999
1456287961.0,aa1ef023,1.039
1456287961.0,25a36592,0.999
1456287961.0,c7381288,0.999
1456287961.0,2e213ba2,0.969
1456287961.0,5e56181c,0.989
1456287961.0,801653fe,1.029
1456287961.0,ead88417,1.009
1456287961.0,9d98dcbb,1.029
1456287961.0,251d5667,1.009
1456287961.0,e1fb8011,0.989
1456287961.0,2d22d73a,1.019
1456287961.0,39c4efe0,1.129
1456287961.0,68e5bc6e,0.989
1456287961.0,2cd4012d,0.999
1456287961.0,e0862fc2,0.979
1456287961.0,240e728f,0.989
1456287961.0,56995334,0.979
1456287961.0,f58df524,0.999
1456287961.0,3da081b6,0.989
1456287961.0,2a937026,0.979
1456287961.0,d14d8358,1.009
1456287961.0,e792e7d9,0.979
1456287961.0,e0808ce1,0.999
1456287961.0,f9cd1d8c,1.009
1456287961.0,d0af609e,1.009
1456287961.0,2ab02348,0.989
1456287961.0,13532509,0.959
1456287961.0,6d9dcb86,0.989
1456287961.0,fcd1aad6,0.999
1456287961.0,d78b438e,0.979
1456287961.0,4c7b82d0,1.009
1456287961.0,1fb2da5d,0.989
1456287961.0,27eb52b2,1.009
1456287961.0,ff0bb7ad,0.989
1456287961.0,5dd99d7f,0.999
1456287961.0,7a781cc2,0.929
1456287961.0,5165f4e5,0.949
1456287961.0,68477221,0.989
1456287961.0,cb7fae49,0.979
1456287961.0,2bc0bc0e,0.969
1456287961.0,efe3611d,0.989
1456287961.0,7e6fd376,0.979
1456287961.0,21ffc684,0.949
1456287961.0,9e283f94,0.999
1456287961.0,fa179beb,0.999
1456287961.0,91f0a0fd,0.989
1456287961.0,5098a1d8,0.989
1456287961.0,637e523f,0.979
1456287961.0,613352d7,0.989
1456287961.0,0bec4dba,0.939
1456287961.0,418815f0,0.979
1456287961.0,bd986553,1.089
1456287961.0,8983b1fe,1.009
1456287961.0,35b614c4,0.999
1456287961.0,6ad60cac,0.999
1456287961.0,2e518aaf,0.989
1456287961.0,56277da5,0.999
1456287961.0,263e0b44,0.989
1456287961.0,0cce0f70,1.149
1456287961.0,30007963,0.989
1456287961.0,25c8941f,0.999
1456287961.0,3f9db299,0.999
1456287961.0,5fade9f9,1.079
1456287961.0,48a48e67,0.969
1456287961.0,79f60a97,1.009
1456287961.0,c7b90ec6,1.039
1456287961.0,64e9b77c,1.079
1456287961.0,eb751c39,1.049
1456287961.0,4abb67a5,1.019
1456287961.0,,0.989
1456287961.0,18ac93f2,0.989
1456287961.0,40d8f838,0.989
1456287961.0,6719ddbc,1.049
1456287961.0,2c93cd27,1.039
1456287961.0,a98772fc,1.029
1456287961.0,8716bc8f,0.989
1456287961.0,3c525f19,0.999
1456287961.0,316fd7de,0.989
1456287961.0,651f23fd,1.029
1456287961.0,bf6500cb,1.039
1456287961.0,5463fafc,1.029
1456287961.0,8d2a1873,1.009
1456287961.0,2dff1380,1.029
1456287961.0,d338e293,1.159
1456287961.0,097d0950,1.029
1456287961.0,e1aebaad,0.989
1456287961.0,11e04c6a,1.009
1456287961.0,917af1e0,1.009
1456287961.0,0d686aad,1.049
1456287961.0,88a26674,1.039
1456287961.0,538559e0,0.989
1456287961.0,90789f94,1.029
1456287961.0,2b00ce60,1.079
1456287961.0,70a9e6a8,0.989
1456287961.0,465c84e0,0.989
1456287961.0,,1.159
1456287961.0,b273d286,1.039
1456287961.0,b3d2e1c5,0.999
1456287961.0,200f98db,0.989
1456287961.0,6bc9c96a,0.909
1456287961.0,1c28bcf7,1.019
1456287961.0,f5bd997d,1.009
1456287961.0,ce714a39,1.119
1456287961.0,b4b8fb9d,0.989
1456287961.0,602ec85f,1.079
1456287961.0,79ddc5ca,1.019
1456287961.0,171447e0,0.989
1456287961.0,5fd232c2,0.999
1456287961.0,965ccdb6,1.049
1456287961.0,a5852f7d,1.069
1456287961.0,996d9a2e,1.019
1456287961.0,6f03c04e,0.979
1456287961.0,315bcb3c,0.989
1456287961.0,dfde85fc,1.119
1456287961.0,ed23637d,1.139
1456287961.0,010becdc,0.999
1456287961.0,82cff99e,0.999
1456287961.0,c08d3d8e,0.999
1456287961.0,b70f82b5,0.999
1456287961.0,f73b5de2,0.999
1456287961.0,7d4e7386,0.989
1456287961.0,8bda8d2f,1.039
1456287961.0,c3606f90,1.139
1456287961.0,f6eddbb3,0.999
1456287961.0,cf422a5e,1.009
1456287961.0,c985912f,1.099
1456287961.0,48ae79a5,1.059
1456287961.0,d525156e,0.969
1456287961.0,528fe9d2,1.019
1456287961.0,c12b33f3,1.009
1456287961.0,7433201e,0.999
1456287961.0,793d12bc,1.004
1456287961.0,f1832ad0,1.009
1456287961.0,9171a74f,1.009
1456287961.0,,0.979
1456287961.0,f06e40a6,1.149
1456287961.0,0af09136,0.999
1456287961.0,882f175b,1.049
1456287961.0,e9e52898,0.999
1456287961.0,db7cca98,0.989
1456287961.0,a88bbc75,0.989
1456287961.0,ae45fd8e,0.989
1456287961.0,5fa73da0,0.999
1456287961.0,8706aa4c,1.039
1456287961.0,935f6e86,1.039
1456287961.0,fbd93087,1.009
1456287961.0,38a3a737,0.989
1456287961.0,a32bd6b9,0.999
1456287961.0,7f49ff21,1.029
1456287961.0,1dd35703,0.989
1456287961.0,96c2dcec,0.989
1456287961.0,c466d5fa,1.099
1456287961.0,c393d3fc,1.059
1456287961.0,8c299260,0.999
1456287961.0,f747cfc3,1.019
1456287961.0,a5b8429f,1.099
1456287961.0,909a22a4,1.009
1456287961.0,b9bbf9ee,1.049
1456287961.0,16ee4d80,1.059
1456287961.0,6933e7da,0.999
1456287961.0,3e198165,1.079
1456287961.0,d643ef3d,1.009
1456287961.0,fe172e09,1.019
1456287961.0,e2c0e5e5,0.979
1456287961.0,684a7ab7,0.989
1456287961.0,adf9dd3f,1.019
1456287961.0,5921c872,0.989
1456287961.0,553c4dc5,0.999
1456287961.0,333d1cac,1.009
1456287961.0,7a165ba7,1.009
1456287961.0,bf7f79ce,1.039
1456287961.0,4158664a,1.009
1456287961.0,9fc9a999,1.059
1456287961.0,0bffb72e,0.989
1456287961.0,e3330ca1,0.999
1456287961.0,f7989ae3,0.999
1456287961.0,44e030ce,1.159
1456287961.0,42aa3fce,1.059
1456287961.0,7f2cf706,0.979
1456287961.0,fbd0490f,0.999
1456287961.0,e5232a6c,0.999
1456287961.0,8d433ec5,0.989
1456287961.0,59ae9cca,0.999
1456287961.0,26a56374,0.989
1456287961.0,0a0baf66,1.029
1456287961.0,65a0b74e,0.979
1456287961.0,6024deec,0.989
1456287961.0,cd84a2a9,1.009
1456287961.0,75a2e00a,0.999
1456287961.0,a70de662,1.059
1456287961.0,5f27c859,0.989
1456287961.0,d180cfeb,0.989
1456287961.0,c6d02f74,1.039
1456287961.0,4ab47d1a,0.989
1456287961.0,705d6b16,0.999
1456287961.0,50e125b9,1.009
1456287961.0,c9d2b9cb,0.969
1456287961.0,5073c682,0.999
1456287961.0,0d6640ae,0.999
1456287961.0,0b4a487b,0.999
1456287961.0,30f8c62f,1.019
1456287961.0,5718b51b,0.999
1456287961.0,271bd07b,0.989
1456287961.0,36d7c026,0.969
1456287961.0,ec29d73c,1.059
1456287961.0,5c451464,1.039
1456287961.0,27568398,1.059
1456287961.0,e1cf4b4c,1.129
1456287961.0,7797b09b,0.989
1456287961.0,6c3352c9,0.999
1456287961.0,48f835a8,0.989
1456287961.0,c7e8775e,1.079
1456287961.0,1a6fd67e,1.009
1456287961.0,23afb420,1.009
1456287961.0,f1a9cf2a,0.989
1456287961.0,f2a2a323,1.069
1456287961.0,dd6f9c1c,1.159
1456287961.0,5e6de772,1.019
1456287961.0,eac805c4,0.999
1456287961.0,41453b7f,1.149
1456287961.0,bfe1fb46,1.159
1456287961.0,a1d1ae1e,0.999
1456287961.0,57c3de2f,0.999
1456287961.0,7ecce629,0.989
1456287961.0,a7b5f5e9,0.989
1456287961.0,ed57f511,0.989
1456287961.0,7680fb35,1.139
1456287961.0,64735bee,0.989
1456287961.0,6a5e9f24,0.989
1456287961.0,9cb727d2,1.039
1456287961.0,df59b3f7,0.989
1456287961.0,4b3bf40e,0.999
1456288201.0,684b2be8,1.019
1456288201.0,b26d8334,0.989
1456288201.0,2a7d911f,0.979
1456288201.0,69a62773,0.989
1456288201.0,19838731,0.989
1456288201.0,440eff71,0.989
1456288201.0,7de58c01,0.979
1456288201.0,ef4f86ab,0.989
1456288201.0,bc09577c,0.989
1456288201.0,37649bcc,0.989
1456288201.0,6977fd5c,0.989
1456288201.0,f4a95cf0,0.989
1456288201.0,c23345b4,0.989
1456288201.0,62b52d6c,0.989
1456288201.0,82a52db3,0.989
1456288201.0,62fbc07f,0.989
1456288201.0,85e6dacf,0.979
1456288201.0,16a6da02,0.989
1456288201.0,cd7581b6,0.999
1456288201.0,b22e5b8a,0.999
1456288201.0,fa482668,0.989
1456288201.0,64a186d2,0.989
1456288201.0,0e65094f,0.989
1456288201.0,c6cd3146,1.019
1456288201.0,756325f1,1.149
1456288201.0,72bd4b95,0.999
1456288201.0,6473e25b,1.019
1456288201.0,000f12ff,1.009
1456288201.0,e6c4cb15,0.999
1456288201.0,ed5d2ad9,1.039
1456288201.0,44e9da67,1.029
1456288201.0,9c38cf72,0.989
1456288201.0,7d020a61,1.009
1456288201.0,60cf6168,0.999
1456288201.0,13266d18,0.999
1456288201.0,3fdc1762,0.989
1456288201.0,eed2b29b,1.009
1456288201.0,6823a8b2,0.989
1456288201.0,dd08505c,1.049
1456288201.0,32c66e9a,1.039
1456288201.0,e3776f3c,0.999
1456288201.0,79ec8492,0.989
1456288201.0,aee6d168,0.999
1456288201.0,00d41319,1.019
1456288201.0,12d8b2e2,0.989
1456288201.0,a280c8ce,0.999
1456288201.0,653088f9,1.019
1456288201.0,be95bdc3,0.999
1456288201.0,afdd844a,1.009
1456288201.0,ef6ce8ef,0.989
1456288201.0,8f84a914,0.989
1456288201.0,69e0cb90,0.989
1456288201.0,b948058a,0.979
1456288201.0,41a0ce00,0.989
1456288201.0,2ebdf5e8,0.999
1456288201.0,bb738427,0.979
1456288201.0,88113d35,1.039
1456288201.0,bf53dadd,0.919
1456288201.0,c290b93a,0.999
1456288201.0,899f46c2,0.989
1456288201.0,27f821f1,0.987
1456288201.0,39c5a6e0,0.999
1456288201.0,31923c9d,0.999
1456288201.0,edf38f90,1.059
1456288201.0,48bf5afb,0.999
1456288201.0,9bd2d468,0.989
1456288201.0,,0.979
1456288201.0,545c4117,0.969
1456288201.0,aa930a31,0.939
1456288201.0,0bec4dba,0.939
1456288201.0,a9e7d486,1.019
1456288201.0,c39273d5,1.039
1456288201.0,f8b49237,1.039
1456288201.0,7616bc62,1.009
1456288201.0,0a67fa6f,1.049
1456288201.0,8f7c069a,0.999
1456288201.0,755c641f,0.989
1456288201.0,8fe50322,1.009
1456288201.0,c40cb496,0.959
1456288201.0,c7b90ec6,1.039
1456288201.0,80d93018,1.009
1456288201.0,4d2618e5,1.099
1456288201.0,b1eee7a8,1.029
1456288201.0,8020e532,0.999
1456288201.0,f96059fa,1.129
1456288201.0,7ced45b7,0.999
1456288201.0,17127e8d,1.039
1456288201.0,397db294,1.009
1456288201.0,020c53c2,0.999
1456288201.0,72c22a1e,1.039
1456288201.0,64658758,1.039
1456288201.0,dae657d5,1.069
1456288201.0,c288a0c4,0.989
1456288201.0,182bd28a,0.999
1456288201.0,8b485c5e,1.019
1456288201.0,040531cf,0.969
1456288201.0,b4b8fb9d,1.089
1456288201.0,bc7112e1,1.019
1456288201.0,ae7d5dd1,0.999
1456288201.0,8b5cc87c,0.979
1456288201.0,52e70aca,0.989
1456288201.0,d44b5cfb,0.999
1456288201.0,21045357,1.099
1456288201.0,27268be1,1.009
1456288201.0,5aa49c2a,0.989
1456288201.0,50b4fb9f,1.059
1456288201.0,e600b76d,1.039
1456288201.0,d620afe2,1.009
1456288201.0,3ecb2b24,1.069
1456288201.0,f708be71,0.999
1456288201.0,b43aab28,0.989
1456288201.0,32ba3943,0.999
1456288201.0,93ef3495,1.029
1456288201.0,9c4972e3,0.989
1456288201.0,26be2277,0.999
1456288201.0,69f7d4d7,0.999
1456288201.0,b1184001,1.069
1456288201.0,0c9168e0,1.009
1456288201.0,48713f51,0.989
1456288201.0,6fb66617,1.009
1456288201.0,fec7d478,1.049
1456288201.0,d5b64c05,1.039
1456288201.0,8bdd5502,1.049
1456288201.0,ef081ec1,1.009
1456288201.0,,0.999
1456288201.0,7e388e10,1.029
1456288201.0,0022ec87,0.999
1456288201.0,265c7e5d,0.999
1456288201.0,6c9a5e04,0.999
1456288201.0,d9686f25,1.019
1456288201.0,5321252a,1.009
1456288201.0,a0fab520,0.999
1456288201.0,bbb7883b,1.009
1456288201.0,3e921ea2,1.039
1456288201.0,1c52e235,1.009
1456288201.0,cf017ad5,1.049
1456288201.0,1dad0cef,0.999
1456288201.0,c07076c6,0.999
1456288201.0,85e30d0e,0.999
1456288201.0,9b4458a3,1.029
1456288201.0,e5d7defc,0.989
1456288201.0,38140856,0.999
1456288201.0,c48df784,1.059
1456288201.0,991367ac,1.049
1456288201.0,1809b397,0.989
1456288201.0,46379d52,0.989
1456288201.0,,1.049
1456288201.0,a7a2a72e,1.009
1456288201.0,f4b0a53c,1.029
1456288201.0,19c8f617,1.029
1456288201.0,0a501873,0.999
1456288201.0,c03e39ca,0.999
1456288201.0,e95d3d87,1.029
1456288201.0,04ea2134,0.999
1456288201.0,594fc2e9,1.029
1456288201.0,32dcc2c9,1.029
1456288201.0,a5e3beef,1.009
1456288441.0,e8ce1950,0.989
1456288441.0,4dc57f20,1.019
1456288441.0,4e2b483e,0.999
1456288441.0,78d86c64,0.989
1456288441.0,b86da903,0.989
1456288441.0,a3a3361e,0.989
1456288441.0,721139ba,1.019
1456288441.0,859ddb14,0.989
1456288441.0,eedec9cc,0.999
1456288441.0,5b042101,0.989
1456288441.0,da5389d9,0.999
1456288441.0,b2a7fde4,0.999
1456288441.0,6c406288,1.039
1456288441.0,2eca0fd8,1.129
1456288441.0,43f8de50,1.029
1456288441.0,45d8dea2,1.029
1456288441.0,cca00c58,1.039
1456288441.0,d8a919a3,0.999
1456288441.0,b725d23b,0.979
1456288441.0,7ea9e64e,1.019
1456288441.0,ef61acd1,1.029
1456288441.0,cbb111f4,1.029
1456288441.0,cf72999d,0.989
1456288441.0,0e6a4b4f,1.019
1456288441.0,beb106ec,0.989
1456288441.0,9830928e,1.019
1456288441.0,e8b48aba,0.999
1456288441.0,71df72f8,0.989
1456288441.0,35305598,0.999
1456288441.0,1fbcfe52,0.999
1456288441.0,01735f50,0.999
1456288441.0,1efc20ca,1.039
1456288441.0,685b81fa,1.029
1456288441.0,bbc01d1b,0.989
1456288441.0,7fc3def3,0.999
1456288441.0,11c55079,0.969
1456288441.0,acf2a6b8,0.999
1456288441.0,4fe7c8a5,0.997
1456288441.0,9dce1619,0.979
1456288441.0,373fd05a,0.989
1456288441.0,9719805f,1.039
1456288441.0,fce7ca5c,1.009
1456288441.0,69d749f5,1.039
1456288441.0,88128993,1.059
1456288441.0,63505806,0.999
1456288441.0,,1.049
1456288441.0,6fb3ea7a,0.989
1456288441.0,49c3be27,0.999
1456288441.0,,1.059
1456288441.0,01859229,1.009
1456288441.0,463dc57b,1.049
1456288441.0,e5a3d8f9,0.979
1456288441.0,,1.039
1456288441.0,ea01675f,1.039
1456288441.0,2b508314,1.039
1456288441.0,287fc858,1.009
1456288441.0,c1d8eb68,1.009
1456288441.0,efc2fc1d,0.989
1456288441.0,804e5bed,1.009
1456288441.0,fd921c70,1.039
1456288441.0,8f4cf94f,0.959
1456288441.0,e1811d4f,1.009
1456288441.0,4020de03,0.999
1456288441.0,53b7ad2a,1.029
1456288441.0,5ef62f10,1.019
1456288441.0,d9de4b56,1.019
1456288441.0,c290efa7,1.059
1456288441.0,48ef33bf,1.049
1456288441.0,e2800d44,0.999
1456288441.0,d47bc4c5,1.059
1456288441.0,ddaa5083,1.029
1456288441.0,9499ceea,1.009
1456288441.0,75bc1c25,1.039
1456288441.0,6d18dcdf,0.999
1456288441.0,317cd4e0,0.999
1456288441.0,3a1e42ab,0.999
1456288441.0,4046803d,1.049
1456288441.0,ccd903a8,1.009
1456288441.0,fb804097,0.989
1456288441.0,4adf0991,0.989
1456288441.0,0ad7f620,1.039
1456288441.0,f9befed0,1.099
1456288441.0,849ac669,1.099
1456288441.0,350465a6,0.989
1456288441.0,f2c8e01a,1.059
1456288441.0,0bcef4ad,1.069
1456288441.0,d34f18ac,1.009
1456288441.0,2c3fb747,1.029
1456288441.0,b93a61f3,0.989
1456288441.0,f856d6e0,0.979
1456288441.0,5d0bbc06,0.989
1456288441.0,d4f7e2c6,1.019
1456288441.0,c97471de,0.989
1456288441.0,3168ab53,0.989
1456288441.0,b4c63b76,0.989
1456288441.0,a3480cfc,1.039
1456288441.0,35d91334,1.039
1456288441.0,4465e992,0.999
1456288441.0,a7a2a72e,1.009
1456288441.0,915ee14c,1.039
1456288441.0,80099401,0.999
1456288441.0,ecaab335,0.979
1456288441.0,6e5aeb52,0.989
1456288441.0,d307494f,0.999
1456288681.0,dfc32fdb,1.019
1456288681.0,ef0301c2,1.029
1456288681.0,83a8ae72,0.999
1456288681.0,a5ca89e4,0.999
1456288681.0,e1320330,0.999
1456288681.0,dd270564,0.979
1456288681.0,d3bbcf3a,0.989
1456288681.0,d98cee9c,0.989
1456288681.0,82444c93,0.989
1456288681.0,e10ccff9,0.999
1456288681.0,1686f694,0.989
1456288681.0,7d98e545,0.979
1456288681.0,134cefdf,0.989
1456288681.0,069182e4,0.989
1456288681.0,ff6209cb,1.039
1456288681.0,054eaec2,1.009
1456288681.0,70dce2c3,1.009
1456288681.0,9e517882,0.999
1456288681.0,24787319,1.009
1456288681.0,7a8bfc02,1.039
1456288681.0,61817e2c,0.999
1456288681.0,fe18c405,1.039
1456288681.0,b3a02a90,1.059
1456288681.0,bbf56463,1.039
1456288681.0,7b51b5c3,1.039
1456288681.0,53db0fe7,1.039
1456288681.0,8d4cbfeb,1.009
1456288681.0,e1c57a67,1.029
1456288681.0,c595c849,1.149
1456288681.0,8e4d1e9d,1.059
1456288681.0,a47c6f9f,0.939
1456288681.0,84524e63,1.069
1456288681.0,06f5dad2,1.159
1456288681.0,d34c2ebc,1.164
1456288681.0,daf5b359,0.999
1456288681.0,b54b9ab7,0.999
1456288681.0,e938b089,0.989
1456288681.0,86cc51ec,1.049
1456288681.0,323627e3,1.059
1456288681.0,6938babb,1.019
1456288681.0,b3141223,1.039
1456288681.0,dd180cd9,1.049
1456288681.0,85a9ebeb,1.069
1456288681.0,b90ce0f4,1.019
1456288681.0,5fbe505b,1.089
1456288681.0,208f7301,1.099
1456288681.0,18ff9945,1.039
1456288681.0,2cb5ba1b,1.139
1456288681.0,91925b72,1.089
1456288681.0,5d832d02,1.059
1456288681.0,f868a6b6,1.039
1456288681.0,ff8d71cb,1.019
1456288681.0,5163d6fe,0.959
1456288681.0,7ac5212c,1.159
1456288681.0,cb98fbad,1.039
1456288681.0,9dac8ce8,0.989
1456288681.0,37034115,1.059
1456288681.0,b5e248eb,0.999
1456288681.0,1d86aff5,1.019
1456288681.0,,1.019
1456288681.0,e92281f9,1.019
1456288681.0,70afc256,0.969
1456288681.0,9827c099,1.039
1456288681.0,d902aea0,1.029
1456288681.0,65964ff0,1.149
1456288681.0,7ea9e64e,0.999
1456288681.0,9b0605bd,1.009
1456288681.0,20330ee3,1.009
1456288681.0,7bdf8f15,0.999
1456288681.0,51fcda8d,1.039
1456288681.0,b7b730d9,1.039
1456288681.0,6835d405,1.009
1456288681.0,b40d9546,1.019
1456288681.0,eca8b228,1.019
1456288681.0,a3f64b8b,1.009
1456288681.0,018c0b0e,1.039
1456288681.0,072ddc43,0.947
1456288681.0,301f8f7b,1.039
1456288681.0,2a57a759,1.009
1456288681.0,c66eeb5b,1.089
1456288681.0,8b7a46ae,0.979
1456288681.0,a9b672c3,1.059
1456288681.0,b916d3a8,1.039
1456288681.0,ac67c489,1.019
1456288681.0,c3a90ed5,0.979
1456288681.0,a448f8aa,1.039
1456288681.0,e7ea0c12,1.149
1456288681.0,1d7fb8e6,1.039
1456288681.0,c2952252,1.099
1456288681.0,c5208f75,1.039
1456288681.0,3b3dda8f,0.999
1456288681.0,058b068a,1.159
1456288681.0,0b91981b,1.039
1456288681.0,4abd2f17,0.999
1456288681.0,1ad30a9a,1.019
1456288681.0,4917f7ee,0.999
1456288681.0,92667f30,1.059
1456288681.0,f5d3bc3a,0.999
1456288681.0,d5062706,1.009
1456288681.0,33e40774,1.029
1456288681.0,3c1f03c0,1.019
1456288681.0,b6de77a6,0.999
1456288681.0,d9de1c75,1.009
1456288681.0,ddefb778,1.069
1456288681.0,287b8e5b,0.999
1456288681.0,2bb1e7cb,1.009
1456288681.0,9cd2e129,0.999
1456288681.0,055e54a6,1.039
1456288681.0,f4507e0e,0.989
1456288681.0,c6388189,1.159
1456288681.0,62e5651b,1.009
1456288681.0,5036bf9f,1.179
1456288681.0,bfb3c76b,1.009
1456288681.0,ec80fbc7,1.009
1456288681.0,9d3b5cc6,0.999
1456288681.0,a7f53ccb,0.999
1456288681.0,622ea82b,1.059
1456288681.0,d4024d48,1.009
1456288681.0,2a85aef8,0.989
1456288681.0,d6db948e,0.959
1456288681.0,74ebac9f,1.009
1456288681.0,f426c965,0.999
1456288681.0,6f8f49f1,1.059
1456288681.0,ed69ae34,1.009
1456288681.0,391a56de,0.989
1456288681.0,cacdc0ed,1.099
1456288681.0,5c33525a,1.099
1456288681.0,1727b18d,0.979
1456288681.0,0b15fb2a,1.089
1456288681.0,fbcad1cd,1.019
1456288681.0,0cc59c54,1.009
1456288681.0,9eb1be1f,0.999
1456288681.0,4d2618e5,1.039
1456288681.0,642a4242,0.999
1456288681.0,3c83ccc5,1.009
1456288681.0,6d40e0d7,0.989
1456288681.0,b5ead699,1.099
1456288681.0,cac2d933,1.059
1456288681.0,30ac5a0c,1.039
1456288681.0,f645748d,1.009
1456288681.0,14e03a1d,1.039
1456288681.0,2fc28014,1.019
1456288681.0,793eb726,1.099
1456288681.0,ed986aff,1.039
1456288681.0,ae09ed04,0.999
1456288681.0,4056a9ce,0.999
1456288681.0,75d9dd17,0.989
1456288681.0,d9811c4e,1.039
1456288681.0,03436a85,1.139
1456288681.0,bc85d300,1.069
1456288681.0,d86b6eaf,1.029
1456288681.0,1139b111,0.979
1456288681.0,685a30f7,1.009
1456288681.0,79eb6d1c,1.129
1456288681.0,49a6b4d3,0.999
1456288681.0,ad6f7aae,0.979
1456288681.0,7bbd97a0,1.029
1456288681.0,dbb755da,1.099
1456288681.0,5c3d3863,1.029
1456288681.0,f7a5dd5a,1.039
1456288681.0,ce2cb57e,1.039
1456288681.0,8b0230d5,1.019
1456288681.0,95df3aa8,0.999
1456288681.0,5f71144d,0.989
1456288681.0,119b03dd,1.079
1456288681.0,5e8d6563,1.179
1456288681.0,8e940b00,1.019
1456288681.0,c8dd66ee,0.989
1456288681.0,e0ff758f,0.999
1456288681.0,9f01dc28,1.009
1456288681.0,2839dc7d,1.069
1456288681.0,2b6463d1,0.999
1456288681.0,ee6a2a3c,1.039
1456288681.0,b212ad4b,1.009
1456288681.0,bc58fcd6,1.059
1456288681.0,c1154259,0.999
1456288681.0,eb970b3f,1.019
1456288681.0,a10d5095,0.999
1456288681.0,b82e8807,1.039
1456288681.0,d89013e5,0.979
1456288681.0,ce5281ae,1.089
1456288681.0,6a1fadd6,1.069
1456288681.0,f14d7030,0.989
1456288681.0,ed56f7ed,0.989
1456288681.0,9e47d969,1.089
1456288681.0,202abd50,1.059
1456288681.0,7d36a759,0.989
1456288681.0,32669d3d,1.159
1456288681.0,35de2e09,1.029
1456288681.0,570b52de,1.039
1456288681.0,a1456bb3,1.039
1456288681.0,8cd391f3,0.979
1456288681.0,b8091458,1.009
1456288681.0,00c62f03,1.009
1456288681.0,ebefc91b,1.009
1456288681.0,a453e0de,1.039
1456288681.0,11ed7bd3,1.059
1456288681.0,edb096b5,1.029
1456288681.0,a0f3e216,1.029
1456288681.0,7490aa54,1.039
1456288681.0,714eaded,0.989
1456288681.0,0e31f374,1.029
1456288681.0,619e3c7f,0.999
1456288681.0,9354b0fc,1.009
1456288681.0,9ea3d2b6,0.999
1456288681.0,4261ea14,0.999
1456288681.0,997cbfdf,1.059
1456288681.0,48f1eeb3,1.019
1456288681.0,4f913836,0.999
1456288681.0,5f650df4,1.059
1456288681.0,155982b5,1.039
1456288681.0,5abc5719,0.999
1456288681.0,c8b41091,0.999
1456288681.0,f85abf7d,1.059
1456288681.0,d291a6c0,1.029
1456288681.0,084224e7,1.159
1456288681.0,82d9d2c3,1.059
1456288681.0,dfad7b08,1.039
1456288681.0,a5ef49c6,1.039
1456288681.0,56afcb19,0.989
1456288681.0,c3326313,0.959
1456288681.0,90f06420,0.989
1456288681.0,7a6dcdb0,1.039
1456288681.0,c495260b,0.989
1456288681.0,bdd46409,1.029
1456288681.0,5ff6d4e2,1.029
1456288681.0,bd6c269c,0.989
1456288681.0,6ddaf8c2,1.009
1456288681.0,668a9de0,0.999
1456288681.0,597ada5a,1.079
1456288681.0,250c9baa,0.999
1456288681.0,77c9f305,0.999
1456288681.0,6e899248,1.149
1456288681.0,adda6336,1.109
1456288681.0,82d40753,1.039
1456288681.0,88977ce9,1.069
1456288681.0,10ae4031,1.099
1456288681.0,777eab33,1.019
1456288681.0,bbca138f,0.989
1456288681.0,f4f5e1d8,1.079
1456288681.0,fbb672d6,0.999
1456288681.0,7b5f8374,1.039
1456288681.0,61e52b01,0.989
1456288681.0,8098495e,1.039
1456288681.0,7d502fbb,1.009
1456288681.0,eee03f6b,0.999
1456288681.0,474644ad,1.099
1456288681.0,6041e2b6,1.159
1456288681.0,ca71f476,1.039
1456288681.0,5741a508,1.019
1456288681.0,57b36972,1.149
1456288681.0,8447198d,0.999
1456288681.0,a338a4eb,0.999
1456288681.0,74775b0d,1.059
1456288681.0,67f43dec,1.139
1456288681.0,1c3b6ee2,1.069
1456288681.0,1543d9a2,1.009
1456288681.0,5f724cd6,1.019
1456288681.0,a0f41fbb,1.059
1456288681.0,76994b54,0.999
1456288681.0,1f577d83,0.999
1456288681.0,03633a4d,0.999
1456288681.0,21ccc86d,0.989
1456288681.0,d195f0c9,1.149
1456288681.0,1b481393,0.989
1456288681.0,c776555a,1.009
1456288681.0,0c1688de,0.989
1456288681.0,dd81b30a,0.999
1456288681.0,58c2b34c,0.999
1456288681.0,7a6a4fd5,0.989
1456288681.0,b215d388,1.039
1456288681.0,04508fff,0.959
1456288681.0,c6d24a24,1.059
1456288681.0,4f55919e,1.019
1456288681.0,7142929d,0.999
1456288681.0,9eabd75a,0.999
1456288681.0,57ef5f09,0.989
1456288681.0,0fc168e5,0.999
1456288681.0,560ee759,0.989
1456288681.0,f9294b46,1.039
1456288681.0,3d2f11fa,0.989
1456288681.0,57970dd5,1.009
1456288681.0,9cd1b58f,1.009
1456288681.0,524b14cc,1.059
1456288681.0,996dd733,0.989
1456288681.0,e1920309,0.979
1456288681.0,950d79ab,0.999
1456288681.0,84fa929f,1.019
1456288681.0,f8abf94c,1.089
1456288681.0,ecaab335,0.979
1456288681.0,cef089b3,0.999
1456288681.0,7dc477e0,0.999
1456288681.0,2616645b,1.039
1456288681.0,09c4d8a3,1.059
1456288681.0,6bbd3dc3,0.979
1456288681.0,44f0df58,1.029
1456288681.0,8979e403,1.039
1456288681.0,7ad9dcdf,1.049
1456288921.0,7db0ea2e,1.019
1456288921.0,cc6d6eb2,1.059
1456288921.0,3cce768e,1.159
1456288921.0,a8f5bb50,0.999
1456288921.0,464f5c00,1.009
1456288921.0,7cd1d3ec,1.139
1456288921.0,1d2b410a,0.999
1456288921.0,6769da06,1.039
1456288921.0,cea10ab0,0.999
1456288921.0,b524582e,1.009
1456288921.0,5ac9ec5a,0.979
1456288921.0,c2c059ad,1.059
1456288921.0,e0ca8158,1.079
1456288921.0,87fa15f1,1.019
1456288921.0,a23b6ab7,1.039
1456288921.0,d33e0437,1.009
1456288921.0,d1cb3372,1.039
1456288921.0,ef793ac8,1.069
1456288921.0,80e60cfc,1.059
1456288921.0,32167d7b,1.039
1456288921.0,5f67b593,1.059
1456288921.0,db49e9d2,1.059
1456288921.0,baf6a6cd,1.019
1456288921.0,340e9b8b,1.039
1456288921.0,1027f7e1,1.019
1456288921.0,,1.009
1456288921.0,896f2819,1.019
1456288921.0,6ecefdf4,1.039
1456288921.0,d2f10be7,1.089
1456288921.0,655c57b5,1.009
1456288921.0,deb8505f,1.039
1456288921.0,06c6d7b1,1.009
1456288921.0,acb93b88,1.019
1456288921.0,,0.949
1456288921.0,2820e4a6,0.969
1456288921.0,8f084a2a,0.989
1456288921.0,5087513f,1.139
1456288921.0,297818d7,1.039
1456288921.0,5ecab051,1.059
1456288921.0,a51232d3,1.019
1456288921.0,d0ecac7c,1.129
1456288921.0,75005b6a,1.099
1456288921.0,0fc08209,1.039
1456288921.0,9a8f9943,1.039
1456288921.0,,1.049
1456288921.0,56ce5673,1.039
1456288921.0,ae47fcf2,1.009
1456288921.0,43b030ef,1.019
1456288921.0,556f2f94,1.029
1456288921.0,7395c363,1.059
1456288921.0,5b68d8ad,1.039
1456288921.0,eecb0e50,1.059
1456288921.0,8371a1aa,1.039
1456288921.0,a9bfa2fb,1.009
1456288921.0,d36374e8,1.009
1456288921.0,d69a14de,1.059
1456288921.0,e16d188a,1.009
1456288921.0,d3913b4a,1.059
1456288921.0,a9d61346,0.989
1456288921.0,1276acff,1.039
1456288921.0,8720b933,1.009
1456288921.0,b6583eaf,0.949
1456288921.0,1beae976,0.999
1456288921.0,8dbae4c1,1.039
1456288921.0,b769a655,1.039
1456288921.0,31bee708,0.989
1456288921.0,f044b2d1,1.039
1456288921.0,ce5e8238,1.159
1456288921.0,7a018377,1.099
1456288921.0,9dab0bd8,1.159
1456288921.0,eefff0b8,1.009
1456288921.0,f0e3472f,1.159
1456288921.0,2c58ecc7,1.009
1456288921.0,dacaa91d,1.059
1456288921.0,a77ad37d,0.999
1456288921.0,2bd60a02,1.059
1456288921.0,c28f67a8,1.149
1456288921.0,b8bbf107,0.999
1456288921.0,c6930db9,1.039
1456288921.0,8feda8b5,1.039
1456288921.0,9f7d89ff,0.999
1456288921.0,2861d5a0,1.139
1456288921.0,59a378e4,1.039
1456288921.0,1e85a7ee,1.039
1456288921.0,387b14fd,0.989
1456288921.0,136fdac8,0.999
1456288921.0,8d5a6091,1.019
1456288921.0,6362d058,1.169
1456288921.0,85e51241,1.019
1456288921.0,9300020e,1.069
1456288921.0,89394d4f,1.089
1456288921.0,60a41d4c,0.999
1456288921.0,9c3caa26,1.099
1456288921.0,92d99a98,1.149
1456288921.0,56858967,1.149
1456288921.0,58d71582,1.059
1456288921.0,76a9774c,1.039
1456288921.0,2f0207af,1.009
1456288921.0,efd8315d,1.149
1456288921.0,db422f1f,1.149
1456288921.0,45752743,1.039
1456288921.0,92a71bb7,0.999
1456288921.0,e7b78fcf,1.019
1456288921.0,bf54e94e,1.029
1456288921.0,da976c9d,1.029
1456288921.0,0b3fd25f,1.059
1456288921.0,1d3c1b45,1.019
1456288921.0,f2d58e5e,1.149
1456288921.0,87959c0c,1.059
1456288921.0,d31ca38d,1.039
1456288921.0,9592640d,1.039
1456288921.0,75096bd1,0.969
1456288921.0,06aae991,1.039
1456288921.0,02797da2,1.009
1456288921.0,43b50967,1.029
1456288921.0,1f635eb5,1.009
1456288921.0,ef878178,1.039
1456288921.0,08506b59,1.009
1456288921.0,4d705805,1.009
1456288921.0,d63f2c51,1.039
1456288921.0,ace7c36e,1.039
1456288921.0,04ba07e6,1.119
1456288921.0,03098eb9,0.999
1456288921.0,,0.999
1456288921.0,67c2a2b3,1.149
1456288921.0,3abee862,1.039
1456288921.0,99101bcc,1.169
1456288921.0,405af975,1.179
1456288921.0,c6771c57,1.009
1456288921.0,b6387436,1.059
1456288921.0,668ec837,1.069
1456288921.0,df1d2009,1.009
1456288921.0,28bd26e0,1.169
1456288921.0,5697f128,1.009
1456288921.0,018136eb,1.039
1456288921.0,ee167171,1.099
1456288921.0,19eaaa8f,0.999
1456288921.0,b9331765,1.149
1456288921.0,f1b1a06d,0.989
1456288921.0,27792a3d,1.099
1456288921.0,82fb994b,1.099
1456288921.0,6c7a5ec7,1.089
1456288921.0,e4653a83,1.039
1456288921.0,84985353,0.989
1456288921.0,8bd77566,1.039
1456288921.0,b24e03a5,1.149
1456288921.0,89756dbc,1.159
1456288921.0,cb0a8cc8,1.009
1456288921.0,a02bf729,1.139
1456288921.0,a332486b,1.149
1456288921.0,28c041df,1.029
1456288921.0,f9b056ba,0.999
1456288921.0,e8ad44f5,1.149
1456288921.0,3589a5bc,1.059
1456288921.0,34740e34,1.009
1456288921.0,4f2880a9,1.059
1456288921.0,88ae9f44,1.019
1456288921.0,17f41d4f,1.069
1456288921.0,7a74beb2,1.179
1456288921.0,e1bc26f0,1.039
1456288921.0,9789b717,1.099
1456288921.0,916aaf2f,1.039
1456288921.0,4be880d0,1.019
1456288921.0,875e84f9,1.029
1456288921.0,d1008b23,1.019
1456288921.0,ce736f1a,1.069
1456288921.0,5b46611d,1.149
1456288921.0,a9b88996,1.139
1456288921.0,e501a8d1,1.029
1456288921.0,a6f38b75,1.099
1456288921.0,6e8e3ed0,1.039
1456288921.0,5a0fb607,1.059
1456288921.0,f4af1b17,1.039
1456288921.0,fd92c61e,1.099
1456288921.0,c59ede00,0.999
1456288921.0,131436f2,1.089
1456288921.0,d5e3ccf5,1.009
1456288921.0,b037d703,1.079
1456288921.0,310e041a,1.099
1456288921.0,5e2800be,1.039
1456288921.0,1922bce9,0.999
1456288921.0,732a1178,1.009
1456288921.0,86e62d3e,1.119
1456288921.0,b76eb8d7,1.009
1456288921.0,e4436253,0.999
1456288921.0,39c4abbc,1.039
1456288921.0,3d589997,0.999
1456288921.0,47c14a5e,1.099
1456288921.0,1a704d84,1.129
1456288921.0,74f3df02,0.999
1456288921.0,f320c081,1.029
1456288921.0,64d3fea8,1.129
1456288921.0,412e24b5,1.059
1456288921.0,c4ac8df0,1.039
1456288921.0,96f06602,1.039
1456288921.0,9087534b,1.039
1456288921.0,86b711fa,1.009
1456288921.0,860a70dd,1.059
1456288921.0,2c4dd6f0,1.089
1456288921.0,17003e91,1.059
1456288921.0,e0fd14c5,0.999
1456288921.0,123a197a,0.999
1456288921.0,466c174a,1.069
1456288921.0,bc38f274,1.009
1456288921.0,2e4ef56a,1.009
1456288921.0,1660ed2f,1.029
1456288921.0,fdfab0b9,1.019
1456288921.0,13de7212,1.059
1456288921.0,9852ddd5,0.999
1456288921.0,1d06a6fd,1.059
1456288921.0,59ac6c1c,0.999
1456288921.0,623f93b8,1.009
1456288921.0,237d6474,1.039
1456288921.0,693441d5,1.019
1456288921.0,454f4a05,1.079
1456288921.0,504da010,1.009
1456288921.0,a441d45c,1.139
1456288921.0,d48d3de5,0.989
1456288921.0,aa75d7c1,1.059
1456288921.0,f1ba09c1,1.009
1456288921.0,a4c96d17,1.099
1456288921.0,408faf33,0.989
1456288921.0,7d589b96,1.039
1456288921.0,98c12505,1.039
1456288921.0,b6ef86a2,1.089
1456288921.0,70bc5eff,1.059
1456288921.0,575bb735,1.179
1456288921.0,532a5017,1.059
1456288921.0,63ded480,1.159
1456288921.0,c3f05449,0.999
1456288921.0,6499badf,1.149
1456288921.0,8eaac040,1.039
1456288921.0,1eb0d0e5,1.009
1456288921.0,ee54e371,0.989
1456288921.0,d560f27c,1.059
1456288921.0,874e2798,1.029
1456288921.0,cfdada1d,1.039
1456288921.0,ee24a3c9,1.039
1456288921.0,3a474dd3,1.039
1456288921.0,36728450,1.039
1456288921.0,727a279d,1.029
1456288921.0,6f11a226,1.029
1456288921.0,bc6ea7eb,1.009
1456288921.0,57610ffb,1.039
1456288921.0,5353d90f,1.039
1456288921.0,544b9eb3,1.159
1456288921.0,79b68d4c,1.039
1456288921.0,bef54869,1.149
1456288921.0,4e56b21e,1.039
1456288921.0,cd48d6b6,1.009
1456288921.0,5963169b,1.099
1456288921.0,2df8fc01,1.019
1456288921.0,23328c7a,0.989
1456288921.0,ed8a5a8a,1.079
1456288921.0,8de146cf,0.999
1456288921.0,a1403540,1.039
1456288921.0,285b781f,1.059
1456288921.0,794a868c,1.009
1456288921.0,2d02e703,0.969
1456288921.0,70681f39,0.979
1456288921.0,ae7c1497,1.019
1456288921.0,9279854d,1.039
1456288921.0,33c8c51e,0.999
1456288921.0,51e1327b,1.039
1456288921.0,24ee36a0,1.019
1456288921.0,b39d969e,1.019
1456288921.0,5325ade4,1.089
1456288921.0,ebde5c50,0.989
1456288921.0,5e9aaf1c,1.019
1456288921.0,98e9a25d,1.079
1456288921.0,e5b98666,1.039
1456288921.0,1cf625f0,1.059
1456288921.0,eec8c179,1.039
1456288921.0,39fe3076,1.039
1456288921.0,6809dfa8,1.039
1456288921.0,2c0cf8f5,0.999
1456288921.0,cb37d4b9,1.039
1456288921.0,7b2a5f7c,1.039
1456288921.0,baa66b57,1.039
1456288921.0,056edfd2,1.039
1456288921.0,878510cb,1.059
1456288921.0,,1.039
1456288921.0,6cf550c8,1.009
1456288921.0,8c92cd65,1.039
1456288921.0,34f054d7,1.059
1456288921.0,e8328929,1.039
1456288921.0,67946f4f,1.009
1456288921.0,4f8db0e1,1.079
1456288921.0,c8df6e1a,1.059
1456288921.0,6d017696,1.019
1456288921.0,2a5a0676,1.039
1456288921.0,215d680b,1.159
1456288921.0,4d9daac2,1.079
1456288921.0,af07b81f,0.999
1456288921.0,b7361158,1.009
1456288921.0,868165bf,1.099
1456288921.0,365e9221,1.019
1456288921.0,0eba39cf,1.159
1456288921.0,33f1db85,1.159
1456288921.0,,0.999
1456288921.0,17c50748,1.029
1456288921.0,effb6af0,1.029
1456288921.0,e4b56a05,1.159
1456288921.0,3435fb8d,1.059
1456288921.0,f312c960,1.039
1456288921.0,ceea64c5,1.039
1456288921.0,96fed1a2,1.039
1456288921.0,41dc9205,0.949
1456288921.0,7ec3390e,1.039
1456288921.0,70a38521,1.009
1456288921.0,a1a54361,1.009
1456288921.0,5d0480fc,1.169
1456288921.0,6d10aa30,1.039
1456288921.0,6cf5b38f,1.059
1456288921.0,4f2bb69c,1.079
1456288921.0,d87d8186,1.089
1456288921.0,3e7ce5dd,0.999
1456288921.0,76c4a30b,0.999
1456288921.0,e4de6238,1.099
1456288921.0,6f118420,1.019
1456288921.0,8d66ca64,0.999
1456288921.0,8e300fb3,0.999
1456288921.0,d86b6eaf,1.029
1456288921.0,fb867340,1.179
1456288921.0,84d84a54,1.029
1456288921.0,d8154473,1.059
1456288921.0,7683a8c0,1.039
1456288921.0,6188876b,0.999
1456288921.0,29c7431a,1.089
1456288921.0,68f59abb,1.009
1456288921.0,6fb61b09,1.019
1456288921.0,2ee6700c,0.969
1456288921.0,d51a9b5e,1.099
1456288921.0,3ff7f5f2,0.999
1456288921.0,278329af,1.009
1456288921.0,e3e4bea8,1.009
1456288921.0,c1dfd045,1.039
1456288921.0,8845e1a5,1.039
1456288921.0,56db8c22,1.039
1456288921.0,c13504fe,1.059
1456288921.0,3232f3f2,1.059
1456288921.0,aaa29d7c,1.059
1456288921.0,51266623,1.179
1456288921.0,bf276ef6,1.039
1456288921.0,c960300b,1.159
1456288921.0,63257a1c,0.969
1456288921.0,be03744e,1.139
1456288921.0,c2a87587,1.029
1456288921.0,6aa3e966,1.009
1456288921.0,ac8fe45c,1.049
1456288921.0,f56256a9,1.009
1456288921.0,aa65bfee,1.039
1456288921.0,322b4a46,1.169
1456288921.0,2e852031,1.039
1456288921.0,18547ba1,1.009
1456288921.0,c1f62db6,1.149
1456288921.0,300d7670,1.079
1456288921.0,a55edb00,0.999
1456288921.0,e9c48a65,1.039
1456288921.0,356493b9,0.999
1456288921.0,1d76bf20,1.039
1456288921.0,59affa92,1.039
1456288921.0,21358755,1.179
1456288921.0,2b03c896,1.039
1456288921.0,7e0a1569,1.039
1456288921.0,6ae406fe,1.069
1456288921.0,988da765,0.999
1456288921.0,4b92e661,1.029
1456288921.0,0243f1d9,1.059
1456288921.0,0e568db0,1.059
1456288921.0,181dcd43,1.039
1456288921.0,a472716e,1.029
1456288921.0,b518e445,1.009
1456288921.0,6ea74d6f,1.059
1456288921.0,f559d01a,1.059
1456288921.0,c635730e,1.059
1456288921.0,f2b5514e,1.039
1456288921.0,93407b90,0.989
1456288921.0,2e72931a,0.999
1456288921.0,c97cc7c4,1.029
1456288921.0,f93d41bc,1.159
1456288921.0,9e3fd3b1,1.089
1456288921.0,9136fc55,1.089
1456288921.0,28932cab,1.039
1456288921.0,b791cb2d,0.999
1456288921.0,19b72b96,1.019
1456288921.0,b5d20065,1.079
1456288921.0,d8b005cb,0.939
1456288921.0,8c6a9ff5,1.059
1456288921.0,0ddddfa0,1.059
1456288921.0,b42a4f26,1.139
1456288921.0,2703d1c4,1.019
1456288921.0,b8682312,1.129
1456288921.0,543855ac,1.039
1456288921.0,fbb19847,1.059
1456288921.0,5260998a,0.979
1456288921.0,be34191b,1.009
1456288921.0,72d303e8,0.999
1456288921.0,b5b5497e,0.999
1456288921.0,4a9b4bb1,1.039
1456288921.0,374e91b4,1.009
1456288921.0,1aa38dcc,1.049
1456288921.0,f0261559,1.149
1456288921.0,c44abeea,1.039
1456288921.0,f060b95e,1.009
1456288921.0,cc9281aa,1.059
1456288921.0,820ce6ed,1.029
1456288921.0,22521c52,1.039
1456288921.0,cb409a1c,1.039
1456288921.0,959e4b35,1.149
1456288921.0,38ec146a,1.079
1456288921.0,e3669521,1.089
1456288921.0,7a630a93,1.059
1456288921.0,75ed1160,1.019
1456288921.0,c88259dc,1.159
1456288921.0,f5a1aba3,1.119
1456288921.0,0345dfe7,0.999
1456288921.0,38b019be,1.029
1456288921.0,c3efdbea,1.039
1456288921.0,39c2a91f,0.989
1456288921.0,a59df71b,1.039
1456288921.0,0e367b40,1.149
1456288921.0,f9512832,1.039
1456288921.0,c0bb7774,1.059
1456288921.0,fec908f7,1.049
1456288921.0,d717e4c7,1.129
1456288921.0,d1ac10cc,0.999
1456288921.0,9c59b375,1.059
1456288921.0,ba2fdbe6,1.039
1456288921.0,5aeee11f,1.039
1456288921.0,ba78050b,1.039
1456288921.0,3af55c11,1.039
1456288921.0,835a8691,1.099
1456288921.0,a2346f9b,1.149
1456288921.0,15807244,1.039
1456288921.0,fdc55c51,1.019
1456288921.0,3f195c1b,1.129
1456288921.0,dab2adef,1.039
1456288921.0,a335cad7,1.039
1456288921.0,e80747bb,1.089
1456288921.0,82130afe,1.059
1456288921.0,57525dc2,1.139
1456288921.0,03261265,1.049
1456288921.0,de0d13cd,1.099
1456288921.0,aa46c43b,0.929
1456288921.0,9e91033c,1.009
1456288921.0,,1.059
1456288921.0,ed5d3dbd,1.149
1456288921.0,47196a5d,1.059
1456288921.0,e5658344,1.159
1456288921.0,b0c0a395,1.059
1456288921.0,6a1dd3bb,1.049
1456288921.0,53d2ed19,1.099
1456288921.0,5fcd0ac6,1.039
1456288921.0,e109622e,1.039
1456288921.0,86622959,1.049
1456288921.0,ece6b02f,1.039
1456288921.0,42c34934,0.969
1456288921.0,993296db,1.149
1456288921.0,0daf2906,1.029
1456288921.0,2323e5c3,1.059
1456288921.0,057738a5,1.039
1456288921.0,ecf85bf9,1.019
1456288921.0,5cb012ef,1.089
1456288921.0,d5d87feb,1.009
1456288921.0,ee9b9dc5,1.009
1456288921.0,13ca0d8f,1.059
1456288921.0,8d8152a0,1.149
1456288921.0,1858a39e,1.039
1456288921.0,0f245a0f,1.039
1456288921.0,e60668f4,1.099
1456288921.0,7f3bdc08,0.999
1456288921.0,37bb70be,1.009
1456288921.0,fee47ded,1.039
1456288921.0,39c2af9c,1.039
1456288921.0,4986d1aa,1.149
1456288921.0,4ce21f31,1.079
1456288921.0,fbddd358,1.049
1456288921.0,47f0950d,0.989
1456288921.0,9cc7617e,0.999
1456288921.0,f5268ec9,1.079
1456288921.0,9fbde140,1.039
1456288921.0,8c81c551,1.099
1456288921.0,7232ac4c,1.019
1456288921.0,3fb149fc,1.039
1456288921.0,37350fbc,1.009
1456288921.0,c611aa66,1.039
1456288921.0,147959b5,1.039
1456288921.0,1cc4daa8,1.019
1456288921.0,bc6a3d8b,1.159
1456288921.0,874bffae,1.029
1456288921.0,1425b025,1.049
1456288921.0,60804656,0.999
1456288921.0,7390d2d3,1.159
1456288921.0,ad852670,1.039
1456288921.0,754da3ab,1.039
1456288921.0,5fd380ef,1.039
1456288921.0,10ffd5b9,0.999
1456288921.0,1464ac8a,1.039
1456288921.0,a1a059cc,1.049
1456288921.0,947b9ef2,0.989
1456288921.0,dd7c2cef,0.999
1456288921.0,abba0a2d,1.039
1456288921.0,684e26a4,1.149
1456288921.0,147f3142,1.049
1456288921.0,7a9eef7e,1.039
1456288921.0,1acb5863,1.089
1456288921.0,b862e775,1.069
1456288921.0,f044fc49,1.099
1456288921.0,b8088ed5,1.009
1456288921.0,b2c3faec,1.149
1456288921.0,6f047352,0.969
1456288921.0,c366f7fc,1.139
1456288921.0,52492fd5,1.029
1456288921.0,341d054c,1.019
1456288921.0,0e995a71,1.139
1456288921.0,d97e33d2,1.149
1456288921.0,16ff16ba,1.059
1456288921.0,dc6e88b0,1.059
1456288921.0,ebdb10e8,1.059
1456288921.0,174ab84b,1.009
1456288921.0,982ba5cc,1.039
1456288921.0,bfaaf354,1.159
1456288921.0,79b3e9cf,1.079
1456288921.0,cbd96815,1.059
1456288921.0,8c2be7ba,1.119
1456288921.0,a601b597,1.019
1456288921.0,da20711a,1.149
1456288921.0,450f3a21,1.049
1456288921.0,2ad0a689,1.099
1456288921.0,1cc005a8,0.999
1456288921.0,5e983c4b,1.059
1456288921.0,2d58a414,1.079
1456288921.0,33f1b5fe,1.009
1456288921.0,392b75a8,0.989
1456288921.0,834f6271,1.009
1456288921.0,58cb2ae4,1.129
1456288921.0,f8080a8e,1.059
1456288921.0,1e05521d,1.009
1456288921.0,5b2c0b33,0.999
1456288921.0,f25ee766,1.179
1456288921.0,7cce432f,1.039
1456288921.0,0baaf637,1.039
1456288921.0,2e1573c2,1.119
1456288921.0,968f2fb0,1.059
1456288921.0,dfb76cf3,1.039
1456288921.0,2e64cc2e,1.139
1456288921.0,d375e9a2,1.009
1456288921.0,a870af34,1.099
1456288921.0,19feb15d,1.059
1456288921.0,c9333668,1.009
1456288921.0,a580c6ad,1.129
1456288921.0,0d6425bc,1.149
1456288921.0,4e694e7a,1.009
1456288921.0,c09f1e3e,1.059
1456288921.0,7ebce3f0,1.019
1456288921.0,b636f504,1.009
1456288921.0,9200bb2c,1.069
1456288921.0,e433bf13,1.009
1456288921.0,64784ae8,1.169
1456288921.0,c4eb2874,1.179
1456288921.0,efdee81f,1.149
1456288921.0,4d79856a,1.039
1456288921.0,243c29de,1.019
1456288921.0,3b0fb08c,1.099
1456288921.0,ddb539ed,1.039
1456288921.0,e21e887d,1.089
1456288921.0,41b2d714,1.059
1456288921.0,da3bfceb,1.009
1456288921.0,b4154d71,1.039
1456288921.0,5e8ffc69,1.039
1456288921.0,77409cad,1.059
1456288921.0,88dd7fc5,1.169
1456288921.0,7edfe29f,1.059
1456288921.0,6c663a7b,1.099
1456288921.0,00eb6334,0.999
1456288921.0,e74667af,1.089
1456288921.0,8a8346fc,1.089
1456288921.0,568d33c2,1.169
1456288921.0,855fc4f2,1.009
1456288921.0,f56f3208,1.029
1456288921.0,fb80b39a,1.129
1456288921.0,a6a9676b,1.059
1456288921.0,7771a21d,1.089
1456288921.0,1b5356f1,1.099
1456288921.0,b4a05b7f,1.009
1456288921.0,cf0f7009,1.019
1456288921.0,f01bd5b6,1.059
1456288921.0,edde0c0f,1.159
1456288921.0,286dd7d9,1.039
1456288921.0,6bbab4fd,1.099
1456288921.0,a8e52643,1.039
1456288921.0,3b50751f,0.999
1456288921.0,9264eade,1.039
1456288921.0,7a475c04,1.099
1456288921.0,49119bd2,0.999
1456288921.0,a0239e5c,0.959
1456288921.0,8d39e4b4,1.079
1456288921.0,aa2018b8,1.059
1456288921.0,017f1d73,0.999
1456288921.0,0fb24e7d,1.039
1456288921.0,433cd102,0.999
1456288921.0,8c5ae0bd,1.059
1456288921.0,eb3c6430,1.039
1456288921.0,f97a19ce,1.029
1456288921.0,9425b86b,1.009
1456288921.0,69c73a78,1.089
1456288921.0,d0b8a1f7,1.039
1456288921.0,cb47b300,1.009
1456288921.0,69137adc,1.039
1456288921.0,9eb9c031,1.039
1456288921.0,6ff38393,1.089
1456288921.0,a042f697,1.039
1456288921.0,abb8ccea,1.039
1456288921.0,04b38cb5,1.039
1456288921.0,b962ee53,1.039
1456288921.0,635564fa,1.089
1456288921.0,b5883920,1.079
1456288921.0,9410a8d1,1.059
1456288921.0,6e065b53,1.099
1456288921.0,327ea807,1.019
1456288921.0,f14d6045,1.039
1456288921.0,ae505f44,1.069
1456288921.0,b6458958,1.029
1456288921.0,f659a576,1.039
1456288921.0,73d6d267,1.089
1456288921.0,04aefaad,1.039
1456288921.0,579ffc07,1.039
1456288921.0,76f9948e,1.159
1456288921.0,853debfa,1.039
1456288921.0,5446812c,1.009
1456288921.0,ecf2754f,1.059
1456288921.0,a9b8fb74,1.039
1456288921.0,0f7cd5d5,1.049
1456288921.0,e4c3638f,1.169
1456288921.0,c8b54491,1.039
1456288921.0,3bf46d9b,1.089
1456288921.0,152983d0,1.009
1456288921.0,c0f54c09,1.039
1456288921.0,18db456a,1.019
1456288921.0,aed2f04c,1.059
1456288921.0,cada2616,1.039
1456288921.0,29d690c6,1.039
1456288921.0,9eb320c2,1.039
1456288921.0,d371719e,1.009
1456288921.0,39c16317,0.989
1456288921.0,f290a992,0.989
1456288921.0,2b890110,0.989
1456288921.0,f1f57418,0.979
1456288921.0,8d30c99a,0.989
1456288921.0,de162c11,0.949
1456288921.0,8bbd302b,0.999
1456288921.0,b8e4e564,0.979
1456288921.0,a167f6d7,0.999
1456288921.0,87298a04,0.999
1456288921.0,6a5b57f4,1.099
1456288921.0,053f1320,1.009
1456288921.0,d01ea35a,1.039
1456288921.0,a0088371,1.169
1456288921.0,e8775be0,1.059
1456288921.0,5ac69ef8,1.129
1456288921.0,7b5a8540,0.999
1456288921.0,7b8e3478,1.049
1456288921.0,64e31076,1.079
1456288921.0,0f5578bb,1.099
1456288921.0,6f65a418,1.139
1456288921.0,b27d26fa,1.159
1456288921.0,042a624d,0.999
1456288921.0,5f8076ef,1.009
1456288921.0,c97d17c7,1.039
1456288921.0,d2c2433a,1.079
1456288921.0,07d4d93c,1.039
1456288921.0,5693dbae,1.159
1456288921.0,241c63b0,1.099
1456288921.0,f0910caa,1.059
1456288921.0,e4ff2e3f,1.009
1456288921.0,256e6d2f,1.099
1456288921.0,2178a97e,1.049
1456288921.0,bc09f6c1,1.039
1456288921.0,e64fba92,0.989
1456288921.0,5f3a075f,1.019
1456288921.0,7c85d6ed,1.009
1456288921.0,821e5bd3,0.999
1456288921.0,331cb87c,1.059
1456288921.0,e410897d,1.009
1456288921.0,1403b858,1.099
1456288921.0,741c727e,1.039
1456288921.0,f88288ac,1.059
1456288921.0,68e1f6e3,0.999
1456288921.0,8b273d28,0.989
1456288921.0,46d1ac1a,1.099
1456288921.0,d639792f,1.059
1456288921.0,5c335fc8,0.979
1456288921.0,740b387e,1.149
1456288921.0,7cb03693,1.039
1456288921.0,c1b38961,1.149
1456288921.0,e3a2ddca,0.999
1456288921.0,b76902b4,1.099
1456288921.0,4c14d834,0.999
1456288921.0,32e6abfd,0.999
1456288921.0,e34047b9,1.069
1456288921.0,1720dec9,1.009
1456288921.0,cbf2e960,1.169
1456288921.0,b2590879,1.089
1456288921.0,b093e5e6,1.089
1456288921.0,1a48cf2f,1.049
1456288921.0,f22ce4a2,1.009
1456288921.0,66444795,0.979
1456288921.0,6e44cd2d,1.009
1456288921.0,0eeb22de,1.089
1456288921.0,6db0e332,1.009
1456288921.0,8f8ade78,1.039
1456288921.0,a6ab5dd8,1.139
1456288921.0,502fb54b,1.059
1456288921.0,02e680f9,1.019
1456288921.0,6bd698e2,0.999
1456288921.0,5270f932,1.159
1456288921.0,7ec09a5a,1.159
1456288921.0,b927af62,1.019
1456288921.0,799875f1,1.159
1456288921.0,,1.049
1456288921.0,ddb4781d,0.999
1456288921.0,ed1587ed,1.139
1456288921.0,28b3e0b6,1.039
1456288921.0,be7b9424,1.039
1456288921.0,9dd2f35d,1.039
1456288921.0,70f30d88,1.039
1456288921.0,dbdba84f,0.919
1456288921.0,91666de8,1.159
1456288921.0,37a8af42,1.059
1456288921.0,afed3ef4,0.999
1456288921.0,2a4d5e67,1.069
1456288921.0,0b152e4a,1.029
1456288921.0,7f42a07f,1.039
1456289161.0,ae0b5a92,0.999
1456289161.0,5f00ab6a,0.979
1456289161.0,716f400f,0.989
1456289161.0,7f555c9e,0.979
1456289161.0,b3d1f607,0.989
1456289161.0,3f1cb112,0.979
1456289161.0,739b04c0,0.989
1456289161.0,91c611ad,0.999
1456289161.0,cf18b057,0.999
1456289161.0,3c5b5221,0.999
1456289161.0,ff6209cb,1.029
1456289161.0,d3835601,0.999
1456289161.0,23e41d8c,0.999
1456289161.0,8175f3cb,1.009
1456289161.0,bb34b27f,1.009
1456289161.0,e76cdeb7,0.979
1456289161.0,df009d5a,0.999
1456289161.0,5426515a,1.009
1456289161.0,885b2e54,1.019
1456289161.0,ba9a540e,1.149
1456289161.0,f15b5390,1.029
1456289161.0,a447b2ea,1.039
1456289161.0,9cdd4f3a,1.009
1456289161.0,c8fac997,0.999
1456289161.0,c6d2e518,1.009
1456289161.0,33d56fd4,0.999
1456289161.0,e64f148b,1.099
1456289161.0,3909e8e8,1.009
1456289161.0,9b5cfe0e,0.919
1456289161.0,2d591431,0.999
1456289161.0,74767a2c,1.099
1456289161.0,26e44f69,1.039
1456289161.0,5f7106c3,1.009
1456289161.0,5ce9d453,1.009
1456289161.0,1d57ebaf,1.009
1456289161.0,ddaef23c,1.039
1456289161.0,3aecb034,1.039
1456289161.0,9d51c1aa,1.009
1456289161.0,c62a443d,1.039
1456289161.0,2fcd527f,1.009
1456289161.0,d5dd2680,0.969
1456289161.0,bd52c7bf,1.009
1456289161.0,1262b7a3,0.999
1456289161.0,,0.999
1456289161.0,655c57b5,0.999
1456289161.0,c65f2d75,1.029
1456289161.0,cddcaea4,0.989
1456289161.0,2410740f,0.999
1456289161.0,b5464430,1.139
1456289161.0,1de97778,1.009
1456289161.0,7387def2,1.009
1456289161.0,dd52b873,1.019
1456289161.0,2228d8bc,1.039
1456289161.0,302b9338,1.019
1456289161.0,d98c0af9,1.009
1456289161.0,d09811d3,1.089
1456289161.0,5550eba8,1.009
1456289161.0,1e9c1caa,0.999
1456289161.0,ac4f6a54,0.989
1456289161.0,b6b02da9,0.969
1456289161.0,5f3ccc40,0.989
1456289161.0,0eaf6606,1.149
1456289161.0,f88a40bc,0.979
1456289161.0,d4770cdf,1.009
1456289161.0,dd1126e0,1.009
1456289161.0,83cf5969,1.099
1456289161.0,b2c67780,1.009
1456289161.0,602cea26,1.019
1456289161.0,ad0995a1,0.969
1456289161.0,4f72fca5,1.039
1456289161.0,cfc34477,1.009
1456289161.0,a16c8d86,1.149
1456289161.0,902ccc5b,1.039
1456289161.0,baa200b9,1.039
1456289161.0,dc36cd86,1.059
1456289161.0,3870ca4c,1.039
1456289161.0,efacbc65,0.989
1456289161.0,a25aae71,1.089
1456289161.0,91e0ee78,1.039
1456289161.0,2778bb34,1.029
1456289161.0,8d7db884,1.039
1456289161.0,a14af66a,1.149
1456289161.0,a176d119,1.049
1456289161.0,69c4db90,1.029
1456289161.0,a27aa278,1.009
1456289161.0,572bb7e5,0.999
1456289161.0,d489f647,0.999
1456289161.0,93da27ed,0.979
1456289161.0,6a8da366,0.999
1456289161.0,7b9f0ef9,1.029
1456289161.0,8bb9b028,0.989
1456289161.0,1c5ed232,1.039
1456289161.0,0db4d96c,1.039
1456289161.0,,0.999
1456289161.0,a470edc3,0.999
1456289161.0,1bbf25c0,0.989
1456289161.0,26dc2927,1.059
1456289161.0,e2266b20,1.039
1456289161.0,f6746552,1.129
1456289161.0,1b5ef1d1,1.099
1456289161.0,0622b5eb,1.009
1456289161.0,6938babb,0.999
1456289161.0,88ed2626,1.059
1456289161.0,bc8423b8,1.059
1456289161.0,ed2deb3d,1.009
1456289161.0,f3608951,0.999
1456289161.0,a08b0e98,1.059
1456289161.0,c67cc2dd,1.019
1456289161.0,3c7bc366,1.059
1456289161.0,37427601,1.009
1456289161.0,ddd25787,1.019
1456289161.0,67b9bbe5,1.079
1456289161.0,b90ce0f4,0.999
1456289161.0,2f231204,0.989
1456289161.0,9baa546c,1.019
1456289161.0,90004d8a,0.999
1456289161.0,3b3e1ce0,0.989
1456289161.0,e28599f0,1.019
1456289161.0,8f6a43ef,0.999
1456289161.0,d500f94f,1.019
1456289161.0,84b346b1,1.019
1456289161.0,f86a6ea1,1.099
1456289161.0,5a5b83e5,1.009
1456289161.0,9b358c84,0.959
1456289161.0,30ab5003,0.999
1456289161.0,ed56981f,0.999
1456289161.0,8659a4a3,1.019
1456289161.0,982ef9d8,0.999
1456289161.0,45edf39e,0.999
1456289161.0,1650abb4,1.099
1456289161.0,025d09a7,1.059
1456289161.0,d1b70ad0,0.979
1456289161.0,192ba8fb,1.009
1456289161.0,6f53ff69,1.009
1456289161.0,69a8b3d2,1.099
1456289161.0,af622e10,1.019
1456289161.0,be8e21ab,1.019
1456289161.0,1f7b82e5,1.009
1456289161.0,44dd8de5,1.019
1456289161.0,9c044e4f,1.039
1456289161.0,1fcd9128,0.979
1456289161.0,533ac141,1.039
1456289161.0,1d86aff5,0.999
1456289161.0,b4bef9a6,0.999
1456289161.0,8eb14afc,1.039
1456289161.0,,1.019
1456289161.0,e5a12873,1.139
1456289161.0,b4b8fe99,1.099
1456289161.0,610a0f34,1.039
1456289161.0,e3667aa9,1.039
1456289161.0,92bebd84,1.009
1456289161.0,45dd43b7,0.989
1456289161.0,c56a25e8,0.989
1456289161.0,adb0e3b5,0.999
1456289161.0,48a40a0d,1.089
1456289161.0,632dad6b,1.009
1456289161.0,1cd02c26,1.149
1456289161.0,deadb46b,1.039
1456289161.0,0dac1cdc,1.039
1456289161.0,6568fb81,1.009
1456289161.0,d10538bd,0.989
1456289161.0,209105a0,1.159
1456289161.0,d596df4f,1.019
1456289161.0,2aa06f6e,1.019
1456289161.0,c78085b8,1.059
1456289161.0,1d223722,1.059
1456289161.0,64542f0d,0.999
1456289161.0,eabde0e7,0.999
1456289161.0,f79bb7dd,1.009
1456289161.0,90057d6c,0.999
1456289161.0,eaa98c1c,1.039
1456289161.0,2cdb8a62,0.969
1456289161.0,acc17656,1.059
1456289161.0,3dbf1358,1.059
1456289161.0,13d61eea,1.039
1456289161.0,5e363c03,0.999
1456289161.0,59d94ded,1.059
1456289161.0,1ed6826b,1.009
1456289161.0,fc998162,1.019
1456289161.0,e5b18dec,0.999
1456289161.0,0f173106,1.009
1456289161.0,abac441c,1.159
1456289161.0,204c6f01,1.049
1456289161.0,c219585c,1.039
1456289161.0,251b8d8a,1.009
1456289161.0,e25e53b1,1.019
1456289161.0,5318f3a8,1.019
1456289161.0,51885ea3,0.999
1456289161.0,c372d047,0.999
1456289161.0,3c4c7ab9,0.999
1456289161.0,d854b7df,1.039
1456289161.0,4517cdd2,1.159
1456289161.0,1b9ef516,1.099
1456289161.0,aff519f2,0.989
1456289161.0,d7d438ac,1.009
1456289161.0,0d9f89b8,0.999
1456289161.0,305b11b7,0.999
1456289161.0,c6306633,0.999
1456289161.0,b615461b,0.999
1456289161.0,57636a29,1.059
1456289161.0,325a3e8f,1.039
1456289161.0,d7523cd4,1.039
1456289161.0,e20c7066,1.129
1456289161.0,,1.009
1456289161.0,aca2d2bc,1.179
1456289161.0,efb9c112,0.999
1456289161.0,1d0693d6,1.039
1456289161.0,4aa4382f,1.059
1456289161.0,d9d4a6fe,0.999
1456289161.0,9ec908ec,1.009
1456289161.0,fd92c61e,1.099
1456289161.0,f8ebbae1,1.009
1456289161.0,227099c3,1.179
1456289161.0,c69497b1,0.999
1456289161.0,e1e7fd9f,0.999
1456289161.0,d088285e,0.999
1456289161.0,c8216f55,1.169
1456289161.0,c680f14f,1.009
1456289161.0,40eead28,1.139
1456289161.0,21c136e4,0.959
1456289161.0,f903d8b7,1.039
1456289161.0,be6d21fe,1.069
1456289161.0,410ba324,1.009
1456289161.0,5bbe0a9d,1.039
1456289161.0,2b30a775,0.989
1456289161.0,b49fc8ed,1.009
1456289161.0,7e67d294,1.059
1456289161.0,598ebfd8,1.029
1456289161.0,a7eae27d,1.009
1456289161.0,ee0b2b76,0.989
1456289161.0,f6d88954,0.999
1456289161.0,fbf6da0b,0.969
1456289161.0,d20d5219,1.099
1456289161.0,3b06308c,1.019
1456289161.0,,0.999
1456289161.0,70efa82e,1.029
1456289161.0,9612e9a3,1.009
1456289161.0,,1.009
1456289161.0,2f1bf151,0.999
1456289161.0,9dca124a,0.999
1456289161.0,efc3cb20,0.989
1456289161.0,1c370637,0.999
1456289161.0,e87c38cc,1.059
1456289161.0,c6729739,0.999
1456289161.0,b1274f69,0.999
1456289161.0,b892ab69,1.009
1456289161.0,ec0f640c,1.009
1456289161.0,ed74a070,1.039
1456289161.0,2c4dd6f0,0.999
1456289161.0,ba636b7b,1.009
1456289161.0,c302d35e,1.039
1456289161.0,6647542f,1.039
1456289161.0,63796bb7,0.999
1456289161.0,03719a0b,1.009
1456289161.0,f84d262d,1.009
1456289161.0,b5dfdabd,1.009
1456289161.0,0ec0905b,0.979
1456289161.0,3bb74884,1.039
1456289161.0,5f59e3c7,1.019
1456289161.0,dd2ff1a4,1.019
1456289161.0,b840a41d,1.059
1456289161.0,1445b4c6,0.999
1456289161.0,2da54b83,1.009
1456289161.0,693a4986,1.009
1456289161.0,b84fb396,0.999
1456289161.0,776ee4f1,0.999
1456289161.0,f9b9ebef,0.999
1456289161.0,759c0ad5,1.009
1456289161.0,a4c96d17,1.099
1456289161.0,73b32664,0.999
1456289161.0,c6d5ab7e,1.039
1456289161.0,7800fa83,1.009
1456289161.0,4c906efb,0.989
1456289161.0,1fcf6368,1.019
1456289161.0,f6301788,1.149
1456289161.0,520a4a19,0.999
1456289161.0,860dceaa,0.999
1456289161.0,9b0b4894,0.959
1456289161.0,5900ebe4,1.009
1456289161.0,9fd35589,1.009
1456289161.0,0bec4dba,0.939
1456289161.0,6a4ad02d,1.009
1456289161.0,cf235e84,1.039
1456289161.0,8eaac040,1.009
1456289161.0,8e306a91,0.989
1456289161.0,0c558324,1.019
1456289161.0,78c97f05,1.099
1456289161.0,bd986553,1.089
1456289161.0,60429413,1.009
1456289161.0,5f32b37f,1.019
1456289161.0,de2c9edf,0.999
1456289161.0,dbad6afc,1.009
1456289161.0,40a98fc9,1.009
1456289161.0,096e5f7a,0.959
1456289161.0,d36f6c02,1.099
1456289161.0,b6510a87,1.059
1456289161.0,67185f46,0.999
1456289161.0,89255a1b,1.009
1456289161.0,8642884a,1.029
1456289161.0,78767dc5,1.019
1456289161.0,5d8781bf,0.999
1456289161.0,8b9c037d,1.009
1456289161.0,103696f9,1.039
1456289161.0,f7aa1ff1,1.009
1456289161.0,077be4df,1.039
1456289161.0,9cb577d8,1.039
1456289161.0,ae03a260,1.059
1456289161.0,e0d89735,1.049
1456289161.0,3dde29b4,1.039
1456289161.0,1b9c9285,1.019
1456289161.0,a6fdc066,0.999
1456289161.0,907c9e39,1.019
1456289161.0,f6e29329,1.019
1456289161.0,ce45fa96,0.999
1456289161.0,38b12dcf,0.999
1456289161.0,369db971,1.009
1456289161.0,7b487a7f,0.959
1456289161.0,c699c115,1.009
1456289161.0,d7cd0f44,1.159
1456289161.0,181a93a7,1.009
1456289161.0,b30ca48e,1.159
1456289161.0,a438cba7,1.009
1456289161.0,dac3b9fb,1.009
1456289161.0,90a59266,0.979
1456289161.0,5ba0908f,0.999
1456289161.0,c72ef065,1.099
1456289161.0,d443343e,1.049
1456289161.0,457bd3fb,1.039
1456289161.0,3b5de5d2,0.979
1456289161.0,e0d2c90f,1.039
1456289161.0,863245a5,1.009
1456289161.0,95be41d3,0.999
1456289161.0,210ec430,0.999
1456289161.0,fbe659ab,0.969
1456289161.0,e80ba165,0.959
1456289161.0,1c239584,1.039
1456289161.0,af12e3b6,1.019
1456289161.0,8cdff641,0.989
1456289161.0,95a26ce2,0.989
1456289161.0,671cf752,1.054
1456289161.0,ffe4ba98,0.999
1456289161.0,bfb7a4d6,1.149
1456289161.0,26613c3a,1.159
1456289161.0,1e2441ce,1.009
1456289161.0,c7b90ec6,1.009
1456289161.0,013daa88,1.009
1456289161.0,c804ac06,1.029
1456289161.0,b8ede601,0.999
1456289161.0,0aad0d01,0.999
1456289161.0,c8dc6d04,0.999
1456289161.0,98624c5c,0.999
1456289161.0,066bd102,1.039
1456289161.0,521538f8,0.999
1456289161.0,10d64a25,1.009
1456289161.0,6d8d97a4,1.009
1456289161.0,92e54876,1.149
1456289161.0,54e1e6e2,1.009
1456289161.0,a446fffa,0.979
1456289161.0,85a27935,0.999
1456289161.0,5e1008fc,1.039
1456289161.0,0290389c,0.979
1456289161.0,100b6cf2,1.039
1456289161.0,adf8d23a,0.999
1456289161.0,256da341,1.059
1456289161.0,99148d2d,1.049
1456289161.0,02516583,1.059
1456289161.0,cb2bffd6,1.159
1456289161.0,4369b2a7,1.009
1456289161.0,83b18a20,0.989
1456289161.0,64d3ba48,1.039
1456289161.0,c9c72865,0.969
1456289161.0,17bc7e07,1.059
1456289161.0,,1.049
1456289161.0,b683841e,1.009
1456289161.0,a7f164b3,1.019
1456289161.0,c1bc16cb,1.069
1456289161.0,8d2a1873,0.999
1456289161.0,ccd1f9f2,1.039
1456289161.0,268d8ff7,1.039
1456289161.0,2ee62167,1.099
1456289161.0,4f2bb69c,1.079
1456289161.0,90f5114b,0.999
1456289161.0,4d90c00c,1.024
1456289161.0,64cf2668,0.999
1456289161.0,bcb00f3f,0.999
1456289161.0,72c6e33b,0.979
1456289161.0,ba0a2255,1.159
1456289161.0,badcf1ca,1.009
1456289161.0,a2283cb3,1.019
1456289161.0,60ccb68d,1.019
1456289161.0,4a2d620a,0.989
1456289161.0,ff138580,0.999
1456289161.0,b4c8d60e,0.989
1456289161.0,bd525580,1.019
1456289161.0,e1df3a0f,1.059
1456289161.0,2cbd6d3c,0.999
1456289161.0,1bc36219,1.019
1456289161.0,61c492dd,1.019
1456289161.0,802f8091,1.009
1456289161.0,fe454b1d,1.009
1456289161.0,d811c7b5,1.039
1456289161.0,f63ac751,0.989
1456289161.0,8b20c3e0,0.959
1456289161.0,7af9d9ad,1.039
1456289161.0,4331b36c,1.039
1456289161.0,bbe091e3,1.009
1456289161.0,c569cea2,1.039
1456289161.0,813fd6aa,0.999
1456289161.0,0716682f,1.009
1456289161.0,1c358963,1.039
1456289161.0,c390d56a,1.159
1456289161.0,ce969ca1,1.009
1456289161.0,bd925387,1.039
1456289161.0,61149352,1.039
1456289161.0,f32894b0,1.019
1456289161.0,,1.039
1456289161.0,f574fa00,1.009
1456289161.0,ec81af8f,1.059
1456289161.0,,1.009
1456289161.0,0e752181,1.059
1456289161.0,5282e595,1.039
1456289161.0,4b71d2b1,1.019
1456289161.0,7fa657a5,1.169
1456289161.0,b619a09c,0.959
1456289161.0,d9e58766,1.039
1456289161.0,c33ca0b5,0.999
1456289161.0,164df318,1.109
1456289161.0,330ca499,1.039
1456289161.0,81529fdc,0.999
1456289161.0,e181d5d0,0.999
1456289161.0,546336fa,1.009
1456289161.0,b026b716,1.019
1456289161.0,4d15a2cc,0.989
1456289161.0,ede4801f,1.169
1456289161.0,4514d1c7,1.039
1456289161.0,0d0f23bd,1.149
1456289161.0,fa49aabc,1.009
1456289161.0,f6d63084,0.989
1456289161.0,85a2d988,0.989
1456289161.0,de567861,1.039
1456289161.0,f960ce49,1.129
1456289161.0,24797e98,0.999
1456289161.0,f654bb63,0.999
1456289161.0,9a0bacc1,1.009
1456289161.0,5928fc5b,1.039
1456289161.0,868d1b66,0.999
1456289161.0,25a832ea,0.999
1456289161.0,f7f4f1c0,0.989
1456289161.0,82ca3bd9,1.019
1456289161.0,4bdede16,0.989
1456289161.0,6b72bc31,1.039
1456289161.0,4cb2a111,0.989
1456289161.0,acd5644c,0.999
1456289161.0,8b68e5d5,1.039
1456289161.0,ab937a23,1.019
1456289161.0,dcb337e4,1.029
1456289161.0,7ddbfdc8,0.959
1456289161.0,21fb52c4,1.009
1456289161.0,41c3b887,1.039
1456289161.0,550ebfc1,0.999
1456289161.0,6174c30f,1.009
1456289161.0,3ad4d1ba,1.019
1456289161.0,5d693719,1.059
1456289161.0,bb289d26,1.079
1456289161.0,63904947,0.989
1456289161.0,b760e17f,0.989
1456289161.0,e6fdbd0c,1.009
1456289161.0,496a23e0,1.009
1456289161.0,cf451fce,1.059
1456289161.0,ed93716a,0.999
1456289161.0,7cf7e16b,0.999
1456289161.0,19b72b96,1.019
1456289161.0,d319e0cd,1.029
1456289161.0,9520e162,1.009
1456289161.0,0cd37e1e,1.059
1456289161.0,8a3aa486,1.029
1456289161.0,81b79933,1.009
1456289161.0,d54da67a,1.059
1456289161.0,2ab14021,1.009
1456289161.0,3920b5a4,1.019
1456289161.0,2b428719,0.999
1456289161.0,1f52483c,0.999
1456289161.0,9ca777a2,1.029
1456289161.0,4abdf635,0.969
1456289161.0,a9ad29e3,1.149
1456289161.0,dc9494a5,1.039
1456289161.0,15afd395,0.999
1456289161.0,46950b68,0.999
1456289161.0,4bb3c1ba,1.079
1456289161.0,6643d108,1.039
1456289161.0,f7fc57ea,1.039
1456289161.0,fb5125c0,0.999
1456289161.0,6c260eb8,1.039
1456289161.0,9f51dbf4,0.989
1456289161.0,b806e359,1.039
1456289161.0,add1235c,1.059
1456289161.0,424834c6,1.039
1456289161.0,27fede19,1.009
1456289161.0,1b2380b6,1.039
1456289161.0,ccecf336,1.009
1456289161.0,2c5f3e59,0.999
1456289161.0,d5a420b3,1.049
1456289161.0,a4dec78a,1.099
1456289161.0,f7b78f12,1.059
1456289161.0,9f4bb5cf,1.019
1456289161.0,0eef2037,0.999
1456289161.0,830e3a6b,1.039
1456289161.0,8acfd379,1.009
1456289161.0,9fc5c687,0.989
1456289161.0,80e97677,1.019
1456289161.0,3af55c11,1.009
1456289161.0,ef80a9d5,0.989
1456289161.0,4367b614,1.039
1456289161.0,bc3ec897,1.009
1456289161.0,243cd548,1.079
1456289161.0,2d4ea0c1,1.009
1456289161.0,16cc4c6d,0.999
1456289161.0,0fe71322,1.009
1456289161.0,7d6631ad,0.999
1456289161.0,29f1d304,0.929
1456289161.0,18ecad37,1.039
1456289161.0,cfbd6d9d,1.019
1456289161.0,0ea9619d,1.009
1456289161.0,8bce4624,0.999
1456289161.0,b6f2c106,0.989
1456289161.0,1947b494,1.059
1456289161.0,dff7e38b,1.009
1456289161.0,ae5d2bb7,1.059
1456289161.0,94686fc0,1.009
1456289161.0,71e0a0d1,1.009
1456289161.0,b9c82901,1.039
1456289161.0,3bcc58f2,1.009
1456289161.0,0e31f374,0.999
1456289161.0,8785401b,1.039
1456289161.0,5a8b0e02,1.089
1456289161.0,989cb65d,0.999
1456289161.0,69cf448c,1.029
1456289161.0,a9fbf376,1.109
1456289161.0,1762464c,1.039
1456289161.0,2651ccb9,0.989
1456289161.0,48314cda,0.999
1456289161.0,8035b52d,0.999
1456289161.0,33d0d5fb,0.999
1456289161.0,7c5bbb7e,1.029
1456289161.0,2a639c5a,1.039
1456289161.0,7f2c7280,1.039
1456289161.0,af5a4fe6,1.009
1456289161.0,9479cc1c,0.999
1456289161.0,3fa62bf3,1.159
1456289161.0,2cf175a8,1.019
1456289161.0,aadb880b,0.999
1456289161.0,2e2669a6,1.149
1456289161.0,2d2c9c3f,1.009
1456289161.0,f29cadc1,1.089
1456289161.0,6162ba82,1.029
1456289161.0,9010dbc0,1.139
1456289161.0,698d5fbc,0.999
1456289161.0,db414715,1.009
1456289161.0,48ae79a5,0.999
1456289161.0,f9e46da5,0.999
1456289161.0,30da56b7,1.039
1456289161.0,7f05643c,0.999
1456289161.0,aa42d9a3,0.999
1456289161.0,e010375a,1.019
1456289161.0,5d25b0e7,1.039
1456289161.0,170a4510,1.029
1456289161.0,09d90f95,0.939
1456289161.0,57e63781,1.029
1456289161.0,fab361d0,1.029
1456289161.0,71a34e9b,1.039
1456289161.0,8c81c551,1.099
1456289161.0,5daf9270,1.059
1456289161.0,88c2caef,1.039
1456289161.0,f7f90554,0.999
1456289161.0,5b70fdaa,1.039
1456289161.0,02bea987,1.079
1456289161.0,f2ba4bc6,1.019
1456289161.0,1edee463,1.019
1456289161.0,ad852670,1.009
1456289161.0,12d2f4a6,0.999
1456289161.0,96d95521,1.009
1456289161.0,5c49f018,1.009
1456289161.0,3f1e04e5,1.009
1456289161.0,cfeaab1a,1.009
1456289161.0,1464ac8a,0.999
1456289161.0,,1.039
1456289161.0,2d3f410b,0.989
1456289161.0,bdc7131f,0.989
1456289161.0,3de6c3ca,1.039
1456289161.0,6411aa60,1.019
1456289161.0,769eb8e0,1.019
1456289161.0,844296bd,1.019
1456289161.0,c2039560,1.159
1456289161.0,fe2e5d6e,1.079
1456289161.0,415092bd,1.029
1456289161.0,de55d6cb,1.019
1456289161.0,aafab111,0.999
1456289161.0,032e8b57,1.039
1456289161.0,c0a4aa92,0.999
1456289161.0,ace1257e,0.999
1456289161.0,8ce27d1a,1.089
1456289161.0,bdc12d8e,1.129
1456289161.0,9c47cca4,1.099
1456289161.0,74d89e9b,1.079
1456289161.0,b87b1fe6,1.139
1456289161.0,0c37347b,0.999
1456289161.0,bf7d7adb,1.059
1456289161.0,882076f4,1.019
1456289161.0,e9ef6088,1.009
1456289161.0,d2eebffb,1.009
1456289161.0,ea00d8f0,1.009
1456289161.0,7718e2fa,1.009
1456289161.0,4a590311,0.979
1456289161.0,4a5ba0e5,1.039
1456289161.0,9473c28b,0.999
1456289161.0,210e805d,1.019
1456289161.0,d325d8aa,0.999
1456289161.0,9b1003bd,1.059
1456289161.0,3e8e99dc,1.039
1456289161.0,1718ae0b,1.149
1456289161.0,943913cb,1.009
1456289161.0,ee7c2d70,1.039
1456289161.0,17548179,0.959
1456289161.0,1bf91998,0.999
1456289161.0,cd09a0d6,0.999
1456289161.0,71405ff7,1.149
1456289161.0,,0.999
1456289161.0,5ec35915,0.999
1456289161.0,e291397b,1.019
1456289161.0,,1.039
1456289161.0,50b6cf61,0.959
1456289161.0,79b3e9cf,1.079
1456289161.0,6fac4b39,1.009
1456289161.0,e9c8afa0,1.009
1456289161.0,7e63be59,1.019
1456289161.0,5204d6df,1.039
1456289161.0,6ce97072,1.029
1456289161.0,e183f4cf,0.999
1456289161.0,2380bb04,1.039
1456289161.0,704bc7f2,1.009
1456289161.0,3bed1f31,1.009
1456289161.0,1bc107ca,0.999
1456289161.0,aa24cd60,1.009
1456289161.0,ee2e8a1d,0.999
1456289161.0,2445bcef,0.999
1456289161.0,a45c4dc1,1.039
1456289161.0,ac5fa96a,1.009
1456289161.0,e9ff4fd7,1.039
1456289161.0,e6d83666,0.999
1456289161.0,39e2b6d0,1.039
1456289161.0,6279da87,1.009
1456289161.0,422fbafa,1.019
1456289161.0,935b74b4,1.039
1456289161.0,d73f9554,0.999
1456289161.0,84944aec,0.999
1456289161.0,df5c751f,0.999
1456289161.0,d361902b,1.009
1456289161.0,20836cd8,1.039
1456289161.0,f4105cbc,1.059
1456289161.0,72fef334,1.039
1456289161.0,a48343d6,0.999
1456289161.0,df227f84,0.999
1456289161.0,7029afbd,0.959
1456289161.0,4d5c23ec,1.099
1456289161.0,70cb8cb9,1.139
1456289161.0,39cc6655,1.059
1456289161.0,0ccf9d49,1.139
1456289161.0,f87bab74,1.039
1456289161.0,beaffffe,1.019
1456289161.0,1170df4a,0.999
1456289161.0,8620fb27,1.039
1456289161.0,74bb761d,1.029
1456289161.0,1ce91205,1.039
1456289161.0,054cfa5d,1.009
1456289161.0,c93058ac,1.019
1456289161.0,5c59a043,1.009
1456289161.0,dca8997b,0.999
1456289161.0,0b7d0a63,0.999
1456289161.0,f03c398a,1.029
1456289161.0,3b0fb08c,1.039
1456289161.0,c0fe2d57,0.949
1456289161.0,350b5605,1.029
1456289161.0,576d4884,1.009
1456289161.0,62f495a7,0.999
1456289161.0,aa50fdab,1.019
1456289161.0,33caf979,1.009
1456289161.0,1d853aae,1.129
1456289161.0,aa642af9,1.039
1456289161.0,2a6a3446,0.999
1456289161.0,d351cb6a,1.009
1456289161.0,52c251bb,1.059
1456289161.0,6232cf12,0.989
1456289161.0,284c6af0,1.009
1456289161.0,f9fbac11,1.039
1456289161.0,f1adb6c9,1.039
1456289161.0,3f054566,1.059
1456289161.0,72e91f24,0.999
1456289161.0,747fbf01,0.969
1456289161.0,37bbaa9d,0.999
1456289161.0,388c693e,0.999
1456289161.0,7ba3471a,1.009
1456289161.0,411533c8,1.069
1456289161.0,e2e13a04,1.009
1456289161.0,57cc552a,0.959
1456289161.0,ea96763b,1.029
1456289161.0,1443c8f6,1.009
1456289161.0,befd1f24,1.179
1456289161.0,481140af,1.089
1456289161.0,8597e067,0.989
1456289161.0,077aee0e,1.009
1456289161.0,6ad7e90e,0.999
1456289161.0,6a629c0f,1.009
1456289161.0,1e88c869,0.999
1456289161.0,367e0536,1.009
1456289161.0,8c6f1d05,1.019
1456289161.0,0af8f0f1,0.999
1456289161.0,eb3c6430,0.999
1456289161.0,481c090b,1.009
1456289161.0,f0bce0a6,1.039
1456289161.0,ed0f06c1,1.009
1456289161.0,de5aa582,1.029
1456289161.0,cb728243,1.019
1456289161.0,e4ce7a68,1.029
1456289161.0,3f290ee2,0.989
1456289161.0,441c3937,1.009
1456289161.0,1b06723f,1.009
1456289161.0,70e52ee2,1.039
1456289161.0,c3cd9932,1.059
1456289161.0,476697da,0.999
1456289161.0,e5ccd3f7,1.009
1456289161.0,2a753e23,0.999
1456289161.0,26d49c51,0.989
1456289161.0,a4338625,1.019
1456289161.0,eaaeb33a,0.999
1456289161.0,d983a1c7,0.979
1456289161.0,974d725c,1.039
1456289161.0,26562367,1.149
1456289161.0,a03e4bfc,1.039
1456289161.0,c1548059,1.059
1456289161.0,c35029f0,0.999
1456289161.0,c269e5db,1.039
1456289161.0,,1.059
1456289161.0,8b66ac81,0.999
1456289161.0,22e6cf1d,0.979
1456289161.0,63a9da40,1.039
1456289161.0,6e781ba8,0.999
1456289161.0,2cf8ea35,0.999
1456289161.0,38fda503,1.029
1456289161.0,dd329a1e,1.059
1456289161.0,13388a58,0.999
1456289161.0,af343ad6,1.009
1456289161.0,579ffc07,1.039
1456289161.0,f3860d8d,1.039
1456289161.0,4bb19235,0.999
1456289161.0,33fa60b9,1.019
1456289161.0,2385c761,0.999
1456289161.0,26623c9d,1.039
1456289161.0,39dabb89,1.059
1456289161.0,402dea62,1.039
1456289161.0,c1b6be0d,1.089
1456289161.0,90b15783,1.149
1456289161.0,6388b41c,1.039
1456289161.0,cadf0fec,1.019
1456289161.0,,1.009
1456289161.0,c5df532c,1.139
1456289161.0,3b38e104,1.009
1456289161.0,3e2d7201,1.039
1456289161.0,eb3bf9c1,1.039
1456289161.0,3db6506a,1.139
1456289161.0,9e4a151c,1.009
1456289161.0,4e37aaef,1.009
1456289161.0,bd5bd28e,0.999
1456289161.0,64171ce8,0.989
1456289161.0,c43ed044,1.009
1456289161.0,484ff98d,1.019
1456289161.0,44c15478,1.039
1456289161.0,186f9d64,0.989
1456289161.0,0110af37,1.009
1456289161.0,feb45cd9,1.039
1456289161.0,d6703157,0.999
1456289161.0,113fe84c,1.009
1456289161.0,f7e10e7b,1.009
1456289161.0,2289b7d4,1.019
1456289161.0,e2064e64,1.149
1456289161.0,74b98eac,0.999
1456289161.0,c7cf7e3e,1.029
1456289161.0,0f5578bb,1.099
1456289161.0,99125e73,1.039
1456289161.0,85b5c3d8,1.009
1456289161.0,237e0152,1.039
1456289161.0,2a2b022b,1.039
1456289161.0,0d1f648e,1.019
1456289161.0,26e8cf72,1.039
1456289161.0,1f6c44dc,1.019
1456289161.0,80148308,1.029
1456289161.0,5678d2c5,1.059
1456289161.0,db680fc7,1.039
1456289161.0,4827ec0b,1.039
1456289161.0,5c197824,0.999
1456289161.0,eecd4599,1.009
1456289161.0,256e6d2f,1.019
1456289161.0,82812943,0.989
1456289161.0,d8bbe2c4,0.999
1456289161.0,6b248588,1.039
1456289161.0,bf816140,0.999
1456289161.0,3ec9f041,1.079
1456289161.0,974e4706,0.989
1456289161.0,5fd30b48,1.169
1456289161.0,c2e9c850,1.009
1456289161.0,8289e2d3,1.139
1456289161.0,f4400a4f,1.009
1456289161.0,e532c6da,1.019
1456289161.0,617ff48b,1.039
1456289161.0,1510f5e1,1.069
1456289161.0,b6167e3e,1.009
1456289161.0,86515341,1.009
1456289161.0,9cb41098,1.059
1456289161.0,de5d8f7a,0.999
1456289161.0,6798b5d8,1.009
1456289161.0,503c695b,0.989
1456289161.0,c1c6485d,0.999
1456289161.0,42bd34e4,0.979
1456289161.0,b57a6a63,1.019
1456289161.0,bd8bd0ef,1.039
1456289161.0,5b1a63ab,1.039
1456289161.0,b2e5f301,1.069
1456289161.0,cf09734d,1.039
1456289161.0,2278ee7b,0.999
1456289161.0,ef21b674,0.999
1456289161.0,58d29ccf,0.999
1456289161.0,10fa0582,0.999
1456289161.0,72ec8a0d,0.999
1456289161.0,915ee14c,0.959
1456289161.0,12812efd,0.989
1456289161.0,24acb441,1.019
1456289161.0,eae89db3,1.169
1456289161.0,58cdd6dc,1.129
1456289161.0,9aceebc5,1.009
1456289161.0,e38fc560,1.009
1456289161.0,96d9319b,0.989
1456289161.0,cb814e8e,1.039
1456289161.0,60d3d6ee,0.989
1456289161.0,6655797e,1.009
1456289161.0,af91c953,1.099
1456289161.0,9940dbfc,1.009
1456289161.0,0bae1b96,1.009
1456289161.0,049b2af8,1.009
1456289161.0,747529c4,0.999
1456289161.0,30466612,1.159
1456289161.0,23f3fdd2,0.989
1456289161.0,3f2144a4,1.009
1456289161.0,46d6bf0a,1.019
1456289161.0,159f07cc,1.059
1456289161.0,b65f17d4,0.999
1456289161.0,7a78b9d0,0.999
1456289161.0,df8d090e,0.999
1456289161.0,ddbf70bf,1.029
1456289161.0,ca79c14c,0.999
1456289161.0,801fe77a,0.999
1456289161.0,7fc72456,1.009
1456289161.0,e2724c55,1.009
1456289161.0,b48a36b2,0.979
1456289161.0,4d5d9361,0.999
1456289161.0,6184a86d,0.969
1456289161.0,014078e4,1.149
1456289161.0,4f807f9a,1.009
1456289161.0,fed9f427,0.999
1456289161.0,a793fb91,1.019
1456289161.0,a711b7d5,1.019
1456289161.0,bcdeefc3,0.999
1456289161.0,68bdb4cb,1.019
1456289161.0,2dc40154,1.069
1456289161.0,343e9168,1.004
1456289161.0,2787cfe0,1.019
1456289161.0,2e745c93,1.009
1456289161.0,7ae317da,1.009
1456289161.0,db096089,1.039
1456289161.0,6d97a497,1.009
1456289161.0,218fd480,1.039
1456289161.0,ee573fd5,1.019
1456289161.0,afed3ef4,0.999
1456289161.0,89c3b080,1.039
1456289161.0,a35401af,1.009
1456289401.0,909a8e2d,0.989
1456289401.0,fdedca23,0.989
1456289401.0,79e4f3bc,0.989
1456289401.0,bebb6d12,0.979
1456289401.0,877aae3b,0.989
1456289401.0,2a879abf,0.979
1456289401.0,45924c70,0.979
1456289401.0,d54b3228,0.979
1456289401.0,bfcfe44e,0.979
1456289401.0,55da4d14,0.989
1456289401.0,37907db5,0.979
1456289401.0,27ea09b1,0.999
1456289401.0,52c1ccfa,0.989
1456289401.0,51296782,0.979
1456289401.0,6894d9e7,0.989
1456289401.0,4ca12111,1.009
1456289401.0,4ad5a969,0.949
1456289401.0,cea10ab0,0.989
1456289401.0,debd4594,1.009
1456289401.0,b7fdbb95,1.009
1456289401.0,3909e8e8,0.969
1456289401.0,ee305546,1.009
1456289401.0,c095b991,1.019
1456289401.0,61817e2c,0.999
1456289401.0,d4ef4661,1.009
1456289401.0,957f9612,1.009
1456289401.0,d3fff19d,0.989
1456289401.0,0ff209cc,0.989
1456289401.0,4f72fca5,1.009
1456289401.0,77a337be,0.989
1456289401.0,f6703dce,1.009
1456289401.0,efacbc65,0.969
1456289401.0,884a1646,0.999
1456289401.0,43b030ef,1.009
1456289401.0,8371a1aa,0.999
1456289401.0,0f4a41fc,0.989
1456289401.0,5355dd4f,0.999
1456289401.0,dc8781a2,1.019
1456289401.0,14013752,1.049
1456289401.0,19413372,0.989
1456289401.0,25ed90f7,1.009
1456289401.0,711d036b,1.009
1456289401.0,ef0ae2f2,0.999
1456289401.0,5c22ef82,0.979
1456289401.0,cb98fbad,1.019
1456289401.0,1fcd9128,0.969
1456289401.0,817bcf9d,0.999
1456289401.0,3a85d29b,0.999
1456289401.0,68a4ad40,1.019
1456289401.0,5110d453,0.999
1456289401.0,2f8220df,0.999
1456289401.0,b4222b9d,0.944
1456289401.0,fdd7a859,1.039
1456289401.0,4ccb2bae,1.019
1456289401.0,36a033f9,1.009
1456289401.0,6dd14a95,1.029
1456289401.0,226af5b1,0.989
1456289401.0,17c924e4,0.999
1456289401.0,3a04ab7b,1.039
1456289401.0,a2fd1226,1.029
1456289401.0,1105f74e,1.029
1456289401.0,c940a0c3,1.019
1456289401.0,e307b347,0.949
1456289401.0,a3e876da,1.009
1456289401.0,4aa4382f,1.059
1456289401.0,e501a8d1,1.019
1456289401.0,5f51bf27,1.129
1456289401.0,6f96e265,1.019
1456289401.0,6fc8bedc,0.989
1456289401.0,3cf0adec,0.979
1456289401.0,4afaa787,1.039
1456289401.0,a8918363,1.009
1456289401.0,466c174a,1.069
1456289401.0,7f6effac,0.989
1456289401.0,5f59e3c7,1.009
1456289401.0,edf38f90,1.039
1456289401.0,d64706be,1.029
1456289401.0,ff5d1617,1.009
1456289401.0,7969d4f3,0.999
1456289401.0,f052c9f4,1.039
1456289401.0,a3ff8022,0.979
1456289401.0,de0b1b58,0.979
1456289401.0,f8bbef60,0.979
1456289401.0,1ca78cac,0.979
1456289401.0,25e78288,0.979
1456289401.0,5b60b9f6,0.999
1456289401.0,efe3611d,0.989
1456289401.0,662f41b7,0.979
1456289401.0,0bec4dba,0.939
1456289401.0,8b77e169,0.979
1456289401.0,e0bab6c8,0.989
1456289401.0,e2914261,1.009
1456289401.0,631aa32c,1.069
1456289401.0,e0d89735,1.039
1456289401.0,aa700ca2,0.989
1456289401.0,769a446c,1.009
1456289401.0,87478a1e,1.029
1456289401.0,77793a3e,0.979
1456289401.0,be60701b,1.059
1456289401.0,e8478f56,1.039
1456289401.0,865b080f,0.999
1456289401.0,f75e28b0,0.999
1456289401.0,6b2baaee,0.979
1456289401.0,9581fe81,0.989
1456289401.0,35c4d397,1.029
1456289401.0,98624c5c,0.999
1456289401.0,169bf1c7,0.999
1456289401.0,,1.049
1456289401.0,efc1c355,0.979
1456289401.0,0e7a54cf,0.989
1456289401.0,4056a9ce,0.999
1456289401.0,3b4ac733,1.019
1456289401.0,e58aa567,0.999
1456289401.0,7bcda69c,1.009
1456289401.0,60ccb68d,1.009
1456289401.0,ff138580,0.989
1456289401.0,11e2fc79,0.999
1456289401.0,aeb12459,1.019
1456289401.0,4a902369,0.969
1456289401.0,8d66ca64,0.969
1456289401.0,802f8091,0.999
1456289401.0,1beaf01f,1.099
1456289401.0,0a0ef89e,1.039
1456289401.0,ce2cb57e,0.999
1456289401.0,f2523c62,1.039
1456289401.0,4b71d2b1,1.009
1456289401.0,672a9d1c,0.999
1456289401.0,,0.999
1456289401.0,c33ca0b5,0.999
1456289401.0,96c588c8,1.009
1456289401.0,52698fc2,1.009
1456289401.0,b518e445,0.989
1456289401.0,f5bd997d,1.009
1456289401.0,67f771de,1.009
1456289401.0,ce714a39,1.049
1456289401.0,9e3fd3b1,0.999
1456289401.0,9136fc55,1.089
1456289401.0,4248b1c7,0.999
1456289401.0,fff62873,1.019
1456289401.0,1b33191e,1.039
1456289401.0,ec19c93a,1.009
1456289401.0,d54da67a,1.059
1456289401.0,68519520,1.039
1456289401.0,0b563bcc,1.009
1456289401.0,91b891b8,1.049
1456289401.0,c5f1c80c,1.009
1456289401.0,b806e359,0.999
1456289401.0,410bb594,0.999
1456289401.0,186a2106,1.019
1456289401.0,6c10bb5f,1.049
1456289401.0,7c06a27e,1.019
1456289401.0,2d4ea0c1,1.009
1456289401.0,98b996d3,1.039
1456289401.0,dff89479,0.999
1456289401.0,0c3d5570,1.019
1456289401.0,b445540d,1.009
1456289401.0,2cf175a8,1.009
1456289401.0,d39d4848,1.009
1456289401.0,e2cdf18c,1.019
1456289401.0,b07fa89b,1.139
1456289401.0,874bffae,1.019
1456289401.0,,0.949
1456289401.0,c6a1b911,1.004
1456289401.0,f57033cf,1.019
1456289401.0,c0a4aa92,0.989
1456289401.0,,0.989
1456289401.0,28277250,1.009
1456289401.0,1ef95412,1.039
1456289401.0,98d977cb,1.099
1456289401.0,cbc2f9db,1.009
1456289401.0,2b52627f,1.039
1456289401.0,74e89a36,1.009
1456289401.0,5e983c4b,1.019
1456289401.0,391e14ca,0.999
1456289401.0,37b5d60a,0.989
1456289401.0,7ebce3f0,1.009
1456289401.0,f87bab74,0.999
1456289401.0,f28e5efe,0.999
1456289401.0,85676e8b,0.999
1456289401.0,d1ff19d3,1.099
1456289401.0,7117e5bf,1.009
1456289401.0,d97307ab,0.999
1456289401.0,c82dccc8,1.009
1456289401.0,2249d84a,1.049
1456289401.0,4bd28877,1.009
1456289401.0,f56f3208,1.019
1456289401.0,df070324,1.039
1456289401.0,d72d099c,0.989
1456289401.0,ea96763b,1.019
1456289401.0,bdc0736f,1.079
1456289401.0,d5289a25,1.039
1456289401.0,f010f0a1,1.049
1456289401.0,e3fcda3f,1.049
1456289401.0,8c6f1d05,1.009
1456289401.0,5aa8ba94,1.059
1456289401.0,9bc16c2e,0.989
1456289401.0,0a0baf66,1.019
1456289401.0,aa01c225,1.009
1456289401.0,5ba385a2,1.059
1456289401.0,9628820d,1.059
1456289401.0,6ffcaa16,0.999
1456289401.0,0be30200,0.999
1456289401.0,58d65b27,1.019
1456289401.0,26562367,1.149
1456289401.0,a03e4bfc,1.029
1456289401.0,2cf8ea35,0.989
1456289401.0,49878878,1.029
1456289401.0,e5f52c88,1.019
1456289401.0,f7f51e72,0.999
1456289401.0,df7edd4e,0.999
1456289401.0,c8b54491,0.999
1456289401.0,952e8670,0.999
1456289401.0,3b38e104,0.999
1456289401.0,9e4a151c,0.969
1456289401.0,64171ce8,0.979
1456289401.0,d371719e,1.009
1456289401.0,60983be1,0.989
1456289401.0,c0a4ac06,0.989
1456289401.0,2b987960,0.979
1456289401.0,758e532b,0.989
1456289401.0,abc596af,0.979
1456289401.0,c01aa13a,0.989
1456289401.0,6fb50287,0.989
1456289401.0,f720cc81,0.979
1456289401.0,adc8589f,0.989
1456289401.0,16fa63dc,0.989
1456289401.0,dd3f23e4,0.987
1456289401.0,f4070bfa,0.999
1456289401.0,48f835a8,0.989
1456289401.0,9ab681ea,1.009
1456289401.0,2178a97e,1.009
1456289401.0,ecaf9af2,1.039
1456289401.0,85e1d8aa,1.039
1456289401.0,1b140b5b,1.009
1456289401.0,873835b6,0.979
1456289401.0,617ff48b,1.009
1456289401.0,e578a879,0.999
1456289401.0,2ab4115c,1.019
1456289401.0,5b1a63ab,0.999
1456289401.0,f1e93609,1.009
1456289401.0,65188032,1.039
1456289401.0,b093e5e6,1.089
1456289401.0,ef38b8ce,1.059
1456289401.0,204c7d8c,1.009
1456289401.0,b0043b5a,1.009
1456289401.0,08aa7fc0,0.999
1456289401.0,2e89adbb,1.019
1456289401.0,6c11a054,1.009
1456289401.0,575ddc06,1.039
1456289401.0,2787cfe0,0.959
1456289401.0,fee1f686,0.999
1456289641.0,73cecb0d,1.009
1456289641.0,51d953d8,0.989
1456289641.0,3d54f8a9,0.989
1456289641.0,1962a412,0.989
1456289641.0,69a62773,0.979
1456289641.0,d0a0e33f,0.989
1456289641.0,a557a7d1,0.979
1456289641.0,c0b82c6f,0.979
1456289641.0,4b841e5b,0.989
1456289641.0,6977fd5c,0.979
1456289641.0,922129f9,0.979
1456289641.0,8690af1b,0.989
1456289641.0,0b293007,0.989
1456289641.0,872ca533,0.989
1456289641.0,c8fd7bd8,0.989
1456289641.0,fd627db5,0.989
1456289641.0,74eff60f,0.999
1456289641.0,061deeda,0.989
1456289641.0,242f842b,0.979
1456289641.0,264d6745,0.989
1456289641.0,844f1480,0.999
1456289641.0,51ff6877,0.979
1456289641.0,c3a73e2d,1.009
1456289641.0,e0ca8158,1.079
1456289641.0,c5b39c57,1.039
1456289641.0,50b27f80,0.999
1456289641.0,7787058a,1.029
1456289641.0,42a9168f,1.009
1456289641.0,3201c40b,1.009
1456289641.0,8fc85062,0.959
1456289641.0,7d2e5c20,1.039
1456289641.0,860d9600,1.039
1456289641.0,7cd126ee,1.049
1456289641.0,eeb16be0,1.039
1456289641.0,b7b69890,0.999
1456289641.0,77d4c025,0.979
1456289641.0,99a73ea1,1.009
1456289641.0,2bd60a02,1.059
1456289641.0,711d036b,0.999
1456289641.0,3d1e3ab6,0.979
1456289641.0,f2603ae2,1.039
1456289641.0,2d698eb6,1.019
1456289641.0,a9ff2f34,1.149
1456289641.0,43b50967,1.029
1456289641.0,8a4d8b45,1.009
1456289641.0,4f9ccf16,1.049
1456289641.0,00bb9689,1.009
1456289641.0,dd5271ec,1.019
1456289641.0,471a369c,0.979
1456289641.0,4d917f63,0.989
1456289641.0,adf7bc54,1.009
1456289641.0,22d16d09,1.039
1456289641.0,4f2880a9,1.059
1456289641.0,34525e5b,1.009
1456289641.0,f1806c17,1.039
1456289641.0,93f963de,1.039
1456289641.0,3271e76a,1.019
1456289641.0,c1d6b449,1.009
1456289641.0,f723b50e,1.039
1456289641.0,dee66d10,1.039
1456289641.0,6acdb3a0,1.029
1456289641.0,819ea283,0.999
1456289641.0,e4070c0e,0.969
1456289641.0,35b3e2a2,0.989
1456289641.0,6791f8cd,1.009
1456289641.0,06f668ff,0.989
1456289641.0,7c1d5106,1.009
1456289641.0,9e5c868a,1.159
1456289641.0,d2d1eae3,1.009
1456289641.0,db68109c,1.009
1456289641.0,e00e317c,1.039
1456289641.0,78f2475c,0.949
1456289641.0,028572b1,0.999
1456289641.0,0886ecde,1.029
1456289641.0,e8ebd286,0.999
1456289641.0,8587a0a7,1.039
1456289641.0,665513a1,0.979
1456289641.0,2685fde6,1.049
1456289641.0,07991b53,0.979
1456289641.0,01f8d023,1.049
1456289641.0,b5259455,1.039
1456289641.0,99acd99a,0.999
1456289641.0,c2a87587,1.029
1456289641.0,712e5646,1.009
1456289641.0,6982586c,1.049
1456289641.0,86b4e823,1.039
1456289641.0,630198f5,0.999
1456289641.0,63904947,0.989
1456289641.0,3b92c6ae,0.979
1456289641.0,92cfd8f3,1.009
1456289641.0,d543df0e,1.019
1456289641.0,be9c118a,1.039
1456289641.0,5d07df0f,0.999
1456289641.0,476279a4,0.999
1456289641.0,91b891b8,1.009
1456289641.0,a9f445d8,1.009
1456289641.0,f44b6301,1.009
1456289641.0,c05a0ef2,1.029
1456289641.0,835a8691,1.099
1456289641.0,2e047349,1.069
1456289641.0,ae5d2bb7,1.009
1456289641.0,af2f9310,0.999
1456289641.0,aea9d5b4,1.049
1456289641.0,77cb599d,0.979
1456289641.0,4687563d,1.029
1456289641.0,2925337f,1.029
1456289641.0,8c1e3878,1.009
1456289641.0,f6ac0e85,1.019
1456289641.0,82d9d2c3,1.059
1456289641.0,8ce27d1a,1.089
1456289641.0,72975548,0.999
1456289641.0,4a590311,0.979
1456289641.0,47368d32,0.989
1456289641.0,71424e6c,0.999
1456289641.0,09aa4f77,1.029
1456289641.0,ddaa5083,1.029
1456289641.0,218b7c8b,0.999
1456289641.0,3b4197b0,1.159
1456289641.0,,1.009
1456289641.0,64abbe63,1.029
1456289641.0,f4b9d561,0.999
1456289641.0,909c21e3,1.029
1456289641.0,64bc8569,1.029
1456289641.0,1f1aef8f,1.089
1456289641.0,9e184682,1.039
1456289641.0,20cf5cec,1.009
1456289641.0,05878847,0.999
1456289641.0,dedc2342,0.989
1456289641.0,fb80b39a,1.019
1456289641.0,5e9a17e7,1.019
1456289641.0,32c6c249,0.969
1456289641.0,8a4440a7,1.029
1456289641.0,e3fcda3f,1.009
1456289641.0,259823d7,0.999
1456289641.0,b620c103,1.099
1456289641.0,7487945f,0.989
1456289641.0,b5883920,1.079
1456289641.0,,0.999
1456289641.0,75808ab7,0.999
1456289641.0,f4ec92d7,1.029
1456289641.0,990bc1af,1.149
1456289641.0,42b80e51,1.159
1456289641.0,05946741,1.009
1456289641.0,b0c139bb,1.089
1456289641.0,aa506433,1.039
1456289641.0,7586849a,1.129
1456289641.0,30865e09,1.019
1456289641.0,7b89feff,1.009
1456289641.0,e56bfa23,0.899
1456289641.0,9d4458f3,1.009
1456289641.0,74adc87d,1.009
1456289641.0,cdddf39e,1.089
1456289641.0,c57bb6b4,1.039
1456289641.0,06170933,1.039
1456289641.0,c4906344,1.029
1456289641.0,9d229bd2,0.969
1456289641.0,3c0b225f,1.059
1456289641.0,af91c953,1.009
1456289641.0,b48a36b2,0.979
1456289641.0,c4655584,1.019
1456289641.0,4fe4aa3c,1.009
1456289641.0,3106c23c,0.989
1456289641.0,343e9168,0.994
1456289881.0,c6f2fec6,0.939
1456289881.0,1ddbee38,1.009
1456289881.0,59c2e6d6,0.989
1456289881.0,a6e1038f,0.989
1456289881.0,7715f72c,1.019
1456289881.0,e6ea469e,1.009
1456289881.0,646811ac,0.989
1456289881.0,08311643,0.999
1456289881.0,ef80204b,1.019
1456289881.0,9b5cfe0e,0.939
1456289881.0,7592b37a,1.069
1456289881.0,52f801fe,1.049
1456289881.0,340e9b8b,1.039
1456289881.0,4f5b6b22,0.989
1456289881.0,265fe188,1.019
1456289881.0,,1.069
1456289881.0,bf024497,1.039
1456289881.0,e790ca88,0.949
1456289881.0,eac0620e,1.019
1456289881.0,3d817cf9,1.009
1456289881.0,222b778e,1.099
1456289881.0,13266d18,0.989
1456289881.0,d367f64c,1.039
1456289881.0,9917cb8f,1.139
1456289881.0,9f4abaf3,0.999
1456289881.0,8cffa5f5,0.989
1456289881.0,2fe20e60,0.999
1456289881.0,936763a8,0.999
1456289881.0,5e4600be,1.009
1456289881.0,3fafd99a,1.049
1456289881.0,9a1a2584,0.989
1456289881.0,3df4abe9,1.009
1456289881.0,e50a3733,1.059
1456289881.0,8358c467,0.989
1456289881.0,0998aab1,1.009
1456289881.0,fdd7a859,0.999
1456289881.0,09be7dd3,1.059
1456289881.0,139724a5,0.969
1456289881.0,ab4700c2,1.029
1456289881.0,deadb46b,1.019
1456289881.0,df5fc4c4,1.009
1456289881.0,6579ef86,1.019
1456289881.0,6735727d,0.999
1456289881.0,bd7cef0f,1.039
1456289881.0,d35de923,0.989
1456289881.0,b7281837,1.189
1456289881.0,22bd49d5,1.019
1456289881.0,657c5e72,1.019
1456289881.0,adf7bc54,1.009
1456289881.0,e2c6b885,1.059
1456289881.0,4cd27bd4,0.999
1456289881.0,f12b117d,0.999
1456289881.0,34525e5b,1.009
1456289881.0,e3b8e203,0.979
1456289881.0,b899de50,1.029
1456289881.0,236e2f71,1.079
1456289881.0,894d4a6d,0.999
1456289881.0,7da0a752,0.999
1456289881.0,8983a3f5,0.999
1456289881.0,4917f7ee,0.989
1456289881.0,b85957cd,0.999
1456289881.0,13228d53,1.039
1456289881.0,2af629f5,0.969
1456289881.0,,1.009
1456289881.0,60531009,0.989
1456289881.0,b41c70e9,1.029
1456289881.0,658748ac,1.039
1456289881.0,fca1ea0f,0.999
1456289881.0,6d978c2b,1.069
1456289881.0,eca01ef8,1.089
1456289881.0,4fe7c8a5,0.987
1456289881.0,f8c4c5f6,1.009
1456289881.0,0e55eb67,1.009
1456289881.0,1660ed2f,1.019
1456289881.0,a65b0645,0.999
1456289881.0,a1904e6e,1.099
1456289881.0,85f08836,0.999
1456289881.0,fae20634,1.049
1456289881.0,8c1c23fb,0.989
1456289881.0,57b28a51,0.979
1456289881.0,84167b40,0.979
1456289881.0,0aed8034,1.029
1456289881.0,491a07d2,1.019
1456289881.0,977ac60e,1.029
1456289881.0,ab2859a5,0.999
1456289881.0,bfc6b6eb,0.999
1456289881.0,1ae63c31,1.069
1456289881.0,b563f7fe,0.999
1456289881.0,88fe1686,0.959
1456289881.0,1b7b3aab,1.039
1456289881.0,430cbb77,1.009
1456289881.0,15a5d68a,1.039
1456289881.0,0d37d37b,0.999
1456289881.0,a470ddc2,1.059
1456289881.0,b463b410,1.039
1456289881.0,eb751c39,1.019
1456289881.0,443ddb72,1.019
1456289881.0,5a8b71b2,0.999
1456289881.0,,0.999
1456289881.0,04d0ae1e,0.989
1456289881.0,cdf2f211,1.039
1456289881.0,f649936e,1.069
1456289881.0,5ec85307,1.129
1456289881.0,6540cb14,0.999
1456289881.0,82786d09,0.999
1456289881.0,3f9273de,1.149
1456289881.0,18429d44,0.999
1456289881.0,a4b11e87,1.009
1456289881.0,313314f6,0.999
1456289881.0,278329af,1.009
1456289881.0,5271a4f6,0.999
1456289881.0,5cdcf9c3,1.019
1456289881.0,0b8418b0,1.029
1456289881.0,c1bc3b48,1.009
1456289881.0,c2bf8f60,0.999
1456289881.0,5951b044,0.999
1456289881.0,544d8f74,0.989
1456289881.0,8bd3b9de,1.059
1456289881.0,1769c36a,1.019
1456289881.0,5d04b2ad,1.039
1456289881.0,ab473015,1.039
1456289881.0,bc58fcd6,1.039
1456289881.0,f4333371,1.039
1456289881.0,5a5bd833,0.999
1456289881.0,26ae107e,0.999
1456289881.0,28c16e42,1.099
1456289881.0,eac2af55,1.009
1456289881.0,e30bdaa0,1.149
1456289881.0,4446050c,1.029
1456289881.0,422c3409,1.059
1456289881.0,ddb691b0,0.989
1456289881.0,2660a5d2,0.999
1456289881.0,e6322e78,1.009
1456289881.0,141f10f0,0.979
1456289881.0,626de707,1.159
1456289881.0,3c41d6ca,1.059
1456289881.0,b934f66f,0.989
1456289881.0,bc342274,0.999
1456289881.0,1c00717b,1.029
1456289881.0,ab8081a0,1.019
1456289881.0,312c3ed5,0.989
1456289881.0,c05a0ef2,0.999
1456289881.0,4132ae7c,0.989
1456289881.0,337fe4d9,1.159
1456289881.0,eb680822,1.029
1456289881.0,d4b2d77f,0.999
1456289881.0,f5000af4,0.999
1456289881.0,85e99aa8,0.959
1456289881.0,97553fde,0.999
1456289881.0,cc3a718f,0.979
1456289881.0,61ebbc40,0.999
1456289881.0,6b20d7e5,0.999
1456289881.0,2212e62a,1.039
1456289881.0,36f5bf63,0.999
1456289881.0,,1.019
1456289881.0,55fc2c6d,1.059
1456289881.0,564ef774,0.999
1456289881.0,29c5c2e2,1.149
1456289881.0,5a77d43f,0.989
1456289881.0,484b4bdb,0.989
1456289881.0,a0e239a8,1.009
1456289881.0,1872a79b,1.039
1456289881.0,dcfdd6fc,0.999
1456289881.0,775487a4,1.009
1456289881.0,4ca2fd5f,1.049
1456289881.0,109dc483,1.029
1456289881.0,82d9d2c3,1.019
1456289881.0,fff1f639,1.009
1456289881.0,cece28cb,0.999
1456289881.0,757d5670,1.049
1456289881.0,14c0148e,0.999
1456289881.0,1fa4b26a,0.999
1456289881.0,a374c73d,0.989
1456289881.0,0b45563b,1.029
1456289881.0,b6e44119,1.009
1456289881.0,b040c821,0.999
1456289881.0,161965e7,0.979
1456289881.0,3fdc528a,1.039
1456289881.0,,0.989
1456289881.0,368b0430,1.059
1456289881.0,d1b1547c,1.029
1456289881.0,6ffefa8b,0.989
1456289881.0,260e3a4c,0.999
1456289881.0,614629e1,0.999
1456289881.0,558b1611,1.039
1456289881.0,dc013155,0.979
1456289881.0,2fa6d835,1.019
1456289881.0,7387afcd,0.999
1456289881.0,ee2ae1a3,0.989
1456289881.0,77f11204,0.989
1456289881.0,efd124a1,0.999
1456289881.0,3b37a294,1.009
1456289881.0,,0.989
1456289881.0,91677360,0.999
1456289881.0,9e184682,0.999
1456289881.0,5dcd5582,1.039
1456289881.0,a03824da,1.039
1456289881.0,95256814,1.039
1456289881.0,46dc9054,0.999
1456289881.0,083297f9,0.999
1456289881.0,a16adda9,1.009
1456289881.0,c0b165c5,1.009
1456289881.0,ac394be0,0.999
1456289881.0,ff6d2aed,0.969
1456289881.0,ba9fb6db,1.039
1456289881.0,3adfecf0,1.039
1456289881.0,f010f044,1.019
1456289881.0,98996c98,0.999
1456289881.0,19e1cad6,1.019
1456289881.0,4d47a676,1.039
1456289881.0,41f89d4b,0.999
1456289881.0,57967011,0.989
1456289881.0,fed67d30,1.149
1456289881.0,a949a310,1.059
1456289881.0,16d9bba6,0.979
1456289881.0,5f4d5496,1.039
1456289881.0,cc232225,0.999
1456289881.0,9398e203,1.059
1456289881.0,d37974e1,0.999
1456289881.0,ce55c12b,0.999
1456289881.0,ec29d73c,1.009
1456289881.0,435e7b69,1.049
1456289881.0,b07ee4ba,1.019
1456289881.0,bbdcf660,0.999
1456289881.0,40fe1f50,1.029
1456289881.0,990b3bf9,1.149
1456289881.0,2c831a38,0.999
1456289881.0,e4f15ee0,1.039
1456289881.0,eae702bd,0.979
1456289881.0,6f93e9a4,1.029
1456289881.0,e0973b4a,0.999
1456289881.0,91baebbc,1.049
1456289881.0,c8bad2ad,1.039
1456289881.0,944ee682,1.009
1456289881.0,4a0efe4c,1.039
1456289881.0,f8abf94c,0.959
1456289881.0,49fa1beb,0.999
1456289881.0,ea6d4e44,1.159
1456289881.0,72ed613b,0.989
1456289881.0,893b4e64,1.019
1456289881.0,8404a707,1.009
1456289881.0,46c0cc5b,0.959
1456289881.0,6754752f,1.039
1456289881.0,f7a225a7,0.999
1456290121.0,7d485af0,0.999
1456290121.0,a0fa9b20,0.999
1456290121.0,23cb4077,1.019
1456290121.0,35fcaeca,1.014
1456290121.0,68a0fe4a,1.039
1456290121.0,f8dd9f46,1.019
1456290121.0,ae0b5a92,0.989
1456290121.0,c2bef439,0.989
1456290121.0,f000c864,1.009
1456290121.0,87d550b4,1.009
1456290121.0,e0ca8158,0.999
1456290121.0,909782ef,1.169
1456290121.0,bf4ccf7b,1.169
1456290121.0,0d9ac59b,1.149
1456290121.0,9df734df,1.029
1456290121.0,d89ba291,0.959
1456290121.0,56207684,1.069
1456290121.0,f893c068,1.039
1456290121.0,13b8b105,0.999
1456290121.0,8f3e0f32,1.019
1456290121.0,bca31534,1.049
1456290121.0,eed6c533,1.009
1456290121.0,25cdefd0,1.079
1456290121.0,5bf4abd4,0.999
1456290121.0,85edcdf5,0.984
1456290121.0,c0ad4417,0.999
1456290121.0,6a686e72,1.019
1456290121.0,00d1a6ab,1.019
1456290121.0,9c389a21,1.009
1456290121.0,b0f0f3c3,1.139
1456290121.0,d6832363,1.059
1456290121.0,89bd2fe3,0.989
1456290121.0,2a348345,1.029
1456290121.0,14013752,1.049
1456290121.0,bdb44643,0.999
1456290121.0,2f398586,0.979
1456290121.0,2bd60a02,1.009
1456290121.0,1db561d0,1.179
1456290121.0,d7e428bf,1.049
1456290121.0,7e69e0ea,1.019
1456290121.0,9b94f6e4,0.959
1456290121.0,aee6d168,1.009
1456290121.0,835f9ec0,1.139
1456290121.0,aa57fbe1,1.009
1456290121.0,44850052,0.999
1456290121.0,f969dc08,1.029
1456290121.0,d0f9f901,1.009
1456290121.0,1c546ae2,0.979
1456290121.0,c2b3c7ad,1.029
1456290121.0,d0cff5c1,1.029
1456290121.0,70c08251,1.019
1456290121.0,b655f194,1.039
1456290121.0,3fd4709d,1.179
1456290121.0,c9b21507,1.029
1456290121.0,d2b9e2a3,1.069
1456290121.0,301f8f7b,1.029
1456290121.0,f64d1649,1.049
1456290121.0,8820ca40,1.019
1456290121.0,c6e90545,1.039
1456290121.0,8d87181e,1.039
1456290121.0,4f2880a9,1.009
1456290121.0,c4a22935,1.019
1456290121.0,916aaf2f,0.999
1456290121.0,a448f8aa,1.029
1456290121.0,4c9a5839,1.059
1456290121.0,9fbf8dcd,1.059
1456290121.0,cadc6575,1.049
1456290121.0,128c4a0e,0.989
1456290121.0,060f0641,0.989
1456290121.0,c77e2863,1.009
1456290121.0,fd92c61e,1.019
1456290121.0,3c26fe7c,1.029
1456290121.0,fa14d605,0.999
1456290121.0,9520ba7c,1.159
1456290121.0,dd14d9c0,1.149
1456290121.0,ddaccd3e,1.029
1456290121.0,467f7eb4,1.009
1456290121.0,2c82fe56,0.989
1456290121.0,bcdd8796,1.089
1456290121.0,53680e05,1.049
1456290121.0,302e12a9,1.019
1456290121.0,466c174a,1.039
1456290121.0,78300ca0,1.019
1456290121.0,e975b4d9,0.999
1456290121.0,22a61e4f,0.989
1456290121.0,646fc850,0.959
1456290121.0,7156911f,1.009
1456290121.0,aecec7b2,1.039
1456290121.0,bdd20cc3,1.159
1456290121.0,7e3542f5,1.159
1456290121.0,a4c96d17,0.999
1456290121.0,f74c5752,1.139
1456290121.0,db29e260,0.979
1456290121.0,a64de619,0.939
1456290121.0,56995334,0.969
1456290121.0,65d912cc,0.979
1456290121.0,b45d7a66,0.989
1456290121.0,de0b1b58,0.939
1456290121.0,11b725ec,0.989
1456290121.0,469cb2ca,0.979
1456290121.0,c2d5f6c8,0.969
1456290121.0,0b7c0786,0.999
1456290121.0,a4087b5f,0.979
1456290121.0,22bbd2e9,0.989
1456290121.0,ffb3e589,0.939
1456290121.0,05de04c2,0.989
1456290121.0,0c07c233,0.989
1456290121.0,a612d3c6,0.979
1456290121.0,6135497e,0.989
1456290121.0,eb0ad874,0.979
1456290121.0,945202a2,0.999
1456290121.0,0d26cc8d,0.969
1456290121.0,0cdf8545,0.979
1456290121.0,e4070c0e,0.929
1456290121.0,d023c7ae,0.999
1456290121.0,d8823f4b,1.139
1456290121.0,a99fe7eb,0.979
1456290121.0,6805990d,1.129
1456290121.0,c8ce828b,1.009
1456290121.0,158221e0,1.009
1456290121.0,f8423c6c,1.149
1456290121.0,29b24eee,1.089
1456290121.0,19a65d8e,0.999
1456290121.0,0543d2e4,1.039
1456290121.0,1c7251ad,0.999
1456290121.0,be8433cf,1.029
1456290121.0,0d721874,0.999
1456290121.0,d604a294,1.009
1456290121.0,c38cb4a1,1.009
1456290121.0,db462146,1.169
1456290121.0,14ab7113,1.029
1456290121.0,0b15fb2a,0.999
1456290121.0,4734ef79,0.989
1456290121.0,846c2ab2,0.999
1456290121.0,d02ee7d1,1.029
1456290121.0,059d55c9,1.079
1456290121.0,dbdf18e8,1.029
1456290121.0,d2d65ef1,1.009
1456290121.0,32bea9c7,0.979
1456290121.0,96407ff6,1.049
1456290121.0,ff485bff,1.029
1456290121.0,082f2eb7,1.159
1456290121.0,43d5cbaa,1.159
1456290121.0,e003a827,1.179
1456290121.0,96c236e7,1.019
1456290121.0,c40bc606,0.999
1456290121.0,cf7e8dae,1.029
1456290121.0,346ffe81,1.034
1456290121.0,781621cc,0.969
1456290121.0,17a1e834,1.159
1456290121.0,6eb39211,0.999
1456290121.0,59214d4e,1.029
1456290121.0,4f2bb69c,0.999
1456290121.0,9e5a10db,1.039
1456290121.0,016f3133,0.979
1456290121.0,b619a09c,0.909
1456290121.0,c5d12e92,0.999
1456290121.0,76176c12,1.029
1456290121.0,691bf1db,0.979
1456290121.0,83e564c6,1.049
1456290121.0,,1.019
1456290121.0,e0ff758f,0.999
1456290121.0,033a9760,1.039
1456290121.0,c408f13e,1.019
1456290121.0,f4788388,0.999
1456290121.0,70afbb14,1.019
1456290121.0,9136fc55,1.059
1456290121.0,cdf21700,1.009
1456290121.0,18b93d5d,0.999
1456290121.0,1e3f04ab,1.029
1456290121.0,6f5e3368,1.019
1456290121.0,6f9b604d,1.179
1456290121.0,f14d7030,0.979
1456290121.0,a20ae2e0,1.119
1456290121.0,197f9f1a,0.989
1456290121.0,1bae705e,1.019
1456290121.0,75151463,0.999
1456290121.0,c03e7ffa,1.049
1456290121.0,a975f508,1.009
1456290121.0,,0.979
1456290121.0,,0.989
1456290121.0,463dc57b,1.019
1456290121.0,570b52de,1.039
1456290121.0,fd278e66,1.019
1456290121.0,b17608a3,1.059
1456290121.0,86b9d04d,1.159
1456290121.0,1594dd58,1.054
1456290121.0,835a8691,0.999
1456290121.0,aacd7080,1.009
1456290121.0,200cf8e2,0.989
1456290121.0,4721b010,0.999
1456290121.0,f85e7c2f,1.039
1456290121.0,b9c86ec7,1.179
1456290121.0,5a5daf30,1.009
1456290121.0,0e31f374,0.989
1456290121.0,caa3866b,1.009
1456290121.0,28af0625,1.009
1456290121.0,4dd8d911,0.999
1456290121.0,9bf3cbf5,1.149
1456290121.0,55c9b2b2,1.139
1456290121.0,d00a147b,1.009
1456290121.0,2df68795,1.019
1456290121.0,8c81c551,1.019
1456290121.0,123a41c8,1.029
1456290121.0,1872a79b,1.039
1456290121.0,d606d463,1.059
1456290121.0,1425b025,1.009
1456290121.0,8167fa85,1.029
1456290121.0,b913c112,1.059
1456290121.0,9bcbbbc7,1.019
1456290121.0,6465956f,0.989
1456290121.0,8f9ca1ed,1.009
1456290121.0,3fc8e265,1.159
1456290121.0,,0.989
1456290121.0,935f6e86,0.999
1456290121.0,b8c293ba,1.039
1456290121.0,7f89f971,1.059
1456290121.0,79b3e9cf,0.999
1456290121.0,ea971a7b,0.989
1456290121.0,5d9ba671,0.999
1456290121.0,504126f8,1.059
1456290121.0,17bbc60e,1.019
1456290121.0,d1c24269,0.979
1456290121.0,2abd710b,1.019
1456290121.0,6e899248,1.009
1456290121.0,3f871f58,1.019
1456290121.0,6e9a95db,0.949
1456290121.0,0a356552,0.999
1456290121.0,385fa695,1.014
1456290121.0,66a1358d,1.039
1456290121.0,58056342,1.079
1456290121.0,0b0f2129,0.979
1456290121.0,5bba111d,0.999
1456290121.0,5aa9311f,1.039
1456290121.0,54f751e5,0.999
1456290121.0,ece9cf3e,1.009
1456290121.0,c834e637,0.959
1456290121.0,a06379c3,1.059
1456290121.0,41ea449e,1.029
1456290121.0,5bf41255,0.999
1456290121.0,5d5f21ff,1.019
1456290121.0,e00ca8bb,1.009
1456290121.0,44222522,0.999
1456290121.0,680fd459,0.989
1456290121.0,c6c05a1d,1.059
1456290121.0,d428a044,0.999
1456290121.0,b5883920,0.999
1456290121.0,9410a8d1,1.019
1456290121.0,579ffc07,0.999
1456290121.0,298a8af2,0.989
1456290121.0,53668235,1.089
1456290121.0,93fdd118,0.959
1456290121.0,d54e3a6e,0.979
1456290121.0,d25a0585,1.049
1456290121.0,16d9bba6,0.979
1456290121.0,2b890110,0.969
1456290121.0,8ddd7eaf,0.989
1456290121.0,9d948dce,1.019
1456290121.0,92eaccdc,0.989
1456290121.0,9f4967c5,0.969
1456290121.0,740982ff,0.999
1456290121.0,b8e4e564,0.949
1456290121.0,1fd8fcdd,1.009
1456290121.0,5cb13083,0.949
1456290121.0,164f2a7e,0.989
1456290121.0,524d848c,0.989
1456290121.0,0367164b,0.989
1456290121.0,27282b70,0.989
1456290121.0,3573c1c1,1.039
1456290121.0,672ba0d9,0.999
1456290121.0,79f769b8,1.159
1456290121.0,ab3fb92f,1.009
1456290121.0,0f5578bb,0.989
1456290121.0,f51a2c3d,0.999
1456290121.0,dc387962,1.009
1456290121.0,36ef7b4d,1.019
1456290121.0,e551966a,1.029
1456290121.0,9a883b4c,0.989
1456290121.0,ee131d1e,1.159
1456290121.0,22b653b3,0.989
1456290121.0,4500efc2,1.089
1456290121.0,b093e5e6,1.059
1456290121.0,4d2b962d,0.959
1456290121.0,f7dcd56c,1.159
1456290121.0,ceb1fd3e,0.999
1456290121.0,9b8af649,1.029
1456290121.0,4fe4aa3c,0.999
1456290121.0,eeb5162c,0.969
1456290121.0,9cb727d2,1.039
1456290121.0,e9cebbe4,0.989
1456290361.0,93d146a0,0.979
1456290361.0,e624a815,0.989
1456290361.0,893b96a5,1.019
1456290361.0,69152a7b,0.989
1456290361.0,05bcda3c,0.989
1456290361.0,8e820c9b,1.019
1456290361.0,23090d56,0.999
1456290361.0,cb7b59b6,1.159
1456290361.0,8c0b2fab,1.009
1456290361.0,d62b675f,1.009
1456290361.0,b45e9e13,1.009
1456290361.0,7828885e,1.009
1456290361.0,e85f8007,1.039
1456290361.0,84028c7a,0.999
1456290361.0,4b649587,1.039
1456290361.0,4281b5d2,0.989
1456290361.0,ceefde2a,1.009
1456290361.0,7d2e5c20,1.039
1456290361.0,df7fa5fe,0.989
1456290361.0,d09811d3,1.009
1456290361.0,ce3a31be,1.039
1456290361.0,bbf56463,0.999
1456290361.0,ef9fe1fc,1.039
1456290361.0,2a7b6c27,1.004
1456290361.0,e9abc101,1.009
1456290361.0,6b162563,1.039
1456290361.0,d34c2ebc,1.054
1456290361.0,2eca0fd8,1.119
1456290361.0,9dab0bd8,1.019
1456290361.0,9917cb8f,1.039
1456290361.0,7e846ee6,1.049
1456290361.0,9f7d89ff,0.999
1456290361.0,cb61d796,1.059
1456290361.0,c78ef341,1.029
1456290361.0,dd08505c,1.029
1456290361.0,208f7301,0.999
1456290361.0,1a20bec9,1.029
1456290361.0,f86a6ea1,1.009
1456290361.0,314cecce,1.029
1456290361.0,ed56981f,0.999
1456290361.0,0defca9f,1.079
1456290361.0,f93f1cf6,1.019
1456290361.0,b5e248eb,0.989
1456290361.0,b0a76bca,0.999
1456290361.0,2e136376,0.989
1456290361.0,859fc025,0.979
1456290361.0,ab133851,0.999
1456290361.0,cb6bf035,1.094
1456290361.0,e251ae8a,1.049
1456290361.0,,1.019
1456290361.0,f92b1138,0.999
1456290361.0,31e85a65,1.029
1456290361.0,48a40a0d,1.009
1456290361.0,,0.989
1456290361.0,c6317552,1.019
1456290361.0,c4b30834,1.009
1456290361.0,3d1b021c,1.089
1456290361.0,63b1377c,0.999
1456290361.0,54f48068,0.999
1456290361.0,316a2f5b,1.029
1456290361.0,50518311,0.999
1456290361.0,6dd14a95,0.979
1456290361.0,a4af82a5,1.009
1456290361.0,9a4d188a,1.159
1456290361.0,41f0bb18,1.069
1456290361.0,0657e6a3,1.039
1456290361.0,f1894033,1.039
1456290361.0,6abc0f05,1.009
1456290361.0,a08d8ae6,0.999
1456290361.0,e6d32ea4,1.159
1456290361.0,3589a5bc,1.019
1456290361.0,33554d6c,1.049
1456290361.0,c372d047,0.999
1456290361.0,b29751cb,1.009
1456290361.0,e7c76ce2,0.979
1456290361.0,9b209e8a,0.989
1456290361.0,d1cab319,1.019
1456290361.0,9140f75b,1.009
1456290361.0,c9cc0c6b,1.029
1456290361.0,507d25cf,1.089
1456290361.0,da6cfb62,1.159
1456290361.0,ef3c7f93,0.994
1456290361.0,12fc2a75,1.009
1456290361.0,eea98c31,0.979
1456290361.0,bbc01d1b,1.029
1456290361.0,20e9b084,0.989
1456290361.0,e4436253,0.989
1456290361.0,313e84fe,0.999
1456290361.0,64d3fea8,1.049
1456290361.0,74e674a6,0.999
1456290361.0,d59d4bb4,1.019
1456290361.0,575d8182,1.009
1456290361.0,e975b4d9,0.989
1456290361.0,08d22af2,1.049
1456290361.0,5d59e18d,1.004
1456290361.0,5773d9f5,1.049
1456290361.0,8f277236,1.009
1456290361.0,b347d1b0,1.009
1456290361.0,ec3d4f7a,0.999
1456290361.0,2337ee59,0.979
1456290361.0,d4b5646a,1.029
1456290361.0,575bb735,1.099
1456290361.0,d225b33f,1.029
1456290361.0,c791d886,0.959
1456290361.0,7001785d,1.049
1456290361.0,fb86982d,0.959
1456290361.0,0b1b5508,0.989
1456290361.0,a3ff8022,0.939
1456290361.0,68f4a74c,0.989
1456290361.0,3b746ea0,0.969
1456290361.0,476699aa,0.979
1456290361.0,7e7694a3,0.969
1456290361.0,0bec4dba,0.939
1456290361.0,fae20634,0.959
1456290361.0,a9683117,1.009
1456290361.0,ac4a43b1,0.999
1456290361.0,b2f68bd2,0.979
1456290361.0,c648217d,0.999
1456290361.0,ba79ed81,0.989
1456290361.0,6a80fe13,1.039
1456290361.0,45731ab8,0.989
1456290361.0,b85a1ca3,1.039
1456290361.0,d2e86e86,1.029
1456290361.0,d443343e,1.009
1456290361.0,a7c128b6,1.029
1456290361.0,7f2dbefe,0.999
1456290361.0,d96a698b,0.979
1456290361.0,88fe1686,0.959
1456290361.0,7e83311b,0.969
1456290361.0,e87a6fdb,1.019
1456290361.0,baa66b57,1.019
1456290361.0,3b31f64c,0.989
1456290361.0,443ae02b,1.049
1456290361.0,576e47d1,0.989
1456290361.0,4f8db0e1,1.069
1456290361.0,9bcd0dae,0.949
1456290361.0,40d8f838,0.979
1456290361.0,09a0b63a,0.989
1456290361.0,3c83ccc5,0.969
1456290361.0,dfd4b295,1.019
1456290361.0,db1ffa50,1.029
1456290361.0,0886ecde,1.029
1456290361.0,2229a37a,0.989
1456290361.0,14e03a1d,1.019
1456290361.0,,1.009
1456290361.0,02da420f,1.019
1456290361.0,8792c041,1.099
1456290361.0,46da1895,1.009
1456290361.0,2ee62167,1.089
1456290361.0,27d7ba56,0.999
1456290361.0,88128993,1.029
1456290361.0,d86b6eaf,0.999
1456290361.0,0a20dd73,1.029
1456290361.0,8914d28e,0.999
1456290361.0,c33ca0b5,0.989
1456290361.0,1037129e,0.994
1456290361.0,78962747,1.089
1456290361.0,dee5637c,1.029
1456290361.0,12dc6fb6,0.999
1456290361.0,6ab5f130,0.994
1456290361.0,188e69f1,0.999
1456290361.0,1d76bf20,0.999
1456290361.0,6313d441,1.009
1456290361.0,7b0e8c8c,1.029
1456290361.0,dcab2d5d,1.039
1456290361.0,38987ba5,1.019
1456290361.0,ab473015,1.129
1456290361.0,b580ced3,0.989
1456290361.0,33d5d488,1.039
1456290361.0,e766a873,1.019
1456290361.0,05845b5e,0.979
1456290361.0,afef74f8,1.029
1456290361.0,7faa0c9c,1.049
1456290361.0,b7bd3267,1.159
1456290361.0,fb54832a,1.009
1456290361.0,25a7d9dc,0.999
1456290361.0,c0debc06,0.984
1456290361.0,9380a9c3,0.999
1456290361.0,f6c091f9,1.019
1456290361.0,98c5755b,1.039
1456290361.0,422c3409,1.009
1456290361.0,aac612fe,1.019
1456290361.0,26058f82,0.999
1456290361.0,c03e7ffa,1.009
1456290361.0,72ecbc2d,1.049
1456290361.0,cf6ad0e9,1.009
1456290361.0,0df6de58,0.949
1456290361.0,f1f7ae62,0.994
1456290361.0,d1b05fbc,0.999
1456290361.0,066fd5f7,1.059
1456290361.0,85e99aa8,0.959
1456290361.0,,1.049
1456290361.0,dab2adef,1.019
1456290361.0,101e2d9b,1.079
1456290361.0,4a802d7b,1.019
1456290361.0,2e047349,1.039
1456290361.0,4e359e7b,0.989
1456290361.0,2092821a,1.009
1456290361.0,de0d13cd,1.019
1456290361.0,93aae403,1.029
1456290361.0,a8154896,1.099
1456290361.0,ac9715c2,0.999
1456290361.0,5cb012ef,1.059
1456290361.0,662ae541,1.039
1456290361.0,2e589edd,0.989
1456290361.0,e75a2976,0.959
1456290361.0,fee47ded,1.019
1456290361.0,528fe9d2,1.009
1456290361.0,fea5f4ce,1.019
1456290361.0,31d0c179,0.989
1456290361.0,de257006,1.089
1456290361.0,ab49a3d7,1.009
1456290361.0,07ccba78,1.029
1456290361.0,1b4ef035,0.969
1456290361.0,02bea987,0.969
1456290361.0,8ff3cfbc,1.029
1456290361.0,7d76b1c0,1.089
1456290361.0,9c89b79d,1.029
1456290361.0,6e2e5e05,1.149
1456290361.0,a2f965eb,1.129
1456290361.0,572ecc04,1.029
1456290361.0,81c9cec5,1.019
1456290361.0,536d9ac3,1.059
1456290361.0,8ce27d1a,0.999
1456290361.0,6bf6f02f,0.999
1456290361.0,4272bb90,1.009
1456290361.0,97c6460d,1.159
1456290361.0,649461ec,0.999
1456290361.0,d69a2326,1.039
1456290361.0,c07854c5,1.009
1456290361.0,0ebd49bf,1.049
1456290361.0,67af76e1,1.059
1456290361.0,d5c5e431,1.049
1456290361.0,ae7c12ce,1.004
1456290361.0,2d58a414,1.009
1456290361.0,1b21d50b,0.989
1456290361.0,319cc820,0.999
1456290361.0,6e17970f,1.009
1456290361.0,b650cdbb,1.019
1456290361.0,52303ab3,1.019
1456290361.0,bc7724e9,1.004
1456290361.0,4ebc6df3,1.009
1456290361.0,5580f197,1.039
1456290361.0,cc350ace,0.999
1456290361.0,4d5c23ec,1.029
1456290361.0,f494f0b9,1.009
1456290361.0,aef0d8b9,1.019
1456290361.0,cbb493e1,1.009
1456290361.0,7eb5a5a4,1.039
1456290361.0,10b34f01,1.029
1456290361.0,beab9b84,1.019
1456290361.0,f4f5e1d8,1.009
1456290361.0,2e24ce9f,0.999
1456290361.0,4f8a6ea2,1.049
1456290361.0,dde804b5,1.059
1456290361.0,53ae9528,1.029
1456290361.0,f28d04f5,1.039
1456290361.0,da3bfceb,1.009
1456290361.0,de8bd970,1.009
1456290361.0,1746d28b,1.049
1456290361.0,90cee554,1.039
1456290361.0,3506918b,1.009
1456290361.0,da19dfd3,0.999
1456290361.0,7a3844f2,0.989
1456290361.0,8dc0342e,1.019
1456290361.0,5e1d80de,0.959
1456290361.0,1595cde4,1.029
1456290361.0,1b5356f1,1.009
1456290361.0,09c6edbf,0.999
1456290361.0,5505aa75,1.039
1456290361.0,69e811f1,1.009
1456290361.0,c4348493,1.019
1456290361.0,e076eba6,1.039
1456290361.0,22ed3351,0.999
1456290361.0,5aa8ba94,1.039
1456290361.0,a3b8eb3b,1.029
1456290361.0,ebe777f4,1.019
1456290361.0,a70de662,1.049
1456290361.0,a514041e,1.009
1456290361.0,2a6e5bb1,1.039
1456290361.0,24398b7a,0.999
1456290361.0,0bcef4ad,0.969
1456290361.0,cef8a5ba,0.999
1456290361.0,86806fc5,0.934
1456290361.0,de86b064,1.019
1456290361.0,6fbc265f,0.999
1456290361.0,e4d02e08,1.019
1456290361.0,c43ed044,0.999
1456290361.0,b8705ff2,0.979
1456290361.0,6b62f260,0.969
1456290361.0,114606f9,0.989
1456290361.0,decd254e,1.009
1456290361.0,672ba0d9,0.999
1456290361.0,211776ed,1.009
1456290361.0,265be8c2,1.019
1456290361.0,4f362e94,1.019
1456290361.0,f36f4393,1.039
1456290361.0,3f9a7b26,0.999
1456290361.0,a3480cfc,1.009
1456290361.0,b29e1284,1.109
1456290361.0,cdddf39e,0.989
1456290361.0,834e2670,1.029
1456290361.0,990b3bf9,1.059
1456290361.0,b2e5f301,1.039
1456290361.0,8fa20ff5,1.089
1456290361.0,e9f34b51,1.059
1456290361.0,f230f25c,0.999
1456290361.0,1881d983,1.049
1456290361.0,9a2b7600,1.029
1456290361.0,,1.019
1456290361.0,0f96b386,1.059
1456290361.0,28664934,1.019
1456290361.0,9f9d06bd,1.034
1456290361.0,ded8bee6,0.999
1456290361.0,7269da44,1.159
1456290361.0,37a8af42,1.009
1456290361.0,8f6f71cb,0.999
1456290601.0,,1.169
1456290601.0,3f836ef6,1.019
1456290601.0,2623501c,0.999
1456290601.0,19296a92,0.999
1456290601.0,1de27695,1.009
1456290601.0,021612d8,0.989
1456290601.0,6474f616,0.989
1456290601.0,dc352ea6,0.999
1456290601.0,90941e78,0.979
1456290601.0,d685db42,0.979
1456290601.0,af6ce086,0.989
1456290601.0,f64d5154,0.979
1456290601.0,de6c0c12,0.979
1456290601.0,ac852c45,0.999
1456290601.0,a49ea2ee,0.979
1456290601.0,e1b4b7f3,0.989
1456290601.0,cdf67cac,0.989
1456290601.0,c45f047d,0.979
1456290601.0,0297c11e,0.989
1456290601.0,42821895,0.989
1456290601.0,ce58aeb7,0.979
1456290601.0,bd167c7d,0.989
1456290601.0,a93143e5,0.989
1456290601.0,731a1055,0.989
1456290601.0,2295e162,0.989
1456290601.0,8e6c3c82,0.989
1456290601.0,b41309f8,0.999
1456290601.0,a278d48e,0.979
1456290601.0,64ac75f0,0.989
1456290601.0,a39def90,0.989
1456290601.0,6610198a,0.999
1456290601.0,902bbd1d,0.989
1456290601.0,aee75779,0.989
1456290601.0,c05d0f34,0.989
1456290601.0,f2925995,0.989
1456290601.0,761fd77f,0.989
1456290601.0,aacc4471,0.989
1456290601.0,9e96bd97,0.989
1456290601.0,a8f5bb50,0.989
1456290601.0,464f5c00,0.999
1456290601.0,2ddaec8d,1.029
1456290601.0,0aede896,0.989
1456290601.0,b01ec055,0.989
1456290601.0,01574e74,1.009
1456290601.0,a6575e4e,0.979
1456290601.0,3ed1efe5,0.999
1456290601.0,00c44ff5,0.989
1456290601.0,86832214,1.089
1456290601.0,74767a2c,1.059
1456290601.0,9a0afbbb,0.989
1456290601.0,f38a8116,1.069
1456290601.0,ed84fb55,0.989
1456290601.0,9a52a6cd,0.989
1456290601.0,b7bc3e61,1.029
1456290601.0,78566eaf,0.989
1456290601.0,888f3033,1.009
1456290601.0,2a3fa9e1,0.999
1456290601.0,ca1add7b,0.999
1456290601.0,44e801f0,0.989
1456290601.0,e055b194,1.079
1456290601.0,e31897db,0.989
1456290601.0,13d407e0,1.009
1456290601.0,237a7aef,1.059
1456290601.0,2498b287,1.059
1456290601.0,0334f503,0.989
1456290601.0,d00ee189,1.139
1456290601.0,a1add909,1.069
1456290601.0,ea6ba7ed,1.039
1456290601.0,9a249d55,0.999
1456290601.0,6229a06b,0.989
1456290601.0,14013752,1.029
1456290601.0,dd180cd9,0.999
1456290601.0,edd33695,0.999
1456290601.0,c25c5571,0.999
1456290601.0,0c5920e5,0.969
1456290601.0,e73846ae,0.994
1456290601.0,90b516a1,1.029
1456290601.0,4b757a5a,0.999
1456290601.0,dd154694,0.999
1456290601.0,7f667b18,0.989
1456290601.0,a2729b52,1.029
1456290601.0,5b93fb87,0.979
1456290601.0,bf54e94e,0.979
1456290601.0,cc29c87a,0.994
1456290601.0,f30258dc,0.999
1456290601.0,e391e28b,0.969
1456290601.0,548c8c9c,1.039
1456290601.0,c515316c,1.009
1456290601.0,c1d5b129,0.999
1456290601.0,75e4d61f,1.009
1456290601.0,31993f75,0.989
1456290601.0,9537b003,0.989
1456290601.0,05574660,0.979
1456290601.0,e29f148a,1.019
1456290601.0,dda7560a,1.009
1456290601.0,861dd273,0.979
1456290601.0,b7b730d9,1.039
1456290601.0,c21cd25b,0.989
1456290601.0,ef3ecd77,0.979
1456290601.0,2c835e88,1.009
1456290601.0,b803381b,0.999
1456290601.0,b154220c,1.009
1456290601.0,549d95e1,0.999
1456290601.0,ac8396c4,1.039
1456290601.0,e16e5312,0.999
1456290601.0,5d78b25e,1.019
1456290601.0,7573fd74,0.999
1456290601.0,ae3fcddd,1.009
1456290601.0,7785d660,1.009
1456290601.0,7ffdf9e7,0.989
1456290601.0,0a5953de,1.029
1456290601.0,19677f59,1.039
1456290601.0,3bf045f8,1.039
1456290601.0,,1.029
1456290601.0,3cfdda94,0.969
1456290601.0,121e3dd1,1.009
1456290601.0,10d616d9,0.999
1456290601.0,5c405f95,0.989
1456290601.0,1b6cee7c,0.999
1456290601.0,6e610cb2,0.999
1456290601.0,4666786f,0.999
1456290601.0,ba7651f8,0.999
1456290601.0,4c76dbcf,1.029
1456290601.0,5e1a19db,0.999
1456290601.0,7bed69b1,0.989
1456290601.0,da9f2014,0.989
1456290601.0,a03c9b78,1.019
1456290601.0,f320c081,0.979
1456290601.0,c8c80a71,0.999
1456290601.0,470345fb,1.019
1456290601.0,96eb851e,1.009
1456290601.0,6df00f1d,0.999
1456290601.0,78e80807,1.009
1456290601.0,65c65682,0.979
1456290601.0,db08686c,0.969
1456290601.0,4d7d95fb,0.999
1456290601.0,ef811cbc,1.039
1456290601.0,8ab710a0,0.989
1456290601.0,c3aa0b78,0.989
1456290601.0,31923c9d,0.989
1456290601.0,e8a8876f,1.059
1456290601.0,b46502fa,1.039
1456290601.0,9e654d43,0.999
1456290601.0,d3d96d55,1.009
1456290601.0,122ff711,1.029
1456290601.0,25528e17,0.988
1456290601.0,2e49818d,0.999
1456290601.0,283d3a46,0.989
1456290601.0,585af33d,0.959
1456290601.0,9d98dcbb,1.019
1456290601.0,bb41a6c9,1.049
1456290601.0,e2aee352,1.019
1456290601.0,0bec4dba,0.939
1456290601.0,aa9b2273,0.989
1456290601.0,2efa85d4,1.039
1456290601.0,36317a57,1.049
1456290601.0,5486cb1a,1.079
1456290601.0,ae03a260,1.029
1456290601.0,5740ab7b,0.999
1456290601.0,18791c83,1.059
1456290601.0,2276c640,0.989
1456290601.0,d21a57fd,0.999
1456290601.0,e1f5b708,0.989
1456290601.0,8fb2a5f0,0.929
1456290601.0,8cfcff71,0.989
1456290601.0,7ef423c0,1.019
1456290601.0,a625d115,1.009
1456290601.0,a3e4145b,1.039
1456290601.0,,1.029
1456290601.0,fe21fda2,0.979
1456290601.0,8c77ed6c,1.039
1456290601.0,8fe50322,0.999
1456290601.0,1cf625f0,1.009
1456290601.0,53758d2b,0.999
1456290601.0,831f7129,1.029
1456290601.0,92a6e659,1.009
1456290601.0,dd78438d,1.179
1456290601.0,3b31f64c,0.989
1456290601.0,b23e37d9,0.979
1456290601.0,152f198a,1.019
1456290601.0,c7e28f54,0.999
1456290601.0,1468aaa8,1.089
1456290601.0,474197ee,0.999
1456290601.0,4d2618e5,1.019
1456290601.0,14d744d4,1.029
1456290601.0,5d132310,0.989
1456290601.0,2234b79f,1.039
1456290601.0,1dbcc94c,1.019
1456290601.0,cac2d933,0.959
1456290601.0,6927d550,1.039
1456290601.0,28119274,0.979
1456290601.0,0bd89a27,1.029
1456290601.0,0bbce3c1,0.979
1456290601.0,4b4c10fa,0.979
1456290601.0,552250d6,0.999
1456290601.0,1670b93b,1.029
1456290601.0,03436a85,1.049
1456290601.0,202af8f9,1.009
1456290601.0,c30f5865,1.009
1456290601.0,e3ed55ca,1.159
1456290601.0,84d84a54,0.979
1456290601.0,38990b28,1.009
1456290601.0,bfefaf34,0.989
1456290601.0,d63aac19,1.039
1456290601.0,e62672b9,0.989
1456290601.0,5c3d3863,0.999
1456290601.0,fbcaa7f6,0.999
1456290601.0,db1d08fc,1.029
1456290601.0,8b68df1f,0.979
1456290601.0,ab57f5d6,0.989
1456290601.0,7adf8914,0.999
1456290601.0,26d674df,0.989
1456290601.0,e512031e,1.009
1456290601.0,5e8d6563,1.179
1456290601.0,6313d441,0.979
1456290601.0,50a1f055,1.039
1456290601.0,98a7af6d,1.009
1456290601.0,d9a504fe,0.989
1456290601.0,aa7bb382,1.049
1456290601.0,2d5c56d1,1.009
1456290601.0,c27cff48,1.009
1456290601.0,9a2da055,1.029
1456290601.0,8cedb45b,0.979
1456290601.0,7b018030,1.039
1456290601.0,9380a9c3,1.009
1456290601.0,f00b592d,1.019
1456290601.0,fe19868d,1.079
1456290601.0,4dcce79a,0.999
1456290601.0,b77283fd,1.009
1456290601.0,bde563ae,1.099
1456290601.0,6f9b604d,1.179
1456290601.0,39c1eecb,1.024
1456290601.0,11fd2741,0.989
1456290601.0,42e9b9e7,1.009
1456290601.0,95d7c5d3,1.029
1456290601.0,6ee6c33d,0.969
1456290601.0,00c551a1,1.029
1456290601.0,c6b47de7,1.059
1456290601.0,4b75217a,1.009
1456290601.0,a260f4a5,0.999
1456290601.0,212dc31a,0.999
1456290601.0,4f9d836e,1.029
1456290601.0,8de1f3e4,1.019
1456290601.0,b38002eb,0.989
1456290601.0,cc9281aa,1.039
1456290601.0,9090ae53,1.029
1456290601.0,7b9d3d6a,1.009
1456290601.0,b806e359,0.939
1456290601.0,12dd04fe,1.009
1456290601.0,e3a6c1d2,0.999
1456290601.0,c79adad0,0.999
1456290601.0,822601b1,0.979
1456290601.0,2e4b5644,1.029
1456290601.0,edb096b5,0.999
1456290601.0,cb04d9ea,1.049
1456290601.0,476837aa,0.969
1456290601.0,2feae8bd,0.979
1456290601.0,2f02de37,0.999
1456290601.0,da9d831f,1.029
1456290601.0,135c7773,1.009
1456290601.0,9bfdebe0,1.029
1456290601.0,3f20997c,1.179
1456290601.0,e186001f,1.029
1456290601.0,50b4fb9f,0.999
1456290601.0,a6443453,0.919
1456290601.0,d620afe2,0.999
1456290601.0,4e459e38,0.989
1456290601.0,038e6a0c,0.989
1456290601.0,6c1eda32,1.019
1456290601.0,09d90f95,0.999
1456290601.0,ec433832,0.969
1456290601.0,190ce429,1.019
1456290601.0,a813c756,1.059
1456290601.0,6bbf6dea,0.979
1456290601.0,ab22dac4,0.999
1456290601.0,93e9a320,0.989
1456290601.0,325d4b8f,0.999
1456290601.0,9dd5a00c,1.009
1456290601.0,b6002806,0.989
1456290601.0,6da3d0a7,0.989
1456290601.0,b913c112,1.039
1456290601.0,dd41b331,1.009
1456290601.0,ec2d78c3,0.999
1456290601.0,57a8495c,0.999
1456290601.0,fbb0ba26,1.039
1456290601.0,52492fd5,0.979
1456290601.0,ae26bf83,0.979
1456290601.0,881dfc32,0.989
1456290601.0,3ad01d3b,0.999
1456290601.0,210e805d,1.009
1456290601.0,9572e9cf,1.039
1456290601.0,4db7ed00,1.039
1456290601.0,e600cf0f,0.989
1456290601.0,01d5bb85,1.009
1456290601.0,bec87d80,1.039
1456290601.0,3ded8d7a,0.959
1456290601.0,cbd96815,0.999
1456290601.0,42917976,1.069
1456290601.0,229400a7,0.979
1456290601.0,,0.979
1456290601.0,c5094307,1.019
1456290601.0,649d4623,1.009
1456290601.0,b26d9567,0.959
1456290601.0,39a29c0a,0.999
1456290601.0,ffcde0bb,0.999
1456290601.0,3c7c43a2,0.989
1456290601.0,4ebc6df3,1.009
1456290601.0,558b1611,0.999
1456290601.0,1ff0ade7,0.988
1456290601.0,922d7fa3,0.999
1456290601.0,f61ba063,1.019
1456290601.0,b5ec285f,1.169
1456290601.0,7929baa2,1.039
1456290601.0,025d70e0,1.029
1456290601.0,fbb672d6,0.979
1456290601.0,bab71d7a,1.009
1456290601.0,7d0e5e60,1.019
1456290601.0,e532f970,1.009
1456290601.0,c98807b3,0.989
1456290601.0,11eac3c2,0.989
1456290601.0,888c0d95,0.999
1456290601.0,896f8569,0.989
1456290601.0,a9b4d8a2,1.009
1456290601.0,6097ffe8,1.059
1456290601.0,fbdde9c7,0.959
1456290601.0,576edbde,0.999
1456290601.0,593279ef,1.019
1456290601.0,3124489d,0.989
1456290601.0,99279e16,1.079
1456290601.0,9b127d1f,1.029
1456290601.0,493d1dbf,1.009
1456290601.0,7fc3b34a,1.009
1456290601.0,4d8ede53,0.999
1456290601.0,eb863f50,1.149
1456290601.0,5ab36501,0.949
1456290601.0,05878847,0.989
1456290601.0,5cd10b8c,1.049
1456290601.0,e83ab5b0,1.029
1456290601.0,cf0f7009,0.969
1456290601.0,8e0ce406,0.989
1456290601.0,783b97cc,0.979
1456290601.0,5321252a,0.999
1456290601.0,b620c103,1.019
1456290601.0,c2ed0986,0.979
1456290601.0,0f0331a5,0.999
1456290601.0,496612a8,0.999
1456290601.0,62994203,0.989
1456290601.0,11bec0f1,1.019
1456290601.0,f97a19ce,0.979
1456290601.0,ece022de,1.029
1456290601.0,c6cff611,1.009
1456290601.0,823f1901,0.989
1456290601.0,f010f044,0.969
1456290601.0,95924e15,0.999
1456290601.0,7501bd18,0.989
1456290601.0,f0610621,1.039
1456290601.0,2b04db76,1.009
1456290601.0,07f1bf63,1.029
1456290601.0,b84f5be2,0.989
1456290601.0,acd1503e,0.989
1456290601.0,dc5ff7cf,0.999
1456290601.0,ec60ccb8,0.969
1456290601.0,51aab8d5,0.999
1456290601.0,ea0a7462,0.999
1456290601.0,53e57ac2,1.019
1456290601.0,6dca6f1b,1.009
1456290601.0,c99b3a87,1.079
1456290601.0,24b936ef,0.999
1456290601.0,d51594f4,0.949
1456290601.0,38b527b3,1.019
1456290601.0,c0a4ac06,0.989
1456290601.0,890bbb28,1.019
1456290601.0,f4b9f379,0.989
1456290601.0,3db9e3a9,0.989
1456290601.0,5bb24e91,0.989
1456290601.0,97b553c9,0.989
1456290601.0,9f42fd97,0.989
1456290601.0,ea4294e9,0.959
1456290601.0,2df557df,0.989
1456290601.0,494f6481,0.989
1456290601.0,c368907a,1.149
1456290601.0,447f2373,0.989
1456290601.0,2638af68,1.059
1456290601.0,c6ca359a,0.999
1456290601.0,0d366466,0.989
1456290601.0,b5fd05ce,1.009
1456290601.0,e56bfa23,0.889
1456290601.0,2cbca1fc,0.989
1456290601.0,8577f793,0.979
1456290601.0,7bfc5ac0,1.029
1456290601.0,c31de946,1.039
1456290601.0,f12a9542,1.009
1456290601.0,40b7c070,0.989
1456290601.0,3851f5d5,0.979
1456290601.0,8d47e406,1.019
1456290601.0,f2e88219,0.989
1456290601.0,684e7234,0.989
1456290601.0,974de11a,1.029
1456290601.0,ba815d55,1.009
1456290601.0,f1200249,0.989
1456290601.0,495cdb73,0.989
1456290601.0,1e17f92c,1.039
1456290601.0,6e409c53,1.009
1456290601.0,d5f0bacd,0.979
1456290601.0,33358700,1.039
1456290601.0,b49ab0b4,1.089
1456290601.0,960bd28e,1.039
1456290601.0,6c200339,1.039
1456290601.0,4a0efe4c,0.979
1456290601.0,28a5d3b4,0.989
1456290601.0,d7552124,1.019
1456290601.0,f3d8409b,1.029
1456290601.0,efe39034,0.999
1456290601.0,55dd1874,0.989
1456290601.0,a6f98df6,1.039
1456290601.0,9a16227b,1.029
1456290601.0,0aa739fb,1.009
1456290841.0,0bc4a690,0.989
1456290841.0,73cecb0d,0.999
1456290841.0,a4006e8d,0.989
1456290841.0,85dec34a,1.039
1456290841.0,3d36e33a,0.989
1456290841.0,0d102e85,0.989
1456290841.0,61ef0e4f,0.999
1456290841.0,5ce764c2,0.999
1456290841.0,0a06a5d3,0.999
1456290841.0,41577ba2,1.029
1456290841.0,722c316b,0.989
1456290841.0,cd730ee9,0.989
1456290841.0,70931d91,0.999
1456290841.0,53bdc202,0.989
1456290841.0,1ad58c2b,0.999
1456290841.0,692e3609,0.989
1456290841.0,38ac63b8,0.999
1456290841.0,c2d8e386,0.989
1456290841.0,f2d26e3e,0.969
1456290841.0,fb73e5e4,0.989
1456290841.0,aa7e9a2c,0.989
1456290841.0,4c77ea18,0.999
1456290841.0,f6f5bf47,0.999
1456290841.0,b7dba17c,0.989
1456290841.0,f527efec,0.989
1456290841.0,fc64f929,1.049
1456290841.0,5236886a,1.009
1456290841.0,6769da06,0.999
1456290841.0,7828885e,0.989
1456290841.0,87fa15f1,0.999
1456290841.0,a23b6ab7,1.009
1456290841.0,d33e0437,0.999
1456290841.0,d1cb3372,0.999
1456290841.0,9b5cfe0e,0.919
1456290841.0,f754cf3e,1.029
1456290841.0,e8262d9e,1.029
1456290841.0,3aecb034,1.009
1456290841.0,58e3ecab,1.019
1456290841.0,fe18c405,0.999
1456290841.0,2228d8bc,1.039
1456290841.0,069bf848,0.989
1456290841.0,bca31534,1.009
1456290841.0,5ecab051,1.039
1456290841.0,c22a155b,1.019
1456290841.0,44e9da67,0.989
1456290841.0,a16c8d86,0.999
1456290841.0,a72d491e,0.999
1456290841.0,3870ca4c,1.019
1456290841.0,7395c363,0.989
1456290841.0,2753be9b,0.949
1456290841.0,d3913b4a,1.029
1456290841.0,5af6e995,1.009
1456290841.0,3fc9a04c,0.979
1456290841.0,8dbae4c1,0.989
1456290841.0,e2266b20,1.039
1456290841.0,c6930db9,0.999
1456290841.0,6437efd0,0.989
1456290841.0,1e85a7ee,1.019
1456290841.0,10a8c388,0.999
1456290841.0,e28599f0,0.999
1456290841.0,18ff9945,1.009
1456290841.0,b79612a4,1.039
1456290841.0,f868a6b6,1.029
1456290841.0,2731c4c9,0.999
1456290841.0,aee6d168,0.999
1456290841.0,ded1172c,0.979
1456290841.0,780043a9,0.989
1456290841.0,f2603ae2,1.029
1456290841.0,8f3d810d,1.019
1456290841.0,a8b18b6e,0.949
1456290841.0,192ba8fb,0.979
1456290841.0,2bb55c91,1.009
1456290841.0,00eccb46,0.999
1456290841.0,533ac141,1.009
1456290841.0,f5cb9500,0.959
1456290841.0,d31ca38d,1.019
1456290841.0,06aae991,0.999
1456290841.0,41f7e395,1.009
1456290841.0,610a0f34,0.999
1456290841.0,e448c44d,1.059
1456290841.0,87e8f563,0.999
1456290841.0,d63f2c51,0.969
1456290841.0,,0.969
1456290841.0,fad81120,0.989
1456290841.0,d0af3229,0.999
1456290841.0,405af975,1.039
1456290841.0,2c9a2837,0.989
1456290841.0,57bad7ea,0.989
1456290841.0,b803381b,0.999
1456290841.0,185c6827,1.009
1456290841.0,d0e7222d,1.019
1456290841.0,f5815103,1.029
1456290841.0,8bd77566,1.009
1456290841.0,8bf8c324,0.999
1456290841.0,5d78b25e,0.969
1456290841.0,204c6f01,1.019
1456290841.0,c219585c,0.999
1456290841.0,c6e90545,0.999
1456290841.0,bb738427,0.979
1456290841.0,c0a3d1e4,0.999
1456290841.0,d854b7df,1.009
1456290841.0,1b9ef516,1.039
1456290841.0,,1.099
1456290841.0,a2fd1226,0.999
1456290841.0,2ec1652c,0.999
1456290841.0,249c81ea,0.989
1456290841.0,81be7dbb,1.009
1456290841.0,8aaabcb9,0.989
1456290841.0,e71e186f,0.939
1456290841.0,bd0953f8,1.019
1456290841.0,c5208f75,0.999
1456290841.0,34c23076,0.989
1456290841.0,f4af1b17,1.019
1456290841.0,88e8e066,0.958
1456290841.0,5747e8a7,1.009
1456290841.0,4724644a,1.009
1456290841.0,f903d8b7,1.009
1456290841.0,6e610cb2,0.999
1456290841.0,06259905,1.009
1456290841.0,fe1c0582,0.989
1456290841.0,aa1ef023,1.009
1456290841.0,c33f8f41,1.009
1456290841.0,9cd2e129,0.989
1456290841.0,89f0cfb7,0.999
1456290841.0,c7e1e757,0.979
1456290841.0,c302d35e,0.999
1456290841.0,72162ebe,0.999
1456290841.0,d80a7ccf,0.989
1456290841.0,48abfcff,0.989
1456290841.0,ead88417,0.999
1456290841.0,237d6474,0.999
1456290841.0,6f85f5da,0.989
1456290841.0,6b90433e,1.009
1456290841.0,0c811233,0.989
1456290841.0,70bc5eff,1.019
1456290841.0,4c906d12,0.989
1456290841.0,532a5017,1.019
1456290841.0,cfdada1d,0.999
1456290841.0,3a474dd3,1.019
1456290841.0,48b70727,1.009
1456290841.0,36728450,1.019
1456290841.0,631aa32c,0.969
1456290841.0,56277da5,0.979
1456290841.0,2a85aef8,0.949
1456290841.0,4e56b21e,0.999
1456290841.0,3dde29b4,1.009
1456290841.0,0324ee01,1.019
1456290841.0,f6e29329,1.009
1456290841.0,ed8a5a8a,0.999
1456290841.0,04ca9ed8,0.989
1456290841.0,aabcd7eb,1.029
1456290841.0,22bf0e3c,1.019
1456290841.0,b061fef9,0.949
1456290841.0,45731ab8,0.959
1456290841.0,457bd3fb,1.009
1456290841.0,95be41d3,0.939
1456290841.0,1c239584,1.039
1456290841.0,92e96565,1.009
1456290841.0,cb37d4b9,0.999
1456290841.0,444273fb,1.009
1456290841.0,4d19c697,0.999
1456290841.0,a7fc7f1f,0.989
1456290841.0,baa66b57,1.019
1456290841.0,878510cb,0.999
1456290841.0,,1.009
1456290841.0,abdc4de1,1.009
1456290841.0,feeb48dc,0.959
1456290841.0,67946f4f,0.999
1456290841.0,6c6c9588,1.029
1456290841.0,96407ff6,1.009
1456290841.0,46179c4a,0.999
1456290841.0,5e1008fc,0.999
1456290841.0,5ae3e1ca,0.929
1456290841.0,30ac5a0c,1.009
1456290841.0,1be7b37b,0.949
1456290841.0,a41bb594,0.989
1456290841.0,c2aa03cb,0.989
1456290841.0,268d8ff7,0.979
1456290841.0,0535a64d,1.059
1456290841.0,64658758,1.029
1456290841.0,e8789a9a,1.009
1456290841.0,75d9dd17,0.989
1456290841.0,8f0c450a,0.999
1456290841.0,8d66ca64,0.969
1456290841.0,d8154473,1.019
1456290841.0,6bc88fc7,0.999
1456290841.0,dbb755da,1.009
1456290841.0,b1579868,0.939
1456290841.0,61149352,0.999
1456290841.0,8051f241,0.999
1456290841.0,d3953243,1.009
1456290841.0,61173148,1.078
1456290841.0,51266623,0.999
1456290841.0,88a26674,0.989
1456290841.0,bf276ef6,1.019
1456290841.0,d34ed29d,0.999
1456290841.0,6a687cf5,0.989
1456290841.0,dd81b39f,0.979
1456290841.0,ffbaf0fd,0.959
1456290841.0,,1.019
1456290841.0,023c4d8c,1.029
1456290841.0,64bb101c,1.009
1456290841.0,2e852031,0.989
1456290841.0,4514d1c7,0.969
1456290841.0,a500d475,0.999
1456290841.0,de567861,1.039
1456290841.0,68af1b90,1.058
1456290841.0,c25fac39,0.999
1456290841.0,9a0bacc1,0.979
1456290841.0,5928fc5b,1.009
1456290841.0,f8cd8b31,1.009
1456290841.0,b212ad4b,1.009
1456290841.0,a10d5095,0.989
1456290841.0,41c3b887,1.009
1456290841.0,ce714a39,1.039
1456290841.0,38cc0cb5,0.989
1456290841.0,a998716f,0.999
1456290841.0,,0.999
1456290841.0,26a6aed5,1.039
1456290841.0,55344490,1.139
1456290841.0,826ef9e5,0.939
1456290841.0,374e91b4,0.989
1456290841.0,6c260eb8,0.989
1456290841.0,052c8059,0.949
1456290841.0,8fec22b9,1.049
1456290841.0,b3d667a6,0.989
1456290841.0,8bda8d2f,1.039
1456290841.0,725ea57f,0.989
1456290841.0,8e88bf8c,0.999
1456290841.0,ba2fdbe6,0.959
1456290841.0,15807244,1.009
1456290841.0,72c39ba1,0.989
1456290841.0,03b3aa33,0.979
1456290841.0,dab2adef,1.019
1456290841.0,1708f0d6,0.999
1456290841.0,66e5052b,1.009
1456290841.0,7490aa54,1.019
1456290841.0,b9c82901,1.009
1456290841.0,a9fbf376,1.049
1456290841.0,eabcfe38,1.084
1456290841.0,1762464c,0.999
1456290841.0,e5658344,1.039
1456290841.0,70cfddc2,1.039
1456290841.0,a2367d31,0.989
1456290841.0,7f2c7280,0.999
1456290841.0,e109622e,0.999
1456290841.0,057738a5,1.039
1456290841.0,1c1982b4,0.999
1456290841.0,2e589edd,1.179
1456290841.0,c48de424,0.989
1456290841.0,1858a39e,1.029
1456290841.0,b2a8b4b9,0.989
1456290841.0,fee47ded,1.019
1456290841.0,c7804480,1.059
1456290841.0,30a3ca97,0.989
1456290841.0,9fbde140,1.009
1456290841.0,5ec2ab05,1.059
1456290841.0,8d45e432,1.009
1456290841.0,1872a79b,0.999
1456290841.0,147959b5,0.999
1456290841.0,9171a74f,0.999
1456290841.0,506b3cd1,1.019
1456290841.0,e613bc2b,1.029
1456290841.0,b14bb16f,1.009
1456290841.0,2e71dd07,0.959
1456290841.0,2fec3510,0.989
1456290841.0,abba0a2d,1.039
1456290841.0,882f175b,0.999
1456290841.0,3c909df8,0.999
1456290841.0,a5ef49c6,1.009
1456290841.0,8e7b7790,1.039
1456290841.0,4d91361c,0.999
1456290841.0,63645f4e,1.009
1456290841.0,,1.019
1456290841.0,ba94f47b,0.989
1456290841.0,7718e2fa,1.059
1456290841.0,01a2d8cf,1.029
1456290841.0,8706aa4c,1.009
1456290841.0,deaa8f7b,1.029
1456290841.0,982ba5cc,1.009
1456290841.0,9b1003bd,0.989
1456290841.0,3e8e99dc,0.989
1456290841.0,e871117c,0.949
1456290841.0,1718ae0b,1.009
1456290841.0,2cdfc56f,1.089
1456290841.0,236e355f,0.989
1456290841.0,19b1edfc,1.009
1456290841.0,714dc178,1.019
1456290841.0,a32bd6b9,0.979
1456290841.0,450f3a21,1.019
1456290841.0,2380bb04,1.009
1456290841.0,5b2c0b33,0.989
1456290841.0,968f2fb0,1.039
1456290841.0,3ceab2dc,0.999
1456290841.0,f4105cbc,0.999
1456290841.0,a3beb05f,1.009
1456290841.0,6933e7da,0.989
1456290841.0,72fef334,0.999
1456290841.0,82d40753,0.999
1456290841.0,d1002658,0.999
1456290841.0,b5ec285f,1.169
1456290841.0,bd396f56,1.059
1456290841.0,fbb672d6,0.969
1456290841.0,4d79856a,1.009
1456290841.0,7b5f8374,0.999
1456290841.0,e21e887d,1.009
1456290841.0,3a7aff39,0.989
1456290841.0,c2cdc545,0.989
1456290841.0,c5669e2f,0.989
1456290841.0,8098495e,0.999
1456290841.0,926509ae,1.029
1456290841.0,6c663a7b,1.039
1456290841.0,b88f7241,1.009
1456290841.0,874f2a6f,0.0
1456290841.0,813e329c,0.989
1456290841.0,0296c555,0.999
1456290841.0,4646068e,0.989
1456290841.0,95577aab,1.039
1456290841.0,f9fbac11,0.999
1456290841.0,85a8d903,0.979
1456290841.0,8dc0342e,0.999
1456290841.0,e9fcf416,0.989
1456290841.0,bdc0736f,1.049
1456290841.0,9264eade,0.999
1456290841.0,e076eba6,1.019
1456290841.0,e26d9873,1.039
1456290841.0,0a0baf66,1.009
1456290841.0,aa01c225,0.969
1456290841.0,1231b9e1,0.989
1456290841.0,a76bbf53,1.019
1456290841.0,6ff38393,1.039
1456290841.0,f14d6045,1.009
1456290841.0,5f27c859,0.989
1456290841.0,d32835d5,0.959
1456290841.0,4612acab,0.999
1456290841.0,f74a068e,1.054
1456290841.0,fcfe3bbf,0.979
1456290841.0,853debfa,1.009
1456290841.0,58c92ed6,0.999
1456290841.0,0f7cd5d5,0.999
1456290841.0,74c7be75,1.029
1456290841.0,21ccc86d,0.979
1456290841.0,c9d2b9cb,0.959
1456290841.0,42b80e51,1.029
1456290841.0,2b74716f,0.989
1456290841.0,a537b03c,0.989
1456290841.0,3fa49d91,1.029
1456290841.0,cada2616,0.999
1456290841.0,29d690c6,1.019
1456290841.0,76a48cbe,0.999
1456290841.0,890bbb28,1.019
1456290841.0,3db9e3a9,0.989
1456290841.0,cca094f8,0.979
1456290841.0,5bb24e91,0.979
1456290841.0,856ff254,1.009
1456290841.0,ea6b204a,0.989
1456290841.0,21b1fd87,0.979
1456290841.0,494f6481,0.979
1456290841.0,9398e203,1.039
1456290841.0,c368907a,1.009
1456290841.0,fb428d4f,1.009
1456290841.0,d01ea35a,1.009
1456290841.0,a0088371,1.059
1456290841.0,4f55919e,0.969
1456290841.0,36d7c026,0.959
1456290841.0,844861f9,1.009
1456290841.0,045fdfdf,1.039
1456290841.0,1f6c44dc,1.019
1456290841.0,91db14ed,0.989
1456290841.0,29b468e1,1.079
1456290841.0,0fc168e5,0.989
1456290841.0,fcb3f0ac,0.989
1456290841.0,d639792f,0.989
1456290841.0,7cb03693,1.009
1456290841.0,77b1dec8,0.999
1456290841.0,76186cf8,1.009
1456290841.0,84fa929f,0.959
1456290841.0,0eeb22de,1.009
1456290841.0,548fb5af,1.024
1456290841.0,c29d02a5,1.039
1456290841.0,8b89b2b8,0.999
1456290841.0,c2e96d64,0.979
1456290841.0,bfe1fb46,0.999
1456290841.0,5c4d093f,0.999
1456290841.0,efe39034,0.999
1456290841.0,28b3e0b6,1.009
1456290841.0,2616645b,0.999
1456290841.0,64735bee,0.989
1456290841.0,9dd2f35d,1.029
1456290841.0,5aad9bc8,1.069
1456290841.0,24e4f125,1.019
1456290841.0,89c3b080,0.999
1456291081.0,b5cf690e,0.989
1456291081.0,da976067,0.989
1456291081.0,86700cdc,0.979
1456291081.0,cfd74c18,0.989
1456291081.0,e6b8819f,0.989
1456291081.0,f4e60d5a,0.989
1456291081.0,48d20717,0.989
1456291081.0,9b79f246,0.989
1456291081.0,0335180a,1.019
1456291081.0,00e94972,0.989
1456291081.0,4e3adf89,0.989
1456291081.0,7d30b511,0.989
1456291081.0,d50f75c4,0.989
1456291081.0,3d8adc15,0.989
1456291081.0,427c61e9,0.989
1456291081.0,5b75cc8d,0.989
1456291081.0,fc64f929,1.019
1456291081.0,4e905761,0.999
1456291081.0,0d053eb3,0.999
1456291081.0,70dce2c3,0.999
1456291081.0,3bb20ba7,1.059
1456291081.0,66c8a343,1.019
1456291081.0,601bbb50,1.159
1456291081.0,dd239a42,0.999
1456291081.0,44ca04a3,0.999
1456291081.0,7592b37a,1.039
1456291081.0,7787058a,1.019
1456291081.0,52f801fe,1.039
1456291081.0,ddaef23c,1.009
1456291081.0,a9083629,0.989
1456291081.0,7a8bfc02,1.019
1456291081.0,cc1b41c2,1.039
1456291081.0,be11dd72,1.009
1456291081.0,de1ded73,0.989
1456291081.0,b5464430,1.009
1456291081.0,e1e9b42f,1.009
1456291081.0,5bb4e610,1.019
1456291081.0,2cd62c9f,1.039
1456291081.0,,1.039
1456291081.0,5110f142,0.999
1456291081.0,ca8f532f,0.999
1456291081.0,98cb49b1,1.029
1456291081.0,0e6ac101,0.999
1456291081.0,01decbb4,0.989
1456291081.0,c952f3ae,1.039
1456291081.0,09638887,0.999
1456291081.0,7b3fcbc6,0.969
1456291081.0,5f0b3d94,1.019
1456291081.0,2b39ff64,1.029
1456291081.0,c20260d6,1.099
1456291081.0,d338b0f2,1.029
1456291081.0,43e08abb,0.999
1456291081.0,cb98fbad,0.969
1456291081.0,edd2f7b6,1.029
1456291081.0,811b6a32,1.019
1456291081.0,37c4f1e4,0.999
1456291081.0,7b47d35b,0.999
1456291081.0,b4c00a25,0.959
1456291081.0,06aae991,0.999
1456291081.0,d2905129,0.989
1456291081.0,c3a379ab,0.999
1456291081.0,4838da54,1.019
1456291081.0,ace7c36e,1.009
1456291081.0,84d195a7,1.029
1456291081.0,67c2a2b3,0.969
1456291081.0,20330ee3,0.999
1456291081.0,3104967c,1.009
1456291081.0,543dd93c,0.999
1456291081.0,b3daf5d6,0.999
1456291081.0,68c7b059,0.969
1456291081.0,92d959c6,1.029
1456291081.0,d04338f7,1.009
1456291081.0,633828e5,1.029
1456291081.0,6452d682,0.989
1456291081.0,ccd8aac4,0.979
1456291081.0,22bd49d5,1.019
1456291081.0,b79abfef,1.029
1456291081.0,8067eaa3,1.029
1456291081.0,41d7fd8c,1.059
1456291081.0,2024d5d7,1.019
1456291081.0,f4e77bcd,1.039
1456291081.0,b42f77df,0.989
1456291081.0,97543d60,0.974
1456291081.0,4fdca23f,0.999
1456291081.0,236e2f71,1.079
1456291081.0,628e1099,1.029
1456291081.0,c77e2863,0.979
1456291081.0,0b91981b,1.009
1456291081.0,546992ee,0.999
1456291081.0,c08bba33,1.029
1456291081.0,32bf0348,1.039
1456291081.0,39c4abbc,1.019
1456291081.0,658748ac,1.009
1456291081.0,e8716217,0.989
1456291081.0,fa97f78a,0.979
1456291081.0,9087534b,1.009
1456291081.0,,0.989
1456291081.0,288e33f2,0.989
1456291081.0,6c528360,1.039
1456291081.0,a441d45c,0.999
1456291081.0,8a3c1b82,0.999
1456291081.0,6e416e85,1.039
1456291081.0,7a876cfb,0.979
1456291081.0,ff5d1617,0.999
1456291081.0,99a0136a,0.949
1456291081.0,81510092,1.029
1456291081.0,910c6a77,0.979
1456291081.0,4e74bd65,1.009
1456291081.0,15200152,0.939
1456291081.0,493b6369,0.979
1456291081.0,240e728f,0.979
1456291081.0,2132dc97,0.989
1456291081.0,7e5a6d3f,0.969
1456291081.0,cdf81365,1.019
1456291081.0,27c16d5b,0.979
1456291081.0,4f434ea1,0.979
1456291081.0,dd4866c8,1.009
1456291081.0,11364835,0.969
1456291081.0,14a12755,0.979
1456291081.0,e39a2c78,0.999
1456291081.0,bd03317d,0.979
1456291081.0,eecbf37e,0.999
1456291081.0,9d8369d3,1.009
1456291081.0,99bcd97c,0.979
1456291081.0,30eed8b6,0.979
1456291081.0,f709d7cd,1.009
1456291081.0,aac6abb7,0.979
1456291081.0,6933007f,0.969
1456291081.0,9d522e7b,0.999
1456291081.0,44adf9c1,0.969
1456291081.0,22bbd2e9,0.949
1456291081.0,95fbf71d,0.949
1456291081.0,8976ce99,0.969
1456291081.0,24f09d82,0.969
1456291081.0,da28f05d,0.989
1456291081.0,6a7aa1a0,0.979
1456291081.0,96ad35a6,0.979
1456291081.0,176e9b96,0.989
1456291081.0,9e283f94,0.979
1456291081.0,7dedf4de,0.989
1456291081.0,c31f354d,1.009
1456291081.0,4d655bc9,0.979
1456291081.0,27809f91,1.019
1456291081.0,79b68d4c,1.039
1456291081.0,4b87f0df,0.999
1456291081.0,865c84ca,1.049
1456291081.0,1df9dc01,1.089
1456291081.0,a8f01af7,1.029
1456291081.0,5991ce93,0.999
1456291081.0,292f3ea8,0.989
1456291081.0,9a4aa177,1.009
1456291081.0,c0d663b4,1.039
1456291081.0,d20f8501,0.999
1456291081.0,eea64b3d,1.089
1456291081.0,bfc6b6eb,0.989
1456291081.0,5082e3d6,0.999
1456291081.0,8f1f8544,0.999
1456291081.0,5dd1bb39,1.014
1456291081.0,1ae63c31,1.029
1456291081.0,e5b98666,1.029
1456291081.0,0eb17bed,1.099
1456291081.0,fb9a8547,0.959
1456291081.0,e274299b,1.009
1456291081.0,d05c205a,0.999
1456291081.0,96d4afe8,0.989
1456291081.0,056edfd2,0.959
1456291081.0,91713a4d,0.989
1456291081.0,13afa0e9,1.039
1456291081.0,fce7ca5c,1.009
1456291081.0,b7f65739,1.029
1456291081.0,1468aaa8,1.039
1456291081.0,e8328929,1.009
1456291081.0,58d54fd0,0.989
1456291081.0,b71b2d23,1.019
1456291081.0,bde06776,1.039
1456291081.0,6fc67d43,0.999
1456291081.0,0d20ed99,1.009
1456291081.0,5da4505e,0.999
1456291081.0,6390097a,1.009
1456291081.0,c11feddb,0.979
1456291081.0,5a8b71b2,0.989
1456291081.0,44bf3174,0.979
1456291081.0,ace2e1f9,0.989
1456291081.0,f1405292,1.019
1456291081.0,8babf7a8,0.999
1456291081.0,14e91513,1.039
1456291081.0,44a2c936,1.059
1456291081.0,bc6e8d35,1.034
1456291081.0,e147c97d,0.989
1456291081.0,0b36f9ce,1.039
1456291081.0,3f9273de,1.039
1456291081.0,e1071f74,1.009
1456291081.0,2cf05648,0.999
1456291081.0,010a1240,1.039
1456291081.0,e8befa14,1.059
1456291081.0,0dd22df0,0.999
1456291081.0,ded69fbb,1.039
1456291081.0,c2405c51,1.069
1456291081.0,5e3d40d3,0.979
1456291081.0,c1dfd045,1.029
1456291081.0,3bb9d5ac,1.169
1456291081.0,c288a0c4,0.989
1456291081.0,d2823b8f,1.059
1456291081.0,f76fac88,0.999
1456291081.0,613ea133,1.029
1456291081.0,d15d75b3,1.079
1456291081.0,7f2d651e,0.999
1456291081.0,aa65bfee,1.019
1456291081.0,edd1487d,1.039
1456291081.0,4a513f03,1.019
1456291081.0,887915b9,0.999
1456291081.0,4dc73eb8,1.009
1456291081.0,6c2590c1,1.009
1456291081.0,9c45c396,0.999
1456291081.0,3784c135,1.009
1456291081.0,6bc29395,1.039
1456291081.0,5ab60468,1.059
1456291081.0,dcab2d5d,1.009
1456291081.0,5d04b2ad,1.009
1456291081.0,ab473015,1.039
1456291081.0,046da538,1.019
1456291081.0,ce714a39,1.029
1456291081.0,1e3f04ab,1.009
1456291081.0,9aff86f3,0.999
1456291081.0,180c401e,1.019
1456291081.0,5d8dcd1a,1.009
1456291081.0,7ab85794,0.979
1456291081.0,d54da67a,0.999
1456291081.0,0ec80a86,0.989
1456291081.0,12203554,1.019
1456291081.0,4389dbbf,1.009
1456291081.0,6643d108,1.009
1456291081.0,49633dc8,1.039
1456291081.0,ed23637d,1.009
1456291081.0,3340d6a0,1.019
1456291081.0,2945d488,0.999
1456291081.0,3d12dc1e,1.059
1456291081.0,f2abb84b,1.019
1456291081.0,8fec22b9,1.039
1456291081.0,d0fb35a1,1.069
1456291081.0,cb409a1c,1.009
1456291081.0,,1.009
1456291081.0,58d274cb,1.059
1456291081.0,186a2106,1.009
1456291081.0,354f3556,0.999
1456291081.0,c631958b,0.979
1456291081.0,a093cd4b,1.029
1456291081.0,95d6571c,1.099
1456291081.0,37df3e29,0.999
1456291081.0,c7f1eb71,1.099
1456291081.0,41095c7b,0.999
1456291081.0,,1.009
1456291081.0,3f195c1b,1.029
1456291081.0,680d2cb8,1.019
1456291081.0,2a365ba8,0.989
1456291081.0,0fc44087,1.069
1456291081.0,5d4e52c0,1.019
1456291081.0,c10bd90f,1.039
1456291081.0,a0bca24c,0.989
1456291081.0,9f652a92,1.089
1456291081.0,29fe4cae,0.979
1456291081.0,5a5daf30,0.999
1456291081.0,43b2838d,1.039
1456291081.0,2feae8bd,0.969
1456291081.0,b003d766,1.039
1456291081.0,a0b4fcec,1.029
1456291081.0,86622959,1.009
1456291081.0,d4602afc,0.989
1456291081.0,bf0b9827,0.999
1456291081.0,0daf2906,0.999
1456291081.0,15b3db43,0.999
1456291081.0,2b8c12d2,0.999
1456291081.0,815fb20c,0.999
1456291081.0,13ca0d8f,1.019
1456291081.0,9010dbc0,1.059
1456291081.0,0b71e59a,0.959
1456291081.0,7dde6783,1.039
1456291081.0,c53a45b7,1.019
1456291081.0,43d54d96,1.029
1456291081.0,a630f96a,1.079
1456291081.0,c5e12fd4,0.989
1456291081.0,b471c98a,0.999
1456291081.0,c4a3a803,1.029
1456291081.0,7150ecaf,1.049
1456291081.0,a6631f18,0.979
1456291081.0,1c087491,0.979
1456291081.0,570306b1,1.009
1456291081.0,8c24cc40,1.089
1456291081.0,699fb3bc,0.989
1456291081.0,50e8deb3,1.039
1456291081.0,b1184001,0.999
1456291081.0,9199777f,1.049
1456291081.0,b6e44119,0.999
1456291081.0,990757d8,1.039
1456291081.0,f74fad88,1.059
1456291081.0,00960a86,0.989
1456291081.0,35155576,0.979
1456291081.0,fb44675e,1.059
1456291081.0,4ffb64c8,0.999
1456291081.0,efda2508,1.039
1456291081.0,bd3a11a3,0.999
1456291081.0,1bfa13b3,0.979
1456291081.0,5103112e,1.019
1456291081.0,23e2d722,1.009
1456291081.0,62704b8a,0.999
1456291081.0,c90ddd1c,1.019
1456291081.0,e7b6ab01,1.009
1456291081.0,7906e124,0.999
1456291081.0,a90392b0,1.039
1456291081.0,c4088196,1.019
1456291081.0,6204496e,1.019
1456291081.0,2357ec98,1.009
1456291081.0,333d1cac,1.009
1456291081.0,6860f6a1,0.979
1456291081.0,94c17036,1.039
1456291081.0,18bd42e9,1.039
1456291081.0,250c83be,0.999
1456291081.0,14295632,0.969
1456291081.0,afd35ba0,0.979
1456291081.0,69e811f1,1.089
1456291081.0,5c88c29d,0.999
1456291081.0,c7f22027,1.019
1456291081.0,e17ef357,0.959
1456291081.0,0fb24e7d,0.999
1456291081.0,5ce80f96,1.029
1456291081.0,b20731bb,1.009
1456291081.0,d1deaf7f,1.019
1456291081.0,f02aba4d,0.979
1456291081.0,9bc16c2e,0.949
1456291081.0,35730766,0.969
1456291081.0,aa01c225,0.969
1456291081.0,a3b8eb3b,1.019
1456291081.0,956c6d65,0.989
1456291081.0,aaa58622,1.039
1456291081.0,a042f697,1.019
1456291081.0,a86c0a1f,1.009
1456291081.0,f876e3e8,0.949
1456291081.0,a05a18cd,1.019
1456291081.0,c1548059,1.039
1456291081.0,7b90d598,0.949
1456291081.0,0d4c6469,0.999
1456291081.0,4ea41fde,0.999
1456291081.0,39116d5f,1.009
1456291081.0,e9209897,1.029
1456291081.0,ca39cb77,1.009
1456291081.0,73af7048,0.989
1456291081.0,0a224fb3,0.989
1456291081.0,41ca6c6a,1.029
1456291081.0,16fbfac7,1.009
1456291081.0,a452f12c,0.989
1456291081.0,c8081aa2,1.009
1456291081.0,3e2d7201,0.999
1456291081.0,0da2e486,1.039
1456291081.0,53d76725,1.139
1456291081.0,a949a310,1.019
1456291081.0,32a9a0e5,0.989
1456291081.0,9eb320c2,1.009
1456291081.0,1db152f7,1.019
1456291081.0,9dff86f1,0.999
1456291081.0,c0a4ac06,0.979
1456291081.0,9f5a9e69,0.989
1456291081.0,f4b9f379,0.989
1456291081.0,856ff254,0.989
1456291081.0,aa661eb4,0.959
1456291081.0,6b62f260,0.969
1456291081.0,a57ba9f4,0.999
1456291081.0,1edd50b1,0.989
1456291081.0,ea4294e9,0.959
1456291081.0,1cc76c84,1.019
1456291081.0,5054e21e,0.999
1456291081.0,b215d388,0.969
1456291081.0,8c27b2e6,1.069
1456291081.0,72054327,0.989
1456291081.0,19cfa34e,1.009
1456291081.0,7b417f71,0.999
1456291081.0,435e7b69,1.049
1456291081.0,4c13609c,0.999
1456291081.0,b5897439,0.999
1456291081.0,84491c5b,1.009
1456291081.0,577368de,1.019
1456291081.0,3ec9f041,1.019
1456291081.0,9a0f8848,0.979
1456291081.0,b2fe027e,0.959
1456291081.0,04a002fa,1.019
1456291081.0,ba2213e9,1.029
1456291081.0,3851f5d5,0.969
1456291081.0,3f3540c1,0.989
1456291081.0,f4b0a53c,1.019
1456291081.0,19c8f617,1.019
1456291081.0,188a79d3,1.009
1456291081.0,f50a208b,0.999
1456291081.0,5dc3decc,1.049
1456291081.0,f5d0841a,1.009
1456291081.0,b49ab0b4,1.039
1456291081.0,7f6e5cbd,1.019
1456291081.0,d31fa383,1.009
1456291081.0,61eb5be2,0.979
1456291081.0,aae7bd53,1.019
1456291081.0,473de136,1.019
1456291081.0,5fab2045,1.049
1456291081.0,7ad9dcdf,1.029
1456291081.0,b299d8d7,0.999
1456291321.0,2fa408e2,1.019
1456291321.0,e9e52190,0.999
1456291321.0,f7d2bcca,1.119
1456291321.0,42045a7b,1.009
1456291321.0,91fb648d,0.969
1456291321.0,84556510,0.979
1456291321.0,ca5390ed,0.989
1456291321.0,4721133a,0.989
1456291321.0,583435e5,1.009
1456291321.0,6a74be04,1.019
1456291321.0,8ac847f6,0.999
1456291321.0,8175f3cb,1.009
1456291321.0,f15b5390,0.989
1456291321.0,3277bf79,0.979
1456291321.0,e85f8007,1.009
1456291321.0,99d46a35,0.979
1456291321.0,ddd15cbb,1.039
1456291321.0,6f9842b1,0.979
1456291321.0,,1.079
1456291321.0,24787319,0.999
1456291321.0,9d2b8c43,1.009
1456291321.0,0fd4a5a3,0.989
1456291321.0,1898c240,1.029
1456291321.0,,0.969
1456291321.0,b3a02a90,1.049
1456291321.0,2a00611c,1.009
1456291321.0,d98c0af9,0.999
1456291321.0,0ecd3674,0.999
1456291321.0,da5389d9,0.989
1456291321.0,e1c57a67,0.989
1456291321.0,0e6ac101,0.989
1456291321.0,0ea03633,0.999
1456291321.0,13d407e0,1.009
1456291321.0,c595c849,1.089
1456291321.0,c449aa2a,1.009
1456291321.0,8d7db884,1.029
1456291321.0,06f5dad2,1.019
1456291321.0,b9e8287e,0.999
1456291321.0,215c30e8,0.999
1456291321.0,d0abe7db,1.159
1456291321.0,98860edd,0.989
1456291321.0,19625574,1.029
1456291321.0,e70ecea8,0.969
1456291321.0,eefff0b8,0.999
1456291321.0,323627e3,1.009
1456291321.0,2c58ecc7,0.999
1456291321.0,bc235ee2,0.989
1456291321.0,5a8fcce2,0.989
1456291321.0,86041d34,0.989
1456291321.0,a300968d,1.029
1456291321.0,de376e73,0.999
1456291321.0,26d3d3cd,0.989
1456291321.0,2cb5ba1b,0.999
1456291321.0,0c5920e5,0.949
1456291321.0,763190d4,1.039
1456291321.0,d95bf294,0.959
1456291321.0,384d5e02,1.009
1456291321.0,113d0a42,0.999
1456291321.0,bb2d140b,1.019
1456291321.0,5e4600be,0.999
1456291321.0,629268ea,1.029
1456291321.0,8c14cf23,1.009
1456291321.0,95cc0772,0.989
1456291321.0,f873156d,1.079
1456291321.0,f233face,1.029
1456291321.0,cc29c87a,0.984
1456291321.0,faf392db,0.989
1456291321.0,e92281f9,1.019
1456291321.0,c065b81d,0.994
1456291321.0,632dad6b,0.999
1456291321.0,00a2a041,1.009
1456291321.0,df4fadef,0.989
1456291321.0,d586ebeb,0.969
1456291321.0,9bf2ca69,0.999
1456291321.0,018c0b0e,1.039
1456291321.0,ab11e935,1.009
1456291321.0,ccd8aac4,0.939
1456291321.0,c6a133a0,0.989
1456291321.0,a1f3fe7e,0.999
1456291321.0,3c9e1eb4,0.999
1456291321.0,c66eeb5b,0.999
1456291321.0,0f173106,1.009
1456291321.0,2168c0a1,1.019
1456291321.0,3c4c7ab9,0.999
1456291321.0,734c00a8,0.979
1456291321.0,0094aa42,0.979
1456291321.0,df34af64,0.999
1456291321.0,c441e36d,1.039
1456291321.0,4d248889,0.999
1456291321.0,c1f003e3,1.039
1456291321.0,3f5f0189,0.979
1456291321.0,,0.999
1456291321.0,f94d8069,1.069
1456291321.0,feda8910,0.999
1456291321.0,656a2566,1.029
1456291321.0,5a88efab,0.989
1456291321.0,64da7e72,1.019
1456291321.0,52932f4e,0.999
1456291321.0,6e907110,1.009
1456291321.0,8bf65820,0.999
1456291321.0,6866a590,0.989
1456291321.0,bbc01d1b,0.979
1456291321.0,2c82fe56,0.979
1456291321.0,bf64b735,1.029
1456291321.0,f989aaff,0.999
1456291321.0,c6944b24,1.019
1456291321.0,96eb851e,0.999
1456291321.0,c17f3537,0.999
1456291321.0,58419a90,0.999
1456291321.0,17003e91,0.999
1456291321.0,575d8182,1.009
1456291321.0,6bd14210,1.009
1456291321.0,e7848d8d,1.009
1456291321.0,566376d2,1.009
1456291321.0,f141ff6e,1.009
1456291321.0,5a599746,0.989
1456291321.0,cd5312ba,0.999
1456291321.0,6b50c140,1.029
1456291321.0,8c51a8b0,0.999
1456291321.0,a2806a38,0.999
1456291321.0,4cad0289,1.009
1456291321.0,5d1b2141,1.009
1456291321.0,7f90a219,1.019
1456291321.0,5e86ff24,0.989
1456291321.0,16faf672,1.039
1456291321.0,d2a69e6d,1.019
1456291321.0,b6ef86a2,0.999
1456291321.0,3e32f401,1.009
1456291321.0,d887646b,0.989
1456291321.0,f05c17a0,0.979
1456291321.0,11b2e08c,0.979
1456291321.0,bf8c6324,0.969
1456291321.0,e4d3e8f1,1.009
1456291321.0,d6fc46e5,0.979
1456291321.0,eaa7c105,0.979
1456291321.0,6d9dcb86,0.989
1456291321.0,82e87a14,0.969
1456291321.0,0c07c233,0.979
1456291321.0,e2aee352,1.009
1456291321.0,f5f69c31,0.959
1456291321.0,21a92259,0.979
1456291321.0,613352d7,0.989
1456291321.0,6f11a226,1.019
1456291321.0,9672aa1d,0.999
1456291321.0,fe4f9d49,1.019
1456291321.0,e0bab6c8,0.989
1456291321.0,d4391500,1.009
1456291321.0,d623182f,0.999
1456291321.0,59005fdf,1.029
1456291321.0,350e97c6,0.979
1456291321.0,da93bb21,0.989
1456291321.0,d2661e86,1.009
1456291321.0,67ba0742,1.079
1456291321.0,563059fb,0.999
1456291321.0,2df8fc01,1.009
1456291321.0,dac3b9fb,0.969
1456291321.0,49d8f4c8,1.099
1456291321.0,f7877ed7,0.999
1456291321.0,863245a5,0.999
1456291321.0,3e13dc7c,1.019
1456291321.0,853a3988,1.039
1456291321.0,ffe4ba98,0.949
1456291321.0,a3af7ef1,1.009
1456291321.0,5288c0b4,0.989
1456291321.0,1e2441ce,0.999
1456291321.0,443ae02b,0.979
1456291321.0,7ac12ae4,0.999
1456291321.0,64e9b77c,1.009
1456291321.0,9eb1be1f,0.989
1456291321.0,19dd6ffa,1.009
1456291321.0,8c0782e7,0.979
1456291321.0,2a5a0676,0.999
1456291321.0,,1.009
1456291321.0,19ff419b,0.989
1456291321.0,170c9bf0,0.979
1456291321.0,52628b2e,0.999
1456291321.0,328b1075,0.989
1456291321.0,346ffe81,1.019
1456291321.0,a3cd819d,1.009
1456291321.0,0c4f31d4,0.999
1456291321.0,ed986aff,1.009
1456291321.0,48b393b2,0.999
1456291321.0,2606727d,0.989
1456291321.0,84e18861,0.989
1456291321.0,,1.039
1456291321.0,3813907a,0.999
1456291321.0,1e0f5f03,1.009
1456291321.0,a1605c07,1.029
1456291321.0,4817b47e,1.039
1456291321.0,e7aa0c08,1.029
1456291321.0,badcf1ca,0.999
1456291321.0,662b3491,1.019
1456291321.0,f0ec9164,0.989
1456291321.0,33a8b66f,0.989
1456291321.0,f37a54f6,1.019
1456291321.0,97c2b006,0.999
1456291321.0,0f7cfab9,0.989
1456291321.0,cbc79cc7,1.009
1456291321.0,ce969ca1,0.969
1456291321.0,f7a5dd5a,1.009
1456291321.0,8654a022,0.999
1456291321.0,58ef2865,0.999
1456291321.0,d1d61cfb,1.089
1456291321.0,06865c2e,1.039
1456291321.0,733e2724,1.049
1456291321.0,2d3e73c9,0.999
1456291321.0,bef35d30,0.999
1456291321.0,5459c738,0.999
1456291321.0,0f42eed0,0.959
1456291321.0,68af1b90,0.978
1456291321.0,57fbf14f,0.989
1456291321.0,bc723644,0.999
1456291321.0,093ad451,1.029
1456291321.0,2a2c8207,1.019
1456291321.0,477e21c8,1.009
1456291321.0,a1143c6a,1.019
1456291321.0,d62c0561,0.999
1456291321.0,98f928d6,0.999
1456291321.0,9eb48657,0.999
1456291321.0,b7f96330,0.999
1456291321.0,7b8d5b92,1.019
1456291321.0,b791cb2d,0.989
1456291321.0,0616421e,1.009
1456291321.0,6f30727c,1.009
1456291321.0,72567073,1.009
1456291321.0,10774c7e,1.019
1456291321.0,c44abeea,1.029
1456291321.0,4f9d836e,1.029
1456291321.0,202abd50,0.989
1456291321.0,,0.939
1456291321.0,0a42099e,1.029
1456291321.0,ea476e14,0.989
1456291321.0,3edff2fe,1.019
1456291321.0,e743f9ea,0.989
1456291321.0,0e6789c0,0.999
1456291321.0,3af55c11,0.999
1456291321.0,756b37e6,0.999
1456291321.0,c3606f90,0.969
1456291321.0,4c83adf3,1.039
1456291321.0,29e79793,0.979
1456291321.0,0ea9619d,1.009
1456291321.0,11db12fc,1.139
1456291321.0,5e3c55e4,1.029
1456291321.0,8d192dd1,1.029
1456291321.0,35ef9d63,0.999
1456291321.0,8e7cb537,1.049
1456291321.0,698d5fbc,0.999
1456291321.0,92b69eed,0.999
1456291321.0,02d10a00,1.009
1456291321.0,123a41c8,1.019
1456291321.0,5daf9270,0.999
1456291321.0,39f820cc,1.029
1456291321.0,3f788efe,1.029
1456291321.0,bcc9307a,1.009
1456291321.0,c94456d2,0.999
1456291321.0,1cc4daa8,1.009
1456291321.0,2f559315,1.029
1456291321.0,a7b1a4ab,1.009
1456291321.0,c704c346,0.989
1456291321.0,4aba346d,1.009
1456291321.0,ee372f15,1.009
1456291321.0,a2f965eb,1.079
1456291321.0,3de6c3ca,1.029
1456291321.0,7a6dcdb0,1.039
1456291321.0,b3898d20,1.009
1456291321.0,77906f99,1.019
1456291321.0,ce2ccf2c,0.999
1456291321.0,35cf8855,0.999
1456291321.0,aa9ca821,0.959
1456291321.0,029bff95,1.009
1456291321.0,eb159d17,0.974
1456291321.0,6bf6b199,1.039
1456291321.0,a5ce2de1,0.999
1456291321.0,09aa4f77,0.989
1456291321.0,0b3074b7,1.029
1456291321.0,329fbc05,1.019
1456291321.0,,0.939
1456291321.0,be48bbf9,1.019
1456291321.0,80d7d85e,1.019
1456291321.0,210d7aa0,1.009
1456291321.0,48038048,0.999
1456291321.0,057c5d18,0.939
1456291321.0,0ee68fe4,0.999
1456291321.0,f2ef7300,0.989
1456291321.0,1ee7bf79,1.029
1456291321.0,f89f019c,1.019
1456291321.0,8c5eeeac,1.019
1456291321.0,dce30980,1.009
1456291321.0,cc350ace,0.989
1456291321.0,ae9a3b9d,0.999
1456291321.0,6d18dcdf,0.989
1456291321.0,f4b9d561,0.979
1456291321.0,e24d8cab,1.009
1456291321.0,612f96e1,0.999
1456291321.0,ee288062,1.029
1456291321.0,f03c398a,0.989
1456291321.0,e46e4bee,1.009
1456291321.0,e8b2cb64,0.989
1456291321.0,5043ba52,0.999
1456291321.0,ed71c114,1.009
1456291321.0,62f495a7,0.989
1456291321.0,c82dccc8,1.009
1456291321.0,c257e761,1.009
1456291321.0,6a49dcf0,1.019
1456291321.0,874f2a6f,0.0
1456291321.0,91698594,1.019
1456291321.0,c7ec58cd,0.969
1456291321.0,6df33a19,0.959
1456291321.0,26d58413,0.999
1456291321.0,f9265ab5,0.959
1456291321.0,2a8a850f,1.039
1456291321.0,fb80b39a,0.999
1456291321.0,2bbe715d,1.029
1456291321.0,9e78816a,1.019
1456291321.0,a291fa50,0.979
1456291321.0,eb7de52f,0.999
1456291321.0,6ab142e0,1.019
1456291321.0,3a9a5bc8,0.999
1456291321.0,ebccb800,0.999
1456291321.0,8c5ae0bd,1.049
1456291321.0,11bec0f1,1.009
1456291321.0,b350758d,1.009
1456291321.0,cb987f86,1.049
1456291321.0,441c3937,0.969
1456291321.0,9ac3ac4d,0.999
1456291321.0,9628820d,1.029
1456291321.0,5037ab0b,1.029
1456291321.0,ea255676,1.029
1456291321.0,b205cecb,0.999
1456291321.0,304a6497,0.999
1456291321.0,c92ed685,0.999
1456291321.0,84333954,0.989
1456291321.0,5c531135,0.989
1456291321.0,6e966a1c,1.009
1456291321.0,7e304939,0.969
1456291321.0,2ce5573c,1.029
1456291321.0,152983d0,0.999
1456291321.0,c0f54c09,1.009
1456291321.0,cba1718d,1.039
1456291321.0,e5139cec,0.989
1456291321.0,3db9e3a9,0.969
1456291321.0,e146d88a,0.969
1456291321.0,ae30d7e3,0.979
1456291321.0,56ea4a71,0.979
1456291321.0,4b0cfdb6,0.979
1456291321.0,0a2b6f09,0.979
1456291321.0,758e532b,0.989
1456291321.0,ee74bc99,0.959
1456291321.0,de162c11,0.949
1456291321.0,5a549ff7,0.989
1456291321.0,006407b4,0.979
1456291321.0,8c9cc6bc,0.989
1456291321.0,c12acf8f,0.989
1456291321.0,484ff98d,0.999
1456291321.0,8a7526b9,0.999
1456291321.0,1cdbfafd,1.009
1456291321.0,c404557e,1.009
1456291321.0,5a80a293,1.009
1456291321.0,8d86cbc4,0.999
1456291321.0,29eed38e,1.009
1456291321.0,238a9662,0.999
1456291321.0,19e2bcd9,0.999
1456291321.0,d8b88152,0.959
1456291321.0,5f3a075f,0.959
1456291321.0,331cb87c,0.999
1456291321.0,606d52e3,1.019
1456291321.0,7059e623,0.979
1456291321.0,034d1d51,0.999
1456291321.0,5f9ac3b1,1.009
1456291321.0,5c8ccf98,0.969
1456291321.0,e532c6da,0.999
1456291321.0,e523456f,0.979
1456291321.0,823e96f7,0.999
1456291321.0,58d29ccf,0.989
1456291321.0,a9864022,0.999
1456291321.0,10fa0582,0.999
1456291321.0,524b14cc,1.039
1456291321.0,87a23e83,1.009
1456291321.0,91baebbc,0.999
1456291321.0,c39e2d3d,0.949
1456291321.0,d361cee8,1.029
1456291321.0,48772908,0.999
1456291321.0,dd530bc1,0.999
1456291321.0,fb363438,1.059
1456291321.0,7b4a45e6,0.989
1456291321.0,dea8af98,0.999
1456291321.0,df8d090e,0.989
1456291321.0,488fcdf2,1.019
1456291321.0,096893a3,1.009
1456291321.0,4ddf478c,1.009
1456291321.0,68bdb4cb,1.009
1456291321.0,53216105,1.009
1456291321.0,d1780d08,0.999
1456291321.0,ed46fdb9,0.989
1456291321.0,a41abd0c,0.999
1456291321.0,b03e55fa,0.989
1456291321.0,4b3bf40e,0.989
1456291321.0,,0.959
1456291561.0,3f836ef6,0.959
1456291561.0,f3834b4f,0.999
1456291561.0,6617dc3f,0.989
1456291561.0,4efb708e,0.96
1456291561.0,c27a8db0,0.997
1456291561.0,c58eee91,0.959
1456291561.0,0c3d62f5,1.119
1456291561.0,778f55da,1.009
1456291561.0,e8fba845,0.999
1456291561.0,cc6d6eb2,0.999
1456291561.0,3cce768e,1.149
1456291561.0,fbbd6af8,0.989
1456291561.0,ef2c1942,0.989
1456291561.0,51d953d8,0.929
1456291561.0,5666e885,0.989
1456291561.0,53bdc202,0.969
1456291561.0,312353ed,0.959
1456291561.0,d355e704,0.979
1456291561.0,408e52ea,0.989
1456291561.0,dfa3f4f3,0.999
1456291561.0,30797552,0.989
1456291561.0,31a01e0e,0.989
1456291561.0,735f3dba,0.989
1456291561.0,19838731,0.989
1456291561.0,440eff71,0.989
1456291561.0,f4ec7ff4,0.999
1456291561.0,58e4c668,0.989
1456291561.0,62b18fb8,0.929
1456291561.0,39213e3c,0.989
1456291561.0,bd3ac554,1.009
1456291561.0,37649bcc,0.989
1456291561.0,f85db113,0.999
1456291561.0,c77b8785,0.999
1456291561.0,ae55b396,0.989
1456291561.0,3fc372ae,0.999
1456291561.0,22ec99c7,0.989
1456291561.0,79da1dfc,0.999
1456291561.0,2fbced23,0.999
1456291561.0,60ce8dc7,0.989
1456291561.0,0934ee5b,0.989
1456291561.0,68a4c69f,0.999
1456291561.0,12d36adb,1.009
1456291561.0,77b1b0cd,0.989
1456291561.0,6cfd795c,0.999
1456291561.0,a4d2bd28,0.999
1456291561.0,2ddaec8d,0.999
1456291561.0,ebeb80cb,1.019
1456291561.0,1aa24614,1.019
1456291561.0,dad17cc9,1.009
1456291561.0,c5b39c57,1.009
1456291561.0,c6d2e518,0.989
1456291561.0,01574e74,0.999
1456291561.0,ef793ac8,1.059
1456291561.0,2d591431,0.989
1456291561.0,06f8b9dc,1.019
1456291561.0,07a30a7e,0.978
1456291561.0,87531960,0.999
1456291561.0,2a7a2a42,1.059
1456291561.0,3e67e577,0.969
1456291561.0,340e9b8b,1.009
1456291561.0,b9cf4218,1.009
1456291561.0,6ecefdf4,1.019
1456291561.0,d9de1886,0.999
1456291561.0,84705f45,0.999
1456291561.0,1262b7a3,0.989
1456291561.0,190c7dc9,1.009
1456291561.0,b1111566,0.999
1456291561.0,f4eea80c,1.039
1456291561.0,292cfe23,0.989
1456291561.0,d991f8d3,0.969
1456291561.0,0afb21d0,1.099
1456291561.0,d4c5b88e,0.979
1456291561.0,cfab0b9f,0.979
1456291561.0,971048ac,0.999
1456291561.0,e1307a34,1.029
1456291561.0,112e83a5,1.009
1456291561.0,515a767d,0.999
1456291561.0,d55bad5b,0.999
1456291561.0,9c49f636,0.999
1456291561.0,2cd4a5d5,1.019
1456291561.0,60399455,1.009
1456291561.0,fae436b2,0.999
1456291561.0,bd45085f,1.009
1456291561.0,39852f86,0.979
1456291561.0,,1.019
1456291561.0,796dcdf3,0.999
1456291561.0,d69a14de,1.009
1456291561.0,86cc51ec,1.009
1456291561.0,0e1fdace,1.009
1456291561.0,daa4d1d7,1.019
1456291561.0,30546742,0.979
1456291561.0,93da27ed,0.969
1456291561.0,f6308e2a,1.009
1456291561.0,77aab11d,0.979
1456291561.0,4782d6e5,1.009
1456291561.0,fc3fcf48,0.999
1456291561.0,ddce8cd4,1.009
1456291561.0,c5cb9d46,1.009
1456291561.0,d6832363,0.959
1456291561.0,ce5e8238,1.019
1456291561.0,577be558,1.019
1456291561.0,1ab747ac,0.999
1456291561.0,6f5fb6ba,1.039
1456291561.0,19413372,0.989
1456291561.0,4484bbef,1.009
1456291561.0,010520ef,0.999
1456291561.0,453bb6b1,1.019
1456291561.0,c20260d6,1.029
1456291561.0,c28f67a8,0.989
1456291561.0,b787856a,1.019
1456291561.0,9e051c13,1.019
1456291561.0,8feda8b5,1.009
1456291561.0,9e990cfe,1.039
1456291561.0,2258db93,1.009
1456291561.0,84cd3ae4,0.999
1456291561.0,93b5b301,1.039
1456291561.0,41065536,0.994
1456291561.0,245c099c,0.959
1456291561.0,b55aba69,0.979
1456291561.0,1a20bec9,0.999
1456291561.0,73275cc4,0.989
1456291561.0,b37f9c11,1.009
1456291561.0,14d6c87e,1.009
1456291561.0,5a5b83e5,0.999
1456291561.0,37e9ba19,1.009
1456291561.0,c1526cfd,0.989
1456291561.0,6b347fa9,1.009
1456291561.0,428929ab,0.999
1456291561.0,bca5b114,1.009
1456291561.0,43605438,1.009
1456291561.0,41266bc4,1.009
1456291561.0,6a19a25a,0.999
1456291561.0,56858967,1.139
1456291561.0,5a55ec8e,0.989
1456291561.0,10337302,0.989
1456291561.0,af622e10,1.009
1456291561.0,a1b6608c,1.009
1456291561.0,e6c42bec,1.039
1456291561.0,7027d1cc,1.019
1456291561.0,,1.009
1456291561.0,9f61347e,0.999
1456291561.0,a9b1239f,0.989
1456291561.0,be8fa131,1.019
1456291561.0,392c6ac7,0.999
1456291561.0,15a0fe59,1.009
1456291561.0,c6d444e1,0.969
1456291561.0,8e8fc0d2,1.009
1456291561.0,058f886a,1.009
1456291561.0,ef878178,1.029
1456291561.0,c7316ab3,1.019
1456291561.0,,0.979
1456291561.0,d0d137e8,1.009
1456291561.0,174df2ec,1.029
1456291561.0,50acf721,1.009
1456291561.0,ce204e86,1.019
1456291561.0,e02c8254,0.999
1456291561.0,cb70fbd6,0.999
1456291561.0,f86443f3,1.009
1456291561.0,cf228ee3,0.999
1456291561.0,5c5f6fc1,0.999
1456291561.0,8b1f5a6f,0.999
1456291561.0,615801d6,0.999
1456291561.0,b9331765,0.999
1456291561.0,5133ebd5,0.999
1456291561.0,b3fe373b,0.979
1456291561.0,e3d91258,1.029
1456291561.0,6797c38e,0.999
1456291561.0,301f8f7b,1.039
1456291561.0,0aececa4,0.999
1456291561.0,d9e1665f,0.989
1456291561.0,e9edf509,1.019
1456291561.0,1b9cc9e7,1.019
1456291561.0,cf68ef20,1.009
1456291561.0,e5b18dec,0.999
1456291561.0,08f6024d,1.029
1456291561.0,8b0f07ad,1.019
1456291561.0,657c5e72,1.009
1456291561.0,3047d3f5,0.999
1456291561.0,37f61ca4,1.019
1456291561.0,012d8a4c,0.999
1456291561.0,22d16d09,1.009
1456291561.0,990318d3,1.009
1456291561.0,f84b6775,1.009
1456291561.0,34740e34,0.999
1456291561.0,149d33f0,0.989
1456291561.0,51885ea3,0.989
1456291561.0,4f6c20ab,0.999
1456291561.0,7d15e55f,1.039
1456291561.0,145d5525,0.999
1456291561.0,c372d047,0.979
1456291561.0,12ad7001,1.009
1456291561.0,21f51b7d,1.019
1456291561.0,7a74beb2,1.059
1456291561.0,de4dfcb8,0.999
1456291561.0,c441e36d,1.029
1456291561.0,369ee914,0.979
1456291561.0,e3f71be8,1.009
1456291561.0,1a5348cf,1.009
1456291561.0,65d0c0de,0.999
1456291561.0,53f24788,1.029
1456291561.0,75d484dc,0.999
1456291561.0,ce736f1a,0.999
1456291561.0,0d7322ac,1.019
1456291561.0,feda8910,0.989
1456291561.0,d04dc22d,1.019
1456291561.0,f006b34b,1.009
1456291561.0,a0622dfc,1.049
1456291561.0,c77e2863,0.979
1456291561.0,ebeb4dec,0.999
1456291561.0,7ba8ceb3,1.009
1456291561.0,036e385d,1.009
1456291561.0,c5e5d152,1.009
1456291561.0,3b3dda8f,0.979
1456291561.0,09798ba9,0.999
1456291561.0,c9cc0c6b,1.019
1456291561.0,cbaf22db,0.989
1456291561.0,ca3e36c7,1.009
1456291561.0,b037d703,1.009
1456291561.0,dbee4a44,0.999
1456291561.0,9e6ada8a,1.009
1456291561.0,410ba324,0.999
1456291561.0,6f96e265,1.009
1456291561.0,e946aba1,0.999
1456291561.0,86e62d91,1.009
1456291561.0,f5d3bc3a,0.989
1456291561.0,c9d1727e,1.039
1456291561.0,7e67d294,1.039
1456291561.0,829de252,1.009
1456291561.0,c0b30328,1.019
1456291561.0,4afaa787,1.009
1456291561.0,2febafeb,1.019
1456291561.0,7ad9a6eb,1.019
1456291561.0,410d90fe,1.029
1456291561.0,901b3dc2,1.019
1456291561.0,d8d9760b,1.009
1456291561.0,9e5f97a3,1.019
1456291561.0,661c5630,1.019
1456291561.0,ce0ea4c3,1.009
1456291561.0,0ee1a63f,1.029
1456291561.0,fca1ea0f,0.989
1456291561.0,2f6a5cea,1.019
1456291561.0,b892ab69,1.009
1456291561.0,575d8182,0.979
1456291561.0,d8dcadc0,0.939
1456291561.0,b05147af,1.029
1456291561.0,e7848d8d,0.959
1456291561.0,0f1ef6bd,1.019
1456291561.0,4d77b026,1.089
1456291561.0,9852ddd5,0.999
1456291561.0,87d167da,0.999
1456291561.0,,1.009
1456291561.0,bb24af7d,1.009
1456291561.0,badafb9a,0.999
1456291561.0,454f4a05,1.009
1456291561.0,f6e51b33,1.019
1456291561.0,772cd349,1.009
1456291561.0,fc8b3633,1.029
1456291561.0,3a2ef803,1.049
1456291561.0,bd131e65,0.959
1456291561.0,3fe74e61,1.009
1456291561.0,581713fc,1.039
1456291561.0,ce366998,0.999
1456291561.0,c7df902b,0.999
1456291561.0,5fcf7eea,0.999
1456291561.0,f723b50e,1.009
1456291561.0,556b6079,0.999
1456291561.0,55167147,1.039
1456291561.0,dee66d10,1.009
1456291561.0,e983031d,1.009
1456291561.0,744f44a5,1.019
1456291561.0,b5e413c4,1.139
1456291561.0,d662b253,0.989
1456291561.0,13247f37,1.019
1456291561.0,7800fa83,1.009
1456291561.0,adf56fc9,1.039
1456291561.0,c43140bc,1.019
1456291561.0,16863815,0.989
1456291561.0,0051e069,1.019
1456291561.0,39c4efe0,1.009
1456291561.0,07656553,1.009
1456291561.0,211adcfd,1.009
1456291561.0,f44172d4,0.979
1456291561.0,0bec4dba,0.939
1456291561.0,178c1416,0.979
1456291561.0,d8823f4b,0.999
1456291561.0,8e306a91,0.979
1456291561.0,77c7b043,1.029
1456291561.0,49a9b4e0,1.009
1456291561.0,5f32b37f,1.009
1456291561.0,148c8e58,0.969
1456291561.0,dbad6afc,0.999
1456291561.0,40a98fc9,1.009
1456291561.0,c9a19301,1.009
1456291561.0,49098718,1.029
1456291561.0,a73bef5e,1.009
1456291561.0,5353d90f,1.019
1456291561.0,fb17adac,1.019
1456291561.0,20bf2483,0.999
1456291561.0,544b9eb3,1.019
1456291561.0,5f379a02,0.999
1456291561.0,78767dc5,1.009
1456291561.0,21ab2968,1.029
1456291561.0,a06397bf,1.009
1456291561.0,c74444b1,1.099
1456291561.0,6f5bf91f,0.999
1456291561.0,fc30928f,1.009
1456291561.0,0bf8686a,1.029
1456291561.0,3781a133,1.039
1456291561.0,b1d87758,1.149
1456291561.0,28dc9f41,1.009
1456291561.0,ec99cf72,1.029
1456291561.0,6f8f49f1,1.039
1456291561.0,c6ce8e17,1.059
1456291561.0,ce45fa96,0.949
1456291561.0,24c052f2,1.009
1456291561.0,6a0d1e37,1.029
1456291561.0,52c8263e,1.029
1456291561.0,369db971,1.009
1456291561.0,6b388a21,1.019
1456291561.0,dcf12c2f,0.999
1456291561.0,99b9ccd3,1.009
1456291561.0,a1403540,1.009
1456291561.0,f53c5155,1.059
1456291561.0,8ca1f59e,0.999
1456291561.0,c743acd1,0.999
1456291561.0,181a93a7,0.999
1456291561.0,028b67f7,0.999
1456291561.0,f80439bc,1.019
1456291561.0,a438cba7,0.989
1456291561.0,9f7b3411,1.009
1456291561.0,4a79d3d5,0.979
1456291561.0,4287c54a,1.049
1456291561.0,34832faa,1.029
1456291561.0,9ad361ad,1.029
1456291561.0,3e13dc7c,1.009
1456291561.0,067693f6,1.009
1456291561.0,46bbffea,1.019
1456291561.0,ea9276b9,1.009
1456291561.0,ae6ec1fd,0.999
1456291561.0,39fe3076,1.019
1456291561.0,a063011a,1.169
1456291561.0,6c8423e1,0.999
1456291561.0,baa66b57,0.999
1456291561.0,800e66db,0.959
1456291561.0,db68109c,0.989
1456291561.0,5aaeb8a3,1.039
1456291561.0,c40cb496,0.949
1456291561.0,6f59ab1a,1.004
1456291561.0,3c2da6fc,1.049
1456291561.0,bcfb8220,0.999
1456291561.0,432f9102,0.959
1456291561.0,0088407b,1.019
1456291561.0,83079e85,1.009
1456291561.0,cd36fb24,1.019
1456291561.0,521538f8,0.989
1456291561.0,094c7293,1.039
1456291561.0,f9e19175,1.039
1456291561.0,32fde081,1.039
1456291561.0,34108c3d,1.009
1456291561.0,561829d6,0.999
1456291561.0,46179c4a,0.989
1456291561.0,70ff20bb,0.999
1456291561.0,43d5cbaa,0.999
1456291561.0,5022eb7f,1.009
1456291561.0,476fa607,1.009
1456291561.0,4d9daac2,1.039
1456291561.0,0a876636,1.009
1456291561.0,ef1844cf,1.029
1456291561.0,d88d8a20,1.039
1456291561.0,0eba39cf,1.019
1456291561.0,d3db6e64,1.029
1456291561.0,a8338c14,0.999
1456291561.0,73025102,0.979
1456291561.0,b9456e15,0.989
1456291561.0,f7de9c1d,1.139
1456291561.0,,0.959
1456291561.0,31487663,0.999
1456291561.0,ceea64c5,1.009
1456291561.0,4ad60c88,1.019
1456291561.0,96fed1a2,1.009
1456291561.0,7ec3390e,1.009
1456291561.0,,1.039
1456291561.0,2a45cfbb,1.019
1456291561.0,c1bc16cb,1.009
1456291561.0,a1a54361,0.999
1456291561.0,3da2bd95,1.009
1456291561.0,5d0480fc,1.009
1456291561.0,c16682b0,1.049
1456291561.0,af82f4c3,0.999
1456291561.0,074c9a19,1.029
1456291561.0,9443935d,1.029
1456291561.0,46691d06,1.029
1456291561.0,bba7ec32,1.019
1456291561.0,a40e1f56,1.039
1456291561.0,3bee1311,1.009
1456291561.0,25c5b561,0.969
1456291561.0,44f80f34,1.039
1456291561.0,9d4b63bb,0.999
1456291561.0,e71f7bdd,1.039
1456291561.0,20015b2d,1.019
1456291561.0,3baa59d3,1.024
1456291561.0,bd525580,1.019
1456291561.0,4604844c,0.999
1456291561.0,c4e17b93,0.969
1456291561.0,00f37a56,0.999
1456291561.0,514a99f3,1.009
1456291561.0,529f6f9b,1.009
1456291561.0,f63ac751,0.989
1456291561.0,bbe091e3,0.999
1456291561.0,5e11d4e5,1.009
1456291561.0,66571899,0.999
1456291561.0,72874a88,1.029
1456291561.0,b42c9802,1.019
1456291561.0,15b53516,0.979
1456291561.0,80e3422f,0.999
1456291561.0,0e237692,1.019
1456291561.0,41170479,1.019
1456291561.0,6256f51b,1.029
1456291561.0,fc062d47,0.979
1456291561.0,2278471b,0.999
1456291561.0,8b0230d5,1.009
1456291561.0,,0.999
1456291561.0,fbcaa7f6,0.989
1456291561.0,69b3e99c,0.999
1456291561.0,f574fa00,0.999
1456291561.0,75b73329,1.019
1456291561.0,13cd1498,1.059
1456291561.0,c960300b,0.999
1456291561.0,c085267d,1.029
1456291561.0,2b00ce60,1.059
1456291561.0,da18f772,0.999
1456291561.0,4ff9d49d,1.039
1456291561.0,bef35d30,0.999
1456291561.0,5e8d6563,1.179
1456291561.0,70f57512,0.999
1456291561.0,bbbc6ece,0.999
1456291561.0,e4465e8e,1.029
1456291561.0,f22bbd79,0.999
1456291561.0,f72a7ec2,0.999
1456291561.0,f2eb270f,1.009
1456291561.0,0c12a1f2,1.019
1456291561.0,a2312d54,1.019
1456291561.0,eb3b36ff,1.039
1456291561.0,01b60b00,1.099
1456291561.0,b32694b6,0.999
1456291561.0,86b4e823,1.009
1456291561.0,1db779ce,1.009
1456291561.0,21358755,1.059
1456291561.0,e35dbbb3,1.009
1456291561.0,9c708662,1.009
1456291561.0,7eb1f44d,1.019
1456291561.0,4d0a22fb,1.029
1456291561.0,24797e98,0.969
1456291561.0,f654bb63,0.999
1456291561.0,cfda167d,1.009
1456291561.0,2b03c896,1.019
1456291561.0,9a1acee3,0.979
1456291561.0,82ca3bd9,1.009
1456291561.0,6ae406fe,1.059
1456291561.0,e25fe2d7,1.009
1456291561.0,7d7f9529,0.999
1456291561.0,bc58fcd6,1.019
1456291561.0,cf9993cb,0.989
1456291561.0,3d5d3cef,1.009
1456291561.0,1a23b0f9,0.999
1456291561.0,0d45e0bd,1.019
1456291561.0,974e5578,0.999
1456291561.0,9a246c9a,1.009
1456291561.0,71f647de,1.009
1456291561.0,a50be724,0.989
1456291561.0,6174c30f,0.999
1456291561.0,b4b8fb9d,0.989
1456291561.0,602ec85f,1.029
1456291561.0,5fc08dd5,0.999
1456291561.0,7f9596ee,1.029
1456291561.0,7cf7e16b,0.999
1456291561.0,b791cb2d,0.989
1456291561.0,3e4faa99,0.989
1456291561.0,69e52004,0.999
1456291561.0,0e9a7f93,1.009
1456291561.0,8e302603,1.109
1456291561.0,d3c31af6,0.999
1456291561.0,66fb48c6,1.009
1456291561.0,be9c118a,1.009
1456291561.0,57d05ba7,0.999
1456291561.0,ee2ba444,1.029
1456291561.0,8fd505db,0.989
1456291561.0,ce5281ae,1.059
1456291561.0,5180eda7,1.039
1456291561.0,6cd66c40,1.039
1456291561.0,a83e3faa,1.019
1456291561.0,8bdb8e4d,0.999
1456291561.0,cddfdc78,0.959
1456291561.0,b8682312,1.039
1456291561.0,2b428719,0.999
1456291561.0,7549bbf6,1.019
1456291561.0,5982a304,1.009
1456291561.0,6a1fadd6,1.059
1456291561.0,a5852f7d,1.029
1456291561.0,ac1a5d1b,0.999
1456291561.0,9d74578a,1.019
1456291561.0,765dab48,1.009
1456291561.0,e068e0ba,1.149
1456291561.0,9867054e,0.999
1456291561.0,b359addb,0.939
1456291561.0,1aa38dcc,1.029
1456291561.0,a63774ee,0.999
1456291561.0,1a68318e,1.029
1456291561.0,c03e7ffa,0.949
1456291561.0,fb5125c0,0.989
1456291561.0,d26f4ccf,1.009
1456291561.0,9e47d969,0.969
1456291561.0,80e8cb89,1.039
1456291561.0,1087e8a7,1.009
1456291561.0,0db94a7a,1.009
1456291561.0,150a8031,0.989
1456291561.0,5048cff6,1.019
1456291561.0,d44b5cfb,0.989
1456291561.0,cbe160e3,1.039
1456291561.0,27fede19,0.979
1456291561.0,057efe6f,1.009
1456291561.0,c3efdbea,1.009
1456291561.0,8fd408b7,0.999
1456291561.0,987c1347,1.009
1456291561.0,2c5f3e59,0.989
1456291561.0,8a0d026c,0.999
1456291561.0,,1.009
1456291561.0,09925d9d,1.039
1456291561.0,a182ab0c,1.019
1456291561.0,27d11827,1.029
1456291561.0,fec908f7,1.009
1456291561.0,d6d4b842,0.979
1456291561.0,86ca3bf1,1.149
1456291561.0,9ba26da7,1.009
1456291561.0,c97403d4,1.089
1456291561.0,53cfbe4b,1.019
1456291561.0,b6930305,1.029
1456291561.0,,0.949
1456291561.0,c4395b95,1.039
1456291561.0,e80747bb,1.039
1456291561.0,9b8b3fcc,1.029
1456291561.0,fb77e994,1.019
1456291561.0,b7488969,1.019
1456291561.0,349ae420,1.009
1456291561.0,cfbd6d9d,0.999
1456291561.0,7e9106b6,1.019
1456291561.0,ea01675f,0.969
1456291561.0,9f652a92,1.009
1456291561.0,2735badd,0.999
1456291561.0,4773dbd2,1.009
1456291561.0,95e23a71,1.029
1456291561.0,a3fd285b,0.989
1456291561.0,1388562b,1.009
1456291561.0,a315fcdc,1.149
1456291561.0,dd490099,0.969
1456291561.0,07404fa2,1.049
1456291561.0,f8627d5e,0.999
1456291561.0,e6b1064f,1.039
1456291561.0,104560d9,0.989
1456291561.0,14e4cad9,1.019
1456291561.0,c88375ec,0.969
1456291561.0,53bde5da,1.009
1456291561.0,e186001f,0.999
1456291561.0,d881269d,1.029
1456291561.0,ece6b02f,1.039
1456291561.0,2b508314,1.039
1456291561.0,a8154896,0.989
1456291561.0,993296db,0.979
1456291561.0,2d2c9c3f,0.999
1456291561.0,c0fe932e,0.999
1456291561.0,13ca0d8f,1.019
1456291561.0,4c7d1e42,1.009
1456291561.0,2e589edd,0.999
1456291561.0,81352631,0.939
1456291561.0,179709d6,1.009
1456291561.0,41d19376,1.019
1456291561.0,4aa96079,1.019
1456291561.0,73df71fc,0.999
1456291561.0,fee47ded,0.999
1456291561.0,ab49a3d7,0.969
1456291561.0,48cd0b07,0.999
1456291561.0,dcbbade5,1.009
1456291561.0,2601854e,1.009
1456291561.0,1b97a3ad,1.019
1456291561.0,6fec83f8,1.009
1456291561.0,c611aa66,1.019
1456291561.0,bc6a3d8b,1.009
1456291561.0,91d18db5,0.999
1456291561.0,bcca3d12,0.999
1456291561.0,6d070a61,0.989
1456291561.0,5652b1d3,0.979
1456291561.0,754da3ab,1.029
1456291561.0,868b1b31,1.009
1456291561.0,bf80d980,1.039
1456291561.0,b18611aa,1.009
1456291561.0,d6e49931,0.999
1456291561.0,80267da5,1.069
1456291561.0,147f3142,1.039
1456291561.0,7a9eef7e,1.009
1456291561.0,769eb8e0,0.999
1456291561.0,0c58647e,1.019
1456291561.0,a9061770,1.099
1456291561.0,6f3fab69,1.019
1456291561.0,46dba843,1.039
1456291561.0,b2c3faec,1.009
1456291561.0,9eebc5a7,1.009
1456291561.0,53b7ad2a,0.979
1456291561.0,77906f99,1.009
1456291561.0,9426443b,0.999
1456291561.0,,1.049
1456291561.0,f0710c08,1.049
1456291561.0,1d63d5a1,1.009
1456291561.0,1ef95412,0.969
1456291561.0,5ccad12a,0.999
1456291561.0,ff71148f,1.019
1456291561.0,6170e6c3,1.039
1456291561.0,03629d62,1.039
1456291561.0,c7028794,1.009
1456291561.0,5ec4b70c,1.059
1456291561.0,cd78b99c,1.009
1456291561.0,2a5c512c,1.039
1456291561.0,3a2ce890,1.059
1456291561.0,075244ea,0.999
1456291561.0,3fc8e265,1.009
1456291561.0,da2a28a0,1.019
1456291561.0,9473c28b,0.999
1456291561.0,987496d6,1.039
1456291561.0,0fcd5944,0.999
1456291561.0,10adc414,1.169
1456291561.0,ca757f3f,1.009
1456291561.0,18301e82,0.989
1456291561.0,bd6c269c,0.979
1456291561.0,83c5b0ad,1.029
1456291561.0,64f5be3f,1.009
1456291561.0,b24fd72d,1.019
1456291561.0,79534436,0.989
1456291561.0,4917afaa,1.049
1456291561.0,bfaaf354,1.009
1456291561.0,8b4986e3,0.989
1456291561.0,a2987081,1.039
1456291561.0,da20711a,1.009
1456291561.0,1bfa13b3,0.979
1456291561.0,bd6492b8,1.009
1456291561.0,d47bc4c5,1.019
1456291561.0,5f6ca326,1.029
1456291561.0,d81a826a,1.019
1456291561.0,84839580,1.009
1456291561.0,092ea244,0.979
1456291561.0,54344f7f,0.999
1456291561.0,c98acfc1,1.149
1456291561.0,9efa2ed6,1.009
1456291561.0,2096e49a,0.999
1456291561.0,7e7117c5,1.019
1456291561.0,260b8710,0.999
1456291561.0,dc7fb76c,0.999
1456291561.0,0baaf637,0.999
1456291561.0,6ffefa8b,0.949
1456291561.0,ac5fa96a,0.999
1456291561.0,17bbc60e,1.009
1456291561.0,f8c5b496,1.039
1456291561.0,1cb6dd4e,1.029
1456291561.0,708c9a0d,1.009
1456291561.0,25a4e3ad,1.009
1456291561.0,79d27478,1.019
1456291561.0,f61ba063,1.019
1456291561.0,cc350ace,0.989
1456291561.0,bbf6435f,1.009
1456291561.0,7db23301,1.009
1456291561.0,b54ce38d,1.019
1456291561.0,95434626,0.999
1456291561.0,462bfb81,0.999
1456291561.0,82e36ee5,1.029
1456291561.0,e939fab3,1.009
1456291561.0,1170df4a,0.989
1456291561.0,4719c036,0.999
1456291561.0,d2ffce1f,1.009
1456291561.0,18a2553e,0.999
1456291561.0,a395cb1b,0.999
1456291561.0,2fa6d835,1.009
1456291561.0,76cc63cc,1.009
1456291561.0,034c5ff6,1.059
1456291561.0,e340b28d,0.999
1456291561.0,b0c8723c,1.059
1456291561.0,6fc48997,0.999
1456291561.0,cb7a19f8,1.039
1456291561.0,fbb672d6,0.969
1456291561.0,83e7f124,1.019
1456291561.0,e532f970,0.999
1456291561.0,4f8a6ea2,1.029
1456291561.0,6db00370,1.019
1456291561.0,b2157446,0.969
1456291561.0,d7a6a6c2,1.009
1456291561.0,f1206565,1.099
1456291561.0,a18bcb80,1.019
1456291561.0,350b5605,1.009
1456291561.0,d1ff19d3,1.039
1456291561.0,53ae9528,1.049
1456291561.0,b4154d71,1.039
1456291561.0,e37dd80a,0.999
1456291561.0,31be0909,0.999
1456291561.0,88dd7fc5,1.159
1456291561.0,30389cde,1.019
1456291561.0,078685c9,0.969
1456291561.0,7edfe29f,1.019
1456291561.0,034f42f5,1.019
1456291561.0,9efb9e6b,0.999
1456291561.0,8c545197,1.059
1456291561.0,978bcc85,1.009
1456291561.0,3ebf0a56,1.029
1456291561.0,,1.019
1456291561.0,73af6d41,1.009
1456291561.0,6cf9c77a,1.009
1456291561.0,1a08fd43,1.009
1456291561.0,0e5d84cd,0.969
1456291561.0,284c6af0,0.949
1456291561.0,4cfb1a89,1.039
1456291561.0,f7989ae3,0.989
1456291561.0,20df8dd2,0.959
1456291561.0,a06379c3,1.009
1456291561.0,d8601954,1.029
1456291561.0,747fbf01,0.959
1456291561.0,54cd89cc,1.029
1456291561.0,38a55267,0.999
1456291561.0,5e1d80de,0.949
1456291561.0,d33e9e56,1.039
1456291561.0,fffcb866,0.979
1456291561.0,8597e067,0.949
1456291561.0,b6bd8b96,0.999
1456291561.0,5db56b1d,1.009
1456291561.0,26a56374,0.989
1456291561.0,0879f78d,1.119
1456291561.0,cbac7081,0.939
1456291561.0,b5935794,1.009
1456291561.0,9afda374,1.029
1456291561.0,42ff902d,1.049
1456291561.0,d0e02780,1.069
1456291561.0,481c090b,0.999
1456291561.0,f3d6a03f,0.989
1456291561.0,cb987f86,1.009
1456291561.0,0c2f7153,0.999
1456291561.0,b9cdf061,1.099
1456291561.0,2a753e23,0.989
1456291561.0,0764c8b7,1.169
1456291561.0,86d6d36f,1.019
1456291561.0,909f02fa,1.039
1456291561.0,9410a8d1,1.009
1456291561.0,adcf8443,0.969
1456291561.0,3ff7884f,0.999
1456291561.0,369fd22f,1.009
1456291561.0,6e065b53,0.999
1456291561.0,0434e895,1.149
1456291561.0,03ed2a59,0.989
1456291561.0,33f25c75,1.009
1456291561.0,790cb266,1.009
1456291561.0,bcee3dc6,1.009
1456291561.0,4768200e,1.029
1456291561.0,4aeeebe8,0.959
1456291561.0,8e5758d4,1.069
1456291561.0,c93210c8,1.019
1456291561.0,6d9bd5ab,1.009
1456291561.0,e305ccae,1.019
1456291561.0,64ce1a2a,1.019
1456291561.0,402dea62,0.999
1456291561.0,df7edd4e,0.999
1456291561.0,e4c3638f,1.039
1456291561.0,31cd43d6,0.979
1456291561.0,07ca952f,1.059
1456291561.0,a9ec9678,1.059
1456291561.0,3e4c89c9,1.009
1456291561.0,43474152,1.009
1456291561.0,d497f4b5,0.999
1456291561.0,ea0a7462,0.989
1456291561.0,5f0ea8ff,1.009
1456291561.0,e173589c,1.009
1456291561.0,10f309c6,0.999
1456291561.0,caaa0b46,1.039
1456291561.0,2ac71882,1.039
1456291561.0,676ac223,1.049
1456291561.0,ac7dd410,0.989
1456291561.0,3734af20,0.999
1456291561.0,d2e84b49,0.979
1456291561.0,09d54524,1.019
1456291561.0,66651818,0.979
1456291561.0,d6703157,0.999
1456291561.0,c16e5a7d,1.029
1456291561.0,f7e10e7b,1.009
1456291561.0,e8775be0,0.999
1456291561.0,7b5a8540,0.999
1456291561.0,94ce365f,0.999
1456291561.0,,0.989
1456291561.0,6e520560,1.059
1456291561.0,99125e73,1.009
1456291561.0,85b5c3d8,1.009
1456291561.0,2a2b022b,1.009
1456291561.0,0d1f648e,1.009
1456291561.0,26e8cf72,1.009
1456291561.0,9eec96b9,0.979
1456291561.0,80148308,1.009
1456291561.0,d2c2433a,1.009
1456291561.0,dcde1f7c,0.999
1456291561.0,e2a5f261,1.009
1456291561.0,7ab95e95,1.009
1456291561.0,5693dbae,1.049
1456291561.0,31dfb194,1.039
1456291561.0,b8459cb6,0.999
1456291561.0,f8fc52b4,0.999
1456291561.0,198d543d,0.999
1456291561.0,34b739ce,1.099
1456291561.0,4c5ddfb7,1.009
1456291561.0,23afb420,0.999
1456291561.0,498c4e0f,0.999
1456291561.0,8401f134,1.049
1456291561.0,f185e887,1.009
1456291561.0,6e0e837e,1.009
1456291561.0,f3a1181b,1.009
1456291561.0,702727ef,0.959
1456291561.0,aca99357,1.029
1456291561.0,c57bb6b4,1.009
1456291561.0,a60237e8,1.049
1456291561.0,92f8fe19,1.039
1456291561.0,46d1ac1a,0.999
1456291561.0,592095a9,0.999
1456291561.0,ee131d1e,0.999
1456291561.0,04486e6c,0.989
1456291561.0,cd7095cd,1.029
1456291561.0,e1dcdd8e,0.999
1456291561.0,bee45034,0.969
1456291561.0,9cb41098,1.039
1456291561.0,4eaad293,0.999
1456291561.0,cf09734d,1.009
1456291561.0,a18277f9,0.999
1456291561.0,0290e578,1.009
1456291561.0,ea850711,0.989
1456291561.0,10fa0582,0.989
1456291561.0,21a9251c,0.999
1456291561.0,f0c6ab59,1.009
1456291561.0,f2a2a323,1.019
1456291561.0,c0ab948d,0.999
1456291561.0,00fa08de,1.019
1456291561.0,10753208,1.049
1456291561.0,c9faeb03,1.039
1456291561.0,146c8d31,1.029
1456291561.0,c8bad2ad,0.999
1456291561.0,b2590879,1.029
1456291561.0,5d5a9bdb,0.959
1456291561.0,af91c953,0.999
1456291561.0,484d9d04,1.009
1456291561.0,7406d60c,1.009
1456291561.0,35d60303,0.999
1456291561.0,a6ab5dd8,1.059
1456291561.0,7f0b245a,0.999
1456291561.0,794d6351,0.999
1456291561.0,5dd52cfc,0.999
1456291561.0,20e6ebec,0.979
1456291561.0,9845e20e,1.009
1456291561.0,9a2b7600,0.999
1456291561.0,e2724c55,0.959
1456291561.0,d7f4cb8b,1.019
1456291561.0,16a70ba2,1.029
1456291561.0,575ddc06,0.989
1456291561.0,4fe4aa3c,0.989
1456291561.0,1365e671,1.009
1456291561.0,8fbe5276,1.009
1456291561.0,994f9854,1.019
1456291561.0,e9971f1a,1.049
1456291561.0,ec2a5548,0.989
1456291561.0,30bed2b3,1.039
1456291561.0,08f59b41,1.009
1456291561.0,2ab8cee3,1.039
1456291561.0,8fe7f10d,0.989
1456291561.0,5fab2045,1.009
1456291561.0,33d673e1,1.019
1456291561.0,f8289047,1.009
1456291561.0,a8bb8cc7,1.019
1456291561.0,08da0ec0,1.009
1456291561.0,4b0b0867,1.019
1456291561.0,,0.989
1456291561.0,a35401af,0.999
1456291801.0,c3b95d3f,0.999
1456291801.0,600b45e8,0.999
1456291801.0,f5434e55,1.009
1456291801.0,e8fba845,0.999
1456291801.0,5da50d00,1.009
1456291801.0,ea1e491b,1.039
1456291801.0,473c3055,0.979
1456291801.0,5ba0dc8d,0.939
1456291801.0,2bb71646,0.939
1456291801.0,ac971a48,0.939
1456291801.0,6853fb18,0.989
1456291801.0,e99e5f77,0.979
1456291801.0,190c77e7,0.989
1456291801.0,820d9924,0.979
1456291801.0,2ec1e1ad,0.979
1456291801.0,e8f015ea,0.989
1456291801.0,beb3b49b,0.979
1456291801.0,8e0ec690,0.979
1456291801.0,a790f6d4,0.949
1456291801.0,ff4bec86,0.979
1456291801.0,6fa8087e,0.989
1456291801.0,b7dba17c,0.969
1456291801.0,671a83b1,0.989
1456291801.0,9b9dfb22,0.989
1456291801.0,271e2be1,0.999
1456291801.0,55100d94,0.999
1456291801.0,03892e91,0.999
1456291801.0,c15538a6,1.119
1456291801.0,09f3e38a,1.019
1456291801.0,89b4dcbb,1.029
1456291801.0,b46341ba,1.019
1456291801.0,5e0f74ed,1.039
1456291801.0,c3a73e2d,0.999
1456291801.0,b7fdbb95,0.999
1456291801.0,9b76dd1d,1.009
1456291801.0,de115c83,1.179
1456291801.0,186db07d,1.009
1456291801.0,e64f148b,1.029
1456291801.0,1be36265,0.999
1456291801.0,32167d7b,1.009
1456291801.0,9e517882,0.989
1456291801.0,ca466dce,1.009
1456291801.0,86832214,0.969
1456291801.0,5f67b593,0.999
1456291801.0,3201c40b,0.989
1456291801.0,5ce9d453,0.999
1456291801.0,09aa1a8b,1.009
1456291801.0,,1.009
1456291801.0,e32371df,1.099
1456291801.0,49230def,1.029
1456291801.0,8a9d0035,1.009
1456291801.0,9a099132,1.149
1456291801.0,99a0f87e,0.999
1456291801.0,24a41128,1.039
1456291801.0,16b53bbf,1.029
1456291801.0,ce2f1007,1.029
1456291801.0,6168ea65,1.029
1456291801.0,24e62803,0.999
1456291801.0,ce3a31be,1.009
1456291801.0,c232241f,1.089
1456291801.0,5798eb33,1.049
1456291801.0,eca6ad54,0.979
1456291801.0,b18ffb73,0.999
1456291801.0,7dcac0a5,0.979
1456291801.0,12f330d3,1.009
1456291801.0,414229cf,0.999
1456291801.0,9278d791,1.009
1456291801.0,5bf4abd4,0.999
1456291801.0,39175664,0.999
1456291801.0,65e795cc,0.959
1456291801.0,a25aae71,0.999
1456291801.0,f6351701,0.999
1456291801.0,684f8459,1.049
1456291801.0,d5291b45,0.999
1456291801.0,95321d2a,1.039
1456291801.0,8371a1aa,0.999
1456291801.0,86cc51ec,1.009
1456291801.0,3b11c17c,1.039
1456291801.0,1185b737,0.989
1456291801.0,ab80b6f7,0.979
1456291801.0,8e50b796,1.029
1456291801.0,b769a655,1.009
1456291801.0,26dc2927,1.009
1456291801.0,faddd104,0.979
1456291801.0,88ed2626,1.009
1456291801.0,e8f89f23,1.019
1456291801.0,41618289,1.029
1456291801.0,4220c4a0,1.019
1456291801.0,67b9bbe5,1.009
1456291801.0,a618c589,1.009
1456291801.0,133ca422,1.039
1456291801.0,07d22eab,0.999
1456291801.0,91925b72,1.019
1456291801.0,1ad0b27a,0.999
1456291801.0,44da8f35,1.009
1456291801.0,e3776f3c,0.989
1456291801.0,d242c421,0.979
1456291801.0,ef0ae2f2,0.999
1456291801.0,4b788d2a,0.969
1456291801.0,d2c61288,0.949
1456291801.0,6148f9f1,0.999
1456291801.0,bb0c12d3,0.989
1456291801.0,835f9ec0,0.999
1456291801.0,025d09a7,0.999
1456291801.0,49ea5327,0.999
1456291801.0,d903b794,0.979
1456291801.0,8609cc97,0.989
1456291801.0,f969dc08,0.999
1456291801.0,d65d6aba,1.019
1456291801.0,08df9d3b,1.039
1456291801.0,e5a12873,1.029
1456291801.0,3564f546,0.979
1456291801.0,31e85a65,0.989
1456291801.0,efbeec26,1.029
1456291801.0,22b994a8,1.029
1456291801.0,ed327e9c,0.999
1456291801.0,f5ddff39,1.059
1456291801.0,04ba07e6,1.009
1456291801.0,c52fae08,1.039
1456291801.0,e01507d6,1.049
1456291801.0,6195bd29,0.999
1456291801.0,3abee862,1.009
1456291801.0,99101bcc,1.159
1456291801.0,61c0df8b,1.039
1456291801.0,45ee1cd9,1.049
1456291801.0,9281365e,0.999
1456291801.0,63b1377c,0.969
1456291801.0,bdda7ca8,1.039
1456291801.0,ffa82d76,1.099
1456291801.0,27792a3d,1.089
1456291801.0,50518311,0.979
1456291801.0,1357de7e,0.999
1456291801.0,bf2623d5,1.009
1456291801.0,a8b30b85,1.009
1456291801.0,a07f741f,1.019
1456291801.0,b24e03a5,1.099
1456291801.0,08ee2078,1.009
1456291801.0,fc6311f1,1.039
1456291801.0,3dceca88,1.029
1456291801.0,1330f736,1.009
1456291801.0,4be880d0,1.009
1456291801.0,57636a29,1.009
1456291801.0,75a5bed7,1.039
1456291801.0,0e14978e,1.009
1456291801.0,8b4029da,1.009
1456291801.0,71b758db,0.989
1456291801.0,612ed46e,1.019
1456291801.0,32399d22,0.989
1456291801.0,9d5d8b0d,1.039
1456291801.0,7ba8ceb3,0.939
1456291801.0,6e907110,1.009
1456291801.0,c8216f55,1.159
1456291801.0,192552f2,1.029
1456291801.0,4b64bcb3,1.009
1456291801.0,5e2800be,1.009
1456291801.0,27de662e,0.999
1456291801.0,e830fd7a,0.999
1456291801.0,32bf0348,0.989
1456291801.0,94d5e6b7,1.009
1456291801.0,910ecd45,1.009
1456291801.0,64fe3583,1.009
1456291801.0,d20d5219,1.059
1456291801.0,0edfca49,1.009
1456291801.0,ef0bc256,0.989
1456291801.0,455166b9,0.999
1456291801.0,412e24b5,0.949
1456291801.0,b9bdc200,1.009
1456291801.0,9cd2e129,0.949
1456291801.0,74e674a6,0.989
1456291801.0,ad4d142d,0.989
1456291801.0,,0.999
1456291801.0,aa28e876,0.979
1456291801.0,d5d9e64c,1.059
1456291801.0,6ebcf0bd,0.999
1456291801.0,c1d6b449,0.999
1456291801.0,504da010,1.009
1456291801.0,b840a41d,0.999
1456291801.0,e8b13926,1.029
1456291801.0,c89b1391,1.019
1456291801.0,6d24e5fe,0.999
1456291801.0,b5e413c4,1.139
1456291801.0,fc7209ce,0.989
1456291801.0,16863815,0.969
1456291801.0,f6301788,1.009
1456291801.0,5900ebe4,0.999
1456291801.0,fee64542,0.979
1456291801.0,5f365e75,0.989
1456291801.0,c61bf054,1.154
1456291801.0,0bec4dba,0.939
1456291801.0,d9cff4b8,1.019
1456291801.0,7f6c5ae2,1.089
1456291801.0,23dfefb8,1.029
1456291801.0,4824bf4c,0.999
1456291801.0,fe4f9d49,1.019
1456291801.0,acd58708,0.934
1456291801.0,90c8ee01,1.009
1456291801.0,bef54869,0.999
1456291801.0,e47eb76f,0.959
1456291801.0,e335e0bc,1.019
1456291801.0,ccf6a6c3,1.179
1456291801.0,9cb577d8,1.019
1456291801.0,75515814,0.999
1456291801.0,5d3d8db3,0.999
1456291801.0,eaa8f83c,1.049
1456291801.0,c6ce8e17,1.059
1456291801.0,0543d2e4,1.039
1456291801.0,ebef875b,0.989
1456291801.0,5d5ce6c9,0.999
1456291801.0,9eabd7c9,0.929
1456291801.0,b30ca48e,1.059
1456291801.0,2a167286,1.019
1456291801.0,c72ef065,1.029
1456291801.0,0bb04dd0,1.029
1456291801.0,e5e2ac35,1.019
1456291801.0,b721ae36,1.029
1456291801.0,a2cbf4a6,0.989
1456291801.0,1e7c15e2,0.989
1456291801.0,48a48e67,0.959
1456291801.0,0b2dae68,0.979
1456291801.0,9e5c868a,1.079
1456291801.0,ee57ce17,1.009
1456291801.0,6a276ef2,1.039
1456291801.0,9a1fa81d,0.979
1456291801.0,bfb7a4d6,0.999
1456291801.0,14af5c6e,0.999
1456291801.0,e0758377,1.009
1456291801.0,b338177f,0.979
1456291801.0,7e4b74b7,1.089
1456291801.0,fce7ca5c,0.999
1456291801.0,6eaed040,0.999
1456291801.0,26f7c61c,0.979
1456291801.0,15bbe4b6,0.999
1456291801.0,3621af3f,0.999
1456291801.0,58d54fd0,0.989
1456291801.0,e9a10aef,1.039
1456291801.0,ff485bff,0.999
1456291801.0,6bf563af,0.999
1456291801.0,ec810259,1.009
1456291801.0,0bd9645c,1.039
1456291801.0,f2458f35,1.009
1456291801.0,4cd470ad,0.979
1456291801.0,c4953ffa,0.999
1456291801.0,4d01f5f7,1.029
1456291801.0,de079ca8,1.009
1456291801.0,db1ffa50,0.999
1456291801.0,e5561b2d,1.009
1456291801.0,0eba39cf,1.019
1456291801.0,f885a3d3,1.039
1456291801.0,cd5c4fc2,0.999
1456291801.0,8e8a5274,0.989
1456291801.0,99148d2d,0.979
1456291801.0,f96059fa,1.089
1456291801.0,0fa50e56,1.009
1456291801.0,1cbb92e5,0.989
1456291801.0,3a67bc28,1.009
1456291801.0,790402b3,0.969
1456291801.0,d87d8186,1.009
1456291801.0,db0dfab2,0.989
1456291801.0,aecb2a58,1.039
1456291801.0,6bbc54b6,1.029
1456291801.0,25604f87,1.009
1456291801.0,01f8d023,1.009
1456291801.0,38990b28,0.969
1456291801.0,c569cea2,1.019
1456291801.0,c13504fe,0.999
1456291801.0,c713cfc0,1.019
1456291801.0,55b1a563,0.979
1456291801.0,76ee34f4,0.989
1456291801.0,afa80a02,1.039
1456291801.0,322b4a46,1.159
1456291801.0,78e9f79a,0.999
1456291801.0,1e41b091,1.019
1456291801.0,b3457bb4,1.069
1456291801.0,ca4047f3,0.989
1456291801.0,5ab60468,0.949
1456291801.0,dcab2d5d,0.959
1456291801.0,630198f5,0.969
1456291801.0,4100c9dd,0.999
1456291801.0,ee6a2a3c,0.959
1456291801.0,08d4658c,0.999
1456291801.0,4d70ed85,0.999
1456291801.0,acd5644c,0.939
1456291801.0,f559d01a,1.009
1456291801.0,8fcd6088,1.009
1456291801.0,44495201,0.979
1456291801.0,997de382,0.999
1456291801.0,086d076b,0.999
1456291801.0,aa7bb382,1.039
1456291801.0,25a7d9dc,0.999
1456291801.0,8025debd,1.024
1456291801.0,4c1bb47a,1.009
1456291801.0,54aa9266,0.989
1456291801.0,0cd37e1e,0.999
1456291801.0,b5d20065,0.999
1456291801.0,f6c091f9,0.969
1456291801.0,b699022b,1.049
1456291801.0,796a3cec,0.979
1456291801.0,a2459543,1.019
1456291801.0,68519520,1.009
1456291801.0,882951be,1.039
1456291801.0,6f03c04e,0.939
1456291801.0,71afe6ef,1.009
1456291801.0,e57ad6a0,1.009
1456291801.0,7dfe4528,1.009
1456291801.0,c56babf8,0.999
1456291801.0,9e47d969,0.959
1456291801.0,d404277d,1.009
1456291801.0,8fec22b9,1.039
1456291801.0,959e4b35,1.139
1456291801.0,92a7a6a9,1.089
1456291801.0,7a630a93,1.009
1456291801.0,834ff98a,1.029
1456291801.0,c0bb7774,0.999
1456291801.0,9c59b375,1.019
1456291801.0,d2c0bc6d,1.049
1456291801.0,8f39da00,0.979
1456291801.0,068f53ad,0.989
1456291801.0,d262266d,1.009
1456291801.0,57525dc2,1.039
1456291801.0,04762b7c,1.019
1456291801.0,ea01675f,0.959
1456291801.0,23efaa4b,0.989
1456291801.0,,0.989
1456291801.0,5a8b0e02,0.999
1456291801.0,5e3c55e4,1.009
1456291801.0,ed5d3dbd,1.059
1456291801.0,104560d9,0.969
1456291801.0,e40925fd,0.989
1456291801.0,b71fea96,1.039
1456291801.0,94be3c52,1.019
1456291801.0,23ea2729,1.019
1456291801.0,6000fe5e,0.989
1456291801.0,8c231795,0.989
1456291801.0,378a8437,0.999
1456291801.0,,1.139
1456291801.0,6384651f,1.029
1456291801.0,942087ca,0.999
1456291801.0,e60668f4,1.029
1456291801.0,810ecb7a,0.999
1456291801.0,0a6dec42,0.989
1456291801.0,30da56b7,1.009
1456291801.0,9be01fd7,1.009
1456291801.0,ba73e19b,0.999
1456291801.0,bd4d552d,1.009
1456291801.0,e821cf4d,1.009
1456291801.0,71a34e9b,0.999
1456291801.0,54e2cab0,1.019
1456291801.0,d73f85dd,0.999
1456291801.0,9ad11a57,0.999
1456291801.0,d6831509,1.039
1456291801.0,358a1773,0.999
1456291801.0,85fc0347,0.999
1456291801.0,82319435,1.029
1456291801.0,91636cd2,0.999
1456291801.0,9d6f0c62,1.029
1456291801.0,b9472cd0,1.019
1456291801.0,c2039560,1.009
1456291801.0,433a3c58,0.984
1456291801.0,c3326313,0.959
1456291801.0,d2e90d39,1.009
1456291801.0,c366f7fc,0.989
1456291801.0,531e3a5e,1.029
1456291801.0,0e995a71,0.999
1456291801.0,74d89e9b,0.989
1456291801.0,73b5d3b6,1.009
1456291801.0,0311c6ae,1.049
1456291801.0,385d85e8,0.999
1456291801.0,99409692,0.969
1456291801.0,e871117c,1.019
1456291801.0,eb159d17,0.994
1456291801.0,18301e82,0.969
1456291801.0,98d977cb,1.029
1456291801.0,71405ff7,1.019
1456291801.0,64f5be3f,1.009
1456291801.0,19631699,0.999
1456291801.0,a9f47df0,1.029
1456291801.0,67af76e1,1.009
1456291801.0,353d2391,0.999
1456291801.0,1d38e16e,0.999
1456291801.0,97d3de54,0.999
1456291801.0,8dbbf765,0.999
1456291801.0,6f79337c,1.024
1456291801.0,3344673e,0.999
1456291801.0,58cb2ae4,1.009
1456291801.0,9c7eab32,1.039
1456291801.0,dfb76cf3,0.979
1456291801.0,05b24372,0.999
1456291801.0,e645d618,0.989
1456291801.0,dd192f15,1.009
1456291801.0,d4f76c4a,1.019
1456291801.0,0d6425bc,1.099
1456291801.0,cebd8559,1.009
1456291801.0,e2c0e5e5,0.969
1456291801.0,39cc6655,0.989
1456291801.0,64abbe63,0.999
1456291801.0,27ad4edd,1.009
1456291801.0,19c801a7,1.019
1456291801.0,8620fb27,0.959
1456291801.0,025d70e0,0.989
1456291801.0,7eb5a5a4,0.999
1456291801.0,66a1358d,1.009
1456291801.0,48cc409e,1.159
1456291801.0,ab6f459b,0.989
1456291801.0,4c59d12d,0.939
1456291801.0,e7cf315e,1.029
1456291801.0,7d0e5e60,1.019
1456291801.0,b8e3788a,1.029
1456291801.0,51683daa,1.089
1456291801.0,53ae9528,0.989
1456291801.0,04bc5ae6,1.039
1456291801.0,99279e16,1.039
1456291801.0,4046803d,0.999
1456291801.0,456d2310,0.939
1456291801.0,8f806f27,0.949
1456291801.0,e657e4ae,1.029
1456291801.0,71afb3c0,0.999
1456291801.0,8b143527,1.009
1456291801.0,209e8416,1.039
1456291801.0,8a8346fc,1.009
1456291801.0,bf1ede3b,0.989
1456291801.0,d8032a5b,0.989
1456291801.0,0ba0dd13,1.039
1456291801.0,474644ad,1.009
1456291801.0,d33e9e56,1.039
1456291801.0,f28edad2,0.989
1456291801.0,5505aa75,1.009
1456291801.0,481140af,0.999
1456291801.0,40e47eaa,0.999
1456291801.0,50c51301,1.039
1456291801.0,24755427,1.019
1456291801.0,f13c64f2,1.009
1456291801.0,32c905a8,1.029
1456291801.0,d5289a25,1.009
1456291801.0,b24d84c3,1.029
1456291801.0,48a1176e,1.009
1456291801.0,636ce33d,1.089
1456291801.0,db97e7b4,0.989
1456291801.0,5aa8ba94,1.019
1456291801.0,3b9a2c70,0.999
1456291801.0,c54c18c9,0.999
1456291801.0,a7c93552,1.029
1456291801.0,ae948682,1.069
1456291801.0,ece022de,1.039
1456291801.0,d0b8a1f7,1.009
1456291801.0,d3052d2c,1.009
1456291801.0,768def48,1.039
1456291801.0,70e52ee2,0.989
1456291801.0,08e9a69f,1.029
1456291801.0,,1.049
1456291801.0,b893996a,1.009
1456291801.0,f1929c3e,1.009
1456291801.0,a5312f3b,0.989
1456291801.0,4046b6ba,1.019
1456291801.0,352eedb0,0.949
1456291801.0,26623c9d,0.949
1456291801.0,3ad0cccc,1.039
1456291801.0,a6fe89c8,1.059
1456291801.0,f4ec92d7,1.009
1456291801.0,6df8769f,1.029
1456291801.0,6388b41c,0.999
1456291801.0,21ccc86d,0.939
1456291801.0,46bea8c9,1.009
1456291801.0,cf017ad5,0.989
1456291801.0,ec60ccb8,0.969
1456291801.0,b870f094,0.969
1456291801.0,aa4cdb22,0.999
1456291801.0,f36b3182,0.999
1456291801.0,94c64075,1.009
1456291801.0,44c15478,0.999
1456291801.0,d080aa8b,1.039
1456291801.0,2ab0fae2,0.999
1456291801.0,271bd07b,0.949
1456291801.0,27c6fcd5,1.039
1456291801.0,87c19f02,1.039
1456291801.0,92dbd199,1.059
1456291801.0,41bdb6f9,0.978
1456291801.0,7818ad58,0.999
1456291801.0,8d86cbc4,0.989
1456291801.0,7f6c2062,0.999
1456291801.0,c1f19463,1.029
1456291801.0,bd27836d,1.059
1456291801.0,39f9c0aa,1.009
1456291801.0,25990870,0.989
1456291801.0,241c63b0,1.059
1456291801.0,3f9a7b26,0.989
1456291801.0,c82a22de,0.959
1456291801.0,06c6ad62,1.029
1456291801.0,1809b397,0.979
1456291801.0,2139100d,0.999
1456291801.0,c1b38961,1.019
1456291801.0,,1.009
1456291801.0,e523456f,0.979
1456291801.0,07908b66,1.039
1456291801.0,1f1403a7,1.089
1456291801.0,44f943cf,1.089
1456291801.0,10fa0582,0.989
1456291801.0,5780923a,0.999
1456291801.0,6bca438d,1.019
1456291801.0,63f74b4d,1.039
1456291801.0,3fb5dad7,1.159
1456291801.0,2b5433ca,0.989
1456291801.0,0a9446f2,1.069
1456291801.0,9aa29c07,1.039
1456291801.0,41453b7f,1.009
1456291801.0,6e050889,1.009
1456291801.0,5270f932,1.149
1456291801.0,def62512,1.019
1456291801.0,c330d63c,0.999
1456291801.0,ee9738ce,1.009
1456291801.0,f02ffbd3,1.039
1456291801.0,f05874bd,1.009
1456291801.0,bc1f7e5b,0.989
1456291801.0,e8205f94,1.019
1456291801.0,db096089,0.999
1456291801.0,67a0637d,0.959
1456291801.0,a8f9e25b,1.024
1456291801.0,e3586265,1.019
1456291801.0,5fab2045,1.009
1456291801.0,91666de8,0.979
1456291801.0,7ad9dcdf,1.029
1456292041.0,88a429db,0.989
1456292041.0,,0.969
1456292041.0,07aa2817,1.039
1456292041.0,8f921904,0.999
1456292041.0,ec44b311,0.939
1456292041.0,1248a8aa,0.989
1456292041.0,0f01b9c8,0.999
1456292041.0,88693ceb,0.959
1456292041.0,28ed1025,0.989
1456292041.0,9b19b7d0,0.949
1456292041.0,1962a412,0.929
1456292041.0,3d92c06f,0.939
1456292041.0,90bfadfa,0.989
1456292041.0,be7b97ad,0.989
1456292041.0,d6ae9903,0.989
1456292041.0,c17b17c8,0.989
1456292041.0,549a242e,1.039
1456292041.0,d88f7597,1.039
1456292041.0,815c5703,1.009
1456292041.0,a6785e64,1.019
1456292041.0,5eb5db1f,1.029
1456292041.0,ef793ac8,1.019
1456292041.0,1176658b,0.979
1456292041.0,1a2a17d8,0.979
1456292041.0,ea571d68,0.979
1456292041.0,4b649587,0.999
1456292041.0,7a3115f2,0.969
1456292041.0,7dfddaf9,0.999
1456292041.0,bdd895df,1.039
1456292041.0,ee75d139,1.009
1456292041.0,b3a02a90,1.039
1456292041.0,d5b6651a,0.999
1456292041.0,1569342b,1.009
1456292041.0,af8d1232,0.999
1456292041.0,3c01d155,1.009
1456292041.0,249f3b9d,1.039
1456292041.0,318fc332,1.009
1456292041.0,34f8b648,1.019
1456292041.0,8b02d213,1.059
1456292041.0,e54fdbed,0.949
1456292041.0,5d6403f6,1.029
1456292041.0,b09088a6,1.009
1456292041.0,822f88d8,1.099
1456292041.0,9f8e2486,1.039
1456292041.0,d161f15f,0.979
1456292041.0,c1c31623,0.989
1456292041.0,6c406288,0.999
1456292041.0,17a062c5,1.149
1456292041.0,3cb139bc,0.999
1456292041.0,1815e4b9,1.009
1456292041.0,19bab6ff,0.999
1456292041.0,cf6cd137,1.099
1456292041.0,55c76ce6,1.039
1456292041.0,3e1f509e,1.009
1456292041.0,7ef38273,0.999
1456292041.0,2a348345,0.989
1456292041.0,be63e7a4,1.019
1456292041.0,4cbd5ec1,1.009
1456292041.0,fa12ad0f,0.989
1456292041.0,b5028985,1.039
1456292041.0,9dc599bb,1.009
1456292041.0,e8c3f262,1.089
1456292041.0,5ae6dfd2,1.039
1456292041.0,8cffa5f5,0.969
1456292041.0,b0f08049,0.979
1456292041.0,4418fdab,0.989
1456292041.0,2a6983b6,0.989
1456292041.0,e571ac33,0.999
1456292041.0,da3e3f70,0.999
1456292041.0,4397d974,1.039
1456292041.0,f0430871,1.029
1456292041.0,8012958f,1.009
1456292041.0,20fa2e02,0.999
1456292041.0,f2603ae2,0.999
1456292041.0,159f8b0e,0.999
1456292041.0,09560a45,0.969
1456292041.0,6065d7c5,0.989
1456292041.0,7faaef53,1.019
1456292041.0,aea8331e,1.039
1456292041.0,4da99a4e,1.019
1456292041.0,f969dc08,0.999
1456292041.0,28f0e708,1.009
1456292041.0,8eafa47a,0.989
1456292041.0,af91cef3,1.009
1456292041.0,688487a8,0.969
1456292041.0,7534fa3e,1.019
1456292041.0,00bb9689,1.009
1456292041.0,ab4700c2,0.989
1456292041.0,1d5cb0e7,0.999
1456292041.0,c6317552,1.019
1456292041.0,31bc02c2,1.029
1456292041.0,ef61acd1,1.019
1456292041.0,c78085b8,1.009
1456292041.0,5aede176,0.999
1456292041.0,a8dbe3f9,1.009
1456292041.0,2890d1fb,1.009
1456292041.0,ba07cf1e,1.049
1456292041.0,785d1098,1.009
1456292041.0,21f6f55f,0.989
1456292041.0,6b69df8f,1.039
1456292041.0,e2c6b885,1.019
1456292041.0,,1.039
1456292041.0,398f397d,1.019
1456292041.0,478964f7,1.119
1456292041.0,b2a7f637,1.009
1456292041.0,deb0665c,0.999
1456292041.0,cb619856,1.049
1456292041.0,36a53250,0.999
1456292041.0,02d3e7aa,1.009
1456292041.0,2ef17053,1.039
1456292041.0,df34af64,0.989
1456292041.0,193a59df,1.009
1456292041.0,12aba19d,1.179
1456292041.0,e7ea0c12,1.019
1456292041.0,ff894f80,1.029
1456292041.0,d07a0e73,1.029
1456292041.0,a8028e6b,1.019
1456292041.0,9d5d8b0d,0.999
1456292041.0,3a349054,0.999
1456292041.0,2bd26467,0.989
1456292041.0,ca2862c6,1.029
1456292041.0,2ff0d839,0.999
1456292041.0,7f9a33f8,0.999
1456292041.0,82198727,0.999
1456292041.0,2f3e857f,1.009
1456292041.0,e246da13,1.029
1456292041.0,e2feb644,1.029
1456292041.0,3fcbe3b5,1.019
1456292041.0,b998b207,0.999
1456292041.0,40369596,0.969
1456292041.0,fbfbf15b,0.989
1456292041.0,103ca42c,1.039
1456292041.0,cf25dcdb,1.109
1456292041.0,fbf6da0b,0.959
1456292041.0,0edfca49,0.999
1456292041.0,b72a502f,0.959
1456292041.0,317db5c8,1.039
1456292041.0,aaf971e5,1.009
1456292041.0,7a34bcb6,0.939
1456292041.0,8d6ec707,0.979
1456292041.0,235c0c8c,1.049
1456292041.0,78128a2a,0.979
1456292041.0,d59d4bb4,0.989
1456292041.0,806bbb49,1.039
1456292041.0,bb4f2dca,0.989
1456292041.0,65b329e2,1.079
1456292041.0,b258c197,1.159
1456292041.0,61d59ee9,1.029
1456292041.0,cb5cc628,1.059
1456292041.0,cd5312ba,0.979
1456292041.0,3b988b25,0.979
1456292041.0,9e334e1e,1.029
1456292041.0,ad0bf4e5,1.009
1456292041.0,51ff36bc,0.989
1456292041.0,073b7de4,1.039
1456292041.0,98c12505,1.039
1456292041.0,7ec4fa7d,0.999
1456292041.0,f74c5752,1.049
1456292041.0,030fbae5,1.039
1456292041.0,6cc0c30a,0.979
1456292041.0,a0f3c4eb,0.959
1456292041.0,1c38d39c,0.969
1456292041.0,1f6ccf56,0.979
1456292041.0,85f12dca,0.969
1456292041.0,fdb2c58e,1.029
1456292041.0,a484c61a,1.019
1456292041.0,d1118ca6,1.009
1456292041.0,d9132efc,1.079
1456292041.0,158221e0,1.009
1456292041.0,df7589ae,1.009
1456292041.0,27809f91,1.009
1456292041.0,eaf89b64,0.999
1456292041.0,851acde1,1.009
1456292041.0,41d32756,1.059
1456292041.0,da93bb21,0.979
1456292041.0,c2400430,1.039
1456292041.0,affe7d62,0.999
1456292041.0,1f37368c,0.999
1456292041.0,cdf74228,1.009
1456292041.0,0395f025,1.009
1456292041.0,0a1808e5,0.969
1456292041.0,ebef875b,0.999
1456292041.0,3c3f5bfb,0.999
1456292041.0,9279854d,0.999
1456292041.0,b1ca0ed3,1.009
1456292041.0,2ebb5677,0.979
1456292041.0,a0d4181c,1.019
1456292041.0,49d8f4c8,1.069
1456292041.0,f8b10f81,1.039
1456292041.0,28712072,1.009
1456292041.0,50cbdca4,1.039
1456292041.0,da7aac12,0.969
1456292041.0,8da197a5,1.009
1456292041.0,831f7129,1.019
1456292041.0,56f54684,1.009
1456292041.0,02f7b616,1.039
1456292041.0,49783e5a,0.999
1456292041.0,76f44572,0.989
1456292041.0,26613c3a,1.029
1456292041.0,dd78438d,1.149
1456292041.0,a9fd24ed,1.099
1456292041.0,059d55c9,1.009
1456292041.0,8cc39ecd,1.099
1456292041.0,a97b419d,1.019
1456292041.0,235dd814,1.019
1456292041.0,fc1fc595,0.999
1456292041.0,0fa96932,0.989
1456292041.0,f78f34d4,1.039
1456292041.0,4abb67a5,1.019
1456292041.0,03ca5dbc,1.049
1456292041.0,c1802a5a,1.009
1456292041.0,13579cfd,0.999
1456292041.0,,1.009
1456292041.0,fee45b54,1.009
1456292041.0,60648e92,0.959
1456292041.0,ff485bff,0.989
1456292041.0,154a309d,1.009
1456292041.0,2843ab89,1.049
1456292041.0,f91caef6,0.999
1456292041.0,c40bc606,0.989
1456292041.0,920f6cbb,1.059
1456292041.0,a9050e49,0.999
1456292041.0,365e9221,0.999
1456292041.0,256da341,0.999
1456292041.0,cfc3caef,1.009
1456292041.0,f8874753,1.019
1456292041.0,0ad1807b,1.029
1456292041.0,54c2232b,1.039
1456292041.0,f5a51e57,1.059
1456292041.0,1f23d768,0.999
1456292041.0,04d9d4a8,1.009
1456292041.0,9dc9d249,0.969
1456292041.0,890c4fe1,1.009
1456292041.0,b99abf38,1.009
1456292041.0,c26a49db,1.009
1456292041.0,65aa334d,0.999
1456292041.0,8792c041,1.079
1456292041.0,c4c8b56b,1.089
1456292041.0,42ad21c1,0.999
1456292041.0,1623a484,1.019
1456292041.0,70370c43,0.989
1456292041.0,ba0a2255,0.979
1456292041.0,71315e68,0.959
1456292041.0,34226dec,1.009
1456292041.0,0a0ef89e,0.999
1456292041.0,2a762595,0.999
1456292041.0,76e0e2ad,1.029
1456292041.0,df6b217b,1.009
1456292041.0,481a8ed4,0.989
1456292041.0,930b627b,0.959
1456292041.0,bd925387,1.019
1456292041.0,5fb9dfa5,1.039
1456292041.0,256dd9bf,0.959
1456292041.0,74addb95,0.989
1456292041.0,9fb6a9f8,1.039
1456292041.0,0a5b2682,1.079
1456292041.0,d4659823,0.999
1456292041.0,09d9579a,0.989
1456292041.0,f7f58a1b,1.009
1456292041.0,e57be742,1.009
1456292041.0,8bd3b9de,0.999
1456292041.0,7776be9f,0.999
1456292041.0,6a2035ad,1.059
1456292041.0,59affa92,1.029
1456292041.0,2fc8ca29,1.039
1456292041.0,7b702829,0.989
1456292041.0,d56999f7,1.019
1456292041.0,65600788,0.999
1456292041.0,69539d07,1.009
1456292041.0,ac47f9bb,0.979
1456292041.0,0243f1d9,1.039
1456292041.0,b1172c22,1.039
1456292041.0,6f6329ff,1.009
1456292041.0,7faa0c9c,1.039
1456292041.0,8fa55c72,1.009
1456292041.0,bbf4ea1f,0.949
1456292041.0,77d95702,1.029
1456292041.0,c85c34c2,1.019
1456292041.0,94d84ba4,1.049
1456292041.0,45e9feb7,0.999
1456292041.0,0e565dc4,0.989
1456292041.0,d2b45043,1.149
1456292041.0,fff62873,0.979
1456292041.0,466dfd41,0.989
1456292041.0,85f4421b,0.999
1456292041.0,6ee6c33d,0.959
1456292041.0,a1c3be4b,0.999
1456292041.0,a4bdfecc,1.019
1456292041.0,c8767aa3,0.979
1456292041.0,94fba20b,1.009
1456292041.0,72ecbc2d,1.019
1456292041.0,e0bab399,0.949
1456292041.0,990f2a08,1.019
1456292041.0,4a7395cf,1.059
1456292041.0,c0911b94,0.989
1456292041.0,ccecf336,1.009
1456292041.0,c63b0b80,0.989
1456292041.0,b17608a3,0.989
1456292041.0,95d6571c,1.019
1456292041.0,c36c0090,1.039
1456292041.0,42d0c2aa,1.009
1456292041.0,345de47d,1.039
1456292041.0,e40ec31e,0.959
1456292041.0,8cba3640,1.019
1456292041.0,bb839a02,0.999
1456292041.0,52658688,1.009
1456292041.0,e2a68953,1.019
1456292041.0,f85e7c2f,1.039
1456292041.0,efb267f7,1.009
1456292041.0,c8b43f97,0.999
1456292041.0,5709c9ed,0.979
1456292041.0,cec51495,0.979
1456292041.0,93aae403,0.999
1456292041.0,2212e62a,1.029
1456292041.0,3f20997c,1.149
1456292041.0,caf4c5e5,0.979
1456292041.0,59e71e77,0.999
1456292041.0,e50cc55b,1.009
1456292041.0,3321fa98,1.039
1456292041.0,f09eccb2,0.989
1456292041.0,01dd1b6f,1.009
1456292041.0,47019357,1.019
1456292041.0,29c5c2e2,1.019
1456292041.0,39c2af9c,0.969
1456292041.0,7b709283,1.039
1456292041.0,1484001b,0.969
1456292041.0,5cb6e8a5,1.009
1456292041.0,689f962f,1.009
1456292041.0,4687563d,0.989
1456292041.0,335765fb,1.009
1456292041.0,793d12bc,0.994
1456292041.0,8167fa85,0.999
1456292041.0,9da3a4c0,1.019
1456292041.0,95ff6d3a,0.988
1456292041.0,6b6f2493,0.999
1456292041.0,5b2284eb,1.019
1456292041.0,2be28aa5,1.009
1456292041.0,cc22a735,1.019
1456292041.0,757d5670,1.009
1456292041.0,,1.009
1456292041.0,2d3f410b,0.989
1456292041.0,9aadb3f4,1.019
1456292041.0,358bf5e4,0.969
1456292041.0,f2054fb8,1.059
1456292041.0,6f9a376c,1.019
1456292041.0,1f9519cf,0.989
1456292041.0,5acde0f1,0.989
1456292041.0,,1.019
1456292041.0,01a2d8cf,1.019
1456292041.0,9db34e97,1.039
1456292041.0,85e1584b,0.999
1456292041.0,aeec46d3,1.019
1456292041.0,e3c6260c,0.999
1456292041.0,96378df9,1.029
1456292041.0,a2db42f9,0.995
1456292041.0,13fdcfbe,0.999
1456292041.0,1f35a745,0.979
1456292041.0,fec7d478,1.039
1456292041.0,d5c5e431,1.019
1456292041.0,ae3c2fda,1.029
1456292041.0,3b1a99c0,1.009
1456292041.0,16a73c7d,1.039
1456292041.0,2907236c,1.009
1456292041.0,d5fda8a5,1.039
1456292041.0,75bc1c25,1.009
1456292041.0,fec0f633,0.984
1456292041.0,a459b6b0,0.999
1456292041.0,bd227bfb,1.029
1456292041.0,003e03fc,1.149
1456292041.0,a2d8eda4,0.999
1456292041.0,eb9dfa86,1.009
1456292041.0,8bdd5502,0.959
1456292041.0,d14859a1,0.999
1456292041.0,37741f9a,1.039
1456292041.0,6e899248,0.999
1456292041.0,82d40753,0.989
1456292041.0,9c586989,1.009
1456292041.0,684a7ab7,0.979
1456292041.0,d3a6a57e,0.999
1456292041.0,c1e95d8d,0.999
1456292041.0,c252c064,0.999
1456292041.0,3cef8afc,0.989
1456292041.0,2edd040a,1.019
1456292041.0,28cedc00,1.019
1456292041.0,0e7f0bd4,0.999
1456292041.0,bd3ce4cc,0.999
1456292041.0,269a5648,0.989
1456292041.0,1746d28b,0.999
1456292041.0,199fdffc,1.009
1456292041.0,14c3a02f,1.049
1456292041.0,2771cba6,0.979
1456292041.0,b0332bd3,1.009
1456292041.0,bce0d2a3,1.019
1456292041.0,eb444eb7,0.999
1456292041.0,7b17379c,1.009
1456292041.0,3365e596,1.029
1456292041.0,f2924e85,0.989
1456292041.0,24bf40f3,0.979
1456292041.0,6d10b873,1.009
1456292041.0,6193821d,0.999
1456292041.0,dc07718c,0.999
1456292041.0,af6c3817,0.999
1456292041.0,4ab9094d,0.999
1456292041.0,0ba0dd13,0.999
1456292041.0,db2c1d84,0.999
1456292041.0,54cd89cc,1.019
1456292041.0,71618bdc,1.039
1456292041.0,4c70c97c,1.019
1456292041.0,2a7cdc44,1.009
1456292041.0,e89c4d58,1.009
1456292041.0,d56413d1,0.999
1456292041.0,80b92918,0.988
1456292041.0,57b493fa,0.989
1456292041.0,d3549133,1.009
1456292041.0,2e65af60,1.009
1456292041.0,4c925894,1.039
1456292041.0,849ac669,1.019
1456292041.0,8c5ae0bd,1.049
1456292041.0,5fc37dfd,1.049
1456292041.0,67f43dec,0.989
1456292041.0,16e01aa0,1.059
1456292041.0,069e66bc,0.989
1456292041.0,17ed1c05,0.979
1456292041.0,aef9c468,1.019
1456292041.0,40dffb00,0.989
1456292041.0,04b38cb5,0.969
1456292041.0,b82c12f6,0.938
1456292041.0,fd5c987c,0.999
1456292041.0,8e9233ee,1.049
1456292041.0,04aefaad,1.019
1456292041.0,dd329a1e,1.039
1456292041.0,4ea41fde,0.999
1456292041.0,311d43c9,1.029
1456292041.0,e4c3638f,1.009
1456292041.0,9bff6895,1.039
1456292041.0,42b80e51,1.009
1456292041.0,3f2c1a7b,1.009
1456292041.0,06277f60,0.999
1456292041.0,8fdd1c16,1.009
1456292041.0,8c9613bc,0.999
1456292041.0,625146af,1.019
1456292041.0,d6d2e0fe,1.059
1456292041.0,a1338d18,1.019
1456292041.0,3429a55d,1.059
1456292041.0,53988e6f,1.009
1456292041.0,b484fa6e,0.999
1456292041.0,3db9e3a9,0.969
1456292041.0,ead165dc,1.099
1456292041.0,2e474264,0.989
1456292041.0,8c27b2e6,1.029
1456292041.0,fc59259b,1.019
1456292041.0,5ac69ef8,1.019
1456292041.0,c6d24a24,0.999
1456292041.0,e05e8acf,1.029
1456292041.0,21a51aa6,0.999
1456292041.0,df7786ea,0.999
1456292041.0,9ebd92af,0.999
1456292041.0,94ca27a8,0.999
1456292041.0,d4817c1a,0.989
1456292041.0,9862f34c,0.969
1456292041.0,5cb0b08c,1.009
1456292041.0,57ef5f09,0.979
1456292041.0,f36f4393,1.009
1456292041.0,f33d10dd,0.999
1456292041.0,3473636a,1.049
1456292041.0,a23d5fdf,1.009
1456292041.0,4922811e,1.009
1456292041.0,91742e49,1.019
1456292041.0,89d5bd42,0.989
1456292041.0,741f3aab,1.019
1456292041.0,2cbca1fc,0.979
1456292041.0,2b043615,0.979
1456292041.0,991367ac,1.039
1456292041.0,1510f5e1,1.019
1456292041.0,ce90c05e,0.969
1456292041.0,40b7c070,0.979
1456292041.0,e523456f,0.979
1456292041.0,,1.039
1456292041.0,4c715086,0.999
1456292041.0,1b8d2640,0.999
1456292041.0,036b80ad,0.989
1456292041.0,59b332e8,0.999
1456292041.0,9975506f,1.009
1456292041.0,8784631f,1.179
1456292041.0,f2be6718,1.089
1456292041.0,cb814e8e,0.999
1456292041.0,312f1849,1.019
1456292041.0,50741464,0.979
1456292041.0,3fb5dad7,1.039
1456292041.0,7c8784c0,1.029
1456292041.0,6e050889,0.999
1456292041.0,8f2afdd4,1.029
1456292041.0,fee76af5,1.009
1456292041.0,90f776c5,1.039
1456292041.0,0f96b386,1.039
1456292041.0,7ff76277,1.009
1456292041.0,d667f2fb,1.149
1456292041.0,2ae6578d,1.019
1456292041.0,f0fd118b,1.029
1456292041.0,2ab8cee3,1.019
1456292041.0,f94e75cd,1.029
1456292041.0,355f04dc,0.949
1456292281.0,dcb25a3c,1.029
1456292281.0,a8907693,0.979
1456292281.0,317387f0,0.999
1456292281.0,2ae20e3b,0.999
1456292281.0,ad1f45e5,0.989
1456292281.0,2e12dc58,0.999
1456292281.0,e0f84539,0.999
1456292281.0,52ff86b2,0.989
1456292281.0,7349daff,0.999
1456292281.0,9d2b8d38,0.989
1456292281.0,00605faf,1.009
1456292281.0,5cf99b9e,0.989
1456292281.0,dfe43ff9,0.989
1456292281.0,bcbe32bc,0.989
1456292281.0,4e6ab199,0.989
1456292281.0,d64909aa,0.989
1456292281.0,9dd86999,0.989
1456292281.0,b51f0a61,0.989
1456292281.0,1b611c60,0.989
1456292281.0,f2d26e3e,0.939
1456292281.0,e396466d,0.989
1456292281.0,210f8a85,0.999
1456292281.0,f6b43ef3,1.009
1456292281.0,afbe3668,0.979
1456292281.0,30ac4ee7,0.999
1456292281.0,,0.999
1456292281.0,9530b219,1.019
1456292281.0,59e65cb9,0.989
1456292281.0,4423f9a9,0.989
1456292281.0,b064c9f5,1.019
1456292281.0,d6f30aff,1.009
1456292281.0,a8c5daba,1.019
1456292281.0,c968d61e,1.009
1456292281.0,2ddaec8d,0.949
1456292281.0,4ebf7b5b,1.009
1456292281.0,6ac0d50f,0.999
1456292281.0,286c1902,1.019
1456292281.0,ac22a573,0.979
1456292281.0,1febf6ac,0.989
1456292281.0,71dd6cb9,1.019
1456292281.0,3f2ba968,0.999
1456292281.0,ba0bd9d0,1.029
1456292281.0,09bc3f2e,1.059
1456292281.0,01574e74,0.999
1456292281.0,fb553435,0.979
1456292281.0,4ffe2958,0.999
1456292281.0,7c0392d5,0.999
1456292281.0,19a4dc27,0.969
1456292281.0,7592b37a,1.009
1456292281.0,4aaa267e,1.009
1456292281.0,384c3465,1.019
1456292281.0,b7218e20,1.009
1456292281.0,,1.009
1456292281.0,abcdcbad,1.039
1456292281.0,8cc8a7cc,1.009
1456292281.0,255a4603,0.969
1456292281.0,977ad3ab,1.009
1456292281.0,91632530,0.979
1456292281.0,9bf65a40,1.079
1456292281.0,0d9ac59b,0.989
1456292281.0,25f9d419,0.989
1456292281.0,20d94201,0.979
1456292281.0,cfe72b95,0.999
1456292281.0,7b9e88e2,0.999
1456292281.0,7771824e,0.999
1456292281.0,adb530b9,1.019
1456292281.0,b60e1ffb,1.039
1456292281.0,97d56680,1.029
1456292281.0,48ee050c,0.989
1456292281.0,9481f21d,1.019
1456292281.0,83bbc321,1.059
1456292281.0,e50f5b31,0.989
1456292281.0,4dd5805a,0.949
1456292281.0,797e753d,1.049
1456292281.0,,1.009
1456292281.0,2628e12f,1.029
1456292281.0,fa4b70b0,1.059
1456292281.0,d17204b8,1.109
1456292281.0,83cf5969,1.009
1456292281.0,12f330d3,0.999
1456292281.0,c0698259,0.969
1456292281.0,bb7b32d6,0.939
1456292281.0,305c755c,1.009
1456292281.0,b9930116,1.009
1456292281.0,7d2a6e6a,0.989
1456292281.0,63b76619,1.039
1456292281.0,e1b2f9c0,0.979
1456292281.0,,1.099
1456292281.0,12077d15,1.009
1456292281.0,cae5c994,0.969
1456292281.0,21a6bb0f,1.039
1456292281.0,81e03bde,1.099
1456292281.0,91cd34b3,0.989
1456292281.0,9c389a21,0.999
1456292281.0,6904580a,1.039
1456292281.0,6670ab73,1.009
1456292281.0,7a48e549,1.039
1456292281.0,b0f0f3c3,1.019
1456292281.0,e53f989c,0.999
1456292281.0,08f7db25,0.969
1456292281.0,e3705385,0.999
1456292281.0,cf6cd137,1.019
1456292281.0,55c76ce6,1.019
1456292281.0,f6746552,1.069
1456292281.0,78c59dfc,0.989
1456292281.0,5ae69800,1.009
1456292281.0,bc467691,1.069
1456292281.0,6f6a8c9c,1.039
1456292281.0,971ff457,0.999
1456292281.0,0618ae27,0.999
1456292281.0,2bd60a02,0.999
1456292281.0,b7502504,0.999
1456292281.0,f41e2fff,0.999
1456292281.0,c20260d6,1.029
1456292281.0,3f58dc20,0.999
1456292281.0,c8c9912f,0.999
1456292281.0,06eb0513,0.999
1456292281.0,4f1ec633,1.019
1456292281.0,cb61d796,0.999
1456292281.0,1f897af1,0.999
1456292281.0,12434f8d,0.999
1456292281.0,980060a7,1.019
1456292281.0,2ae36ba1,0.999
1456292281.0,64edaf71,0.999
1456292281.0,ce5f4f85,1.019
1456292281.0,c22091a3,1.009
1456292281.0,2a4db9c0,1.009
1456292281.0,c4c2ead1,1.009
1456292281.0,,0.999
1456292281.0,3ad50a81,1.009
1456292281.0,79ec8492,0.979
1456292281.0,447dba6a,1.039
1456292281.0,0defca9f,1.019
1456292281.0,bae5bc24,1.039
1456292281.0,00b1da66,0.999
1456292281.0,062cca99,0.989
1456292281.0,7bcf3535,0.989
1456292281.0,7f667b18,0.929
1456292281.0,462fde27,1.029
1456292281.0,10a613d1,0.989
1456292281.0,e03f4572,0.979
1456292281.0,5a55ec8e,0.949
1456292281.0,63616f1f,1.009
1456292281.0,b066103f,1.009
1456292281.0,49a12bf4,0.999
1456292281.0,9f1a6e1f,1.009
1456292281.0,708936ad,0.989
1456292281.0,8a0db953,0.999
1456292281.0,55993013,0.979
1456292281.0,be3c20ef,1.009
1456292281.0,0d847386,1.019
1456292281.0,d5eb41ec,0.989
1456292281.0,39bde8e3,1.039
1456292281.0,c198217b,0.949
1456292281.0,cb6bf035,1.014
1456292281.0,0346b908,1.019
1456292281.0,6d44f87b,1.039
1456292281.0,02797da2,1.009
1456292281.0,53f9f79f,1.039
1456292281.0,22b994a8,1.029
1456292281.0,548c8c9c,1.009
1456292281.0,fc8981fc,1.019
1456292281.0,21d78be4,1.009
1456292281.0,ae779650,1.019
1456292281.0,21b0fe98,1.029
1456292281.0,4e4e1a16,1.039
1456292281.0,e96cd138,0.969
1456292281.0,45427090,1.009
1456292281.0,c1eb66c5,0.969
1456292281.0,df5fc4c4,0.999
1456292281.0,efdf01c1,1.019
1456292281.0,15b99812,1.029
1456292281.0,e7e474b4,1.009
1456292281.0,9db07996,1.019
1456292281.0,7ba5966e,1.019
1456292281.0,118d4934,1.029
1456292281.0,08a83db9,0.999
1456292281.0,c92339a1,0.999
1456292281.0,50ccc5eb,0.989
1456292281.0,7f79215f,1.019
1456292281.0,a004fbaa,1.069
1456292281.0,68a5df04,0.969
1456292281.0,993479c7,1.019
1456292281.0,61f59311,0.989
1456292281.0,ffa82d76,1.099
1456292281.0,8591bcbf,1.039
1456292281.0,249a69d6,1.009
1456292281.0,6881e83e,1.029
1456292281.0,4130795c,0.999
1456292281.0,6430d951,0.989
1456292281.0,69adef26,0.939
1456292281.0,26faab3e,1.009
1456292281.0,716b6235,1.039
1456292281.0,102d2e04,1.039
1456292281.0,c0e39558,0.979
1456292281.0,41d7fd8c,1.009
1456292281.0,4f2880a9,0.999
1456292281.0,f12b117d,0.989
1456292281.0,15e431dd,1.019
1456292281.0,,1.089
1456292281.0,6baeb328,1.009
1456292281.0,50cb7778,1.019
1456292281.0,34525e5b,1.009
1456292281.0,285e45c2,0.999
1456292281.0,a0a636f9,0.949
1456292281.0,ae9b302a,1.009
1456292281.0,9b77de60,1.089
1456292281.0,553fb461,1.019
1456292281.0,050d62ae,1.029
1456292281.0,a94524d9,0.999
1456292281.0,,1.039
1456292281.0,d8c88922,1.059
1456292281.0,b1ebea76,1.039
1456292281.0,236e2f71,1.009
1456292281.0,0f0135ae,1.039
1456292281.0,130149c2,0.969
1456292281.0,1c4078e5,1.019
1456292281.0,3bf045f8,0.999
1456292281.0,e88430a3,1.039
1456292281.0,d8beccb1,1.029
1456292281.0,f94d8069,1.039
1456292281.0,fc85f4ab,0.999
1456292281.0,46078bef,0.999
1456292281.0,3b4c70df,1.029
1456292281.0,8e5f2dc6,1.019
1456292281.0,8f922896,1.009
1456292281.0,0320429a,0.999
1456292281.0,29e73a19,1.089
1456292281.0,b24a2efc,1.019
1456292281.0,c77e2863,0.969
1456292281.0,27b29fcc,1.019
1456292281.0,9d205788,0.989
1456292281.0,654abfa9,1.009
1456292281.0,11b5806d,1.039
1456292281.0,d261d6e0,1.019
1456292281.0,27f88bd4,1.029
1456292281.0,6d6ba0fc,0.999
1456292281.0,1e1599d6,1.009
1456292281.0,2ff0d839,0.989
1456292281.0,26b1d7b1,1.009
1456292281.0,4bf0dfb0,1.009
1456292281.0,b7dc9356,1.019
1456292281.0,0441d227,0.959
1456292281.0,3f710c08,1.029
1456292281.0,71ac0ba6,0.999
1456292281.0,ec8e7daa,1.029
1456292281.0,15c74866,0.999
1456292281.0,7cb1bbc0,0.999
1456292281.0,4ac089ef,1.039
1456292281.0,4d6144cb,1.039
1456292281.0,6d3ab5f8,0.989
1456292281.0,249fa6e1,1.019
1456292281.0,29e75614,0.999
1456292281.0,edd40aaa,1.029
1456292281.0,9ae06205,1.009
1456292281.0,11c55079,0.959
1456292281.0,ca3dd4d1,0.999
1456292281.0,f6648caf,1.019
1456292281.0,61b974e5,1.029
1456292281.0,ef811cbc,1.019
1456292281.0,8ab710a0,0.989
1456292281.0,332fe278,1.009
1456292281.0,f7bef751,1.019
1456292281.0,4be768df,0.989
1456292281.0,e527ee65,1.009
1456292281.0,559bd10e,0.999
1456292281.0,ab706620,0.999
1456292281.0,4c7f88c9,0.999
1456292281.0,fe2084ca,0.999
1456292281.0,3b988b25,0.929
1456292281.0,38cbcd42,1.089
1456292281.0,d67b3850,1.029
1456292281.0,acc860ed,1.009
1456292281.0,14b98d5e,1.039
1456292281.0,84953eae,1.059
1456292281.0,225d6797,0.999
1456292281.0,25f73f25,1.019
1456292281.0,98acaed1,1.009
1456292281.0,279f7243,1.019
1456292281.0,8700c374,0.999
1456292281.0,124fa87c,1.039
1456292281.0,,0.989
1456292281.0,92e00096,0.989
1456292281.0,0e949251,1.029
1456292281.0,63ded480,1.029
1456292281.0,91f136df,0.989
1456292281.0,66da4817,0.989
1456292281.0,9b66ed80,0.979
1456292281.0,cf8764e5,0.979
1456292281.0,bce1fe2d,0.979
1456292281.0,a8c6b173,0.989
1456292281.0,5cec73e9,0.949
1456292281.0,3da081b6,0.949
1456292281.0,d74429a3,0.999
1456292281.0,c5bb659b,0.949
1456292281.0,197e1542,0.949
1456292281.0,6bf68abb,0.979
1456292281.0,7ccb6541,0.989
1456292281.0,e0808ce1,0.989
1456292281.0,2815cfa2,0.959
1456292281.0,4141a0aa,0.979
1456292281.0,a82492d6,1.009
1456292281.0,,0.969
1456292281.0,1c5f0504,0.969
1456292281.0,9bd9827c,0.959
1456292281.0,ed63a8a7,0.979
1456292281.0,acc75705,0.989
1456292281.0,945346f0,0.949
1456292281.0,24982c56,0.929
1456292281.0,83c9051f,0.999
1456292281.0,ad25712e,0.949
1456292281.0,e2aee352,0.989
1456292281.0,f4d0450c,0.939
1456292281.0,3a2d39a0,0.999
1456292281.0,a48cec43,0.989
1456292281.0,6515c8c1,0.999
1456292281.0,94a8272b,1.009
1456292281.0,0c514e6f,0.989
1456292281.0,34e3a079,0.989
1456292281.0,77017769,1.019
1456292281.0,bc81a8ae,1.059
1456292281.0,c64e61d0,0.939
1456292281.0,c8df5f11,0.999
1456292281.0,0a7d02af,1.009
1456292281.0,83c3c3bf,1.059
1456292281.0,fb3a21ef,0.999
1456292281.0,367978ca,0.999
1456292281.0,70276361,0.999
1456292281.0,7dfbe965,1.019
1456292281.0,9189e6dc,1.009
1456292281.0,29b24eee,0.999
1456292281.0,143e78de,0.999
1456292281.0,8f313f44,1.019
1456292281.0,631aa32c,0.959
1456292281.0,26f14416,0.979
1456292281.0,a7a6c781,0.999
1456292281.0,259e7e2b,0.999
1456292281.0,32cdea2d,1.019
1456292281.0,57881875,1.019
1456292281.0,ce405060,1.029
1456292281.0,bb23fbe2,1.029
1456292281.0,a8f01af7,0.999
1456292281.0,aa3a4a0b,0.984
1456292281.0,147d3858,1.039
1456292281.0,1c2ecd95,1.029
1456292281.0,20021fca,0.999
1456292281.0,88b90de7,1.019
1456292281.0,ed8a5a8a,0.989
1456292281.0,2212e6eb,1.019
1456292281.0,cdf74228,0.999
1456292281.0,9ce4798d,1.039
1456292281.0,d51ef3f5,1.029
1456292281.0,b30ca48e,1.059
1456292281.0,946a6eb2,1.009
1456292281.0,9121921b,1.039
1456292281.0,841961d9,0.999
1456292281.0,,1.009
1456292281.0,344ab5b8,1.019
1456292281.0,a6a91c87,1.009
1456292281.0,12967a7f,1.019
1456292281.0,fb46bd6e,1.029
1456292281.0,f847749e,0.979
1456292281.0,02c0b252,0.989
1456292281.0,98e9a25d,0.999
1456292281.0,f625efde,1.029
1456292281.0,59182828,1.009
1456292281.0,1b7b3aab,0.969
1456292281.0,8309ecb0,1.019
1456292281.0,8cdff641,0.989
1456292281.0,bbc65417,0.999
1456292281.0,18175a0a,1.019
1456292281.0,08c3c4e6,1.009
1456292281.0,48d21f5a,0.999
1456292281.0,dc080c47,1.039
1456292281.0,8ff83a00,1.049
1456292281.0,be70fae4,0.989
1456292281.0,8576f4a6,0.989
1456292281.0,586ea323,0.999
1456292281.0,8b0687ba,1.039
1456292281.0,f98eae96,1.009
1456292281.0,615f2b40,1.019
1456292281.0,db26ca9c,1.039
1456292281.0,363fd593,0.999
1456292281.0,558fc57e,1.029
1456292281.0,443ddb72,1.019
1456292281.0,b2b44530,0.999
1456292281.0,8b0d5192,0.989
1456292281.0,b1eee7a8,0.989
1456292281.0,63cbf4ee,0.989
1456292281.0,90bdfe5b,0.979
1456292281.0,c19f6b7f,0.989
1456292281.0,d0e41b74,1.089
1456292281.0,dd4af19d,1.019
1456292281.0,a9050e49,0.999
1456292281.0,102821f8,1.029
1456292281.0,4ea58ef3,0.949
1456292281.0,30ac5a0c,1.009
1456292281.0,346ffe81,1.019
1456292281.0,e9187171,1.019
1456292281.0,4263f1be,1.009
1456292281.0,f5a51e57,1.019
1456292281.0,b706633d,1.009
1456292281.0,9720bdd7,1.019
1456292281.0,9c269747,0.989
1456292281.0,dbb88534,0.989
1456292281.0,f9580460,0.979
1456292281.0,d0465699,1.009
1456292281.0,b5d935e1,0.999
1456292281.0,535e45c7,0.989
1456292281.0,82962945,1.039
1456292281.0,2dff1380,0.999
1456292281.0,1c551e1f,1.039
1456292281.0,f4aa351e,1.019
1456292281.0,e22b9886,0.999
1456292281.0,a664a217,0.969
1456292281.0,36098a3a,0.989
1456292281.0,710d9693,0.999
1456292281.0,266713de,0.999
1456292281.0,612d4614,0.999
1456292281.0,a35aac09,1.019
1456292281.0,c17eb923,0.989
1456292281.0,d47660a6,1.059
1456292281.0,d63e056b,1.019
1456292281.0,aeb12459,0.959
1456292281.0,5e128c51,0.999
1456292281.0,2844ce37,0.929
1456292281.0,2d9544f4,0.939
1456292281.0,a3b115d1,1.029
1456292281.0,62d0fb5f,1.039
1456292281.0,a4b11e87,0.999
1456292281.0,3983dfd0,1.019
1456292281.0,994a98f2,0.989
1456292281.0,1168f57c,1.039
1456292281.0,3eaf47de,1.029
1456292281.0,ded69fbb,1.029
1456292281.0,afc2b240,0.989
1456292281.0,fbcaa7f6,0.989
1456292281.0,07e15eec,0.989
1456292281.0,5ed7343e,1.039
1456292281.0,b25b4ab0,1.019
1456292281.0,812e609b,0.959
1456292281.0,3b2ce948,1.029
1456292281.0,80049eb4,1.039
1456292281.0,64bb101c,0.989
1456292281.0,7858e931,1.009
1456292281.0,6decf6c4,1.009
1456292281.0,b63aab01,1.009
1456292281.0,b1d84f35,1.009
1456292281.0,5629e39c,1.029
1456292281.0,b1eebb11,1.019
1456292281.0,98a7af6d,0.999
1456292281.0,7c6a2023,1.009
1456292281.0,d9a504fe,0.999
1456292281.0,a59acdf3,0.999
1456292281.0,38b9ab66,0.999
1456292281.0,bc58fcd6,1.019
1456292281.0,3b9afeb7,0.959
1456292281.0,ba7cab9b,1.119
1456292281.0,ba7d4f54,1.009
1456292281.0,886129d6,1.019
1456292281.0,e8a69269,1.019
1456292281.0,bfd9d768,0.999
1456292281.0,6f92e401,1.009
1456292281.0,16cd7944,0.999
1456292281.0,5ab833c5,1.019
1456292281.0,7ca6fc38,0.969
1456292281.0,4110a4d8,1.019
1456292281.0,4527646d,0.999
1456292281.0,566fa8fb,0.999
1456292281.0,f7f36fa4,1.029
1456292281.0,10c41b90,1.069
1456292281.0,42bfbcca,1.009
1456292281.0,850f168b,1.019
1456292281.0,da701b06,1.009
1456292281.0,9f816ba2,0.979
1456292281.0,,0.979
1456292281.0,9042df2b,1.149
1456292281.0,76e411f5,0.999
1456292281.0,669b7d94,1.009
1456292281.0,b7bf446d,0.979
1456292281.0,1b39d7f7,1.039
1456292281.0,40f78b64,1.039
1456292281.0,364c49b5,1.039
1456292281.0,1f1e08d5,1.019
1456292281.0,1d513400,1.029
1456292281.0,9e0e4f3e,1.019
1456292281.0,f84d3d37,1.019
1456292281.0,,1.129
1456292281.0,c002da7d,0.999
1456292281.0,ad4337a9,0.989
1456292281.0,16c01a01,1.009
1456292281.0,433a5787,0.989
1456292281.0,3c41d6ca,0.999
1456292281.0,1cd14b72,1.029
1456292281.0,36dc6ea5,0.979
1456292281.0,1ac2cf31,1.009
1456292281.0,c08d3d8e,0.979
1456292281.0,bf425f54,0.949
1456292281.0,b096f1e2,0.939
1456292281.0,519422ae,1.059
1456292281.0,da4f51da,1.029
1456292281.0,f6884200,1.129
1456292281.0,0463664c,0.999
1456292281.0,097d5277,1.019
1456292281.0,dd5107f2,1.029
1456292281.0,bc0ec46f,0.999
1456292281.0,ab01842d,1.019
1456292281.0,6f988429,1.019
1456292281.0,06e56593,1.009
1456292281.0,d305e9d3,1.009
1456292281.0,96d89e86,1.009
1456292281.0,6de5506e,1.009
1456292281.0,6bac3115,1.009
1456292281.0,7b9e5f97,1.029
1456292281.0,201b87a9,1.009
1456292281.0,7a03b89d,1.019
1456292281.0,cfb1df3e,0.999
1456292281.0,8f5cffb0,1.069
1456292281.0,3b609665,0.999
1456292281.0,faaa1fe7,1.039
1456292281.0,9f652a92,1.009
1456292281.0,ae5d2bb7,0.999
1456292281.0,022de539,0.999
1456292281.0,cb04d9ea,1.029
1456292281.0,1e13d4f8,0.999
1456292281.0,a0b4fcec,0.999
1456292281.0,eabcfe38,1.034
1456292281.0,2174c3f9,0.999
1456292281.0,48aac8e9,0.999
1456292281.0,e186001f,0.949
1456292281.0,726fb61b,1.009
1456292281.0,5ed50ecc,0.979
1456292281.0,3554bda4,0.999
1456292281.0,2dd4faf7,0.979
1456292281.0,a8154896,0.979
1456292281.0,0a3bb4b4,0.999
1456292281.0,88ebdb6d,0.969
1456292281.0,204d8d56,1.009
1456292281.0,753408e4,1.009
1456292281.0,997cbfdf,1.009
1456292281.0,662ae541,1.019
1456292281.0,3753e98b,0.999
1456292281.0,729dc678,1.019
1456292281.0,2eeb1496,0.999
1456292281.0,6f8ba6b1,0.959
1456292281.0,fe9c0e02,1.039
1456292281.0,84c3c7a8,0.999
1456292281.0,2b797ecc,1.029
1456292281.0,ba35e551,1.059
1456292281.0,c1a93b91,1.009
1456292281.0,92f81808,1.039
1456292281.0,1484001b,0.969
1456292281.0,7433201e,0.989
1456292281.0,c1921151,1.009
1456292281.0,7aa37f95,0.999
1456292281.0,89aea340,0.999
1456292281.0,b3701dfd,1.019
1456292281.0,530cc62e,1.029
1456292281.0,ffa36ea0,0.999
1456292281.0,b572b144,1.009
1456292281.0,a4deb49e,1.009
1456292281.0,d606d463,1.049
1456292281.0,32fa34ed,1.039
1456292281.0,234744ea,0.999
1456292281.0,4ca2fd5f,0.989
1456292281.0,15566f60,1.159
1456292281.0,506b3cd1,1.009
1456292281.0,779b5eda,0.999
1456292281.0,7163665c,1.019
1456292281.0,f06281fb,1.009
1456292281.0,72d26b77,1.039
1456292281.0,87856e5d,1.059
1456292281.0,ddeeda43,1.099
1456292281.0,fff1f639,0.989
1456292281.0,897af169,1.039
1456292281.0,f91506c7,1.009
1456292281.0,a202f414,0.949
1456292281.0,6459c68c,1.089
1456292281.0,a76feaa2,1.009
1456292281.0,4bbcb4db,0.999
1456292281.0,162fc7b8,1.019
1456292281.0,47647d8f,1.009
1456292281.0,b8563039,1.019
1456292281.0,85813afe,1.179
1456292281.0,b8461f7b,0.989
1456292281.0,e78a8608,1.089
1456292281.0,63111fa6,1.029
1456292281.0,82f98249,0.989
1456292281.0,02202a18,0.989
1456292281.0,0fc58d33,0.989
1456292281.0,3fdc528a,1.029
1456292281.0,edc52f30,1.099
1456292281.0,26056533,1.009
1456292281.0,779d347d,0.999
1456292281.0,ef29f3a1,0.989
1456292281.0,ce6b83b7,1.049
1456292281.0,0d779f5e,1.039
1456292281.0,e8659100,1.009
1456292281.0,00496bce,0.969
1456292281.0,a12b880b,0.999
1456292281.0,a1dd080e,1.059
1456292281.0,9e7d95ec,1.019
1456292281.0,4b14d7f0,1.019
1456292281.0,b4e0667f,1.009
1456292281.0,36f30de6,0.989
1456292281.0,ed996a11,1.019
1456292281.0,368b0430,0.999
1456292281.0,1cc005a8,0.989
1456292281.0,a0bc57ce,1.029
1456292281.0,75290178,0.999
1456292281.0,353d2391,1.009
1456292281.0,ddaa5083,0.989
1456292281.0,682730ca,0.999
1456292281.0,4e0db6e7,0.969
1456292281.0,23e2d722,0.989
1456292281.0,bb091511,1.039
1456292281.0,2f70ad86,1.059
1456292281.0,0c1335db,0.999
1456292281.0,4579a85c,1.019
1456292281.0,e06480d6,0.909
1456292281.0,8536a14e,0.979
1456292281.0,e0c1778e,0.989
1456292281.0,cfc7df71,1.009
1456292281.0,39040b75,1.019
1456292281.0,dc7739ef,1.039
1456292281.0,c706a4de,0.999
1456292281.0,2e64cc2e,1.019
1456292281.0,687fc892,0.969
1456292281.0,f2ef7300,0.989
1456292281.0,64d06130,1.059
1456292281.0,9fdff1e2,1.019
1456292281.0,76b10566,0.999
1456292281.0,0c03d863,1.009
1456292281.0,aa0cc0ae,1.039
1456292281.0,204dbdb0,0.949
1456292281.0,317cd4e0,0.989
1456292281.0,7929baa2,1.009
1456292281.0,5efe6620,0.989
1456292281.0,53da2dce,1.039
1456292281.0,be031347,1.019
1456292281.0,35e384e6,1.019
1456292281.0,8444156b,1.009
1456292281.0,75aa9617,1.039
1456292281.0,d14573c7,0.989
1456292281.0,c38e01fd,1.009
1456292281.0,1196a7d8,1.009
1456292281.0,9ab966b7,0.999
1456292281.0,c4eb2874,1.009
1456292281.0,bd396f56,1.019
1456292281.0,901e7c74,1.029
1456292281.0,5ac0914e,1.039
1456292281.0,36294039,0.939
1456292281.0,aea5cadc,0.999
1456292281.0,e532f970,0.999
1456292281.0,30cf0bb4,1.029
1456292281.0,ce40795f,1.039
1456292281.0,76d6a2a2,1.009
1456292281.0,e1eebe52,1.029
1456292281.0,49ea8294,1.019
1456292281.0,4158664a,1.009
1456292281.0,d5be29d1,1.159
1456292281.0,a3b4b0af,1.009
1456292281.0,13e237c2,1.009
1456292281.0,f19e24dc,1.039
1456292281.0,7d502fbb,0.999
1456292281.0,9e80e5e2,1.009
1456292281.0,1948ba16,1.019
1456292281.0,e8780170,1.019
1456292281.0,558f57a1,1.029
1456292281.0,539e7513,0.999
1456292281.0,c1a5c3a6,0.969
1456292281.0,f47e8638,0.989
1456292281.0,73086606,1.009
1456292281.0,ad29f10c,1.049
1456292281.0,86e12f55,1.009
1456292281.0,b6d22753,1.009
1456292281.0,a6a9676b,1.039
1456292281.0,42aa3fce,1.039
1456292281.0,95256814,0.999
1456292281.0,e5232a6c,0.989
1456292281.0,2f6edad9,1.019
1456292281.0,220f070d,1.129
1456292281.0,69e811f1,1.039
1456292281.0,6bbab4fd,1.029
1456292281.0,4829f4f6,1.029
1456292281.0,18cc7b01,0.999
1456292281.0,f48ed1d8,0.999
1456292281.0,b5935794,1.009
1456292281.0,ba76fc84,1.019
1456292281.0,f8f041cb,1.019
1456292281.0,433cd102,0.989
1456292281.0,194f69ab,0.939
1456292281.0,fe4b1f4a,1.019
1456292281.0,47bf3acc,0.999
1456292281.0,0f200738,0.999
1456292281.0,b45fce81,0.989
1456292281.0,069e66bc,0.989
1456292281.0,d285af63,0.979
1456292281.0,98996c98,0.949
1456292281.0,3784589f,0.999
1456292281.0,5afecce4,1.039
1456292281.0,5a3f99e3,0.999
1456292281.0,2b91338d,0.979
1456292281.0,74b6c8cb,1.049
1456292281.0,8337e967,1.099
1456292281.0,2358eb9a,1.019
1456292281.0,6ca7f7c5,1.019
1456292281.0,6d257c8c,1.009
1456292281.0,aea7ec1f,0.999
1456292281.0,eaff9064,1.019
1456292281.0,242eb552,0.999
1456292281.0,0bcef4ad,0.959
1456292281.0,f0d226b8,0.989
1456292281.0,256e2f5b,1.159
1456292281.0,6aa930e9,0.939
1456292281.0,62bd758c,0.969
1456292281.0,17e982d2,1.009
1456292281.0,f13a2469,1.019
1456292281.0,dda65020,0.999
1456292281.0,b8fe6383,1.039
1456292281.0,3f2c1a7b,0.989
1456292281.0,476429df,1.029
1456292281.0,78565e39,1.019
1456292281.0,f92bdf7c,1.059
1456292281.0,ea0a7462,0.989
1456292281.0,ccbd9cdd,0.969
1456292281.0,9f82b029,1.009
1456292281.0,c99b3a87,1.019
1456292281.0,a9ba3d99,0.999
1456292281.0,b598078e,1.009
1456292281.0,6fe947de,0.999
1456292281.0,91211c7b,0.999
1456292281.0,5f4d5496,1.029
1456292281.0,e05f9010,1.009
1456292281.0,dea2eca4,1.019
1456292281.0,8e38dad0,0.989
1456292281.0,955c334e,1.009
1456292281.0,94df3c4a,1.009
1456292281.0,fc086bfa,1.009
1456292281.0,8841cebf,0.999
1456292281.0,7eb51d57,1.039
1456292281.0,fa5f29ac,1.039
1456292281.0,48194f3c,1.159
1456292281.0,a74e1057,1.039
1456292281.0,124a48e9,1.019
1456292281.0,,0.949
1456292281.0,4900212f,1.019
1456292281.0,56a0a7dc,0.999
1456292281.0,22491a38,0.999
1456292281.0,6b47dc33,0.999
1456292281.0,5594ce0b,0.999
1456292281.0,469d3f8c,0.999
1456292281.0,0955d064,1.009
1456292281.0,baff6152,1.039
1456292281.0,1636f44a,1.019
1456292281.0,fe407811,1.059
1456292281.0,8c4f6021,1.029
1456292281.0,776d441b,1.019
1456292281.0,9b4458a3,0.999
1456292281.0,888142ae,1.039
1456292281.0,1b10d043,1.049
1456292281.0,0ff89a05,1.039
1456292281.0,7a0f0cd4,1.009
1456292281.0,c96b90cb,1.019
1456292281.0,0028e6e8,0.999
1456292281.0,c6f99584,1.009
1456292281.0,13596539,0.989
1456292281.0,9557f893,1.019
1456292281.0,6b248588,0.999
1456292281.0,b136a71d,0.979
1456292281.0,3a3def5d,0.969
1456292281.0,b685ec66,1.029
1456292281.0,3089305b,0.999
1456292281.0,91fe985a,0.989
1456292281.0,99d09a30,1.019
1456292281.0,834e2670,0.999
1456292281.0,576c1f5f,1.029
1456292281.0,20931f17,1.039
1456292281.0,0a1ab9f7,0.999
1456292281.0,0fcb1a30,1.019
1456292281.0,b68ce153,1.009
1456292281.0,750bee8a,1.019
1456292281.0,7a875bfd,1.039
1456292281.0,f93a1db7,1.039
1456292281.0,a07d5f54,1.009
1456292281.0,e68575c0,1.079
1456292281.0,99144e06,1.039
1456292281.0,19fb2ffb,1.019
1456292281.0,e9f37fb2,1.009
1456292281.0,9514a2c3,0.959
1456292281.0,11c799de,0.999
1456292281.0,6334f8a6,1.029
1456292281.0,0b1eb29a,0.989
1456292281.0,b8b66437,1.019
1456292281.0,550a3986,0.939
1456292281.0,63f74b4d,1.009
1456292281.0,d00be129,1.009
1456292281.0,cf3dfe31,1.009
1456292281.0,33358700,0.999
1456292281.0,a3a8caec,0.999
1456292281.0,5bb89bd2,0.989
1456292281.0,57135983,1.039
1456292281.0,3fb5dad7,1.009
1456292281.0,24248782,0.989
1456292281.0,5763ef3b,0.999
1456292281.0,d2672082,0.989
1456292281.0,ecaab335,0.959
1456292281.0,c042fdd9,1.009
1456292281.0,129427de,0.929
1456292281.0,7423e9d0,0.999
1456292281.0,82c54482,1.009
1456292281.0,fd36fe3a,0.999
1456292281.0,583ed604,1.019
1456292281.0,61074f89,0.939
1456292281.0,6ebc2d88,0.969
1456292281.0,f625c166,0.979
1456292281.0,4f2ced03,1.119
1456292281.0,833241cf,0.999
1456292281.0,5b1fabef,0.989
1456292281.0,3e8ffe66,0.989
1456292281.0,94b09940,0.999
1456292281.0,79ee5792,1.009
1456292281.0,dce99b82,1.049
1456292281.0,fc42b1f2,1.039
1456292281.0,809b9631,1.009
1456292281.0,ed46fdb9,0.989
1456292281.0,c07a946a,0.989
1456292281.0,7ad9dcdf,1.019
1456292281.0,2fab73d2,0.949
1456292281.0,c2fe2847,0.989
1456292521.0,46d16433,1.009
1456292521.0,684b2be8,1.009
1456292521.0,56808aa1,0.999
1456292521.0,85b657da,0.959
1456292521.0,a4d63014,0.959
1456292521.0,0e18520c,0.999
1456292521.0,75c1b174,0.999
1456292521.0,7b247260,0.979
1456292521.0,19284bc1,1.009
1456292521.0,838d5c60,0.969
1456292521.0,acf24033,1.039
1456292521.0,74b270e2,1.039
1456292521.0,e77100d2,1.139
1456292521.0,3f2ba968,0.989
1456292521.0,e85f8007,0.999
1456292521.0,472cc7af,0.979
1456292521.0,,0.999
1456292521.0,0feab2d6,0.999
1456292521.0,8b42f488,1.029
1456292521.0,ceefde2a,1.009
1456292521.0,,0.999
1456292521.0,43bfc6b5,1.009
1456292521.0,f38a8116,1.009
1456292521.0,79957fd7,1.079
1456292521.0,e3635092,0.979
1456292521.0,be6a8603,1.019
1456292521.0,097b0d22,0.979
1456292521.0,d10d6c8d,1.029
1456292521.0,bb3f103e,1.009
1456292521.0,4b229f4e,1.009
1456292521.0,13b8b105,0.999
1456292521.0,6a9a24d9,1.009
1456292521.0,2f89ceb2,0.929
1456292521.0,f10a7896,1.009
1456292521.0,f4ba9484,1.169
1456292521.0,efacbc65,0.969
1456292521.0,1543d7ff,0.979
1456292521.0,139cc5da,1.019
1456292521.0,3e301f60,1.039
1456292521.0,7b635a74,0.939
1456292521.0,86a500f1,0.989
1456292521.0,829bd977,0.989
1456292521.0,3fcb4cf6,1.009
1456292521.0,6a686e72,0.999
1456292521.0,e37ae88a,0.999
1456292521.0,c875251d,1.029
1456292521.0,cb4c397b,1.039
1456292521.0,5ef14445,1.019
1456292521.0,8be22ce1,1.039
1456292521.0,aa5b4d9a,0.989
1456292521.0,34021125,1.009
1456292521.0,55c2b2eb,0.989
1456292521.0,1b3326f2,1.019
1456292521.0,d367f64c,0.999
1456292521.0,b961310a,1.039
1456292521.0,7a018377,1.009
1456292521.0,ad7b7c05,1.019
1456292521.0,b3141223,1.019
1456292521.0,e7b24018,0.979
1456292521.0,29f0b62e,0.939
1456292521.0,6437efd0,0.979
1456292521.0,cc6976b2,1.009
1456292521.0,a55049e5,0.999
1456292521.0,b79612a4,0.999
1456292521.0,85e51241,1.009
1456292521.0,35dcdb61,1.029
1456292521.0,f8e15df3,1.009
1456292521.0,5ca5b340,1.029
1456292521.0,06a21d8f,1.029
1456292521.0,ab89240b,0.999
1456292521.0,e8aac149,1.019
1456292521.0,4b757a5a,0.999
1456292521.0,3afb0fab,1.029
1456292521.0,3bbe7509,1.009
1456292521.0,eda8c21c,0.979
1456292521.0,1e85ec4f,1.029
1456292521.0,980d97ef,0.999
1456292521.0,1fcd9128,0.959
1456292521.0,859fc025,0.979
1456292521.0,dcb4f731,0.999
1456292521.0,a9ff2f34,0.999
1456292521.0,bd469a6d,0.999
1456292521.0,31f5cac5,1.019
1456292521.0,70c08251,1.009
1456292521.0,b0a6c8a3,0.959
1456292521.0,4d1eb476,0.969
1456292521.0,139724a5,0.959
1456292521.0,ec4683cf,1.059
1456292521.0,1d5cb0e7,0.949
1456292521.0,e01507d6,1.039
1456292521.0,79c94d83,1.009
1456292521.0,98d8fb7a,0.999
1456292521.0,23b2b0b7,0.989
1456292521.0,f0dde5e2,1.009
1456292521.0,f6d9b461,0.979
1456292521.0,f32fed85,1.009
1456292521.0,16b0be39,1.019
1456292521.0,0108f899,0.999
1456292521.0,dd5271ec,1.099
1456292521.0,f4098695,1.059
1456292521.0,219ec5d8,1.009
1456292521.0,2a8db2e4,1.009
1456292521.0,b69db0fc,1.029
1456292521.0,35e9dc97,1.059
1456292521.0,8eef6c32,0.999
1456292521.0,e01a7247,1.009
1456292521.0,521b2ae0,1.039
1456292521.0,6259b60b,1.009
1456292521.0,f46401d5,1.039
1456292521.0,085661ca,1.009
1456292521.0,8b7a46ae,0.959
1456292521.0,abac441c,1.029
1456292521.0,6aba67c5,0.989
1456292521.0,b916d3a8,0.949
1456292521.0,8d87181e,1.009
1456292521.0,3589a5bc,0.999
1456292521.0,0b069a72,1.019
1456292521.0,4c08fdd1,1.029
1456292521.0,,1.019
1456292521.0,c14319fd,0.989
1456292521.0,f4e77bcd,1.019
1456292521.0,e8c6402f,0.999
1456292521.0,2ec1652c,0.989
1456292521.0,d15de565,1.019
1456292521.0,19677f59,1.009
1456292521.0,c290b93a,0.969
1456292521.0,8aaabcb9,0.979
1456292521.0,2d4023ea,0.999
1456292521.0,3cfdda94,0.969
1456292521.0,612ed46e,1.019
1456292521.0,71fdd7b4,1.029
1456292521.0,1efc20ca,0.999
1456292521.0,3a316bec,0.969
1456292521.0,85f13a6c,1.009
1456292521.0,c9cc0c6b,1.009
1456292521.0,aade08a5,0.999
1456292521.0,3b561556,1.009
1456292521.0,c3450ec5,0.999
1456292521.0,dd14d9c0,1.089
1456292521.0,2203788b,1.019
1456292521.0,f43bc6b9,1.019
1456292521.0,61da3eca,0.979
1456292521.0,acbfa560,1.009
1456292521.0,d20d5219,0.969
1456292521.0,25a36592,0.999
1456292521.0,313e84fe,0.939
1456292521.0,0dc5ec60,1.039
1456292521.0,4d7d95fb,0.989
1456292521.0,54b567d4,1.009
1456292521.0,,1.009
1456292521.0,14b2ac02,1.009
1456292521.0,34b00dee,0.979
1456292521.0,f9466962,1.009
1456292521.0,a441d45c,0.999
1456292521.0,5773d9f5,1.039
1456292521.0,78c4502d,1.009
1456292521.0,edf38f90,1.029
1456292521.0,d1bfa6c5,1.009
1456292521.0,5e86ff24,0.959
1456292521.0,70be42f6,0.989
1456292521.0,bdd20cc3,1.009
1456292521.0,224db9ea,0.999
1456292521.0,f4387d6e,1.009
1456292521.0,a37cd3e6,1.009
1456292521.0,860dceaa,0.989
1456292521.0,5aa76680,0.999
1456292521.0,3ae75c74,1.029
1456292521.0,7001785d,1.039
1456292521.0,29626b91,0.979
1456292521.0,4c0e3547,0.979
1456292521.0,eaa7c105,0.969
1456292521.0,3275ca99,0.999
1456292521.0,7bdc8aa9,0.949
1456292521.0,6ac179bc,0.979
1456292521.0,4442e246,0.949
1456292521.0,da28f05d,0.979
1456292521.0,238e8285,0.939
1456292521.0,c31f354d,0.969
1456292521.0,fe45add5,0.999
1456292521.0,0a60aaba,1.059
1456292521.0,d1118ca6,1.009
1456292521.0,afafdf69,0.979
1456292521.0,93a0a521,1.024
1456292521.0,8b3f44b0,1.029
1456292521.0,a9a62b06,0.999
1456292521.0,8068124c,1.019
1456292521.0,2e518aaf,0.979
1456292521.0,d36f6c02,1.069
1456292521.0,80340164,1.019
1456292521.0,b083b74e,1.029
1456292521.0,1df9dc01,0.999
1456292521.0,3563be5a,0.999
1456292521.0,e371c619,1.079
1456292521.0,57b28a51,0.969
1456292521.0,2e175fc6,0.999
1456292521.0,cf4759e8,1.019
1456292521.0,4c1f6a89,1.049
1456292521.0,ebef875b,0.989
1456292521.0,a5647053,1.039
1456292521.0,1ddd2ac0,0.989
1456292521.0,1fce6706,0.989
1456292521.0,ae5da76e,0.979
1456292521.0,45731ab8,0.939
1456292521.0,f93d7536,0.999
1456292521.0,24ee36a0,0.999
1456292521.0,0220896d,1.009
1456292521.0,1c043412,0.989
1456292521.0,06eb2140,1.029
1456292521.0,da0a00ad,1.019
1456292521.0,1493c496,1.009
1456292521.0,95be41d3,0.939
1456292521.0,09cfdaed,1.009
1456292521.0,391179ed,1.009
1456292521.0,74ddd640,1.179
1456292521.0,79555dbb,0.979
1456292521.0,cd2bd6ee,1.099
1456292521.0,b4094a10,0.989
1456292521.0,e55033ae,1.029
1456292521.0,f529efe8,0.999
1456292521.0,486e56d0,0.989
1456292521.0,4b7e86ba,1.039
1456292521.0,08c3c4e6,1.009
1456292521.0,fbcad1cd,0.989
1456292521.0,2bcfc668,0.969
1456292521.0,16a9ef92,1.009
1456292521.0,dc4b8ae9,1.029
1456292521.0,24e573e4,0.999
1456292521.0,3621af3f,0.989
1456292521.0,e70bbd05,1.009
1456292521.0,6027b071,0.989
1456292521.0,3f3da6de,1.019
1456292521.0,44565663,0.999
1456292521.0,bd5e0804,0.999
1456292521.0,ec2af182,1.019
1456292521.0,d6485ff3,0.999
1456292521.0,4da65c5a,0.999
1456292521.0,1a45c6ef,0.989
1456292521.0,85edb580,0.999
1456292521.0,2c93cd27,1.009
1456292521.0,1dbcc94c,0.999
1456292521.0,256da341,0.989
1456292521.0,4ea58ef3,0.939
1456292521.0,5908f0ae,1.179
1456292521.0,7aa8077e,0.999
1456292521.0,17bc7e07,0.999
1456292521.0,32065a23,0.979
1456292521.0,f649936e,1.019
1456292521.0,32aa70e6,1.039
1456292521.0,bf6500cb,0.979
1456292521.0,f37029f1,0.999
1456292521.0,1e0f5f03,0.979
1456292521.0,e4de6238,1.039
1456292521.0,8b3b52bb,0.999
1456292521.0,6727ef58,1.089
1456292521.0,97c2b006,0.999
1456292521.0,76e0e2ad,0.999
1456292521.0,e8befa14,1.019
1456292521.0,ee4163c1,0.999
1456292521.0,2ed18a58,1.009
1456292521.0,774ee61f,1.029
1456292521.0,3bc88d25,1.019
1456292521.0,2451ec23,0.999
1456292521.0,c960300b,0.999
1456292521.0,90789f94,0.989
1456292521.0,fb6a534f,0.999
1456292521.0,2c9d609d,1.009
1456292521.0,a5b2040e,1.029
1456292521.0,aa65bfee,1.009
1456292521.0,0d0f23bd,1.069
1456292521.0,5fc4c82d,1.099
1456292521.0,7b0e8c8c,0.999
1456292521.0,60ad081f,1.039
1456292521.0,6c0b296e,1.009
1456292521.0,ab473015,1.029
1456292521.0,284b19f5,1.009
1456292521.0,457e579e,1.008
1456292521.0,31a9b6e7,1.009
1456292521.0,004e3e89,1.039
1456292521.0,3f896bf8,0.979
1456292521.0,45dbb997,0.989
1456292521.0,307b02ce,1.009
1456292521.0,90a018b4,0.999
1456292521.0,c33a7e9f,1.009
1456292521.0,ff19a228,1.019
1456292521.0,d54da67a,0.969
1456292521.0,1a3b21e0,1.019
1456292521.0,88ec76d7,1.019
1456292521.0,c629a598,1.039
1456292521.0,26a6aed5,0.999
1456292521.0,5fd232c2,0.989
1456292521.0,d473e239,0.989
1456292521.0,51bb4991,1.019
1456292521.0,a100fb36,1.009
1456292521.0,59d4a720,0.999
1456292521.0,795efed5,0.989
1456292521.0,baef0398,1.009
1456292521.0,6d3f757f,0.999
1456292521.0,ed23637d,0.989
1456292521.0,e2eeab30,0.959
1456292521.0,b806e359,0.939
1456292521.0,519422ae,0.959
1456292521.0,7d36a759,0.989
1456292521.0,fdf7f420,0.989
1456292521.0,b342eb0d,1.039
1456292521.0,fd278e66,1.009
1456292521.0,8ef380b6,1.019
1456292521.0,d64dcb15,1.019
1456292521.0,5be837d4,1.059
1456292521.0,0f24e30a,1.009
1456292521.0,444fc3ef,1.049
1456292521.0,b9c86ec7,1.039
1456292521.0,b5e27e69,0.989
1456292521.0,2b57a135,0.939
1456292521.0,35825f4b,1.019
1456292521.0,2092821a,1.009
1456292521.0,b6a10cdf,0.989
1456292521.0,61ebbc40,0.989
1456292521.0,,1.009
1456292521.0,ed5d3dbd,1.059
1456292521.0,da9d831f,0.999
1456292521.0,3f20997c,0.999
1456292521.0,a1e08fd2,0.969
1456292521.0,603bc731,1.009
1456292521.0,9bf3cbf5,1.019
1456292521.0,5cb012ef,1.019
1456292521.0,be572aa5,0.999
1456292521.0,8e68c7c0,1.039
1456292521.0,115ba3fe,1.009
1456292521.0,6105a562,0.999
1456292521.0,8662df6b,1.029
1456292521.0,90a21c47,1.029
1456292521.0,f7f8ab67,1.009
1456292521.0,e4b0bd20,0.944
1456292521.0,09d90f95,0.969
1456292521.0,d45b556e,0.999
1456292521.0,f5268ec9,1.059
1456292521.0,ec433832,0.969
1456292521.0,fab361d0,1.019
1456292521.0,dec55aa1,1.019
1456292521.0,43556abc,1.019
1456292521.0,5ec2ab05,0.959
1456292521.0,15629b2c,1.039
1456292521.0,,1.059
1456292521.0,e9b0a748,1.009
1456292521.0,f8d71c41,1.019
1456292521.0,,0.949
1456292521.0,f85abf7d,0.989
1456292521.0,9004f49d,1.019
1456292521.0,0ec71297,0.999
1456292521.0,6514f251,0.999
1456292521.0,f1bb9540,1.019
1456292521.0,74311576,0.999
1456292521.0,1464ac8a,0.969
1456292521.0,4e8aa2e9,1.009
1456292521.0,d5022b7f,0.999
1456292521.0,8087a244,0.989
1456292521.0,ff49e52d,0.999
1456292521.0,b7752118,0.999
1456292521.0,be5dd10f,1.009
1456292521.0,684e26a4,1.149
1456292521.0,8c24cc40,1.009
1456292521.0,a0df1a9c,1.029
1456292521.0,9ec0aefd,1.029
1456292521.0,ffacc137,1.009
1456292521.0,849a27f2,1.009
1456292521.0,e6176ad3,0.999
1456292521.0,531e3a5e,1.029
1456292521.0,,0.999
1456292521.0,63645f4e,0.999
1456292521.0,5e5886b8,0.999
1456292521.0,bdc12d8e,1.039
1456292521.0,dea57116,1.009
1456292521.0,b0cbad3f,1.069
1456292521.0,900b80b7,1.059
1456292521.0,b2a8f247,0.989
1456292521.0,46e5123e,0.999
1456292521.0,f5774e0e,0.999
1456292521.0,7718e2fa,1.009
1456292521.0,4a590311,0.979
1456292521.0,161965e7,0.969
1456292521.0,ae0c09ce,1.029
1456292521.0,9636dbe4,0.999
1456292521.0,10adc414,1.169
1456292521.0,e600cf0f,0.979
1456292521.0,5553d199,0.989
1456292521.0,c07854c5,0.959
1456292521.0,a3932df8,1.019
1456292521.0,4438eb3c,0.989
1456292521.0,5fb402ee,0.999
1456292521.0,68389c7f,1.009
1456292521.0,d1b1547c,1.019
1456292521.0,d487951e,1.049
1456292521.0,3b1a99c0,0.979
1456292521.0,6ce97072,1.019
1456292521.0,7e7117c5,1.019
1456292521.0,dde85d42,0.989
1456292521.0,883f2551,0.999
1456292521.0,34cd760d,0.999
1456292521.0,6cacebf5,1.019
1456292521.0,935b74b4,1.029
1456292521.0,df95008a,0.979
1456292521.0,ac02a968,0.989
1456292521.0,cfaa81ec,1.014
1456292521.0,0339cb93,1.019
1456292521.0,88977ce9,0.999
1456292521.0,d010f6f4,0.979
1456292521.0,034c5ff6,0.999
1456292521.0,6f1953ac,0.999
1456292521.0,c7922998,1.009
1456292521.0,d0e10ca9,1.019
1456292521.0,39261c92,0.999
1456292521.0,bfce3f9b,1.019
1456292521.0,5edb91a5,1.009
1456292521.0,64bc8569,0.989
1456292521.0,0fcc99fa,1.059
1456292521.0,308408ca,0.979
1456292521.0,5dcd5582,0.999
1456292521.0,682145e8,0.999
1456292521.0,8dc0342e,0.999
1456292521.0,fdda2a1f,1.039
1456292521.0,0a48df72,1.009
1456292521.0,a03824da,1.009
1456292521.0,621f191f,1.029
1456292521.0,db3cd271,0.949
1456292521.0,bf20d0c1,1.009
1456292521.0,5fede4f0,0.969
1456292521.0,220f070d,0.979
1456292521.0,49119bd2,0.989
1456292521.0,26a56374,0.979
1456292521.0,f9befed0,1.039
1456292521.0,f82bf8c5,0.989
1456292521.0,54cd733f,1.029
1456292521.0,48a1176e,1.009
1456292521.0,2eb47ed3,0.989
1456292521.0,792ef841,1.009
1456292521.0,8c5ae0bd,1.039
1456292521.0,5fc37dfd,1.029
1456292521.0,337484f4,0.989
1456292521.0,542fbb56,1.009
1456292521.0,a3b8eb3b,0.979
1456292521.0,ece022de,1.019
1456292521.0,06282a1f,1.089
1456292521.0,3463f37f,1.009
1456292521.0,7a9373b8,1.009
1456292521.0,b9cdf061,1.029
1456292521.0,3adfecf0,0.969
1456292521.0,ebe777f4,0.989
1456292521.0,04b38cb5,0.959
1456292521.0,216f7e87,1.009
1456292521.0,5037ab0b,1.029
1456292521.0,a0f41fbb,1.009
1456292521.0,77f8c9fe,0.999
1456292521.0,a3e519bb,1.029
1456292521.0,afa9e686,0.989
1456292521.0,4d47a676,1.009
1456292521.0,07f1bf63,0.999
1456292521.0,53668235,0.999
1456292521.0,a7eeba86,0.989
1456292521.0,2385c761,0.989
1456292521.0,2c882c96,1.039
1456292521.0,ac12c84c,1.019
1456292521.0,f4ec92d7,0.999
1456292521.0,,0.989
1456292521.0,73b03911,1.009
1456292521.0,43396ca7,1.029
1456292521.0,d5c78a9b,0.999
1456292521.0,51aab8d5,0.999
1456292521.0,ccbd9cdd,0.969
1456292521.0,1b2716b3,0.989
1456292521.0,f290a992,0.979
1456292521.0,c9e84600,0.959
1456292521.0,d3a7aabc,0.979
1456292521.0,fbe424bb,0.999
1456292521.0,ac6ccf5d,0.999
1456292521.0,e0e02d9a,0.979
1456292521.0,b8705ff2,0.979
1456292521.0,6cbdfb78,0.979
1456292521.0,ae30d7e3,0.969
1456292521.0,dfa90483,0.979
1456292521.0,1d6f1deb,0.979
1456292521.0,56ea4a71,0.979
1456292521.0,6e1a006b,0.979
1456292521.0,803beab6,0.979
1456292521.0,d1bc0e20,0.979
1456292521.0,9d948dce,0.989
1456292521.0,7f1371b6,0.989
1456292521.0,22ac7d75,0.989
1456292521.0,3f48f52e,0.989
1456292521.0,92eaccdc,0.979
1456292521.0,5a549ff7,0.979
1456292521.0,16fa63dc,0.989
1456292521.0,238f3319,0.979
1456292521.0,5df9b393,0.989
1456292521.0,3fa722ab,0.959
1456292521.0,27282b70,0.979
1456292521.0,8c7add3d,0.979
1456292521.0,d2e84b49,0.969
1456292521.0,ea2f710b,1.019
1456292521.0,2e474264,0.989
1456292521.0,44c15478,0.989
1456292521.0,0a194365,0.999
1456292521.0,c5cfc7a6,1.179
1456292521.0,ccdbe1c1,0.999
1456292521.0,a53100f4,0.989
1456292521.0,b4a13ec7,1.049
1456292521.0,3d6503e3,0.999
1456292521.0,716fcfe5,1.019
1456292521.0,435e7b69,1.039
1456292521.0,f42ca072,1.029
1456292521.0,,1.014
1456292521.0,3965f1ec,1.029
1456292521.0,241c63b0,1.059
1456292521.0,982daa57,1.039
1456292521.0,3168ab53,0.969
1456292521.0,107a6769,1.029
1456292521.0,661e8c68,0.999
1456292521.0,75e0a1f1,0.999
1456292521.0,152f6019,0.979
1456292521.0,87d1caf0,0.999
1456292521.0,7121a112,0.999
1456292521.0,741f3aab,1.019
1456292521.0,38f029e2,1.029
1456292521.0,887a8518,1.019
1456292521.0,67c5b01c,0.979
1456292521.0,f9294b46,1.019
1456292521.0,1bccc529,1.019
1456292521.0,e05d6984,0.959
1456292521.0,5be10874,1.019
1456292521.0,896245aa,1.099
1456292521.0,f36918b0,0.989
1456292521.0,9170b9cb,1.029
1456292521.0,c7df12d5,1.019
1456292521.0,574bc6fc,1.089
1456292521.0,c4906344,1.019
1456292521.0,f2e88219,0.989
1456292521.0,b2e5f301,1.009
1456292521.0,e4f15ee0,0.999
1456292521.0,10603241,1.009
1456292521.0,415c90aa,1.009
1456292521.0,652a7261,1.009
1456292521.0,1fb879cb,1.009
1456292521.0,93d44ba8,1.039
1456292521.0,1b7f7503,1.019
1456292521.0,19c8f617,1.009
1456292521.0,7f89e6f0,1.009
1456292521.0,4500efc2,0.989
1456292521.0,e1920309,0.959
1456292521.0,c39e2d3d,0.949
1456292521.0,881b7fb8,1.089
1456292521.0,f6694dbe,0.969
1456292521.0,e034bbd0,0.989
1456292521.0,ef38b8ce,1.039
1456292521.0,345d440e,0.989
1456292521.0,e0e8a55b,1.019
1456292521.0,248918d0,1.009
1456292521.0,23188c0a,1.069
1456292521.0,b48a36b2,0.979
1456292521.0,57c3de2f,0.989
1456292521.0,a489065a,1.019
1456292521.0,871f200d,0.989
1456292521.0,2e745c93,0.999
1456292521.0,f0fd118b,0.979
1456292521.0,0b37f4f1,0.969
1456292521.0,44f0df58,0.969
1456292521.0,14efadf9,0.979
1456292521.0,f7a225a7,0.989
1456292521.0,60b56507,1.039
1456292521.0,355f04dc,0.939
1456292761.0,07aa2817,0.999
1456292761.0,ea3de48b,1.009
1456292761.0,fd8acdfd,1.039
1456292761.0,c58eee91,0.959
1456292761.0,f59ac186,1.029
1456292761.0,52aa0343,0.989
1456292761.0,88693ceb,0.959
1456292761.0,0edac3f0,1.029
1456292761.0,de99c5f4,0.989
1456292761.0,b8c5de33,0.989
1456292761.0,5da50d00,1.009
1456292761.0,2426c149,0.999
1456292761.0,175bcea1,0.999
1456292761.0,417dc490,0.999
1456292761.0,ebd3c375,0.999
1456292761.0,d600dfb6,0.989
1456292761.0,6cfd795c,0.999
1456292761.0,50585854,1.009
1456292761.0,bb34b27f,0.989
1456292761.0,a2ab785a,0.979
1456292761.0,75c0c33d,0.969
1456292761.0,f131e26a,0.999
1456292761.0,304be57d,1.029
1456292761.0,71dd6cb9,1.019
1456292761.0,b524582e,0.999
1456292761.0,debd4594,1.009
1456292761.0,2d591431,0.989
1456292761.0,2c773ce0,0.989
1456292761.0,6473e25b,0.969
1456292761.0,8eea76a1,0.949
1456292761.0,d2f10be7,0.989
1456292761.0,f4eea80c,1.009
1456292761.0,8d7cf3c9,1.019
1456292761.0,2a00611c,0.999
1456292761.0,71f3b1d9,1.009
1456292761.0,d89ba291,0.949
1456292761.0,24e62803,0.999
1456292761.0,b6d33381,0.969
1456292761.0,c1772f1e,0.999
1456292761.0,13b8b105,0.989
1456292761.0,ac828437,1.019
1456292761.0,d89d5f83,0.989
1456292761.0,5d8a25e3,1.069
1456292761.0,461c1a45,0.989
1456292761.0,d0ecac7c,1.009
1456292761.0,a271e835,1.009
1456292761.0,73e5c32d,1.029
1456292761.0,89376981,0.999
1456292761.0,7af1a190,0.999
1456292761.0,1f6d15b5,1.029
1456292761.0,5c42d174,0.999
1456292761.0,008b0fac,0.999
1456292761.0,30546742,0.959
1456292761.0,d0abe7db,1.039
1456292761.0,4782d6e5,1.009
1456292761.0,6670ab73,0.999
1456292761.0,832073a2,0.999
1456292761.0,d60a08fc,1.019
1456292761.0,41618289,1.019
1456292761.0,0722a606,1.019
1456292761.0,a08b0e98,0.989
1456292761.0,c67cc2dd,1.009
1456292761.0,3c7bc366,1.019
1456292761.0,4146a204,1.019
1456292761.0,b79612a4,0.999
1456292761.0,711d036b,0.989
1456292761.0,47647764,1.039
1456292761.0,9b358c84,0.959
1456292761.0,da3e3f70,0.989
1456292761.0,0a8fc55d,0.999
1456292761.0,78676005,1.019
1456292761.0,9d26d3dd,0.999
1456292761.0,bce781d3,1.099
1456292761.0,af622e10,0.989
1456292761.0,45d8dea2,1.019
1456292761.0,b3e6c96a,0.959
1456292761.0,e68e5f87,0.999
1456292761.0,,0.989
1456292761.0,3b5be616,0.999
1456292761.0,c2b3c7ad,0.999
1456292761.0,814d74ac,0.979
1456292761.0,b0a6c8a3,0.959
1456292761.0,7534fa3e,0.969
1456292761.0,00a2a041,0.999
1456292761.0,d02d7c58,0.999
1456292761.0,623e9424,0.999
1456292761.0,89d43501,1.039
1456292761.0,ffaebdb9,0.999
1456292761.0,09a6cc4e,1.009
1456292761.0,41e7918d,1.029
1456292761.0,ed417fe5,0.999
1456292761.0,fd70cdfd,1.009
1456292761.0,eaa98c1c,1.019
1456292761.0,316a2f5b,1.009
1456292761.0,e3d91258,1.029
1456292761.0,82fb994b,1.009
1456292761.0,6452d682,0.979
1456292761.0,ac8396c4,0.999
1456292761.0,261be2f5,1.019
1456292761.0,f3ffc72b,0.979
1456292761.0,a676af82,0.999
1456292761.0,9609842a,0.989
1456292761.0,37f61ca4,1.009
1456292761.0,ee84886f,1.019
1456292761.0,3dceca88,1.019
1456292761.0,,1.039
1456292761.0,a339bf1e,0.979
1456292761.0,9830928e,1.009
1456292761.0,270e05c1,0.999
1456292761.0,9f28cd19,1.029
1456292761.0,ff8e9e8e,0.979
1456292761.0,c6306633,0.989
1456292761.0,628e1099,0.999
1456292761.0,5aa86555,0.999
1456292761.0,a6f38b75,1.039
1456292761.0,d9d4a6fe,0.989
1456292761.0,ff9beead,0.999
1456292761.0,959e5dd8,1.009
1456292761.0,507d25cf,1.059
1456292761.0,61a8a961,1.019
1456292761.0,310e041a,1.009
1456292761.0,adf8dffc,0.949
1456292761.0,5bec6b46,1.009
1456292761.0,00a4579d,1.039
1456292761.0,6567da70,1.009
1456292761.0,c8c80a71,0.999
1456292761.0,b6f82f10,1.009
1456292761.0,b159aa41,1.009
1456292761.0,93f963de,0.949
1456292761.0,f735a69d,1.009
1456292761.0,b892ab69,0.959
1456292761.0,6d978c2b,1.009
1456292761.0,488e0fcf,0.979
1456292761.0,0f1ef6bd,1.019
1456292761.0,a3b2ea52,0.999
1456292761.0,566376d2,0.999
1456292761.0,63796bb7,0.989
1456292761.0,7964974d,0.999
1456292761.0,fd334dae,0.989
1456292761.0,0fdbf750,0.999
1456292761.0,7f3123c2,1.029
1456292761.0,7f90a219,1.009
1456292761.0,16faf672,0.999
1456292761.0,81510092,1.009
1456292761.0,b5e413c4,0.999
1456292761.0,bb41a6c9,1.039
1456292761.0,7800fa83,0.959
1456292761.0,9b0b4894,0.959
1456292761.0,e6b2872b,0.979
1456292761.0,53df0ec3,0.989
1456292761.0,9fd35589,0.999
1456292761.0,95fbf71d,0.939
1456292761.0,176e9b96,0.979
1456292761.0,dfda908c,0.979
1456292761.0,d2fc2219,0.989
1456292761.0,0bec4dba,0.939
1456292761.0,ee54e371,0.979
1456292761.0,5036bf9f,1.019
1456292761.0,c39273d5,0.979
1456292761.0,aff10140,1.029
1456292761.0,40a98fc9,0.959
1456292761.0,8f313f44,0.999
1456292761.0,59005fdf,0.999
1456292761.0,919c9e96,1.019
1456292761.0,1b9c9285,1.019
1456292761.0,511114cf,1.019
1456292761.0,3781a133,1.029
1456292761.0,c6ce8e17,1.039
1456292761.0,18b5f856,1.019
1456292761.0,369db971,0.959
1456292761.0,a894c70b,1.039
1456292761.0,a5c5f9b2,1.009
1456292761.0,5325ade4,1.059
1456292761.0,5fade9f9,0.999
1456292761.0,d9b08f78,1.019
1456292761.0,0b708f81,1.019
1456292761.0,2214026d,1.079
1456292761.0,30895e60,0.999
1456292761.0,ea9276b9,0.999
1456292761.0,2c0cf8f5,0.999
1456292761.0,a470ddc2,0.999
1456292761.0,abdc4de1,0.949
1456292761.0,cca85b57,1.029
1456292761.0,133677b3,0.999
1456292761.0,98624c5c,0.999
1456292761.0,3de5ce2e,0.979
1456292761.0,14d744d4,1.009
1456292761.0,54e1e6e2,0.999
1456292761.0,85a27935,0.959
1456292761.0,972f9ee7,0.999
1456292761.0,8668e2e4,1.019
1456292761.0,a2d171ec,1.039
1456292761.0,4ea58ef3,0.939
1456292761.0,7aff909e,1.019
1456292761.0,33f1db85,1.039
1456292761.0,2d3b0c15,1.029
1456292761.0,c6ab8656,0.979
1456292761.0,64d3ba48,1.029
1456292761.0,54c2232b,1.029
1456292761.0,54fc2b4c,0.989
1456292761.0,456165e6,1.009
1456292761.0,1a497a4b,1.009
1456292761.0,2a45cfbb,1.009
1456292761.0,4307435a,1.019
1456292761.0,f684e085,1.009
1456292761.0,60ccb68d,0.999
1456292761.0,44f80f34,0.989
1456292761.0,,1.019
1456292761.0,d9811c4e,1.029
1456292761.0,b4c8d60e,0.979
1456292761.0,fc51c26e,1.039
1456292761.0,e1df3a0f,0.999
1456292761.0,2550001f,0.999
1456292761.0,1bc36219,0.999
1456292761.0,a162b47e,0.989
1456292761.0,33a8b66f,0.979
1456292761.0,a9e224de,0.989
1456292761.0,4d541f34,0.999
1456292761.0,2844ce37,0.989
1456292761.0,f37a54f6,1.009
1456292761.0,4d4039fd,0.999
1456292761.0,c0508b12,1.089
1456292761.0,c390d56a,1.089
1456292761.0,7bd23993,1.019
1456292761.0,f32894b0,0.999
1456292761.0,74439aaa,1.009
1456292761.0,,0.999
1456292761.0,4b71d2b1,0.999
1456292761.0,bdd3f5c9,1.009
1456292761.0,88a26674,0.989
1456292761.0,07f603f1,0.989
1456292761.0,cf4becee,0.979
1456292761.0,78962747,1.059
1456292761.0,6e1fafd5,1.039
1456292761.0,838df899,0.999
1456292761.0,a55edb00,0.989
1456292761.0,151efb9f,0.989
1456292761.0,01b60b00,1.039
1456292761.0,162f1e57,1.019
1456292761.0,b3457bb4,1.029
1456292761.0,1db779ce,0.999
1456292761.0,73c26a55,0.999
1456292761.0,56db44d2,0.999
1456292761.0,1f215746,1.029
1456292761.0,4b92e661,1.029
1456292761.0,b212ad4b,1.009
1456292761.0,68f0ed84,0.979
1456292761.0,f39dbcda,1.029
1456292761.0,21fb52c4,0.999
1456292761.0,2b3ab72c,0.999
1456292761.0,6321db63,1.029
1456292761.0,b4b8fb9d,0.979
1456292761.0,77d95702,0.989
1456292761.0,7b8d5b92,1.009
1456292761.0,36da90c6,1.169
1456292761.0,d83809d0,1.009
1456292761.0,94d84ba4,1.009
1456292761.0,5626cf3c,0.999
1456292761.0,fff62873,0.979
1456292761.0,1d01b950,0.969
1456292761.0,5d45148e,0.999
1456292761.0,364c49b5,1.029
1456292761.0,7549bbf6,0.999
1456292761.0,23542a3f,1.029
1456292761.0,d3faff64,0.999
1456292761.0,fb9f21b7,0.999
1456292761.0,dc9494a5,1.029
1456292761.0,bbc20221,0.979
1456292761.0,a302497e,1.009
1456292761.0,46950b68,0.989
1456292761.0,e3792bc9,1.019
1456292761.0,c4b1a3a1,1.019
1456292761.0,4cd127d6,1.089
1456292761.0,279cc342,0.969
1456292761.0,9f51dbf4,0.979
1456292761.0,cb409a1c,0.999
1456292761.0,ce0bd00f,0.989
1456292761.0,56550517,1.049
1456292761.0,6f40a7c4,1.009
1456292761.0,ccecf336,0.959
1456292761.0,a4dec78a,1.029
1456292761.0,257e72cc,1.009
1456292761.0,86fe7e76,0.989
1456292761.0,9f4bb5cf,1.019
1456292761.0,7f03066f,0.999
1456292761.0,16cc4c6d,0.979
1456292761.0,179ba00b,1.009
1456292761.0,cfbd6d9d,0.999
1456292761.0,aa46c43b,0.989
1456292761.0,73242acd,0.949
1456292761.0,c580e761,0.989
1456292761.0,8d192dd1,1.029
1456292761.0,4f97968a,0.989
1456292761.0,f4299aa3,1.019
1456292761.0,,1.009
1456292761.0,83e73636,1.049
1456292761.0,603bc731,0.999
1456292761.0,5ec70894,1.039
1456292761.0,4d916c9b,1.029
1456292761.0,2d2c9c3f,0.989
1456292761.0,,1.049
1456292761.0,c0fe932e,0.949
1456292761.0,3321fa98,1.039
1456292761.0,5222efd2,0.999
1456292761.0,13037d15,0.999
1456292761.0,c55ed271,1.029
1456292761.0,28367cbd,0.979
1456292761.0,4ce21f31,1.039
1456292761.0,07aab62d,0.999
1456292761.0,207c13df,1.019
1456292761.0,2601854e,0.999
1456292761.0,4604fb62,1.019
1456292761.0,d279ee07,1.009
1456292761.0,39614aa8,1.009
1456292761.0,5b70fdaa,1.029
1456292761.0,f1832ad0,0.999
1456292761.0,7b5e0499,1.009
1456292761.0,7150ecaf,1.049
1456292761.0,779f3780,0.999
1456292761.0,757d5670,1.009
1456292761.0,e9e52898,0.989
1456292761.0,3de6c3ca,1.019
1456292761.0,812f5a36,1.009
1456292761.0,844296bd,1.009
1456292761.0,a9061770,1.009
1456292761.0,de55d6cb,1.009
1456292761.0,fbb0ba26,0.999
1456292761.0,9c47cca4,1.069
1456292761.0,4ff77c54,1.029
1456292761.0,ff71148f,0.969
1456292761.0,1685cf9c,1.004
1456292761.0,aa4b4ae6,1.019
1456292761.0,99409692,0.989
1456292761.0,a0ea8015,1.059
1456292761.0,40271791,0.999
1456292761.0,10adc414,1.009
1456292761.0,5ff6d4e2,0.999
1456292761.0,1929517b,0.989
1456292761.0,93656c34,1.019
1456292761.0,4ffb64c8,0.979
1456292761.0,64f5be3f,0.999
1456292761.0,94f34687,1.019
1456292761.0,72056682,1.019
1456292761.0,44d0cc01,1.019
1456292761.0,eb885b64,0.989
1456292761.0,74e89a36,1.009
1456292761.0,7e63be59,1.009
1456292761.0,92740284,0.999
1456292761.0,392b75a8,0.979
1456292761.0,e183f4cf,0.999
1456292761.0,a5998664,1.019
1456292761.0,27e302bc,1.009
1456292761.0,c98acfc1,1.079
1456292761.0,2445bcef,0.989
1456292761.0,b9bbf9ee,1.009
1456292761.0,ae934bd5,1.069
1456292761.0,9f34d3c7,1.039
1456292761.0,65b91ff4,1.149
1456292761.0,0ccf9d49,1.029
1456292761.0,,1.009
1456292761.0,f28e5efe,0.999
1456292761.0,44aa767f,0.979
1456292761.0,df543f1f,0.939
1456292761.0,8c7470e4,1.059
1456292761.0,7117e5bf,0.959
1456292761.0,82d7fda1,0.999
1456292761.0,cef14abc,0.999
1456292761.0,aa50fdab,1.009
1456292761.0,30389cde,1.009
1456292761.0,c257e761,0.999
1456292761.0,6a49dcf0,0.979
1456292761.0,83fa6876,0.999
1456292761.0,034f42f5,1.009
1456292761.0,dc48ebf6,0.969
1456292761.0,e4b1c6fb,1.009
1456292761.0,aeef5cf2,1.019
1456292761.0,da670ade,1.009
1456292761.0,25600fab,1.029
1456292761.0,98677b5e,1.029
1456292761.0,8dc0342e,0.969
1456292761.0,1717d8ca,0.999
1456292761.0,e57877ff,0.999
1456292761.0,d33e9e56,1.009
1456292761.0,fffcb866,0.959
1456292761.0,baaf8b05,1.019
1456292761.0,95568ef1,1.009
1456292761.0,066bec3d,1.119
1456292761.0,8d39e4b4,1.019
1456292761.0,84fcbe9f,0.999
1456292761.0,,0.999
1456292761.0,b5935794,0.999
1456292761.0,636ce33d,1.089
1456292761.0,5d9df6f0,0.999
1456292761.0,ece022de,0.999
1456292761.0,69c73a78,0.999
1456292761.0,02e413b6,1.009
1456292761.0,7a411a95,0.979
1456292761.0,4503fc83,0.999
1456292761.0,42bd32f3,1.009
1456292761.0,974d725c,0.999
1456292761.0,b893996a,1.009
1456292761.0,624ba629,1.019
1456292761.0,8e0fdf79,1.029
1456292761.0,196b11c0,1.009
1456292761.0,90b15783,1.019
1456292761.0,cc29a3a6,0.969
1456292761.0,a452f12c,0.969
1456292761.0,136c3dcd,1.019
1456292761.0,2bc8507d,0.969
1456292761.0,cadf0fec,0.989
1456292761.0,8b3bba8f,0.949
1456292761.0,990bc1af,1.009
1456292761.0,41fc3133,1.009
1456292761.0,eb179375,0.969
1456292761.0,3b38e104,0.989
1456292761.0,eb3bf9c1,0.999
1456292761.0,66ff2f80,0.999
1456292761.0,cba1718d,0.999
1456292761.0,6842cc4a,0.989
1456292761.0,64171ce8,0.969
1456292761.0,a07f50c4,0.989
1456292761.0,a13f8970,0.979
1456292761.0,09d54524,0.989
1456292761.0,66651818,0.959
1456292761.0,f6936d02,1.019
1456292761.0,d99ae405,0.999
1456292761.0,7ffa235a,1.019
1456292761.0,4c13609c,0.979
1456292761.0,1636f44a,0.989
1456292761.0,5693dbae,1.019
1456292761.0,eefafe37,1.009
1456292761.0,676f4e53,0.999
1456292761.0,085f0fd3,0.999
1456292761.0,,0.969
1456292761.0,5f3a075f,0.959
1456292761.0,974e4706,0.979
1456292761.0,b29e1284,1.069
1456292761.0,2af3ad73,0.979
1456292761.0,a60237e8,1.009
1456292761.0,576c1f5f,1.029
1456292761.0,8432eede,0.999
1456292761.0,01a1e47b,1.009
1456292761.0,ab241125,1.009
1456292761.0,6b365c9c,1.009
1456292761.0,b57a6a63,0.959
1456292761.0,c7df12d5,1.019
1456292761.0,823e96f7,0.989
1456292761.0,2278ee7b,0.989
1456292761.0,b76902b4,1.019
1456292761.0,d3508125,1.059
1456292761.0,24acb441,0.989
1456292761.0,1a48cf2f,1.029
1456292761.0,632d8c88,0.989
1456292761.0,a5042c9b,1.139
1456292761.0,b7d1ee3a,1.029
1456292761.0,df8d090e,0.949
1456292761.0,1fd6a30e,0.959
1456292761.0,5270f932,1.059
1456292761.0,cf3782fe,0.989
1456292761.0,801fe77a,0.989
1456292761.0,200bc827,1.039
1456292761.0,f061e4b5,0.969
1456292761.0,d37450cf,1.009
1456292761.0,c6e11963,1.009
1456292761.0,ddb4781d,0.969
1456292761.0,893b4e64,0.979
1456292761.0,2dc40154,1.029
1456292761.0,8962a152,1.009
1456292761.0,ed57f511,0.959
1456292761.0,a6f98df6,0.999
1456292761.0,26e1a0a7,0.999
1456292761.0,33d673e1,1.019
1456292761.0,7f1b1544,1.009
1456292761.0,355f04dc,0.929
1456292761.0,8a3f89ed,1.019
1456293001.0,dfc32fdb,1.009
1456293001.0,8e3832ce,1.169
1456293001.0,09975f4d,1.009
1456293001.0,a8e7b6ec,0.979
1456293001.0,068c357f,0.989
1456293001.0,a6389424,0.999
1456293001.0,f37971ec,0.969
1456293001.0,0593bd1c,0.989
1456293001.0,bb8c434c,0.969
1456293001.0,dc4873f6,0.999
1456293001.0,2b056224,0.949
1456293001.0,8cdfd072,0.989
1456293001.0,d2597bc8,0.989
1456293001.0,f72fa144,0.989
1456293001.0,047ea646,0.959
1456293001.0,e6289f57,0.989
1456293001.0,3a826c9e,0.999
1456293001.0,c45f047d,0.969
1456293001.0,83cf7d34,0.979
1456293001.0,939e85bc,0.989
1456293001.0,abb42d56,0.979
1456293001.0,dfb47eed,0.989
1456293001.0,ed5ad0df,0.999
1456293001.0,e40086e8,0.999
1456293001.0,5881460a,0.989
1456293001.0,2c776012,0.989
1456293001.0,e86bda6e,0.999
1456293001.0,7ccc3654,0.989
1456293001.0,c8fd7bd8,0.979
1456293001.0,18436369,0.989
1456293001.0,134cefdf,0.979
1456293001.0,59e65cb9,0.979
1456293001.0,caaf83c5,0.989
1456293001.0,54ea7147,0.979
1456293001.0,3c5b5221,0.989
1456293001.0,4a262cc4,1.009
1456293001.0,4887bf4e,1.209
1456293001.0,01a42eea,0.989
1456293001.0,fbf71c0b,0.999
1456293001.0,33d56fd4,0.989
1456293001.0,1880253e,0.889
1456293001.0,ae71af81,0.989
1456293001.0,8bf505c8,0.999
1456293001.0,ee305546,0.999
1456293001.0,5ce9d453,0.959
1456293001.0,7d5bf573,0.939
1456293001.0,09576ba9,1.019
1456293001.0,bf4ccf7b,1.099
1456293001.0,518317d2,1.009
1456293001.0,ed84fb55,0.979
1456293001.0,b86ca5b3,1.009
1456293001.0,bd9e200b,1.019
1456293001.0,272049b7,1.029
1456293001.0,d93d5579,1.039
1456293001.0,186dc55a,0.999
1456293001.0,d7bb7cbb,0.999
1456293001.0,0eaf6606,1.039
1456293001.0,2a3fa9e1,0.989
1456293001.0,493bde6c,1.019
1456293001.0,0fc08209,1.009
1456293001.0,e055b194,1.059
1456293001.0,3959f076,0.999
1456293001.0,56ce5673,1.029
1456293001.0,7e3ce0ca,0.999
1456293001.0,3b937318,1.009
1456293001.0,e6aa9001,1.049
1456293001.0,a66ed93a,1.019
1456293001.0,2498b287,0.999
1456293001.0,e85fcc79,1.019
1456293001.0,a47c6f9f,0.939
1456293001.0,7def65cf,0.999
1456293001.0,ac3c5f1a,1.009
1456293001.0,669333e3,0.979
1456293001.0,5b68d8ad,0.999
1456293001.0,66e25ec6,1.009
1456293001.0,d69a14de,1.009
1456293001.0,b21e0b80,1.029
1456293001.0,0670c33b,1.019
1456293001.0,04da5ab2,1.009
1456293001.0,8fc0b78f,1.009
1456293001.0,157e2a55,1.009
1456293001.0,117e8bca,1.039
1456293001.0,aa53bc55,1.029
1456293001.0,aaf0a483,1.009
1456293001.0,68efde5b,1.009
1456293001.0,7840ee28,1.059
1456293001.0,b48ba10e,0.989
1456293001.0,8efe111b,1.019
1456293001.0,f0dcfc81,0.999
1456293001.0,7a018377,1.009
1456293001.0,772a26c5,1.019
1456293001.0,7e846ee6,1.029
1456293001.0,e827975b,0.999
1456293001.0,2f398586,0.979
1456293001.0,71b8eaae,1.009
1456293001.0,2e991b23,0.999
1456293001.0,5fbe505b,0.999
1456293001.0,07d22eab,0.994
1456293001.0,32c66e9a,0.989
1456293001.0,d2a9c0a1,0.999
1456293001.0,88034757,0.989
1456293001.0,c307725e,0.989
1456293001.0,720a51d5,1.039
1456293001.0,dcd7801a,0.979
1456293001.0,df7d4f7c,1.099
1456293001.0,9bde8003,1.009
1456293001.0,00d41319,0.969
1456293001.0,075322ca,0.999
1456293001.0,6949ed4a,1.039
1456293001.0,56858967,0.999
1456293001.0,b0a76bca,0.989
1456293001.0,9238f031,0.969
1456293001.0,2e1bed62,1.009
1456293001.0,2bb55c91,0.999
1456293001.0,708936ad,0.979
1456293001.0,0f7d325c,1.029
1456293001.0,39b9ba7f,1.029
1456293001.0,37b3aafc,1.009
1456293001.0,8eb14afc,0.999
1456293001.0,5b5fec22,1.039
1456293001.0,cd3580e7,1.009
1456293001.0,930fbc1c,1.059
1456293001.0,,1.019
1456293001.0,a30a80ce,0.959
1456293001.0,b988bb8b,1.039
1456293001.0,e727162d,1.009
1456293001.0,afa3da28,0.989
1456293001.0,814d74ac,0.979
1456293001.0,88759e4a,0.979
1456293001.0,4d40c826,0.98
1456293001.0,904d15e4,0.959
1456293001.0,dda7560a,0.979
1456293001.0,e10f157c,0.999
1456293001.0,a249b487,1.039
1456293001.0,778c7dfa,1.019
1456293001.0,e446361e,1.009
1456293001.0,ffa82d76,1.019
1456293001.0,6881e83e,1.019
1456293001.0,018c0b0e,1.029
1456293001.0,99c7ace3,1.009
1456293001.0,89756dbc,1.039
1456293001.0,b53eba18,0.949
1456293001.0,03199c21,0.979
1456293001.0,e5b18dec,0.989
1456293001.0,0657e6a3,1.029
1456293001.0,d7cf6845,1.009
1456293001.0,a02bf729,0.999
1456293001.0,e8ad44f5,1.009
1456293001.0,,1.009
1456293001.0,dbca9739,1.009
1456293001.0,0c379bda,1.019
1456293001.0,aae85374,0.999
1456293001.0,0491309a,1.009
1456293001.0,4517cdd2,1.019
1456293001.0,4e41baa5,0.999
1456293001.0,aa9ce53b,1.009
1456293001.0,02771ac8,0.969
1456293001.0,d393bcea,0.989
1456293001.0,cc94a429,0.969
1456293001.0,4359dc60,1.009
1456293001.0,5fe1d57e,1.039
1456293001.0,8a4f9b54,1.039
1456293001.0,707f276b,0.979
1456293001.0,7391a07f,0.979
1456293001.0,d15d1648,1.059
1456293001.0,2d75151c,1.019
1456293001.0,058b068a,1.019
1456293001.0,e7e4d4a0,1.009
1456293001.0,15d15c6f,0.999
1456293001.0,4d691ffa,1.069
1456293001.0,4c7d9195,1.039
1456293001.0,7aa7e8fe,0.999
1456293001.0,2463cb36,0.989
1456293001.0,dbaf66ec,0.979
1456293001.0,83cc51b1,0.999
1456293001.0,d36c0bc0,1.029
1456293001.0,c9f99a88,0.999
1456293001.0,3ff39a76,1.009
1456293001.0,90df0b88,0.999
1456293001.0,29804b96,1.019
1456293001.0,6946f633,1.009
1456293001.0,2f7c96af,1.009
1456293001.0,b3088432,0.999
1456293001.0,259f0ed8,0.979
1456293001.0,eca01ef8,1.059
1456293001.0,72162ebe,0.989
1456293001.0,a09a844e,1.009
1456293001.0,488e0fcf,0.979
1456293001.0,6ebcf0bd,0.989
1456293001.0,1660ed2f,1.009
1456293001.0,fad136e0,1.039
1456293001.0,dde1b45b,0.999
1456293001.0,8f277236,1.009
1456293001.0,5e86ff24,0.959
1456293001.0,806f9030,0.999
1456293001.0,42863645,1.039
1456293001.0,759c0ad5,0.939
1456293001.0,e983031d,0.999
1456293001.0,073b7de4,1.009
1456293001.0,cff9e937,1.009
1456293001.0,d13de972,0.949
1456293001.0,0380a17c,0.989
1456293001.0,53410888,0.989
1456293001.0,3a3fcab7,0.969
1456293001.0,445ead90,0.979
1456293001.0,3747e646,0.979
1456293001.0,1b364f19,0.989
1456293001.0,3da081b6,0.949
1456293001.0,54ba3e2f,0.974
1456293001.0,119cb795,0.979
1456293001.0,b0471346,0.989
1456293001.0,c330a48b,0.949
1456293001.0,11b725ec,0.959
1456293001.0,72a57388,0.979
1456293001.0,a5cf2ad0,1.019
1456293001.0,f7b92fac,0.939
1456293001.0,bd03317d,0.969
1456293001.0,c7095984,0.989
1456293001.0,aa86d47e,0.969
1456293001.0,4e176577,0.999
1456293001.0,6e3aab0e,0.999
1456293001.0,bb827240,0.979
1456293001.0,eaa7c105,0.969
1456293001.0,abf096af,0.939
1456293001.0,6cd5cdf8,0.939
1456293001.0,e9e1dabb,0.999
1456293001.0,05de04c2,0.959
1456293001.0,0c07c233,0.969
1456293001.0,cb40cd62,0.949
1456293001.0,37a4ac8d,0.929
1456293001.0,b884bbc1,0.989
1456293001.0,9daabce1,0.989
1456293001.0,c687a4a1,0.949
1456293001.0,bed52cfb,1.019
1456293001.0,5d362644,0.999
1456293001.0,bd0ac826,0.979
1456293001.0,a656288b,0.979
1456293001.0,840dc1e3,0.969
1456293001.0,6ac179bc,0.969
1456293001.0,e9a8e0dc,0.999
1456293001.0,da28f05d,0.979
1456293001.0,96ad35a6,0.969
1456293001.0,e4e801a1,0.979
1456293001.0,cc4e0122,0.959
1456293001.0,77c17dde,0.969
1456293001.0,0c83befd,0.969
1456293001.0,5a24bfe1,0.989
1456293001.0,decc5fc7,0.979
1456293001.0,3a2d39a0,0.989
1456293001.0,ad0d24dc,0.989
1456293001.0,033ff634,0.949
1456293001.0,7f44346f,0.969
1456293001.0,a2b07888,0.979
1456293001.0,38c0a12d,0.949
1456293001.0,258838b1,0.989
1456293001.0,8481831d,0.939
1456293001.0,0bec4dba,0.939
1456293001.0,6d76c77e,0.999
1456293001.0,8aa565b4,0.979
1456293001.0,d560f27c,1.019
1456293001.0,f47b98eb,0.999
1456293001.0,e99f823b,0.999
1456293001.0,3ca3325c,0.999
1456293001.0,35b614c4,0.959
1456293001.0,e8cb3a6b,0.989
1456293001.0,2efa85d4,0.989
1456293001.0,85f096bd,1.009
1456293001.0,57610ffb,1.019
1456293001.0,7f6c5ae2,1.009
1456293001.0,23dfefb8,1.019
1456293001.0,b387d3fa,1.009
1456293001.0,36317a57,0.989
1456293001.0,e0bab6c8,0.979
1456293001.0,27d37db7,1.009
1456293001.0,5486cb1a,1.019
1456293001.0,aa3a4a0b,0.984
1456293001.0,f6e29329,1.009
1456293001.0,e03ab537,1.009
1456293001.0,aaed4223,0.999
1456293001.0,d7cd0f44,1.019
1456293001.0,b30ca48e,1.009
1456293001.0,782c1225,1.009
1456293001.0,a3c5ca6f,0.989
1456293001.0,e0d2c90f,1.019
1456293001.0,67b209f1,1.049
1456293001.0,f57077f3,1.059
1456293001.0,33972c60,1.039
1456293001.0,1c239584,0.999
1456293001.0,02917849,1.049
1456293001.0,a3af7ef1,0.999
1456293001.0,7de5339f,0.999
1456293001.0,fd19fab6,1.029
1456293001.0,f34c3a36,1.009
1456293001.0,4f3ac261,1.029
1456293001.0,42bd894d,0.999
1456293001.0,acca0be9,0.989
1456293001.0,97aee551,1.019
1456293001.0,6af75028,1.099
1456293001.0,03ca5dbc,1.039
1456293001.0,ee5d8408,0.999
1456293001.0,e9a10aef,0.999
1456293001.0,971090e7,0.959
1456293001.0,c8df6e1a,0.999
1456293001.0,a5b00954,1.029
1456293001.0,215d680b,1.039
1456293001.0,8668e2e4,0.969
1456293001.0,bda6612d,0.979
1456293001.0,102821f8,0.989
1456293001.0,cc85d8a3,1.009
1456293001.0,8e8a5274,0.979
1456293001.0,346ffe81,1.014
1456293001.0,ebecf1c6,1.039
1456293001.0,da91fae8,0.999
1456293001.0,2080cd01,1.009
1456293001.0,d046f0d3,1.009
1456293001.0,ceea64c5,0.999
1456293001.0,1df8493a,0.999
1456293001.0,c03f4ffa,0.989
1456293001.0,17127e8d,0.989
1456293001.0,8792c041,1.039
1456293001.0,f2a783d7,0.999
1456293001.0,62afce55,0.999
1456293001.0,d87d8186,0.999
1456293001.0,23ffe49b,0.949
1456293001.0,8551d143,1.009
1456293001.0,f04fe50a,1.009
1456293001.0,aa7e6b7c,0.949
1456293001.0,affb443e,1.009
1456293001.0,1fea6f98,0.999
1456293001.0,b5259455,1.029
1456293001.0,79eb6d1c,1.019
1456293001.0,f5610fa8,1.039
1456293001.0,d3dc7d8c,1.009
1456293001.0,be4e3da5,0.979
1456293001.0,88e14741,1.149
1456293001.0,917af1e0,1.009
1456293001.0,0e752181,1.009
1456293001.0,aaa29d7c,0.999
1456293001.0,ab57f5d6,0.979
1456293001.0,e8509e54,0.0
1456293001.0,242f7b9b,1.039
1456293001.0,5f71144d,0.989
1456293001.0,dee5637c,1.019
1456293001.0,50bbc649,0.989
1456293001.0,300d7670,0.999
1456293001.0,7b424e1c,1.039
1456293001.0,a1ca21f6,0.979
1456293001.0,3219cb04,1.009
1456293001.0,ccb88791,1.059
1456293001.0,b662488a,0.979
1456293001.0,ad16cbfe,0.979
1456293001.0,ed71cccb,1.029
1456293001.0,537fac20,1.009
1456293001.0,f507ce06,1.039
1456293001.0,4baeb9d6,1.019
1456293001.0,47a5253e,1.039
1456293001.0,ab473015,1.039
1456293001.0,7e0a1569,1.019
1456293001.0,6ae406fe,0.959
1456293001.0,cfea1db9,1.009
1456293001.0,d8c4e623,1.009
1456293001.0,63763e17,0.999
1456293001.0,41c3b887,1.009
1456293001.0,f5bd997d,0.969
1456293001.0,38cc0cb5,0.989
1456293001.0,ebfecca5,0.989
1456293001.0,9136fc55,1.049
1456293001.0,602ec85f,0.999
1456293001.0,b760e17f,0.989
1456293001.0,1da52020,1.009
1456293001.0,ab11cdb9,1.009
1456293001.0,74d77c58,1.044
1456293001.0,c4d9fd71,1.039
1456293001.0,8e302603,1.019
1456293001.0,1b33191e,0.999
1456293001.0,2ef6b1d5,0.999
1456293001.0,68c15014,1.009
1456293001.0,0616421e,0.959
1456293001.0,62e0bf83,1.059
1456293001.0,ca089b70,1.014
1456293001.0,6a1fadd6,0.959
1456293001.0,23542a3f,1.029
1456293001.0,a50ae4a2,0.999
1456293001.0,8d3023de,1.059
1456293001.0,c57c6085,1.009
1456293001.0,7cdc9523,1.009
1456293001.0,7141f533,1.009
1456293001.0,2337f9ca,1.004
1456293001.0,f7b78f12,1.009
1456293001.0,09925d9d,0.999
1456293001.0,212fd8e9,1.009
1456293001.0,1594dd58,1.024
1456293001.0,88cccf93,0.989
1456293001.0,03b3aa33,0.979
1456293001.0,068f53ad,0.979
1456293001.0,c4395b95,1.019
1456293001.0,,0.999
1456293001.0,4abbc65e,1.019
1456293001.0,85a43300,1.029
1456293001.0,18ecad37,1.009
1456293001.0,11ed7bd3,1.029
1456293001.0,d02509ed,1.009
1456293001.0,87750b0a,0.989
1456293001.0,b412aa93,1.029
1456293001.0,71b846ff,0.979
1456293001.0,23efaa4b,0.979
1456293001.0,93f35a10,1.019
1456293001.0,b003d766,1.039
1456293001.0,ed5d3dbd,0.999
1456293001.0,16e0fe75,1.039
1456293001.0,5aa49c2a,0.979
1456293001.0,6e950c4a,1.009
1456293001.0,55fc2c6d,1.009
1456293001.0,6169c430,1.029
1456293001.0,fb1b5fff,0.999
1456293001.0,a6443453,0.919
1456293001.0,94d24f55,1.009
1456293001.0,4c6fce6c,1.009
1456293001.0,3ecb2b24,0.999
1456293001.0,9010dbc0,1.009
1456293001.0,c985912f,1.029
1456293001.0,038e6a0c,0.989
1456293001.0,7dde6783,1.029
1456293001.0,31d0c179,0.939
1456293001.0,2b797ecc,0.989
1456293001.0,55c9b2b2,1.089
1456293001.0,06ac238a,1.009
1456293001.0,7232ac4c,0.999
1456293001.0,3fb149fc,1.009
1456293001.0,77690552,1.039
1456293001.0,f5684ccb,1.009
1456293001.0,123a41c8,1.019
1456293001.0,4f2f425b,0.949
1456293001.0,9f766263,0.979
1456293001.0,5ec2ab05,0.959
1456293001.0,40dc7ae9,0.989
1456293001.0,a0497116,1.009
1456293001.0,02bea987,0.969
1456293001.0,7150ecaf,1.019
1456293001.0,b14bb16f,0.999
1456293001.0,895ceaef,1.019
1456293001.0,086cb9a9,0.989
1456293001.0,54151b0d,1.039
1456293001.0,87856e5d,1.029
1456293001.0,d076e461,1.029
1456293001.0,0f155e0a,1.019
1456293001.0,,0.999
1456293001.0,39409a93,1.009
1456293001.0,ed5cd338,0.969
1456293001.0,38716c97,1.029
1456293001.0,6465956f,0.979
1456293001.0,1acb5863,1.059
1456293001.0,67fdfb0c,0.999
1456293001.0,0800eb0f,1.049
1456293001.0,4352ae26,0.999
1456293001.0,ed0445b8,0.989
1456293001.0,8cb4fc7c,0.979
1456293001.0,b90dd2fb,0.989
1456293001.0,8977f83b,1.009
1456293001.0,2d2c8e81,0.999
1456293001.0,bf7d7adb,0.999
1456293001.0,3501927a,0.999
1456293001.0,4a5ba0e5,1.009
1456293001.0,982ba5cc,1.009
1456293001.0,eb159d17,0.984
1456293001.0,6bf6b199,0.999
1456293001.0,1588da36,1.119
1456293001.0,eb8fef56,1.019
1456293001.0,67b32df0,1.009
1456293001.0,,0.969
1456293001.0,7f89f971,1.029
1456293001.0,450f3a21,0.979
1456293001.0,2ad0a689,1.009
1456293001.0,2f3a2b7b,0.989
1456293001.0,5984119a,1.099
1456293001.0,18641c7f,1.029
1456293001.0,7c781a47,0.999
1456293001.0,11288ef5,1.019
1456293001.0,3b4197b0,0.999
1456293001.0,efadda78,1.009
1456293001.0,f25babad,0.999
1456293001.0,6933e7da,0.939
1456293001.0,1a70fd7f,0.999
1456293001.0,f5ccc280,0.999
1456293001.0,adda6336,1.099
1456293001.0,e73d5934,1.009
1456293001.0,83f13659,1.099
1456293001.0,16259776,1.019
1456293001.0,1170df4a,0.979
1456293001.0,,1.009
1456293001.0,352d964c,1.119
1456293001.0,3746716c,1.049
1456293001.0,4d79856a,0.999
1456293001.0,ec487980,0.999
1456293001.0,ddb539ed,0.999
1456293001.0,6097ffe8,1.029
1456293001.0,aa10726f,0.989
1456293001.0,f7e752c7,0.989
1456293001.0,5e8ffc69,0.999
1456293001.0,da4a42a1,1.019
1456293001.0,58e1a8b4,1.039
1456293001.0,da19dfd3,0.989
1456293001.0,265c7e5d,0.989
1456293001.0,91604c03,0.999
1456293001.0,eb863f50,0.989
1456293001.0,b0b0be19,0.999
1456293001.0,3ab2d959,1.019
1456293001.0,c061e163,0.969
1456293001.0,,1.048
1456293001.0,0ab7f18e,1.039
1456293001.0,98e26149,0.979
1456293001.0,85bf59ba,0.999
1456293001.0,8714c0df,0.979
1456293001.0,8e1179a4,1.009
1456293001.0,5741a508,0.979
1456293001.0,286dd7d9,0.959
1456293001.0,a6339a0a,1.099
1456293001.0,c5b26ed2,0.999
1456293001.0,cd9d922f,0.999
1456293001.0,4a9b9c71,1.019
1456293001.0,e458aaaf,1.039
1456293001.0,48a1176e,0.999
1456293001.0,636ce33d,0.979
1456293001.0,bbc1d831,0.999
1456293001.0,87245b5d,0.989
1456293001.0,4b7b3dd3,1.099
1456293001.0,59c1c98e,1.069
1456293001.0,14da1401,0.999
1456293001.0,b36b7e42,1.019
1456293001.0,45f451b5,1.159
1456293001.0,69137adc,1.009
1456293001.0,461b2a68,1.019
1456293001.0,c6c05a1d,0.999
1456293001.0,9672cfaf,0.999
1456293001.0,70e52ee2,0.979
1456293001.0,62595ff2,1.019
1456293001.0,08e9a69f,0.989
1456293001.0,30c4e2b1,0.999
1456293001.0,c2fe56f7,0.969
1456293001.0,d3567757,1.009
1456293001.0,19e1cad6,0.999
1456293001.0,1580fa52,1.009
1456293001.0,ae505f44,1.049
1456293001.0,a8595817,0.969
1456293001.0,f659a576,1.039
1456293001.0,82376744,0.989
1456293001.0,0e7628ed,1.009
1456293001.0,29a6303c,0.999
1456293001.0,95bbbe2f,1.019
1456293001.0,76f9948e,1.019
1456293001.0,b84f5be2,0.979
1456293001.0,b7d922c5,1.029
1456293001.0,9f02c9d0,1.009
1456293001.0,5e11ffcc,0.949
1456293001.0,0da2e486,0.989
1456293001.0,b694f783,1.009
1456293001.0,293e1b9a,0.979
1456293001.0,30f8c62f,1.009
1456293001.0,aed2f04c,1.029
1456293001.0,b02d78c3,0.999
1456293001.0,a231278b,0.969
1456293001.0,c99b3a87,0.999
1456293001.0,02065938,0.999
1456293001.0,890bbb28,0.979
1456293001.0,d3a7aabc,0.979
1456293001.0,74776924,0.999
1456293001.0,cca094f8,0.979
1456293001.0,7cefc69f,0.979
1456293001.0,bcdf1eb5,0.989
1456293001.0,aa661eb4,0.949
1456293001.0,20338fa9,0.989
1456293001.0,e3a60e8a,0.969
1456293001.0,2f8bbe9b,0.989
1456293001.0,114606f9,0.929
1456293001.0,b8e4e564,0.939
1456293001.0,ff41b63f,0.939
1456293001.0,c6b6f3fb,0.989
1456293001.0,7ba64cab,0.949
1456293001.0,add88990,1.009
1456293001.0,b883c155,0.989
1456293001.0,f184201b,0.979
1456293001.0,fd7d736f,1.009
1456293001.0,e2064e64,1.009
1456293001.0,47c753f1,1.019
1456293001.0,7b417f71,0.999
1456293001.0,67ac9fc0,0.999
1456293001.0,435e7b69,1.029
1456293001.0,9af812fc,0.989
1456293001.0,8fdafbf6,0.989
1456293001.0,2bbb3f4f,1.039
1456293001.0,1636f44a,0.989
1456293001.0,07d4d93c,1.009
1456293001.0,241c63b0,0.969
1456293001.0,1377ad59,0.999
1456293001.0,3ba3cf9a,1.009
1456293001.0,fe0014ec,1.029
1456293001.0,e395d76d,1.009
1456293001.0,37020abb,1.039
1456293001.0,cf98a394,0.969
1456293001.0,9d668c87,1.009
1456293001.0,a6ea6f37,1.009
1456293001.0,e3a2ddca,0.989
1456293001.0,9f18dbdb,0.999
1456293001.0,372699d4,1.039
1456293001.0,672c6cfd,1.029
1456293001.0,58d29ccf,0.949
1456293001.0,6c2fb45c,1.039
1456293001.0,58cdd6dc,1.019
1456293001.0,08911c61,1.009
1456293001.0,4d5330ca,1.019
1456293001.0,c39e2d3d,0.939
1456293001.0,dbb6df9e,1.039
1456293001.0,a23f1295,0.999
1456293001.0,b093e5e6,1.049
1456293001.0,1a48cf2f,1.029
1456293001.0,d5f0bacd,0.969
1456293001.0,c03e39ca,0.989
1456293001.0,d766c910,0.969
1456293001.0,e95d3d87,1.009
1456293001.0,312f1849,0.989
1456293001.0,7f0b245a,0.969
1456293001.0,5dd52cfc,0.979
1456293001.0,3e4dabe9,1.019
1456293001.0,c327932b,1.039
1456293001.0,096893a3,0.999
1456293001.0,3ad0e13e,1.039
1456293001.0,87cd0504,0.989
1456293001.0,ac94744b,1.029
1456293001.0,c9d5e94d,1.009
1456293001.0,9cb727d2,0.999
1456293001.0,bd50e8e2,1.019
1456293001.0,d3755983,1.019
1456293241.0,935f7120,0.999
1456293241.0,16bc38f7,0.989
1456293241.0,7db0ea2e,1.009
1456293241.0,9d116358,0.999
1456293241.0,85dec34a,1.009
1456293241.0,819eb542,0.979
1456293241.0,00605faf,0.999
1456293241.0,dfe43ff9,0.959
1456293241.0,107383fd,0.999
1456293241.0,8626815a,0.999
1456293241.0,d109e19e,1.009
1456293241.0,e54743a0,0.979
1456293241.0,6bf76c78,0.989
1456293241.0,893b96a5,1.009
1456293241.0,c2d8e386,0.979
1456293241.0,b6364ec3,0.979
1456293241.0,317e0347,0.999
1456293241.0,085b13da,0.989
1456293241.0,d0ad460e,0.989
1456293241.0,f6b43ef3,0.999
1456293241.0,a7983bc2,0.999
1456293241.0,bd86f3ea,0.989
1456293241.0,85037928,0.989
1456293241.0,f2303a07,0.979
1456293241.0,ef296ca3,0.989
1456293241.0,fd135624,0.979
1456293241.0,061deeda,0.989
1456293241.0,27ea09b1,0.999
1456293241.0,52c1ccfa,0.989
1456293241.0,8e820c9b,1.019
1456293241.0,1a56d0e9,1.019
1456293241.0,e76cdeb7,0.949
1456293241.0,ab7cf567,1.029
1456293241.0,483e25f7,1.019
1456293241.0,01a42eea,0.989
1456293241.0,a447b2ea,1.019
1456293241.0,5e0f74ed,1.019
1456293241.0,a5164b6a,0.949
1456293241.0,0b19d5fe,0.999
1456293241.0,415ad4d0,1.009
1456293241.0,c74b9c21,1.039
1456293241.0,897fceb5,1.004
1456293241.0,aa00a8f6,1.024
1456293241.0,630f5fa3,0.999
1456293241.0,6fb67f4c,0.999
1456293241.0,24a41128,1.009
1456293241.0,,1.029
1456293241.0,deb8505f,1.009
1456293241.0,6a471cde,0.959
1456293241.0,71f3b1d9,0.979
1456293241.0,0521e7ef,0.979
1456293241.0,7b51b5c3,1.019
1456293241.0,0ecd3674,0.999
1456293241.0,7a80054c,0.999
1456293241.0,ca1add7b,1.059
1456293241.0,e47205b5,0.989
1456293241.0,9a8f9943,1.009
1456293241.0,d52f4585,1.009
1456293241.0,63b76619,1.019
1456293241.0,fa3da430,0.959
1456293241.0,d34c2ebc,0.984
1456293241.0,a1add909,1.039
1456293241.0,afa8e37d,1.009
1456293241.0,dd62114c,1.009
1456293241.0,2eca0fd8,0.949
1456293241.0,7a1b2121,1.019
1456293241.0,1c5ed232,0.969
1456293241.0,fda59bae,1.009
1456293241.0,77d4c025,0.939
1456293241.0,e70ecea8,0.959
1456293241.0,cf184a67,0.979
1456293241.0,136fdac8,0.959
1456293241.0,5a5b83e5,0.999
1456293241.0,d0fef588,0.999
1456293241.0,386807be,1.019
1456293241.0,f868a6b6,1.009
1456293241.0,21c418e3,0.949
1456293241.0,ff8d71cb,1.019
1456293241.0,3bbe7509,0.989
1456293241.0,06881b45,1.009
1456293241.0,92d99a98,1.009
1456293241.0,,1.009
1456293241.0,22869ab1,0.999
1456293241.0,e50a3733,0.999
1456293241.0,76a9774c,1.039
1456293241.0,2d698eb6,0.969
1456293241.0,f873156d,1.029
1456293241.0,a990e1a1,1.039
1456293241.0,06aae991,0.989
1456293241.0,345d3b8a,1.049
1456293241.0,9fa8d44e,1.039
1456293241.0,65964ff0,1.019
1456293241.0,663bd568,0.999
1456293241.0,70571d8c,0.959
1456293241.0,4f9ccf16,0.999
1456293241.0,c6317552,0.969
1456293241.0,c6380930,0.949
1456293241.0,c7bec506,0.999
1456293241.0,0cd1139e,0.989
1456293241.0,e7e474b4,0.999
1456293241.0,5056106a,0.969
1456293241.0,3fd4709d,1.019
1456293241.0,5697f128,0.999
1456293241.0,7e7d612d,0.974
1456293241.0,63b1377c,0.959
1456293241.0,eabde0e7,0.989
1456293241.0,50518311,0.919
1456293241.0,e01a7247,0.989
1456293241.0,ab11e935,0.999
1456293241.0,e4653a83,0.999
1456293241.0,df43a8b2,1.019
1456293241.0,811659c7,0.999
1456293241.0,cb0a8cc8,0.999
1456293241.0,506ed98f,0.979
1456293241.0,f1894033,0.979
1456293241.0,4b926ccb,0.979
1456293241.0,c5931a7d,1.039
1456293241.0,bb738427,0.979
1456293241.0,7d15e55f,1.019
1456293241.0,87f30cbe,1.029
1456293241.0,d854b7df,1.009
1456293241.0,d478cbe7,1.009
1456293241.0,9653483f,1.029
1456293241.0,e31f4b76,1.019
1456293241.0,2f7eea5b,1.029
1456293241.0,121ea079,1.009
1456293241.0,e20c7066,1.049
1456293241.0,d1008b23,1.019
1456293241.0,05c01795,1.029
1456293241.0,,0.969
1456293241.0,5aa86555,1.049
1456293241.0,bbc2b8d4,0.989
1456293241.0,a9b88996,1.089
1456293241.0,8a4f9b54,1.009
1456293241.0,5a0fb607,1.039
1456293241.0,ac284087,1.019
1456293241.0,1d039583,1.019
1456293241.0,6551e91d,0.999
1456293241.0,acf0a7d7,1.009
1456293241.0,0b91981b,0.999
1456293241.0,2934dabc,0.949
1456293241.0,40eead28,0.999
1456293241.0,df264ce2,1.009
1456293241.0,552678b9,0.999
1456293241.0,410ba324,0.989
1456293241.0,5f51bf27,1.019
1456293241.0,871acdd2,1.019
1456293241.0,93d0d0da,0.999
1456293241.0,95a3de9e,0.999
1456293241.0,bd1e659d,1.009
1456293241.0,20e9b084,0.979
1456293241.0,aaf8d479,1.059
1456293241.0,39c4abbc,1.009
1456293241.0,cf25dcdb,1.009
1456293241.0,05babe25,0.999
1456293241.0,bf64b735,0.969
1456293241.0,9dca124a,0.989
1456293241.0,29e75614,0.999
1456293241.0,efc3cb20,0.989
1456293241.0,e87c38cc,1.039
1456293241.0,98e2efcd,0.989
1456293241.0,6cb03436,0.969
1456293241.0,a05c9bbf,1.019
1456293241.0,6bd14210,0.999
1456293241.0,65b329e2,1.049
1456293241.0,734783d7,0.989
1456293241.0,0ec0905b,0.969
1456293241.0,9a1d105d,0.999
1456293241.0,38cbcd42,1.039
1456293241.0,f6e51b33,1.019
1456293241.0,291377c9,1.059
1456293241.0,37af09a8,0.999
1456293241.0,fbaf0901,0.999
1456293241.0,daecd82c,0.999
1456293241.0,d9e01646,0.999
1456293241.0,9d98dcbb,1.009
1456293241.0,de1eff76,0.999
1456293241.0,4c029f46,0.969
1456293241.0,81510092,1.019
1456293241.0,45374890,0.999
1456293241.0,3e32f401,0.999
1456293241.0,4c906efb,0.979
1456293241.0,e6b2872b,0.969
1456293241.0,3d026101,0.979
1456293241.0,6135497e,0.959
1456293241.0,176e9b96,0.979
1456293241.0,cfdada1d,0.999
1456293241.0,bc81a8ae,1.009
1456293241.0,d9132efc,1.029
1456293241.0,3a474dd3,1.009
1456293241.0,c3910784,0.969
1456293241.0,6f11a226,1.009
1456293241.0,93a0a521,1.014
1456293241.0,d265fb7c,0.999
1456293241.0,03f96d6c,1.019
1456293241.0,5353d90f,1.009
1456293241.0,4ee36e5e,0.989
1456293241.0,17651816,1.009
1456293241.0,07ff93d9,1.029
1456293241.0,f7aa1ff1,0.999
1456293241.0,077be4df,1.029
1456293241.0,9cb577d8,0.999
1456293241.0,,0.969
1456293241.0,0324ee01,1.019
1456293241.0,88b90de7,1.009
1456293241.0,2276c640,0.979
1456293241.0,de5a8b31,1.009
1456293241.0,5d73d979,0.989
1456293241.0,d4936377,1.009
1456293241.0,6a39da51,1.009
1456293241.0,33c8c51e,0.989
1456293241.0,60a05f95,1.009
1456293241.0,551bcdc0,1.099
1456293241.0,5c33525a,0.959
1456293241.0,a44224fe,1.039
1456293241.0,f8b10f81,1.009
1456293241.0,e5b98666,1.009
1456293241.0,9e5c868a,1.059
1456293241.0,2725d7d3,1.009
1456293241.0,9cf73813,0.999
1456293241.0,eec8c179,1.039
1456293241.0,6809dfa8,1.009
1456293241.0,92a6e659,0.999
1456293241.0,f8d0cb27,0.999
1456293241.0,6307df0c,1.039
1456293241.0,dd78438d,1.079
1456293241.0,878510cb,0.979
1456293241.0,,0.999
1456293241.0,d8714e76,0.989
1456293241.0,cc4d2444,0.979
1456293241.0,75c86f5d,0.949
1456293241.0,8c92cd65,0.969
1456293241.0,cea7fb15,1.019
1456293241.0,,0.979
1456293241.0,3e3ac396,1.009
1456293241.0,03ca5dbc,1.009
1456293241.0,19dd6ffa,0.999
1456293241.0,b546c000,1.009
1456293241.0,92e54876,1.009
1456293241.0,bb0418d7,0.999
1456293241.0,677b887d,1.059
1456293241.0,,0.999
1456293241.0,ef1844cf,0.999
1456293241.0,b5ead699,1.019
1456293241.0,d0e41b74,1.039
1456293241.0,100b6cf2,1.029
1456293241.0,1dbcc94c,0.969
1456293241.0,37c87f5e,1.029
1456293241.0,2397b3e4,1.009
1456293241.0,4fea3631,1.019
1456293241.0,235541b4,1.009
1456293241.0,64d3ba48,1.009
1456293241.0,00daa2b4,0.969
1456293241.0,ed986aff,0.969
1456293241.0,b0599356,1.019
1456293241.0,665513a1,0.939
1456293241.0,369b5326,0.989
1456293241.0,1623a484,1.019
1456293241.0,72c6e33b,0.949
1456293241.0,4d541f34,1.049
1456293241.0,4331b36c,0.989
1456293241.0,bbe091e3,0.989
1456293241.0,90a8536c,0.999
1456293241.0,7683a8c0,1.039
1456293241.0,179380b8,1.019
1456293241.0,c980bb7e,1.059
1456293241.0,8051f241,0.979
1456293241.0,,0.999
1456293241.0,8845e1a5,0.999
1456293241.0,041032df,1.059
1456293241.0,16ea6be7,0.999
1456293241.0,bf7ae178,0.979
1456293241.0,8f8b3ebe,0.979
1456293241.0,d4659823,0.989
1456293241.0,70f57512,0.959
1456293241.0,cedf23e6,1.039
1456293241.0,c1f62db6,1.019
1456293241.0,93a15b8e,0.989
1456293241.0,de567861,0.999
1456293241.0,dcab2d5d,0.959
1456293241.0,57fbf14f,0.979
1456293241.0,2b03c896,1.009
1456293241.0,69539d07,0.979
1456293241.0,5c70351c,0.999
1456293241.0,c1d4eea2,1.009
1456293241.0,f2b5514e,1.009
1456293241.0,ab937a23,0.999
1456293241.0,9a246c9a,0.999
1456293241.0,a5e1310f,0.999
1456293241.0,6da1952d,0.939
1456293241.0,f9347e34,0.989
1456293241.0,28932cab,0.999
1456293241.0,55344490,1.009
1456293241.0,2cb80e16,0.959
1456293241.0,4a8e26ae,1.009
1456293241.0,a8334abd,0.999
1456293241.0,6bddc0c9,1.009
1456293241.0,543855ac,1.019
1456293241.0,4b53a6b2,1.019
1456293241.0,cb8edd06,0.989
1456293241.0,ea1b9e67,1.009
1456293241.0,dc9494a5,1.009
1456293241.0,2ab71a71,1.029
1456293241.0,f7fc57ea,1.019
1456293241.0,75151463,0.999
1456293241.0,ab28d306,1.019
1456293241.0,d26f4ccf,0.999
1456293241.0,6c260eb8,0.969
1456293241.0,3d12dc1e,0.999
1456293241.0,c360e760,1.039
1456293241.0,95ab5a1d,0.989
1456293241.0,570b52de,1.019
1456293241.0,f9f28f31,1.019
1456293241.0,8fcd9062,0.989
1456293241.0,d5a420b3,1.029
1456293241.0,a59df71b,0.989
1456293241.0,06f2f6c0,0.999
1456293241.0,f9512832,1.009
1456293241.0,ea2476b3,1.009
1456293241.0,5be837d4,1.059
1456293241.0,ed0cd7e2,1.029
1456293241.0,7902adc7,1.009
1456293241.0,59304ef4,1.019
1456293241.0,c4395b95,1.019
1456293241.0,3e1f426f,1.029
1456293241.0,4c83adf3,1.029
1456293241.0,e80747bb,1.019
1456293241.0,9d7fe73c,1.009
1456293241.0,d84de198,0.979
1456293241.0,c10bd90f,1.009
1456293241.0,101e2d9b,1.009
1456293241.0,ea01675f,0.959
1456293241.0,7490aa54,1.009
1456293241.0,30176a30,1.029
1456293241.0,830faf16,1.009
1456293241.0,9f41a7c7,1.039
1456293241.0,1b1894a9,1.009
1456293241.0,2f02de37,0.999
1456293241.0,5e3c55e4,0.959
1456293241.0,058212e2,0.989
1456293241.0,6a1dd3bb,1.009
1456293241.0,8e7cb537,1.019
1456293241.0,8e8b8a63,0.999
1456293241.0,2b508314,1.009
1456293241.0,06de41d8,0.999
1456293241.0,e600b76d,0.959
1456293241.0,1553efff,1.019
1456293241.0,1c1982b4,0.999
1456293241.0,13037d15,0.999
1456293241.0,bc4dffd2,1.009
1456293241.0,5f650df4,0.999
1456293241.0,302c9dc6,0.999
1456293241.0,92d39932,0.969
1456293241.0,a1d24452,0.959
1456293241.0,fbddd358,1.019
1456293241.0,9fbde140,0.999
1456293241.0,9558140d,1.019
1456293241.0,ca9bd89a,0.999
1456293241.0,129f9511,1.009
1456293241.0,0683e641,0.969
1456293241.0,bc55dda5,1.009
1456293241.0,eadc25e7,1.039
1456293241.0,e8770e69,1.019
1456293241.0,,0.949
1456293241.0,a7b1a4ab,0.999
1456293241.0,5652b1d3,0.969
1456293241.0,c704c346,0.979
1456293241.0,7150ecaf,0.969
1456293241.0,f68a34f4,0.999
1456293241.0,abba0a2d,0.999
1456293241.0,6e2e5e05,1.069
1456293241.0,731e56e7,1.019
1456293241.0,dfad7b08,0.999
1456293241.0,bdd70033,1.039
1456293241.0,97c6460d,1.149
1456293241.0,ed554144,0.989
1456293241.0,9600cf84,1.079
1456293241.0,dee2e5fc,0.989
1456293241.0,0ebd49bf,1.019
1456293241.0,72056682,1.009
1456293241.0,a2987081,1.019
1456293241.0,fec7d478,1.019
1456293241.0,d5c5e431,0.969
1456293241.0,e3c90980,0.949
1456293241.0,ddaa5083,0.979
1456293241.0,5e983c4b,1.009
1456293241.0,96c2dcec,0.979
1456293241.0,329fbc05,0.999
1456293241.0,eaba5acb,0.999
1456293241.0,523156b3,1.039
1456293241.0,ceda1d43,0.999
1456293241.0,80d7d85e,0.969
1456293241.0,f747cfc3,0.989
1456293241.0,a45c4dc1,1.039
1456293241.0,0cef0607,0.949
1456293241.0,504126f8,1.039
1456293241.0,e9ff4fd7,0.959
1456293241.0,39abfbaf,0.929
1456293241.0,c06606c4,1.019
1456293241.0,4ea69365,1.009
1456293241.0,5d637168,0.999
1456293241.0,8d0323d4,1.029
1456293241.0,f4105cbc,0.979
1456293241.0,ae934bd5,0.999
1456293241.0,9f34d3c7,1.019
1456293241.0,cb0a9a47,1.019
1456293241.0,3f241a2c,1.019
1456293241.0,b5ec285f,1.019
1456293241.0,777eab33,1.019
1456293241.0,a395cb1b,0.999
1456293241.0,0e7f8607,0.989
1456293241.0,e433bf13,0.959
1456293241.0,10b34f01,1.019
1456293241.0,c0fe2d57,0.949
1456293241.0,a5b43fe1,1.029
1456293241.0,77f11204,0.949
1456293241.0,bf7f79ce,0.999
1456293241.0,25294ce8,0.999
1456293241.0,62f495a7,0.979
1456293241.0,de8bd970,0.999
1456293241.0,ccd903a8,0.989
1456293241.0,aa642af9,1.009
1456293241.0,d5be29d1,1.019
1456293241.0,493d1dbf,0.989
1456293241.0,58e1a8b4,1.019
1456293241.0,8a8346fc,0.999
1456293241.0,73af6d41,0.999
1456293241.0,196134a5,1.009
1456293241.0,f9fbac11,0.989
1456293241.0,41ea449e,1.029
1456293241.0,b6d22753,0.999
1456293241.0,54cd89cc,0.999
1456293241.0,6041e2b6,1.019
1456293241.0,ec22cdab,1.019
1456293241.0,c8898ee2,0.999
1456293241.0,7771a21d,1.019
1456293241.0,75856052,0.989
1456293241.0,ca71f476,1.029
1456293241.0,22a0ccda,0.929
1456293241.0,54e207d2,1.009
1456293241.0,849ac669,1.009
1456293241.0,0fb24e7d,0.999
1456293241.0,40e0779e,1.009
1456293241.0,ba76fc84,1.009
1456293241.0,d0e02780,1.039
1456293241.0,74775b0d,1.009
1456293241.0,862d0257,1.039
1456293241.0,16e01aa0,1.049
1456293241.0,9eb9c031,1.009
1456293241.0,622ea8b5,1.009
1456293241.0,c3cd9932,1.039
1456293241.0,b82c12f6,0.928
1456293241.0,7c0d469a,1.004
1456293241.0,ef67a83b,1.019
1456293241.0,,1.039
1456293241.0,028d28be,1.009
1456293241.0,f2c8e01a,1.009
1456293241.0,22e6cf1d,0.949
1456293241.0,4768200e,1.019
1456293241.0,dd329a1e,0.999
1456293241.0,8e5758d4,0.989
1456293241.0,9ac881d5,0.999
1456293241.0,d5ed0ac8,0.979
1456293241.0,256e2f5b,1.019
1456293241.0,6b13020d,1.009
1456293241.0,ed10c5b8,1.009
1456293241.0,3f2c1a7b,0.979
1456293241.0,a537b03c,0.989
1456293241.0,3e2d7201,0.989
1456293241.0,d85ccd5e,1.029
1456293241.0,bad87216,0.989
1456293241.0,53d76725,1.009
1456293241.0,4f650c42,1.059
1456293241.0,6fefe9a7,1.029
1456293241.0,8117afb7,1.039
1456293241.0,5c64167f,0.979
1456293241.0,5daabe07,0.989
1456293241.0,ead165dc,1.039
1456293241.0,09d54524,0.989
1456293241.0,,0.979
1456293241.0,feb45cd9,1.019
1456293241.0,d01ea35a,0.999
1456293241.0,1cdbfafd,0.999
1456293241.0,434de2f2,1.029
1456293241.0,f8f516ae,0.989
1456293241.0,211776ed,1.009
1456293241.0,a712b6c6,1.029
1456293241.0,237e0152,1.019
1456293241.0,5f143eb7,0.999
1456293241.0,fe407811,0.989
1456293241.0,267e21dd,0.979
1456293241.0,037aefcb,1.059
1456293241.0,57ef5f09,0.949
1456293241.0,4c67dc1a,1.039
1456293241.0,09e77dd9,1.019
1456293241.0,982daa57,1.029
1456293241.0,5a4ca547,0.979
1456293241.0,bc09f6c1,1.019
1456293241.0,26a76357,0.979
1456293241.0,034d1d51,0.999
1456293241.0,68e1f6e3,0.999
1456293241.0,b29e1284,1.049
1456293241.0,67c5b01c,0.979
1456293241.0,991367ac,1.019
1456293241.0,81b7d9e6,0.979
1456293241.0,ab241125,0.999
1456293241.0,de5d8f7a,0.969
1456293241.0,171f6dc3,0.999
1456293241.0,,1.019
1456293241.0,829cb453,1.019
1456293241.0,672c6cfd,1.009
1456293241.0,e544e8dc,1.059
1456293241.0,61271939,0.989
1456293241.0,bea1993d,1.039
1456293241.0,f8e5ba22,0.979
1456293241.0,996dd733,0.989
1456293241.0,6334f8a6,0.999
1456293241.0,c73ee0fc,1.039
1456293241.0,f2be6718,1.009
1456293241.0,e9f34b51,0.999
1456293241.0,9940dbfc,0.989
1456293241.0,fcfde105,0.959
1456293241.0,bb7226f1,0.989
1456293241.0,c58078e1,1.189
1456293241.0,aaadef5f,1.029
1456293241.0,9845e20e,0.969
1456293241.0,6244903c,1.009
1456293241.0,2a953aa3,1.069
1456293241.0,7cf2b30a,1.029
1456293241.0,53c036d3,0.979
1456293241.0,57e77986,0.979
1456293241.0,4fe4aa3c,0.989
1456293241.0,e9971f1a,1.029
1456293241.0,871f200d,0.989
1456293241.0,e20988bb,0.959
1456293241.0,537b151f,0.979
1456293241.0,fabbbb00,1.019
1456293241.0,cf3aa97f,0.999
1456293241.0,fc42b1f2,1.029
1456293241.0,c1819b96,1.039
1456293241.0,7f42a07f,1.009
1456293241.0,837ae634,0.989
1456293481.0,a0fa9b20,0.999
1456293481.0,2fbb9c5a,0.979
1456293481.0,0aeed7ce,0.979
1456293481.0,cd61632c,1.009
1456293481.0,73cecb0d,0.989
1456293481.0,43161acd,1.009
1456293481.0,3a4ffbbf,0.999
1456293481.0,819eb542,0.979
1456293481.0,30797552,0.979
1456293481.0,4c36fcd5,0.979
1456293481.0,2a554c81,0.979
1456293481.0,bffe1a68,0.989
1456293481.0,a6b83ee4,0.999
1456293481.0,6e7d1516,0.999
1456293481.0,ebd9a39f,0.959
1456293481.0,c0f22ef5,0.989
1456293481.0,646811ac,0.979
1456293481.0,eaf5b8e2,0.999
1456293481.0,12437a10,1.059
1456293481.0,7cd1d3ec,0.999
1456293481.0,ee36bec6,1.019
1456293481.0,74b270e2,1.019
1456293481.0,c4f355fb,0.999
1456293481.0,09f3e38a,1.009
1456293481.0,33c885cc,0.949
1456293481.0,bcaf4920,1.009
1456293481.0,8794cb26,1.009
1456293481.0,98d8519a,0.999
1456293481.0,19a4dc27,0.969
1456293481.0,8a33170f,1.029
1456293481.0,f889436a,1.019
1456293481.0,157d06a5,0.999
1456293481.0,21a0bd76,0.999
1456293481.0,,0.959
1456293481.0,332127f3,1.009
1456293481.0,7d2e5c20,0.989
1456293481.0,acb93b88,1.009
1456293481.0,c6dcc020,1.009
1456293481.0,7b125f4e,1.009
1456293481.0,091ee9ad,1.039
1456293481.0,c1772f1e,0.999
1456293481.0,761dd171,1.019
1456293481.0,fa4b70b0,1.029
1456293481.0,5000f0c5,0.989
1456293481.0,cd7f824c,0.999
1456293481.0,967f436d,1.039
1456293481.0,,1.039
1456293481.0,03dc24ac,0.989
1456293481.0,2778bb34,0.999
1456293481.0,84524e63,1.029
1456293481.0,c952f3ae,1.009
1456293481.0,89376981,0.989
1456293481.0,e401b629,1.009
1456293481.0,4b36fa89,1.029
1456293481.0,79ca8f37,1.099
1456293481.0,5d4a550d,0.999
1456293481.0,f6308e2a,0.999
1456293481.0,136065e7,1.109
1456293481.0,1b5ef1d1,1.039
1456293481.0,2c58ecc7,0.959
1456293481.0,7d4cb90b,1.019
1456293481.0,0001c9be,0.999
1456293481.0,fe6d2d7c,0.999
1456293481.0,c25c5571,0.959
1456293481.0,1388fe07,1.039
1456293481.0,788fd9ec,1.009
1456293481.0,8d3bf964,1.069
1456293481.0,c4d4fdc6,1.019
1456293481.0,03cdbd16,1.019
1456293481.0,6a79b20f,0.969
1456293481.0,8f3d810d,0.999
1456293481.0,ce063fd7,1.019
1456293481.0,58d71582,1.009
1456293481.0,a2729b52,0.999
1456293481.0,39bde8e3,1.009
1456293481.0,9827c099,1.009
1456293481.0,92bebd84,0.999
1456293481.0,ad7fb7be,0.999
1456293481.0,ab73ed58,0.999
1456293481.0,405af975,1.039
1456293481.0,f86443f3,0.999
1456293481.0,12fa7f3d,1.019
1456293481.0,83cdf5cb,1.009
1456293481.0,7cdcdb86,0.999
1456293481.0,45ee1cd9,1.019
1456293481.0,171ebb74,1.019
1456293481.0,56f076dc,0.949
1456293481.0,5ccd5966,0.999
1456293481.0,0c18ba5f,0.979
1456293481.0,b24e03a5,1.009
1456293481.0,a332486b,1.039
1456293481.0,d570c239,0.999
1456293481.0,909da1d9,1.009
1456293481.0,e6d32ea4,1.019
1456293481.0,5318f3a8,1.009
1456293481.0,0fd8b490,1.019
1456293481.0,f4accce7,1.029
1456293481.0,41182762,0.979
1456293481.0,e3b8e203,0.979
1456293481.0,9789b717,1.039
1456293481.0,27613fe7,0.999
1456293481.0,53f24788,1.019
1456293481.0,121e3dd1,1.009
1456293481.0,dafe4162,0.989
1456293481.0,cadf2d6d,0.989
1456293481.0,f8ebbae1,0.999
1456293481.0,c8216f55,1.059
1456293481.0,27f88bd4,0.989
1456293481.0,028c59d7,1.029
1456293481.0,5bbe0a9d,0.999
1456293481.0,3b3b7c54,1.019
1456293481.0,6f16196e,0.949
1456293481.0,3fcbe3b5,1.019
1456293481.0,c9d1727e,0.999
1456293481.0,7bed69b1,0.979
1456293481.0,f479c8f0,1.009
1456293481.0,1a704d84,1.009
1456293481.0,,0.989
1456293481.0,f989aaff,0.989
1456293481.0,29e75614,0.969
1456293481.0,c7381288,0.999
1456293481.0,68be5dbf,1.009
1456293481.0,c32b7c81,0.999
1456293481.0,1ba4d2a5,0.989
1456293481.0,5a3e246d,1.009
1456293481.0,d64706be,0.979
1456293481.0,7f3123c2,1.009
1456293481.0,693a4986,0.949
1456293481.0,67fb9f82,1.039
1456293481.0,72c5857a,1.009
1456293481.0,aa75d7c1,1.039
1456293481.0,d2a69e6d,0.999
1456293481.0,bef1c266,1.019
1456293481.0,b5e413c4,0.999
1456293481.0,f052c9f4,1.029
1456293481.0,adf56fc9,1.009
1456293481.0,7fa92b87,1.004
1456293481.0,39c4efe0,0.999
1456293481.0,48bf5afb,0.999
1456293481.0,91f136df,1.009
1456293481.0,6f2ba4ed,0.999
1456293481.0,3d592311,0.989
1456293481.0,c08c0585,1.019
1456293481.0,5d790a6e,1.079
1456293481.0,d7fbc628,1.039
1456293481.0,8e306a91,0.979
1456293481.0,740b965a,1.009
1456293481.0,dbad6afc,0.949
1456293481.0,7cad2e85,0.969
1456293481.0,7dfbe965,1.019
1456293481.0,f8b49237,1.019
1456293481.0,acd58708,0.934
1456293481.0,97f555af,0.999
1456293481.0,b67ae9fe,1.009
1456293481.0,d36f6c02,1.069
1456293481.0,21ab2968,1.019
1456293481.0,103696f9,1.039
1456293481.0,9dafb631,1.029
1456293481.0,e371c619,1.059
1456293481.0,a8f01af7,0.989
1456293481.0,0a67fa6f,1.039
1456293481.0,a894c70b,1.019
1456293481.0,c9c1fe89,0.969
1456293481.0,7e1ad2f6,1.009
1456293481.0,5ba0908f,0.999
1456293481.0,f7877ed7,0.999
1456293481.0,2214026d,1.029
1456293481.0,72536881,0.999
1456293481.0,6b2baaee,0.969
1456293481.0,d05c205a,0.989
1456293481.0,048e9166,1.029
1456293481.0,17efd51c,1.039
1456293481.0,1e2441ce,0.949
1456293481.0,13afa0e9,1.009
1456293481.0,13bb32b4,0.989
1456293481.0,a4416f40,1.029
1456293481.0,c0e7740b,1.029
1456293481.0,34f054d7,1.019
1456293481.0,21d0f81c,1.059
1456293481.0,465ed67d,0.999
1456293481.0,41d483a2,1.009
1456293481.0,6100ae5a,1.019
1456293481.0,dca18dd2,1.019
1456293481.0,2234b79f,1.019
1456293481.0,c11feddb,0.969
1456293481.0,93f20e30,0.999
1456293481.0,04524480,0.989
1456293481.0,9b0e4618,0.979
1456293481.0,c6ab8656,0.979
1456293481.0,c00a63fa,0.999
1456293481.0,08f23eff,1.019
1456293481.0,aa2cc83b,1.009
1456293481.0,9c5b140c,1.039
1456293481.0,a3cd819d,0.999
1456293481.0,ccaf0017,0.999
1456293481.0,f37029f1,0.989
1456293481.0,28e3481f,0.979
1456293481.0,57a33e46,0.979
1456293481.0,2ee62167,1.019
1456293481.0,a1605c07,0.989
1456293481.0,2685fde6,1.029
1456293481.0,07991b53,0.979
1456293481.0,d64903d3,1.039
1456293481.0,4ba70eb8,1.019
1456293481.0,20015b2d,1.009
1456293481.0,d63e5150,1.009
1456293481.0,ee4163c1,0.989
1456293481.0,d5d39b19,0.999
1456293481.0,0716682f,0.999
1456293481.0,864faff4,0.989
1456293481.0,d97d5b77,0.989
1456293481.0,,1.049
1456293481.0,0b8418b0,0.999
1456293481.0,d3953243,1.009
1456293481.0,164df318,1.029
1456293481.0,2d3e73c9,0.959
1456293481.0,81ffe4cd,1.009
1456293481.0,34df7d57,1.019
1456293481.0,712e5646,0.999
1456293481.0,887915b9,0.989
1456293481.0,4d15a2cc,0.989
1456293481.0,784f069a,1.019
1456293481.0,f22bbd79,0.939
1456293481.0,d3f0653f,1.019
1456293481.0,8b04f514,1.039
1456293481.0,b3457bb4,1.019
1456293481.0,8b485c5e,1.009
1456293481.0,bc514af8,1.029
1456293481.0,0e568db0,1.029
1456293481.0,a472716e,1.019
1456293481.0,bbbd1342,1.099
1456293481.0,974e5578,0.959
1456293481.0,575ae8b7,1.019
1456293481.0,f4a86f83,0.989
1456293481.0,b7bd3267,1.019
1456293481.0,6321db63,0.979
1456293481.0,153762cf,0.999
1456293481.0,f83e7349,0.989
1456293481.0,b791cb2d,0.989
1456293481.0,d2b45043,1.019
1456293481.0,ab4da979,1.039
1456293481.0,fe19868d,1.019
1456293481.0,d54da67a,0.969
1456293481.0,d543df0e,0.969
1456293481.0,afef2724,0.989
1456293481.0,4a451b1d,1.009
1456293481.0,0b55b37e,1.009
1456293481.0,9ca777a2,1.029
1456293481.0,11fd2741,0.979
1456293481.0,04f94792,1.009
1456293481.0,3f09175f,0.969
1456293481.0,e576fe06,1.019
1456293481.0,,1.059
1456293481.0,c03e7ffa,0.949
1456293481.0,a260f4a5,0.989
1456293481.0,212dc31a,0.999
1456293481.0,a9f445d8,0.969
1456293481.0,36dc6ea5,0.969
1456293481.0,2945d488,0.979
1456293481.0,279cc342,0.959
1456293481.0,e5e2bf67,0.979
1456293481.0,09e2fa96,0.989
1456293481.0,acae2da4,0.979
1456293481.0,5048cff6,1.009
1456293481.0,68480e7b,1.019
1456293481.0,c394bd6a,1.009
1456293481.0,b22e443b,1.029
1456293481.0,c88259dc,1.009
1456293481.0,bd42a430,0.999
1456293481.0,8bda8d2f,1.039
1456293481.0,5effda31,0.989
1456293481.0,bc47d203,0.969
1456293481.0,71fc80a1,1.009
1456293481.0,a182ab0c,1.019
1456293481.0,0e61862e,1.029
1456293481.0,0bcc45f5,1.009
1456293481.0,c2123d31,0.969
1456293481.0,04a6f941,1.019
1456293481.0,c7f1eb71,1.029
1456293481.0,e539e257,1.009
1456293481.0,d717e4c7,1.009
1456293481.0,4367b614,0.979
1456293481.0,a8582781,1.009
1456293481.0,63fe8dd4,0.999
1456293481.0,a335cad7,1.009
1456293481.0,9b8b3fcc,1.029
1456293481.0,73ad722d,0.989
1456293481.0,2e047349,1.009
1456293481.0,faaa1fe7,1.039
1456293481.0,43b2838d,0.999
1456293481.0,5a8b0e02,0.999
1456293481.0,35d2c9ad,1.029
1456293481.0,a0b4fcec,0.989
1456293481.0,8e7cb537,1.009
1456293481.0,53d2ed19,1.019
1456293481.0,764a9f1e,0.979
1456293481.0,fb1b5fff,0.979
1456293481.0,2cf175a8,0.999
1456293481.0,e5573fdc,0.999
1456293481.0,6df6da28,1.009
1456293481.0,734b43c2,0.969
1456293481.0,27544315,1.009
1456293481.0,a1766ee6,1.019
1456293481.0,e010375a,1.009
1456293481.0,ab49a3d7,0.959
1456293481.0,7aa37f95,0.979
1456293481.0,c843ae37,0.989
1456293481.0,5e64662a,1.009
1456293481.0,45ae0804,1.024
1456293481.0,3fc2e10c,1.019
1456293481.0,59f961f5,0.989
1456293481.0,fbb2872c,0.999
1456293481.0,9f766263,0.979
1456293481.0,,0.999
1456293481.0,d606d463,1.039
1456293481.0,08e08bee,1.029
1456293481.0,40b29863,0.999
1456293481.0,5fd380ef,1.029
1456293481.0,70879f72,1.009
1456293481.0,6e2e5e05,1.049
1456293481.0,f06e40a6,1.009
1456293481.0,6411aa60,1.009
1456293481.0,b8088ed5,1.009
1456293481.0,ddc6b3b1,0.959
1456293481.0,18ec7b65,0.929
1456293481.0,01b26f60,1.029
1456293481.0,b1184001,0.989
1456293481.0,52227bb2,0.999
1456293481.0,16ff16ba,1.019
1456293481.0,ab84ea8f,1.009
1456293481.0,f74fad88,0.999
1456293481.0,4a590311,0.979
1456293481.0,1e78351c,1.019
1456293481.0,,0.989
1456293481.0,4db7ed00,0.999
1456293481.0,4fdba90a,0.989
1456293481.0,74864c80,1.009
1456293481.0,f55f0649,0.999
1456293481.0,ce6b83b7,1.019
1456293481.0,649a77db,1.009
1456293481.0,c290efa7,1.059
1456293481.0,0d730a98,0.999
1456293481.0,bec87d80,1.039
1456293481.0,cbd96815,0.989
1456293481.0,9ab54d52,1.059
1456293481.0,5103112e,1.009
1456293481.0,218b7c8b,0.969
1456293481.0,dce07572,1.039
1456293481.0,f8d94280,0.999
1456293481.0,f8080a8e,1.019
1456293481.0,39e2b6d0,0.969
1456293481.0,0774916f,0.999
1456293481.0,0980ddb6,1.019
1456293481.0,1ff0ade7,0.988
1456293481.0,a971d6fb,0.969
1456293481.0,b43ac946,0.969
1456293481.0,dce30980,0.999
1456293481.0,1ffbed87,1.029
1456293481.0,0ccf9d49,1.009
1456293481.0,d7ee03a5,1.149
1456293481.0,b5ec285f,1.019
1456293481.0,5c59a043,0.959
1456293481.0,efdee81f,1.009
1456293481.0,6fc48997,0.959
1456293481.0,e6c2b040,0.989
1456293481.0,fd09c85a,0.969
1456293481.0,e8b2cb64,0.979
1456293481.0,6097ffe8,0.959
1456293481.0,efd124a1,0.979
1456293481.0,e37dd80a,0.979
1456293481.0,88dd7fc5,1.059
1456293481.0,30389cde,1.009
1456293481.0,84558d7a,1.089
1456293481.0,5eddffaf,1.019
1456293481.0,8c2198f0,1.019
1456293481.0,,0.999
1456293481.0,1a08fd43,0.999
1456293481.0,e3330ca1,0.989
1456293481.0,7662cc12,0.999
1456293481.0,3f054566,1.009
1456293481.0,98677b5e,1.019
1456293481.0,37bbaa9d,0.969
1456293481.0,dedc2342,0.979
1456293481.0,7ba3471a,1.009
1456293481.0,e89c4d58,0.999
1456293481.0,da75620f,1.009
1456293481.0,f01bd5b6,1.019
1456293481.0,ce43b17e,1.029
1456293481.0,6ad7e90e,0.999
1456293481.0,aa2018b8,1.019
1456293481.0,a16adda9,0.989
1456293481.0,,0.999
1456293481.0,44f748b5,1.009
1456293481.0,ae8a27ee,0.989
1456293481.0,6e065b53,0.959
1456293481.0,0434e895,1.009
1456293481.0,790cb266,0.999
1456293481.0,c1548059,1.009
1456293481.0,87513076,1.009
1456293481.0,0e416155,0.949
1456293481.0,ed61f658,0.989
1456293481.0,ecf2754f,1.019
1456293481.0,0dd8ba4c,1.029
1456293481.0,4dc315a0,0.999
1456293481.0,2ce5573c,0.999
1456293481.0,07ca952f,1.049
1456293481.0,3bf46d9b,1.009
1456293481.0,94b48398,0.999
1456293481.0,d195f0c9,1.029
1456293481.0,3db6506a,1.009
1456293481.0,f92bdf7c,0.999
1456293481.0,c41ce805,1.019
1456293481.0,dadcaa77,1.009
1456293481.0,a373cdfc,0.979
1456293481.0,02a3ff50,0.989
1456293481.0,dc944647,0.949
1456293481.0,5d0bbc06,0.979
1456293481.0,0ac38eb6,0.999
1456293481.0,c59b6311,0.989
1456293481.0,d472efac,0.979
1456293481.0,c53c6b6d,0.969
1456293481.0,a11d220b,0.989
1456293481.0,67ceb000,0.969
1456293481.0,f6a0a590,0.989
1456293481.0,09391e15,0.979
1456293481.0,8ec1148e,0.989
1456293481.0,a167f6d7,0.989
1456293481.0,89ed2644,0.999
1456293481.0,14d17f9a,0.929
1456293481.0,5054e21e,0.989
1456293481.0,a07be25b,1.009
1456293481.0,75d9d944,1.089
1456293481.0,2335fb5f,0.989
1456293481.0,2638af68,1.029
1456293481.0,27c6fcd5,1.019
1456293481.0,36d7c026,0.949
1456293481.0,9168991d,0.999
1456293481.0,045fdfdf,0.959
1456293481.0,5c451464,1.009
1456293481.0,c1f19463,1.009
1456293481.0,baff6152,0.999
1456293481.0,78a3ab05,0.989
1456293481.0,69877eac,1.009
1456293481.0,48d0e555,1.009
1456293481.0,8c4f6021,1.009
1456293481.0,0d270d75,0.959
1456293481.0,256e6d2f,0.999
1456293481.0,82812943,0.979
1456293481.0,c97f1f02,0.979
1456293481.0,577368de,1.009
1456293481.0,47d7ec0a,0.999
1456293481.0,52bd7863,1.059
1456293481.0,67c5b01c,0.969
1456293481.0,8289e2d3,0.999
1456293481.0,a30e7878,1.039
1456293481.0,b32ae972,1.019
1456293481.0,9e1d1354,1.059
1456293481.0,0d0459d7,1.119
1456293481.0,f9f836d8,1.029
1456293481.0,72ec8a0d,0.989
1456293481.0,2c83c3c5,0.979
1456293481.0,188a79d3,0.969
1456293481.0,63f74b4d,0.999
1456293481.0,8f8ade78,1.019
1456293481.0,c29d02a5,0.959
1456293481.0,5763ef3b,0.979
1456293481.0,f8abf94c,0.959
1456293481.0,ddbf70bf,1.019
1456293481.0,823a371f,1.009
1456293481.0,5270f932,1.039
1456293481.0,aa9c7d7a,1.029
1456293481.0,7fc72456,0.999
1456293481.0,b48a36b2,0.979
1456293481.0,741f4fab,0.969
1456293481.0,799f1fd6,1.009
1456293481.0,610132a0,1.029
1456293481.0,53635853,0.959
1456293481.0,c6e11963,0.999
1456293481.0,afc65a6d,1.089
1456293481.0,,1.009
1456293481.0,eeb96d2d,0.999
1456293481.0,87767ef4,1.039
1456293481.0,2787cfe0,0.999
1456293481.0,a774140b,1.039
1456293481.0,58e56c66,0.999
1456293481.0,5d11fd07,1.009
1456293721.0,7dc20122,0.969
1456293721.0,0aeed7ce,0.969
1456293721.0,2f03265e,0.989
1456293721.0,0e18520c,0.989
1456293721.0,055288cb,0.959
1456293721.0,ef735696,0.959
1456293721.0,b5cf690e,0.989
1456293721.0,c87f2cf7,0.949
1456293721.0,bd100d45,0.989
1456293721.0,4721133a,0.929
1456293721.0,08311643,0.989
1456293721.0,d52b5e19,1.049
1456293721.0,4db94296,1.019
1456293721.0,2261c811,0.949
1456293721.0,2ddaec8d,0.949
1456293721.0,6d7e72b2,1.019
1456293721.0,6f9fee8c,0.989
1456293721.0,fc64f929,1.009
1456293721.0,ba9a540e,1.009
1456293721.0,1ed95260,1.029
1456293721.0,668cb8e1,0.969
1456293721.0,756325f1,0.989
1456293721.0,85d0e643,1.019
1456293721.0,d56a4712,1.009
1456293721.0,0ed0bca9,1.009
1456293721.0,c5b39c57,1.009
1456293721.0,e64f148b,1.019
1456293721.0,909782ef,1.029
1456293721.0,4015542f,1.019
1456293721.0,22e23737,1.029
1456293721.0,ceefde2a,0.959
1456293721.0,0c728d01,0.999
1456293721.0,bdd895df,0.989
1456293721.0,77dec945,0.999
1456293721.0,5ef22064,0.999
1456293721.0,e33ec07a,0.979
1456293721.0,24e62803,0.989
1456293721.0,13b8b105,0.989
1456293721.0,4a2e604f,0.999
1456293721.0,ed5d2ad9,1.009
1456293721.0,25cdefd0,1.039
1456293721.0,902ccc5b,0.989
1456293721.0,9278d791,0.999
1456293721.0,c595c849,1.049
1456293721.0,485c7940,0.989
1456293721.0,a72d491e,0.989
1456293721.0,e9abc101,1.009
1456293721.0,0f7d5e0f,0.969
1456293721.0,a14af66a,1.039
1456293721.0,a176d119,0.999
1456293721.0,d33634e3,0.999
1456293721.0,eecb0e50,1.009
1456293721.0,,1.009
1456293721.0,7bc75eb5,1.019
1456293721.0,36a9895c,0.999
1456293721.0,696e88f4,0.989
1456293721.0,67c4f219,1.039
1456293721.0,,0.999
1456293721.0,22455ce3,0.999
1456293721.0,5f0b3d94,1.009
1456293721.0,ce5e8238,0.999
1456293721.0,749a3491,0.979
1456293721.0,9917cb8f,1.019
1456293721.0,dacaa91d,1.009
1456293721.0,f0d7ea8a,0.999
1456293721.0,e827975b,0.989
1456293721.0,010520ef,0.959
1456293721.0,85a9ebeb,1.029
1456293721.0,6e72fd5e,0.999
1456293721.0,42d76a3c,1.009
1456293721.0,5ae6dfd2,1.029
1456293721.0,a618c589,0.999
1456293721.0,095187b4,0.969
1456293721.0,2861d5a0,1.009
1456293721.0,dd08505c,1.019
1456293721.0,208f7301,0.989
1456293721.0,32c66e9a,0.959
1456293721.0,4418fdab,0.949
1456293721.0,08919b22,0.979
1456293721.0,5d832d02,1.009
1456293721.0,3c6b3035,0.949
1456293721.0,8659a4a3,1.019
1456293721.0,0defca9f,1.009
1456293721.0,4b757a5a,0.949
1456293721.0,c4d4fdc6,1.009
1456293721.0,06881b45,1.009
1456293721.0,6a19a25a,0.999
1456293721.0,cb98fbad,0.969
1456293721.0,aa57fbe1,0.999
1456293721.0,b066103f,0.999
1456293721.0,87959c0c,0.999
1456293721.0,e77693ae,0.979
1456293721.0,cd3580e7,0.989
1456293721.0,53f9f79f,1.009
1456293721.0,43973ab1,0.989
1456293721.0,1a441427,0.969
1456293721.0,8ff28f6b,0.999
1456293721.0,7534fa3e,0.959
1456293721.0,00bb9689,1.009
1456293721.0,e01507d6,1.009
1456293721.0,51fcda8d,0.999
1456293721.0,9d9e60c3,0.977
1456293721.0,0dac1cdc,1.039
1456293721.0,861dd273,0.979
1456293721.0,6735727d,0.989
1456293721.0,e878527c,1.009
1456293721.0,b6387436,0.979
1456293721.0,209105a0,1.009
1456293721.0,7f79215f,1.009
1456293721.0,668ec837,1.019
1456293721.0,58bc480d,1.034
1456293721.0,83cdf5cb,1.009
1456293721.0,80072a71,1.009
1456293721.0,993479c7,1.009
1456293721.0,45ee1cd9,0.969
1456293721.0,3dbf1358,1.029
1456293721.0,27917288,0.999
1456293721.0,6c7a5ec7,1.049
1456293721.0,d2b9e2a3,0.999
1456293721.0,59d94ded,1.029
1456293721.0,301f8f7b,1.019
1456293721.0,60fea7bf,1.029
1456293721.0,3ca3cce3,1.039
1456293721.0,f46401d5,1.039
1456293721.0,aab15586,0.989
1456293721.0,0b46b912,1.009
1456293721.0,8820ca40,1.019
1456293721.0,abac441c,1.019
1456293721.0,716b6235,1.029
1456293721.0,a83de21c,0.989
1456293721.0,3796fed2,1.019
1456293721.0,22d16d09,1.009
1456293721.0,cb619856,1.009
1456293721.0,75bb0d76,1.039
1456293721.0,b29751cb,0.999
1456293721.0,b8f60770,1.009
1456293721.0,d224cc8c,0.959
1456293721.0,35305598,0.989
1456293721.0,2ec1652c,0.979
1456293721.0,aca2d2bc,1.009
1456293721.0,894d4a6d,0.989
1456293721.0,5b46611d,1.009
1456293721.0,5ca2e06e,0.999
1456293721.0,1bfef5b8,0.999
1456293721.0,a9b88996,1.089
1456293721.0,0c2ddab7,1.019
1456293721.0,128c4a0e,0.979
1456293721.0,d6c38103,0.999
1456293721.0,85f13a6c,1.009
1456293721.0,7ab8a6b9,1.019
1456293721.0,c86f3c0f,0.999
1456293721.0,c8216f55,1.029
1456293721.0,5747e8a7,0.999
1456293721.0,f3a6a0c8,1.009
1456293721.0,028c59d7,1.029
1456293721.0,be6d21fe,1.029
1456293721.0,bdd98662,1.239
1456293721.0,b7dc9356,0.999
1456293721.0,bd1e659d,0.989
1456293721.0,9f4969b7,1.009
1456293721.0,1a704d84,0.999
1456293721.0,4ac089ef,1.009
1456293721.0,1e7768a8,1.009
1456293721.0,ddefb778,1.029
1456293721.0,b9d2597b,0.999
1456293721.0,64d3fea8,1.039
1456293721.0,5f092464,0.999
1456293721.0,860a70dd,0.999
1456293721.0,235c0c8c,1.039
1456293721.0,e0fd14c5,0.949
1456293721.0,b05147af,0.999
1456293721.0,c6388189,1.009
1456293721.0,b258c197,1.079
1456293721.0,096706c3,0.949
1456293721.0,cb5cc628,1.009
1456293721.0,fad136e0,1.009
1456293721.0,3bb74884,1.039
1456293721.0,3615bb32,1.009
1456293721.0,2eea7b6b,0.999
1456293721.0,6f85f5da,0.979
1456293721.0,25528e17,0.968
1456293721.0,5773d9f5,1.019
1456293721.0,0fddeb66,0.999
1456293721.0,e17eccc4,1.029
1456293721.0,f723b50e,1.009
1456293721.0,dee66d10,1.009
1456293721.0,251d5667,0.969
1456293721.0,bb41a6c9,1.019
1456293721.0,70bc5eff,0.989
1456293721.0,078ea69e,0.999
1456293721.0,f6301788,0.999
1456293721.0,6aa8dde2,1.039
1456293721.0,addbc61c,0.999
1456293721.0,91f136df,0.989
1456293721.0,7001785d,1.019
1456293721.0,a7be9b25,0.989
1456293721.0,29552de4,0.979
1456293721.0,240e728f,0.969
1456293721.0,d3bf8582,1.009
1456293721.0,b27b4435,0.999
1456293721.0,855563c1,0.959
1456293721.0,04583028,0.999
1456293721.0,dbba73c9,0.959
1456293721.0,9c16f557,0.949
1456293721.0,aa86d47e,0.969
1456293721.0,81fb03d2,0.979
1456293721.0,e0808ce1,0.989
1456293721.0,2ab02348,0.979
1456293721.0,0b4a5e48,0.989
1456293721.0,ed8f4b16,0.979
1456293721.0,101c8b80,0.999
1456293721.0,3f96a850,0.979
1456293721.0,29ebe1f6,1.009
1456293721.0,9d3391d9,0.999
1456293721.0,2c1a8318,0.999
1456293721.0,bde67b17,0.969
1456293721.0,8a338e32,0.979
1456293721.0,258838b1,0.979
1456293721.0,d023c7ae,0.989
1456293721.0,c8eaf4a4,0.989
1456293721.0,e85e990b,0.939
1456293721.0,662f41b7,0.969
1456293721.0,4683ed0e,0.989
1456293721.0,d7530e7f,0.999
1456293721.0,cae62627,1.129
1456293721.0,6805990d,1.009
1456293721.0,f8b49237,1.019
1456293721.0,d36f6c02,0.969
1456293721.0,350e97c6,0.969
1456293721.0,67ba0742,1.019
1456293721.0,077be4df,1.019
1456293721.0,c6ce8e17,1.039
1456293721.0,6aa7f92d,1.069
1456293721.0,49ac9777,0.989
1456293721.0,a5c5f9b2,1.009
1456293721.0,0a1db8aa,1.009
1456293721.0,035e6206,0.969
1456293721.0,4eea00cc,1.009
1456293721.0,3d340b37,1.009
1456293721.0,b39d969e,1.009
1456293721.0,a2943eb8,1.009
1456293721.0,c7cc37d7,1.039
1456293721.0,26613c3a,1.009
1456293721.0,14b507db,0.999
1456293721.0,a82fd967,0.999
1456293721.0,16a9ef92,0.999
1456293721.0,6cf550c8,0.999
1456293721.0,c804ac06,1.029
1456293721.0,3f3da6de,0.999
1456293721.0,f125a348,1.039
1456293721.0,3dbec780,1.009
1456293721.0,14d744d4,0.999
1456293721.0,861a2709,0.999
1456293721.0,8c0782e7,0.969
1456293721.0,6d017696,1.009
1456293721.0,a919a056,0.939
1456293721.0,6719ddbc,0.999
1456293721.0,42c3f67b,1.049
1456293721.0,0fc11a52,0.989
1456293721.0,c40bc606,0.989
1456293721.0,db1ffa50,0.959
1456293721.0,4f58556c,0.969
1456293721.0,8e8a5274,0.979
1456293721.0,0a0a9a40,0.989
1456293721.0,,0.999
1456293721.0,14342e98,1.089
1456293721.0,d327c1d7,1.019
1456293721.0,26e8a3e0,0.999
1456293721.0,7bc87ccf,1.019
1456293721.0,e4e4bf18,0.989
1456293721.0,fca5511b,0.989
1456293721.0,4c45b855,0.969
1456293721.0,df9cde99,1.009
1456293721.0,a41bb594,0.929
1456293721.0,32065a23,0.979
1456293721.0,8d2a1873,0.979
1456293721.0,6cf5b38f,1.009
1456293721.0,d338e293,1.009
1456293721.0,8de805ba,1.009
1456293721.0,d19b61da,0.989
1456293721.0,75d9dd17,0.939
1456293721.0,a6ffe7e6,1.049
1456293721.0,6bbc54b6,1.019
1456293721.0,,1.029
1456293721.0,fa99c07b,1.039
1456293721.0,884f8926,1.039
1456293721.0,8e300fb3,0.959
1456293721.0,f5acb0ce,0.979
1456293721.0,97c2b006,0.999
1456293721.0,8b13f9ae,1.009
1456293721.0,dae657d5,1.039
1456293721.0,3e5ecb79,1.009
1456293721.0,e1aebaad,0.949
1456293721.0,dbb755da,1.009
1456293721.0,d51a9b5e,1.089
1456293721.0,774ee61f,1.029
1456293721.0,3c497123,0.969
1456293721.0,ec81af8f,1.009
1456293721.0,088d1639,1.039
1456293721.0,f105f24c,0.999
1456293721.0,d1d61cfb,1.029
1456293721.0,be03744e,1.009
1456293721.0,c2bf8f60,0.989
1456293721.0,2b00ce60,1.019
1456293721.0,74a97362,0.959
1456293721.0,918e2883,1.009
1456293721.0,,1.019
1456293721.0,563c9041,0.959
1456293721.0,e4465e8e,0.999
1456293721.0,7858e931,0.999
1456293721.0,5459c738,0.999
1456293721.0,1dcc8077,1.019
1456293721.0,21358755,1.039
1456293721.0,f48460b9,1.019
1456293721.0,0e8115b4,0.999
1456293721.0,47a5253e,1.029
1456293721.0,69539d07,0.969
1456293721.0,0243f1d9,0.999
1456293721.0,c1d4eea2,1.009
1456293721.0,004e3e89,1.029
1456293721.0,645a5047,0.999
1456293721.0,b7bd3267,0.999
1456293721.0,93d189cf,1.019
1456293721.0,1ee9a733,0.999
1456293721.0,285927ae,1.009
1456293721.0,d54da67a,0.959
1456293721.0,be9c118a,1.009
1456293721.0,1d287189,1.049
1456293721.0,3bafbbfc,1.009
1456293721.0,0ddddfa0,0.979
1456293721.0,b42a4f26,1.039
1456293721.0,5f9e44dd,1.019
1456293721.0,df74c4c4,1.009
1456293721.0,f4281f38,0.919
1456293721.0,aae959c2,0.919
1456293721.0,23c736d7,0.959
1456293721.0,f14d7030,0.929
1456293721.0,a9ad29e3,1.019
1456293721.0,9e0e4f3e,1.009
1456293721.0,ef03dcfa,1.009
1456293721.0,1bae705e,1.019
1456293721.0,9bccabe6,0.989
1456293721.0,48ef3fea,1.019
1456293721.0,d4f50f76,1.019
1456293721.0,d556f79b,0.979
1456293721.0,49633dc8,0.999
1456293721.0,202abd50,0.959
1456293721.0,1087e8a7,0.969
1456293721.0,67a88200,1.009
1456293721.0,432fc77d,1.009
1456293721.0,82dfbbfb,0.999
1456293721.0,424834c6,1.039
1456293721.0,1b2380b6,1.039
1456293721.0,92eb0a93,0.999
1456293721.0,3487a048,0.999
1456293721.0,0e367b40,1.019
1456293721.0,bec40c36,1.009
1456293721.0,d1ac10cc,0.959
1456293721.0,ebb75b25,0.989
1456293721.0,01fb21d8,1.019
1456293721.0,f5000af4,0.989
1456293721.0,068f53ad,0.979
1456293721.0,553d46ea,0.989
1456293721.0,7a03b89d,0.979
1456293721.0,82130afe,0.999
1456293721.0,2092821a,0.959
1456293721.0,23efaa4b,0.979
1456293721.0,e628dd10,0.969
1456293721.0,538bd786,0.969
1456293721.0,94be3c52,0.989
1456293721.0,70cfddc2,1.019
1456293721.0,a2367d31,0.979
1456293721.0,a5296298,1.039
1456293721.0,36f5bf63,0.989
1456293721.0,8e8b8a63,0.999
1456293721.0,fb1b5fff,0.969
1456293721.0,14c7e96d,1.129
1456293721.0,13ca0d8f,1.009
1456293721.0,3321fa98,0.999
1456293721.0,abf7041a,0.989
1456293721.0,c1d8eb68,0.999
1456293721.0,fd045743,1.009
1456293721.0,559fcfde,0.999
1456293721.0,57e63781,1.029
1456293721.0,4687563d,0.989
1456293721.0,3fb149fc,1.009
1456293721.0,190ce429,0.959
1456293721.0,af131774,0.989
1456293721.0,5ec2ab05,0.949
1456293721.0,790c4be8,0.999
1456293721.0,804e5bed,0.999
1456293721.0,17475683,1.019
1456293721.0,f85abf7d,0.969
1456293721.0,a35ffacf,1.009
1456293721.0,ff19e550,0.949
1456293721.0,084224e7,1.039
1456293721.0,54151b0d,1.029
1456293721.0,cece28cb,0.989
1456293721.0,bf80d980,1.009
1456293721.0,dd41b331,0.989
1456293721.0,6fbcc336,0.979
1456293721.0,1acb5863,1.059
1456293721.0,99d4f63c,0.979
1456293721.0,fe2e5d6e,1.009
1456293721.0,57a8495c,0.989
1456293721.0,f57033cf,0.999
1456293721.0,4352ae26,0.989
1456293721.0,d02e9f98,0.999
1456293721.0,1f1eaa0f,0.999
1456293721.0,0e995a71,0.989
1456293721.0,79a7959f,1.019
1456293721.0,b87b1fe6,1.019
1456293721.0,,0.999
1456293721.0,16ff16ba,1.019
1456293721.0,6877801d,0.989
1456293721.0,1ff45876,1.019
1456293721.0,03629d62,0.969
1456293721.0,a2c55ea4,1.009
1456293721.0,3a2ce890,0.999
1456293721.0,1cc936b6,0.999
1456293721.0,1698d005,1.169
1456293721.0,edc52f30,1.009
1456293721.0,8325fe97,0.989
1456293721.0,ae0c09ce,0.989
1456293721.0,09534857,1.039
1456293721.0,49fa8372,0.999
1456293721.0,643b65de,1.039
1456293721.0,d69a2326,1.029
1456293721.0,236e355f,0.989
1456293721.0,19b1edfc,0.999
1456293721.0,a3932df8,1.009
1456293721.0,f4e43bf3,1.129
1456293721.0,a32bd6b9,0.949
1456293721.0,90cec242,0.999
1456293721.0,5533e7bf,1.019
1456293721.0,ca804af5,0.999
1456293721.0,7e101351,1.009
1456293721.0,2d58a414,0.959
1456293721.0,5f6ca326,1.019
1456293721.0,f11235cb,0.999
1456293721.0,a8a26144,1.019
1456293721.0,1fdc64f7,0.979
1456293721.0,6bd74eed,1.019
1456293721.0,c98acfc1,1.039
1456293721.0,e0c1778e,0.989
1456293721.0,7cce432f,0.999
1456293721.0,3e211f86,1.179
1456293721.0,34cd760d,0.979
1456293721.0,2e64cc2e,1.009
1456293721.0,e256d75b,1.019
1456293721.0,687fc892,0.959
1456293721.0,64d06130,0.979
1456293721.0,614629e1,0.989
1456293721.0,760168a7,0.999
1456293721.0,a33116a4,0.979
1456293721.0,250c9baa,0.959
1456293721.0,37741f9a,1.019
1456293721.0,0d6425bc,1.039
1456293721.0,2263d9ed,1.009
1456293721.0,c09f1e3e,1.019
1456293721.0,ecaa161e,1.009
1456293721.0,70cb8cb9,1.009
1456293721.0,31de5758,1.039
1456293721.0,462bfb81,0.979
1456293721.0,f09149cd,0.999
1456293721.0,43a05b46,1.039
1456293721.0,84d426fd,1.009
1456293721.0,9acedda4,1.039
1456293721.0,28cedc00,1.009
1456293721.0,19317a43,0.999
1456293721.0,332fb1ba,0.989
1456293721.0,c9aa5793,0.959
1456293721.0,41b2d714,1.029
1456293721.0,ed71c114,0.999
1456293721.0,88dd7fc5,1.029
1456293721.0,da1464b2,1.019
1456293721.0,1d853aae,1.009
1456293721.0,52c251bb,1.009
1456293721.0,294a09dc,1.019
1456293721.0,f19e24dc,1.019
1456293721.0,8b143527,1.009
1456293721.0,209e8416,0.999
1456293721.0,dc48ebf6,0.969
1456293721.0,5edb91a5,0.999
1456293721.0,8ab03024,0.999
1456293721.0,558f57a1,1.009
1456293721.0,44e030ce,1.039
1456293721.0,539e7513,0.999
1456293721.0,8dc0342e,0.959
1456293721.0,3167769c,1.009
1456293721.0,fb80b39a,0.989
1456293721.0,411533c8,1.019
1456293721.0,a6a9676b,1.039
1456293721.0,7f2cf706,0.979
1456293721.0,14295632,0.939
1456293721.0,12b36b1c,0.989
1456293721.0,edde0c0f,1.039
1456293721.0,e00ca8bb,0.999
1456293721.0,056cb40c,1.009
1456293721.0,befd1f24,1.039
1456293721.0,270ee8bf,0.999
1456293721.0,12d17fec,0.999
1456293721.0,d0e02780,1.009
1456293721.0,987b9a76,1.019
1456293721.0,8f62454a,1.009
1456293721.0,5192889f,1.009
1456293721.0,461b2a68,0.989
1456293721.0,1c3b6ee2,1.029
1456293721.0,1231b9e1,0.929
1456293721.0,9eb9c031,1.009
1456293721.0,abb8ccea,1.019
1456293721.0,04b38cb5,0.959
1456293721.0,5037ab0b,1.019
1456293721.0,74b6c8cb,1.009
1456293721.0,99e2b651,0.979
1456293721.0,76aa3b14,1.009
1456293721.0,2c882c96,1.009
1456293721.0,3ad0cccc,1.019
1456293721.0,39dabb89,0.999
1456293721.0,379a6719,0.999
1456293721.0,f13a2469,1.019
1456293721.0,c1b6be0d,0.949
1456293721.0,fe496e01,0.979
1456293721.0,aa45910c,1.009
1456293721.0,d195f0c9,1.009
1456293721.0,0b4a487b,0.999
1456293721.0,cf017ad5,0.979
1456293721.0,51aab8d5,0.949
1456293721.0,3429a55d,1.039
1456293721.0,5f6eaa74,1.039
1456293721.0,8117afb7,0.969
1456293721.0,138ce0cc,0.989
1456293721.0,a373cdfc,0.979
1456293721.0,3734af20,0.999
1456293721.0,dfa90483,0.979
1456293721.0,078f0784,0.979
1456293721.0,56ea4a71,0.969
1456293721.0,6e1a006b,0.979
1456293721.0,bcab79d7,0.979
1456293721.0,e1936457,0.979
1456293721.0,2ee2a0a5,0.999
1456293721.0,73787573,0.929
1456293721.0,e3a60e8a,0.949
1456293721.0,a11d220b,0.989
1456293721.0,810fc069,0.979
1456293721.0,9f4967c5,0.959
1456293721.0,3c76ded2,0.999
1456293721.0,2c946e5c,0.989
1456293721.0,ae56e202,0.959
1456293721.0,b8e4e564,0.939
1456293721.0,d224352c,0.979
1456293721.0,524d848c,0.959
1456293721.0,a3f3755e,0.939
1456293721.0,0ee7204e,0.979
1456293721.0,8ec1148e,0.989
1456293721.0,bc4de9b2,0.979
1456293721.0,66af339e,0.929
1456293721.0,b3843814,1.039
1456293721.0,fb428d4f,0.999
1456293721.0,79f769b8,1.099
1456293721.0,e8775be0,0.999
1456293721.0,48194f3c,1.019
1456293721.0,7142929d,0.999
1456293721.0,64e31076,1.039
1456293721.0,549b0288,1.009
1456293721.0,df7786ea,0.959
1456293721.0,237e0152,1.019
1456293721.0,27568398,1.039
1456293721.0,e1cf4b4c,1.039
1456293721.0,bd27836d,1.009
1456293721.0,89b78f49,0.999
1456293721.0,4827ec0b,1.039
1456293721.0,b050d780,0.989
1456293721.0,c846f887,1.029
1456293721.0,fd3e8c64,1.059
1456293721.0,6768f241,1.009
1456293721.0,31dfb194,1.009
1456293721.0,e64fba92,0.979
1456293721.0,9557f893,1.009
1456293721.0,6ad5396e,0.989
1456293721.0,038eae7e,1.009
1456293721.0,2cbca1fc,0.979
1456293721.0,5fd30b48,1.049
1456293721.0,3cdb5b8f,0.999
1456293721.0,c31de946,1.009
1456293721.0,c57bb6b4,1.009
1456293721.0,06c6ad62,1.019
1456293721.0,c1b38961,1.009
1456293721.0,b32ae972,1.029
1456293721.0,9170b9cb,0.999
1456293721.0,65c5fcbe,1.019
1456293721.0,c698b4f6,1.009
1456293721.0,56006177,1.069
1456293721.0,e68575c0,1.049
1456293721.0,f2a2a323,0.989
1456293721.0,0da9043c,1.049
1456293721.0,10753208,0.999
1456293721.0,c37638ee,1.029
1456293721.0,e34047b9,1.059
1456293721.0,3b5ee4d1,1.019
1456293721.0,6d03a4f8,0.999
1456293721.0,b8b66437,0.999
1456293721.0,99180475,1.019
1456293721.0,e9f34b51,0.989
1456293721.0,bed994ff,0.989
1456293721.0,ef38b8ce,1.019
1456293721.0,312f1849,0.949
1456293721.0,42ac1f52,1.039
1456293721.0,84bb5636,0.999
1456293721.0,fb363438,0.999
1456293721.0,23188c0a,1.029
1456293721.0,159f07cc,1.019
1456293721.0,95832b86,1.019
1456293721.0,014078e4,1.009
1456293721.0,676ddd24,1.019
1456293721.0,5d4d46b3,1.019
1456293721.0,2e745c93,0.989
1456293721.0,7680fb35,1.059
1456293721.0,6a5e9f24,0.989
1456293721.0,46c0cc5b,0.959
1456293721.0,14efadf9,0.969
1456293721.0,7a952315,0.999
1456293961.0,73142f8b,0.999
1456293961.0,f86b1230,0.959
1456293961.0,82c6c5bb,0.989
1456293961.0,7632d7b7,0.999
1456293961.0,1738722f,1.009
1456293961.0,8eb59fab,1.009
1456293961.0,de4ca432,1.009
1456293961.0,17ad7e8a,0.949
1456293961.0,58dc4ce1,0.999
1456293961.0,a377df7d,0.899
1456293961.0,acb06eaf,0.989
1456293961.0,c32a82d9,1.009
1456293961.0,58a1bfb9,0.999
1456293961.0,0a06a5d3,0.989
1456293961.0,29076544,0.989
1456293961.0,722c316b,0.979
1456293961.0,d256c19e,0.979
1456293961.0,d3a25b8a,0.989
1456293961.0,b6867cd0,0.979
1456293961.0,9fa10842,0.979
1456293961.0,3e50dc0d,0.939
1456293961.0,3272290a,1.009
1456293961.0,b38c29e8,0.999
1456293961.0,1af22ca6,0.989
1456293961.0,6bf76c78,0.989
1456293961.0,a16736fc,0.999
1456293961.0,f822968e,0.989
1456293961.0,790f62f3,0.989
1456293961.0,cc7ffbf9,1.019
1456293961.0,68a6f582,0.979
1456293961.0,085b13da,0.989
1456293961.0,0accabdc,0.979
1456293961.0,6f473b11,1.009
1456293961.0,e71f194a,1.019
1456293961.0,ba074c78,0.979
1456293961.0,618beb09,0.989
1456293961.0,b65176ae,0.949
1456293961.0,9d6f620d,0.949
1456293961.0,f26d37c8,0.989
1456293961.0,8e820c9b,1.009
1456293961.0,a4d2bd28,0.969
1456293961.0,4ad5a969,0.929
1456293961.0,681bcf47,1.089
1456293961.0,c15538a6,1.039
1456293961.0,ab7cf567,1.029
1456293961.0,f0cb2dbb,0.979
1456293961.0,b26e91af,0.989
1456293961.0,f38d4f22,0.989
1456293961.0,7a5a5f94,1.019
1456293961.0,a1de4c4f,1.029
1456293961.0,32167d7b,0.999
1456293961.0,0375f449,0.979
1456293961.0,,0.989
1456293961.0,df84d6fa,1.019
1456293961.0,cc1b41c2,1.019
1456293961.0,02f94ae2,1.029
1456293961.0,73ae4422,0.999
1456293961.0,68002bd4,0.989
1456293961.0,2629c35e,1.019
1456293961.0,24e62803,0.989
1456293961.0,860d9600,1.039
1456293961.0,ba9bb9e7,0.989
1456293961.0,28071dbd,0.989
1456293961.0,d20092c4,0.949
1456293961.0,5fb581f7,1.009
1456293961.0,,0.999
1456293961.0,05076f05,1.039
1456293961.0,b09088a6,1.009
1456293961.0,eeb16be0,0.969
1456293961.0,6a55f2e9,0.999
1456293961.0,9ba54253,0.979
1456293961.0,3e606994,0.979
1456293961.0,ebba1d3e,1.019
1456293961.0,24f83a95,0.999
1456293961.0,7a018377,0.999
1456293961.0,4b634f44,0.959
1456293961.0,919c9f89,0.999
1456293961.0,f0e3472f,1.009
1456293961.0,faa85b47,1.009
1456293961.0,f0d7ea8a,0.979
1456293961.0,7e846ee6,1.019
1456293961.0,,0.999
1456293961.0,9c43f621,0.999
1456293961.0,67b9bbe5,0.999
1456293961.0,c78ef341,0.969
1456293961.0,6268c2a7,1.009
1456293961.0,dc9724ba,0.999
1456293961.0,42f2621b,0.999
1456293961.0,763190d4,1.019
1456293961.0,17d98ba9,1.009
1456293961.0,c060c224,1.019
1456293961.0,ff8d71cb,1.009
1456293961.0,113d0a42,0.999
1456293961.0,b82cdd94,1.179
1456293961.0,3285fd04,1.129
1456293961.0,b0a76bca,0.989
1456293961.0,7d7180f2,1.019
1456293961.0,6d248169,0.989
1456293961.0,a8266115,1.019
1456293961.0,da976c9d,1.019
1456293961.0,d5eb41ec,0.989
1456293961.0,,0.979
1456293961.0,0f2f9c5f,1.009
1456293961.0,28f0e708,0.969
1456293961.0,67c2a2b3,0.969
1456293961.0,c00964ae,1.009
1456293961.0,98cd55ee,0.999
1456293961.0,666030ca,1.159
1456293961.0,f9dd3c36,1.009
1456293961.0,92300cd4,0.949
1456293961.0,037efd2a,1.129
1456293961.0,28bd26e0,1.029
1456293961.0,2a8db2e4,0.999
1456293961.0,11450a74,1.019
1456293961.0,06dc60dd,1.129
1456293961.0,ac8396c4,0.959
1456293961.0,4d917f63,0.979
1456293961.0,97738c26,0.999
1456293961.0,e6d32ea4,0.999
1456293961.0,51885ea3,0.979
1456293961.0,4a978308,0.999
1456293961.0,8c94be49,1.089
1456293961.0,9d2aa0e1,1.009
1456293961.0,53b427ae,1.029
1456293961.0,400f9abd,0.969
1456293961.0,9789b717,1.039
1456293961.0,374b5919,0.969
1456293961.0,02771ac8,0.959
1456293961.0,bd1e7435,1.009
1456293961.0,1bfef5b8,0.979
1456293961.0,1168538d,0.999
1456293961.0,7abeb499,1.009
1456293961.0,e7c76ce2,0.979
1456293961.0,9b1f0c3c,1.009
1456293961.0,92667f30,1.019
1456293961.0,2ff0d839,0.989
1456293961.0,7f9a33f8,0.989
1456293961.0,0a059049,1.019
1456293961.0,29bd5a9a,1.009
1456293961.0,7bed69b1,0.979
1456293961.0,57b4fcab,0.969
1456293961.0,1b24bc6c,1.009
1456293961.0,6567da70,0.999
1456293961.0,a57535f1,1.009
1456293961.0,c8c80a71,0.949
1456293961.0,bf64b735,0.959
1456293961.0,a4a196e4,0.989
1456293961.0,9ae06205,1.019
1456293961.0,8b1e2d4f,1.039
1456293961.0,72162ebe,0.989
1456293961.0,883007ed,1.049
1456293961.0,afba3b1b,1.009
1456293961.0,fedb2736,0.969
1456293961.0,e8b13926,1.009
1456293961.0,1880338d,0.979
1456293961.0,22ea287c,1.009
1456293961.0,7c4e6cc9,1.009
1456293961.0,ca3364fa,0.939
1456293961.0,65d912cc,0.969
1456293961.0,e6fe3770,0.979
1456293961.0,e48ca6d1,0.989
1456293961.0,398e7989,1.009
1456293961.0,70ab0b09,0.979
1456293961.0,c1d8560d,0.999
1456293961.0,24f09d82,0.939
1456293961.0,6a7aa1a0,0.969
1456293961.0,e9e141d7,0.999
1456293961.0,ffb71aa8,0.969
1456293961.0,0bec4dba,0.939
1456293961.0,d9749191,0.979
1456293961.0,0a60aaba,1.039
1456293961.0,1674b9be,0.959
1456293961.0,8749442d,1.019
1456293961.0,555992c9,1.019
1456293961.0,b1b62cb5,1.019
1456293961.0,74c9e802,1.149
1456293961.0,33fc971c,0.999
1456293961.0,c2400430,1.029
1456293961.0,622ea82b,1.019
1456293961.0,19a65d8e,0.949
1456293961.0,b2f68bd2,0.969
1456293961.0,c6ce8e17,0.999
1456293961.0,7e16c19d,1.069
1456293961.0,6a80fe13,0.969
1456293961.0,25a653d4,1.009
1456293961.0,a5c5f9b2,0.989
1456293961.0,eea64b3d,1.009
1456293961.0,b0e18943,1.009
1456293961.0,1c79df7a,0.969
1456293961.0,22bf0e3c,1.009
1456293961.0,ca58a63f,0.999
1456293961.0,8746be38,0.984
1456293961.0,0bb04dd0,1.019
1456293961.0,5325ade4,1.029
1456293961.0,8c77ed6c,0.999
1456293961.0,1ae63c31,1.009
1456293961.0,a58775a0,1.019
1456293961.0,28712072,0.999
1456293961.0,1cf625f0,0.999
1456293961.0,9bbe9877,0.959
1456293961.0,6a276ef2,1.019
1456293961.0,671cf752,1.004
1456293961.0,4d19c697,0.949
1456293961.0,e8ee4568,0.949
1456293961.0,7e4b74b7,1.029
1456293961.0,474197ee,0.979
1456293961.0,615f2b40,1.019
1456293961.0,b1eee7a8,0.979
1456293961.0,c9e76d96,0.959
1456293961.0,a8a8c5b1,1.039
1456293961.0,b5ead699,1.019
1456293961.0,ff922650,1.009
1456293961.0,6f27a50f,1.019
1456293961.0,f885a3d3,1.009
1456293961.0,f245c083,0.999
1456293961.0,adfdc7d5,1.019
1456293961.0,,1.029
1456293961.0,f649936e,1.009
1456293961.0,87c05c40,0.969
1456293961.0,02da420f,0.969
1456293961.0,59214d4e,1.019
1456293961.0,0b36f9ce,1.019
1456293961.0,6540cb14,0.959
1456293961.0,72c22a1e,1.029
1456293961.0,3f9273de,1.019
1456293961.0,3c00613f,1.009
1456293961.0,,0.949
1456293961.0,f60a2c42,1.029
1456293961.0,e8befa14,1.009
1456293961.0,29c7431a,1.059
1456293961.0,d63aac19,0.999
1456293961.0,097d0950,0.979
1456293961.0,8b783ddd,0.949
1456293961.0,8b0230d5,0.999
1456293961.0,,0.999
1456293961.0,3bc88d25,0.959
1456293961.0,5282e595,1.019
1456293961.0,7fa657a5,1.039
1456293961.0,d3953243,0.999
1456293961.0,06865c2e,1.019
1456293961.0,4ff9d49d,1.009
1456293961.0,57c3f6b1,0.949
1456293961.0,5f71144d,0.979
1456293961.0,5e8d6563,1.039
1456293961.0,691bf1db,0.969
1456293961.0,0d0f23bd,1.009
1456293961.0,ba2ae41b,1.159
1456293961.0,50a1f055,0.999
1456293961.0,1422263b,1.029
1456293961.0,6e2b84da,0.989
1456293961.0,ab473015,1.029
1456293961.0,f8cd8b31,0.999
1456293961.0,1e866267,1.009
1456293961.0,988da765,0.989
1456293961.0,36d6fa9e,1.089
1456293961.0,ba7cab9b,1.089
1456293961.0,f5bd997d,0.969
1456293961.0,ceb2372e,0.999
1456293961.0,c85c34c2,0.979
1456293961.0,b760e17f,0.979
1456293961.0,affbe2d3,1.129
1456293961.0,3d45d1b9,0.999
1456293961.0,79067d40,0.989
1456293961.0,0d469ea7,1.199
1456293961.0,ce5281ae,0.999
1456293961.0,b863dc49,0.999
1456293961.0,2a2dae94,0.999
1456293961.0,9ca777a2,1.019
1456293961.0,b84742db,1.039
1456293961.0,600fd4b6,0.999
1456293961.0,63038217,0.949
1456293961.0,f0261559,0.999
1456293961.0,1cd14b72,0.989
1456293961.0,0db94a7a,0.999
1456293961.0,8fec22b9,1.039
1456293961.0,bf425f54,0.939
1456293961.0,04d2538c,1.019
1456293961.0,38ec146a,1.029
1456293961.0,5ef11225,1.009
1456293961.0,21cee5b9,0.989
1456293961.0,bb8487e5,1.049
1456293961.0,456b0585,1.149
1456293961.0,65f79fe1,0.939
1456293961.0,8bda8d2f,1.029
1456293961.0,275898da,1.009
1456293961.0,dd5107f2,1.009
1456293961.0,2bd2ffb1,1.009
1456293961.0,c05a0ef2,0.989
1456293961.0,6de5506e,0.999
1456293961.0,a807ecd5,1.129
1456293961.0,1d1829c8,0.989
1456293961.0,1708f0d6,0.989
1456293961.0,e466a86a,1.009
1456293961.0,cec51495,0.969
1456293961.0,1947b494,0.989
1456293961.0,b13eb8fa,1.019
1456293961.0,a65d4e81,0.949
1456293961.0,c46c7e06,0.999
1456293961.0,db29506f,1.009
1456293961.0,98c2fb0e,1.149
1456293961.0,5f650df4,0.999
1456293961.0,4f43fd77,0.939
1456293961.0,068a30eb,0.989
1456293961.0,4ce21f31,1.009
1456293961.0,4103c1eb,0.999
1456293961.0,3f788efe,0.999
1456293961.0,cb0f3fc8,0.999
1456293961.0,8b2f9092,1.009
1456293961.0,7390d2d3,1.029
1456293961.0,1464ac8a,0.969
1456293961.0,,0.999
1456293961.0,a2f965eb,1.019
1456293961.0,b862e775,1.009
1456293961.0,f044fc49,1.019
1456293961.0,fbb0ba26,0.959
1456293961.0,7a6dcdb0,1.019
1456293961.0,e2c6e599,0.999
1456293961.0,18bb0375,1.099
1456293961.0,eaf67225,0.989
1456293961.0,e0fed588,0.969
1456293961.0,63111fa6,0.949
1456293961.0,6170e6c3,1.009
1456293961.0,6357dca2,1.009
1456293961.0,3501927a,1.019
1456293961.0,b6aadfa1,1.019
1456293961.0,0311c6ae,0.999
1456293961.0,210e805d,1.009
1456293961.0,47c5f8f7,0.999
1456293961.0,7c5c81e2,1.039
1456293961.0,b1a6f7cf,0.999
1456293961.0,93157d05,1.019
1456293961.0,00496bce,0.969
1456293961.0,b16a7660,0.999
1456293961.0,b04f3f69,0.999
1456293961.0,9f711a09,0.999
1456293961.0,5204d6df,1.009
1456293961.0,6a7beb86,1.049
1456293961.0,16a73c7d,1.029
1456293961.0,834f6271,0.959
1456293961.0,44bc2c07,0.979
1456293961.0,5b2c0b33,0.989
1456293961.0,f25ee766,0.999
1456293961.0,e6db5233,0.949
1456293961.0,d5b64c05,0.999
1456293961.0,39a29c0a,0.989
1456293961.0,89923e95,1.009
1456293961.0,0d6425bc,1.029
1456293961.0,3e198165,0.999
1456293961.0,573b539e,1.009
1456293961.0,cd749265,0.999
1456293961.0,1a839c73,1.009
1456293961.0,b5ec285f,1.019
1456293961.0,f05206bf,1.009
1456293961.0,3cef8afc,0.979
1456293961.0,9ab966b7,0.999
1456293961.0,ee288062,1.019
1456293961.0,fbb672d6,0.959
1456293961.0,5d171194,0.979
1456293961.0,e8b2cb64,0.979
1456293961.0,dac20891,0.979
1456293961.0,d97307ab,0.999
1456293961.0,77409cad,1.019
1456293961.0,5136691e,0.959
1456293961.0,4046803d,0.979
1456293961.0,6da23946,1.179
1456293961.0,3982c15e,1.009
1456293961.0,e74667af,0.999
1456293961.0,da19dfd3,0.989
1456293961.0,,1.009
1456293961.0,6df33a19,0.959
1456293961.0,60acc87b,1.049
1456293961.0,fab2186a,0.989
1456293961.0,6c9a5e04,0.989
1456293961.0,a4a7e146,0.995
1456293961.0,a03824da,0.999
1456293961.0,92978eb8,0.969
1456293961.0,85bf59ba,0.989
1456293961.0,8d39e4b4,1.009
1456293961.0,c7f22027,1.019
1456293961.0,dcca746a,1.009
1456293961.0,9afda374,1.019
1456293961.0,12d17fec,0.979
1456293961.0,44daa76b,1.009
1456293961.0,a3409eaf,0.999
1456293961.0,0a0baf66,1.009
1456293961.0,fe4b1f4a,0.989
1456293961.0,f3d6a03f,0.949
1456293961.0,8cb60ffa,1.009
1456293961.0,c6cff611,0.999
1456293961.0,16e01aa0,1.049
1456293961.0,069e66bc,0.989
1456293961.0,3adfecf0,0.959
1456293961.0,7ead535b,0.989
1456293961.0,cb91687d,0.969
1456293961.0,dcdc6c10,1.009
1456293961.0,2a6e5bb1,0.969
1456293961.0,8b18bb85,1.069
1456293961.0,5cbce85b,1.009
1456293961.0,f0d226b8,0.989
1456293961.0,f1929c3e,0.999
1456293961.0,3ce106d3,0.999
1456293961.0,65beaeab,0.969
1456293961.0,e196e62c,1.019
1456293961.0,379a6719,0.979
1456293961.0,a452f12c,0.989
1456293961.0,d43af2d2,1.089
1456293961.0,01739f46,0.939
1456293961.0,27ed450f,0.999
1456293961.0,2ee2a0a5,0.999
1456293961.0,,1.009
1456293961.0,8c27b2e6,1.009
1456293961.0,d4f7e2c6,0.999
1456293961.0,5dc4a0c1,1.009
1456293961.0,5693dbae,1.009
1456293961.0,2a7c4091,0.989
1456293961.0,4349fbc3,1.009
1456293961.0,910dca6c,0.999
1456293961.0,a3480cfc,0.989
1456293961.0,6912da2f,0.999
1456293961.0,c7e8775e,0.999
1456293961.0,1a6fd67e,0.999
1456293961.0,bbdcf660,0.999
1456293961.0,38f029e2,0.989
1456293961.0,be5a4a27,1.009
1456293961.0,40fe1f50,1.019
1456293961.0,06c6ad62,1.019
1456293961.0,,1.009
1456293961.0,740b387e,1.009
1456293961.0,07908b66,1.009
1456293961.0,10fa0582,0.989
1456293961.0,6f93e9a4,1.019
1456293961.0,a4a288ce,0.999
1456293961.0,2c83c3c5,0.979
1456293961.0,722c9387,0.979
1456293961.0,98ba3c6d,0.999
1456293961.0,e9f34b51,0.989
1456293961.0,a5b9c3a3,0.969
1456293961.0,eac805c4,0.999
1456293961.0,6c200339,0.999
1456293961.0,7a49343f,0.999
1456293961.0,71772573,0.969
1456293961.0,2e89adbb,1.009
1456293961.0,eb060797,1.009
1456293961.0,06a2513a,0.989
1456293961.0,3306088b,1.049
1456293961.0,17763a6e,1.039
1456293961.0,4f57cc33,1.029
1456293961.0,90f25014,0.969
1456293961.0,ec2a5548,0.959
1456293961.0,53216105,0.999
1456293961.0,c7eb5131,0.959
1456293961.0,8de1231e,1.009
1456293961.0,218fd480,1.019
1456293961.0,8979e403,0.969
1456293961.0,4b0b0867,0.999
1456293961.0,014adbc0,0.999
1456294201.0,7d485af0,0.989
1456294201.0,715587a7,0.949
1456294201.0,bf66734b,1.019
1456294201.0,0c56e9df,1.009
1456294201.0,9d116358,0.999
1456294201.0,26db6e6e,0.989
1456294201.0,dc4873f6,0.999
1456294201.0,4af328a9,0.969
1456294201.0,7f0a95e2,0.989
1456294201.0,90941e78,0.979
1456294201.0,70931d91,0.989
1456294201.0,52ff86b2,0.959
1456294201.0,4dc57f20,1.009
1456294201.0,76dccd6f,0.959
1456294201.0,1e0a9b4e,0.939
1456294201.0,3f38fa55,0.959
1456294201.0,f4e60d5a,0.989
1456294201.0,a557a7d1,0.979
1456294201.0,0f3e781e,1.029
1456294201.0,c77b8785,0.979
1456294201.0,e6ea469e,0.999
1456294201.0,922129f9,0.979
1456294201.0,68f6b885,1.019
1456294201.0,35756296,1.019
1456294201.0,b8ddb5a8,0.949
1456294201.0,68a6f582,0.969
1456294201.0,dd59fed2,0.989
1456294201.0,3f1cb112,0.969
1456294201.0,aee75779,0.979
1456294201.0,a5cf2a42,0.989
1456294201.0,c8fd7bd8,0.949
1456294201.0,6e77b649,0.959
1456294201.0,79da1dfc,0.989
1456294201.0,671a83b1,0.989
1456294201.0,d7f868f0,0.999
1456294201.0,aeba8c59,1.009
1456294201.0,74eff60f,0.989
1456294201.0,2fbced23,0.989
1456294201.0,68a4c69f,0.989
1456294201.0,953452fa,1.009
1456294201.0,27ea09b1,0.979
1456294201.0,52c1ccfa,0.979
1456294201.0,976e4795,0.999
1456294201.0,0f755a63,0.999
1456294201.0,4ebf7b5b,0.999
1456294201.0,df009d5a,0.969
1456294201.0,6ac0d50f,0.989
1456294201.0,acda2cab,0.989
1456294201.0,ab7cf567,0.989
1456294201.0,89b4dcbb,1.019
1456294201.0,b46341ba,1.009
1456294201.0,3bb20ba7,0.999
1456294201.0,9f4127f4,1.039
1456294201.0,c3a73e2d,0.989
1456294201.0,80e60cfc,1.009
1456294201.0,2db0e1c7,1.029
1456294201.0,bd4fc874,0.999
1456294201.0,abcdcbad,1.009
1456294201.0,7dfddaf9,0.999
1456294201.0,7ad9844c,0.999
1456294201.0,9bf65a40,1.019
1456294201.0,5597ee18,0.999
1456294201.0,ef9d6356,0.989
1456294201.0,06c32dfe,1.039
1456294201.0,58e3ecab,1.009
1456294201.0,b5464430,0.999
1456294201.0,fcf48a23,1.009
1456294201.0,332127f3,1.009
1456294201.0,ec60ed5f,0.989
1456294201.0,d5b6651a,0.949
1456294201.0,190a2749,0.999
1456294201.0,87532816,1.074
1456294201.0,6168ea65,1.009
1456294201.0,2afeabea,0.999
1456294201.0,e03848c6,1.129
1456294201.0,4dd5805a,0.939
1456294201.0,7b51b5c3,1.009
1456294201.0,57842eba,1.109
1456294201.0,c232241f,0.999
1456294201.0,297818d7,1.009
1456294201.0,d6f2eeec,0.969
1456294201.0,963a5d2e,0.999
1456294201.0,5ecab051,1.029
1456294201.0,75005b6a,1.009
1456294201.0,0fc08209,0.999
1456294201.0,c4f10d73,0.949
1456294201.0,e055b194,0.999
1456294201.0,73e5c32d,1.009
1456294201.0,2aaf451f,0.979
1456294201.0,e1c57a67,0.989
1456294201.0,c595c849,1.009
1456294201.0,bb7b32d6,0.939
1456294201.0,a72d491e,0.979
1456294201.0,01decbb4,0.979
1456294201.0,8e4d1e9d,1.039
1456294201.0,8547b6b8,0.989
1456294201.0,4c3e0377,0.999
1456294201.0,822f88d8,1.099
1456294201.0,81e03bde,1.059
1456294201.0,c003352f,1.029
1456294201.0,5ef14445,1.009
1456294201.0,0db4d96c,1.029
1456294201.0,1b3326f2,1.009
1456294201.0,faddd104,0.979
1456294201.0,f6746552,1.009
1456294201.0,9dc599bb,0.999
1456294201.0,a08b0e98,0.989
1456294201.0,722bfb7b,1.019
1456294201.0,4bc4b71f,1.009
1456294201.0,1db561d0,1.069
1456294201.0,c1db295a,0.989
1456294201.0,ac54aab9,1.049
1456294201.0,90004d8a,0.969
1456294201.0,5fbe505b,0.999
1456294201.0,07d22eab,0.984
1456294201.0,6362d058,1.169
1456294201.0,e44ceca1,1.179
1456294201.0,d95bf294,0.959
1456294201.0,447dba6a,1.009
1456294201.0,b6abc69b,0.989
1456294201.0,06a21d8f,0.979
1456294201.0,5a40cb90,0.989
1456294201.0,bddf10a7,1.019
1456294201.0,8d3bf964,1.059
1456294201.0,da3e3f70,0.989
1456294201.0,ea2d6eca,0.999
1456294201.0,efd8315d,1.009
1456294201.0,a8266115,1.009
1456294201.0,e6c42bec,0.979
1456294201.0,e251ae8a,1.029
1456294201.0,91d2ac21,0.984
1456294201.0,31f5cac5,1.009
1456294201.0,21d78be4,0.999
1456294201.0,2759b04f,1.179
1456294201.0,0aa181fc,1.039
1456294201.0,4ccb2bae,1.009
1456294201.0,f7345a16,1.009
1456294201.0,4778e8a1,0.999
1456294201.0,dd5271ec,0.999
1456294201.0,61c0df8b,1.029
1456294201.0,c78085b8,0.999
1456294201.0,61907898,1.029
1456294201.0,ee167171,1.039
1456294201.0,27792a3d,0.989
1456294201.0,70fb38df,1.029
1456294201.0,67830b76,1.009
1456294201.0,9cfce39c,1.029
1456294201.0,e4653a83,0.959
1456294201.0,f46401d5,0.959
1456294201.0,1b9cc9e7,1.019
1456294201.0,0696d69c,1.009
1456294201.0,e3bd3d52,0.969
1456294201.0,204c6f01,1.009
1456294201.0,a12af241,0.989
1456294201.0,012d8a4c,0.989
1456294201.0,e5cb0020,0.989
1456294201.0,c5931a7d,0.999
1456294201.0,059e6005,1.019
1456294201.0,d854b7df,0.959
1456294201.0,17f41d4f,0.999
1456294201.0,e57dfb90,1.179
1456294201.0,77b7abe7,1.019
1456294201.0,e7ea0c12,1.009
1456294201.0,9e448914,0.999
1456294201.0,d1008b23,0.999
1456294201.0,ca13e033,0.979
1456294201.0,9ae1a88f,1.009
1456294201.0,c76945cf,1.009
1456294201.0,34293664,0.999
1456294201.0,f813fdc9,0.949
1456294201.0,f4a6d9ed,1.129
1456294201.0,e592b5d0,0.939
1456294201.0,1a2274d4,0.959
1456294201.0,74abc1c5,0.989
1456294201.0,9140f75b,1.009
1456294201.0,11fbd55b,0.989
1456294201.0,1b6cee7c,0.989
1456294201.0,4907b9ed,1.129
1456294201.0,3f0d0273,1.039
1456294201.0,b037d703,0.999
1456294201.0,4724644a,0.999
1456294201.0,80c4f678,1.039
1456294201.0,2ff0d839,0.979
1456294201.0,5e2800be,0.969
1456294201.0,438b0f85,1.119
1456294201.0,3ba3d773,0.999
1456294201.0,7e67d294,0.999
1456294201.0,f4084cef,0.989
1456294201.0,8c28af86,0.989
1456294201.0,bf64b735,0.959
1456294201.0,97c3c089,0.999
1456294201.0,edd40aaa,1.019
1456294201.0,241a49d8,1.009
1456294201.0,43a3039d,0.999
1456294201.0,78300ca0,1.009
1456294201.0,c1d6b449,0.989
1456294201.0,6ba4e2d1,1.039
1456294201.0,86466323,0.989
1456294201.0,1d06a6fd,0.999
1456294201.0,bd5a8e8c,0.999
1456294201.0,e487e118,1.009
1456294201.0,aea5cec0,0.989
1456294201.0,2f808001,1.199
1456294201.0,62e5651b,0.989
1456294201.0,8a3c1b82,0.949
1456294201.0,f052c9f4,1.019
1456294201.0,6d5dfb36,0.949
1456294201.0,030fbae5,1.029
1456294201.0,,0.999
1456294201.0,8dbc9e66,0.999
1456294201.0,5466334e,0.969
1456294201.0,7d24179d,0.969
1456294201.0,0c83befd,0.959
1456294201.0,d28733f8,1.029
1456294201.0,0bec4dba,0.939
1456294201.0,8d38052d,1.054
1456294201.0,a244f9b0,1.009
1456294201.0,fabaa853,0.999
1456294201.0,57610ffb,1.009
1456294201.0,29b24eee,0.959
1456294201.0,55739310,0.999
1456294201.0,50c1aaef,1.029
1456294201.0,ee4ab1fa,1.099
1456294201.0,aa700ca2,0.989
1456294201.0,f76f3d3a,0.989
1456294201.0,fc1c731b,0.979
1456294201.0,6f8f49f1,0.999
1456294201.0,a5647053,1.039
1456294201.0,8ca1f59e,0.959
1456294201.0,6b5b80c3,0.989
1456294201.0,a3e4145b,1.009
1456294201.0,7e1ad2f6,1.009
1456294201.0,fd7ffd20,0.999
1456294201.0,2a167286,0.999
1456294201.0,be60701b,1.019
1456294201.0,953976b2,0.989
1456294201.0,fac91609,1.009
1456294201.0,7294c364,0.999
1456294201.0,b3c3d798,0.999
1456294201.0,9e5c868a,1.039
1456294201.0,cfe370d6,1.029
1456294201.0,cd2bd6ee,1.039
1456294201.0,271f6d48,1.089
1456294201.0,1902d951,0.979
1456294201.0,14296800,1.019
1456294201.0,671cf752,0.974
1456294201.0,81e0ef7b,0.989
1456294201.0,467c21a8,1.009
1456294201.0,bfb7a4d6,0.989
1456294201.0,b338177f,0.969
1456294201.0,1629d59f,0.979
1456294201.0,dd78438d,1.039
1456294201.0,9ef0d290,1.039
1456294201.0,663b1f4b,1.039
1456294201.0,1468aaa8,1.019
1456294201.0,4abb67a5,1.009
1456294201.0,21d0f81c,1.009
1456294201.0,066bd102,1.009
1456294201.0,a2eb34d1,0.989
1456294201.0,936bc3be,1.019
1456294201.0,40d8f838,0.979
1456294201.0,09f8dfad,1.009
1456294201.0,a5b00954,1.019
1456294201.0,4d9daac2,0.969
1456294201.0,93d95943,0.969
1456294201.0,bda6612d,0.979
1456294201.0,b9456e15,0.979
1456294201.0,5d843d6e,0.989
1456294201.0,3435fb8d,1.019
1456294201.0,ed986aff,0.969
1456294201.0,70a38521,0.999
1456294201.0,6d10aa30,1.009
1456294201.0,6540cb14,0.959
1456294201.0,4bd7866e,1.129
1456294201.0,612d4614,0.939
1456294201.0,27d7ba56,0.989
1456294201.0,69d749f5,0.969
1456294201.0,940dcd62,0.989
1456294201.0,071ee1b4,1.029
1456294201.0,bc85d300,0.999
1456294201.0,507bacc5,1.029
1456294201.0,92dce960,0.959
1456294201.0,18a9621c,0.969
1456294201.0,d811c7b5,0.999
1456294201.0,d8154473,1.009
1456294201.0,79eb6d1c,1.019
1456294201.0,c390d56a,0.999
1456294201.0,0e237692,0.999
1456294201.0,e31720af,0.989
1456294201.0,d85e66c0,0.999
1456294201.0,8e4357a4,0.949
1456294201.0,b25b4ab0,1.009
1456294201.0,51266623,0.989
1456294201.0,26d674df,0.959
1456294201.0,62bb9bf7,1.009
1456294201.0,465c84e0,0.979
1456294201.0,c4b99997,1.089
1456294201.0,09f1de85,0.989
1456294201.0,2b87f664,1.129
1456294201.0,f268704b,1.169
1456294201.0,4dc73eb8,1.004
1456294201.0,6982586c,1.009
1456294201.0,8ac64b4e,0.999
1456294201.0,8bd3b9de,0.979
1456294201.0,a25d5615,0.919
1456294201.0,f72a7ec2,0.969
1456294201.0,2d4e58b5,1.019
1456294201.0,73c26a55,0.999
1456294201.0,d18613bf,1.119
1456294201.0,2839dc7d,0.999
1456294201.0,ed71cccb,1.029
1456294201.0,d2585bd9,0.999
1456294201.0,8e25d9aa,0.999
1456294201.0,1bfb4c20,1.039
1456294201.0,a1949b24,1.029
1456294201.0,bf552ee6,1.039
1456294201.0,4c0bd4b5,0.999
1456294201.0,6b72bc31,1.019
1456294201.0,f53d423d,1.029
1456294201.0,eb970b3f,0.999
1456294201.0,59c464b8,0.999
1456294201.0,afef74f8,0.949
1456294201.0,e99b762c,1.009
1456294201.0,25a7d9dc,0.999
1456294201.0,2fe25570,0.989
1456294201.0,54aa9266,0.979
1456294201.0,fff62873,0.969
1456294201.0,0dafb9e9,0.989
1456294201.0,9c250156,0.999
1456294201.0,58439a69,1.029
1456294201.0,88ec76d7,1.009
1456294201.0,9babce8b,0.999
1456294201.0,1d287189,1.049
1456294201.0,38624de7,0.999
1456294201.0,40f78b64,1.029
1456294201.0,f14a4629,0.999
1456294201.0,ffc9d841,1.009
1456294201.0,c2a07e5c,0.989
1456294201.0,13f73565,0.989
1456294201.0,e9fe3dfb,0.999
1456294201.0,4cd127d6,0.999
1456294201.0,80e8cb89,1.019
1456294201.0,ea476e14,0.959
1456294201.0,b806e359,0.939
1456294201.0,959e4b35,1.089
1456294201.0,1c00717b,1.029
1456294201.0,7a630a93,0.989
1456294201.0,0f93d061,1.039
1456294201.0,58d274cb,1.029
1456294201.0,129b7653,0.979
1456294201.0,ab1af76d,1.029
1456294201.0,b3858033,0.949
1456294201.0,725ea57f,0.989
1456294201.0,fd278e66,0.999
1456294201.0,,0.999
1456294201.0,f7b78f12,1.009
1456294201.0,bbd2a218,1.009
1456294201.0,212fd8e9,0.999
1456294201.0,86ca3bf1,1.009
1456294201.0,4663920f,0.949
1456294201.0,bc0ae2c6,1.179
1456294201.0,076cbc57,0.959
1456294201.0,c4395b95,1.009
1456294201.0,0fc44087,1.039
1456294201.0,e466a86a,1.009
1456294201.0,a8310af0,0.969
1456294201.0,4a802d7b,1.019
1456294201.0,98b996d3,0.999
1456294201.0,0218a51d,1.009
1456294201.0,aa7a4e3a,0.999
1456294201.0,0c3d5570,1.019
1456294201.0,708eea9d,1.029
1456294201.0,a5382b59,1.009
1456294201.0,48aac8e9,0.989
1456294201.0,a1e08fd2,0.959
1456294201.0,5d660e99,1.004
1456294201.0,d881269d,1.019
1456294201.0,aea9d5b4,1.009
1456294201.0,ece6b02f,1.019
1456294201.0,15d36622,0.999
1456294201.0,2e2669a6,1.149
1456294201.0,13ca0d8f,1.009
1456294201.0,8a2bccd1,0.959
1456294201.0,85ca4da6,1.009
1456294201.0,e75a2976,0.949
1456294201.0,2eeb1496,0.989
1456294201.0,be6ae742,1.009
1456294201.0,fe9c0e02,1.039
1456294201.0,ea7a855b,1.009
1456294201.0,d525156e,0.969
1456294201.0,336c678f,1.009
1456294201.0,47019357,0.999
1456294201.0,02239e4c,0.979
1456294201.0,0a6dec42,0.979
1456294201.0,30da56b7,0.969
1456294201.0,449d3ddf,1.029
1456294201.0,e010375a,1.009
1456294201.0,c1a93b91,0.969
1456294201.0,92f81808,1.019
1456294201.0,55c9b2b2,1.039
1456294201.0,9cc7617e,0.999
1456294201.0,3fb149fc,0.999
1456294201.0,1b97a3ad,0.999
1456294201.0,0d94f40b,1.009
1456294201.0,bc55dda5,0.989
1456294201.0,c096f63b,0.979
1456294201.0,2867337b,0.999
1456294201.0,,1.019
1456294201.0,bfa3a95a,0.989
1456294201.0,8b705703,0.999
1456294201.0,07effad4,0.999
1456294201.0,e613bc2b,0.999
1456294201.0,9004f49d,1.009
1456294201.0,d2e178a4,1.049
1456294201.0,61a9a23e,0.999
1456294201.0,d0b2a106,0.999
1456294201.0,52c09ceb,0.989
1456294201.0,4020de03,0.989
1456294201.0,ddeeda43,1.009
1456294201.0,dddb4fe2,1.009
1456294201.0,0f155e0a,1.009
1456294201.0,6e2e5e05,1.029
1456294201.0,3d47f506,0.999
1456294201.0,26be2277,0.969
1456294201.0,1acb5863,0.999
1456294201.0,6411aa60,1.009
1456294201.0,f86a4e1f,1.039
1456294201.0,06fb0c54,1.029
1456294201.0,c3326313,0.959
1456294201.0,0675dfd1,0.999
1456294201.0,46dba843,1.009
1456294201.0,90f06420,0.989
1456294201.0,38ad9bbf,1.019
1456294201.0,d97e33d2,1.009
1456294201.0,df7ac2b6,1.129
1456294201.0,ebdb10e8,0.999
1456294201.0,5ec4b70c,1.009
1456294201.0,97c6460d,1.049
1456294201.0,8706aa4c,1.009
1456294201.0,4db7ed00,0.979
1456294201.0,751be3f3,1.009
1456294201.0,c2c24012,0.989
1456294201.0,2cdfc56f,0.999
1456294201.0,9d64de92,1.009
1456294201.0,,1.029
1456294201.0,c290efa7,0.979
1456294201.0,006248be,1.039
1456294201.0,a601b597,1.009
1456294201.0,fec7d478,0.979
1456294201.0,9ab54d52,1.009
1456294201.0,7f80fb50,1.019
1456294201.0,551c6932,1.009
1456294201.0,2d58a414,0.959
1456294201.0,dce07572,0.959
1456294201.0,493eff35,0.989
1456294201.0,260b8710,0.989
1456294201.0,39a29c0a,0.989
1456294201.0,e5710690,0.999
1456294201.0,3ceab2dc,0.989
1456294201.0,2e64cc2e,1.009
1456294201.0,bedf720e,1.019
1456294201.0,1ee7bf79,0.999
1456294201.0,c90ddd1c,1.009
1456294201.0,3ef0b5d2,0.979
1456294201.0,ffe8f0be,1.029
1456294201.0,a580c6ad,1.039
1456294201.0,922d7fa3,0.959
1456294201.0,1488066c,1.059
1456294201.0,299d6edc,1.039
1456294201.0,b6c365a0,0.999
1456294201.0,f87bab74,0.989
1456294201.0,19c801a7,1.009
1456294201.0,54352ce8,0.989
1456294201.0,f494f0b9,1.009
1456294201.0,6582ce6e,0.994
1456294201.0,7a4d72a4,1.069
1456294201.0,fbb672d6,0.959
1456294201.0,e21e887d,0.999
1456294201.0,8c7470e4,1.009
1456294201.0,b4154d71,1.019
1456294201.0,99279e16,1.009
1456294201.0,9efb9e6b,0.989
1456294201.0,a3b4b0af,0.999
1456294201.0,7b17379c,0.999
1456294201.0,9fc9a999,1.009
1456294201.0,1fa84ca6,1.029
1456294201.0,10f4b8f5,1.009
1456294201.0,67809b86,1.019
1456294201.0,ac8fbe39,1.019
1456294201.0,1717d8ca,0.999
1456294201.0,6c9a5e04,0.979
1456294201.0,0e948ec0,0.989
1456294201.0,85e45131,0.999
1456294201.0,40e47eaa,0.989
1456294201.0,50c51301,0.979
1456294201.0,3c227dc2,1.009
1456294201.0,3a9a5bc8,0.989
1456294201.0,8447198d,0.999
1456294201.0,b20731bb,1.004
1456294201.0,db97e7b4,0.979
1456294201.0,ece022de,0.989
1456294201.0,3e921ea2,1.029
1456294201.0,e7dd6621,1.024
1456294201.0,9628820d,1.009
1456294201.0,30c4e2b1,0.989
1456294201.0,b8fe1af4,0.989
1456294201.0,ae505f44,1.039
1456294201.0,c269e5db,1.019
1456294201.0,,1.009
1456294201.0,f659a576,1.019
1456294201.0,8e9233ee,1.029
1456294201.0,f0d226b8,0.979
1456294201.0,deb8af6b,0.999
1456294201.0,f3860d8d,1.019
1456294201.0,9ac881d5,0.949
1456294201.0,a6fe89c8,1.019
1456294201.0,6df8769f,1.029
1456294201.0,6388b41c,0.989
1456294201.0,a9ec9678,1.009
1456294201.0,cd860c0f,1.009
1456294201.0,3fa49d91,0.999
1456294201.0,d6d2e0fe,0.969
1456294201.0,b36ed3e1,1.029
1456294201.0,91823808,1.009
1456294201.0,e526650e,0.979
1456294201.0,bccaf145,0.979
1456294201.0,e4dcc2ad,1.009
1456294201.0,13f4ef46,0.929
1456294201.0,5a549ff7,0.969
1456294201.0,957e19a6,0.979
1456294201.0,1cc76c84,1.019
1456294201.0,d37974e1,0.989
1456294201.0,158ed0df,0.949
1456294201.0,7b417f71,0.989
1456294201.0,ab829e65,0.999
1456294201.0,9795e720,1.029
1456294201.0,e4ee5ec7,0.989
1456294201.0,b894b272,1.019
1456294201.0,f33d10dd,0.989
1456294201.0,e8812318,1.099
1456294201.0,8f697f0a,0.999
1456294201.0,fd3e8c64,0.989
1456294201.0,c3e9fea8,1.044
1456294201.0,f4b41566,0.959
1456294201.0,f88288ac,1.019
1456294201.0,52bd7863,1.059
1456294201.0,83e1a999,1.019
1456294201.0,a39811f3,0.989
1456294201.0,7bfc5ac0,0.979
1456294201.0,3cdb5b8f,0.999
1456294201.0,991367ac,0.979
1456294201.0,8ac12153,0.999
1456294201.0,d132d021,1.019
1456294201.0,9e1d1354,1.059
1456294201.0,c7df12d5,1.009
1456294201.0,,0.979
1456294201.0,a07d5f54,0.999
1456294201.0,0d0459d7,1.059
1456294201.0,99144e06,1.019
1456294201.0,c1082f5e,0.989
1456294201.0,d2690695,0.999
1456294201.0,2abfc938,0.999
1456294201.0,7f89e6f0,0.949
1456294201.0,607d89d2,1.059
1456294201.0,3645c978,1.079
1456294201.0,8fc52727,0.999
1456294201.0,cbf2e960,1.009
1456294201.0,43e34126,1.019
1456294201.0,a40495d3,0.959
1456294201.0,b8ab8097,1.029
1456294201.0,b2590879,0.989
1456294201.0,65188032,1.029
1456294201.0,303dd086,1.009
1456294201.0,b49ab0b4,1.019
1456294201.0,57135983,1.019
1456294201.0,a6ab5dd8,0.999
1456294201.0,dea8af98,0.979
1456294201.0,3a65963d,1.009
1456294201.0,f22d7c02,0.939
1456294201.0,7ec09a5a,0.999
1456294201.0,9b8af649,0.989
1456294201.0,6b4ba54d,1.019
1456294201.0,bc1f7e5b,0.979
1456294201.0,5d2ae7b8,0.989
1456294201.0,5fc94f68,1.059
1456294201.0,d307494f,0.999
1456294201.0,af7679c0,0.959
1456294201.0,5aad9bc8,1.019
1456294201.0,ac7163ca,0.969
1456294201.0,6754752f,1.009
1456294201.0,8938be00,1.009
1456294201.0,441f2c5b,1.009
1456294201.0,37a8af42,1.009
1456294201.0,bd50e8e2,0.999
1456294441.0,0aeed7ce,0.979
1456294441.0,04e35776,1.009
1456294441.0,9fa1f160,0.949
1456294441.0,0d102e85,0.969
1456294441.0,363ab0d1,0.989
1456294441.0,0bab7166,0.989
1456294441.0,90941e78,0.969
1456294441.0,9e33ac5a,0.989
1456294441.0,ac852c45,0.999
1456294441.0,d3bbcf3a,0.929
1456294441.0,9a11b9a9,0.989
1456294441.0,f85db113,0.979
1456294441.0,a93143e5,0.979
1456294441.0,b41309f8,0.999
1456294441.0,bc11a9fb,0.999
1456294441.0,ca5390ed,0.939
1456294441.0,6bfedfb9,1.089
1456294441.0,ff6209cb,0.999
1456294441.0,ee36bec6,0.979
1456294441.0,4887bf4e,1.089
1456294441.0,c07bd363,0.999
1456294441.0,9df734df,0.989
1456294441.0,896f2819,1.019
1456294441.0,9a099132,1.049
1456294441.0,d8aacecc,0.989
1456294441.0,ed770a27,1.009
1456294441.0,beeaf561,0.979
1456294441.0,79957fd7,1.049
1456294441.0,5bb4e610,0.999
1456294441.0,4764c22b,1.029
1456294441.0,c8e917b4,0.979
1456294441.0,a41365eb,0.999
1456294441.0,5798eb33,0.999
1456294441.0,df0d590a,0.989
1456294441.0,eaadc508,1.019
1456294441.0,248d1f5e,1.029
1456294441.0,6d934eee,1.009
1456294441.0,b54b9ab7,0.949
1456294441.0,3b11c17c,1.029
1456294441.0,2371f256,0.979
1456294441.0,82e6ae00,0.959
1456294441.0,ddce8cd4,0.989
1456294441.0,aa53bc55,0.969
1456294441.0,1aa19341,1.019
1456294441.0,158d42d8,0.969
1456294441.0,c3a864db,1.129
1456294441.0,b802ed2f,1.039
1456294441.0,09f71d7c,0.999
1456294441.0,4190ae32,1.009
1456294441.0,9cff31f0,0.989
1456294441.0,44da8f35,0.959
1456294441.0,cb479352,1.029
1456294441.0,113d0a42,0.999
1456294441.0,ac1176c4,0.989
1456294441.0,06881b45,0.999
1456294441.0,4f3c1b39,0.949
1456294441.0,7a53b849,0.999
1456294441.0,5f34425a,0.979
1456294441.0,e176ffaf,0.989
1456294441.0,521a2127,1.029
1456294441.0,d65d6aba,1.019
1456294441.0,ffc943b9,0.999
1456294441.0,,1.009
1456294441.0,0a9ae940,0.989
1456294441.0,70c08251,0.999
1456294441.0,e3667aa9,1.019
1456294441.0,ae779650,1.009
1456294441.0,c7bec506,0.989
1456294441.0,d10538bd,0.969
1456294441.0,a249b487,0.989
1456294441.0,ad51b230,0.969
1456294441.0,253839e1,1.019
1456294441.0,db56e2a2,1.029
1456294441.0,316a2f5b,0.999
1456294441.0,633828e5,1.019
1456294441.0,b0a3504b,1.019
1456294441.0,f64d1649,0.969
1456294441.0,05c633c8,1.019
1456294441.0,3a04ab7b,1.009
1456294441.0,4fbb3ab4,1.129
1456294441.0,71b0f730,0.959
1456294441.0,e2c6b885,1.019
1456294441.0,a08d8ae6,0.989
1456294441.0,145d5525,0.989
1456294441.0,6aba45bf,0.999
1456294441.0,8c94be49,1.029
1456294441.0,507cdfac,0.969
1456294441.0,249c81ea,0.979
1456294441.0,c35a371d,0.989
1456294441.0,e4e9e0bc,1.089
1456294441.0,502b4b71,1.019
1456294441.0,62ebae64,0.999
1456294441.0,a9b88996,1.039
1456294441.0,a6f38b75,1.029
1456294441.0,34c23076,0.959
1456294441.0,9b209e8a,0.989
1456294441.0,ad129baa,1.009
1456294441.0,7a760845,0.999
1456294441.0,5455a5f8,0.989
1456294441.0,bbc01d1b,0.949
1456294441.0,21dc0042,0.989
1456294441.0,d0498c7a,0.959
1456294441.0,470345fb,1.019
1456294441.0,6be455b0,1.089
1456294441.0,b1274f69,0.969
1456294441.0,f96eb228,1.009
1456294441.0,6cb03436,0.949
1456294441.0,07b98643,0.999
1456294441.0,9dce1619,0.969
1456294441.0,bb24af7d,0.999
1456294441.0,e8a8876f,1.019
1456294441.0,edf38f90,1.019
1456294441.0,f239acaf,1.009
1456294441.0,72c5857a,1.009
1456294441.0,0c811233,0.979
1456294441.0,b347d1b0,1.009
1456294441.0,aecec7b2,1.019
1456294441.0,860dceaa,0.979
1456294441.0,5900ebe4,0.989
1456294441.0,91c3f745,0.949
1456294441.0,bed52cfb,1.019
1456294441.0,b511f34b,1.019
1456294441.0,e140b830,0.999
1456294441.0,d4391500,0.999
1456294441.0,9d3b5cc6,0.989
1456294441.0,2721f198,0.999
1456294441.0,103696f9,0.999
1456294441.0,990356d6,0.999
1456294441.0,ab1a9bda,1.009
1456294441.0,e371c619,1.039
1456294441.0,61637c84,1.009
1456294441.0,cc477c7c,0.979
1456294441.0,fcbe2ffd,0.949
1456294441.0,5e79f556,0.949
1456294441.0,5e0befb2,0.989
1456294441.0,cacdc0ed,1.009
1456294441.0,95be41d3,0.939
1456294441.0,28712072,0.999
1456294441.0,e274299b,0.999
1456294441.0,4f44e38b,0.989
1456294441.0,b4be46ac,0.984
1456294441.0,b4a9375f,0.959
1456294441.0,6f59ab1a,0.994
1456294441.0,d152b308,1.029
1456294441.0,68492860,1.029
1456294441.0,34108c3d,0.979
1456294441.0,ac6e085e,1.019
1456294441.0,0fc11a52,0.979
1456294441.0,13cc1bf8,0.999
1456294441.0,81b95b13,0.969
1456294441.0,3b9d2939,0.959
1456294441.0,d046f0d3,0.999
1456294441.0,5ec85307,0.989
1456294441.0,b0599356,1.009
1456294441.0,4d90c00c,1.024
1456294441.0,e58aa567,0.999
1456294441.0,a4a6b026,1.019
1456294441.0,77c875bb,0.989
1456294441.0,3e5ecb79,1.009
1456294441.0,994a98f2,0.989
1456294441.0,c2405c51,1.009
1456294441.0,e3e4bea8,1.009
1456294441.0,917af1e0,1.009
1456294441.0,d3953243,0.989
1456294441.0,538559e0,0.979
1456294441.0,fb6a534f,0.949
1456294441.0,57c3f6b1,0.999
1456294441.0,718fb25f,0.959
1456294441.0,9acf7952,0.999
1456294441.0,,1.179
1456294441.0,1e41b091,0.999
1456294441.0,ccb88791,1.029
1456294441.0,5fc4c82d,1.039
1456294441.0,3f2e3b3e,0.999
1456294441.0,1b4a9928,0.999
1456294441.0,c25fac39,0.929
1456294441.0,1d71d64c,0.969
1456294441.0,bc75cb58,1.009
1456294441.0,e83bba02,1.009
1456294441.0,c1d4eea2,0.999
1456294441.0,49925c42,0.979
1456294441.0,314a511a,0.999
1456294441.0,f5bd997d,0.969
1456294441.0,f4333371,1.009
1456294441.0,7faa0c9c,1.029
1456294441.0,7b018030,1.029
1456294441.0,db4ed6aa,1.099
1456294441.0,b699022b,1.019
1456294441.0,4e3aa155,1.009
1456294441.0,813a6cd1,1.009
1456294441.0,4bb3c1ba,0.999
1456294441.0,78e8bb93,0.979
1456294441.0,f44b6301,1.009
1456294441.0,c3e10c01,1.009
1456294441.0,184a38c3,1.009
1456294441.0,4a7395cf,0.969
1456294441.0,efb43212,1.029
1456294441.0,8e88bf8c,0.989
1456294441.0,ed0cd7e2,0.989
1456294441.0,9f0d800f,0.989
1456294441.0,a4ba2fb9,0.999
1456294441.0,6dc3c176,0.979
1456294441.0,332d02ad,1.009
1456294441.0,d262266d,0.959
1456294441.0,7950522d,1.029
1456294441.0,d998872e,0.989
1456294441.0,d84de198,0.979
1456294441.0,03261265,1.029
1456294441.0,229bb6b8,0.999
1456294441.0,2feae8bd,0.959
1456294441.0,0986d9b8,0.999
1456294441.0,aea9d5b4,1.009
1456294441.0,8e8b8a63,0.959
1456294441.0,ac9715c2,0.999
1456294441.0,ecf85bf9,1.009
1456294441.0,f29cadc1,0.999
1456294441.0,9d1571c3,0.999
1456294441.0,c48de424,0.979
1456294441.0,5f650df4,0.989
1456294441.0,7d63776b,1.009
1456294441.0,d525156e,0.949
1456294441.0,f5268ec9,1.019
1456294441.0,123a41c8,1.009
1456294441.0,82089458,0.979
1456294441.0,,0.939
1456294441.0,c4a3a803,1.019
1456294441.0,1c54aea2,0.989
1456294441.0,dfb29247,0.999
1456294441.0,7d5b56a3,0.999
1456294441.0,92401764,1.009
1456294441.0,1c087491,0.969
1456294441.0,a2f965eb,0.999
1456294441.0,95dade99,0.989
1456294441.0,acd225f7,1.009
1456294441.0,df3a81a4,1.009
1456294441.0,6465956f,0.949
1456294441.0,c8e00f1c,0.969
1456294441.0,f51c98aa,1.099
1456294441.0,1e348fb0,1.059
1456294441.0,adfff05a,1.039
1456294441.0,ba94f47b,0.979
1456294441.0,7718e2fa,1.009
1456294441.0,97c6460d,1.019
1456294441.0,4a5ba0e5,0.999
1456294441.0,9536d208,1.009
1456294441.0,bdd46409,1.019
1456294441.0,7f49ff21,0.979
1456294441.0,948de924,1.129
1456294441.0,63e70cd3,0.999
1456294441.0,734c23a5,0.949
1456294441.0,551c6932,0.999
1456294441.0,58cb2ae4,0.999
1456294441.0,c393d3fc,0.969
1456294441.0,260b8710,0.979
1456294441.0,e5710690,0.989
1456294441.0,504126f8,1.019
1456294441.0,3be33cb4,0.989
1456294441.0,ae934bd5,0.999
1456294441.0,2263d9ed,0.969
1456294441.0,d18dd289,1.009
1456294441.0,a8f6f809,1.129
1456294441.0,c09f1e3e,1.009
1456294441.0,f8ab4e9f,0.999
1456294441.0,777eab33,1.009
1456294441.0,52e3bfc8,0.999
1456294441.0,0eec9a7b,0.989
1456294441.0,7eb5a5a4,0.999
1456294441.0,a84b87d8,0.999
1456294441.0,bd396f56,1.009
1456294441.0,9fe5444d,1.029
1456294441.0,f6f661ae,1.009
1456294441.0,e91ec3d6,0.999
1456294441.0,15383da3,1.009
1456294441.0,53ae9528,0.959
1456294441.0,6c663a7b,1.019
1456294441.0,7fc3b34a,0.999
1456294441.0,30a4941c,0.969
1456294441.0,a0e8f2a4,0.949
1456294441.0,5aa87776,1.059
1456294441.0,f9a1f770,0.989
1456294441.0,f56f3208,1.009
1456294441.0,da670ade,0.999
1456294441.0,a46de094,0.999
1456294441.0,d9686f25,0.999
1456294441.0,24755427,0.999
1456294441.0,26a56374,0.969
1456294441.0,5c2e3a01,0.959
1456294441.0,,0.989
1456294441.0,f02aba4d,0.969
1456294441.0,78566ed9,0.959
1456294441.0,1543d9a2,0.999
1456294441.0,6024deec,0.929
1456294441.0,a5d5884d,0.989
1456294441.0,56e398e7,0.969
1456294441.0,7ee5da0f,0.999
1456294441.0,c6d02f74,1.009
1456294441.0,6e966a1c,1.009
1456294441.0,ec17af21,1.039
1456294441.0,1f5803f6,1.009
1456294441.0,3e2d7201,0.979
1456294441.0,625146af,0.969
1456294441.0,e4d02e08,0.959
1456294441.0,8b69a860,0.999
1456294441.0,38b527b3,1.009
1456294441.0,dbacecfb,0.989
1456294441.0,36ed9058,0.959
1456294441.0,210e50b8,1.009
1456294441.0,bccaf145,0.949
1456294441.0,c96f410f,0.969
1456294441.0,d3a7aabc,0.969
1456294441.0,e5139cec,0.929
1456294441.0,0a2b6f09,0.959
1456294441.0,5e068b6e,0.979
1456294441.0,4d4b1ca0,0.979
1456294441.0,109f53f9,0.949
1456294441.0,b4666217,0.979
1456294441.0,0a0b5f30,0.959
1456294441.0,5a549ff7,0.969
1456294441.0,00d6d029,0.979
1456294441.0,2c111d16,0.989
1456294441.0,006407b4,0.949
1456294441.0,eeca31d3,1.009
1456294441.0,,0.989
1456294441.0,27d9a178,0.989
1456294441.0,332ba2e4,0.979
1456294441.0,2e275f6e,0.959
1456294441.0,b215d388,0.969
1456294441.0,7b8e3478,0.999
1456294441.0,053b7fd8,1.009
1456294441.0,19cfa34e,0.979
1456294441.0,4900212f,1.009
1456294441.0,2b2b7338,0.969
1456294441.0,776d441b,1.009
1456294441.0,f42ca072,1.029
1456294441.0,91db14ed,0.959
1456294441.0,7de31d71,0.999
1456294441.0,606d52e3,1.009
1456294441.0,c48df784,1.009
1456294441.0,9456d189,0.999
1456294441.0,68e1f6e3,0.989
1456294441.0,effeb23b,1.009
1456294441.0,8d6341ad,1.019
1456294441.0,5812c07f,0.939
1456294441.0,,1.009
1456294441.0,d87652c8,0.999
1456294441.0,e578a879,0.989
1456294441.0,b32ae972,1.179
1456294441.0,2ab4115c,1.009
1456294441.0,7c3d138b,0.989
1456294441.0,6d0c8ba1,0.999
1456294441.0,12812efd,0.939
1456294441.0,76186cf8,0.969
1456294441.0,da377fd8,0.979
1456294441.0,a388f36b,0.999
1456294441.0,c3803ef6,0.959
1456294441.0,c58078e1,1.169
1456294441.0,ceb1fd3e,0.979
1456294441.0,129427de,0.929
1456294441.0,22609e3d,0.989
1456294441.0,ebe29594,0.959
1456294441.0,85dcde4e,0.979
1456294441.0,efe39034,0.999
1456294441.0,2787cfe0,0.959
1456294441.0,ded8bee6,0.979
1456294441.0,9cb727d2,0.989
1456294441.0,53282654,1.039
1456294681.0,746c4a4d,1.019
1456294681.0,30b83a68,1.039
1456294681.0,5da50d00,0.959
1456294681.0,42045a7b,0.979
1456294681.0,669db224,0.979
1456294681.0,8730426e,0.999
1456294681.0,50585854,0.989
1456294681.0,166e7f73,0.959
1456294681.0,304be57d,1.019
1456294681.0,c74b9c21,0.999
1456294681.0,1a2a17d8,0.959
1456294681.0,7592b37a,0.999
1456294681.0,78e71612,1.039
1456294681.0,abcdcbad,0.999
1456294681.0,fc127178,1.009
1456294681.0,7ad9844c,0.979
1456294681.0,9bf65a40,1.029
1456294681.0,03c6bccb,0.969
1456294681.0,d3fff19d,0.979
1456294681.0,9a52a6cd,0.989
1456294681.0,24e62803,0.989
1456294681.0,57842eba,1.069
1456294681.0,d5a86b4b,1.139
1456294681.0,,0.999
1456294681.0,5110f142,0.989
1456294681.0,eba73bce,1.039
1456294681.0,c4f10d73,0.949
1456294681.0,f10a7896,0.999
1456294681.0,34f8b648,1.009
1456294681.0,8b02d213,0.999
1456294681.0,01117f28,0.999
1456294681.0,cc6a0aeb,0.969
1456294681.0,237a7aef,0.959
1456294681.0,eac0620e,0.969
1456294681.0,e85fcc79,1.009
1456294681.0,763d8dd8,1.019
1456294681.0,161691b3,0.979
1456294681.0,4d87be41,1.009
1456294681.0,9f8e2486,0.979
1456294681.0,16e07801,0.979
1456294681.0,68938096,0.959
1456294681.0,a1add909,1.009
1456294681.0,0f4a41fc,0.979
1456294681.0,a38344c9,0.979
1456294681.0,222b778e,0.989
1456294681.0,0e025df7,1.099
1456294681.0,07f5aeea,1.019
1456294681.0,136065e7,1.009
1456294681.0,0f76eceb,0.999
1456294681.0,1bbf25c0,0.989
1456294681.0,7e01bac4,1.009
1456294681.0,bdb44643,0.989
1456294681.0,5a8fcce2,0.979
1456294681.0,e8c3f262,0.999
1456294681.0,81651745,0.999
1456294681.0,e7b24018,0.969
1456294681.0,8e3599bc,0.969
1456294681.0,592bb59f,0.999
1456294681.0,9f4abaf3,0.979
1456294681.0,0001c9be,0.989
1456294681.0,d2a9c0a1,0.989
1456294681.0,3eb1b356,1.019
1456294681.0,69d23d4e,1.039
1456294681.0,447dba6a,0.999
1456294681.0,354f6a44,1.109
1456294681.0,07709e8f,0.989
1456294681.0,f21843f7,0.999
1456294681.0,95402468,0.979
1456294681.0,f0430871,1.019
1456294681.0,d26548b6,1.009
1456294681.0,3fafd99a,0.969
1456294681.0,3466d43f,0.999
1456294681.0,37034115,0.989
1456294681.0,9a1a2584,0.979
1456294681.0,5f34425a,0.999
1456294681.0,bce781d3,1.059
1456294681.0,37c4f1e4,0.989
1456294681.0,6d248169,0.979
1456294681.0,851f334c,1.009
1456294681.0,4b23821f,0.969
1456294681.0,bc02464b,0.959
1456294681.0,3564f546,0.979
1456294681.0,dbce00b6,1.009
1456294681.0,76308147,1.039
1456294681.0,bd469a6d,0.989
1456294681.0,efbeec26,1.009
1456294681.0,9fa8d44e,1.009
1456294681.0,55bdc634,1.029
1456294681.0,fdd7a859,0.989
1456294681.0,21b0fe98,1.019
1456294681.0,47fd3799,0.969
1456294681.0,c52fae08,0.959
1456294681.0,67c2a2b3,0.969
1456294681.0,310899cd,0.989
1456294681.0,80218b02,1.009
1456294681.0,bb9f0bc7,1.149
1456294681.0,9602e1b1,0.969
1456294681.0,a3a74fcc,1.029
1456294681.0,fbc6af74,0.999
1456294681.0,15b99812,0.969
1456294681.0,4fee3e6d,1.009
1456294681.0,6b1c47cf,1.009
1456294681.0,f6d52050,1.009
1456294681.0,c20a8487,0.959
1456294681.0,83cdf5cb,0.999
1456294681.0,80072a71,0.999
1456294681.0,c8d87efe,0.989
1456294681.0,171ebb74,0.949
1456294681.0,35e9dc97,1.029
1456294681.0,8cec6d32,1.009
1456294681.0,c8efbe00,1.029
1456294681.0,2b849c3c,0.999
1456294681.0,08ee2078,0.999
1456294681.0,be8c65ec,1.009
1456294681.0,ae3fcddd,0.989
1456294681.0,f1def287,0.999
1456294681.0,bdc3a9dd,0.999
1456294681.0,3c701ea8,0.959
1456294681.0,fea3781d,0.989
1456294681.0,bf87bcf0,1.029
1456294681.0,9789b717,1.019
1456294681.0,bf0b9427,1.179
1456294681.0,5aa86555,0.999
1456294681.0,ac995a23,1.009
1456294681.0,7d9fd3be,0.989
1456294681.0,d15d1648,1.029
1456294681.0,b553e369,1.019
1456294681.0,9520ba7c,1.009
1456294681.0,6e907110,1.009
1456294681.0,cbaf22db,0.989
1456294681.0,b85957cd,0.959
1456294681.0,028c59d7,1.009
1456294681.0,ca2862c6,0.989
1456294681.0,e246da13,0.959
1456294681.0,8215d943,1.139
1456294681.0,1398c802,1.019
1456294681.0,438b0f85,1.079
1456294681.0,5559a0b4,0.989
1456294681.0,dd12b2b6,1.029
1456294681.0,2976f46b,0.999
1456294681.0,682bb15c,0.999
1456294681.0,b72a502f,0.959
1456294681.0,d9de1c75,0.999
1456294681.0,317db5c8,1.009
1456294681.0,bcdd8796,0.999
1456294681.0,b6f82f10,0.989
1456294681.0,2f6a5cea,1.009
1456294681.0,3dbfb213,1.019
1456294681.0,ef811cbc,1.009
1456294681.0,b71681a4,1.039
1456294681.0,332fe278,0.989
1456294681.0,f8d1d2e4,1.019
1456294681.0,2d9b1245,1.049
1456294681.0,cd2e6031,1.019
1456294681.0,5a12d25f,0.999
1456294681.0,61d59ee9,1.019
1456294681.0,9dd61d06,0.949
1456294681.0,9e334e1e,1.019
1456294681.0,0fdbf750,0.989
1456294681.0,2d149d2f,0.979
1456294681.0,a1904e6e,1.039
1456294681.0,72c5857a,0.999
1456294681.0,360ecf54,0.989
1456294681.0,8700c374,0.989
1456294681.0,92e00096,0.989
1456294681.0,488f6e67,0.969
1456294681.0,030fbae5,1.029
1456294681.0,6aa8dde2,0.999
1456294681.0,91f136df,0.959
1456294681.0,b1cca41e,0.989
1456294681.0,9593b2f6,0.949
1456294681.0,b2f45931,0.969
1456294681.0,53410888,0.939
1456294681.0,15200152,0.939
1456294681.0,98fad8c5,0.989
1456294681.0,c443c505,0.959
1456294681.0,1bdb889f,0.939
1456294681.0,9ffeb5ed,0.989
1456294681.0,082564ba,0.949
1456294681.0,3d592311,0.979
1456294681.0,4a6264de,0.999
1456294681.0,a8086038,0.969
1456294681.0,f7b92fac,0.919
1456294681.0,52aedb7d,0.959
1456294681.0,f19a2bc5,0.969
1456294681.0,03f6c531,0.999
1456294681.0,7250f4a7,0.989
1456294681.0,d6fc46e5,0.969
1456294681.0,9d522e7b,0.989
1456294681.0,c1342b0e,0.989
1456294681.0,662e48ec,0.989
1456294681.0,e96c8f9b,0.979
1456294681.0,c687a4a1,0.949
1456294681.0,29ebe1f6,0.979
1456294681.0,68477221,0.979
1456294681.0,f67b6a8f,0.999
1456294681.0,dbc1bba3,0.979
1456294681.0,e4d30463,0.959
1456294681.0,ad0d24dc,0.949
1456294681.0,bb39a843,0.979
1456294681.0,acd894be,0.939
1456294681.0,a2b07888,0.969
1456294681.0,85f12dca,0.949
1456294681.0,a5d6f2dd,0.989
1456294681.0,eb783f5d,0.969
1456294681.0,796e138b,0.949
1456294681.0,4d655bc9,0.969
1456294681.0,d7fbc628,0.999
1456294681.0,d7530e7f,0.999
1456294681.0,d165c2c6,1.019
1456294681.0,32ba58a5,1.109
1456294681.0,c27724b2,1.009
1456294681.0,2efa85d4,0.969
1456294681.0,26e6f2fe,0.999
1456294681.0,4824bf4c,0.999
1456294681.0,90c8ee01,1.009
1456294681.0,bc45bc13,1.129
1456294681.0,ecc8e95f,0.969
1456294681.0,58d78a43,1.009
1456294681.0,4b87f0df,0.989
1456294681.0,865c84ca,1.039
1456294681.0,8c1c23fb,0.929
1456294681.0,eaa8f83c,1.009
1456294681.0,d21a57fd,0.959
1456294681.0,4fcd4de4,1.029
1456294681.0,dcf12c2f,0.979
1456294681.0,ab583e1e,0.999
1456294681.0,84f19301,0.989
1456294681.0,94862ec3,1.019
1456294681.0,fcbe2ffd,0.949
1456294681.0,0e9418e2,1.129
1456294681.0,1ed8d71f,0.999
1456294681.0,26f4791b,1.039
1456294681.0,cc0830cf,1.019
1456294681.0,d96a698b,0.969
1456294681.0,c92bf6e3,1.009
1456294681.0,50cbdca4,0.989
1456294681.0,33972c60,1.009
1456294681.0,18175a0a,0.989
1456294681.0,e4983efc,0.999
1456294681.0,9e80ff49,1.009
1456294681.0,d91c0f8d,1.009
1456294681.0,26f7c61c,0.949
1456294681.0,450ed4aa,0.989
1456294681.0,f78f34d4,1.029
1456294681.0,b30a9376,0.949
1456294681.0,f71bbe39,0.999
1456294681.0,83079e85,0.969
1456294681.0,79e81a72,1.009
1456294681.0,2843ab89,1.009
1456294681.0,42e838c7,0.999
1456294681.0,bde06776,0.999
1456294681.0,5b2750c6,1.029
1456294681.0,2234b79f,0.959
1456294681.0,cac2d933,0.959
1456294681.0,6927d550,0.999
1456294681.0,b5940e7d,1.009
1456294681.0,f39d03d7,0.959
1456294681.0,2fc28014,0.959
1456294681.0,4fadcb9d,0.999
1456294681.0,41dc9205,0.949
1456294681.0,52a523f4,1.129
1456294681.0,70a38521,0.999
1456294681.0,535e45c7,0.979
1456294681.0,186a1294,1.039
1456294681.0,c16682b0,1.009
1456294681.0,0535a64d,1.039
1456294681.0,4d90c00c,1.019
1456294681.0,89c96863,0.999
1456294681.0,ef5fb7f7,0.999
1456294681.0,a40e1f56,0.999
1456294681.0,,0.939
1456294681.0,d63e056b,0.989
1456294681.0,d9811c4e,1.019
1456294681.0,4d541f34,0.999
1456294681.0,8f9c3c61,0.999
1456294681.0,010a1240,0.959
1456294681.0,1e7f80e8,1.099
1456294681.0,ee4163c1,0.979
1456294681.0,29c7431a,1.059
1456294681.0,5c3d3863,0.999
1456294681.0,ca8919db,1.029
1456294681.0,cda8d3bf,1.049
1456294681.0,0a20dd73,1.029
1456294681.0,313314f6,0.999
1456294681.0,5c152248,1.029
1456294681.0,f2523c62,1.019
1456294681.0,76e0688e,1.009
1456294681.0,7fc9d4ff,0.999
1456294681.0,6f7da555,1.009
1456294681.0,db1d08fc,1.019
1456294681.0,6b012e3a,0.949
1456294681.0,d15d75b3,1.019
1456294681.0,da18f772,0.989
1456294681.0,e1b4e808,1.009
1456294681.0,e579a4d2,1.009
1456294681.0,bbbc6ece,0.989
1456294681.0,5b0a2fcf,0.999
1456294681.0,c1f62db6,1.009
1456294681.0,,1.019
1456294681.0,f2eb270f,0.959
1456294681.0,0d0f23bd,1.009
1456294681.0,a1ca21f6,0.969
1456294681.0,7fb54fbf,1.009
1456294681.0,3219cb04,0.999
1456294681.0,ba2ae41b,1.039
1456294681.0,162f1e57,0.999
1456294681.0,67b560d4,1.009
1456294681.0,d18613bf,1.079
1456294681.0,5629e39c,1.029
1456294681.0,80ec45da,0.969
1456294681.0,e35dbbb3,0.999
1456294681.0,cfda167d,0.969
1456294681.0,08d73b70,1.009
1456294681.0,27536df6,1.029
1456294681.0,bbbd1342,1.059
1456294681.0,f2b5514e,1.009
1456294681.0,5e6a8982,1.009
1456294681.0,d6fe953b,1.019
1456294681.0,3f896bf8,0.969
1456294681.0,261381d7,1.009
1456294681.0,4f704bb1,0.989
1456294681.0,84112741,0.949
1456294681.0,2ce7ea0e,1.009
1456294681.0,74d77c58,1.034
1456294681.0,180c401e,1.009
1456294681.0,fe19868d,0.969
1456294681.0,ec19c93a,1.009
1456294681.0,37a893dc,1.009
1456294681.0,d54da67a,0.959
1456294681.0,b9b3646f,1.029
1456294681.0,6d20a7b6,0.999
1456294681.0,0ec80a86,0.949
1456294681.0,dbdc1743,1.019
1456294681.0,8a7ae372,1.039
1456294681.0,466d909f,1.049
1456294681.0,59cec01d,1.009
1456294681.0,e068e0ba,1.079
1456294681.0,4f9d836e,0.979
1456294681.0,cc9281aa,0.999
1456294681.0,8fec22b9,1.009
1456294681.0,21f78260,1.039
1456294681.0,1c00717b,0.999
1456294681.0,990f2a08,1.009
1456294681.0,0463664c,0.989
1456294681.0,cbe160e3,0.989
1456294681.0,75ed1160,1.019
1456294681.0,bd42a430,0.949
1456294681.0,27825143,1.019
1456294681.0,8fd408b7,0.989
1456294681.0,b3858033,0.949
1456294681.0,5196f76a,0.989
1456294681.0,997db707,0.969
1456294681.0,76f75d37,1.089
1456294681.0,ea2476b3,1.009
1456294681.0,74004306,0.999
1456294681.0,c97403d4,0.999
1456294681.0,4e131669,0.979
1456294681.0,468066ad,1.019
1456294681.0,4367b614,0.969
1456294681.0,243cd548,0.999
1456294681.0,6bac3115,0.999
1456294681.0,31b11e9e,1.029
1456294681.0,4abbc65e,1.009
1456294681.0,a453e0de,0.999
1456294681.0,edb096b5,0.999
1456294681.0,fecd7c64,1.039
1456294681.0,231c19cd,0.999
1456294681.0,cb04d9ea,1.019
1456294681.0,135c7773,0.999
1456294681.0,d8e33d34,0.999
1456294681.0,6e950c4a,1.009
1456294681.0,0bf731c0,0.999
1456294681.0,322c083e,0.949
1456294681.0,b12d4dc7,0.999
1456294681.0,5e613253,0.959
1456294681.0,2323e5c3,1.029
1456294681.0,9598f3ac,0.999
1456294681.0,287fc858,0.999
1456294681.0,564ef774,0.989
1456294681.0,2e77c5e7,1.009
1456294681.0,8af66ed4,0.969
1456294681.0,,0.999
1456294681.0,7f8a14da,0.989
1456294681.0,d65cfd6c,1.039
1456294681.0,e1d422e6,1.009
1456294681.0,e2cdf18c,1.009
1456294681.0,d45b556e,0.979
1456294681.0,95845353,1.029
1456294681.0,eadc25e7,0.999
1456294681.0,a630f96a,1.039
1456294681.0,9171a74f,0.989
1456294681.0,c9dc18ed,1.009
1456294681.0,15566f60,1.059
1456294681.0,d6831509,1.009
1456294681.0,fa56fc6e,1.019
1456294681.0,375abe19,1.009
1456294681.0,275911ce,0.999
1456294681.0,e2e2bd54,0.999
1456294681.0,85ae0b90,0.999
1456294681.0,7d5b56a3,0.979
1456294681.0,757d5670,0.999
1456294681.0,5adcc672,1.029
1456294681.0,684e26a4,1.019
1456294681.0,572ecc04,0.999
1456294681.0,f2054fb8,1.009
1456294681.0,3893ca3e,1.029
1456294681.0,bd4bb0e4,1.009
1456294681.0,2ae61bab,1.009
1456294681.0,1cdb45b5,0.999
1456294681.0,38ad9bbf,0.989
1456294681.0,16ff16ba,0.979
1456294681.0,5ef62f10,1.009
1456294681.0,fb94863a,1.019
1456294681.0,26056533,0.999
1456294681.0,409b2b7e,1.029
1456294681.0,6ddaf8c2,0.989
1456294681.0,161cb545,1.039
1456294681.0,6a5c522a,1.019
1456294681.0,2965e148,0.999
1456294681.0,1b21d50b,0.989
1456294681.0,945ced86,1.009
1456294681.0,52303ab3,1.009
1456294681.0,dcd3f71a,0.989
1456294681.0,0f1a4e9a,1.149
1456294681.0,86712e60,1.009
1456294681.0,7906e124,0.969
1456294681.0,0339cb93,0.999
1456294681.0,b54ce38d,0.979
1456294681.0,,1.019
1456294681.0,76cc63cc,0.999
1456294681.0,c1e95d8d,0.959
1456294681.0,257b4f91,1.009
1456294681.0,64e61e90,0.989
1456294681.0,5ac0914e,0.999
1456294681.0,95564cf1,0.989
1456294681.0,f04e168f,0.999
1456294681.0,a9b4d8a2,0.999
1456294681.0,51683daa,1.059
1456294681.0,800691b2,0.969
1456294681.0,ab899df0,1.069
1456294681.0,26e74126,1.039
1456294681.0,44e030ce,1.009
1456294681.0,,1.009
1456294681.0,71618bdc,1.039
1456294681.0,0ab7f18e,0.989
1456294681.0,7771a21d,1.019
1456294681.0,c31dc7b8,1.089
1456294681.0,4c925894,1.029
1456294681.0,f9befed0,1.009
1456294681.0,c793eda5,0.984
1456294681.0,166ca755,1.009
1456294681.0,4b7b3dd3,1.019
1456294681.0,f25ec39b,1.009
1456294681.0,002160c4,1.019
1456294681.0,16e01aa0,1.039
1456294681.0,069e66bc,0.979
1456294681.0,932359af,1.009
1456294681.0,aef9c468,1.019
1456294681.0,580449f1,1.009
1456294681.0,5363d71f,1.009
1456294681.0,909f02fa,1.009
1456294681.0,74ffd54c,0.989
1456294681.0,90f0ff20,0.999
1456294681.0,a86c0a1f,0.989
1456294681.0,2358eb9a,1.009
1456294681.0,a05a18cd,1.009
1456294681.0,b893996a,0.959
1456294681.0,fc9dc8e5,0.999
1456294681.0,,1.009
1456294681.0,b2ad3bc8,1.009
1456294681.0,8e9233ee,0.989
1456294681.0,311d43c9,1.029
1456294681.0,4622dd55,0.989
1456294681.0,c0862a83,1.039
1456294681.0,6c715e12,0.999
1456294681.0,16fbfac7,1.009
1456294681.0,847fdc50,1.059
1456294681.0,152983d0,0.989
1456294681.0,9bff6895,0.979
1456294681.0,160addff,0.969
1456294681.0,0da2e486,0.989
1456294681.0,bae5af8d,0.979
1456294681.0,676ac223,1.009
1456294681.0,801a4bcc,0.939
1456294681.0,f4b9f379,0.979
1456294681.0,9247febd,0.939
1456294681.0,40d7aa6e,0.969
1456294681.0,62d05b95,0.989
1456294681.0,193d5fa7,0.989
1456294681.0,4f91a79a,0.979
1456294681.0,2c946e5c,0.979
1456294681.0,8bbd302b,0.979
1456294681.0,e7b28238,0.969
1456294681.0,00d6d029,0.979
1456294681.0,2c111d16,0.939
1456294681.0,ff41b63f,0.939
1456294681.0,8c7add3d,0.959
1456294681.0,9022b426,0.969
1456294681.0,94c64075,0.999
1456294681.0,be936d1c,1.019
1456294681.0,c6d24a24,0.959
1456294681.0,74635252,0.969
1456294681.0,6e520560,1.049
1456294681.0,22491a38,0.959
1456294681.0,9220c62a,0.999
1456294681.0,a20bc7a4,0.969
1456294681.0,6c109510,1.009
1456294681.0,469d3f8c,0.989
1456294681.0,89b78f49,0.999
1456294681.0,364779b4,1.039
1456294681.0,e212dd80,0.979
1456294681.0,b5897439,0.989
1456294681.0,7ab95e95,0.969
1456294681.0,0d27caae,0.989
1456294681.0,97588053,0.999
1456294681.0,1d50351d,1.009
1456294681.0,f4b41566,0.949
1456294681.0,39ff66f8,1.009
1456294681.0,1b140b5b,1.009
1456294681.0,ce90c05e,0.969
1456294681.0,06f5e166,0.989
1456294681.0,ea5c90c0,0.999
1456294681.0,46379d52,0.989
1456294681.0,33fb4cf3,1.079
1456294681.0,9cb41098,1.029
1456294681.0,f9e7f183,0.989
1456294681.0,42bd34e4,0.979
1456294681.0,4c715086,0.989
1456294681.0,bd9f0dd9,1.039
1456294681.0,8fa20ff5,1.049
1456294681.0,f93a1db7,0.989
1456294681.0,6f55f694,1.039
1456294681.0,c1082f5e,0.989
1456294681.0,4500efc2,0.989
1456294681.0,836023d3,1.009
1456294681.0,3c0b225f,0.979
1456294681.0,f2be6718,0.999
1456294681.0,594fc2e9,0.999
1456294681.0,360e9fbc,1.159
1456294681.0,0cbee1b5,0.99
1456294681.0,6dbdc4a2,0.959
1456294681.0,ea6d4e44,1.039
1456294681.0,efe39034,0.999
1456294681.0,863b1324,0.959
1456294681.0,03c6addd,1.009
1456294681.0,ac94744b,0.989
1456294681.0,28664934,0.989
1456294681.0,96aa8cbc,0.959
1456294681.0,5e128548,1.009
1456294681.0,b299d8d7,0.989
1456294681.0,d411def2,1.049
1456294681.0,d3755983,1.009
1456294681.0,fe41844a,1.079
1456294921.0,04ef222e,1.029
1456294921.0,a56d5733,1.009
1456294921.0,7e0a33b2,1.009
1456294921.0,6bfedfb9,1.099
1456294921.0,cf18b057,0.949
1456294921.0,cb7b59b6,1.009
1456294921.0,667e0f37,0.979
1456294921.0,fc64f929,0.999
1456294921.0,75c0c33d,0.969
1456294921.0,4e905761,0.989
1456294921.0,e77100d2,0.959
1456294921.0,9cdd4f3a,0.959
1456294921.0,fbf71c0b,0.979
1456294921.0,f5d1988d,1.129
1456294921.0,c5b39c57,0.959
1456294921.0,c8fac997,0.989
1456294921.0,d1cb3372,0.989
1456294921.0,7b80d32c,1.019
1456294921.0,a1de4c4f,1.019
1456294921.0,ddd15cbb,1.019
1456294921.0,b7218e20,0.999
1456294921.0,fbbb030d,1.009
1456294921.0,2c773ce0,0.989
1456294921.0,3e67e577,0.949
1456294921.0,148a7a27,1.069
1456294921.0,c060503d,0.999
1456294921.0,9a099132,1.029
1456294921.0,097b0d22,0.979
1456294921.0,b7bc3e61,1.019
1456294921.0,d6e5c3f0,1.029
1456294921.0,d991f8d3,0.949
1456294921.0,297818d7,1.009
1456294921.0,ee45ac15,0.989
1456294921.0,bca31534,1.009
1456294921.0,ff6b208a,0.979
1456294921.0,ed5d2ad9,0.999
1456294921.0,f551661a,0.939
1456294921.0,b2a7fde4,0.989
1456294921.0,2a7b6c27,0.994
1456294921.0,eab170ca,0.929
1456294921.0,91e0ee78,1.019
1456294921.0,26db277e,0.989
1456294921.0,72ceacae,0.999
1456294921.0,d00ee189,1.039
1456294921.0,8aefbe17,1.019
1456294921.0,4b36fa89,0.999
1456294921.0,93da27ed,0.959
1456294921.0,5dc70b90,1.039
1456294921.0,b6583eaf,0.939
1456294921.0,19625574,1.019
1456294921.0,7eafe473,0.999
1456294921.0,2c58ecc7,0.949
1456294921.0,c465775f,1.019
1456294921.0,e1d95425,1.129
1456294921.0,6bfa1784,0.989
1456294921.0,9b358c84,0.949
1456294921.0,8659a4a3,1.009
1456294921.0,bb2d140b,1.009
1456294921.0,abea714d,1.129
1456294921.0,b82cdd94,1.089
1456294921.0,412f8103,1.019
1456294921.0,192ba8fb,0.959
1456294921.0,00eccb46,0.989
1456294921.0,63aa7558,1.019
1456294921.0,c5772f6a,0.989
1456294921.0,829f8adc,1.039
1456294921.0,f74600d5,0.999
1456294921.0,8eb14afc,0.999
1456294921.0,72795297,0.969
1456294921.0,d8a919a3,0.989
1456294921.0,,1.009
1456294921.0,28f0e708,0.959
1456294921.0,8c716afc,1.029
1456294921.0,e448c44d,0.979
1456294921.0,4f9ccf16,0.999
1456294921.0,815252d2,0.979
1456294921.0,0dac1cdc,1.029
1456294921.0,5056106a,0.959
1456294921.0,d586ebeb,0.949
1456294921.0,f38a8e26,1.009
1456294921.0,13d61eea,0.969
1456294921.0,301f8f7b,1.009
1456294921.0,9a4d188a,1.089
1456294921.0,b7281837,0.999
1456294921.0,92e92fe0,0.979
1456294921.0,a1f3fe7e,0.959
1456294921.0,e16e5312,0.999
1456294921.0,e2b8f259,0.989
1456294921.0,657c5e72,1.009
1456294921.0,22d16d09,0.959
1456294921.0,f389a9e7,0.989
1456294921.0,0491309a,0.989
1456294921.0,9f28cd19,1.019
1456294921.0,5d34075a,0.999
1456294921.0,050d62ae,0.999
1456294921.0,4d248889,0.989
1456294921.0,d8297d8d,0.979
1456294921.0,249c81ea,0.979
1456294921.0,121ea079,0.999
1456294921.0,c575cb16,0.979
1456294921.0,5384cd69,0.989
1456294921.0,bd0953f8,0.999
1456294921.0,4aa4382f,1.019
1456294921.0,c5208f75,0.999
1456294921.0,d9d4a6fe,0.989
1456294921.0,656a2566,1.009
1456294921.0,34293664,0.979
1456294921.0,d1cab319,0.989
1456294921.0,da6cfb62,1.089
1456294921.0,c2cbc81c,1.029
1456294921.0,adf8dffc,0.949
1456294921.0,12fc2a75,1.009
1456294921.0,3fcbe3b5,1.009
1456294921.0,6866a590,0.979
1456294921.0,4afaa787,0.999
1456294921.0,658748ac,0.999
1456294921.0,fbf6da0b,0.949
1456294921.0,31b711f3,1.119
1456294921.0,ab3bff5d,1.039
1456294921.0,a950db45,1.129
1456294921.0,9ae06205,1.009
1456294921.0,6be455b0,1.099
1456294921.0,123a197a,0.999
1456294921.0,d5d9e64c,1.039
1456294921.0,e7848d8d,0.939
1456294921.0,d3e4d9b9,1.109
1456294921.0,3bb74884,1.029
1456294921.0,5773d9f5,0.979
1456294921.0,693a4986,0.949
1456294921.0,de1eff76,0.999
1456294921.0,7f90a219,1.009
1456294921.0,f723b50e,0.959
1456294921.0,0c811233,0.979
1456294921.0,b2e44198,1.009
1456294921.0,dee66d10,0.959
1456294921.0,7b943951,1.019
1456294921.0,0945bafb,0.999
1456294921.0,bb41a6c9,0.979
1456294921.0,6acdb3a0,1.019
1456294921.0,ba0d3095,1.049
1456294921.0,24c9552e,0.989
1456294921.0,7001785d,0.979
1456294921.0,11c55ae3,0.979
1456294921.0,2cd4012d,0.989
1456294921.0,557f7d87,0.989
1456294921.0,1a0f3e2b,0.999
1456294921.0,bce1fe2d,0.949
1456294921.0,b47f33d8,0.999
1456294921.0,445ead90,0.959
1456294921.0,45b03d62,0.999
1456294921.0,d921f4ce,0.979
1456294921.0,759e3fcc,0.989
1456294921.0,4c0e3547,0.949
1456294921.0,9da51b85,0.989
1456294921.0,55446f74,0.989
1456294921.0,72a57388,0.939
1456294921.0,fec5bce2,0.999
1456294921.0,a5b19cba,0.989
1456294921.0,b015481a,0.999
1456294921.0,7144e340,0.969
1456294921.0,0f283ef6,0.979
1456294921.0,eaa7c105,0.959
1456294921.0,fcd1aad6,0.989
1456294921.0,b2fa05f2,0.949
1456294921.0,a099cd62,0.989
1456294921.0,1017cdb3,0.949
1456294921.0,fee64542,0.969
1456294921.0,5466334e,0.969
1456294921.0,6934dd1a,0.999
1456294921.0,03a8f542,1.009
1456294921.0,658cce02,0.989
1456294921.0,4e48e1df,0.959
1456294921.0,e9a8e0dc,0.949
1456294921.0,f7ad88b8,0.929
1456294921.0,da28f05d,0.969
1456294921.0,7d24179d,0.969
1456294921.0,7e6fd376,0.979
1456294921.0,467edc58,0.989
1456294921.0,da84e1ef,0.979
1456294921.0,1dc8cdb7,0.969
1456294921.0,0b790115,0.979
1456294921.0,94a8272b,0.969
1456294921.0,21a92259,0.969
1456294921.0,91f0a0fd,0.979
1456294921.0,fe45add5,0.999
1456294921.0,25e13742,0.989
1456294921.0,7a05b007,0.989
1456294921.0,148c8e58,0.949
1456294921.0,36728450,0.999
1456294921.0,de2c9edf,0.989
1456294921.0,afafdf69,0.949
1456294921.0,4837de5d,0.989
1456294921.0,8642884a,1.019
1456294921.0,9822514a,1.039
1456294921.0,9cb577d8,0.979
1456294921.0,e0d89735,1.029
1456294921.0,3d9b4dc8,0.954
1456294921.0,edb0d416,0.989
1456294921.0,d51ef3f5,1.029
1456294921.0,348737ad,1.009
1456294921.0,36ce665f,0.999
1456294921.0,1ae63c31,0.989
1456294921.0,853a3988,1.019
1456294921.0,625f6c86,0.999
1456294921.0,08c3c4e6,0.999
1456294921.0,1e2441ce,0.939
1456294921.0,443ae02b,0.979
1456294921.0,013daa88,0.999
1456294921.0,c804ac06,1.019
1456294921.0,6af75028,1.059
1456294921.0,64e9b77c,0.999
1456294921.0,96407ff6,1.009
1456294921.0,18d8a792,0.989
1456294921.0,4cd470ad,0.979
1456294921.0,b5ead699,1.019
1456294921.0,100b6cf2,1.019
1456294921.0,adf8d23a,0.999
1456294921.0,f1a1555c,0.989
1456294921.0,f4e35d1f,1.039
1456294921.0,f7de9c1d,0.999
1456294921.0,303e6b78,1.019
1456294921.0,17bc7e07,0.989
1456294921.0,f649936e,0.999
1456294921.0,1df8493a,0.989
1456294921.0,3813907a,0.989
1456294921.0,6eb39211,0.969
1456294921.0,82786d09,0.949
1456294921.0,eebe0685,0.989
1456294921.0,44f80f34,0.989
1456294921.0,dadc3ef8,0.999
1456294921.0,fe454b1d,1.009
1456294921.0,f37a54f6,0.999
1456294921.0,6c39a1af,0.949
1456294921.0,8b20c3e0,0.949
1456294921.0,7af9d9ad,1.029
1456294921.0,68cd8b5a,0.989
1456294921.0,39bd20ff,0.999
1456294921.0,ce969ca1,0.959
1456294921.0,fc062d47,0.979
1456294921.0,0a20dd73,1.019
1456294921.0,5e3d40d3,0.969
1456294921.0,56db8c22,1.019
1456294921.0,d9e58766,1.029
1456294921.0,0a5b2682,1.059
1456294921.0,90789f94,0.979
1456294921.0,95df3aa8,0.979
1456294921.0,918e2883,0.999
1456294921.0,c7ee7a42,0.959
1456294921.0,546336fa,0.959
1456294921.0,5e8d6563,0.969
1456294921.0,cedf23e6,0.999
1456294921.0,af766fc5,1.039
1456294921.0,c32d3f5d,0.989
1456294921.0,a500d475,0.989
1456294921.0,5459c738,0.949
1456294921.0,86b4e823,0.959
1456294921.0,3b980bc9,1.019
1456294921.0,9a0bacc1,0.949
1456294921.0,5d04b2ad,0.999
1456294921.0,384af07c,1.009
1456294921.0,5c70351c,0.989
1456294921.0,ba7cab9b,1.029
1456294921.0,8b68e5d5,1.019
1456294921.0,f93d41bc,1.039
1456294921.0,,1.019
1456294921.0,5c566b33,0.969
1456294921.0,bb289d26,1.009
1456294921.0,9a2da055,0.989
1456294921.0,98f928d6,0.989
1456294921.0,28932cab,0.959
1456294921.0,19b72b96,1.009
1456294921.0,9520e162,0.989
1456294921.0,58439a69,1.019
1456294921.0,be9c118a,0.959
1456294921.0,1d287189,1.009
1456294921.0,98c5755b,0.999
1456294921.0,d89013e5,0.959
1456294921.0,826ef9e5,0.949
1456294921.0,38624de7,0.999
1456294921.0,cddfdc78,0.959
1456294921.0,965ccdb6,1.029
1456294921.0,4e3aa155,0.989
1456294921.0,4abdf635,0.959
1456294921.0,f8ed5739,0.999
1456294921.0,95d7c5d3,0.949
1456294921.0,f44d6f08,1.069
1456294921.0,087f9ad5,0.969
1456294921.0,8de1f3e4,0.999
1456294921.0,9e47d969,0.959
1456294921.0,82cff99e,0.989
1456294921.0,7ed2f8ec,0.999
1456294921.0,,0.939
1456294921.0,432fc77d,0.989
1456294921.0,bd2f0f1c,1.019
1456294921.0,92a7a6a9,1.059
1456294921.0,1b2380b6,1.029
1456294921.0,b3d667a6,0.949
1456294921.0,b3858033,0.989
1456294921.0,8bda8d2f,0.969
1456294921.0,6499e58a,1.039
1456294921.0,afc58f9d,0.999
1456294921.0,cfa7f86a,0.989
1456294921.0,8e88bf8c,0.939
1456294921.0,3a20cf6c,0.959
1456294921.0,ebb75b25,0.969
1456294921.0,444fc3ef,1.039
1456294921.0,3b1d17e6,1.009
1456294921.0,bc3ec897,0.989
1456294921.0,e3556254,0.989
1456294921.0,200cf8e2,0.979
1456294921.0,8e27fa83,1.009
1456294921.0,0ea9619d,0.969
1456294921.0,437a065e,1.079
1456294921.0,c85470f1,0.989
1456294921.0,f6b0098f,0.979
1456294921.0,8035b52d,0.959
1456294921.0,5fcd0ac6,0.999
1456294921.0,d39d4848,0.999
1456294921.0,662ae541,0.999
1456294921.0,13037d15,0.979
1456294921.0,0bfb8ade,0.999
1456294921.0,bacddc78,0.999
1456294921.0,4aa96079,1.009
1456294921.0,4986d1aa,1.039
1456294921.0,7b709283,1.039
1456294921.0,57e63781,1.019
1456294921.0,5daf9270,0.999
1456294921.0,f7f90554,0.989
1456294921.0,f2ba4bc6,1.009
1456294921.0,7d76b1c0,0.979
1456294921.0,5fd380ef,1.019
1456294921.0,b14bb16f,0.969
1456294921.0,779f3780,0.989
1456294921.0,df98ca08,0.989
1456294921.0,4a5baf49,1.009
1456294921.0,b414428f,0.999
1456294921.0,86dab25e,1.009
1456294921.0,f047579e,0.979
1456294921.0,9b835b51,0.989
1456294921.0,7124c657,0.989
1456294921.0,b18611aa,0.999
1456294921.0,dfad7b08,0.959
1456294921.0,2c487233,1.009
1456294921.0,b3898d20,0.999
1456294921.0,f7d2b2de,0.929
1456294921.0,77906f99,1.009
1456294921.0,1ef95412,0.969
1456294921.0,1e348fb0,0.969
1456294921.0,a3a9a18c,0.979
1456294921.0,f3b12324,0.979
1456294921.0,39edd173,1.009
1456294921.0,40271791,0.989
1456294921.0,cd09a0d6,0.989
1456294921.0,93656c34,0.999
1456294921.0,50b6cf61,0.949
1456294921.0,fec7d478,0.969
1456294921.0,63e70cd3,0.999
1456294921.0,ae7c12ce,0.994
1456294921.0,2b52627f,1.009
1456294921.0,e183f4cf,0.999
1456294921.0,39a29c0a,0.949
1456294921.0,d73f9554,0.989
1456294921.0,83f13659,1.059
1456294921.0,739c3107,1.119
1456294921.0,d7ee03a5,0.999
1456294921.0,2fa6d835,1.009
1456294921.0,e433bf13,0.959
1456294921.0,f7f13c47,0.999
1456294921.0,896f8569,0.989
1456294921.0,c2cdc545,0.989
1456294921.0,c5669e2f,0.989
1456294921.0,140ced81,0.959
1456294921.0,ed71c114,0.999
1456294921.0,c82dccc8,0.969
1456294921.0,6a49dcf0,0.959
1456294921.0,e491b6d7,0.989
1456294921.0,54f751e5,0.989
1456294921.0,26bf1a80,1.059
1456294921.0,94c17036,1.019
1456294921.0,73af6d41,0.989
1456294921.0,18bd42e9,1.029
1456294921.0,5aa87776,1.059
1456294921.0,142ed653,1.159
1456294921.0,c7ec58cd,0.949
1456294921.0,6b43b20f,0.999
1456294921.0,c6343770,0.979
1456294921.0,bf20d0c1,0.979
1456294921.0,9e78816a,1.009
1456294921.0,9264eade,0.999
1456294921.0,e076eba6,0.999
1456294921.0,a0239e5c,0.939
1456294921.0,c7f22027,1.009
1456294921.0,e6cf2bea,1.029
1456294921.0,d1deaf7f,1.009
1456294921.0,a8982e14,0.979
1456294921.0,cb728243,1.009
1456294921.0,862d0257,1.029
1456294921.0,9755b499,1.019
1456294921.0,2a753e23,0.979
1456294921.0,26d49c51,0.989
1456294921.0,a45ec88a,1.009
1456294921.0,2c6fe3f1,0.989
1456294921.0,75a2e00a,0.989
1456294921.0,c269e5db,1.019
1456294921.0,b6458958,0.969
1456294921.0,63a9da40,1.009
1456294921.0,bfe9ba44,1.019
1456294921.0,af343ad6,0.999
1456294921.0,f74a068e,1.014
1456294921.0,ecf2754f,1.009
1456294921.0,459be729,1.004
1456294921.0,0f7cd5d5,0.989
1456294921.0,f5234ec2,0.999
1456294921.0,43396ca7,0.999
1456294921.0,41fc3133,1.009
1456294921.0,d5c78a9b,0.979
1456294921.0,c5df532c,0.989
1456294921.0,9fca5276,0.999
1456294921.0,39f6d678,1.029
1456294921.0,5bdf1cdf,1.039
1456294921.0,6d74a4f4,1.019
1456294921.0,30f60874,1.019
1456294921.0,ffeb88c9,1.039
1456294921.0,9b77fa3c,1.009
1456294921.0,2a4f7cb1,0.989
1456294921.0,76a48cbe,0.959
1456294921.0,c6f69752,0.989
1456294921.0,32f0b93e,0.989
1456294921.0,a07f50c4,0.959
1456294921.0,9247febd,0.929
1456294921.0,ac7dd410,0.989
1456294921.0,6c90e89a,0.979
1456294921.0,05cd05cd,0.999
1456294921.0,22ac7d75,0.969
1456294921.0,3f48f52e,0.969
1456294921.0,f720cc81,0.979
1456294921.0,511a1f46,0.979
1456294921.0,97e8ac48,0.989
1456294921.0,2c946e5c,0.979
1456294921.0,164f2a7e,0.949
1456294921.0,0367164b,0.949
1456294921.0,c984e1be,0.959
1456294921.0,a167f6d7,0.989
1456294921.0,8c27b2e6,0.979
1456294921.0,5c853f92,0.956
1456294921.0,39278907,1.029
1456294921.0,447f2373,0.979
1456294921.0,b0c139bb,1.049
1456294921.0,74b98eac,0.999
1456294921.0,434de2f2,1.019
1456294921.0,9ebd92af,0.989
1456294921.0,3da96054,0.999
1456294921.0,c97d17c7,1.009
1456294921.0,26e8cf72,0.999
1456294921.0,4827ec0b,1.029
1456294921.0,37179b6c,0.999
1456294921.0,eecd4599,0.989
1456294921.0,72933f5e,0.979
1456294921.0,5f3a075f,0.959
1456294921.0,50e4f2c0,1.039
1456294921.0,828ee9a9,1.009
1456294921.0,669a039e,0.989
1456294921.0,c57bb6b4,0.959
1456294921.0,991367ac,0.969
1456294921.0,873835b6,0.969
1456294921.0,cbd615c9,0.969
1456294921.0,06c6ad62,0.979
1456294921.0,86515341,0.989
1456294921.0,7a198451,0.989
1456294921.0,b57a6a63,0.959
1456294921.0,,0.969
1456294921.0,b5741ecf,1.019
1456294921.0,c93086be,0.979
1456294921.0,50f68290,0.979
1456294921.0,4d5f25c7,0.999
1456294921.0,d501c22d,1.039
1456294921.0,ef38b8ce,0.979
1456294921.0,a5042c9b,1.039
1456294921.0,0a9446f2,0.969
1456294921.0,8b89b2b8,0.979
1456294921.0,5800eb70,0.984
1456294921.0,4d8df4a1,0.979
1456294921.0,2e89adbb,1.009
1456294921.0,7062eb92,0.999
1456294921.0,c330d63c,0.999
1456294921.0,343e9168,0.994
1456294921.0,30bed2b3,1.039
1456294921.0,d1780d08,0.989
1456294921.0,26dda5ba,1.009
1456294921.0,dbdba84f,0.899
1456294921.0,7269da44,1.009
1456294921.0,,0.939
1456295161.0,684b2be8,0.999
1456295161.0,dcb25a3c,0.989
1456295161.0,09975f4d,0.999
1456295161.0,68a0fe4a,1.009
1456295161.0,dc82bdd6,0.989
1456295161.0,2ae20e3b,0.999
1456295161.0,3cce768e,0.999
1456295161.0,3d36e33a,0.979
1456295161.0,b892eed3,0.999
1456295161.0,79e4f3bc,0.979
1456295161.0,588ff3f2,0.989
1456295161.0,0f8246c8,0.989
1456295161.0,d685db42,0.969
1456295161.0,de6c0c12,0.969
1456295161.0,e99e5f77,0.969
1456295161.0,a6cf9c73,0.989
1456295161.0,f9a28385,0.989
1456295161.0,820d9924,0.969
1456295161.0,d9da2e7f,1.019
1456295161.0,2ec1e1ad,0.969
1456295161.0,3e50dc0d,0.939
1456295161.0,82e05795,0.969
1456295161.0,7d989a39,0.989
1456295161.0,35fd3576,0.989
1456295161.0,d6a85f7b,0.989
1456295161.0,58d48103,0.989
1456295161.0,6e66567c,0.969
1456295161.0,bded4d61,0.979
1456295161.0,45924c70,0.969
1456295161.0,3f539c39,0.989
1456295161.0,412fc646,0.989
1456295161.0,beb3b49b,0.969
1456295161.0,d4bbb0ba,0.989
1456295161.0,9b79f246,0.969
1456295161.0,f4a95cf0,0.929
1456295161.0,ed5ad0df,0.989
1456295161.0,885c23aa,0.989
1456295161.0,8e0ec690,0.969
1456295161.0,ed04967d,0.989
1456295161.0,ecfdcbbe,0.999
1456295161.0,21b793b4,0.979
1456295161.0,7e0a33b2,1.009
1456295161.0,85b6788a,0.989
1456295161.0,7473e055,0.989
1456295161.0,583bd0d6,0.979
1456295161.0,afd8c999,0.989
1456295161.0,a3827856,0.969
1456295161.0,271e2be1,0.989
1456295161.0,c597ae24,1.009
1456295161.0,f82da33f,0.919
1456295161.0,669db224,0.979
1456295161.0,6894d9e7,0.979
1456295161.0,c968d61e,0.999
1456295161.0,23e41d8c,0.979
1456295161.0,c4f355fb,0.989
1456295161.0,483e25f7,1.019
1456295161.0,186db07d,1.009
1456295161.0,3909e8e8,0.959
1456295161.0,bf4ccf7b,1.019
1456295161.0,df84d6fa,0.999
1456295161.0,6fb67f4c,0.989
1456295161.0,d5dd2680,0.949
1456295161.0,1898c240,0.999
1456295161.0,d5fd7f0e,0.999
1456295161.0,1de97778,1.009
1456295161.0,f4eea80c,0.999
1456295161.0,06c6d7b1,0.999
1456295161.0,acb93b88,1.009
1456295161.0,888f3033,0.999
1456295161.0,45bd4b76,0.969
1456295161.0,eed6c533,0.999
1456295161.0,860d9600,1.029
1456295161.0,eee1b640,0.999
1456295161.0,25cdefd0,1.009
1456295161.0,ad0995a1,0.969
1456295161.0,baa200b9,1.009
1456295161.0,1bd217db,1.179
1456295161.0,3e081642,0.999
1456295161.0,60399455,0.999
1456295161.0,84b4d9e4,1.029
1456295161.0,84524e63,0.979
1456295161.0,66f694a6,0.969
1456295161.0,69c4db90,1.029
1456295161.0,e16d188a,0.999
1456295161.0,0f6fe1eb,0.999
1456295161.0,cb4c397b,1.009
1456295161.0,6904580a,1.009
1456295161.0,a470edc3,0.989
1456295161.0,de920e08,1.009
1456295161.0,1b5ef1d1,0.989
1456295161.0,7eafe473,0.989
1456295161.0,158d42d8,0.969
1456295161.0,38d1fafb,1.109
1456295161.0,b3141223,1.019
1456295161.0,9fad7fea,1.009
1456295161.0,4220c4a0,1.009
1456295161.0,37427601,0.979
1456295161.0,ac54aab9,1.019
1456295161.0,0f29b89a,0.999
1456295161.0,2861d5a0,0.999
1456295161.0,07971b4b,1.009
1456295161.0,dc9724ba,0.949
1456295161.0,18ff9945,0.979
1456295161.0,0b96eaac,0.999
1456295161.0,05976f26,1.029
1456295161.0,062cca99,0.979
1456295161.0,fef37507,0.989
1456295161.0,99c10f15,1.109
1456295161.0,9c3caa26,1.059
1456295161.0,03cdbd16,1.019
1456295161.0,45edf39e,0.959
1456295161.0,9803f589,0.949
1456295161.0,8f4fb8f1,0.999
1456295161.0,8c14cf23,1.009
1456295161.0,2bb55c91,0.989
1456295161.0,76a9774c,1.009
1456295161.0,f873156d,1.009
1456295161.0,9c044e4f,1.019
1456295161.0,a8266115,0.989
1456295161.0,b3e6c96a,0.939
1456295161.0,53a0f4e4,1.009
1456295161.0,f2d58e5e,1.019
1456295161.0,5b5fec22,0.989
1456295161.0,930fbc1c,1.019
1456295161.0,6d0d4e8a,1.009
1456295161.0,417a37d7,0.999
1456295161.0,c065b81d,0.994
1456295161.0,5110d453,0.999
1456295161.0,c6d444e1,0.949
1456295161.0,4e4e1a16,1.009
1456295161.0,77bdf3c5,1.139
1456295161.0,f5c869d0,0.989
1456295161.0,f155a1eb,1.019
1456295161.0,b655f194,1.019
1456295161.0,99101bcc,1.099
1456295161.0,7581214d,0.999
1456295161.0,3d1b021c,1.009
1456295161.0,48c5b36c,0.989
1456295161.0,41e7918d,1.019
1456295161.0,eaa98c1c,1.009
1456295161.0,ffa82d76,0.969
1456295161.0,2cdb8a62,0.969
1456295161.0,b3fe373b,0.959
1456295161.0,c0aa824a,1.029
1456295161.0,521b2ae0,1.009
1456295161.0,bf2623d5,0.999
1456295161.0,60fea7bf,1.019
1456295161.0,75a26cab,1.109
1456295161.0,d9e1665f,0.969
1456295161.0,ebd5c64b,0.999
1456295161.0,a676af82,0.999
1456295161.0,f601405f,0.999
1456295161.0,785d1098,0.999
1456295161.0,e5b18dec,0.979
1456295161.0,c66eeb5b,0.959
1456295161.0,0f173106,0.999
1456295161.0,e2c6b885,1.019
1456295161.0,0fd8b490,1.009
1456295161.0,87f30cbe,1.019
1456295161.0,b29751cb,0.999
1456295161.0,e823f51f,1.019
1456295161.0,a1a458cd,1.039
1456295161.0,9d2aa0e1,0.999
1456295161.0,734c00a8,0.969
1456295161.0,7f8ae480,1.099
1456295161.0,2b0edf3c,0.999
1456295161.0,47db384b,0.969
1456295161.0,b899de50,1.009
1456295161.0,b615461b,0.989
1456295161.0,f9ce73b2,1.039
1456295161.0,81be7dbb,1.009
1456295161.0,d04dc22d,1.009
1456295161.0,6551e91d,0.999
1456295161.0,29e73a19,0.999
1456295161.0,71fdd7b4,1.009
1456295161.0,227099c3,1.039
1456295161.0,27b29fcc,0.979
1456295161.0,c862713a,0.989
1456295161.0,5bb532d0,0.999
1456295161.0,21c136e4,0.939
1456295161.0,719aa84a,0.999
1456295161.0,83cc51b1,0.989
1456295161.0,e4436253,0.979
1456295161.0,c9f99a88,0.999
1456295161.0,f479c8f0,0.999
1456295161.0,7ad9a6eb,1.009
1456295161.0,901b3dc2,1.009
1456295161.0,c2c88ae8,0.979
1456295161.0,f989aaff,0.989
1456295161.0,64d3fea8,1.009
1456295161.0,993df4e5,1.069
1456295161.0,2f6a5cea,0.999
1456295161.0,b8b97fc1,0.999
1456295161.0,c32b7c81,0.989
1456295161.0,6819963e,0.989
1456295161.0,af7120b0,1.129
1456295161.0,b646a001,1.049
1456295161.0,d80a7ccf,0.949
1456295161.0,b52679e9,0.949
1456295161.0,62b199da,1.149
1456295161.0,cb5cc628,1.009
1456295161.0,b5dfdabd,1.009
1456295161.0,66691780,1.009
1456295161.0,cd5312ba,0.969
1456295161.0,d67b3850,0.999
1456295161.0,fbaf0901,0.979
1456295161.0,4aa385bb,0.939
1456295161.0,8c51a8b0,0.989
1456295161.0,d64706be,0.969
1456295161.0,a1904e6e,1.039
1456295161.0,c7b9d409,1.029
1456295161.0,7e3542f5,1.009
1456295161.0,a20f676d,0.969
1456295161.0,13247f37,1.009
1456295161.0,f74c5752,1.009
1456295161.0,b0be9751,0.969
1456295161.0,92e00096,0.969
1456295161.0,db29e260,0.969
1456295161.0,9b0b4894,0.949
1456295161.0,91f136df,0.989
1456295161.0,1b2eb583,0.999
1456295161.0,,0.979
1456295161.0,54ba3e2f,0.964
1456295161.0,5dbe10ef,0.949
1456295161.0,176e9b96,0.969
1456295161.0,f44172d4,0.969
1456295161.0,0bec4dba,0.939
1456295161.0,6a4ad02d,1.009
1456295161.0,78c97f05,1.009
1456295161.0,bd986553,1.009
1456295161.0,d9132efc,1.009
1456295161.0,6a3c7f9e,1.099
1456295161.0,047946f0,1.099
1456295161.0,dbad6afc,0.939
1456295161.0,128ea457,1.009
1456295161.0,,0.979
1456295161.0,ffdd96e7,0.999
1456295161.0,b6510a87,1.009
1456295161.0,78767dc5,0.969
1456295161.0,ecc8e95f,0.969
1456295161.0,2721f198,0.999
1456295161.0,c74444b1,1.049
1456295161.0,e335e0bc,1.009
1456295161.0,5963169b,1.059
1456295161.0,907c9e39,0.979
1456295161.0,ec99cf72,1.019
1456295161.0,0395f025,0.999
1456295161.0,9719805f,1.019
1456295161.0,7b487a7f,0.949
1456295161.0,a24a3320,1.059
1456295161.0,1c79df7a,0.969
1456295161.0,22bf0e3c,0.999
1456295161.0,ca58a63f,0.979
1456295161.0,a438cba7,0.979
1456295161.0,c8bea281,0.989
1456295161.0,f6b36146,1.009
1456295161.0,d2e86e86,1.019
1456295161.0,5fade9f9,0.989
1456295161.0,a44224fe,1.019
1456295161.0,14296800,0.999
1456295161.0,46bbffea,1.009
1456295161.0,eec8c179,1.009
1456295161.0,a063011a,1.009
1456295161.0,831f7129,1.009
1456295161.0,9cda0ed4,1.009
1456295161.0,4f3ac261,1.009
1456295161.0,42bd894d,0.939
1456295161.0,7e4b74b7,1.019
1456295161.0,199f5310,1.019
1456295161.0,8c44d237,1.019
1456295161.0,0aad0d01,0.989
1456295161.0,c8dc6d04,0.959
1456295161.0,dc6dee32,1.039
1456295161.0,670003ee,1.019
1456295161.0,2843ab89,0.989
1456295161.0,a446fffa,0.979
1456295161.0,85a27935,0.939
1456295161.0,bd8f68d2,0.969
1456295161.0,dad373d3,0.969
1456295161.0,d0e41b74,1.029
1456295161.0,868165bf,1.009
1456295161.0,5ae3e1ca,0.989
1456295161.0,dc639d24,1.129
1456295161.0,a98772fc,1.019
1456295161.0,4fea3631,0.999
1456295161.0,f245c083,0.989
1456295161.0,83b18a20,0.979
1456295161.0,,0.939
1456295161.0,9d39ae37,0.979
1456295161.0,3ca42fdd,1.009
1456295161.0,793eb726,1.009
1456295161.0,0e7a54cf,0.979
1456295161.0,c1bc16cb,1.009
1456295161.0,b11dbf11,0.959
1456295161.0,46da1895,0.999
1456295161.0,2dff1380,0.989
1456295161.0,90f5114b,0.949
1456295161.0,aecb2a58,1.009
1456295161.0,6bbc54b6,1.009
1456295161.0,,0.939
1456295161.0,e71f7bdd,0.999
1456295161.0,fc51c26e,1.019
1456295161.0,c4e17b93,0.949
1456295161.0,1bc36219,0.999
1456295161.0,dadc3ef8,0.999
1456295161.0,61c492dd,1.009
1456295161.0,6e565eb4,0.989
1456295161.0,01877c6b,0.949
1456295161.0,90a8536c,0.999
1456295161.0,4a1fb5a4,1.009
1456295161.0,7683a8c0,1.009
1456295161.0,11e04c6a,1.009
1456295161.0,0abf9cad,1.009
1456295161.0,,0.999
1456295161.0,1e734ea9,0.999
1456295161.0,e93f71a6,0.989
1456295161.0,3232f3f2,1.019
1456295161.0,b619a09c,0.939
1456295161.0,0d686aad,0.999
1456295161.0,099e78c7,1.009
1456295161.0,bf276ef6,0.989
1456295161.0,be03744e,0.999
1456295161.0,3b2ce948,0.989
1456295161.0,6e1fafd5,1.009
1456295161.0,70f57512,0.949
1456295161.0,7961ef76,0.999
1456295161.0,300d7670,0.989
1456295161.0,e9c48a65,1.029
1456295161.0,0d0f23bd,0.999
1456295161.0,d4fe6b6d,0.999
1456295161.0,6a2035ad,1.039
1456295161.0,ac0c8eee,0.969
1456295161.0,f7f4f1c0,0.979
1456295161.0,82ca3bd9,0.999
1456295161.0,36d6fa9e,1.029
1456295161.0,6b72bc31,1.019
1456295161.0,ce519ed4,0.999
1456295161.0,c1154259,0.989
1456295161.0,c635730e,1.019
1456295161.0,f2b5514e,1.009
1456295161.0,00330016,0.999
1456295161.0,974e5578,0.949
1456295161.0,a10d5095,0.989
1456295161.0,fe29bb22,1.109
1456295161.0,e8a69269,1.009
1456295161.0,3ad4d1ba,1.009
1456295161.0,5ab833c5,0.999
1456295161.0,28c16e42,1.039
1456295161.0,46649254,0.969
1456295161.0,84112741,0.929
1456295161.0,f9660ed1,1.109
1456295161.0,b791cb2d,0.979
1456295161.0,d319e0cd,1.019
1456295161.0,de5f4ef7,1.019
1456295161.0,74d77c58,1.024
1456295161.0,5d45148e,0.999
1456295161.0,4446050c,0.999
1456295161.0,e7b70c57,1.029
1456295161.0,bde563ae,1.009
1456295161.0,1b39d7f7,1.019
1456295161.0,6479b534,0.989
1456295161.0,965ccdb6,0.959
1456295161.0,44959c83,1.049
1456295161.0,70d7dc75,1.109
1456295161.0,96854150,0.999
1456295161.0,8f644357,1.009
1456295161.0,bc8d7f92,0.989
1456295161.0,c03e7ffa,0.949
1456295161.0,dfde85fc,1.029
1456295161.0,c360e760,1.019
1456295161.0,3ddefb60,1.129
1456295161.0,add1235c,1.039
1456295161.0,0a6562b8,1.019
1456295161.0,27fede19,0.969
1456295161.0,79bfc8e6,1.129
1456295161.0,f2b7e0d3,0.999
1456295161.0,834ff98a,0.999
1456295161.0,8a0d026c,0.989
1456295161.0,04a6f941,1.009
1456295161.0,d6d4b842,0.959
1456295161.0,eb680822,0.999
1456295161.0,e539e257,0.989
1456295161.0,526f4c6d,1.009
1456295161.0,830e3a6b,0.999
1456295161.0,d5a11ce9,1.019
1456295161.0,a2346f9b,0.999
1456295161.0,b75d9830,1.009
1456295161.0,2d4ea0c1,0.999
1456295161.0,a4ba2fb9,0.959
1456295161.0,31b11e9e,1.029
1456295161.0,5d4e52c0,1.009
1456295161.0,4721b010,0.989
1456295161.0,cfbd6d9d,0.979
1456295161.0,f1ccda26,1.029
1456295161.0,87bbe419,1.009
1456295161.0,714eaded,0.979
1456295161.0,f59b1222,1.019
1456295161.0,,0.999
1456295161.0,8d192dd1,1.019
1456295161.0,dd490099,0.949
1456295161.0,47196a5d,1.039
1456295161.0,743a840f,1.039
1456295161.0,af5a4fe6,1.009
1456295161.0,2cf175a8,0.999
1456295161.0,d33a84e0,1.019
1456295161.0,c0fe932e,0.929
1456295161.0,13ca0d8f,0.999
1456295161.0,6162ba82,1.009
1456295161.0,8e68c7c0,1.009
1456295161.0,21269bfc,0.948
1456295161.0,7f05643c,0.999
1456295161.0,dcbbade5,0.979
1456295161.0,5bc4ff19,0.999
1456295161.0,168168ee,1.024
1456295161.0,8342a4d9,1.009
1456295161.0,550f37fb,0.959
1456295161.0,39614aa8,0.969
1456295161.0,793d12bc,0.944
1456295161.0,5b70fdaa,1.019
1456295161.0,775487a4,1.009
1456295161.0,8fc61c53,1.019
1456295161.0,2f559315,0.969
1456295161.0,3f1e04e5,0.999
1456295161.0,a5c5f4c3,0.989
1456295161.0,106daba7,0.979
1456295161.0,c12620e7,0.979
1456295161.0,a18aae3d,1.029
1456295161.0,3b675bd6,1.029
1456295161.0,d5022b7f,0.949
1456295161.0,f06e40a6,1.009
1456295161.0,0af09136,0.999
1456295161.0,8f4c771c,1.109
1456295161.0,b9472cd0,0.969
1456295161.0,de55d6cb,0.999
1456295161.0,a7987242,0.989
1456295161.0,ace1257e,0.949
1456295161.0,99d25d8f,0.969
1456295161.0,5acde0f1,0.959
1456295161.0,5c94a7d8,1.029
1456295161.0,5ccad12a,0.979
1456295161.0,6202734a,1.019
1456295161.0,d2eebffb,0.999
1456295161.0,161965e7,0.959
1456295161.0,edc52f30,0.999
1456295161.0,0fcd5944,0.939
1456295161.0,9600cf84,0.999
1456295161.0,409b2b7e,1.009
1456295161.0,168f1ca6,1.029
1456295161.0,fa3092ba,1.029
1456295161.0,9d64de92,0.999
1456295161.0,60da834f,0.979
1456295161.0,c37b5d5b,1.009
1456295161.0,04288b0a,1.189
1456295161.0,856e9b60,1.109
1456295161.0,efda2508,0.999
1456295161.0,48ef33bf,1.009
1456295161.0,c466d5fa,1.069
1456295161.0,a8a26144,1.009
1456295161.0,aa24cd60,0.999
1456295161.0,7e7117c5,1.009
1456295161.0,968f2fb0,1.009
1456295161.0,0ee68fe4,0.999
1456295161.0,a5b8429f,0.999
1456295161.0,e9ff4fd7,0.939
1456295161.0,e6d83666,0.989
1456295161.0,e256d75b,1.009
1456295161.0,708c9a0d,1.009
1456295161.0,19feb15d,1.009
1456295161.0,77c9f305,0.989
1456295161.0,5580f197,1.029
1456295161.0,ab141bc6,1.109
1456295161.0,df227f84,0.979
1456295161.0,7029afbd,0.949
1456295161.0,e939fab3,1.009
1456295161.0,d2ffce1f,0.979
1456295161.0,18a2553e,0.989
1456295161.0,054cfa5d,0.999
1456295161.0,e24d8cab,0.999
1456295161.0,beab9b84,0.999
1456295161.0,83e7f124,0.959
1456295161.0,4e45a2b8,1.129
1456295161.0,ec2d257d,1.029
1456295161.0,350b5605,0.989
1456295161.0,e5dd54d4,1.109
1456295161.0,6860f6a1,0.969
1456295161.0,33caf979,0.999
1456295161.0,aa642af9,0.999
1456295161.0,91698594,1.009
1456295161.0,95577aab,0.969
1456295161.0,0e5d84cd,0.969
1456295161.0,308408ca,0.969
1456295161.0,98677b5e,1.009
1456295161.0,d7d071dd,0.949
1456295161.0,2a8a850f,0.989
1456295161.0,421a6353,0.979
1456295161.0,57cc552a,0.959
1456295161.0,b713df6a,1.019
1456295161.0,bdc0736f,1.029
1456295161.0,a8e52643,0.959
1456295161.0,88bde36e,0.969
1456295161.0,d49e5d4c,0.949
1456295161.0,be946965,0.959
1456295161.0,6d94eae4,1.019
1456295161.0,57b36972,1.099
1456295161.0,63f5a00a,0.999
1456295161.0,fac5bd9e,0.999
1456295161.0,7efa821a,1.009
1456295161.0,6ab142e0,1.009
1456295161.0,e17ef357,0.949
1456295161.0,2bde4cc0,1.039
1456295161.0,,0.979
1456295161.0,166ca755,1.009
1456295161.0,06f357b3,0.949
1456295161.0,1a8a222a,0.969
1456295161.0,06282a1f,1.019
1456295161.0,7a9373b8,0.989
1456295161.0,3f290ee2,0.989
1456295161.0,1c3b6ee2,1.019
1456295161.0,ba30d526,1.009
1456295161.0,8c5e2a02,1.009
1456295161.0,26562367,1.019
1456295161.0,790cb266,0.989
1456295161.0,8b66ac81,0.969
1456295161.0,bcc28a0d,0.959
1456295161.0,d34f18ac,0.999
1456295161.0,579ffc07,0.999
1456295161.0,c25699b5,1.009
1456295161.0,e9a7ff5d,1.029
1456295161.0,853debfa,0.969
1456295161.0,2c882c96,0.999
1456295161.0,7a8eaed9,1.029
1456295161.0,539144f8,0.979
1456295161.0,8b3bba8f,0.949
1456295161.0,42b80e51,0.999
1456295161.0,3e4c89c9,0.999
1456295161.0,476429df,0.999
1456295161.0,05946741,0.989
1456295161.0,483ffbcb,0.999
1456295161.0,eb3bf9c1,0.959
1456295161.0,9e4a151c,0.959
1456295161.0,4e37aaef,1.009
1456295161.0,b7d8dff7,1.039
1456295161.0,dadcaa77,0.999
1456295161.0,c2c9a813,1.009
1456295161.0,9398e203,0.969
1456295161.0,f4070bfa,0.999
1456295161.0,20ac7ec9,0.949
1456295161.0,113fe84c,0.999
1456295161.0,1cdbfafd,0.999
1456295161.0,f6936d02,1.019
1456295161.0,94ce365f,0.989
1456295161.0,0030aa59,1.109
1456295161.0,b4a13ec7,1.019
1456295161.0,2ebe0a5d,1.009
1456295161.0,435e7b69,1.009
1456295161.0,0d1f648e,0.969
1456295161.0,9eec96b9,0.969
1456295161.0,530fa955,1.039
1456295161.0,9b4458a3,0.989
1456295161.0,f8453096,0.989
1456295161.0,4c67dc1a,0.989
1456295161.0,bc302c7c,1.009
1456295161.0,755ca81c,1.129
1456295161.0,887a8518,0.979
1456295161.0,4c6c04a6,1.009
1456295161.0,896245aa,1.019
1456295161.0,46379d52,0.979
1456295161.0,7cb03693,0.999
1456295161.0,,1.029
1456295161.0,4d2f0ccd,1.099
1456295161.0,c9faeb03,1.009
1456295161.0,d361cee8,0.999
1456295161.0,48772908,0.989
1456295161.0,049b2af8,1.009
1456295161.0,747529c4,0.989
1456295161.0,142082b9,0.959
1456295161.0,248918d0,0.999
1456295161.0,8f2afdd4,1.029
1456295161.0,82a2717a,1.009
1456295161.0,7a78b9d0,0.959
1456295161.0,ddbf70bf,1.009
1456295161.0,ca79c14c,1.009
1456295161.0,5270f932,1.019
1456295161.0,e2724c55,0.949
1456295161.0,9b8af649,0.959
1456295161.0,6184a86d,0.949
1456295161.0,53635853,0.949
1456295161.0,69055d76,0.959
1456295161.0,c6e11963,0.999
1456295161.0,488ad6ad,1.019
1456295161.0,47e03c5b,1.049
1456295161.0,5b1fabef,0.979
1456295161.0,a9c635a6,1.119
1456295161.0,08f59b41,0.999
1456295161.0,a056e347,0.999
1456295161.0,421ac3f9,0.999
1456295161.0,c6685825,1.029
1456295161.0,33d673e1,1.009
1456295161.0,d72800fe,1.029
1456295161.0,5d151192,1.119
1456295401.0,1e57f412,1.029
1456295401.0,66fc21d2,0.999
1456295401.0,f168ac15,1.019
1456295401.0,dfc32fdb,0.999
1456295401.0,fd8acdfd,1.029
1456295401.0,0593bd1c,0.989
1456295401.0,778f55da,0.999
1456295401.0,b8c5de33,0.979
1456295401.0,61ef0e4f,0.989
1456295401.0,59c2e6d6,0.979
1456295401.0,ec0fb945,0.989
1456295401.0,82148954,0.989
1456295401.0,d015fcf3,0.979
1456295401.0,5b11b517,0.989
1456295401.0,c23345b4,0.939
1456295401.0,a39def90,0.979
1456295401.0,a5cf2a42,0.989
1456295401.0,5dd70488,0.979
1456295401.0,d7f868f0,0.999
1456295401.0,0a8d1b89,0.989
1456295401.0,d52caa0c,0.989
1456295401.0,e9eeb033,0.989
1456295401.0,e1daef8f,0.979
1456295401.0,64a186d2,0.939
1456295401.0,aacc4471,0.969
1456295401.0,1a56d0e9,0.999
1456295401.0,583435e5,0.989
1456295401.0,ac22a573,0.969
1456295401.0,7fcb9629,0.999
1456295401.0,85d0e643,1.009
1456295401.0,5e0f74ed,1.019
1456295401.0,8794cb26,0.999
1456295401.0,a23b6ab7,0.979
1456295401.0,601bbb50,1.029
1456295401.0,cf1a869e,0.979
1456295401.0,98d8519a,0.989
1456295401.0,7592b37a,0.999
1456295401.0,3855d1bc,0.999
1456295401.0,6f9842b1,0.949
1456295401.0,ceefde2a,0.949
1456295401.0,9d2b8c43,0.969
1456295401.0,265fe188,1.009
1456295401.0,012cf605,0.959
1456295401.0,0521e7ef,0.989
1456295401.0,f893c068,1.019
1456295401.0,ce3a31be,0.999
1456295401.0,136e5310,0.989
1456295401.0,2a3fa9e1,0.969
1456295401.0,,0.999
1456295401.0,f1736b62,0.989
1456295401.0,5000f0c5,0.989
1456295401.0,ca8f532f,0.979
1456295401.0,9278d791,0.999
1456295401.0,912d452f,0.959
1456295401.0,eb5d6331,1.099
1456295401.0,e401b629,0.999
1456295401.0,31d8b133,0.989
1456295401.0,4fe1e4cc,0.989
1456295401.0,a7e5b405,0.969
1456295401.0,6938babb,0.989
1456295401.0,78c59dfc,0.979
1456295401.0,bc235ee2,0.989
1456295401.0,7481989a,0.989
1456295401.0,b90ce0f4,0.989
1456295401.0,4b06da23,0.989
1456295401.0,3a8770f2,0.989
1456295401.0,5f881538,0.989
1456295401.0,2195c038,0.999
1456295401.0,de376e73,0.989
1456295401.0,133ca422,0.979
1456295401.0,973edd3d,1.009
1456295401.0,96300c44,0.999
1456295401.0,7e69e0ea,1.009
1456295401.0,,1.009
1456295401.0,ea882fb1,0.989
1456295401.0,1d86aff5,0.989
1456295401.0,cb6bf035,1.009
1456295401.0,7244640d,0.989
1456295401.0,548c8c9c,0.999
1456295401.0,adb0e3b5,0.989
1456295401.0,bff84a14,1.139
1456295401.0,04ba07e6,0.999
1456295401.0,7534fa3e,0.959
1456295401.0,3104967c,0.999
1456295401.0,c6771c57,0.979
1456295401.0,8f84a914,0.979
1456295401.0,89d43501,1.029
1456295401.0,2aa06f6e,1.009
1456295401.0,b484f1ea,0.999
1456295401.0,073f010e,0.989
1456295401.0,8a3a3f10,0.979
1456295401.0,77979e7e,0.989
1456295401.0,6306053f,0.989
1456295401.0,6dd14a95,0.969
1456295401.0,fc998162,0.999
1456295401.0,a9b672c3,0.999
1456295401.0,adf7bc54,0.999
1456295401.0,6c18369e,1.009
1456295401.0,f4e77bcd,1.009
1456295401.0,b42f77df,0.979
1456295401.0,507cdfac,0.959
1456295401.0,4e41baa5,0.989
1456295401.0,193a59df,1.009
1456295401.0,687cd7ef,1.019
1456295401.0,325a3e8f,1.009
1456295401.0,9fbf8dcd,1.029
1456295401.0,e20c7066,1.049
1456295401.0,aca2d2bc,1.009
1456295401.0,3601c357,1.009
1456295401.0,ffbeb4cc,1.109
1456295401.0,c2952252,1.039
1456295401.0,2efa9b7e,1.029
1456295401.0,1bfef5b8,0.979
1456295401.0,d15d1648,1.029
1456295401.0,cbdc8581,0.929
1456295401.0,fd92c61e,0.999
1456295401.0,507d25cf,1.039
1456295401.0,d261d6e0,1.009
1456295401.0,546992ee,0.979
1456295401.0,5a52067f,0.989
1456295401.0,90a1ad01,0.979
1456295401.0,4c7d9195,1.039
1456295401.0,3ba3d773,0.959
1456295401.0,de28ebc0,0.999
1456295401.0,7448deb7,1.009
1456295401.0,97c3c089,0.949
1456295401.0,0ee1a63f,1.019
1456295401.0,6df00f1d,0.999
1456295401.0,78e80807,1.009
1456295401.0,7e91d1f8,1.139
1456295401.0,5e56181c,0.979
1456295401.0,5f817b41,0.989
1456295401.0,882af727,1.019
1456295401.0,d0145a6c,0.989
1456295401.0,0d70fbb1,0.999
1456295401.0,4aa385bb,0.939
1456295401.0,a24c7289,0.959
1456295401.0,157fcdd4,1.019
1456295401.0,d16d0a6e,1.029
1456295401.0,16faf672,0.999
1456295401.0,98c12505,0.969
1456295401.0,81510092,1.009
1456295401.0,b5e413c4,0.969
1456295401.0,7969d4f3,0.989
1456295401.0,245efbad,1.019
1456295401.0,7001785d,0.969
1456295401.0,3a3fcab7,0.959
1456295401.0,ac4a6914,0.969
1456295401.0,3056759f,0.979
1456295401.0,0bec4dba,0.939
1456295401.0,5d790a6e,0.999
1456295401.0,acd58708,0.934
1456295401.0,b67ae9fe,0.979
1456295401.0,881e9700,1.059
1456295401.0,867ec7f3,1.009
1456295401.0,316995c6,1.029
1456295401.0,875ec97a,1.019
1456295401.0,563059fb,0.999
1456295401.0,c0d663b4,1.019
1456295401.0,7ef423c0,0.999
1456295401.0,285b781f,1.009
1456295401.0,6b5b80c3,0.979
1456295401.0,fd7ffd20,0.989
1456295401.0,45731ab8,0.919
1456295401.0,3050301a,0.999
1456295401.0,c38cb4a1,0.999
1456295401.0,0fafd241,1.159
1456295401.0,49d8f4c8,1.029
1456295401.0,d9b08f78,1.009
1456295401.0,f847749e,0.969
1456295401.0,e87a6fdb,1.009
1456295401.0,3a7d2c69,1.019
1456295401.0,a470ddc2,0.999
1456295401.0,fce7ca5c,0.969
1456295401.0,dc4b8ae9,1.019
1456295401.0,c7e28f54,0.989
1456295401.0,5c093e22,0.999
1456295401.0,58d54fd0,0.979
1456295401.0,5a3d51b4,0.999
1456295401.0,6bf563af,0.989
1456295401.0,,0.999
1456295401.0,6e41593c,0.979
1456295401.0,6927d550,0.979
1456295401.0,2adce28c,1.009
1456295401.0,3435fb8d,1.019
1456295401.0,e854b79b,1.019
1456295401.0,0bbce3c1,0.979
1456295401.0,5463fafc,0.989
1456295401.0,bc6e8d35,1.009
1456295401.0,4c24bd23,0.989
1456295401.0,8d270840,0.979
1456295401.0,fc298e57,1.189
1456295401.0,d47660a6,0.959
1456295401.0,507bacc5,0.999
1456295401.0,fcbae89e,0.999
1456295401.0,a5de0540,1.009
1456295401.0,e3ed55ca,1.009
1456295401.0,43b0f319,0.969
1456295401.0,68f59abb,0.999
1456295401.0,ae8b60e9,1.009
1456295401.0,530591a4,0.984
1456295401.0,b619a09c,0.909
1456295401.0,49c222c8,0.989
1456295401.0,90789f94,0.979
1456295401.0,c0312794,0.999
1456295401.0,f34c51f1,0.999
1456295401.0,e512031e,0.999
1456295401.0,550acd6a,0.989
1456295401.0,19447be6,1.029
1456295401.0,1dcc8077,0.999
1456295401.0,ca4047f3,0.979
1456295401.0,ff58f7ef,1.019
1456295401.0,,0.999
1456295401.0,fe7899cb,0.938
1456295401.0,6bc9c96a,0.909
1456295401.0,b212ad4b,1.009
1456295401.0,6da1952d,0.929
1456295401.0,aa7bb382,0.999
1456295401.0,49c93205,1.009
1456295401.0,8025debd,0.989
1456295401.0,ed93716a,0.989
1456295401.0,90a018b4,0.999
1456295401.0,2ce7ea0e,0.999
1456295401.0,c4d9fd71,1.039
1456295401.0,db4ed6aa,1.059
1456295401.0,0616421e,0.959
1456295401.0,8bdb8e4d,0.979
1456295401.0,ffad63e0,0.979
1456295401.0,2b7cf924,1.019
1456295401.0,c6b47de7,0.999
1456295401.0,bbc20221,0.979
1456295401.0,15afd395,0.979
1456295401.0,b934f66f,0.979
1456295401.0,d0fb35a1,0.989
1456295401.0,c360e760,1.019
1456295401.0,bb8487e5,0.989
1456295401.0,0762c9c0,0.959
1456295401.0,ac8e61fe,1.169
1456295401.0,a093cd4b,1.009
1456295401.0,6c10bb5f,0.999
1456295401.0,ed0cd7e2,0.959
1456295401.0,f322d52b,0.999
1456295401.0,e431e0c7,0.959
1456295401.0,0ed46e0c,0.989
1456295401.0,ae6758fc,0.994
1456295401.0,,0.959
1456295401.0,f6eddbb3,0.999
1456295401.0,57525dc2,0.999
1456295401.0,11db12fc,0.999
1456295401.0,cbe823ba,0.989
1456295401.0,23ea2729,0.989
1456295401.0,b4e57aeb,0.999
1456295401.0,9f57c2e7,0.959
1456295401.0,9479cc1c,0.989
1456295401.0,fb1b5fff,0.959
1456295401.0,5cb012ef,1.009
1456295401.0,48f1eeb3,0.999
1456295401.0,6384651f,1.009
1456295401.0,b43aab28,0.989
1456295401.0,729dc678,0.999
1456295401.0,54b31cf8,0.999
1456295401.0,27544315,0.979
1456295401.0,29c5c2e2,0.999
1456295401.0,e2cdf18c,1.009
1456295401.0,de257006,1.019
1456295401.0,c53a45b7,1.009
1456295401.0,88c2caef,1.029
1456295401.0,dce58b64,1.009
1456295401.0,eadc25e7,0.979
1456295401.0,8c1e3878,0.979
1456295401.0,a2c4c052,0.969
1456295401.0,,0.939
1456295401.0,28e051b2,0.969
1456295401.0,1e78130a,0.969
1456295401.0,868b1b31,0.979
1456295401.0,757d5670,0.989
1456295401.0,07de256c,0.999
1456295401.0,f06e40a6,0.999
1456295401.0,89105f13,0.999
1456295401.0,99d4f63c,0.979
1456295401.0,4bbcb4db,0.979
1456295401.0,fe2e5d6e,0.999
1456295401.0,c3326313,0.949
1456295401.0,58a7384f,0.999
1456295401.0,adfff05a,0.989
1456295401.0,1ff45876,0.969
1456295401.0,649461ec,0.989
1456295401.0,029bff95,0.979
1456295401.0,768030e0,0.978
1456295401.0,83c5b0ad,0.949
1456295401.0,32a8caa1,1.139
1456295401.0,54bf86d1,0.989
1456295401.0,682730ca,0.979
1456295401.0,6f79337c,0.989
1456295401.0,70f55e7f,1.129
1456295401.0,649d4623,0.999
1456295401.0,c98acfc1,0.999
1456295401.0,2096e49a,0.989
1456295401.0,b650cdbb,1.009
1456295401.0,0774916f,0.979
1456295401.0,d4f76c4a,1.009
1456295401.0,cb0a9a47,0.969
1456295401.0,5695114d,0.979
1456295401.0,a48343d6,0.989
1456295401.0,e2c0e5e5,0.959
1456295401.0,39cc6655,0.989
1456295401.0,64abbe63,0.979
1456295401.0,,0.999
1456295401.0,5c0dc2e6,0.999
1456295401.0,48cc409e,0.999
1456295401.0,4c59d12d,0.929
1456295401.0,c4088196,1.009
1456295401.0,d0f6968c,0.949
1456295401.0,5f695bd8,0.949
1456295401.0,593279ef,1.009
1456295401.0,f28d04f5,1.009
1456295401.0,456d2310,0.929
1456295401.0,6cf9c77a,0.999
1456295401.0,0a787e26,1.129
1456295401.0,6b867ae3,0.999
1456295401.0,1948ba16,1.009
1456295401.0,c05855cb,0.989
1456295401.0,5cd10b8c,0.979
1456295401.0,f01bd5b6,1.009
1456295401.0,4f0a1aa8,1.139
1456295401.0,5505aa75,0.999
1456295401.0,caadc9cb,0.949
1456295401.0,4c925894,0.969
1456295401.0,5c88c29d,0.979
1456295401.0,aa2018b8,1.009
1456295401.0,8c6f1d05,0.999
1456295401.0,12d17fec,0.979
1456295401.0,f0bce0a6,1.029
1456295401.0,823f1901,0.979
1456295401.0,e1c1cc44,0.989
1456295401.0,01668234,0.959
1456295401.0,d3567757,0.989
1456295401.0,,1.019
1456295401.0,7d9700c4,0.999
1456295401.0,f876e3e8,0.949
1456295401.0,2358eb9a,0.999
1456295401.0,7b90d598,0.949
1456295401.0,2b04db76,1.009
1456295401.0,04aefaad,1.019
1456295401.0,41f89d4b,0.949
1456295401.0,379a6719,0.979
1456295401.0,fdd8eb18,0.989
1456295401.0,1219a469,1.029
1456295401.0,cba1718d,0.999
1456295401.0,3335bb20,0.979
1456295401.0,91823808,0.999
1456295401.0,85e6cd0f,1.029
1456295401.0,76a48cbe,0.959
1456295401.0,f6798657,0.929
1456295401.0,fc8f41b2,0.979
1456295401.0,9758fc2a,1.009
1456295401.0,32f0b93e,0.979
1456295401.0,b8705ff2,0.969
1456295401.0,dfa90483,0.969
1456295401.0,6e1a006b,0.969
1456295401.0,bf43b448,0.989
1456295401.0,803beab6,0.969
1456295401.0,22ac7d75,0.969
1456295401.0,3f48f52e,0.969
1456295401.0,f1f57418,0.979
1456295401.0,013f9d06,0.999
1456295401.0,225eaacb,0.989
1456295401.0,810fc069,0.969
1456295401.0,73e22345,0.979
1456295401.0,b7acce06,0.959
1456295401.0,019e00fb,0.949
1456295401.0,f6955150,0.989
1456295401.0,688653f8,0.969
1456295401.0,3c9479d6,0.959
1456295401.0,0d5cb1e5,0.979
1456295401.0,bf694984,0.959
1456295401.0,0a6aaa10,0.989
1456295401.0,94c64075,0.999
1456295401.0,d080aa8b,0.989
1456295401.0,0bb28765,0.969
1456295401.0,feb45cd9,0.969
1456295401.0,2289b7d4,0.979
1456295401.0,ab3fb92f,0.969
1456295401.0,b0c139bb,1.049
1456295401.0,a74e1057,1.029
1456295401.0,5b8f7949,1.129
1456295401.0,5c451464,0.979
1456295401.0,5f143eb7,0.949
1456295401.0,d587eb93,1.009
1456295401.0,b563d649,1.009
1456295401.0,037aefcb,0.999
1456295401.0,238a9662,0.979
1456295401.0,7a0f0cd4,0.989
1456295401.0,94600741,0.979
1456295401.0,c3e9fea8,0.994
1456295401.0,3ba3cf9a,0.999
1456295401.0,c74d25ee,1.009
1456295401.0,bbdcf660,0.989
1456295401.0,f41a8a6d,0.959
1456295401.0,15b221c0,0.949
1456295401.0,6e731ae8,1.019
1456295401.0,5812c07f,0.939
1456295401.0,990b3bf9,1.019
1456295401.0,5eb29de6,0.959
1456295401.0,6ba68e3c,1.009
1456295401.0,19c8f617,1.009
1456295401.0,996dd733,0.979
1456295401.0,f50a208b,0.989
1456295401.0,5dc3decc,1.029
1456295401.0,d5f0bacd,0.959
1456295401.0,b712cdad,1.019
1456295401.0,82b0380b,1.129
1456295401.0,30466612,1.039
1456295401.0,4e43cf44,1.079
1456295401.0,fd4af1b0,1.029
1456295401.0,247b4cda,1.019
1456295401.0,d7552124,0.999
1456295401.0,def62512,1.009
1456295401.0,3de9352c,0.999
1456295401.0,,1.009
1456295401.0,3306088b,0.979
1456295401.0,014078e4,0.999
1456295401.0,87767ef4,1.019
1456295401.0,f05874bd,1.009
1456295401.0,53216105,0.989
1456295401.0,aae7bd53,0.959
1456295401.0,a03a811d,0.999
1456295401.0,32dcc2c9,1.009
1456295401.0,fee1f686,0.999
1456295401.0,218fd480,0.999
1456295401.0,7f42a07f,0.999
1456295401.0,c6ad410f,0.999
1456295401.0,fe41844a,1.009
1456295641.0,82aee514,0.969
1456295641.0,1ddbee38,0.949
1456295641.0,0edac3f0,0.999
1456295641.0,cbf8d95f,0.989
1456295641.0,b8c5de33,0.989
1456295641.0,39b9a4d8,0.959
1456295641.0,363ab0d1,0.979
1456295641.0,6e1fdef4,0.989
1456295641.0,ec0fb2ce,0.989
1456295641.0,49052290,0.959
1456295641.0,9e33ac5a,0.979
1456295641.0,65d316f1,0.989
1456295641.0,cea20e68,0.989
1456295641.0,dfe43ff9,0.959
1456295641.0,d53e3a60,0.979
1456295641.0,203367ea,0.989
1456295641.0,86d5dab8,1.009
1456295641.0,42821895,0.989
1456295641.0,bd167c7d,0.989
1456295641.0,75b9849f,0.989
1456295641.0,2295e162,0.979
1456295641.0,c928ed36,0.979
1456295641.0,18396fc2,0.989
1456295641.0,64ac75f0,0.989
1456295641.0,d8834ec2,1.019
1456295641.0,eaf5b8e2,0.989
1456295641.0,4423f9a9,0.979
1456295641.0,d6f30aff,0.999
1456295641.0,7fcb9629,0.999
1456295641.0,756325f1,0.979
1456295641.0,9694fac5,1.179
1456295641.0,0ed0bca9,1.009
1456295641.0,00206126,0.989
1456295641.0,b48db3d0,0.979
1456295641.0,aa00a8f6,1.014
1456295641.0,8fc85062,0.949
1456295641.0,baf6a6cd,1.009
1456295641.0,7dfddaf9,0.989
1456295641.0,c9b6490b,1.029
1456295641.0,2917587e,0.959
1456295641.0,,0.999
1456295641.0,ffc99986,1.009
1456295641.0,f6c7ffc6,0.999
1456295641.0,cb6f9df2,1.029
1456295641.0,57842eba,1.039
1456295641.0,0eaf6606,1.009
1456295641.0,61f78d05,0.999
1456295641.0,297818d7,0.999
1456295641.0,6dea9ace,1.029
1456295641.0,c3fac240,1.029
1456295641.0,cbeda884,1.019
1456295641.0,e1c57a67,0.979
1456295641.0,,0.999
1456295641.0,dc36cd86,0.969
1456295641.0,5d6403f6,0.999
1456295641.0,fbd5f329,1.009
1456295641.0,822f88d8,1.009
1456295641.0,4b36fa89,0.989
1456295641.0,21a6bb0f,0.999
1456295641.0,c0ad4417,0.989
1456295641.0,d5843ecf,0.959
1456295641.0,4a523aab,1.009
1456295641.0,a0b68564,0.999
1456295641.0,8fc0b78f,0.979
1456295641.0,bedbc8dd,1.019
1456295641.0,79ca8f37,0.999
1456295641.0,f0d6aa58,0.999
1456295641.0,117e8bca,1.009
1456295641.0,12fda0fa,1.029
1456295641.0,7a48e549,1.029
1456295641.0,f1a2379b,0.958
1456295641.0,b0f0f3c3,0.989
1456295641.0,f0dcfc81,0.989
1456295641.0,254d26d3,0.959
1456295641.0,a2a310e7,1.019
1456295641.0,df3fd5ef,1.009
1456295641.0,97c49975,0.979
1456295641.0,f0d7ea8a,0.979
1456295641.0,bc467691,1.009
1456295641.0,fb81e05e,1.009
1456295641.0,815ef624,0.969
1456295641.0,93b5b301,1.009
1456295641.0,0c5920e5,0.949
1456295641.0,90b516a1,0.949
1456295641.0,9300020e,1.049
1456295641.0,428929ab,0.989
1456295641.0,ded1172c,0.969
1456295641.0,d2c61288,0.949
1456295641.0,df7d4f7c,0.989
1456295641.0,3fa1622b,0.999
1456295641.0,ea942936,1.009
1456295641.0,f0359f5c,1.019
1456295641.0,eda96774,0.999
1456295641.0,159f8b0e,0.999
1456295641.0,63616f1f,0.999
1456295641.0,47dc373a,1.099
1456295641.0,7d7180f2,1.019
1456295641.0,8a0db953,0.989
1456295641.0,d4857812,0.999
1456295641.0,980d97ef,0.989
1456295641.0,0f7d325c,1.019
1456295641.0,862dbd5b,1.019
1456295641.0,7027d1cc,1.009
1456295641.0,d5eb41ec,0.989
1456295641.0,4718f10b,1.009
1456295641.0,49467b62,1.009
1456295641.0,3b5be616,0.989
1456295641.0,53f9f79f,0.999
1456295641.0,8a4d8b45,0.999
1456295641.0,31f5cac5,0.999
1456295641.0,a10531f9,0.969
1456295641.0,7d9e71ad,1.009
1456295641.0,d0cff5c1,1.029
1456295641.0,65964ff0,1.009
1456295641.0,6560327b,1.009
1456295641.0,ef878178,1.019
1456295641.0,7f4e0339,1.019
1456295641.0,d63f2c51,0.969
1456295641.0,9d9e60c3,0.957
1456295641.0,eeb36e25,1.019
1456295641.0,8801e116,1.129
1456295641.0,c92339a1,0.989
1456295641.0,7f79215f,1.009
1456295641.0,668ec837,0.999
1456295641.0,b3daf5d6,0.989
1456295641.0,81342b13,1.029
1456295641.0,a9f75b32,1.039
1456295641.0,9cfce39c,0.969
1456295641.0,e93a322c,1.009
1456295641.0,9a4d188a,1.089
1456295641.0,3b728838,0.999
1456295641.0,102d2e04,1.019
1456295641.0,398f397d,1.009
1456295641.0,4b926ccb,0.979
1456295641.0,8dfeb73b,1.009
1456295641.0,7d15e55f,1.019
1456295641.0,ee84886f,1.009
1456295641.0,87969b95,0.999
1456295641.0,53b427ae,1.029
1456295641.0,8f9e2fa1,1.009
1456295641.0,7bf1b975,1.009
1456295641.0,0c2b92ac,1.029
1456295641.0,2397e1c5,0.999
1456295641.0,2d4023ea,0.989
1456295641.0,f94d8069,0.999
1456295641.0,396b08fd,0.959
1456295641.0,9d5d8b0d,0.989
1456295641.0,5a88efab,0.979
1456295641.0,85f13a6c,0.999
1456295641.0,3b3dda8f,0.979
1456295641.0,95712e33,1.029
1456295641.0,6e907110,0.999
1456295641.0,09d4eccb,1.019
1456295641.0,da6cfb62,1.089
1456295641.0,c1923e8f,0.989
1456295641.0,dbee4a44,0.989
1456295641.0,7f9a33f8,0.989
1456295641.0,2f3e857f,0.999
1456295641.0,c3450ec5,0.999
1456295641.0,3b3b7c54,0.999
1456295641.0,4e5b5da4,1.009
1456295641.0,f6d67f81,0.999
1456295641.0,438b0f85,1.049
1456295641.0,29bd5a9a,1.009
1456295641.0,5e1a19db,0.999
1456295641.0,3b59a143,1.029
1456295641.0,20e9b084,0.939
1456295641.0,829de252,0.999
1456295641.0,f521cc41,0.949
1456295641.0,c6944b24,0.959
1456295641.0,f248b38b,0.959
1456295641.0,33e1917c,0.989
1456295641.0,,0.999
1456295641.0,07b98643,0.989
1456295641.0,f8c4c5f6,0.999
1456295641.0,b646a001,1.029
1456295641.0,883007ed,1.009
1456295641.0,6ebcf0bd,0.979
1456295641.0,,0.999
1456295641.0,3bb74884,1.019
1456295641.0,5773d9f5,0.969
1456295641.0,8abb2725,0.989
1456295641.0,98acaed1,0.999
1456295641.0,dfe1b885,1.019
1456295641.0,42863645,0.999
1456295641.0,7895f019,1.019
1456295641.0,fa6ffdb7,1.019
1456295641.0,279f7243,1.009
1456295641.0,98c12505,0.969
1456295641.0,bb41a6c9,0.959
1456295641.0,575bb735,1.069
1456295641.0,7c4e6cc9,0.979
1456295641.0,addbc61c,0.989
1456295641.0,6f2ba4ed,0.989
1456295641.0,6ba205cd,0.949
1456295641.0,6cc0c30a,0.969
1456295641.0,67ffc54d,0.989
1456295641.0,23728172,0.979
1456295641.0,66ef9bdc,0.949
1456295641.0,242f5c69,0.979
1456295641.0,e6b01768,0.979
1456295641.0,c78b7333,1.009
1456295641.0,dafee924,0.949
1456295641.0,a493ee6c,0.959
1456295641.0,3d026101,0.969
1456295641.0,7694edff,0.959
1456295641.0,68487393,0.979
1456295641.0,52aedb7d,0.939
1456295641.0,4e176577,0.989
1456295641.0,fc451496,0.949
1456295641.0,ed9d46be,0.909
1456295641.0,6cd5cdf8,0.929
1456295641.0,a89295ed,0.989
1456295641.0,f08235a1,0.999
1456295641.0,e9e1dabb,0.989
1456295641.0,905563bb,0.949
1456295641.0,8c85a27d,0.979
1456295641.0,693a0585,0.969
1456295641.0,f5b117ef,0.979
1456295641.0,840dc1e3,0.939
1456295641.0,e4e801a1,0.979
1456295641.0,9aa6fe97,0.979
1456295641.0,3ac6b934,0.959
1456295641.0,32fc4e8c,0.949
1456295641.0,2d084788,0.979
1456295641.0,3f601b6c,0.989
1456295641.0,18df3f49,0.969
1456295641.0,258838b1,0.969
1456295641.0,6a9f527e,0.989
1456295641.0,0538e9ee,0.959
1456295641.0,3f15b05a,1.029
1456295641.0,a9e7d486,1.009
1456295641.0,a484c61a,0.979
1456295641.0,c64e61d0,0.939
1456295641.0,727a279d,1.009
1456295641.0,9d2005fa,1.009
1456295641.0,f8b49237,1.019
1456295641.0,8068124c,0.999
1456295641.0,e0bab6c8,0.979
1456295641.0,5f379a02,0.999
1456295641.0,da93bb21,0.969
1456295641.0,0b0a4614,0.999
1456295641.0,ce2492c0,1.009
1456295641.0,28dc9f41,0.999
1456295641.0,78dd6fcc,0.979
1456295641.0,70507c40,1.009
1456295641.0,a625d115,0.999
1456295641.0,1ddd2ac0,0.979
1456295641.0,5dd1bb39,0.964
1456295641.0,b721ae36,0.959
1456295641.0,,1.029
1456295641.0,3b5de5d2,0.979
1456295641.0,a44224fe,0.979
1456295641.0,db462146,0.999
1456295641.0,4769e054,0.999
1456295641.0,9ad361ad,1.019
1456295641.0,9e5c868a,1.019
1456295641.0,9cf73813,0.999
1456295641.0,486e56d0,0.979
1456295641.0,1055fb12,0.989
1456295641.0,48d21f5a,0.989
1456295641.0,7b2a5f7c,0.999
1456295641.0,5288c0b4,0.979
1456295641.0,6edd64cb,0.999
1456295641.0,15a5d68a,0.979
1456295641.0,bcce0991,0.999
1456295641.0,,1.019
1456295641.0,,1.009
1456295641.0,2843ab89,0.979
1456295641.0,18ac93f2,0.979
1456295641.0,9bcd0dae,0.969
1456295641.0,609d7ab5,1.039
1456295641.0,09f8dfad,0.999
1456295641.0,028572b1,0.989
1456295641.0,a2d171ec,1.019
1456295641.0,ba6f9de2,0.969
1456295641.0,ff922650,0.999
1456295641.0,c7d7314f,0.999
1456295641.0,8e8a5274,0.969
1456295641.0,4ea58ef3,0.929
1456295641.0,6927d550,0.959
1456295641.0,b3c78089,1.009
1456295641.0,b4fd97c1,1.019
1456295641.0,3b9d2939,0.949
1456295641.0,e4e4bf18,0.989
1456295641.0,d9b229c5,0.989
1456295641.0,b36bbe84,0.979
1456295641.0,efc1c355,0.959
1456295641.0,17a1e834,1.009
1456295641.0,651f23fd,1.019
1456295641.0,c95ebb24,0.999
1456295641.0,3b4ac733,1.019
1456295641.0,9705cfe5,1.019
1456295641.0,1cc41339,0.959
1456295641.0,b5d935e1,0.949
1456295641.0,80d45a73,0.999
1456295641.0,82962945,0.979
1456295641.0,abe05883,1.019
1456295641.0,291c62c4,1.009
1456295641.0,d01e5e31,0.999
1456295641.0,fa99c07b,1.019
1456295641.0,cc1424f8,0.989
1456295641.0,4d541f34,0.999
1456295641.0,a43c3b90,1.099
1456295641.0,ba9cc930,0.949
1456295641.0,b0f4b28e,1.009
1456295641.0,4d4039fd,0.969
1456295641.0,e4ea9e93,1.009
1456295641.0,8a128851,1.019
1456295641.0,2ed18a58,0.979
1456295641.0,986ab52a,0.979
1456295641.0,c980bb7e,0.999
1456295641.0,917af1e0,0.999
1456295641.0,3b9eae5f,0.959
1456295641.0,0d686aad,0.989
1456295641.0,61173148,0.978
1456295641.0,d14b5840,0.989
1456295641.0,11bd050d,0.999
1456295641.0,78962747,1.039
1456295641.0,ac8fe45c,1.029
1456295641.0,e57be742,0.999
1456295641.0,8b94eddf,0.999
1456295641.0,e2227d47,0.989
1456295641.0,1e41b091,0.999
1456295641.0,d18613bf,1.049
1456295641.0,5ab60468,0.949
1456295641.0,dcab2d5d,0.949
1456295641.0,,0.979
1456295641.0,e83bba02,0.979
1456295641.0,1fef1b51,1.009
1456295641.0,efcf22b5,1.029
1456295641.0,02d133f6,1.009
1456295641.0,d95d9c1e,0.939
1456295641.0,ea5a2a30,0.949
1456295641.0,,0.999
1456295641.0,b2a4889d,1.009
1456295641.0,5d693719,0.989
1456295641.0,9c72ec3a,1.129
1456295641.0,d24c8b74,0.969
1456295641.0,10c41b90,1.059
1456295641.0,5cf89d62,0.999
1456295641.0,0061e71a,1.009
1456295641.0,81b79933,0.999
1456295641.0,8e302603,0.979
1456295641.0,7eec6311,0.989
1456295641.0,d54da67a,0.959
1456295641.0,806c0af2,1.009
1456295641.0,171447e0,0.979
1456295641.0,5c5e9ece,1.129
1456295641.0,78eacf4a,0.989
1456295641.0,c4b1a3a1,0.999
1456295641.0,1bae705e,0.999
1456295641.0,49633dc8,0.999
1456295641.0,9a40848b,1.029
1456295641.0,80e8cb89,1.019
1456295641.0,4067a772,0.999
1456295641.0,f6884200,0.989
1456295641.0,32073d45,1.039
1456295641.0,b685aa76,0.979
1456295641.0,4d470b9f,0.999
1456295641.0,456b0585,1.009
1456295641.0,b342eb0d,0.999
1456295641.0,83cf2333,1.039
1456295641.0,e743f9ea,0.929
1456295641.0,7c91739b,1.029
1456295641.0,5effda31,0.969
1456295641.0,a2e94245,1.009
1456295641.0,0e367b40,1.009
1456295641.0,2dcfdd70,0.979
1456295641.0,2e4b5644,0.939
1456295641.0,86b9d04d,1.009
1456295641.0,8e88bf8c,0.939
1456295641.0,69154954,1.129
1456295641.0,068f53ad,0.969
1456295641.0,9d7fe73c,0.999
1456295641.0,8f5cffb0,1.049
1456295641.0,f85e7c2f,1.009
1456295641.0,ea01675f,0.949
1456295641.0,2092821a,0.949
1456295641.0,23efaa4b,0.969
1456295641.0,69cf448c,1.019
1456295641.0,b4f10cda,0.989
1456295641.0,b0c0a395,1.009
1456295641.0,2212e62a,1.019
1456295641.0,94be3c52,0.959
1456295641.0,5aa49c2a,0.969
1456295641.0,9e8d8571,0.999
1456295641.0,df727d0c,1.019
1456295641.0,4d916c9b,0.999
1456295641.0,5cb012ef,0.999
1456295641.0,39195ba2,0.989
1456295641.0,a17c7f62,1.029
1456295641.0,8686166f,1.009
1456295641.0,7b709283,1.039
1456295641.0,cd468df5,0.989
1456295641.0,2a241874,1.009
1456295641.0,81f96eef,0.999
1456295641.0,ab49a3d7,0.949
1456295641.0,ba97bb47,1.019
1456295641.0,1b136bef,1.019
1456295641.0,272828c5,0.989
1456295641.0,d606d463,1.019
1456295641.0,70a1919d,0.979
1456295641.0,c704c346,0.969
1456295641.0,bf80d980,0.999
1456295641.0,f56cecf3,1.039
1456295641.0,5adcc672,0.999
1456295641.0,dac4fe2a,0.949
1456295641.0,6465956f,0.949
1456295641.0,162fc7b8,0.969
1456295641.0,8cb4fc7c,0.939
1456295641.0,e78a8608,1.009
1456295641.0,,1.009
1456295641.0,2bdc4b63,1.019
1456295641.0,19ff993e,1.019
1456295641.0,81038dd7,1.009
1456295641.0,48dfc338,1.039
1456295641.0,1c33ec7e,1.019
1456295641.0,a32bd6b9,0.939
1456295641.0,,1.029
1456295641.0,a2987081,1.019
1456295641.0,dc5b8dc2,1.029
1456295641.0,2f70ad86,1.009
1456295641.0,523156b3,0.999
1456295641.0,d983cd5e,1.039
1456295641.0,493eff35,0.979
1456295641.0,c98acfc1,0.999
1456295641.0,ea5a9904,0.979
1456295641.0,9efa2ed6,0.969
1456295641.0,33a2e297,1.019
1456295641.0,a518cf5f,0.989
1456295641.0,ae934bd5,0.999
1456295641.0,f61ba063,0.979
1456295641.0,e73d5934,0.999
1456295641.0,009091bb,0.989
1456295641.0,,1.009
1456295641.0,716baf59,1.009
1456295641.0,f09149cd,0.989
1456295641.0,db7d175d,0.999
1456295641.0,4c59d12d,0.929
1456295641.0,cb7a19f8,1.009
1456295641.0,df543f1f,0.939
1456295641.0,ed3dcd2f,1.039
1456295641.0,9aa3b9ad,1.049
1456295641.0,30389cde,0.999
1456295641.0,5aa9311f,0.999
1456295641.0,456d2310,0.929
1456295641.0,978bcc85,0.999
1456295641.0,1f1aef8f,0.999
1456295641.0,da670ade,0.989
1456295641.0,acf3fb4b,1.019
1456295641.0,67809b86,0.989
1456295641.0,941effa7,0.999
1456295641.0,6adb2e0c,1.029
1456295641.0,30a98c10,0.969
1456295641.0,2ccce8c3,0.989
1456295641.0,fdda2a1f,0.999
1456295641.0,71618bdc,1.039
1456295641.0,,0.958
1456295641.0,b551edc5,0.979
1456295641.0,da75620f,0.999
1456295641.0,f28edad2,0.979
1456295641.0,4ae6afd6,1.019
1456295641.0,38d183bf,1.039
1456295641.0,d3549133,0.989
1456295641.0,be99051f,1.019
1456295641.0,4530e328,0.999
1456295641.0,48c3f251,1.019
1456295641.0,65788d91,0.999
1456295641.0,fa2e9d72,1.139
1456295641.0,54cd733f,1.009
1456295641.0,12d17fec,0.979
1456295641.0,fca43092,0.999
1456295641.0,e7dd6621,0.944
1456295641.0,7a411a95,0.979
1456295641.0,c6c05a1d,0.959
1456295641.0,216f7e87,1.009
1456295641.0,0764c8b7,1.049
1456295641.0,5afecce4,1.029
1456295641.0,926c754c,1.009
1456295641.0,c269e5db,1.009
1456295641.0,8b18bb85,1.039
1456295641.0,242eb552,0.989
1456295641.0,5cbce85b,1.009
1456295641.0,bcee3dc6,0.999
1456295641.0,dc76a6bb,1.029
1456295641.0,07f1bf63,0.959
1456295641.0,fcfe3bbf,0.969
1456295641.0,92a7ca0c,1.009
1456295641.0,f13a2469,1.019
1456295641.0,3a0a2d0d,0.969
1456295641.0,a1aa5fd5,0.999
1456295641.0,2ebde489,1.009
1456295641.0,042d445f,1.179
1456295641.0,e05f9010,0.999
1456295641.0,d7f9f13e,1.069
1456295641.0,1b2716b3,0.979
1456295641.0,40d7aa6e,0.959
1456295641.0,8ddd7eaf,0.979
1456295641.0,1fe05a5f,0.969
1456295641.0,ae869c50,0.989
1456295641.0,4b0cfdb6,0.979
1456295641.0,6ed1ade4,0.989
1456295641.0,3b68a541,0.959
1456295641.0,bf08287b,0.959
1456295641.0,2c946e5c,0.979
1456295641.0,a49f5d4b,0.969
1456295641.0,bba9fe67,0.979
1456295641.0,5cb13083,0.949
1456295641.0,46ad9f53,0.989
1456295641.0,7ae8737b,0.989
1456295641.0,c08ff843,0.959
1456295641.0,83981d2d,1.009
1456295641.0,94df3c4a,0.989
1456295641.0,57679b79,1.009
1456295641.0,672ba0d9,0.999
1456295641.0,39278907,1.009
1456295641.0,92dbd199,1.009
1456295641.0,7b417f71,0.969
1456295641.0,27568398,1.019
1456295641.0,fe407811,0.949
1456295641.0,776d441b,0.989
1456295641.0,888142ae,1.029
1456295641.0,29b468e1,0.999
1456295641.0,4c67dc1a,0.999
1456295641.0,48f835a8,0.959
1456295641.0,3473636a,0.969
1456295641.0,31dfb194,0.999
1456295641.0,e36e5558,0.989
1456295641.0,10c81160,1.089
1456295641.0,6b248588,0.949
1456295641.0,9456d189,0.989
1456295641.0,74adc87d,1.009
1456295641.0,7f40cac3,1.019
1456295641.0,c31de946,0.999
1456295641.0,2af3ad73,0.969
1456295641.0,33fb4cf3,1.019
1456295641.0,ad659ace,0.949
1456295641.0,750bee8a,0.949
1456295641.0,70692280,1.019
1456295641.0,e68575c0,1.039
1456295641.0,10fa0582,0.979
1456295641.0,9c114417,1.129
1456295641.0,93d44ba8,1.019
1456295641.0,58cdd6dc,1.019
1456295641.0,e0973b4a,0.959
1456295641.0,c39e2d3d,0.939
1456295641.0,ef38b8ce,0.969
1456295641.0,7406d60c,1.009
1456295641.0,f7dcd56c,1.019
1456295641.0,82b0380b,1.079
1456295641.0,c1599ca9,1.029
1456295641.0,16295be3,1.029
1456295641.0,cdf95c47,1.019
1456295641.0,1881d983,1.029
1456295641.0,cac011c0,0.949
1456295641.0,a1d1ae1e,0.989
1456295641.0,583ed604,1.019
1456295641.0,efe39034,0.989
1456295641.0,55dd1874,0.989
1456295641.0,f02ffbd3,1.019
1456295641.0,a8f38887,1.039
1456295641.0,19223eff,0.959
1456295641.0,2dc40154,0.969
1456295641.0,8962a152,0.999
1456295641.0,406bce1e,1.019
1456295641.0,94b09940,0.999
1456295641.0,5a76daff,0.999
1456295641.0,ccf05044,0.989
1456295641.0,46c0cc5b,0.949
1456295881.0,f58434d3,1.019
1456295881.0,f59ac186,1.019
1456295881.0,a8e7b6ec,0.969
1456295881.0,2587793f,1.029
1456295881.0,17b8eb16,1.019
1456295881.0,7db0ea2e,0.999
1456295881.0,2ae20e3b,0.989
1456295881.0,badf7961,0.999
1456295881.0,43be7e31,0.989
1456295881.0,4e6ab199,0.959
1456295881.0,d64909aa,0.959
1456295881.0,ad7e1163,0.989
1456295881.0,4a4c4dca,0.989
1456295881.0,427c61e9,0.959
1456295881.0,7e0a33b2,1.009
1456295881.0,24c0c404,1.019
1456295881.0,4423f9a9,0.979
1456295881.0,a2ab785a,0.969
1456295881.0,89b4dcbb,1.009
1456295881.0,fbf71c0b,0.959
1456295881.0,82781b7c,0.989
1456295881.0,2181a96b,0.989
1456295881.0,cf1a869e,0.979
1456295881.0,5ce9d453,0.959
1456295881.0,,0.979
1456295881.0,9bf65a40,0.969
1456295881.0,b089244a,1.009
1456295881.0,99a0f87e,0.999
1456295881.0,b3a02a90,1.019
1456295881.0,017c730c,1.009
1456295881.0,be6a8603,1.039
1456295881.0,0afb21d0,1.009
1456295881.0,bb3f103e,1.009
1456295881.0,786f2950,1.179
1456295881.0,170daeaf,1.009
1456295881.0,477c7bcf,0.979
1456295881.0,8d4cbfeb,0.999
1456295881.0,9278d791,0.989
1456295881.0,f53a8f17,0.999
1456295881.0,bb79fa75,1.009
1456295881.0,4af5893f,0.979
1456295881.0,248d1f5e,0.999
1456295881.0,6a686e72,0.989
1456295881.0,dc8781a2,1.009
1456295881.0,aa9c4d31,0.949
1456295881.0,d0abe7db,1.019
1456295881.0,d1b2ca43,1.019
1456295881.0,08f7db25,0.959
1456295881.0,5f0b3d94,0.999
1456295881.0,1bbf25c0,0.989
1456295881.0,cf6cd137,1.019
1456295881.0,9dff6f12,0.999
1456295881.0,46c099d0,0.999
1456295881.0,9dc599bb,0.999
1456295881.0,4190ae32,1.009
1456295881.0,edd1ee07,0.969
1456295881.0,81651745,0.939
1456295881.0,14af1303,1.009
1456295881.0,3d6465d9,0.979
1456295881.0,3c7bc366,1.009
1456295881.0,7d4cb90b,0.999
1456295881.0,21fa9a42,0.989
1456295881.0,12434f8d,0.979
1456295881.0,5d0d89cf,1.009
1456295881.0,f53c3bb0,0.969
1456295881.0,c482433b,0.989
1456295881.0,f86a6ea1,0.999
1456295881.0,a64ec2ce,0.999
1456295881.0,4a10a924,0.989
1456295881.0,9c3caa26,1.059
1456295881.0,955ed41d,0.994
1456295881.0,9e1994dd,1.019
1456295881.0,dd154694,0.999
1456295881.0,7efc6d8f,1.009
1456295881.0,e03f4572,0.969
1456295881.0,2189cfd2,0.959
1456295881.0,f873156d,1.009
1456295881.0,0b3fd25f,0.989
1456295881.0,53a0f4e4,1.009
1456295881.0,43b50967,1.009
1456295881.0,e448c44d,0.969
1456295881.0,09be7dd3,1.009
1456295881.0,a7a5f25b,0.949
1456295881.0,b655f194,1.019
1456295881.0,6e12c790,0.959
1456295881.0,d02d7c58,0.979
1456295881.0,3e68f1c7,1.009
1456295881.0,a2459b61,1.019
1456295881.0,8f5e2757,1.039
1456295881.0,c8d87efe,0.979
1456295881.0,bd333cd1,0.959
1456295881.0,b69db0fc,1.029
1456295881.0,84985353,0.979
1456295881.0,8d87181e,0.999
1456295881.0,9b047271,1.009
1456295881.0,645b2898,0.989
1456295881.0,88113d35,0.994
1456295881.0,,1.019
1456295881.0,e1bc26f0,0.999
1456295881.0,916aaf2f,0.989
1456295881.0,f9ce73b2,1.009
1456295881.0,e20c7066,1.009
1456295881.0,46078bef,0.989
1456295881.0,34293664,0.969
1456295881.0,e7e4d4a0,0.979
1456295881.0,c8216f55,1.009
1456295881.0,f1806c17,0.989
1456295881.0,192552f2,0.969
1456295881.0,2ff0d839,0.979
1456295881.0,5f51bf27,1.019
1456295881.0,102299ad,0.999
1456295881.0,5bbe0a9d,0.989
1456295881.0,12fc2a75,0.999
1456295881.0,29bd5a9a,0.979
1456295881.0,7bed69b1,0.969
1456295881.0,d36c0bc0,1.009
1456295881.0,39c4abbc,0.979
1456295881.0,b72a502f,0.949
1456295881.0,470345fb,1.009
1456295881.0,29e75614,0.949
1456295881.0,766e7cd2,0.999
1456295881.0,575d8182,0.969
1456295881.0,78300ca0,0.989
1456295881.0,f4507e0e,0.979
1456295881.0,7f6effac,0.979
1456295881.0,,0.959
1456295881.0,504da010,0.999
1456295881.0,d5b8a8fd,0.989
1456295881.0,a441d45c,0.959
1456295881.0,581713fc,1.009
1456295881.0,d662b253,0.989
1456295881.0,532a5017,1.019
1456295881.0,c8c94822,0.999
1456295881.0,5900ebe4,0.969
1456295881.0,82c69685,0.989
1456295881.0,1dfe7e94,0.979
1456295881.0,3747e646,0.979
1456295881.0,ff8a65f2,0.969
1456295881.0,dc2aecd3,0.989
1456295881.0,c6d44191,0.969
1456295881.0,495247fc,0.949
1456295881.0,75dd982a,0.969
1456295881.0,aa822d7f,0.979
1456295881.0,60187048,0.949
1456295881.0,efe888a1,0.979
1456295881.0,9320eb8a,0.949
1456295881.0,1f57f9be,0.969
1456295881.0,d0407554,0.979
1456295881.0,8b77e169,0.969
1456295881.0,48b70727,0.969
1456295881.0,c8ce828b,0.999
1456295881.0,b6510a87,1.009
1456295881.0,,0.999
1456295881.0,5963169b,1.059
1456295881.0,0a67fa6f,1.019
1456295881.0,0543d2e4,1.029
1456295881.0,0aed8034,0.989
1456295881.0,8fb2a5f0,0.929
1456295881.0,bfc6b6eb,0.979
1456295881.0,8746be38,0.964
1456295881.0,4b09886e,0.969
1456295881.0,5325ade4,0.999
1456295881.0,49d8f4c8,1.009
1456295881.0,cc0830cf,1.009
1456295881.0,95be41d3,0.939
1456295881.0,e80ba165,0.949
1456295881.0,c1fb8330,1.129
1456295881.0,1b7b3aab,0.959
1456295881.0,9086a5b2,0.989
1456295881.0,6c8423e1,0.989
1456295881.0,7b2a5f7c,0.999
1456295881.0,e8ee4568,0.949
1456295881.0,64808918,1.029
1456295881.0,059fe229,1.129
1456295881.0,eada05de,0.999
1456295881.0,576e47d1,0.979
1456295881.0,c9e05214,1.009
1456295881.0,c0e7740b,1.024
1456295881.0,c328902c,1.009
1456295881.0,615f2b40,0.999
1456295881.0,4f8db0e1,0.999
1456295881.0,094c7293,1.019
1456295881.0,56d1fe2a,0.989
1456295881.0,642a4242,0.969
1456295881.0,c8df6e1a,0.989
1456295881.0,4da65c5a,0.979
1456295881.0,62bff896,0.999
1456295881.0,c11feddb,0.959
1456295881.0,91e45e6a,1.009
1456295881.0,b5ead699,1.009
1456295881.0,f96059fa,1.079
1456295881.0,ebecf1c6,0.969
1456295881.0,7a64f89c,0.979
1456295881.0,58f2498c,1.039
1456295881.0,8587a0a7,0.969
1456295881.0,e4b56a05,1.119
1456295881.0,a3cd819d,0.989
1456295881.0,f9580460,0.969
1456295881.0,999cd9a5,0.999
1456295881.0,8792c041,0.969
1456295881.0,60ae4328,0.959
1456295881.0,b523f362,0.999
1456295881.0,0535a64d,1.009
1456295881.0,2685fde6,0.979
1456295881.0,1623a484,1.019
1456295881.0,07991b53,0.969
1456295881.0,9e5a10db,0.999
1456295881.0,,1.039
1456295881.0,468267fb,0.999
1456295881.0,faf03f8f,0.999
1456295881.0,1beaf01f,0.999
1456295881.0,56ca8f0b,1.059
1456295881.0,18429d44,0.989
1456295881.0,3eaf47de,1.019
1456295881.0,5fb9dfa5,1.019
1456295881.0,5cdcf9c3,0.989
1456295881.0,d2823b8f,1.009
1456295881.0,716935a5,0.999
1456295881.0,f76fac88,0.989
1456295881.0,13cd1498,1.029
1456295881.0,b619a09c,0.909
1456295881.0,aaa29d7c,0.989
1456295881.0,0d686aad,0.989
1456295881.0,c5820262,0.989
1456295881.0,c2a87587,1.009
1456295881.0,4a513f03,1.009
1456295881.0,5e8d6563,0.959
1456295881.0,,1.009
1456295881.0,85a2d988,0.989
1456295881.0,3219cb04,0.999
1456295881.0,8b04f514,0.989
1456295881.0,1e41b091,0.999
1456295881.0,de567861,0.989
1456295881.0,5629e39c,1.019
1456295881.0,f8cd8b31,0.969
1456295881.0,b518e445,0.979
1456295881.0,af4eebe4,0.969
1456295881.0,eb970b3f,0.959
1456295881.0,19afbee8,0.979
1456295881.0,41c3b887,0.959
1456295881.0,ccc808c9,0.999
1456295881.0,bb289d26,1.009
1456295881.0,9a2da055,0.959
1456295881.0,b4b8fb9d,0.969
1456295881.0,4bc1c239,1.029
1456295881.0,f83e7349,0.929
1456295881.0,3a762d33,0.999
1456295881.0,f9347e34,0.989
1456295881.0,d90a2276,0.999
1456295881.0,83be7215,0.999
1456295881.0,c17e5fca,0.989
1456295881.0,ca089b70,1.004
1456295881.0,b632c5ee,0.979
1456295881.0,59cec01d,0.979
1456295881.0,e068e0ba,0.979
1456295881.0,433a5787,0.979
1456295881.0,820ce6ed,1.019
1456295881.0,09e2fa96,0.969
1456295881.0,c394bd6a,1.009
1456295881.0,95296d05,0.999
1456295881.0,1b2380b6,1.019
1456295881.0,2337f9ca,0.994
1456295881.0,6499e58a,1.009
1456295881.0,dd700b9a,0.989
1456295881.0,04a6f941,1.009
1456295881.0,5b35d3e9,0.989
1456295881.0,5aeee11f,0.989
1456295881.0,2a365ba8,0.989
1456295881.0,59304ef4,0.989
1456295881.0,0fe71322,1.009
1456295881.0,101e2d9b,1.009
1456295881.0,3b609665,0.989
1456295881.0,e82185b8,0.999
1456295881.0,12389609,0.979
1456295881.0,c2d485ca,0.999
1456295881.0,de0d13cd,0.999
1456295881.0,28af0625,0.999
1456295881.0,a9fbf376,1.029
1456295881.0,619e3c7f,0.949
1456295881.0,99e5cb1b,1.029
1456295881.0,3f20997c,0.999
1456295881.0,,1.009
1456295881.0,d950f36c,1.029
1456295881.0,5ed50ecc,0.969
1456295881.0,3ad55f12,1.029
1456295881.0,0bf731c0,0.989
1456295881.0,7e224dd0,0.979
1456295881.0,f29cadc1,0.999
1456295881.0,bc4dffd2,0.989
1456295881.0,7d63776b,0.979
1456295881.0,d525156e,0.949
1456295881.0,f7f8ab67,0.959
1456295881.0,449d3ddf,0.979
1456295881.0,2d490ce5,1.039
1456295881.0,bdf0a3dc,1.009
1456295881.0,f5684ccb,0.999
1456295881.0,f224f5b7,0.999
1456295881.0,5abc5719,0.989
1456295881.0,fbdbeb1c,1.019
1456295881.0,31ae92da,0.969
1456295881.0,506b3cd1,0.999
1456295881.0,,0.999
1456295881.0,40b29863,0.939
1456295881.0,ddeeda43,1.009
1456295881.0,1464ac8a,0.969
1456295881.0,abba0a2d,0.989
1456295881.0,2237382a,0.999
1456295881.0,7a9eef7e,0.969
1456295881.0,a54d4e57,1.009
1456295881.0,50e8deb3,1.019
1456295881.0,9c47cca4,1.039
1456295881.0,9199777f,1.009
1456295881.0,02202a18,0.959
1456295881.0,a40e9c55,0.959
1456295881.0,74864c80,1.009
1456295881.0,409b2b7e,1.029
1456295881.0,00496bce,0.959
1456295881.0,ce5b6ffc,1.009
1456295881.0,b4e0667f,0.999
1456295881.0,36f30de6,0.979
1456295881.0,42917976,1.019
1456295881.0,ae3c2fda,1.029
1456295881.0,6a7beb86,1.009
1456295881.0,c466d5fa,1.069
1456295881.0,33f1b5fe,1.039
1456295881.0,672e6c5e,1.029
1456295881.0,1b21d50b,0.989
1456295881.0,ceda1d43,0.989
1456295881.0,f25ee766,0.969
1456295881.0,7a695f48,0.999
1456295881.0,210d7aa0,1.009
1456295881.0,37b5d60a,0.939
1456295881.0,3ef0b5d2,0.939
1456295881.0,4e694e7a,0.999
1456295881.0,4d5c23ec,1.019
1456295881.0,b54ce38d,0.979
1456295881.0,3f241a2c,1.009
1456295881.0,5c59a043,0.959
1456295881.0,a84b87d8,0.969
1456295881.0,bd396f56,1.009
1456295881.0,ab6f459b,0.979
1456295881.0,901e7c74,1.009
1456295881.0,bb34de9c,0.989
1456295881.0,95564cf1,0.959
1456295881.0,e1eebe52,0.969
1456295881.0,9f99b7ac,0.969
1456295881.0,d0e10ca9,0.969
1456295881.0,88dd7fc5,1.009
1456295881.0,aa50fdab,0.999
1456295881.0,84558d7a,1.069
1456295881.0,6a8c8b44,0.999
1456295881.0,1f1aef8f,0.999
1456295881.0,0ba0dd13,0.989
1456295881.0,c1a5c3a6,0.959
1456295881.0,c061e163,0.949
1456295881.0,ad29f10c,0.999
1456295881.0,,0.959
1456295881.0,0a48df72,0.999
1456295881.0,fb54ae4c,0.969
1456295881.0,8d433ec5,0.949
1456295881.0,2dc3d215,0.999
1456295881.0,849ac669,1.009
1456295881.0,f82bf8c5,0.939
1456295881.0,d6d166bf,0.969
1456295881.0,48a1176e,0.969
1456295881.0,ce7f3f9b,1.019
1456295881.0,0af8f0f1,0.969
1456295881.0,8c5ae0bd,1.019
1456295881.0,cb987f86,1.009
1456295881.0,069e66bc,0.979
1456295881.0,d1832039,0.999
1456295881.0,98996c98,0.939
1456295881.0,c3cd9932,1.009
1456295881.0,abf09942,1.159
1456295881.0,7ead535b,0.939
1456295881.0,7e056bdf,1.009
1456295881.0,5c84d184,1.029
1456295881.0,cd6facd7,0.999
1456295881.0,a6d1a0c5,0.989
1456295881.0,bfe9ba44,1.009
1456295881.0,f0d226b8,0.979
1456295881.0,c6d02f74,0.959
1456295881.0,62bd758c,0.959
1456295881.0,09851a39,0.999
1456295881.0,0a224fb3,0.979
1456295881.0,7f358136,1.159
1456295881.0,03633a4d,0.949
1456295881.0,02b1651b,1.099
1456295881.0,a452f12c,0.969
1456295881.0,952e8670,0.989
1456295881.0,152983d0,0.959
1456295881.0,7c245713,0.979
1456295881.0,eb3bf9c1,0.959
1456295881.0,b02d78c3,0.989
1456295881.0,d1afa721,0.959
1456295881.0,cc232225,0.989
1456295881.0,1cc76c84,1.009
1456295881.0,fc086bfa,0.999
1456295881.0,86e7b77c,1.039
1456295881.0,844861f9,0.959
1456295881.0,0570dbe0,0.949
1456295881.0,7818ad58,0.989
1456295881.0,48d0e555,1.009
1456295881.0,c846f887,1.019
1456295881.0,3ba3cf9a,0.989
1456295881.0,fab43cd7,1.019
1456295881.0,23afb420,0.989
1456295881.0,9cc2158c,1.009
1456295881.0,5f9ac3b1,0.979
1456295881.0,effeb23b,0.959
1456295881.0,5fd30b48,1.039
1456295881.0,f9294b46,1.009
1456295881.0,6f8c077f,0.999
1456295881.0,,0.999
1456295881.0,21b965d9,1.019
1456295881.0,d3508125,0.999
1456295881.0,6f55f694,1.019
1456295881.0,f9f836d8,1.009
1456295881.0,59b332e8,0.989
1456295881.0,113fcda7,0.999
1456295881.0,3af8e691,1.009
1456295881.0,702a8264,0.989
1456295881.0,d00be129,0.999
1456295881.0,4d5f25c7,0.989
1456295881.0,6e44cd2d,1.009
1456295881.0,5574cdd5,0.969
1456295881.0,4e43cf44,0.989
1456295881.0,8236d188,1.029
1456295881.0,fd4af1b0,1.029
1456295881.0,f8abf94c,0.949
1456295881.0,7867dbe8,1.059
1456295881.0,565eeda5,1.109
1456295881.0,ad827347,0.999
1456295881.0,68781b4b,1.019
1456295881.0,7dc477e0,0.939
1456295881.0,8962a152,0.999
1456295881.0,c7eb5131,0.949
1456295881.0,f94e75cd,1.019
1456295881.0,c6685825,1.019
1456295881.0,773b1599,0.989
1456295881.0,0b8d29ea,1.009
1456295881.0,b5ff1b6a,1.019
1456295881.0,89c3b080,0.959
1456295881.0,c14c369f,0.989
1456296121.0,7e9db9ce,1.029
1456296121.0,09975f4d,0.989
1456296121.0,f58434d3,0.999
1456296121.0,17b8eb16,0.999
1456296121.0,0593bd1c,0.969
1456296121.0,800f2ca2,0.999
1456296121.0,88693ceb,0.959
1456296121.0,cd0a3f67,0.969
1456296121.0,f000c864,0.999
1456296121.0,,0.969
1456296121.0,deeb75c9,0.989
1456296121.0,6bfedfb9,1.089
1456296121.0,2ddaec8d,0.939
1456296121.0,671d6e1d,0.979
1456296121.0,0feab2d6,0.989
1456296121.0,e32371df,1.019
1456296121.0,9204320b,1.009
1456296121.0,0a1259e1,0.999
1456296121.0,ff574b02,0.999
1456296121.0,b3a02a90,0.999
1456296121.0,039cdb4d,1.029
1456296121.0,d89ba291,0.939
1456296121.0,332c6cef,1.099
1456296121.0,f9191716,1.029
1456296121.0,c63ba8fa,0.999
1456296121.0,6dea9ace,1.009
1456296121.0,0ff209cc,0.949
1456296121.0,e790ca88,0.939
1456296121.0,493bde6c,1.009
1456296121.0,c22a155b,1.009
1456296121.0,47472e4f,1.039
1456296121.0,967f436d,1.029
1456296121.0,c2cfa7d5,0.999
1456296121.0,902ccc5b,0.959
1456296121.0,7cd126ee,0.999
1456296121.0,631ddb8a,0.939
1456296121.0,1543d7ff,0.959
1456296121.0,d69a14de,0.989
1456296121.0,3b11c17c,1.019
1456296121.0,8720b933,0.999
1456296121.0,5dc70b90,1.009
1456296121.0,e37ae88a,0.959
1456296121.0,8e50b796,1.019
1456296121.0,68efde5b,1.009
1456296121.0,5f0b3d94,0.999
1456296121.0,b769a655,0.959
1456296121.0,dacaa91d,1.009
1456296121.0,a77ad37d,0.999
1456296121.0,2b39ff64,0.999
1456296121.0,4f1ec633,1.009
1456296121.0,,0.969
1456296121.0,8f6a43ef,0.959
1456296121.0,763190d4,0.999
1456296121.0,fcdeda3e,0.989
1456296121.0,b82cdd94,1.049
1456296121.0,629268ea,1.009
1456296121.0,59446250,0.999
1456296121.0,2d55bf5c,0.989
1456296121.0,76308147,0.999
1456296121.0,b00dd683,1.019
1456296121.0,53c6c605,0.999
1456296121.0,3cbc3531,0.999
1456296121.0,0567b4b5,1.019
1456296121.0,814d74ac,0.969
1456296121.0,bff84a14,1.099
1456296121.0,4b6d11ce,1.019
1456296121.0,00a2a041,0.999
1456296121.0,b655f194,1.009
1456296121.0,7cf49500,0.999
1456296121.0,8801e116,1.029
1456296121.0,b7b730d9,1.019
1456296121.0,57bad7ea,0.959
1456296121.0,b40d9546,1.009
1456296121.0,acc17656,0.989
1456296121.0,27792a3d,0.989
1456296121.0,c0aa824a,1.019
1456296121.0,189a4381,1.009
1456296121.0,ce942bef,0.989
1456296121.0,9cc23390,1.129
1456296121.0,f64d1649,0.949
1456296121.0,48198db0,1.014
1456296121.0,93e7b34a,1.019
1456296121.0,1bbcc3e6,0.999
1456296121.0,c662c11f,0.959
1456296121.0,4b2eb0cf,0.979
1456296121.0,75bb0d76,1.019
1456296121.0,191737f5,0.989
1456296121.0,97311a78,1.009
1456296121.0,4cd75c68,0.959
1456296121.0,f83dda73,1.019
1456296121.0,2b0edf3c,0.999
1456296121.0,,1.019
1456296121.0,81be7dbb,1.009
1456296121.0,b07918a9,0.989
1456296121.0,d8497cfd,1.039
1456296121.0,1c27f412,1.019
1456296121.0,ca13e033,0.939
1456296121.0,fda0147a,0.989
1456296121.0,f94d8069,0.999
1456296121.0,bbc2b8d4,0.979
1456296121.0,5fe1d57e,1.009
1456296121.0,1d039583,0.979
1456296121.0,3b561556,0.999
1456296121.0,bbc01d1b,0.939
1456296121.0,8cf36275,1.009
1456296121.0,0720a96f,1.019
1456296121.0,94d5e6b7,1.009
1456296121.0,00de5a7b,1.129
1456296121.0,4ac089ef,0.999
1456296121.0,026ce3d1,0.999
1456296121.0,d0498c7a,0.959
1456296121.0,96f06602,1.009
1456296121.0,6be455b0,1.089
1456296121.0,259f0ed8,0.969
1456296121.0,8ab710a0,0.989
1456296121.0,08d22af2,1.009
1456296121.0,6e416e85,0.999
1456296121.0,a1904e6e,1.019
1456296121.0,67fb9f82,1.009
1456296121.0,45374890,0.999
1456296121.0,72f7edea,0.999
1456296121.0,532a5017,0.999
1456296121.0,3273810e,1.009
1456296121.0,6d2e115e,0.979
1456296121.0,5d026f62,0.979
1456296121.0,91f136df,0.959
1456296121.0,a3599c26,0.969
1456296121.0,38f800d8,0.989
1456296121.0,a8329ca7,1.009
1456296121.0,ee24a3c9,1.009
1456296121.0,83c3c3bf,1.039
1456296121.0,7cad2e85,0.959
1456296121.0,7dfbe965,1.009
1456296121.0,f8b49237,0.999
1456296121.0,fae20634,0.949
1456296121.0,75341878,1.019
1456296121.0,c2400430,0.999
1456296121.0,b083b74e,0.989
1456296121.0,ae03a260,1.019
1456296121.0,e371c619,1.019
1456296121.0,4c1f6a89,0.999
1456296121.0,c743acd1,0.989
1456296121.0,bba52d69,0.999
1456296121.0,f23e99d0,1.129
1456296121.0,e55033ae,0.999
1456296121.0,6a276ef2,0.999
1456296121.0,44984473,0.949
1456296121.0,671cf752,0.964
1456296121.0,e60f2fb7,1.019
1456296121.0,dd78438d,0.999
1456296121.0,878510cb,0.969
1456296121.0,2b8a1d9c,0.999
1456296121.0,059d55c9,0.999
1456296121.0,6eaed040,0.979
1456296121.0,13bb32b4,0.969
1456296121.0,053eb345,1.009
1456296121.0,f71bbe39,0.969
1456296121.0,fee45b54,0.999
1456296121.0,d6485ff3,0.939
1456296121.0,42996534,0.979
1456296121.0,ba5d6501,1.019
1456296121.0,62bff896,0.989
1456296121.0,e751ae48,0.979
1456296121.0,93d95943,0.959
1456296121.0,d0e41b74,1.019
1456296121.0,4fea3631,0.989
1456296121.0,08f23eff,1.009
1456296121.0,32065a23,0.979
1456296121.0,7ec3390e,0.959
1456296121.0,316fd7de,0.929
1456296121.0,6cf5b38f,1.009
1456296121.0,2df3151b,0.999
1456296121.0,42ad21c1,0.979
1456296121.0,ef5fb7f7,0.979
1456296121.0,4e1da1a2,0.959
1456296121.0,5e6b1f04,0.959
1456296121.0,1670b93b,0.989
1456296121.0,57caca32,0.999
1456296121.0,8f9c3c61,0.969
1456296121.0,690fedaf,0.958
1456296121.0,3e5ecb79,0.999
1456296121.0,4de24a20,0.999
1456296121.0,6fb61b09,1.009
1456296121.0,e38f46f2,1.069
1456296121.0,7e7b7769,0.989
1456296121.0,63505806,0.979
1456296121.0,8b0230d5,0.989
1456296121.0,b619a09c,0.909
1456296121.0,55b1a563,0.979
1456296121.0,a57d0d0e,1.019
1456296121.0,e181d5d0,0.999
1456296121.0,ba77d89e,0.979
1456296121.0,7907f8f0,0.969
1456296121.0,630198f5,0.969
1456296121.0,60ad081f,1.019
1456296121.0,f8cd8b31,0.959
1456296121.0,0243f1d9,0.999
1456296121.0,b212ad4b,1.009
1456296121.0,6ea74d6f,0.989
1456296121.0,6f6329ff,0.999
1456296121.0,28c16e42,1.019
1456296121.0,abb38991,1.129
1456296121.0,602ec85f,0.989
1456296121.0,4248b1c7,0.989
1456296121.0,0d469ea7,1.079
1456296121.0,e30bdaa0,1.109
1456296121.0,8c6a9ff5,1.019
1456296121.0,9babce8b,0.989
1456296121.0,1aa7daeb,1.029
1456296121.0,1249f58e,0.999
1456296121.0,96735449,1.029
1456296121.0,daae231d,0.999
1456296121.0,0746aa69,0.964
1456296121.0,59d4a720,0.989
1456296121.0,4ab13155,1.129
1456296121.0,8de1f3e4,0.999
1456296121.0,0df6de58,0.939
1456296121.0,1cd14b72,0.969
1456296121.0,b806e359,0.939
1456296121.0,c88259dc,1.009
1456296121.0,cf213ad2,1.019
1456296121.0,dd80a4bd,0.999
1456296121.0,d64dcb15,1.009
1456296121.0,6c10bb5f,0.959
1456296121.0,b4078397,0.969
1456296121.0,c126260f,0.969
1456296121.0,ae6758fc,0.974
1456296121.0,7f03066f,0.999
1456296121.0,d4a3f247,0.989
1456296121.0,1708f0d6,0.959
1456296121.0,aca882da,0.948
1456296121.0,792fb82d,1.029
1456296121.0,1947b494,0.979
1456296121.0,03261265,1.009
1456296121.0,06585eed,0.989
1456296121.0,e186001f,0.939
1456296121.0,764a9f1e,0.969
1456296121.0,753408e4,0.999
1456296121.0,2e3a283a,0.959
1456296121.0,f09eccb2,0.969
1456296121.0,4f43fd77,0.939
1456296121.0,84c3c7a8,0.989
1456296121.0,21362c5e,0.979
1456296121.0,1555e8c5,0.989
1456296121.0,c611aa66,1.009
1456296121.0,1872a79b,0.999
1456296121.0,c21f352d,0.979
1456296121.0,874bffae,1.009
1456296121.0,8365b918,1.029
1456296121.0,6514f251,0.959
1456296121.0,b913c112,1.029
1456296121.0,99c5c095,1.129
1456296121.0,a622d33e,0.979
1456296121.0,2d973990,1.009
1456296121.0,6e2e5e05,1.009
1456296121.0,82319435,1.009
1456296121.0,2d3f410b,0.979
1456296121.0,8c24cc40,1.009
1456296121.0,f51c98aa,1.039
1456296121.0,dea57116,0.989
1456296121.0,b0cbad3f,0.999
1456296121.0,16ff16ba,0.959
1456296121.0,900b80b7,0.999
1456296121.0,210e805d,1.009
1456296121.0,35155576,0.979
1456296121.0,b3c64afe,0.949
1456296121.0,c07854c5,0.949
1456296121.0,9e7d95ec,1.009
1456296121.0,7e6785e2,1.029
1456296121.0,,0.999
1456296121.0,efda2508,0.969
1456296121.0,44e433ed,0.989
1456296121.0,da20711a,1.009
1456296121.0,7e101351,0.989
1456296121.0,54ad26b8,0.999
1456296121.0,16a73c7d,0.999
1456296121.0,448b8b44,0.989
1456296121.0,1f790c2c,1.059
1456296121.0,1fdc64f7,0.969
1456296121.0,9c7eab32,1.029
1456296121.0,180b057d,0.969
1456296121.0,0baaf637,0.999
1456296121.0,6ffefa8b,0.939
1456296121.0,968f2fb0,1.009
1456296121.0,ffe8f0be,0.989
1456296121.0,f4105cbc,0.969
1456296121.0,aa0cc0ae,1.009
1456296121.0,65b91ff4,1.009
1456296121.0,60625072,1.009
1456296121.0,14a4c386,0.989
1456296121.0,9a0a078c,0.978
1456296121.0,5b7c410e,0.959
1456296121.0,99d8c1e8,1.129
1456296121.0,e4d20aca,1.019
1456296121.0,5953f6dc,0.989
1456296121.0,aa10726f,0.989
1456296121.0,f4a20e89,1.129
1456296121.0,82d7fda1,0.999
1456296121.0,d4133fe8,1.129
1456296121.0,e2716599,1.029
1456296121.0,ca27eadd,1.129
1456296121.0,f2924e85,0.969
1456296121.0,c3bfe078,1.009
1456296121.0,aeef5cf2,0.999
1456296121.0,a6a9676b,1.029
1456296121.0,95568ef1,0.979
1456296121.0,57b36972,1.089
1456296121.0,066bec3d,1.049
1456296121.0,3a9a5bc8,0.949
1456296121.0,c22d075f,1.009
1456296121.0,ff20eed6,0.999
1456296121.0,166fc900,0.979
1456296121.0,e49e0407,1.029
1456296121.0,8c5ae0bd,1.019
1456296121.0,b869515f,1.019
1456296121.0,0a297a27,1.019
1456296121.0,ed0f06c1,0.989
1456296121.0,09d5caa7,0.989
1456296121.0,d3722258,1.129
1456296121.0,04b38cb5,0.949
1456296121.0,b8fe1af4,0.939
1456296121.0,dc76a6bb,1.009
1456296121.0,12c23508,0.949
1456296121.0,6c1e7a7a,1.019
1456296121.0,90b15783,0.999
1456296121.0,00ae5b70,0.999
1456296121.0,57d1fddc,0.979
1456296121.0,293e1b9a,0.969
1456296121.0,5a271ac1,0.949
1456296121.0,ed90985b,1.129
1456296121.0,e4d02e08,0.959
1456296121.0,97ca12f9,1.039
1456296121.0,2ce60956,1.189
1456296121.0,0bb28765,0.999
1456296121.0,75d9d944,1.059
1456296121.0,66fb2a79,1.079
1456296121.0,f184201b,0.969
1456296121.0,b8fee3a4,1.009
1456296121.0,768d2bfe,1.009
1456296121.0,7586849a,1.009
1456296121.0,435e7b69,0.979
1456296121.0,29eed38e,0.969
1456296121.0,69877eac,0.999
1456296121.0,e551966a,0.989
1456296121.0,,0.979
1456296121.0,7b89feff,0.999
1456296121.0,80f5f11b,1.129
1456296121.0,1403b858,1.029
1456296121.0,87d69f36,0.959
1456296121.0,f3a1181b,0.999
1456296121.0,0ba3a7d1,1.129
1456296121.0,99d09a30,0.999
1456296121.0,9544a82b,1.039
1456296121.0,81b7d9e6,0.979
1456296121.0,ee131d1e,0.989
1456296121.0,43030d9f,0.989
1456296121.0,9f18dbdb,0.989
1456296121.0,652a7261,0.989
1456296121.0,87a23e83,1.009
1456296121.0,9d229bd2,0.969
1456296121.0,2583beeb,1.129
1456296121.0,c77607db,0.989
1456296121.0,3d600548,0.999
1456296121.0,543a4871,1.029
1456296121.0,ceb1fd3e,0.959
1456296121.0,842da93a,0.989
1456296121.0,ebe29594,0.959
1456296121.0,799875f1,1.029
1456296121.0,ed1587ed,0.999
1456296121.0,5d2ae7b8,0.979
1456296121.0,2ae6578d,0.999
1456296121.0,79a38de4,1.129
1456296121.0,2fab73d2,0.949
1456296121.0,9c4c0229,0.949
1456296121.0,749d3c9d,1.129
1456296121.0,2052e025,0.979
1456296361.0,d3bb35f7,0.989
1456296361.0,bf66734b,0.999
1456296361.0,2623501c,0.989
1456296361.0,bd100d45,0.979
1456296361.0,408e52ea,0.979
1456296361.0,fb0b1dcf,0.989
1456296361.0,4818c908,0.979
1456296361.0,e1b4b7f3,0.989
1456296361.0,e72628ad,0.989
1456296361.0,bc09577c,0.969
1456296361.0,c0f22ef5,0.979
1456296361.0,79da1dfc,0.989
1456296361.0,2fbced23,0.989
1456296361.0,68a4c69f,0.989
1456296361.0,6bfedfb9,1.019
1456296361.0,b524582e,0.989
1456296361.0,c3a73e2d,0.979
1456296361.0,7828885e,0.929
1456296361.0,09bc3f2e,1.009
1456296361.0,a23b6ab7,0.979
1456296361.0,48c665d2,0.989
1456296361.0,0375f449,0.979
1456296361.0,52f801fe,1.019
1456296361.0,ddaef23c,0.999
1456296361.0,b3a02a90,0.979
1456296361.0,0521e7ef,0.979
1456296361.0,df7fa5fe,0.989
1456296361.0,f5c448cd,1.009
1456296361.0,c8e917b4,0.969
1456296361.0,2dc33c12,0.989
1456296361.0,228b1c39,0.999
1456296361.0,5087513f,1.099
1456296361.0,9b5b616a,0.999
1456296361.0,7da8091a,1.019
1456296361.0,e1307a34,1.019
1456296361.0,cbeda884,1.009
1456296361.0,eaadc508,1.009
1456296361.0,91e0ee78,0.989
1456296361.0,f624f5ff,0.979
1456296361.0,f1a7c19d,1.019
1456296361.0,2c0b3549,0.999
1456296361.0,6d934eee,1.009
1456296361.0,daf5b359,0.969
1456296361.0,a9d61346,0.979
1456296361.0,e5b5fd93,0.999
1456296361.0,7a1b2121,0.969
1456296361.0,,0.989
1456296361.0,bbbbf60e,0.989
1456296361.0,a08b0e98,0.969
1456296361.0,453bb6b1,1.019
1456296361.0,b8bbf107,0.979
1456296361.0,6437efd0,0.969
1456296361.0,64edaf71,0.999
1456296361.0,0d847386,1.009
1456296361.0,851f334c,1.009
1456296361.0,e9ddb2b9,1.039
1456296361.0,c065b81d,0.984
1456296361.0,82f09d4f,0.989
1456296361.0,70900101,1.039
1456296361.0,19eb476f,0.989
1456296361.0,ad7fb7be,0.979
1456296361.0,00bb9689,1.009
1456296361.0,c6771c57,0.979
1456296361.0,6b1c47cf,1.009
1456296361.0,bd7cef0f,1.019
1456296361.0,253839e1,0.999
1456296361.0,35e9dc97,1.019
1456296361.0,82fb994b,1.009
1456296361.0,e16e5312,0.999
1456296361.0,1a88c0a3,0.978
1456296361.0,e6c64a05,0.979
1456296361.0,91b59473,0.979
1456296361.0,6aba45bf,0.989
1456296361.0,9789b717,0.979
1456296361.0,2736cca4,0.999
1456296361.0,2947866d,0.999
1456296361.0,c290b93a,0.969
1456296361.0,8aaabcb9,0.969
1456296361.0,06f39bb4,1.029
1456296361.0,7ab8a6b9,1.009
1456296361.0,f3f464e1,0.959
1456296361.0,bcc54274,0.999
1456296361.0,b7dc9356,0.989
1456296361.0,95a3de9e,0.999
1456296361.0,c5aaafc3,0.989
1456296361.0,bd1e659d,0.989
1456296361.0,ec8e7daa,0.959
1456296361.0,60531009,0.989
1456296361.0,410d90fe,1.019
1456296361.0,784d4e2a,0.979
1456296361.0,2c52792d,0.989
1456296361.0,6be455b0,1.019
1456296361.0,559cb7a2,0.999
1456296361.0,d7932eeb,0.969
1456296361.0,4d77b026,1.009
1456296361.0,b258c197,1.059
1456296361.0,c1d6b449,0.979
1456296361.0,cb5cc628,0.959
1456296361.0,68d28369,0.959
1456296361.0,fad136e0,0.999
1456296361.0,fd334dae,0.979
1456296361.0,e8a8876f,1.009
1456296361.0,08d22af2,0.969
1456296361.0,ce366998,0.999
1456296361.0,5e86ff24,0.939
1456296361.0,22ea287c,1.009
1456296361.0,cff9e937,0.999
1456296361.0,7001785d,0.959
1456296361.0,b1cca41e,0.969
1456296361.0,dafee924,0.949
1456296361.0,d165a6a0,0.949
1456296361.0,be84ceff,0.999
1456296361.0,305d8693,0.979
1456296361.0,5dea9761,0.969
1456296361.0,c03c60b1,0.999
1456296361.0,0bec4dba,0.939
1456296361.0,8b77e169,0.959
1456296361.0,7dfbe965,1.009
1456296361.0,b1b62cb5,0.999
1456296361.0,4ee36e5e,0.989
1456296361.0,631aa32c,0.959
1456296361.0,b6510a87,0.999
1456296361.0,41d32756,1.019
1456296361.0,9dafb631,0.979
1456296361.0,c648217d,0.969
1456296361.0,0bb6e251,0.999
1456296361.0,4c1f6a89,0.999
1456296361.0,a6b2a7c9,1.009
1456296361.0,dac2d51e,0.999
1456296361.0,d9077691,0.999
1456296361.0,2214026d,1.009
1456296361.0,1098a163,0.999
1456296361.0,0b15fb2a,0.979
1456296361.0,f529efe8,0.989
1456296361.0,f8d0cb27,0.999
1456296361.0,e7a0ae36,1.039
1456296361.0,dd78438d,0.979
1456296361.0,d8714e76,0.989
1456296361.0,1ce7b691,0.979
1456296361.0,4d2618e5,0.959
1456296361.0,a1eb62eb,0.999
1456296361.0,8668e2e4,0.959
1456296361.0,54255515,1.009
1456296361.0,c9e76d96,0.949
1456296361.0,af07b81f,0.969
1456296361.0,5ae3e1ca,0.959
1456296361.0,37c87f5e,0.999
1456296361.0,169bf1c7,0.949
1456296361.0,e4b56a05,1.119
1456296361.0,8792c041,0.979
1456296361.0,4d90c00c,0.989
1456296361.0,e8789a9a,0.999
1456296361.0,415e9636,0.989
1456296361.0,b4c8d60e,0.969
1456296361.0,f0ec9164,0.979
1456296361.0,a9e224de,0.979
1456296361.0,691ce904,0.959
1456296361.0,c569cea2,0.969
1456296361.0,097d0950,0.969
1456296361.0,e31720af,0.979
1456296361.0,3c29e148,1.004
1456296361.0,0a5b2682,1.059
1456296361.0,07f603f1,0.979
1456296361.0,c4b99997,1.009
1456296361.0,dee5637c,1.009
1456296361.0,5e8d6563,0.949
1456296361.0,023c4d8c,0.959
1456296361.0,4d15a2cc,0.959
1456296361.0,c8dd66ee,0.959
1456296361.0,ccb88791,0.999
1456296361.0,80ec45da,0.959
1456296361.0,4d0a22fb,0.999
1456296361.0,d9a504fe,0.989
1456296361.0,743ae788,1.129
1456296361.0,200f98db,0.979
1456296361.0,6bc9c96a,0.899
1456296361.0,7e45a16f,0.989
1456296361.0,3b92c6ae,0.979
1456296361.0,de5f4ef7,0.999
1456296361.0,74d77c58,1.004
1456296361.0,195401ef,1.029
1456296361.0,ab4da979,1.009
1456296361.0,6282bbac,1.019
1456296361.0,5fd232c2,0.979
1456296361.0,00c551a1,0.989
1456296361.0,9d74578a,0.989
1456296361.0,bbc20221,0.969
1456296361.0,087f9ad5,0.959
1456296361.0,a64e2d63,0.999
1456296361.0,279cc342,0.939
1456296361.0,67a88200,0.999
1456296361.0,052c8059,0.939
1456296361.0,ea476e14,0.959
1456296361.0,1144e996,1.029
1456296361.0,75ed1160,1.009
1456296361.0,7d4e7386,0.969
1456296361.0,b342eb0d,0.959
1456296361.0,c3efdbea,0.999
1456296361.0,7fdd64dc,0.939
1456296361.0,8ef380b6,1.009
1456296361.0,bd907a4a,0.949
1456296361.0,c0dc4535,0.989
1456296361.0,fdc55c51,1.009
1456296361.0,d4a3f247,0.989
1456296361.0,f6eddbb3,0.989
1456296361.0,201b87a9,0.999
1456296361.0,dff7e38b,0.969
1456296361.0,87bbe419,0.999
1456296361.0,8785401b,0.999
1456296361.0,53d2ed19,1.009
1456296361.0,1ab8e201,0.979
1456296361.0,a5ca6f71,0.989
1456296361.0,98c2fb0e,1.009
1456296361.0,fb1b5fff,0.959
1456296361.0,057738a5,1.009
1456296361.0,2e2669a6,1.019
1456296361.0,c1f4955f,1.039
1456296361.0,48ae79a5,0.989
1456296361.0,336c678f,0.989
1456296361.0,7d32e843,0.989
1456296361.0,2601854e,0.989
1456296361.0,6fec83f8,0.979
1456296361.0,9f766263,0.949
1456296361.0,8b705703,0.989
1456296361.0,2fec3510,0.979
1456296361.0,a9ac5f0c,0.988
1456296361.0,2275e3bb,0.999
1456296361.0,dac4fe2a,0.939
1456296361.0,18c16fc4,0.999
1456296361.0,6bd14af8,1.009
1456296361.0,0b45563b,1.009
1456296361.0,0e995a71,0.959
1456296361.0,5ec4b70c,0.969
1456296361.0,01a2d8cf,1.009
1456296361.0,26056533,0.989
1456296361.0,4db7ed00,0.979
1456296361.0,779d347d,0.989
1456296361.0,5a8f6bb5,0.999
1456296361.0,04288b0a,1.169
1456296361.0,48ef33bf,0.959
1456296361.0,1cc005a8,0.979
1456296361.0,d1b1547c,1.009
1456296361.0,c466d5fa,1.059
1456296361.0,2ccc4437,1.129
1456296361.0,c98acfc1,0.989
1456296361.0,968f2fb0,0.999
1456296361.0,935b74b4,1.009
1456296361.0,a870af34,1.029
1456296361.0,84944aec,0.979
1456296361.0,0a4d335f,0.989
1456296361.0,0d6425bc,1.019
1456296361.0,b49d51d2,0.999
1456296361.0,8c5eeeac,1.009
1456296361.0,31de5758,1.009
1456296361.0,10ae4031,1.029
1456296361.0,317cd4e0,0.959
1456296361.0,219c5d83,1.009
1456296361.0,c897fba4,0.979
1456296361.0,2faaffd9,0.999
1456296361.0,a5b43fe1,0.999
1456296361.0,f573d9de,1.019
1456296361.0,e91ec3d6,0.999
1456296361.0,d0e10ca9,0.959
1456296361.0,8f6ac169,0.989
1456296361.0,0296c555,0.979
1456296361.0,1fa84ca6,1.019
1456296361.0,539e7513,0.939
1456296361.0,092457e4,1.139
1456296361.0,75856052,0.989
1456296361.0,b4a05b7f,0.999
1456296361.0,7a475c04,1.029
1456296361.0,7efa821a,0.979
1456296361.0,c7f22027,1.009
1456296361.0,cd9d922f,0.989
1456296361.0,b620c103,0.999
1456296361.0,44daa76b,0.999
1456296361.0,d0e02780,0.999
1456296361.0,f18057cd,0.958
1456296361.0,768def48,0.979
1456296361.0,7501bd18,0.949
1456296361.0,0880a239,0.979
1456296361.0,0bcef4ad,0.959
1456296361.0,5cbce85b,1.009
1456296361.0,bd3ee18d,0.999
1456296361.0,a9ec9678,0.969
1456296361.0,81c26764,0.969
1456296361.0,a949a310,1.009
1456296361.0,6a9cf044,0.989
1456296361.0,925baf40,0.989
1456296361.0,724b8382,0.989
1456296361.0,9f5a9e69,0.929
1456296361.0,3cc9b59f,0.989
1456296361.0,210e50b8,0.999
1456296361.0,23cab4a8,0.959
1456296361.0,2b987960,0.979
1456296361.0,cca094f8,0.969
1456296361.0,1fe05a5f,1.009
1456296361.0,9a2903a3,0.989
1456296361.0,4cdbbbb9,0.979
1456296361.0,6ed1ade4,0.979
1456296361.0,856ff254,0.979
1456296361.0,a82fcd07,1.009
1456296361.0,13f4ef46,0.929
1456296361.0,f91b7082,0.969
1456296361.0,8f41fe32,0.999
1456296361.0,740982ff,0.989
1456296361.0,9f42fd97,0.979
1456296361.0,ce8b60a3,0.979
1456296361.0,d9461dd7,1.009
1456296361.0,019e00fb,0.949
1456296361.0,164f2a7e,0.949
1456296361.0,757cb5e7,0.979
1456296361.0,0367164b,0.949
1456296361.0,a3f3755e,0.939
1456296361.0,38f5a01f,0.989
1456296361.0,733cb25c,0.989
1456296361.0,1700f01a,0.969
1456296361.0,1cedaf70,0.989
1456296361.0,8c7add3d,0.959
1456296361.0,5718b51b,0.989
1456296361.0,7b5a8540,0.999
1456296361.0,7b8e3478,0.989
1456296361.0,36d7c026,0.939
1456296361.0,6f65a418,1.099
1456296361.0,3965f1ec,1.009
1456296361.0,407ea472,0.989
1456296361.0,c97f1f02,0.949
1456296361.0,40fe1f50,1.009
1456296361.0,a5fbf851,0.969
1456296361.0,2510a802,1.129
1456296361.0,15fe382d,0.989
1456296361.0,6f93e9a4,1.009
1456296361.0,9d229bd2,0.989
1456296361.0,58cdd6dc,0.989
1456296361.0,2b9cc40e,0.979
1456296361.0,98b24e11,1.009
1456296361.0,30466612,1.039
1456296361.0,28a5d3b4,0.979
1456296361.0,1fd6a30e,0.939
1456296361.0,2a953aa3,0.999
1456296361.0,1365e671,0.999
1456296361.0,4f2ced03,1.009
1456296361.0,16b7ada0,0.994
1456296361.0,5e128548,0.989
1456296361.0,dbdba84f,0.899
1456296361.0,60b56507,1.019
1456296361.0,,0.999
1456296601.0,fa0f2011,0.949
1456296601.0,20351c65,0.969
1456296601.0,d9a3e681,0.969
1456296601.0,7cef606f,0.989
1456296601.0,9fa1f160,0.939
1456296601.0,3d36e33a,0.979
1456296601.0,0d102e85,0.959
1456296601.0,e5abf377,0.989
1456296601.0,35cce7bf,0.989
1456296601.0,badf7961,0.969
1456296601.0,2073a897,0.939
1456296601.0,08903b8c,0.979
1456296601.0,1e3d64de,0.969
1456296601.0,3272290a,0.999
1456296601.0,d98cee9c,0.979
1456296601.0,843c0434,0.989
1456296601.0,7468efc0,0.929
1456296601.0,1686f694,0.979
1456296601.0,00e94972,0.949
1456296601.0,210f8a85,0.989
1456296601.0,f3aefdfa,0.969
1456296601.0,953452fa,1.009
1456296601.0,42b1b318,0.999
1456296601.0,761fd77f,0.979
1456296601.0,3f147b18,0.929
1456296601.0,ed94db5a,1.029
1456296601.0,4a262cc4,0.999
1456296601.0,464f5c00,0.989
1456296601.0,74b270e2,0.999
1456296601.0,1d2b410a,0.999
1456296601.0,0b19d5fe,0.989
1456296601.0,dd239a42,0.999
1456296601.0,4015542f,1.009
1456296601.0,f754cf3e,1.019
1456296601.0,06c32dfe,1.019
1456296601.0,a9083629,0.939
1456296601.0,ed770a27,1.009
1456296601.0,8bb0059b,0.969
1456296601.0,edcf5ae9,1.019
1456296601.0,e33ec07a,0.969
1456296601.0,190a2749,0.989
1456296601.0,83bbc321,1.009
1456296601.0,5798eb33,0.999
1456296601.0,297818d7,0.999
1456296601.0,e57509bb,1.009
1456296601.0,25cdefd0,0.989
1456296601.0,44e9da67,0.949
1456296601.0,f81448e3,1.1
1456296601.0,9c49f636,0.989
1456296601.0,c595c849,1.009
1456296601.0,6a0de89a,0.989
1456296601.0,a9ae74bd,0.969
1456296601.0,8371a1aa,0.989
1456296601.0,d00ee189,0.969
1456296601.0,,0.929
1456296601.0,86cc51ec,1.009
1456296601.0,3fcb4cf6,0.999
1456296601.0,81e03bde,1.029
1456296601.0,a770daf6,0.989
1456296601.0,c349e5a2,1.049
1456296601.0,7840ee28,1.029
1456296601.0,faddd104,0.969
1456296601.0,fa12ad0f,0.969
1456296601.0,319fa503,1.009
1456296601.0,9917cb8f,0.999
1456296601.0,b3141223,1.009
1456296601.0,b787856a,0.999
1456296601.0,3d6465d9,0.969
1456296601.0,c392588c,0.959
1456296601.0,a300968d,1.009
1456296601.0,9795d6a5,0.989
1456296601.0,aae7e937,1.019
1456296601.0,e2536e14,0.979
1456296601.0,06594e01,1.009
1456296601.0,136fdac8,0.959
1456296601.0,24696b6f,0.929
1456296601.0,75db1286,0.999
1456296601.0,4397d974,1.009
1456296601.0,ef0ae2f2,0.989
1456296601.0,ac1176c4,0.989
1456296601.0,6a19a25a,0.989
1456296601.0,0c091e76,0.979
1456296601.0,629268ea,1.009
1456296601.0,30ffa8c9,0.999
1456296601.0,108a3669,1.049
1456296601.0,708936ad,0.969
1456296601.0,69a8b3d2,0.969
1456296601.0,45752743,1.019
1456296601.0,010c74dd,0.999
1456296601.0,8f3896e1,0.989
1456296601.0,9592640d,0.989
1456296601.0,e251ae8a,1.019
1456296601.0,ee69ffcc,0.989
1456296601.0,431a576a,0.949
1456296601.0,610a0f34,0.989
1456296601.0,8eafa47a,0.969
1456296601.0,19eb476f,0.989
1456296601.0,e448c44d,0.969
1456296601.0,02b40ec3,0.949
1456296601.0,7cd5a3ab,0.979
1456296601.0,ace7c36e,0.999
1456296601.0,75e4d61f,1.009
1456296601.0,0aa181fc,1.029
1456296601.0,f9a3f449,0.989
1456296601.0,98f1e355,0.989
1456296601.0,9d888387,0.989
1456296601.0,58bc480d,1.014
1456296601.0,ac1ca792,1.039
1456296601.0,6dd14a95,0.959
1456296601.0,085661ca,1.009
1456296601.0,ac8396c4,0.949
1456296601.0,41f0bb18,1.019
1456296601.0,f1894033,0.959
1456296601.0,dc57dd3e,1.179
1456296601.0,3580f1ac,1.029
1456296601.0,e6d32ea4,0.999
1456296601.0,a0f9d44d,1.059
1456296601.0,0b069a72,1.009
1456296601.0,51885ea3,0.969
1456296601.0,02d3e7aa,0.969
1456296601.0,cdf636ca,0.959
1456296601.0,a3e98f9b,0.979
1456296601.0,2f7eea5b,1.009
1456296601.0,4a2f0946,0.989
1456296601.0,193a59df,1.009
1456296601.0,a82ec43f,0.999
1456296601.0,d8c88922,0.999
1456296601.0,e3f71be8,1.009
1456296601.0,4c9a5839,1.009
1456296601.0,a4b3856b,0.969
1456296601.0,05c01795,1.019
1456296601.0,7904e674,0.988
1456296601.0,894d4a6d,0.959
1456296601.0,9ae1a88f,0.999
1456296601.0,bc7c0216,0.999
1456296601.0,128c4a0e,0.949
1456296601.0,f52cd826,0.969
1456296601.0,1efc20ca,0.999
1456296601.0,058b068a,1.009
1456296601.0,9d205788,0.959
1456296601.0,0399244a,0.969
1456296601.0,2bd26467,0.969
1456296601.0,80c4f678,1.009
1456296601.0,ba7651f8,0.949
1456296601.0,7ae5eaaa,0.979
1456296601.0,4c76dbcf,1.019
1456296601.0,a753f001,1.009
1456296601.0,29804b96,0.999
1456296601.0,fe88606f,1.019
1456296601.0,da6302b3,1.009
1456296601.0,9087534b,0.999
1456296601.0,766e7cd2,0.989
1456296601.0,eca01ef8,1.049
1456296601.0,6819963e,0.979
1456296601.0,780114cd,1.009
1456296601.0,68176e5a,0.999
1456296601.0,b7e06233,1.019
1456296601.0,e487e118,1.009
1456296601.0,d695eb07,0.959
1456296601.0,8848094a,0.999
1456296601.0,8f277236,0.999
1456296601.0,aecec7b2,1.019
1456296601.0,124fa87c,1.009
1456296601.0,c43140bc,1.009
1456296601.0,c3f05449,0.999
1456296601.0,2b6d5808,0.979
1456296601.0,51ebd486,0.969
1456296601.0,53df0ec3,0.989
1456296601.0,15200152,0.929
1456296601.0,a0f09d1a,0.999
1456296601.0,82c7766b,0.959
1456296601.0,b619b05f,0.989
1456296601.0,a64de619,0.929
1456296601.0,ea80ce64,0.979
1456296601.0,1aa6752d,0.959
1456296601.0,cc3dc9ec,0.949
1456296601.0,5dbdb1ad,0.969
1456296601.0,3dfd3678,0.969
1456296601.0,2dd2f741,0.989
1456296601.0,ecd45a38,0.949
1456296601.0,82d0b907,0.949
1456296601.0,68f4a74c,0.939
1456296601.0,c78b7333,0.999
1456296601.0,c330a48b,0.949
1456296601.0,dd4866c8,0.999
1456296601.0,b3fefca1,0.979
1456296601.0,3d592311,0.979
1456296601.0,e792e7d9,0.939
1456296601.0,6bf68abb,0.969
1456296601.0,4a6264de,0.989
1456296601.0,202ac153,0.969
1456296601.0,e39a2c78,0.989
1456296601.0,cb601f93,0.939
1456296601.0,727b85d9,0.959
1456296601.0,62d555b9,0.959
1456296601.0,f8bbef60,0.979
1456296601.0,cd0b941e,0.979
1456296601.0,ae578482,0.949
1456296601.0,0f283ef6,0.979
1456296601.0,4141a0aa,0.949
1456296601.0,54c3da9c,0.969
1456296601.0,60962481,0.959
1456296601.0,a89295ed,0.989
1456296601.0,3056759f,0.979
1456296601.0,b6774f71,0.999
1456296601.0,4c7b82d0,0.999
1456296601.0,83c02c47,0.979
1456296601.0,1fb2da5d,0.959
1456296601.0,929af7b6,0.969
1456296601.0,ffb3e589,0.929
1456296601.0,a099cd62,0.989
1456296601.0,ff0bb7ad,0.959
1456296601.0,c8da9d10,0.989
1456296601.0,229d2673,0.979
1456296601.0,03a8f542,0.999
1456296601.0,9daabce1,0.969
1456296601.0,42ad8b68,0.969
1456296601.0,8ae5c667,0.999
1456296601.0,3f96a850,0.969
1456296601.0,5d362644,0.989
1456296601.0,693a0585,0.959
1456296601.0,bd0ac826,0.959
1456296601.0,18e554be,0.979
1456296601.0,d15144fb,0.959
1456296601.0,c296d5cd,0.989
1456296601.0,25e78288,0.979
1456296601.0,2748662b,0.999
1456296601.0,916b15ba,0.989
1456296601.0,77c17dde,0.959
1456296601.0,dbc1bba3,0.959
1456296601.0,0c83befd,0.949
1456296601.0,2c1a8318,0.989
1456296601.0,3cb8640b,0.979
1456296601.0,0b912035,0.979
1456296601.0,ad0d24dc,0.939
1456296601.0,054b98a5,0.979
1456296601.0,fc9e9a16,1.009
1456296601.0,bde67b17,0.969
1456296601.0,8a338e32,0.959
1456296601.0,d6aad50a,0.989
1456296601.0,ee122c11,0.989
1456296601.0,ffb71aa8,0.949
1456296601.0,eb783f5d,0.959
1456296601.0,adaf8fbc,0.979
1456296601.0,21a92259,0.959
1456296601.0,0b54afc6,0.999
1456296601.0,4a9d5885,0.989
1456296601.0,0bec4dba,0.939
1456296601.0,d22fa3c4,0.939
1456296601.0,6ad60cac,0.949
1456296601.0,6ba4d917,0.98
1456296601.0,89255a1b,0.999
1456296601.0,4e56b21e,0.989
1456296601.0,ce405060,0.999
1456296601.0,f6e29329,0.969
1456296601.0,769a446c,0.989
1456296601.0,24c052f2,0.999
1456296601.0,292f3ea8,0.989
1456296601.0,9ead4ada,1.014
1456296601.0,d7cd0f44,1.009
1456296601.0,028b67f7,0.959
1456296601.0,7fd3e47e,0.989
1456296601.0,391a56de,0.969
1456296601.0,33c8c51e,0.979
1456296601.0,0fafd241,0.969
1456296601.0,35d8c725,1.009
1456296601.0,02c0b252,0.979
1456296601.0,a58775a0,1.019
1456296601.0,e8478f56,1.029
1456296601.0,e5b98666,0.989
1456296601.0,59182828,0.999
1456296601.0,8da197a5,0.979
1456296601.0,81e0ef7b,0.959
1456296601.0,39fe3076,1.019
1456296601.0,d05c205a,0.979
1456296601.0,048e9166,1.009
1456296601.0,08c3c4e6,0.989
1456296601.0,430cbb77,0.979
1456296601.0,26613c3a,0.999
1456296601.0,878510cb,0.969
1456296601.0,8cc39ecd,1.009
1456296601.0,b7f65739,1.019
1456296601.0,c1802a5a,0.969
1456296601.0,b71b2d23,0.979
1456296601.0,46179c4a,0.989
1456296601.0,91757ae2,0.969
1456296601.0,682a7b74,0.989
1456296601.0,0a7394cb,1.079
1456296601.0,30ac5a0c,0.969
1456296601.0,b9456e15,0.979
1456296601.0,346ffe81,0.999
1456296601.0,c558dd18,1.029
1456296601.0,eea64d8a,0.999
1456296601.0,f7e2f65d,0.989
1456296601.0,f5a51e57,1.009
1456296601.0,70e22a28,1.019
1456296601.0,0bd89a27,1.019
1456296601.0,,1.009
1456296601.0,8792c041,0.979
1456296601.0,20dcb5cd,1.039
1456296601.0,c4c8b56b,1.009
1456296601.0,552250d6,0.979
1456296601.0,1d5b89e9,0.979
1456296601.0,c17eb923,0.979
1456296601.0,fdce6bd4,1.089
1456296601.0,481a8ed4,0.969
1456296601.0,07d1cb29,0.979
1456296601.0,56db8c22,1.019
1456296601.0,613ea133,1.019
1456296601.0,9fb6a9f8,1.009
1456296601.0,8f8b3ebe,0.939
1456296601.0,7f2d651e,0.989
1456296601.0,887915b9,0.979
1456296601.0,59affa92,0.999
1456296601.0,082d29ca,0.999
1456296601.0,d8c4e623,0.999
1456296601.0,f2b5514e,1.009
1456296601.0,d247620c,0.999
1456296601.0,aa7bb382,0.969
1456296601.0,b82e8807,0.969
1456296601.0,28932cab,0.949
1456296601.0,90a018b4,0.979
1456296601.0,c33a7e9f,1.009
1456296601.0,4dcce79a,0.989
1456296601.0,1d287189,0.999
1456296601.0,5f9e44dd,0.999
1456296601.0,59cec01d,0.969
1456296601.0,a9ad29e3,1.019
1456296601.0,ebce0132,1.119
1456296601.0,ad4337a9,0.959
1456296601.0,d78a5a29,0.979
1456296601.0,04d2538c,0.999
1456296601.0,32669d3d,1.009
1456296601.0,4b42bb0a,1.009
1456296601.0,75ed1160,1.009
1456296601.0,570b52de,1.009
1456296601.0,424834c6,1.009
1456296601.0,c88259dc,0.999
1456296601.0,0345dfe7,0.999
1456296601.0,27825143,0.989
1456296601.0,c63b0b80,0.969
1456296601.0,987c1347,0.999
1456296601.0,d5a420b3,1.019
1456296601.0,3487a048,0.999
1456296601.0,f7b78f12,0.999
1456296601.0,86fe7e76,0.989
1456296601.0,a093cd4b,0.989
1456296601.0,997db707,0.959
1456296601.0,e589fd9d,0.989
1456296601.0,67c0cb5c,0.999
1456296601.0,afc58f9d,0.989
1456296601.0,6f988429,0.999
1456296601.0,d717e4c7,0.969
1456296601.0,c9d0b757,0.999
1456296601.0,ba2fdbe6,0.949
1456296601.0,f5000af4,0.959
1456296601.0,e40ec31e,0.949
1456296601.0,1b5d5766,0.999
1456296601.0,919fe547,1.059
1456296601.0,afb05ae2,1.019
1456296601.0,04543b56,1.019
1456296601.0,7490aa54,0.999
1456296601.0,a06beb63,0.949
1456296601.0,93b3dc63,0.989
1456296601.0,b9c82901,1.009
1456296601.0,73242acd,0.949
1456296601.0,d38f9f16,0.979
1456296601.0,e5658344,1.029
1456296601.0,72ce5694,1.009
1456296601.0,53d2ed19,1.009
1456296601.0,3fa62bf3,0.989
1456296601.0,997cbfdf,1.009
1456296601.0,5b1eb6c6,0.949
1456296601.0,8d8152a0,0.999
1456296601.0,2e77c5e7,0.999
1456296601.0,6c1eda32,1.009
1456296601.0,1fa4f36e,1.009
1456296601.0,92f81808,1.019
1456296601.0,123a41c8,1.009
1456296601.0,b3701dfd,0.969
1456296601.0,37350fbc,0.969
1456296601.0,4f2f425b,0.939
1456296601.0,9f766263,0.969
1456296601.0,2dca7c1d,1.179
1456296601.0,bfa3a95a,0.939
1456296601.0,17475683,0.999
1456296601.0,9c89b79d,0.999
1456296601.0,b14bb16f,0.969
1456296601.0,92401764,0.999
1456296601.0,0c247382,1.009
1456296601.0,0b7da931,1.029
1456296601.0,6459c68c,1.009
1456296601.0,dfad7b08,0.949
1456296601.0,c6a1b911,0.994
1456296601.0,c3326313,0.949
1456296601.0,46dba843,0.969
1456296601.0,6f047352,0.959
1456296601.0,fbb0ba26,0.949
1456296601.0,d96f8933,1.019
1456296601.0,4d91361c,0.999
1456296601.0,0b45563b,1.019
1456296601.0,1f1eaa0f,0.979
1456296601.0,bdc12d8e,0.969
1456296601.0,79a7959f,0.999
1456296601.0,,0.979
1456296601.0,990757d8,1.009
1456296601.0,1685cf9c,0.999
1456296601.0,33fb9f1a,1.019
1456296601.0,3fc8e265,0.999
1456296601.0,982ba5cc,0.969
1456296601.0,fb44675e,0.989
1456296601.0,3346c58a,0.999
1456296601.0,b8c293ba,1.019
1456296601.0,c2c24012,0.939
1456296601.0,cbc2f9db,0.989
1456296601.0,01d5bb85,0.999
1456296601.0,450f3a21,0.969
1456296601.0,2b52627f,0.999
1456296601.0,96c2dcec,0.969
1456296601.0,9499ceea,0.999
1456296601.0,eac5c61f,1.029
1456296601.0,ea971a7b,0.979
1456296601.0,c5094307,0.999
1456296601.0,6770a660,0.989
1456296601.0,dc7739ef,1.029
1456296601.0,2e1573c2,1.019
1456296601.0,3b4197b0,0.989
1456296601.0,4a6e6f15,0.969
1456296601.0,f4105cbc,0.969
1456296601.0,984a99c0,1.039
1456296601.0,72fef334,0.959
1456296601.0,a971d6fb,0.959
1456296601.0,f11ba63d,0.989
1456296601.0,66c0ab43,0.989
1456296601.0,a59c4cfa,1.019
1456296601.0,58ec06f1,1.019
1456296601.0,16259776,0.979
1456296601.0,bff6865c,1.019
1456296601.0,52e3bfc8,0.969
1456296601.0,694cd654,0.999
1456296601.0,43a05b46,1.009
1456296601.0,2dcd1fcb,1.049
1456296601.0,b0c8723c,1.019
1456296601.0,dd9ad455,0.939
1456296601.0,bd396f56,1.009
1456296601.0,f7f13c47,0.989
1456296601.0,aea5cadc,0.989
1456296601.0,3d05e45a,0.979
1456296601.0,7dc2c962,1.029
1456296601.0,0e7f0bd4,0.999
1456296601.0,c2fa0d0a,0.979
1456296601.0,bfce3f9b,1.009
1456296601.0,d5be29d1,1.009
1456296601.0,874f2a6f,0.0
1456296601.0,813e329c,0.949
1456296601.0,c460ad8e,1.019
1456296601.0,df070324,1.009
1456296601.0,25600fab,0.999
1456296601.0,5ab36501,0.949
1456296601.0,05878847,0.989
1456296601.0,3f054566,0.989
1456296601.0,b0b0be19,0.989
1456296601.0,42aa3fce,0.959
1456296601.0,a46de094,0.989
1456296601.0,98e26149,0.969
1456296601.0,8bb26207,0.959
1456296601.0,7c8f8d4d,0.959
1456296601.0,afd35ba0,0.969
1456296601.0,8714c0df,0.969
1456296601.0,129d1493,0.969
1456296601.0,f47f4232,0.959
1456296601.0,cfaad8a4,0.999
1456296601.0,69e811f1,0.999
1456296601.0,4401812d,0.999
1456296601.0,bbb7883b,0.999
1456296601.0,5fc37dfd,1.009
1456296601.0,45f451b5,1.029
1456296601.0,0967fa61,0.989
1456296601.0,22d0db61,1.029
1456296601.0,a76bbf53,1.009
1456296601.0,b962ee53,1.009
1456296601.0,6ca7f7c5,1.009
1456296601.0,97c7cfca,0.989
1456296601.0,4951f110,1.049
1456296601.0,3c0f4b64,0.989
1456296601.0,76f9948e,1.009
1456296601.0,c6d02f74,0.959
1456296601.0,256e2f5b,1.009
1456296601.0,,0.989
1456296601.0,0748225f,0.989
1456296601.0,dc5ff7cf,0.999
1456296601.0,a42108f2,1.019
1456296601.0,dddc0e70,0.969
1456296601.0,035ff990,0.989
1456296601.0,069afd75,0.989
1456296601.0,0da2e486,0.959
1456296601.0,53d76725,0.989
1456296601.0,b598078e,0.989
1456296601.0,c43ed044,0.989
1456296601.0,7a6a4fd5,0.969
1456296601.0,1fe05a5f,1.009
1456296601.0,bf08287b,0.999
1456296601.0,225eaacb,0.989
1456296601.0,a13f8970,0.979
1456296601.0,97b553c9,0.979
1456296601.0,0c74abc4,0.989
1456296601.0,574656d1,0.989
1456296601.0,6d8cc159,0.989
1456296601.0,81db3a9a,0.989
1456296601.0,,0.989
1456296601.0,b3843814,1.029
1456296601.0,c07076c6,0.999
1456296601.0,5054e21e,0.979
1456296601.0,c83af05f,1.009
1456296601.0,d6703157,0.949
1456296601.0,3573c1c1,1.019
1456296601.0,7eb51d57,1.009
1456296601.0,2638af68,1.019
1456296601.0,bb8d0742,0.999
1456296601.0,7142929d,0.999
1456296601.0,9eabd75a,0.989
1456296601.0,87c19f02,1.009
1456296601.0,f7ff0975,1.009
1456296601.0,237e0152,1.009
1456296601.0,36ba87a1,0.999
1456296601.0,8c4f6021,0.979
1456296601.0,bf7e9cdf,1.009
1456296601.0,b07ee4ba,1.019
1456296601.0,83c94fc4,1.009
1456296601.0,68a6a16a,0.979
1456296601.0,56878753,0.949
1456296601.0,741c727e,1.039
1456296601.0,7121a112,0.989
1456296601.0,68e1f6e3,0.979
1456296601.0,63a3fa08,1.029
1456296601.0,67c5b01c,0.959
1456296601.0,76ab87bf,0.929
1456296601.0,d8a16c26,0.979
1456296601.0,f02e1c4e,0.989
1456296601.0,1510f5e1,1.019
1456296601.0,20931f17,1.029
1456296601.0,5c335fc8,0.969
1456296601.0,22b653b3,0.979
1456296601.0,574bc6fc,0.999
1456296601.0,d77409e0,0.989
1456296601.0,44f943cf,1.029
1456296601.0,a889c99a,0.949
1456296601.0,65ab6225,0.999
1456296601.0,2c83c3c5,0.969
1456296601.0,838f2221,1.024
1456296601.0,a462d05b,1.019
1456296601.0,f1e93609,0.959
1456296601.0,9940dbfc,0.979
1456296601.0,2c3a5362,0.959
1456296601.0,adaeaab7,0.989
1456296601.0,b2fe44c9,1.029
1456296601.0,aaadef5f,1.019
1456296601.0,3a65963d,0.999
1456296601.0,2a00b312,0.999
1456296601.0,c042fdd9,0.999
1456296601.0,7e018ebc,0.939
1456296601.0,4ddf478c,0.999
1456296601.0,f061e4b5,0.959
1456296601.0,a8f38887,1.039
1456296601.0,afc65a6d,0.989
1456296601.0,db096089,0.989
1456296601.0,9a16227b,1.019
1456296601.0,762cedec,1.009
1456296841.0,f8a9a11e,0.989
1456296841.0,68a0fe4a,0.979
1456296841.0,3a4ffbbf,0.989
1456296841.0,fd71221d,1.014
1456296841.0,fbbd6af8,0.989
1456296841.0,021612d8,0.979
1456296841.0,5ce764c2,0.979
1456296841.0,41577ba2,1.009
1456296841.0,29076544,0.929
1456296841.0,722c316b,0.919
1456296841.0,b12129d0,1.009
1456296841.0,78a7be14,0.939
1456296841.0,52ff86b2,0.959
1456296841.0,7349daff,0.999
1456296841.0,d0a0e33f,0.989
1456296841.0,caff03c9,0.929
1456296841.0,9a59f347,0.989
1456296841.0,b8fa7f55,1.009
1456296841.0,1509b860,1.009
1456296841.0,939e85bc,0.929
1456296841.0,abb42d56,0.969
1456296841.0,c0bff642,0.989
1456296841.0,21dc7e61,1.009
1456296841.0,9727ab3a,0.929
1456296841.0,0b293007,0.989
1456296841.0,7eac0db9,0.919
1456296841.0,f0e00fe9,0.939
1456296841.0,ebd9a39f,0.949
1456296841.0,2c776012,0.939
1456296841.0,872ca533,0.989
1456296841.0,09da3c04,0.989
1456296841.0,f2925995,0.979
1456296841.0,18436369,0.939
1456296841.0,cd64024f,0.989
1456296841.0,ba074c78,0.979
1456296841.0,c1b0a4e8,1.009
1456296841.0,646811ac,0.969
1456296841.0,583bd0d6,0.949
1456296841.0,6a8dc69b,0.999
1456296841.0,09c88ed9,0.989
1456296841.0,ed94db5a,1.019
1456296841.0,ae48b914,0.959
1456296841.0,08311643,0.959
1456296841.0,4ca12111,0.999
1456296841.0,23e41d8c,0.979
1456296841.0,4cee5beb,0.959
1456296841.0,a6785e64,0.989
1456296841.0,054eaec2,0.999
1456296841.0,f15b5390,0.979
1456296841.0,debd4594,0.959
1456296841.0,24c10ff0,1.009
1456296841.0,66c8a343,1.009
1456296841.0,de115c83,1.159
1456296841.0,c8fac997,0.989
1456296841.0,c6d2e518,0.969
1456296841.0,605da2e4,1.009
1456296841.0,806e5051,0.969
1456296841.0,5f7106c3,0.999
1456296841.0,3201c40b,0.979
1456296841.0,f8b50496,0.969
1456296841.0,d9de1886,0.959
1456296841.0,e08143aa,0.989
1456296841.0,957f9612,0.999
1456296841.0,2410740f,0.989
1456296841.0,1de97778,0.959
1456296841.0,292cfe23,0.979
1456296841.0,ac4f6a54,0.979
1456296841.0,d5a86b4b,1.139
1456296841.0,eb058e2c,0.989
1456296841.0,ef9fe1fc,1.019
1456296841.0,112e83a5,1.009
1456296841.0,b2c67780,0.999
1456296841.0,cfc34477,0.979
1456296841.0,f6703dce,0.999
1456296841.0,3b937318,0.999
1456296841.0,02f5834c,1.009
1456296841.0,76b80c65,0.999
1456296841.0,bd45085f,0.999
1456296841.0,161691b3,0.979
1456296841.0,2753be9b,0.939
1456296841.0,0e1fdace,0.999
1456296841.0,93da27ed,0.949
1456296841.0,5dc70b90,0.999
1456296841.0,c8c692b0,1.019
1456296841.0,65705e06,0.979
1456296841.0,1ab747ac,0.989
1456296841.0,78c59dfc,0.969
1456296841.0,97c49975,0.979
1456296841.0,0722a606,1.009
1456296841.0,19413372,0.979
1456296841.0,a4842df2,0.958
1456296841.0,ac54aab9,0.999
1456296841.0,2f231204,0.949
1456296841.0,9baa546c,1.009
1456296841.0,30572f18,0.984
1456296841.0,2f9dd7f6,0.989
1456296841.0,84b346b1,1.009
1456296841.0,37e9ba19,0.999
1456296841.0,9b358c84,0.949
1456296841.0,2731c4c9,0.989
1456296841.0,6b347fa9,0.999
1456296841.0,05976f26,0.989
1456296841.0,5163d6fe,0.949
1456296841.0,fa92cd9b,1.039
1456296841.0,ad949c4b,0.989
1456296841.0,be8e21ab,0.989
1456296841.0,db422f1f,1.009
1456296841.0,9c044e4f,1.019
1456296841.0,f5cb9500,0.939
1456296841.0,76308147,0.999
1456296841.0,70900101,1.039
1456296841.0,28f0e708,0.959
1456296841.0,7d9e71ad,0.979
1456296841.0,55bdc634,1.019
1456296841.0,1de40de6,0.949
1456296841.0,,0.959
1456296841.0,b8c6d215,0.969
1456296841.0,bff84a14,1.069
1456296841.0,67c2a2b3,0.969
1456296841.0,7bdf8f15,0.989
1456296841.0,51fcda8d,0.989
1456296841.0,f9a3f449,0.959
1456296841.0,6735727d,0.959
1456296841.0,cb70fbd6,0.949
1456296841.0,209105a0,0.979
1456296841.0,cf228ee3,0.989
1456296841.0,df1d2009,0.999
1456296841.0,dca009fd,0.958
1456296841.0,2aa06f6e,0.989
1456296841.0,c4b30834,0.989
1456296841.0,018136eb,0.979
1456296841.0,5e363c03,0.989
1456296841.0,6781fe81,0.989
1456296841.0,3f118a37,0.959
1456296841.0,9a4d188a,1.019
1456296841.0,506ed98f,0.969
1456296841.0,e25e53b1,0.989
1456296841.0,e2c6b885,1.019
1456296841.0,3796fed2,1.019
1456296841.0,dccd21cb,0.989
1456296841.0,de4dfcb8,0.989
1456296841.0,87969b95,0.969
1456296841.0,9830928e,0.999
1456296841.0,d7d438ac,0.999
1456296841.0,9f28cd19,0.999
1456296841.0,249c81ea,0.969
1456296841.0,b1ebea76,0.949
1456296841.0,236e2f71,1.009
1456296841.0,ce736f1a,0.989
1456296841.0,403a1c86,1.009
1456296841.0,8a4f9b54,0.979
1456296841.0,b54a85b1,0.969
1456296841.0,0c6176b8,0.979
1456296841.0,da6cfb62,1.019
1456296841.0,410ba324,0.959
1456296841.0,5f51bf27,0.989
1456296841.0,719aa84a,0.999
1456296841.0,dd14d9c0,1.009
1456296841.0,5455a5f8,0.949
1456296841.0,89731dc8,0.939
1456296841.0,1398c802,0.999
1456296841.0,a7eae27d,0.999
1456296841.0,344119e7,0.989
1456296841.0,0720a96f,1.009
1456296841.0,18b20a61,0.999
1456296841.0,aaf8d479,1.039
1456296841.0,4afaa787,0.989
1456296841.0,1b24bc6c,0.989
1456296841.0,fbf6da0b,0.939
1456296841.0,2c82fe56,0.979
1456296841.0,,0.979
1456296841.0,70efa82e,1.009
1456296841.0,f989aaff,0.979
1456296841.0,661c5630,0.999
1456296841.0,7cf55a33,0.989
1456296841.0,2f7c96af,0.999
1456296841.0,19584345,1.009
1456296841.0,bebb76d2,0.999
1456296841.0,f735a69d,1.009
1456296841.0,f084458d,0.999
1456296841.0,6647542f,1.029
1456296841.0,6ba4e2d1,1.019
1456296841.0,7964974d,0.989
1456296841.0,66691780,1.009
1456296841.0,5f59e3c7,0.999
1456296841.0,a625042c,0.969
1456296841.0,bd131e65,0.959
1456296841.0,28f4a8a5,1.009
1456296841.0,aea5cec0,0.939
1456296841.0,705aeee8,0.979
1456296841.0,edf38f90,1.009
1456296841.0,60a39e86,1.029
1456296841.0,0c811233,0.969
1456296841.0,b2e44198,0.979
1456296841.0,55167147,0.969
1456296841.0,d2a69e6d,0.989
1456296841.0,0945bafb,0.979
1456296841.0,c6d5ab7e,1.019
1456296841.0,4c906efb,0.969
1456296841.0,3273810e,0.999
1456296841.0,9b0b4894,0.949
1456296841.0,91170ebc,0.969
1456296841.0,d64a25e0,0.969
1456296841.0,79470901,0.969
1456296841.0,de8b3026,0.989
1456296841.0,,0.979
1456296841.0,5fc20a3d,0.949
1456296841.0,f44172d4,0.959
1456296841.0,1dc8cdb7,0.969
1456296841.0,cf235e84,0.969
1456296841.0,740b965a,0.999
1456296841.0,e84ee14a,0.949
1456296841.0,c3910784,0.949
1456296841.0,de2c9edf,0.949
1456296841.0,0ee3214c,1.009
1456296841.0,6f11a226,0.999
1456296841.0,03f96d6c,1.019
1456296841.0,e9ce4daf,0.949
1456296841.0,20bf2483,0.969
1456296841.0,5f379a02,0.989
1456296841.0,4119ba76,0.979
1456296841.0,0660fa74,1.039
1456296841.0,59005fdf,0.989
1456296841.0,919c9e96,1.009
1456296841.0,8b9c037d,0.999
1456296841.0,3dde29b4,0.969
1456296841.0,0cce0f70,1.139
1456296841.0,3781a133,1.019
1456296841.0,2df8fc01,0.999
1456296841.0,43d05eaa,0.959
1456296841.0,0b2f66ab,1.029
1456296841.0,769a446c,0.979
1456296841.0,e2edff7e,0.969
1456296841.0,a894c70b,1.009
1456296841.0,c699c115,0.999
1456296841.0,edb0d416,0.989
1456296841.0,181a93a7,0.989
1456296841.0,1c79df7a,0.959
1456296841.0,c8bea281,0.989
1456296841.0,b594d429,0.999
1456296841.0,4287c54a,1.039
1456296841.0,,1.029
1456296841.0,863245a5,0.959
1456296841.0,0eb17bed,1.009
1456296841.0,af12e3b6,1.009
1456296841.0,95a26ce2,0.979
1456296841.0,7de5339f,0.989
1456296841.0,50570e01,0.999
1456296841.0,7b2a5f7c,0.969
1456296841.0,baa66b57,0.989
1456296841.0,db68109c,0.989
1456296841.0,9ef0d290,1.039
1456296841.0,acca0be9,0.979
1456296841.0,abdc4de1,0.939
1456296841.0,49644a9b,1.019
1456296841.0,9c4977f7,0.999
1456296841.0,7993d053,0.989
1456296841.0,e9a10aef,0.989
1456296841.0,521538f8,0.979
1456296841.0,,0.989
1456296841.0,6d8d97a4,0.999
1456296841.0,0d5cad1c,0.969
1456296841.0,54e1e6e2,0.989
1456296841.0,a446fffa,0.969
1456296841.0,2a5a0676,0.979
1456296841.0,a2d171ec,0.999
1456296841.0,98881b2f,0.999
1456296841.0,b7361158,0.969
1456296841.0,d3db6e64,1.019
1456296841.0,0fa50e56,0.999
1456296841.0,52628b2e,0.999
1456296841.0,9c5b140c,1.019
1456296841.0,337bdfc2,0.999
1456296841.0,c26a49db,0.999
1456296841.0,3b4ac733,1.009
1456296841.0,a1605c07,0.979
1456296841.0,ef5fb7f7,0.989
1456296841.0,badcf1ca,0.949
1456296841.0,662b3491,0.959
1456296841.0,2cf05648,0.969
1456296841.0,2e25253e,1.019
1456296841.0,e71f7bdd,0.949
1456296841.0,34226dec,0.999
1456296841.0,fe454b1d,0.959
1456296841.0,514a99f3,0.969
1456296841.0,fe85d975,0.989
1456296841.0,bbe091e3,0.959
1456296841.0,5e11d4e5,0.999
1456296841.0,4a1fb5a4,0.999
1456296841.0,66571899,0.999
1456296841.0,b42c9802,0.969
1456296841.0,1c358963,1.019
1456296841.0,e4ad2bce,0.989
1456296841.0,1168f57c,1.029
1456296841.0,a40e21ff,0.948
1456296841.0,,0.989
1456296841.0,56db8c22,1.009
1456296841.0,,0.989
1456296841.0,c2bf8f60,0.959
1456296841.0,57c3f6b1,0.989
1456296841.0,bef35d30,0.939
1456296841.0,563c9041,0.949
1456296841.0,b026b716,1.009
1456296841.0,151efb9f,0.979
1456296841.0,0d0f23bd,0.999
1456296841.0,25d0b512,1.019
1456296841.0,162f1e57,0.999
1456296841.0,5a819f8f,1.009
1456296841.0,ff608fc4,0.969
1456296841.0,4d0a22fb,0.999
1456296841.0,5985a6df,0.999
1456296841.0,57fbf14f,0.969
1456296841.0,868d1b66,0.939
1456296841.0,,0.969
1456296841.0,33d5d488,1.009
1456296841.0,36d6fa9e,1.009
1456296841.0,a472716e,1.009
1456296841.0,8b68e5d5,1.019
1456296841.0,dcb337e4,1.009
1456296841.0,94f69df7,1.019
1456296841.0,d0445c11,1.009
1456296841.0,9e3fd3b1,0.959
1456296841.0,9136fc55,1.009
1456296841.0,98f928d6,0.989
1456296841.0,d83809d0,0.969
1456296841.0,496a23e0,0.999
1456296841.0,10c41b90,1.009
1456296841.0,8a3aa486,1.009
1456296841.0,ee2ba444,1.019
1456296841.0,68c15014,0.999
1456296841.0,9ca777a2,0.999
1456296841.0,cb8edd06,0.979
1456296841.0,a4bdfecc,0.999
1456296841.0,f44d6f08,0.989
1456296841.0,460a08a3,0.999
1456296841.0,e57ad6a0,0.999
1456296841.0,dd465a5d,1.029
1456296841.0,3340d6a0,1.009
1456296841.0,f060b95e,0.999
1456296841.0,858fd8de,0.989
1456296841.0,9d3b9bdc,0.989
1456296841.0,0db94a7a,0.999
1456296841.0,9f51dbf4,0.969
1456296841.0,d0fb35a1,0.979
1456296841.0,75244431,0.979
1456296841.0,f2b7e0d3,0.999
1456296841.0,7d4e7386,0.949
1456296841.0,b3858033,0.939
1456296841.0,90e6d279,1.039
1456296841.0,7c91739b,1.019
1456296841.0,8a0d026c,0.979
1456296841.0,b60ced65,0.969
1456296841.0,09925d9d,0.979
1456296841.0,06e56593,1.009
1456296841.0,1f1e2904,0.979
1456296841.0,8acfd379,0.999
1456296841.0,9b8b3fcc,0.999
1456296841.0,1e5cdac4,0.984
1456296841.0,a453e0de,0.989
1456296841.0,2b57a135,0.939
1456296841.0,0ea9619d,0.969
1456296841.0,4773dbd2,0.969
1456296841.0,95e23a71,1.019
1456296841.0,71e0a0d1,0.999
1456296841.0,a315fcdc,1.019
1456296841.0,f4299aa3,1.019
1456296841.0,3f20997c,0.989
1456296841.0,2a639c5a,1.029
1456296841.0,36f5bf63,0.959
1456296841.0,af5a4fe6,0.959
1456296841.0,a5ca6f71,0.959
1456296841.0,2540db20,1.009
1456296841.0,99fbfc30,0.999
1456296841.0,6169c430,1.009
1456296841.0,3e1a04a2,0.979
1456296841.0,2e3a283a,0.949
1456296841.0,ee9b9dc5,0.999
1456296841.0,13ca0d8f,0.989
1456296841.0,3321fa98,0.989
1456296841.0,c55ed271,0.969
1456296841.0,c48de424,0.949
1456296841.0,db414715,1.009
1456296841.0,fee47ded,0.989
1456296841.0,776d3e19,1.039
1456296841.0,07ccba78,1.019
1456296841.0,02d10a00,0.989
1456296841.0,b07fa89b,0.999
1456296841.0,dcbbade5,0.969
1456296841.0,1cc4daa8,0.999
1456296841.0,d7ca536d,0.999
1456296841.0,f7f90554,0.949
1456296841.0,b1450a7d,1.029
1456296841.0,bfa3a95a,0.939
1456296841.0,4e905f58,1.009
1456296841.0,e9b0a748,0.999
1456296841.0,fa56fc6e,0.999
1456296841.0,cfeaab1a,0.979
1456296841.0,cece28cb,0.959
1456296841.0,bdc7131f,0.989
1456296841.0,769eb8e0,0.989
1456296841.0,ac221dcb,0.989
1456296841.0,ace1257e,0.949
1456296841.0,4f4115ed,0.959
1456296841.0,77906f99,0.999
1456296841.0,9426443b,0.989
1456296841.0,9199777f,1.009
1456296841.0,1effdd9e,1.039
1456296841.0,19ff993e,0.979
1456296841.0,ce2ccf2c,0.969
1456296841.0,cd78b99c,0.999
1456296841.0,902d74e4,1.189
1456296841.0,57393752,1.009
1456296841.0,c2c24012,0.939
1456296841.0,71424e6c,0.989
1456296841.0,cd09a0d6,0.949
1456296841.0,71405ff7,0.999
1456296841.0,b16a7660,0.959
1456296841.0,bec87d80,1.009
1456296841.0,22fb0e90,1.029
1456296841.0,2b4f9432,0.999
1456296841.0,72056682,0.979
1456296841.0,8b4986e3,0.979
1456296841.0,0b3074b7,1.019
1456296841.0,5533e7bf,0.999
1456296841.0,74e89a36,0.959
1456296841.0,392b75a8,0.969
1456296841.0,a5998664,1.009
1456296841.0,704bc7f2,0.979
1456296841.0,3bed1f31,0.999
1456296841.0,e06480d6,0.919
1456296841.0,aa24cd60,0.979
1456296841.0,493eff35,0.979
1456296841.0,ee2e8a1d,0.999
1456296841.0,3e211f86,1.139
1456296841.0,0ee68fe4,0.989
1456296841.0,f8c5b496,1.009
1456296841.0,614629e1,0.959
1456296841.0,b9bbf9ee,0.999
1456296841.0,5d637168,0.989
1456296841.0,d375e9a2,0.999
1456296841.0,20836cd8,1.019
1456296841.0,9a36bae8,0.959
1456296841.0,9f34d3c7,1.009
1456296841.0,6933e7da,0.919
1456296841.0,c9333668,0.999
1456296841.0,558b1611,0.959
1456296841.0,0d6425bc,1.009
1456296841.0,ab141bc6,1.109
1456296841.0,79d27478,0.979
1456296841.0,f61ba063,0.979
1456296841.0,1488066c,1.009
1456296841.0,0ccf9d49,1.009
1456296841.0,d7ee03a5,0.999
1456296841.0,054cfa5d,0.989
1456296841.0,bbca138f,0.979
1456296841.0,612f96e1,0.969
1456296841.0,beab9b84,0.989
1456296841.0,f03c398a,0.979
1456296841.0,3a1e42ab,0.989
1456296841.0,2e5cae9f,0.969
1456296841.0,4f8a6ea2,1.029
1456296841.0,3d05e45a,0.979
1456296841.0,909c21e3,0.999
1456296841.0,58056342,0.959
1456296841.0,2357ec98,0.989
1456296841.0,e8b2cb64,0.969
1456296841.0,5f695bd8,0.949
1456296841.0,5043ba52,0.999
1456296841.0,576d4884,0.999
1456296841.0,62f495a7,0.969
1456296841.0,c82dccc8,0.959
1456296841.0,04bc5ae6,0.999
1456296841.0,52c251bb,0.979
1456296841.0,e3f9ebe0,0.979
1456296841.0,5eddffaf,0.999
1456296841.0,196134a5,0.959
1456296841.0,bf1ede3b,0.989
1456296841.0,5ab36501,0.939
1456296841.0,f1adb6c9,0.969
1456296841.0,3e574cd0,0.999
1456296841.0,a48ea25e,0.959
1456296841.0,98677b5e,0.979
1456296841.0,ad29f10c,0.989
1456296841.0,e57877ff,0.989
1456296841.0,5741a508,0.969
1456296841.0,ee1d296d,1.009
1456296841.0,270ee8bf,0.999
1456296841.0,57b36972,1.009
1456296841.0,367e0536,0.959
1456296841.0,a16adda9,0.969
1456296841.0,bbb7883b,0.999
1456296841.0,5aa8ba94,0.979
1456296841.0,42ff902d,1.029
1456296841.0,9bc16c2e,0.949
1456296841.0,496612a8,0.999
1456296841.0,9425b86b,0.999
1456296841.0,cb728243,0.999
1456296841.0,862d0257,0.989
1456296841.0,cb47b300,0.989
1456296841.0,f9ec21b1,0.959
1456296841.0,d285af63,0.969
1456296841.0,9ac3ac4d,0.999
1456296841.0,6ff38393,0.999
1456296841.0,9755b499,1.009
1456296841.0,26d49c51,0.979
1456296841.0,538edcf9,1.019
1456296841.0,9259e081,1.029
1456296841.0,a70de662,1.029
1456296841.0,a8595817,0.959
1456296841.0,f5e9f5d7,0.959
1456296841.0,eaff9064,0.969
1456296841.0,2cf8ea35,0.989
1456296841.0,4768200e,0.989
1456296841.0,8e5758d4,0.979
1456296841.0,c93210c8,1.009
1456296841.0,33fa60b9,1.009
1456296841.0,6c715e12,0.989
1456296841.0,fdca8735,0.989
1456296841.0,352eedb0,0.939
1456296841.0,cb758bb7,0.999
1456296841.0,402dea62,0.979
1456296841.0,50e125b9,0.999
1456296841.0,41fc3133,0.959
1456296841.0,,0.999
1456296841.0,fe496e01,0.979
1456296841.0,d497f4b5,0.959
1456296841.0,5bdf1cdf,1.009
1456296841.0,042d445f,1.159
1456296841.0,64171ce8,0.959
1456296841.0,364488f7,0.979
1456296841.0,c76359a4,0.989
1456296841.0,83a4c48e,0.989
1456296841.0,c2caedd9,0.969
1456296841.0,2f54d4c9,0.969
1456296841.0,23cab4a8,0.959
1456296841.0,fdf0e8d2,0.929
1456296841.0,ac7dd410,0.979
1456296841.0,1c504132,0.979
1456296841.0,4b0cfdb6,0.969
1456296841.0,35c85b81,0.929
1456296841.0,6f901805,0.979
1456296841.0,db21940b,0.989
1456296841.0,26664969,0.999
1456296841.0,bf08287b,0.959
1456296841.0,225eaacb,0.989
1456296841.0,a13f8970,0.969
1456296841.0,8bbd302b,0.969
1456296841.0,90bcaabc,0.929
1456296841.0,d224352c,0.979
1456296841.0,6d8cc159,0.979
1456296841.0,688653f8,0.959
1456296841.0,8ec1148e,0.989
1456296841.0,332ba2e4,0.969
1456296841.0,,0.989
1456296841.0,add88990,0.999
1456296841.0,09d54524,0.979
1456296841.0,d61494fe,1.009
1456296841.0,c29be0d7,0.959
1456296841.0,dbc4bac0,0.999
1456296841.0,2ecadcf6,0.979
1456296841.0,f4df3f30,0.999
1456296841.0,4900212f,0.999
1456296841.0,b4a13ec7,1.009
1456296841.0,aa506433,1.019
1456296841.0,99125e73,0.989
1456296841.0,dc387962,0.969
1456296841.0,69964900,0.999
1456296841.0,d8382d2b,0.999
1456296841.0,e4ee5ec7,0.939
1456296841.0,862d0831,0.979
1456296841.0,dcde1f7c,0.959
1456296841.0,5cb0b08c,0.959
1456296841.0,8de01e99,1.019
1456296841.0,5a4ca547,0.969
1456296841.0,e64fba92,0.969
1456296841.0,5f3a075f,0.949
1456296841.0,7c85d6ed,0.999
1456296841.0,f8fc52b4,0.959
1456296841.0,e56bfa23,0.879
1456296841.0,8401f134,1.039
1456296841.0,83e1a999,1.009
1456296841.0,974e4706,0.969
1456296841.0,0cca58b4,1.019
1456296841.0,dcfb9c34,0.989
1456296841.0,46d1ac1a,0.949
1456296841.0,e532c6da,0.999
1456296841.0,990b3bf9,0.959
1456296841.0,86515341,0.969
1456296841.0,503c695b,0.989
1456296841.0,bd8bd0ef,1.029
1456296841.0,ba815d55,0.999
1456296841.0,00fa08de,0.979
1456296841.0,a40495d3,0.959
1456296841.0,b093e5e6,1.009
1456296841.0,6655797e,1.009
1456296841.0,747529c4,0.989
1456296841.0,fcfde105,0.949
1456296841.0,96a28302,1.119
1456296841.0,1d5839f0,0.999
1456296841.0,90f776c5,0.959
1456296841.0,57e77986,0.969
1456296841.0,4fe4aa3c,0.989
1456296841.0,a8f38887,1.009
1456296841.0,8fbe5276,1.009
1456296841.0,a793fb91,1.019
1456296841.0,9499ff78,0.979
1456296841.0,2787cfe0,0.999
1456296841.0,30bed2b3,1.019
1456296841.0,7680fb35,1.029
1456296841.0,a056e347,0.949
1456296841.0,91012236,1.029
1456296841.0,218fd480,0.999
1456297081.0,a0fa9b20,0.979
1456297081.0,ceed1c58,1.009
1456297081.0,0e18520c,0.939
1456297081.0,98b8cd78,1.019
1456297081.0,e71f194a,0.999
1456297081.0,669db224,0.969
1456297081.0,9e113fd4,0.969
1456297081.0,4a243585,0.969
1456297081.0,91ebab1c,0.999
1456297081.0,01a42eea,0.979
1456297081.0,ba0bd9d0,0.999
1456297081.0,72bd4b95,0.999
1456297081.0,0375f449,0.969
1456297081.0,f09b1121,0.969
1456297081.0,697d8735,1.039
1456297081.0,91632530,0.969
1456297081.0,9a099132,1.009
1456297081.0,332127f3,0.939
1456297081.0,ee75d139,1.009
1456297081.0,b3a02a90,0.969
1456297081.0,9a52a6cd,0.979
1456297081.0,bb3f103e,1.009
1456297081.0,797e753d,0.999
1456297081.0,d17204b8,1.069
1456297081.0,249f3b9d,1.009
1456297081.0,262f36ee,0.969
1456297081.0,7e3ce0ca,0.989
1456297081.0,9278d791,0.989
1456297081.0,77a71659,1.039
1456297081.0,8e4d1e9d,0.999
1456297081.0,95321d2a,0.969
1456297081.0,74d27484,0.959
1456297081.0,c952f3ae,0.999
1456297081.0,eb5d6331,1.099
1456297081.0,7bc75eb5,1.009
1456297081.0,3f84b02f,0.989
1456297081.0,d34c2ebc,0.974
1456297081.0,d3913b4a,1.009
1456297081.0,0abfa69b,0.949
1456297081.0,cb4c397b,0.999
1456297081.0,a770daf6,0.959
1456297081.0,832073a2,0.989
1456297081.0,626c6699,0.969
1456297081.0,faa85b47,0.999
1456297081.0,df3fd5ef,0.999
1456297081.0,eed2b29b,0.969
1456297081.0,7481989a,0.989
1456297081.0,c20260d6,1.029
1456297081.0,9e051c13,1.019
1456297081.0,4220c4a0,0.999
1456297081.0,9e990cfe,0.969
1456297081.0,30e25cec,0.969
1456297081.0,3d1e3ab6,0.969
1456297081.0,1ad0b27a,0.994
1456297081.0,,0.989
1456297081.0,8d3bf964,1.009
1456297081.0,f2c567b7,0.989
1456297081.0,6949ed4a,1.029
1456297081.0,db407393,0.999
1456297081.0,6a79b20f,0.959
1456297081.0,eda96774,0.989
1456297081.0,49ea5327,0.999
1456297081.0,be3c20ef,0.999
1456297081.0,da976c9d,1.009
1456297081.0,cca00c58,1.019
1456297081.0,d5eb41ec,0.989
1456297081.0,ffc943b9,0.989
1456297081.0,5b5fec22,0.979
1456297081.0,a8ab206a,0.969
1456297081.0,00bb9689,1.009
1456297081.0,c1eb66c5,0.989
1456297081.0,d0af3229,0.989
1456297081.0,815252d2,0.969
1456297081.0,543dd93c,0.999
1456297081.0,b7b730d9,0.979
1456297081.0,253839e1,0.989
1456297081.0,966a7f4d,1.029
1456297081.0,c0aa824a,0.979
1456297081.0,c9b21507,0.989
1456297081.0,67830b76,0.999
1456297081.0,1ed6826b,0.949
1456297081.0,c89e4e5e,1.089
1456297081.0,71d4dca2,1.009
1456297081.0,b3a96696,0.979
1456297081.0,657c5e72,1.009
1456297081.0,c6e90545,0.959
1456297081.0,990318d3,0.999
1456297081.0,c0e39558,0.969
1456297081.0,9547004b,0.959
1456297081.0,fe9290cc,0.969
1456297081.0,2ef17053,1.029
1456297081.0,0f0135ae,1.029
1456297081.0,c76945cf,0.969
1456297081.0,cadf2d6d,0.979
1456297081.0,7c00341e,0.959
1456297081.0,bb03f594,0.999
1456297081.0,df264ce2,0.999
1456297081.0,e946aba1,0.999
1456297081.0,82360936,1.009
1456297081.0,89731dc8,0.939
1456297081.0,4c76dbcf,1.009
1456297081.0,79a16c41,1.039
1456297081.0,fb589379,1.029
1456297081.0,344119e7,1.029
1456297081.0,ab3bff5d,1.029
1456297081.0,a09958dd,0.999
1456297081.0,ed74a070,1.039
1456297081.0,5b63b72b,0.999
1456297081.0,b646a001,1.019
1456297081.0,027604d9,0.979
1456297081.0,bc38f274,0.999
1456297081.0,badafb9a,0.999
1456297081.0,3a2ef803,0.999
1456297081.0,3094c3d0,1.069
1456297081.0,a1904e6e,0.979
1456297081.0,de1eff76,0.989
1456297081.0,aa75d7c1,1.019
1456297081.0,7e3542f5,1.009
1456297081.0,73b32664,0.989
1456297081.0,7d589b96,1.019
1456297081.0,04ca4472,1.019
1456297081.0,532a5017,0.999
1456297081.0,9bd2d468,0.979
1456297081.0,6aa8dde2,0.999
1456297081.0,5900ebe4,0.959
1456297081.0,3ae75c74,1.019
1456297081.0,e9e1dabb,0.989
1456297081.0,7709f8cb,0.979
1456297081.0,174ac356,0.989
1456297081.0,b511f34b,0.979
1456297081.0,49a9b4e0,1.009
1456297081.0,90c8ee01,0.969
1456297081.0,8a1616d4,0.999
1456297081.0,077be4df,0.989
1456297081.0,fd835d6e,1.029
1456297081.0,5c39d395,0.989
1456297081.0,eaa8f83c,0.999
1456297081.0,7e1ad2f6,0.939
1456297081.0,51e1327b,1.019
1456297081.0,12967a7f,1.009
1456297081.0,53d66d41,0.949
1456297081.0,34832faa,1.019
1456297081.0,3082ffa7,0.999
1456297081.0,48a48e67,0.939
1456297081.0,0b2dae68,0.969
1456297081.0,9256a6d6,1.039
1456297081.0,0eb17bed,1.009
1456297081.0,5b37a40b,0.999
1456297081.0,2da4b2d5,0.959
1456297081.0,6cf550c8,0.999
1456297081.0,a253f17e,1.029
1456297081.0,576e47d1,0.979
1456297081.0,615f2b40,0.949
1456297081.0,55af4e12,0.979
1456297081.0,92e54876,0.999
1456297081.0,db8bff55,0.999
1456297081.0,100b6cf2,0.989
1456297081.0,43fefea0,0.949
1456297081.0,61efe1ae,0.919
1456297081.0,84190755,0.989
1456297081.0,2080cd01,0.989
1456297081.0,e4b56a05,1.079
1456297081.0,0bd89a27,1.009
1456297081.0,e4e4bf18,0.979
1456297081.0,2b1d13c5,0.969
1456297081.0,4307435a,1.009
1456297081.0,ccd1f9f2,1.019
1456297081.0,20dcb5cd,1.009
1456297081.0,d338e293,0.999
1456297081.0,5ca327ae,0.959
1456297081.0,a709f6ca,0.989
1456297081.0,cf27197f,0.999
1456297081.0,334babb3,0.989
1456297081.0,03436a85,1.029
1456297081.0,010a1240,0.949
1456297081.0,79eb6d1c,1.009
1456297081.0,77c875bb,0.979
1456297081.0,b445b16a,1.009
1456297081.0,37768192,0.989
1456297081.0,c0508b12,1.019
1456297081.0,72874a88,0.989
1456297081.0,016f3133,0.959
1456297081.0,d3dc7d8c,1.009
1456297081.0,ce2cb57e,0.959
1456297081.0,088d1639,1.029
1456297081.0,fb2e36a4,0.989
1456297081.0,812e609b,0.949
1456297081.0,322b4a46,1.019
1456297081.0,388f42fa,0.989
1456297081.0,eb3b36ff,0.999
1456297081.0,68af1b90,0.978
1456297081.0,2b6463d1,0.979
1456297081.0,f507ce06,1.019
1456297081.0,f028637b,0.999
1456297081.0,6a2bab6d,0.979
1456297081.0,bc58fcd6,1.019
1456297081.0,6b72bc31,1.009
1456297081.0,ba7cab9b,1.019
1456297081.0,181dcd43,1.039
1456297081.0,7bed0473,0.999
1456297081.0,6e65545d,1.014
1456297081.0,f5bd997d,0.969
1456297081.0,16cd7944,0.979
1456297081.0,9136fc55,1.009
1456297081.0,28c16e42,0.979
1456297081.0,46649254,0.959
1456297081.0,8fa55c72,0.999
1456297081.0,e99b762c,0.989
1456297081.0,d46cba13,0.999
1456297081.0,42bfbcca,0.999
1456297081.0,864611cd,0.979
1456297081.0,e74e26f5,0.999
1456297081.0,356dc7aa,1.009
1456297081.0,796a3cec,0.969
1456297081.0,ddb691b0,0.999
1456297081.0,62d5be65,1.029
1456297081.0,4c5615f5,0.949
1456297081.0,22bd0a6a,0.979
1456297081.0,f8947f1b,0.999
1456297081.0,51011eb5,0.969
1456297081.0,c03e7ffa,0.949
1456297081.0,49cc8698,0.949
1456297081.0,dfde85fc,1.019
1456297081.0,c5f1c80c,0.999
1456297081.0,22521c52,1.019
1456297081.0,7cdc9523,1.009
1456297081.0,35de2e09,0.999
1456297081.0,456b0585,0.999
1456297081.0,057efe6f,0.979
1456297081.0,7d4e7386,0.949
1456297081.0,dd5107f2,0.979
1456297081.0,9fc5c687,0.979
1456297081.0,835a8691,0.989
1456297081.0,e431e0c7,0.959
1456297081.0,7902adc7,0.999
1456297081.0,27f12faa,0.979
1456297081.0,f6eddbb3,0.989
1456297081.0,d84de198,0.989
1456297081.0,a0f3e216,0.999
1456297081.0,9f652a92,1.009
1456297081.0,c2d485ca,0.989
1456297081.0,8d192dd1,1.009
1456297081.0,b71fea96,1.009
1456297081.0,caf4c5e5,0.979
1456297081.0,,1.009
1456297081.0,55fc2c6d,0.999
1456297081.0,9100dea8,1.039
1456297081.0,2e589edd,0.989
1456297081.0,c1d8eb68,0.999
1456297081.0,a17c7f62,1.009
1456297081.0,7e90e887,0.958
1456297081.0,4f2f425b,0.949
1456297081.0,530cc62e,1.019
1456297081.0,91d18db5,0.989
1456297081.0,9da3a4c0,1.009
1456297081.0,82319435,0.999
1456297081.0,a202f414,0.949
1456297081.0,a374c73d,0.989
1456297081.0,0800eb0f,1.009
1456297081.0,9199777f,0.999
1456297081.0,6e858274,0.969
1456297081.0,e9ef6088,0.979
1456297081.0,97c6460d,0.999
1456297081.0,3ad01d3b,0.939
1456297081.0,1e78351c,0.999
1456297081.0,4db7ed00,0.959
1456297081.0,bdd46409,1.009
1456297081.0,74864c80,0.979
1456297081.0,751be3f3,0.999
1456297081.0,ee7c2d70,1.019
1456297081.0,409b2b7e,1.019
1456297081.0,8ea85961,0.989
1456297081.0,7415aab2,0.989
1456297081.0,71405ff7,0.999
1456297081.0,a1dd080e,1.009
1456297081.0,3ded8d7a,0.949
1456297081.0,e2800d44,0.999
1456297081.0,315c0c34,0.939
1456297081.0,d487951e,0.999
1456297081.0,969b9276,0.969
1456297081.0,97d3de54,0.989
1456297081.0,8dbbf765,0.999
1456297081.0,4579a85c,0.999
1456297081.0,b26d9567,0.949
1456297081.0,210d7aa0,0.999
1456297081.0,2f349c74,0.989
1456297081.0,05b24372,0.989
1456297081.0,76b10566,0.989
1456297081.0,9a36bae8,0.959
1456297081.0,af4316ed,0.989
1456297081.0,5921c872,0.989
1456297081.0,0dbe7cbf,0.999
1456297081.0,2fa6d835,1.009
1456297081.0,5b7c410e,0.949
1456297081.0,cbb493e1,0.979
1456297081.0,3bb601ac,0.969
1456297081.0,3cef8afc,0.969
1456297081.0,d6243610,0.959
1456297081.0,0b0f2129,0.959
1456297081.0,e1eebe52,0.959
1456297081.0,89911292,0.959
1456297081.0,6860f6a1,0.949
1456297081.0,5982ef09,0.999
1456297081.0,e491b6d7,0.979
1456297081.0,13e237c2,0.999
1456297081.0,f19e24dc,1.009
1456297081.0,2644599e,1.009
1456297081.0,b4c7a5ed,1.039
1456297081.0,be946965,0.949
1456297081.0,4d9a80e1,1.039
1456297081.0,c793eda5,0.984
1456297081.0,0f0331a5,0.969
1456297081.0,8c5ae0bd,0.969
1456297081.0,ac394be0,0.979
1456297081.0,60e38539,1.029
1456297081.0,1543d9a2,0.989
1456297081.0,0764c8b7,1.029
1456297081.0,309a250b,0.979
1456297081.0,ab1efc67,1.009
1456297081.0,59c7e20b,0.999
1456297081.0,,0.989
1456297081.0,f876e3e8,0.939
1456297081.0,386796b0,0.979
1456297081.0,a8605009,0.999
1456297081.0,7b90d598,0.939
1456297081.0,b6458958,0.959
1456297081.0,f90e119d,1.039
1456297081.0,bcc28a0d,0.949
1456297081.0,b7d922c5,1.019
1456297081.0,073f77fc,0.979
1456297081.0,c8b54491,0.989
1456297081.0,c9d2b9cb,0.939
1456297081.0,68f71b6d,1.019
1456297081.0,0c1688de,0.979
1456297081.0,e07b502e,0.999
1456297081.0,d54e3a6e,0.959
1456297081.0,85e6cd0f,1.019
1456297081.0,23cab4a8,0.999
1456297081.0,04508fff,0.949
1456297081.0,217404b2,0.979
1456297081.0,fc59259b,1.019
1456297081.0,79f769b8,1.019
1456297081.0,a0088371,1.029
1456297081.0,ab3fb92f,0.959
1456297081.0,87c19f02,0.959
1456297081.0,2492502b,1.019
1456297081.0,41bdb6f9,0.918
1456297081.0,f51a2c3d,0.989
1456297081.0,7f6c2062,0.989
1456297081.0,6c3352c9,0.989
1456297081.0,48d0e555,0.979
1456297081.0,9901346d,0.969
1456297081.0,b4c63b76,0.949
1456297081.0,3d1af500,0.989
1456297081.0,3ba3cf9a,0.969
1456297081.0,606d52e3,0.999
1456297081.0,1a6fd67e,0.989
1456297081.0,4235a8fd,0.989
1456297081.0,85e1d8aa,0.999
1456297081.0,4dc8718a,0.989
1456297081.0,f4507b0a,0.999
1456297081.0,3d2f11fa,0.979
1456297081.0,d2ed6b82,0.989
1456297081.0,07908b66,0.969
1456297081.0,974de11a,0.999
1456297081.0,0da9043c,1.039
1456297081.0,a40495d3,0.939
1456297081.0,b093e5e6,1.009
1456297081.0,702a8264,0.969
1456297081.0,adaeaab7,0.989
1456297081.0,82b0380b,0.999
1456297081.0,7e221db6,1.044
1456297081.0,a54c76e8,1.009
1456297081.0,c330d63c,0.989
1456297081.0,82c54482,0.999
1456297081.0,6b4ba54d,0.979
1456297081.0,90f25014,0.969
1456297081.0,473de136,1.009
1456297081.0,a8f9e25b,1.009
1456297081.0,5fab2045,1.009
1456297081.0,f8203036,1.009
1456297081.0,01e3af77,0.979
1456297081.0,2fab73d2,0.939
1456297081.0,2a4d5e67,1.019
1456297081.0,0aa739fb,0.999
1456297321.0,8e2dbe8e,0.959
1456297321.0,684b2be8,0.989
1456297321.0,f8a9a11e,0.989
1456297321.0,d3193e38,1.019
1456297321.0,f58434d3,0.989
1456297321.0,17b8eb16,0.989
1456297321.0,65f99718,0.999
1456297321.0,20342ee3,0.999
1456297321.0,5e49a15d,0.999
1456297321.0,9a431452,0.999
1456297321.0,665040cd,1.009
1456297321.0,a212a289,0.999
1456297321.0,3d92c06f,0.919
1456297321.0,4818c908,0.949
1456297321.0,7d989a39,0.979
1456297321.0,92512d7c,0.989
1456297321.0,cc7ffbf9,0.999
1456297321.0,7e0a33b2,0.989
1456297321.0,00d52b83,0.989
1456297321.0,ed9bb208,0.989
1456297321.0,58dfb803,0.999
1456297321.0,59e24118,0.999
1456297321.0,87d550b4,0.999
1456297321.0,a6785e64,0.959
1456297321.0,4b649587,0.959
1456297321.0,1247b810,0.979
1456297321.0,8a2d62ff,0.969
1456297321.0,7dfddaf9,0.989
1456297321.0,1d0dbcee,0.979
1456297321.0,ee75d139,0.989
1456297321.0,17e38b8d,0.989
1456297321.0,bca31534,0.999
1456297321.0,cbeda884,0.979
1456297321.0,12f330d3,0.989
1456297321.0,a634c773,0.979
1456297321.0,0334f503,0.979
1456297321.0,eb5d6331,1.049
1456297321.0,eb0a0090,0.969
1456297321.0,117e8bca,0.969
1456297321.0,24f83a95,0.999
1456297321.0,8be22ce1,0.969
1456297321.0,5f0b3d94,0.979
1456297321.0,7ef38273,0.989
1456297321.0,a46b4f3d,0.969
1456297321.0,973edd3d,0.989
1456297321.0,97ba0d32,1.099
1456297321.0,b37f9c11,0.999
1456297321.0,f93f1cf6,1.009
1456297321.0,629268ea,0.999
1456297321.0,bce781d3,1.029
1456297321.0,2bb55c91,0.979
1456297321.0,00eccb46,0.939
1456297321.0,8609cc97,0.979
1456297321.0,3564f546,0.979
1456297321.0,71c8efd1,1.039
1456297321.0,76308147,0.969
1456297321.0,c2b3c7ad,0.989
1456297321.0,345d3b8a,1.029
1456297321.0,7f4e0339,0.999
1456297321.0,4e4e1a16,0.999
1456297321.0,4d40c826,0.979
1456297321.0,fbc6af74,0.969
1456297321.0,f6d9b461,0.969
1456297321.0,c20a8487,0.949
1456297321.0,81342b13,0.969
1456297321.0,403c6797,0.949
1456297321.0,bdda7ca8,0.979
1456297321.0,f1b1a06d,0.979
1456297321.0,d6e3342a,0.989
1456297321.0,3ca3cce3,1.039
1456297321.0,796a098a,0.999
1456297321.0,4d917f63,0.969
1456297321.0,f60958ff,0.959
1456297321.0,6348db3f,0.949
1456297321.0,8086f03a,0.938
1456297321.0,478964f7,1.009
1456297321.0,8db8c96c,1.019
1456297321.0,34740e34,0.999
1456297321.0,4cd27bd4,0.989
1456297321.0,0c2b92ac,1.029
1456297321.0,4be880d0,1.009
1456297321.0,3b4c70df,1.029
1456297321.0,c76945cf,0.989
1456297321.0,c8961000,0.999
1456297321.0,38c5df1f,0.999
1456297321.0,060f0641,0.949
1456297321.0,de5c5ab4,1.039
1456297321.0,9140f75b,0.989
1456297321.0,c2cb0818,0.969
1456297321.0,09d4eccb,0.999
1456297321.0,7a760845,0.989
1456297321.0,67adadfc,0.989
1456297321.0,1f310da9,0.959
1456297321.0,9a598c61,0.989
1456297321.0,00a4579d,0.969
1456297321.0,06abd985,0.939
1456297321.0,103ca42c,0.999
1456297321.0,ec33010b,0.984
1456297321.0,c17f3537,0.989
1456297321.0,2e49818d,0.989
1456297321.0,86f0ca05,0.979
1456297321.0,ad0bf4e5,1.009
1456297321.0,04fe1fbb,0.969
1456297321.0,b0be9751,0.959
1456297321.0,532a5017,0.969
1456297321.0,db29e260,0.959
1456297321.0,fa3c7cd8,0.959
1456297321.0,53df0ec3,0.989
1456297321.0,b2f45931,0.949
1456297321.0,110c184e,0.989
1456297321.0,242f5c69,0.969
1456297321.0,dc3f469b,0.969
1456297321.0,9c16f557,0.939
1456297321.0,aa86d47e,0.969
1456297321.0,81fb03d2,0.949
1456297321.0,48666ddb,0.979
1456297321.0,876763f5,0.979
1456297321.0,7b66aa84,0.969
1456297321.0,72615718,0.979
1456297321.0,050b15b6,0.989
1456297321.0,fee64542,0.959
1456297321.0,c687a4a1,0.939
1456297321.0,8c807692,0.979
1456297321.0,b4a263f0,0.989
1456297321.0,0c83befd,0.939
1456297321.0,8127a62a,0.979
1456297321.0,5001b72b,0.979
1456297321.0,89a0ee54,0.959
1456297321.0,2eccf490,0.979
1456297321.0,c8eaf4a4,0.959
1456297321.0,8f280c89,0.979
1456297321.0,77017769,1.019
1456297321.0,b511f34b,0.999
1456297321.0,27809f91,0.989
1456297321.0,4ee36e5e,0.979
1456297321.0,e0bab6c8,0.969
1456297321.0,4880519d,0.989
1456297321.0,18b5f856,1.009
1456297321.0,32569e43,0.994
1456297321.0,,0.999
1456297321.0,25a653d4,0.969
1456297321.0,8cfcff71,0.929
1456297321.0,794a868c,0.999
1456297321.0,b1ca0ed3,0.989
1456297321.0,b563f7fe,0.989
1456297321.0,31172c6e,0.989
1456297321.0,14ab7113,0.999
1456297321.0,1b7b3aab,0.949
1456297321.0,1cf625f0,0.959
1456297321.0,8cdff641,0.989
1456297321.0,39fe3076,1.009
1456297321.0,d8714e76,0.979
1456297321.0,7ac12ae4,0.979
1456297321.0,b463b410,0.969
1456297321.0,6af75028,1.029
1456297321.0,d82d3ed0,0.999
1456297321.0,96407ff6,0.999
1456297321.0,154a309d,0.989
1456297321.0,9d62bf3b,0.979
1456297321.0,471c7127,0.969
1456297321.0,f645748d,0.999
1456297321.0,926a9855,0.979
1456297321.0,a1a54361,0.999
1456297321.0,82786d09,0.939
1456297321.0,46691d06,1.019
1456297321.0,4a64b85e,0.989
1456297321.0,5e6ec38a,0.989
1456297321.0,376e6a15,0.979
1456297321.0,b0f4b28e,0.999
1456297321.0,6727ef58,1.009
1456297321.0,df6b217b,0.999
1456297321.0,e837786a,0.999
1456297321.0,a3b115d1,1.009
1456297321.0,62d0fb5f,1.009
1456297321.0,3e5ecb79,0.999
1456297321.0,994a98f2,0.969
1456297321.0,be4e3da5,0.979
1456297321.0,81dd5a9d,0.979
1456297321.0,e181d5d0,0.989
1456297321.0,76176c12,0.989
1456297321.0,023c4d8c,0.979
1456297321.0,8f39f333,1.019
1456297321.0,8bd3b9de,0.969
1456297321.0,188e69f1,0.959
1456297321.0,dcab2d5d,0.949
1456297321.0,f3d19615,0.939
1456297321.0,3b9afeb7,0.959
1456297321.0,886129d6,1.009
1456297321.0,6eb2a769,0.969
1456297321.0,38cc0cb5,0.979
1456297321.0,9136fc55,1.009
1456297321.0,c27cff48,0.999
1456297321.0,24a70c08,0.969
1456297321.0,d54da67a,0.959
1456297321.0,9272dad9,1.019
1456297321.0,f4281f38,0.919
1456297321.0,2660a5d2,0.989
1456297321.0,a5852f7d,0.939
1456297321.0,f14d7030,0.929
1456297321.0,73816646,1.009
1456297321.0,76379735,0.989
1456297321.0,087f9ad5,0.959
1456297321.0,,0.929
1456297321.0,12dd04fe,0.969
1456297321.0,f6884200,0.979
1456297321.0,0345dfe7,0.989
1456297321.0,129b7653,0.969
1456297321.0,c69c61f6,1.029
1456297321.0,a2e94245,0.999
1456297321.0,76f75d37,1.009
1456297321.0,a1456bb3,1.019
1456297321.0,a5cc92b9,0.979
1456297321.0,d4b2d77f,0.989
1456297321.0,5be837d4,0.999
1456297321.0,03b3aa33,0.969
1456297321.0,c17488ae,0.969
1456297321.0,c4395b95,0.999
1456297321.0,2feae8bd,0.939
1456297321.0,af2f9310,0.989
1456297321.0,4261ea14,0.969
1456297321.0,473b156d,1.014
1456297321.0,287fc858,0.999
1456297321.0,038e6a0c,0.979
1456297321.0,ab49a3d7,0.949
1456297321.0,4687563d,0.979
1456297321.0,4f2f425b,0.949
1456297321.0,eadc25e7,0.959
1456297321.0,790c4be8,0.989
1456297321.0,c096f63b,0.939
1456297321.0,d606d463,1.019
1456297321.0,32fa34ed,0.979
1456297321.0,fd921c70,0.999
1456297321.0,a2c4c052,0.959
1456297321.0,a35ffacf,0.979
1456297321.0,f56cecf3,1.029
1456297321.0,1464ac8a,0.969
1456297321.0,8c24cc40,0.959
1456297321.0,86cda778,0.979
1456297321.0,691d5ce3,0.989
1456297321.0,ab716edd,0.969
1456297321.0,1698d005,0.989
1456297321.0,9636dbe4,0.949
1456297321.0,e871117c,0.989
1456297321.0,a3813b89,0.989
1456297321.0,161cb545,1.029
1456297321.0,ebbb598c,0.999
1456297321.0,e2800d44,0.989
1456297321.0,fec7d478,0.959
1456297321.0,ffce6baf,0.949
1456297321.0,1e05521d,0.949
1456297321.0,,0.989
1456297321.0,da37e830,0.979
1456297321.0,a580c6ad,1.009
1456297321.0,3f871f58,0.969
1456297321.0,83f13659,1.029
1456297321.0,,0.959
1456297321.0,27ad4edd,0.989
1456297321.0,5c59a043,0.959
1456297321.0,cbb493e1,0.959
1456297321.0,c4eb2874,0.969
1456297321.0,9acedda4,1.039
1456297321.0,7387afcd,0.989
1456297321.0,ed3dcd2f,0.989
1456297321.0,332fb1ba,0.979
1456297321.0,3b738ced,0.969
1456297321.0,7a3844f2,0.989
1456297321.0,22271941,0.959
1456297321.0,308408ca,0.969
1456297321.0,092457e4,1.099
1456297321.0,307d645f,0.949
1456297321.0,6ec42145,0.959
1456297321.0,75856052,0.979
1456297321.0,e00ca8bb,0.989
1456297321.0,4ae6afd6,0.999
1456297321.0,4829f4f6,1.019
1456297321.0,18cc7b01,0.989
1456297321.0,1c3b6ee2,0.989
1456297321.0,860c7ffb,0.969
1456297321.0,ab1efc67,0.999
1456297321.0,c269e5db,0.989
1456297321.0,294ed3f5,1.099
1456297321.0,1f577d83,0.969
1456297321.0,d32835d5,0.949
1456297321.0,f9e89c40,0.979
1456297321.0,981fcdf6,1.019
1456297321.0,d85ccd5e,0.979
1456297321.0,b41d8903,0.969
1456297321.0,8117afb7,0.949
1456297321.0,7f870dfd,0.979
1456297321.0,3bfc6e44,0.979
1456297321.0,2ce60956,1.189
1456297321.0,b1020387,0.989
1456297321.0,645289b9,0.989
1456297321.0,1bce0e67,0.969
1456297321.0,6ee20bbd,0.969
1456297321.0,3728281b,0.989
1456297321.0,8ec1148e,0.979
1456297321.0,8c9cc6bc,0.949
1456297321.0,0bb28765,0.969
1456297321.0,7142929d,0.989
1456297321.0,92dbd199,0.999
1456297321.0,435e7b69,0.969
1456297321.0,c846f887,0.979
1456297321.0,c3e9fea8,0.994
1456297321.0,10c81160,1.049
1456297321.0,b136a71d,0.959
1456297321.0,2cbca1fc,0.969
1456297321.0,83e1a999,0.959
1456297321.0,f185e887,0.999
1456297321.0,8577f793,0.929
1456297321.0,74adc87d,0.959
1456297321.0,5c8ccf98,0.969
1456297321.0,bd3093f4,0.969
1456297321.0,6f8c077f,0.959
1456297321.0,991367ac,0.959
1456297321.0,04486e6c,0.969
1456297321.0,6798b5d8,0.989
1456297321.0,9170b9cb,0.989
1456297321.0,,0.959
1456297321.0,1f1403a7,1.019
1456297321.0,ea850711,0.979
1456297321.0,11c799de,0.999
1456297321.0,b093e5e6,1.009
1456297321.0,d00be129,0.989
1456297321.0,7406d60c,1.009
1456297321.0,3fb5dad7,0.969
1456297321.0,631cd0c7,0.989
1456297321.0,41453b7f,1.009
1456297321.0,248918d0,0.999
1456297321.0,5270f932,1.009
1456297321.0,6b4ba54d,0.999
1456297321.0,64e7e37c,0.979
1456297321.0,1365e671,0.979
1456297321.0,5b1fabef,0.969
1456297321.0,8962a152,0.969
1456297321.0,2132d21b,0.989
1456297321.0,537b151f,0.979
1456297321.0,ccf05044,0.939
1456297321.0,46c0cc5b,0.949
1456297321.0,0b37f4f1,0.969
1456297321.0,a96e4603,0.969
1456297321.0,b67f8bb3,0.989
1456297321.0,a41abd0c,0.959
1456297321.0,014adbc0,0.999
1456297561.0,dfc32fdb,0.989
1456297561.0,23cb4077,0.999
1456297561.0,f8dd9f46,0.999
1456297561.0,0c3d62f5,0.989
1456297561.0,800f2ca2,0.989
1456297561.0,88693ceb,0.959
1456297561.0,28350f69,0.969
1456297561.0,ce24c718,0.949
1456297561.0,0536c920,0.999
1456297561.0,d2578b12,0.979
1456297561.0,5cf99b9e,0.969
1456297561.0,e1b4b7f3,0.979
1456297561.0,90bfadfa,0.989
1456297561.0,d109e19e,0.999
1456297561.0,893b96a5,0.999
1456297561.0,9b59c5b0,0.989
1456297561.0,4e3adf89,0.979
1456297561.0,d50f75c4,0.979
1456297561.0,3d8adc15,0.979
1456297561.0,5a22f16c,0.989
1456297561.0,4da4802c,0.999
1456297561.0,c17b17c8,0.979
1456297561.0,134cefdf,0.969
1456297561.0,e9eeb033,0.939
1456297561.0,cb7b59b6,1.009
1456297561.0,c6af1c49,0.999
1456297561.0,549a242e,1.009
1456297561.0,6cfd795c,0.989
1456297561.0,acf24033,0.989
1456297561.0,054eaec2,0.999
1456297561.0,3f809e45,0.999
1456297561.0,7c8cc75b,0.989
1456297561.0,9b76dd1d,0.999
1456297561.0,de115c83,0.959
1456297561.0,0b19d5fe,0.989
1456297561.0,4aaa267e,0.999
1456297561.0,2820e4a6,0.969
1456297561.0,e6c4cb15,0.989
1456297561.0,d5a86b4b,1.099
1456297561.0,7a80054c,0.989
1456297561.0,3c01d155,0.999
1456297561.0,c2cfa7d5,0.969
1456297561.0,ae0b5aa6,1.009
1456297561.0,b1df20da,0.989
1456297561.0,e1b2f9c0,0.979
1456297561.0,d3b57fc9,0.999
1456297561.0,6b162563,0.979
1456297561.0,4d87be41,0.999
1456297561.0,49c15bc9,0.989
1456297561.0,2a8702e9,0.959
1456297561.0,4fe1e4cc,0.969
1456297561.0,c5cb9d46,0.999
1456297561.0,cf6cd137,1.009
1456297561.0,2a348345,0.979
1456297561.0,2b60b515,0.969
1456297561.0,ad7b7c05,1.009
1456297561.0,b5028985,1.029
1456297561.0,4190ae32,0.999
1456297561.0,9f7d89ff,0.959
1456297561.0,6687aab3,0.999
1456297561.0,7dc32cd3,0.949
1456297561.0,2ae36ba1,0.949
1456297561.0,af468490,1.009
1456297561.0,3aba7e15,0.989
1456297561.0,69d23d4e,0.969
1456297561.0,354f6a44,1.019
1456297561.0,17d98ba9,0.989
1456297561.0,7a719de4,1.029
1456297561.0,062cca99,0.969
1456297561.0,d3c6e8a2,0.939
1456297561.0,d84e5b34,0.979
1456297561.0,5f34425a,0.979
1456297561.0,7d7180f2,1.009
1456297561.0,b066103f,0.989
1456297561.0,e7b78fcf,1.009
1456297561.0,a3b7ebf8,1.009
1456297561.0,93b523f0,1.159
1456297561.0,e92281f9,1.009
1456297561.0,ad7fb7be,0.959
1456297561.0,9d98d36c,1.049
1456297561.0,f5ddff39,0.969
1456297561.0,,0.989
1456297561.0,84d195a7,1.019
1456297561.0,ec4683cf,1.029
1456297561.0,4a647add,1.044
1456297561.0,310899cd,0.979
1456297561.0,2064ed3c,0.969
1456297561.0,eeb36e25,1.009
1456297561.0,16b0be39,0.999
1456297561.0,f2ac2fd2,1.019
1456297561.0,68c7b059,0.959
1456297561.0,0f76854a,1.019
1456297561.0,4130795c,0.989
1456297561.0,959760d1,0.989
1456297561.0,d2b9e2a3,0.989
1456297561.0,b0a3504b,1.009
1456297561.0,0aececa4,0.989
1456297561.0,aab15586,0.959
1456297561.0,a07f741f,1.009
1456297561.0,b24e03a5,0.999
1456297561.0,6b69df8f,1.019
1456297561.0,e2c6b885,1.009
1456297561.0,398f397d,0.999
1456297561.0,8067eaa3,1.009
1456297561.0,6aba45bf,0.989
1456297561.0,14d00757,0.979
1456297561.0,6b7777cb,0.979
1456297561.0,c2301b5a,0.999
1456297561.0,07e43968,0.959
1456297561.0,df34af64,0.979
1456297561.0,0cae0d02,1.029
1456297561.0,e20c7066,1.009
1456297561.0,d1008b23,0.999
1456297561.0,bbe6dd3b,0.959
1456297561.0,3b4c70df,1.009
1456297561.0,34293664,0.959
1456297561.0,c9cc0c6b,0.989
1456297561.0,8d590271,0.989
1456297561.0,8c19e662,0.989
1456297561.0,9e6ada8a,0.999
1456297561.0,2ff0d839,0.969
1456297561.0,de18aa7d,0.989
1456297561.0,9b7becbc,1.009
1456297561.0,c08bba33,1.009
1456297561.0,20e9b084,0.929
1456297561.0,c9f99a88,0.949
1456297561.0,98a945b9,0.989
1456297561.0,fd3c454f,1.009
1456297561.0,64d3fea8,0.999
1456297561.0,b5f637aa,1.009
1456297561.0,11c55079,0.939
1456297561.0,d7932eeb,0.959
1456297561.0,8ab710a0,0.979
1456297561.0,4d77b026,0.999
1456297561.0,c3aa0b78,0.979
1456297561.0,87d167da,0.989
1456297561.0,2ec70998,0.989
1456297561.0,fe2084ca,0.999
1456297561.0,5a3e246d,1.009
1456297561.0,25528e17,0.958
1456297561.0,0cfa6754,0.999
1456297561.0,e8b13926,1.009
1456297561.0,84953eae,1.019
1456297561.0,f8562e1c,0.929
1456297561.0,e17eccc4,1.029
1456297561.0,7b943951,0.969
1456297561.0,224db9ea,0.969
1456297561.0,2d22d73a,1.009
1456297561.0,dff52c69,0.999
1456297561.0,aafb9292,0.999
1456297561.0,78b3ccb1,0.979
1456297561.0,e6be1477,0.959
1456297561.0,557f7d87,0.979
1456297561.0,a7be9b25,0.989
1456297561.0,cc9fe40d,0.999
1456297561.0,eb79ce7f,1.009
1456297561.0,37e841fa,0.979
1456297561.0,b1628a80,0.979
1456297561.0,925f335a,0.999
1456297561.0,7cf9c06f,0.989
1456297561.0,e48ca6d1,0.989
1456297561.0,04583028,0.999
1456297561.0,65154942,0.979
1456297561.0,eaa7c105,0.949
1456297561.0,6a9f29fb,0.979
1456297561.0,8976ce99,0.959
1456297561.0,24f09d82,0.939
1456297561.0,658cce02,0.989
1456297561.0,da28f05d,0.959
1456297561.0,1ea1e147,0.979
1456297561.0,91a5c341,0.959
1456297561.0,176e9b96,0.959
1456297561.0,f67b6a8f,0.999
1456297561.0,dfd511ab,0.979
1456297561.0,138b43bf,0.969
1456297561.0,0451fc7d,0.989
1456297561.0,f0da030f,1.009
1456297561.0,bb39a843,0.969
1456297561.0,657861bc,0.989
1456297561.0,a9f2eece,0.979
1456297561.0,fdb2c58e,0.999
1456297561.0,0bec4dba,0.939
1456297561.0,0a4f03c9,0.989
1456297561.0,d04e4045,0.989
1456297561.0,bc81a8ae,0.999
1456297561.0,32ba58a5,1.099
1456297561.0,d0407554,0.969
1456297561.0,a99fe7eb,0.979
1456297561.0,4370ed3a,0.979
1456297561.0,aff10140,1.009
1456297561.0,d265fb7c,0.979
1456297561.0,b375596b,1.049
1456297561.0,b387d3fa,0.999
1456297561.0,ee4ab1fa,1.049
1456297561.0,ffdd96e7,0.989
1456297561.0,da93bb21,0.959
1456297561.0,9822514a,0.969
1456297561.0,0cce0f70,1.139
1456297561.0,0543d2e4,1.019
1456297561.0,ed8a5a8a,0.989
1456297561.0,9719805f,0.999
1456297561.0,465fb754,0.989
1456297561.0,06f668ff,0.979
1456297561.0,8ca1f59e,0.959
1456297561.0,491a07d2,1.019
1456297561.0,ab2859a5,0.999
1456297561.0,ca0c1721,0.989
1456297561.0,8f1f8544,0.979
1456297561.0,,0.999
1456297561.0,cc0830cf,0.999
1456297561.0,1ae63c31,0.979
1456297561.0,8f7c069a,0.989
1456297561.0,7f2dbefe,0.989
1456297561.0,,0.989
1456297561.0,8309ecb0,0.999
1456297561.0,e0758377,0.969
1456297561.0,b01cf6f6,0.989
1456297561.0,0d37d37b,0.939
1456297561.0,8b0687ba,1.019
1456297561.0,a82fd967,0.989
1456297561.0,a97b419d,1.009
1456297561.0,6603174b,1.009
1456297561.0,474197ee,0.969
1456297561.0,133677b3,0.989
1456297561.0,0088407b,1.009
1456297561.0,db26ca9c,1.019
1456297561.0,42e838c7,0.989
1456297561.0,54dcc913,0.989
1456297561.0,443ddb72,1.009
1456297561.0,9bcd0dae,0.969
1456297561.0,dca18dd2,1.019
1456297561.0,5da4505e,0.959
1456297561.0,b5ead699,1.009
1456297561.0,dad373d3,0.969
1456297561.0,44bf3174,0.969
1456297561.0,f885a3d3,0.989
1456297561.0,f96059fa,1.009
1456297561.0,cb2bffd6,1.009
1456297561.0,f77487da,0.949
1456297561.0,f39d03d7,0.949
1456297561.0,d4310eb6,0.999
1456297561.0,,0.989
1456297561.0,d19b61da,0.989
1456297561.0,1623a484,1.009
1456297561.0,88128993,0.999
1456297561.0,e7442b52,0.999
1456297561.0,8e2ad6dc,0.989
1456297561.0,626660bc,0.989
1456297561.0,7b73b743,1.019
1456297561.0,1e7f80e8,0.999
1456297561.0,e8befa14,0.999
1456297561.0,b38a715c,0.989
1456297561.0,cbc79cc7,0.999
1456297561.0,5271a4f6,0.989
1456297561.0,917af1e0,0.999
1456297561.0,76e0688e,0.999
1456297561.0,7fc9d4ff,0.989
1456297561.0,0a5b2682,1.059
1456297561.0,4ff9d49d,0.989
1456297561.0,dee5637c,0.999
1456297561.0,c0ccdcc4,0.989
1456297561.0,00956a49,0.959
1456297561.0,19447be6,0.969
1456297561.0,b3d2e1c5,0.999
1456297561.0,162f1e57,0.984
1456297561.0,5629e39c,1.009
1456297561.0,80ec45da,0.959
1456297561.0,7b0e8c8c,0.989
1456297561.0,4d0a22fb,1.019
1456297561.0,33a1193c,1.009
1456297561.0,1422263b,0.999
1456297561.0,f8cd8b31,0.959
1456297561.0,a3956c28,0.939
1456297561.0,2bb65033,1.099
1456297561.0,bf552ee6,0.959
1456297561.0,271c3a4f,0.929
1456297561.0,b212ad4b,1.009
1456297561.0,d2646278,1.009
1456297561.0,5a5bd833,0.989
1456297561.0,26ae107e,0.979
1456297561.0,f4a86f83,0.949
1456297561.0,22c97836,1.009
1456297561.0,77d95702,0.979
1456297561.0,54aa9266,0.969
1456297561.0,da701b06,0.999
1456297561.0,58439a69,0.989
1456297561.0,6cf3fd28,0.999
1456297561.0,60deaffb,1.009
1456297561.0,68519520,0.959
1456297561.0,543855ac,1.009
1456297561.0,95a133c8,0.959
1456297561.0,cfe82c42,0.999
1456297561.0,1557ee20,0.979
1456297561.0,8b6fe7ae,0.989
1456297561.0,2660c764,0.989
1456297561.0,78e8bb93,0.989
1456297561.0,9bccabe6,0.989
1456297561.0,cf6ad0e9,0.989
1456297561.0,49633dc8,0.989
1456297561.0,ebb6637d,0.989
1456297561.0,12516ab9,0.959
1456297561.0,cb409a1c,0.989
1456297561.0,cbe160e3,0.969
1456297561.0,4960decd,1.099
1456297561.0,fd278e66,0.989
1456297561.0,997db707,0.959
1456297561.0,864d06ee,0.999
1456297561.0,094edc06,1.029
1456297561.0,8e214251,0.999
1456297561.0,332d02ad,0.999
1456297561.0,23ffa8c7,0.924
1456297561.0,09c3b83f,0.979
1456297561.0,e2a68953,0.969
1456297561.0,5d4e52c0,0.999
1456297561.0,73ad722d,0.979
1456297561.0,ea01675f,0.949
1456297561.0,cb673463,0.989
1456297561.0,830faf16,0.999
1456297561.0,de0d13cd,0.969
1456297561.0,cb04d9ea,0.979
1456297561.0,d38f9f16,0.979
1456297561.0,9e6d20cc,0.999
1456297561.0,4dd8d911,0.999
1456297561.0,e5658344,1.019
1456297561.0,70cfddc2,1.009
1456297561.0,d8b1a758,0.939
1456297561.0,53d2ed19,1.009
1456297561.0,4c6fce6c,0.999
1456297561.0,ee9b9dc5,0.999
1456297561.0,c1f4955f,1.009
1456297561.0,9679655e,1.009
1456297561.0,0a6dec42,0.969
1456297561.0,9be01fd7,0.969
1456297561.0,c1a93b91,0.959
1456297561.0,95845353,1.009
1456297561.0,9558140d,1.019
1456297561.0,4f2f425b,0.949
1456297561.0,59f961f5,0.979
1456297561.0,2925337f,1.019
1456297561.0,0683e641,0.949
1456297561.0,d9663827,1.019
1456297561.0,15566f60,1.039
1456297561.0,8b2f9092,0.999
1456297561.0,8b3bfbbc,0.989
1456297561.0,3bea1c7f,1.029
1456297561.0,fff1f639,0.969
1456297561.0,85fc0347,0.999
1456297561.0,91636cd2,0.979
1456297561.0,56be011a,1.149
1456297561.0,56afcb19,0.949
1456297561.0,20959753,1.029
1456297561.0,6f047352,0.939
1456297561.0,74148a57,0.999
1456297561.0,2ae61bab,0.999
1456297561.0,958542ce,0.989
1456297561.0,45fd5719,1.009
1456297561.0,9c7b372a,0.959
1456297561.0,b040c821,0.999
1456297561.0,47c5f8f7,0.999
1456297561.0,a5547367,0.969
1456297561.0,0d779f5e,1.029
1456297561.0,a3813b89,0.979
1456297561.0,bd6c269c,0.909
1456297561.0,8ce1b5f8,1.009
1456297561.0,91cac178,0.999
1456297561.0,4b14d7f0,1.009
1456297561.0,94f34687,1.009
1456297561.0,b4e0667f,0.999
1456297561.0,ad1c95ab,1.159
1456297561.0,e291397b,1.009
1456297561.0,,0.989
1456297561.0,d1b1547c,1.009
1456297561.0,9f711a09,0.969
1456297561.0,5204d6df,0.989
1456297561.0,e5710690,0.959
1456297561.0,391e14ca,0.949
1456297561.0,52303ab3,0.999
1456297561.0,bd227bfb,1.019
1456297561.0,0d6425bc,0.999
1456297561.0,8c5eeeac,0.999
1456297561.0,fe172e09,0.999
1456297561.0,080b1017,1.019
1456297561.0,d1ff19d3,1.009
1456297561.0,6da23946,0.999
1456297561.0,1fa84ca6,0.989
1456297561.0,1848de21,0.999
1456297561.0,10f4b8f5,0.999
1456297561.0,308408ca,0.959
1456297561.0,474644ad,0.999
1456297561.0,5dcd5582,0.989
1456297561.0,6adb2e0c,0.959
1456297561.0,86e12f55,0.959
1456297561.0,6041e2b6,1.009
1456297561.0,5e1d80de,0.929
1456297561.0,4c70c97c,1.019
1456297561.0,14295632,0.939
1456297561.0,c5d7d298,0.989
1456297561.0,129d1493,0.959
1456297561.0,d790573d,0.979
1456297561.0,46dc9054,0.999
1456297561.0,8a4440a7,1.019
1456297561.0,d5289a25,0.959
1456297561.0,72b223b1,0.939
1456297561.0,849ac669,1.009
1456297561.0,44222522,0.989
1456297561.0,5aa8ba94,0.979
1456297561.0,3b9a2c70,0.989
1456297561.0,bbc1d831,0.989
1456297561.0,ae948682,1.019
1456297561.0,f2363645,1.019
1456297561.0,e7dd6621,0.934
1456297561.0,069e66bc,0.969
1456297561.0,350465a6,0.959
1456297561.0,aaa58622,1.029
1456297561.0,0764c8b7,1.009
1456297561.0,f90e119d,1.009
1456297561.0,f0d226b8,0.969
1456297561.0,d99f8c72,0.999
1456297561.0,58c92ed6,0.989
1456297561.0,74c7be75,0.999
1456297561.0,5d194c9b,1.159
1456297561.0,d3a45b84,0.949
1456297561.0,9f02c9d0,0.989
1456297561.0,1219a469,1.019
1456297561.0,bad87216,0.979
1456297561.0,,0.969
1456297561.0,4a8ba2e5,1.199
1456297561.0,024c1344,1.009
1456297561.0,6a5b57f4,1.029
1456297561.0,c5b214ef,1.049
1456297561.0,d3e42b7c,0.999
1456297561.0,27c6fcd5,1.009
1456297561.0,bdceff30,0.949
1456297561.0,9220c62a,0.989
1456297561.0,5c451464,0.979
1456297561.0,351dd222,0.989
1456297561.0,f42ca072,0.999
1456297561.0,e2a5f261,0.999
1456297561.0,267e21dd,0.979
1456297561.0,4349fbc3,0.999
1456297561.0,9557f893,0.999
1456297561.0,1a6fd67e,0.989
1456297561.0,5fd30b48,1.029
1456297561.0,2e85ab3d,0.989
1456297561.0,1247a204,1.039
1456297561.0,4eaad293,0.969
1456297561.0,7c3d138b,0.929
1456297561.0,b5741ecf,0.969
1456297561.0,2f28dcdf,1.039
1456297561.0,c77607db,0.989
1456297561.0,8b89b2b8,0.959
1456297561.0,1f59edd4,0.999
1456297561.0,f8abf94c,0.949
1456297561.0,b91e259c,1.029
1456297561.0,ec2a5548,0.949
1456297561.0,aee35b92,0.979
1456297561.0,5fc94f68,1.009
1456297561.0,a774140b,0.999
1456297561.0,c7eb5131,0.949
1456297561.0,67a0637d,0.949
1456297561.0,9f9d06bd,1.014
1456297561.0,076da68e,0.979
1456297561.0,c9d5e94d,0.989
1456297561.0,8ca3a1ef,1.119
1456297561.0,7269da44,1.009
1456297561.0,8979e403,0.959
1456297561.0,4657a318,0.999
1456297801.0,fd8acdfd,1.019
1456297801.0,2587793f,1.029
1456297801.0,f7d2bcca,0.989
1456297801.0,58dc4ce1,0.989
1456297801.0,b81b8885,0.989
1456297801.0,c32a82d9,0.999
1456297801.0,58a1bfb9,0.989
1456297801.0,0a06a5d3,0.979
1456297801.0,cd730ee9,0.969
1456297801.0,1ad58c2b,0.989
1456297801.0,692e3609,0.979
1456297801.0,312353ed,0.949
1456297801.0,4dc57f20,0.999
1456297801.0,65d316f1,0.979
1456297801.0,cea20e68,0.979
1456297801.0,dfe43ff9,0.949
1456297801.0,190c77e7,0.979
1456297801.0,dd270564,0.959
1456297801.0,ee0b813f,0.989
1456297801.0,b8fa7f55,0.969
1456297801.0,9a11b9a9,0.979
1456297801.0,1509b860,0.969
1456297801.0,21dc7e61,0.969
1456297801.0,ad7e1163,0.989
1456297801.0,0335180a,1.009
1456297801.0,7d98e545,0.959
1456297801.0,48085700,1.009
1456297801.0,bf5b9c36,0.989
1456297801.0,bc572eb7,0.999
1456297801.0,c597ae24,1.009
1456297801.0,609e4eb1,1.019
1456297801.0,cb7b59b6,0.999
1456297801.0,e399a8ea,0.989
1456297801.0,bcace6fa,0.969
1456297801.0,2ddaec8d,0.939
1456297801.0,4ebf7b5b,0.989
1456297801.0,ee36bec6,0.939
1456297801.0,668cb8e1,0.949
1456297801.0,831b5225,0.979
1456297801.0,4281b5d2,0.959
1456297801.0,30c2709e,0.979
1456297801.0,1650734b,1.029
1456297801.0,148a7a27,1.059
1456297801.0,24623d1e,0.999
1456297801.0,234c6f7e,0.989
1456297801.0,ed84fb55,0.969
1456297801.0,16b53bbf,1.019
1456297801.0,f785fb75,0.979
1456297801.0,ce2f1007,1.019
1456297801.0,d10d6c8d,0.949
1456297801.0,24e62803,0.939
1456297801.0,83bbc321,0.989
1456297801.0,d7bb7cbb,0.959
1456297801.0,45bd4b76,0.959
1456297801.0,8d806152,0.939
1456297801.0,3c982b3a,0.989
1456297801.0,f81448e3,1.08
1456297801.0,c595c849,1.009
1456297801.0,884a1646,0.999
1456297801.0,0965f28c,1.019
1456297801.0,763d8dd8,0.999
1456297801.0,5dc70b90,0.989
1456297801.0,c003352f,0.969
1456297801.0,5d4a550d,0.989
1456297801.0,5ef14445,0.999
1456297801.0,8e50b796,1.019
1456297801.0,fb686be7,1.009
1456297801.0,98860edd,0.989
1456297801.0,365236e8,1.029
1456297801.0,f0d7ea8a,0.969
1456297801.0,b5028985,1.029
1456297801.0,6f6a8c9c,0.989
1456297801.0,5a8fcce2,0.979
1456297801.0,cb61d796,0.999
1456297801.0,1f897af1,0.969
1456297801.0,10a8c388,0.959
1456297801.0,be428e6e,1.149
1456297801.0,35dcdb61,0.999
1456297801.0,06a21d8f,0.959
1456297801.0,bae5bc24,0.989
1456297801.0,384d5e02,0.979
1456297801.0,12aafa0c,0.969
1456297801.0,9c3caa26,1.029
1456297801.0,955ed41d,0.984
1456297801.0,d26548b6,0.979
1456297801.0,aa57fbe1,0.989
1456297801.0,eede80ef,0.939
1456297801.0,63aa7558,1.009
1456297801.0,8a0db953,0.979
1456297801.0,f233face,0.999
1456297801.0,a1c28fee,0.979
1456297801.0,859fc025,0.969
1456297801.0,e6c42bec,0.959
1456297801.0,67d125a6,0.974
1456297801.0,392c6ac7,0.989
1456297801.0,6d44f87b,0.989
1456297801.0,d2905129,0.979
1456297801.0,710830cb,0.969
1456297801.0,f30258dc,0.999
1456297801.0,,1.009
1456297801.0,70900101,1.034
1456297801.0,e448c44d,0.969
1456297801.0,548c8c9c,0.999
1456297801.0,70c08251,0.989
1456297801.0,02b40ec3,0.949
1456297801.0,8b2d18f9,0.939
1456297801.0,87e8f563,0.949
1456297801.0,2f92fadd,0.999
1456297801.0,a7a5f25b,0.949
1456297801.0,8a577495,0.989
1456297801.0,ce204e86,0.999
1456297801.0,e1f35c29,0.969
1456297801.0,58bc480d,0.994
1456297801.0,61907898,1.019
1456297801.0,61f59311,0.979
1456297801.0,81b4d248,0.959
1456297801.0,185c6827,1.009
1456297801.0,b154220c,0.999
1456297801.0,ac1ca792,1.019
1456297801.0,3ca3cce3,1.009
1456297801.0,fdef9afa,0.999
1456297801.0,2890d1fb,0.999
1456297801.0,4586c365,0.999
1456297801.0,8c76092e,0.969
1456297801.0,2ebdf5e8,0.989
1456297801.0,e5cb0020,0.979
1456297801.0,ae3fcddd,0.989
1456297801.0,33554d6c,1.029
1456297801.0,285e45c2,0.989
1456297801.0,4fdca23f,0.989
1456297801.0,4e1fa698,0.979
1456297801.0,19677f59,0.999
1456297801.0,414a4374,1.019
1456297801.0,ff894f80,1.029
1456297801.0,65c13d89,0.979
1456297801.0,bbc2b8d4,0.969
1456297801.0,1bfef5b8,0.969
1456297801.0,d15d1648,0.999
1456297801.0,b8c6494d,0.969
1456297801.0,c59ede00,0.969
1456297801.0,8c5d615e,1.019
1456297801.0,09d4eccb,0.989
1456297801.0,6d6ba0fc,0.999
1456297801.0,ab4840e2,0.979
1456297801.0,1f310da9,0.949
1456297801.0,1922bce9,0.959
1456297801.0,47c14a5e,1.029
1456297801.0,ae88cb1f,0.969
1456297801.0,d9de1c75,0.999
1456297801.0,ce9c03ce,0.989
1456297801.0,a09958dd,0.989
1456297801.0,ed74a070,1.009
1456297801.0,eca01ef8,1.019
1456297801.0,8737cde9,1.009
1456297801.0,73da0ab6,0.959
1456297801.0,38cbcd42,1.039
1456297801.0,94698ee8,0.999
1456297801.0,283d3a46,0.984
1456297801.0,f239acaf,0.939
1456297801.0,7e3542f5,0.999
1456297801.0,124fa87c,0.979
1456297801.0,f08235a1,0.949
1456297801.0,e206c1b6,0.959
1456297801.0,f435573a,0.999
1456297801.0,0bec4dba,0.939
1456297801.0,83439be0,0.959
1456297801.0,aa6b62c4,1.009
1456297801.0,fb3a21ef,0.989
1456297801.0,c9a19301,0.979
1456297801.0,50c1aaef,1.019
1456297801.0,143e78de,0.999
1456297801.0,fe4f9d49,0.999
1456297801.0,3ede3ac4,0.989
1456297801.0,2721f198,0.989
1456297801.0,881e9700,1.009
1456297801.0,ce405060,0.969
1456297801.0,f76f3d3a,0.979
1456297801.0,063c7988,0.989
1456297801.0,5963169b,1.029
1456297801.0,9a4aa177,0.989
1456297801.0,84167b40,0.979
1456297801.0,32569e43,0.984
1456297801.0,e1f5b708,0.989
1456297801.0,8aa5540e,1.049
1456297801.0,035e6206,0.949
1456297801.0,9f7b3411,0.999
1456297801.0,36ce665f,0.989
1456297801.0,d5a669a6,0.979
1456297801.0,fb46bd6e,1.019
1456297801.0,f8f5edae,0.999
1456297801.0,d2d1eae3,0.949
1456297801.0,,1.009
1456297801.0,14296800,0.999
1456297801.0,c4805f18,0.949
1456297801.0,444273fb,0.999
1456297801.0,42bd894d,0.939
1456297801.0,cb489a3a,0.999
1456297801.0,2f32ed4f,0.999
1456297801.0,727b3a12,0.979
1456297801.0,cd36fb24,0.999
1456297801.0,50317e5f,0.999
1456297801.0,79e81a72,0.999
1456297801.0,bbdbf0e7,0.999
1456297801.0,dca18dd2,1.009
1456297801.0,6719ddbc,0.989
1456297801.0,84526a99,0.949
1456297801.0,662b7063,0.969
1456297801.0,0f574058,1.039
1456297801.0,677b887d,1.029
1456297801.0,555c0035,0.999
1456297801.0,d88d8a20,1.009
1456297801.0,920f6cbb,0.979
1456297801.0,99148d2d,0.969
1456297801.0,33f1db85,0.999
1456297801.0,cdf2f211,1.009
1456297801.0,2229a37a,0.959
1456297801.0,1cbb92e5,0.969
1456297801.0,4ee0535e,0.999
1456297801.0,d046f0d3,0.969
1456297801.0,91013e76,1.019
1456297801.0,4c45b855,0.949
1456297801.0,0bbce3c1,0.929
1456297801.0,1df8493a,0.989
1456297801.0,d0465699,0.999
1456297801.0,f41d8382,1.009
1456297801.0,535e45c7,0.969
1456297801.0,2ead543c,1.029
1456297801.0,36098a3a,0.989
1456297801.0,dc340ac0,0.979
1456297801.0,d63e056b,0.959
1456297801.0,c5f7c662,0.959
1456297801.0,3baa59d3,1.014
1456297801.0,2550001f,0.959
1456297801.0,4a902369,0.959
1456297801.0,cc1424f8,0.989
1456297801.0,6bc88fc7,0.959
1456297801.0,313314f6,0.989
1456297801.0,35bc34eb,0.949
1456297801.0,9fb6a9f8,0.979
1456297801.0,ab57f5d6,0.969
1456297801.0,34df7d57,1.009
1456297801.0,83e564c6,1.019
1456297801.0,f960ce49,1.009
1456297801.0,d9a504fe,0.969
1456297801.0,ba5edf8a,0.969
1456297801.0,00330016,0.989
1456297801.0,f39dbcda,0.999
1456297801.0,88348828,0.969
1456297801.0,ae2f47a9,1.019
1456297801.0,8f098aa2,0.999
1456297801.0,afef74f8,0.939
1456297801.0,,1.029
1456297801.0,eac2af55,0.999
1456297801.0,195401ef,1.009
1456297801.0,180c401e,0.999
1456297801.0,5f962ce2,0.979
1456297801.0,88ec76d7,0.999
1456297801.0,38bcb277,1.009
1456297801.0,b863dc49,0.979
1456297801.0,bf861b98,0.989
1456297801.0,ac1a5d1b,0.959
1456297801.0,42e9b9e7,0.949
1456297801.0,9a4568c6,0.949
1456297801.0,d0b3d48c,0.999
1456297801.0,4347f862,0.949
1456297801.0,9e0e4f3e,1.009
1456297801.0,53e9b1ac,0.999
1456297801.0,ebce0132,1.049
1456297801.0,8d3023de,0.979
1456297801.0,72ecbc2d,1.019
1456297801.0,b38002eb,0.989
1456297801.0,9e47d969,0.949
1456297801.0,36dc6ea5,0.959
1456297801.0,80e8cb89,1.009
1456297801.0,2945d488,0.969
1456297801.0,9090ae53,1.009
1456297801.0,e5e2bf67,0.969
1456297801.0,a715399f,1.039
1456297801.0,5962da15,0.989
1456297801.0,21045357,0.999
1456297801.0,6264e826,0.989
1456297801.0,58d274cb,1.009
1456297801.0,4a126c56,0.969
1456297801.0,d3e36a6e,0.959
1456297801.0,bec40c36,0.989
1456297801.0,1feea3c1,1.009
1456297801.0,5aeee11f,0.979
1456297801.0,4367b614,0.969
1456297801.0,0fc44087,1.019
1456297801.0,5ff01128,0.979
1456297801.0,12389609,0.979
1456297801.0,0218a51d,0.989
1456297801.0,aa46c43b,0.949
1456297801.0,73242acd,0.939
1456297801.0,9e6d20cc,0.979
1456297801.0,e6b1064f,1.009
1456297801.0,93aae403,0.989
1456297801.0,db29506f,0.999
1456297801.0,a2367d31,0.959
1456297801.0,80a74921,1.009
1456297801.0,2e3a283a,0.949
1456297801.0,5b1eb6c6,0.949
1456297801.0,f708be71,0.989
1456297801.0,6ebc646b,0.999
1456297801.0,bacddc78,0.989
1456297801.0,c985912f,1.019
1456297801.0,4ce21f31,0.999
1456297801.0,d080ea89,1.024
1456297801.0,4103c1eb,0.979
1456297801.0,07ccba78,1.009
1456297801.0,2df68795,1.009
1456297801.0,689f962f,0.979
1456297801.0,7aa37f95,0.949
1456297801.0,dfed207f,1.009
1456297801.0,8d710f46,0.989
1456297801.0,0496cd5a,1.009
1456297801.0,0d94f40b,0.999
1456297801.0,b471c98a,0.949
1456297801.0,9dd5a00c,0.989
1456297801.0,806d0511,0.999
1456297801.0,c704c346,0.969
1456297801.0,9004f49d,0.999
1456297801.0,4020de03,0.979
1456297801.0,87856e5d,0.999
1456297801.0,ecc75f2c,0.959
1456297801.0,10ffd5b9,0.989
1456297801.0,4e8aa2e9,0.999
1456297801.0,dd41b331,0.989
1456297801.0,4bbcb4db,0.969
1456297801.0,beaae59a,0.989
1456297801.0,6f3fab69,1.019
1456297801.0,3893ca3e,1.009
1456297801.0,6074cd22,0.999
1456297801.0,b8461f7b,0.979
1456297801.0,b1184001,0.979
1456297801.0,7f7b1e43,0.989
1456297801.0,e4c59692,0.999
1456297801.0,f29f4dbd,0.999
1456297801.0,747d5419,1.009
1456297801.0,02202a18,0.949
1456297801.0,fb94863a,0.999
1456297801.0,075244ea,0.999
1456297801.0,edc52f30,0.989
1456297801.0,0311c6ae,0.989
1456297801.0,210e805d,1.009
1456297801.0,643b65de,1.019
1456297801.0,83c5b0ad,0.939
1456297801.0,19b1edfc,0.989
1456297801.0,,1.009
1456297801.0,09aa4f77,0.979
1456297801.0,0b3074b7,0.999
1456297801.0,44d0cc01,1.009
1456297801.0,bd6492b8,0.999
1456297801.0,ae3c2fda,1.009
1456297801.0,bb091511,1.019
1456297801.0,2907236c,0.999
1456297801.0,506ea768,0.989
1456297801.0,5984119a,1.039
1456297801.0,b2c4b0c2,1.029
1456297801.0,c5094307,0.999
1456297801.0,39040b75,1.009
1456297801.0,e95e6a2a,0.949
1456297801.0,17bbc60e,0.959
1456297801.0,963911cc,1.039
1456297801.0,c90ddd1c,0.999
1456297801.0,f89f019c,1.019
1456297801.0,e7b6ab01,0.999
1456297801.0,640c2258,0.959
1456297801.0,462bfb81,0.959
1456297801.0,376c7260,1.029
1456297801.0,5b7c410e,0.949
1456297801.0,,0.979
1456297801.0,7eb5a5a4,0.989
1456297801.0,3bb601ac,0.969
1456297801.0,a84b87d8,0.969
1456297801.0,64784ae8,1.009
1456297801.0,ab6f459b,0.969
1456297801.0,9acedda4,1.009
1456297801.0,7a4d72a4,1.069
1456297801.0,28cedc00,0.999
1456297801.0,f6f661ae,0.999
1456297801.0,53ae9528,0.939
1456297801.0,5aa9311f,0.969
1456297801.0,9efb9e6b,0.949
1456297801.0,91698594,0.999
1456297801.0,265c7e5d,0.979
1456297801.0,26e74126,1.039
1456297801.0,9e80e5e2,0.999
1456297801.0,558f57a1,1.009
1456297801.0,092457e4,1.069
1456297801.0,f47e8638,0.979
1456297801.0,07e5acfb,1.039
1456297801.0,c7a5dad9,1.039
1456297801.0,5db56b1d,0.989
1456297801.0,6ab142e0,0.999
1456297801.0,ee19e026,0.969
1456297801.0,12d17fec,0.969
1456297801.0,de5aa582,1.009
1456297801.0,35cb7ed4,0.999
1456297801.0,d3730b6f,0.989
1456297801.0,f4217802,1.039
1456297801.0,97c7cfca,0.989
1456297801.0,24398b7a,0.989
1456297801.0,84333954,0.979
1456297801.0,b6972fc0,0.969
1456297801.0,53668235,0.999
1456297801.0,895b2c3d,0.989
1456297801.0,b84f5be2,0.969
1456297801.0,c0862a83,0.979
1456297801.0,2bec2986,0.949
1456297801.0,0f7beaca,0.999
1456297801.0,379a6719,0.969
1456297801.0,ac12c84c,1.009
1456297801.0,cd860c0f,0.999
1456297801.0,0e392bbd,0.969
1456297801.0,37f5ab7c,1.039
1456297801.0,138ce0cc,0.949
1456297801.0,1db152f7,1.009
1456297801.0,fa7a7823,0.969
1456297801.0,,0.939
1456297801.0,7eb51d57,0.979
1456297801.0,cfadc870,0.939
1456297801.0,f6936d02,1.009
1456297801.0,1d4a06c1,1.009
1456297801.0,9168991d,0.989
1456297801.0,cf57d1bf,1.009
1456297801.0,7b417f71,0.959
1456297801.0,8d86cbc4,0.979
1456297801.0,30865e09,1.009
1456297801.0,69877eac,0.959
1456297801.0,4f362e94,0.999
1456297801.0,2a7c4091,0.979
1456297801.0,f36f4393,0.999
1456297801.0,72933f5e,0.969
1456297801.0,c48df784,0.999
1456297801.0,8d6341ad,0.969
1456297801.0,9544a82b,1.039
1456297801.0,1809b397,0.979
1456297801.0,01a1e47b,0.999
1456297801.0,f36918b0,0.949
1456297801.0,2c831a38,0.989
1456297801.0,8fa20ff5,1.049
1456297801.0,77b1dec8,0.989
1456297801.0,e54e047f,1.049
1456297801.0,b3011e67,0.939
1456297801.0,10753208,0.989
1456297801.0,cb814e8e,0.959
1456297801.0,4d5f25c7,0.989
1456297801.0,881b7fb8,0.999
1456297801.0,2c3a5362,0.959
1456297801.0,548fb5af,0.994
1456297801.0,b0043b5a,0.999
1456297801.0,928e1254,0.959
1456297801.0,657e6dae,0.999
1456297801.0,5763ef3b,0.949
1456297801.0,4bb18de7,1.009
1456297801.0,68bce29e,1.019
1456297801.0,c042fdd9,0.999
1456297801.0,129427de,0.999
1456297801.0,efe39034,0.989
1456297801.0,55dd1874,0.979
1456297801.0,32dcc2c9,1.009
1456297801.0,32ecd8d4,1.009
1456297801.0,7eb456fa,1.019
1456297801.0,c26e2bbb,0.979
1456297801.0,dbdba84f,0.889
1456297801.0,873f022b,0.999
1456297801.0,7269da44,0.999
1456297801.0,6e42bec6,1.019
1456298041.0,16bc38f7,0.969
1456298041.0,cdf9674a,0.949
1456298041.0,055288cb,0.969
1456298041.0,b25a734b,0.949
1456298041.0,e4c2a687,0.969
1456298041.0,2ce9c67c,0.948
1456298041.0,7db0ea2e,0.989
1456298041.0,b5cf690e,0.979
1456298041.0,6d17edaa,0.969
1456298041.0,d027b10d,0.949
1456298041.0,778f55da,0.989
1456298041.0,59c2e6d6,0.969
1456298041.0,43951a64,1.009
1456298041.0,ee22ef31,0.979
1456298041.0,9d2b8d38,0.979
1456298041.0,76dccd6f,0.939
1456298041.0,d3a25b8a,0.939
1456298041.0,d53e3a60,0.979
1456298041.0,e6289f57,0.979
1456298041.0,9a59f347,0.949
1456298041.0,655c4244,0.999
1456298041.0,39213e3c,0.989
1456298041.0,2426c149,0.949
1456298041.0,dfb47eed,0.979
1456298041.0,c928ed36,0.979
1456298041.0,22ec99c7,0.989
1456298041.0,cd64024f,0.949
1456298041.0,6e77b649,0.939
1456298041.0,671a83b1,0.979
1456298041.0,eaf5b8e2,0.969
1456298041.0,e9eeb033,0.939
1456298041.0,55100d94,0.989
1456298041.0,bcace6fa,0.999
1456298041.0,ba0bd9d0,0.949
1456298041.0,de115c83,0.959
1456298041.0,48c665d2,0.969
1456298041.0,00206126,0.989
1456298041.0,472cc7af,0.969
1456298041.0,ee305546,0.999
1456298041.0,57813c32,0.949
1456298041.0,e8262d9e,0.979
1456298041.0,2fcd527f,0.959
1456298041.0,13ac9af6,0.979
1456298041.0,d89ba291,0.929
1456298041.0,bbf56463,0.989
1456298041.0,7b125f4e,1.009
1456298041.0,091ee9ad,1.009
1456298041.0,0eaf6606,0.969
1456298041.0,ed5d2ad9,0.989
1456298041.0,c94cdc6e,0.999
1456298041.0,3959f076,0.989
1456298041.0,e6aa9001,1.039
1456298041.0,fae436b2,0.999
1456298041.0,9f8e2486,0.959
1456298041.0,23e9a491,1.009
1456298041.0,8720b933,0.999
1456298041.0,dd62114c,0.999
1456298041.0,9dff6f12,0.989
1456298041.0,f0dcfc81,0.989
1456298041.0,2d3bede8,1.029
1456298041.0,ed2deb3d,0.979
1456298041.0,eccadaa3,1.039
1456298041.0,e7b24018,0.959
1456298041.0,93b5b301,0.999
1456298041.0,67b9bbe5,0.989
1456298041.0,59bf4a11,0.979
1456298041.0,3b3e1ce0,0.989
1456298041.0,97ba0d32,0.999
1456298041.0,b79612a4,0.999
1456298041.0,0c5920e5,0.939
1456298041.0,788fd9ec,0.999
1456298041.0,9a1a2584,0.969
1456298041.0,00eccb46,0.939
1456298041.0,708936ad,0.959
1456298041.0,3a9fbebb,1.019
1456298041.0,e9ddb2b9,1.009
1456298041.0,f30258dc,0.989
1456298041.0,c065b81d,0.984
1456298041.0,,0.999
1456298041.0,b2825105,0.949
1456298041.0,814d74ac,0.959
1456298041.0,ef878178,1.009
1456298041.0,02b40ec3,0.934
1456298041.0,2759b04f,1.179
1456298041.0,f5c869d0,0.979
1456298041.0,1d5cb0e7,0.949
1456298041.0,c6317552,0.959
1456298041.0,cc2f81e2,0.989
1456298041.0,c78085b8,0.979
1456298041.0,9b71f290,0.989
1456298041.0,90057d6c,0.989
1456298041.0,265fe46d,0.989
1456298041.0,1d1e053d,0.969
1456298041.0,9cfce39c,0.959
1456298041.0,8cec6d32,0.959
1456298041.0,e16e5312,0.999
1456298041.0,204c6f01,0.999
1456298041.0,e2c6b885,0.999
1456298041.0,e07b08d4,0.959
1456298041.0,e6c64a05,0.969
1456298041.0,8c94be49,1.009
1456298041.0,77b7abe7,0.999
1456298041.0,9fbf8dcd,1.009
1456298041.0,fc76fd7c,0.979
1456298041.0,d7523cd4,1.019
1456298041.0,65c13d89,0.979
1456298041.0,3cfdda94,0.959
1456298041.0,c8961000,0.959
1456298041.0,9b1f0c3c,1.009
1456298041.0,131436f2,1.009
1456298041.0,3c26fe7c,0.989
1456298041.0,c8216f55,0.969
1456298041.0,63b23aaa,0.979
1456298041.0,645c2661,0.979
1456298041.0,9aa047ac,1.029
1456298041.0,1548bd57,0.969
1456298041.0,ce9c03ce,0.979
1456298041.0,89f0cfb7,0.939
1456298041.0,466c174a,1.039
1456298041.0,fdfab0b9,0.989
1456298041.0,2158a603,1.019
1456298041.0,6f85f5da,0.929
1456298041.0,288e33f2,0.969
1456298041.0,9e654d43,0.939
1456298041.0,122ff711,1.009
1456298041.0,5773d9f5,0.959
1456298041.0,d1bfa6c5,0.999
1456298041.0,c7df902b,0.999
1456298041.0,22ea287c,0.999
1456298041.0,e983031d,0.989
1456298041.0,ec3d4f7a,0.949
1456298041.0,7969d4f3,0.989
1456298041.0,cca8f84d,0.979
1456298041.0,d28733f8,1.009
1456298041.0,c61bf054,1.014
1456298041.0,3f15b05a,0.959
1456298041.0,6499badf,1.049
1456298041.0,5d790a6e,0.989
1456298041.0,a99fe7eb,0.969
1456298041.0,b1b62cb5,1.009
1456298041.0,3ede3ac4,0.979
1456298041.0,f7aa1ff1,0.969
1456298041.0,ae03a260,1.009
1456298041.0,aa700ca2,0.949
1456298041.0,0cce0f70,1.099
1456298041.0,563059fb,0.999
1456298041.0,aabcd7eb,1.009
1456298041.0,cc477c7c,0.969
1456298041.0,fb417046,1.009
1456298041.0,c38cb4a1,0.989
1456298041.0,5fade9f9,0.979
1456298041.0,56b0dc6a,0.999
1456298041.0,98e9a25d,0.999
1456298041.0,bfc1e48a,0.959
1456298041.0,96d4afe8,0.969
1456298041.0,e7a0ae36,1.029
1456298041.0,17efd51c,1.029
1456298041.0,d02ee7d1,1.009
1456298041.0,24e573e4,0.979
1456298041.0,4abb67a5,0.999
1456298041.0,9f33f062,0.999
1456298041.0,443ddb72,0.999
1456298041.0,85edb580,0.989
1456298041.0,90bdfe5b,0.979
1456298041.0,ef1844cf,0.979
1456298041.0,1dbcc94c,0.969
1456298041.0,365e9221,0.989
1456298041.0,8e8a5274,0.959
1456298041.0,adfdc7d5,0.989
1456298041.0,14342e98,1.009
1456298041.0,2080cd01,0.949
1456298041.0,1f23d768,0.989
1456298041.0,4af2260b,0.969
1456298041.0,96fed1a2,0.969
1456298041.0,337bdfc2,0.969
1456298041.0,4d90c00c,0.989
1456298041.0,36098a3a,0.979
1456298041.0,25c5b561,0.969
1456298041.0,e4de6238,1.029
1456298041.0,1fea6f98,0.989
1456298041.0,0a20dd73,0.999
1456298041.0,bd925387,0.969
1456298041.0,5fb9dfa5,1.009
1456298041.0,b145875f,1.014
1456298041.0,e31720af,0.979
1456298041.0,3bb9d5ac,0.959
1456298041.0,5282e595,1.009
1456298041.0,bf7ae178,0.969
1456298041.0,e6ebe240,0.979
1456298041.0,dee5637c,0.999
1456298041.0,12dc6fb6,0.949
1456298041.0,9c45c396,0.999
1456298041.0,8e940b00,0.989
1456298041.0,3219cb04,0.969
1456298041.0,356493b9,0.969
1456298041.0,1d76bf20,0.989
1456298041.0,5ab60468,0.939
1456298041.0,69539d07,0.959
1456298041.0,988da765,0.959
1456298041.0,55c0201d,0.989
1456298041.0,70afbb14,1.009
1456298041.0,c9a50b4f,0.979
1456298041.0,c1154259,0.969
1456298041.0,3f896bf8,0.959
1456298041.0,9e3fd3b1,0.959
1456298041.0,9136fc55,0.999
1456298041.0,b9c81e2e,0.999
1456298041.0,81b79933,0.999
1456298041.0,58439a69,0.969
1456298041.0,805943eb,0.969
1456298041.0,4a8e26ae,1.009
1456298041.0,38624de7,0.979
1456298041.0,df74c4c4,1.009
1456298041.0,4c5615f5,0.949
1456298041.0,8068a1a0,0.959
1456298041.0,324dc3f8,0.989
1456298041.0,b38002eb,0.989
1456298041.0,f44b6301,0.989
1456298041.0,95ab5a1d,0.989
1456298041.0,410bb594,0.989
1456298041.0,5962da15,0.979
1456298041.0,4a126c56,0.999
1456298041.0,bbd2a218,0.999
1456298041.0,a6cef350,0.999
1456298041.0,3a20cf6c,0.939
1456298041.0,a2346f9b,0.989
1456298041.0,bc0ae2c6,1.179
1456298041.0,1d1829c8,0.939
1456298041.0,068f53ad,0.959
1456298041.0,460c213f,1.079
1456298041.0,d4a3f247,0.989
1456298041.0,7d6631ad,0.969
1456298041.0,dff7e38b,0.959
1456298041.0,23efaa4b,0.959
1456298041.0,,0.979
1456298041.0,fcb53c89,0.979
1456298041.0,616bd931,0.979
1456298041.0,eabcfe38,0.994
1456298041.0,4f97968a,0.979
1456298041.0,da9d831f,0.969
1456298041.0,fe69cf27,0.979
1456298041.0,5aa49c2a,0.959
1456298041.0,a5ca6f71,0.939
1456298041.0,3e1a04a2,0.949
1456298041.0,51e83074,0.979
1456298041.0,057738a5,0.999
1456298041.0,1c1982b4,0.989
1456298041.0,566e4815,0.939
1456298041.0,7117c935,0.979
1456298041.0,66073ded,1.014
1456298041.0,3eb0f854,0.959
1456298041.0,1fa4f36e,0.999
1456298041.0,e010375a,0.999
1456298041.0,ec433832,0.959
1456298041.0,ca9bd89a,0.999
1456298041.0,13fe91d4,0.979
1456298041.0,9ad11a57,0.999
1456298041.0,d606d463,0.969
1456298041.0,fe599048,1.009
1456298041.0,4a78586a,1.029
1456298041.0,3e8fcd0f,0.989
1456298041.0,506b3cd1,0.989
1456298041.0,6b6f2493,0.959
1456298041.0,a18aae3d,0.999
1456298041.0,757d5670,0.989
1456298041.0,dd41b331,0.979
1456298041.0,684e26a4,0.999
1456298041.0,26be2277,0.959
1456298041.0,6fbcc336,0.949
1456298041.0,6465956f,0.939
1456298041.0,6411aa60,0.999
1456298041.0,fe2e5d6e,0.989
1456298041.0,8e7b7790,0.989
1456298041.0,20959753,0.979
1456298041.0,7718e2fa,0.999
1456298041.0,9b1003bd,0.989
1456298041.0,40271791,0.989
1456298041.0,efb71c12,1.039
1456298041.0,a3932df8,1.009
1456298041.0,b16a7660,0.949
1456298041.0,9d64de92,0.969
1456298041.0,c0210272,0.979
1456298041.0,391e1405,1.099
1456298041.0,d5c5e431,0.959
1456298041.0,ddaa5083,0.969
1456298041.0,8c299260,0.989
1456298041.0,8536a14e,0.979
1456298041.0,b44f61b0,0.979
1456298041.0,4c05520d,0.989
1456298041.0,3ceab2dc,0.989
1456298041.0,687fc892,0.949
1456298041.0,597ada5a,0.989
1456298041.0,dcd3f71a,0.979
1456298041.0,77c9f305,0.969
1456298041.0,c09f1e3e,1.009
1456298041.0,f3e6f0ea,1.009
1456298041.0,739c3107,1.029
1456298041.0,f6ca4879,0.989
1456298041.0,beab9b84,0.999
1456298041.0,cb7a19f8,0.999
1456298041.0,896f8569,0.979
1456298041.0,82d7fda1,0.989
1456298041.0,88dd7fc5,0.969
1456298041.0,1d853aae,0.999
1456298041.0,58e1a8b4,1.019
1456298041.0,e74667af,0.999
1456298041.0,4b5de4ac,0.989
1456298041.0,5cfe2697,0.989
1456298041.0,5d9f0ce5,0.979
1456298041.0,95256814,0.999
1456298041.0,c7a5dad9,1.039
1456298041.0,6bbab4fd,1.019
1456298041.0,066bec3d,1.009
1456298041.0,49119bd2,0.979
1456298041.0,0a0baf66,0.999
1456298041.0,cb987f86,0.999
1456298041.0,a93262c3,0.999
1456298041.0,6f9eb627,0.974
1456298041.0,d428a044,0.969
1456298041.0,860c7ffb,0.959
1456298041.0,a76bbf53,1.009
1456298041.0,7e056bdf,0.999
1456298041.0,b2f56e84,0.979
1456298041.0,04b38cb5,0.949
1456298041.0,27347aed,0.999
1456298041.0,ecf4342f,0.979
1456298041.0,ec420121,0.969
1456298041.0,26562367,1.009
1456298041.0,f14d6045,0.999
1456298041.0,8b18bb85,1.019
1456298041.0,8e9233ee,0.969
1456298041.0,c25699b5,0.999
1456298041.0,2ee8e08d,0.979
1456298041.0,cada2616,0.979
1456298041.0,bae5af8d,0.979
1456298041.0,d6703157,0.949
1456298041.0,217404b2,0.979
1456298041.0,8a7526b9,0.999
1456298041.0,053b7fd8,0.999
1456298041.0,64e31076,1.029
1456298041.0,7586849a,0.989
1456298041.0,c6b37caf,0.969
1456298041.0,435e7b69,0.959
1456298041.0,b5897439,0.979
1456298041.0,29b468e1,0.989
1456298041.0,0fc168e5,0.989
1456298041.0,75fc5799,1.019
1456298041.0,b29e1284,1.029
1456298041.0,bd3093f4,0.959
1456298041.0,5812c07f,0.929
1456298041.0,834e2670,0.969
1456298041.0,e1dcdd8e,0.979
1456298041.0,d7213c3c,0.989
1456298041.0,b76902b4,0.969
1456298041.0,65b05fee,1.019
1456298041.0,a07d5f54,0.989
1456298041.0,65ab6225,0.989
1456298041.0,87a23e83,0.999
1456298041.0,b093e5e6,0.999
1456298041.0,ef38b8ce,0.959
1456298041.0,2c3a5362,0.944
1456298041.0,ecaab335,0.959
1456298041.0,4fe4aa3c,0.979
1456298041.0,09c4d8a3,0.969
1456298041.0,16b7ada0,0.994
1456298041.0,cd52f1cb,1.029
1456298041.0,5d11fd07,1.009
1456298041.0,c6685825,0.989
1456298041.0,dbdba84f,0.889
1456298041.0,cf9e9232,0.949
1456298041.0,7a952315,0.999
1456298041.0,afed3ef4,0.959
1456298041.0,24e4f125,0.989
1456298281.0,6c5a28c6,0.979
1456298281.0,6da94070,0.949
1456298281.0,bba16a90,1.009
1456298281.0,a8e7b6ec,0.959
1456298281.0,13b165d7,0.979
1456298281.0,003fdf3a,0.979
1456298281.0,25e49541,0.944
1456298281.0,bd100d45,0.959
1456298281.0,f31ed257,0.979
1456298281.0,43951a64,1.009
1456298281.0,c476cc49,0.979
1456298281.0,7f6a82d1,0.999
1456298281.0,fb0b1dcf,0.989
1456298281.0,7f7f6b17,0.939
1456298281.0,d98cee9c,0.969
1456298281.0,f4e60d5a,0.979
1456298281.0,f4ec7ff4,0.989
1456298281.0,1686f694,0.969
1456298281.0,1a70a04d,0.999
1456298281.0,f366e8d4,0.979
1456298281.0,902bbd1d,0.989
1456298281.0,22ec99c7,0.989
1456298281.0,16a6da02,0.989
1456298281.0,72d94c9d,1.019
1456298281.0,a85e6b62,0.989
1456298281.0,f527efec,0.969
1456298281.0,96629300,0.989
1456298281.0,1b369933,0.989
1456298281.0,f2303a07,0.969
1456298281.0,0a8d1b89,0.979
1456298281.0,fd135624,0.969
1456298281.0,c597ae24,0.999
1456298281.0,57f9c142,0.979
1456298281.0,8e820c9b,0.969
1456298281.0,1a56d0e9,0.999
1456298281.0,667e0f37,0.949
1456298281.0,844f1480,0.949
1456298281.0,a9740f4d,0.939
1456298281.0,cb17fa8d,1.039
1456298281.0,1aa24614,0.999
1456298281.0,30029614,1.029
1456298281.0,45a492f6,0.959
1456298281.0,ff49d861,1.029
1456298281.0,824f7fcf,0.979
1456298281.0,c095b991,0.989
1456298281.0,0fd4a5a3,0.959
1456298281.0,7771824e,0.939
1456298281.0,ff574b02,0.989
1456298281.0,d5fd7f0e,0.989
1456298281.0,79957fd7,1.029
1456298281.0,2629c35e,1.019
1456298281.0,,0.959
1456298281.0,2228d8bc,1.029
1456298281.0,c63ba8fa,0.959
1456298281.0,ca1add7b,1.009
1456298281.0,eba73bce,1.009
1456298281.0,ca8f532f,0.959
1456298281.0,77a337be,0.989
1456298281.0,1fb105e7,1.019
1456298281.0,63b76619,0.979
1456298281.0,9971cecf,0.969
1456298281.0,822f88d8,0.999
1456298281.0,c5151d58,0.979
1456298281.0,30546742,0.959
1456298281.0,0abfa69b,0.949
1456298281.0,9a249d55,0.999
1456298281.0,e02ad3ff,1.009
1456298281.0,0e025df7,1.069
1456298281.0,8dbae4c1,0.989
1456298281.0,8efe111b,0.999
1456298281.0,7a018377,0.949
1456298281.0,7ef38273,0.979
1456298281.0,4190ae32,0.979
1456298281.0,c78ef341,0.949
1456298281.0,5ff2bd7f,0.949
1456298281.0,645f5296,0.939
1456298281.0,973edd3d,0.949
1456298281.0,efa93e18,0.999
1456298281.0,2f9dd7f6,0.989
1456298281.0,c22091a3,0.959
1456298281.0,ef847136,0.999
1456298281.0,0b96eaac,0.989
1456298281.0,314cecce,0.999
1456298281.0,17d98ba9,0.979
1456298281.0,ff8d71cb,0.969
1456298281.0,ae51cac4,0.949
1456298281.0,f0430871,1.009
1456298281.0,7bcf3535,0.989
1456298281.0,6148f9f1,0.989
1456298281.0,8661e539,0.989
1456298281.0,a5513d36,0.969
1456298281.0,0f7d325c,1.009
1456298281.0,1fcd9128,0.949
1456298281.0,39b9ba7f,1.009
1456298281.0,3a9fbebb,0.979
1456298281.0,faf392db,0.949
1456298281.0,f2d58e5e,0.999
1456298281.0,70afc256,0.969
1456298281.0,e5a12873,0.979
1456298281.0,cc9e6849,1.009
1456298281.0,610a0f34,0.989
1456298281.0,fc8981fc,0.969
1456298281.0,3bb3ff25,0.989
1456298281.0,ace7c36e,0.989
1456298281.0,03d07967,0.969
1456298281.0,99101bcc,1.019
1456298281.0,efdf01c1,1.009
1456298281.0,23b2b0b7,0.989
1456298281.0,a249b487,0.949
1456298281.0,9db07996,0.999
1456298281.0,eacc3482,0.999
1456298281.0,16b0be39,0.959
1456298281.0,0108f899,0.989
1456298281.0,7f79215f,0.999
1456298281.0,f4098695,1.009
1456298281.0,fd3cde5f,1.039
1456298281.0,7a7219bc,0.999
1456298281.0,6259b60b,0.999
1456298281.0,05194a31,0.979
1456298281.0,89756dbc,0.999
1456298281.0,d7cf6845,0.989
1456298281.0,dc57dd3e,1.009
1456298281.0,8b7a46ae,0.959
1456298281.0,398f397d,0.989
1456298281.0,88ae9f44,1.009
1456298281.0,15e431dd,0.959
1456298281.0,7a74beb2,1.019
1456298281.0,2b0edf3c,0.989
1456298281.0,,1.039
1456298281.0,0a5953de,0.999
1456298281.0,e7ea0c12,0.999
1456298281.0,c940a0c3,0.989
1456298281.0,f72df52e,0.979
1456298281.0,e4e9e0bc,1.039
1456298281.0,2efa9b7e,0.969
1456298281.0,0d7322ac,1.009
1456298281.0,707f276b,0.969
1456298281.0,6e8e3ed0,1.019
1456298281.0,d15d1648,0.989
1456298281.0,98e92f6f,1.029
1456298281.0,71fdd7b4,0.999
1456298281.0,9d244fa5,0.969
1456298281.0,4fe003ba,1.009
1456298281.0,a69c9dfa,0.989
1456298281.0,546992ee,0.959
1456298281.0,3f0d0273,1.029
1456298281.0,1e1599d6,0.959
1456298281.0,8215d943,1.059
1456298281.0,2af629f5,0.959
1456298281.0,94d5e6b7,0.999
1456298281.0,b41c70e9,0.979
1456298281.0,9e5f97a3,1.009
1456298281.0,84caa0e5,1.019
1456298281.0,11c55079,0.939
1456298281.0,aaf971e5,0.999
1456298281.0,9087534b,0.989
1456298281.0,98e2efcd,0.969
1456298281.0,3213e5d8,1.009
1456298281.0,d59d4bb4,0.979
1456298281.0,fa88e7e3,0.999
1456298281.0,bc38f274,0.969
1456298281.0,a00c53b9,0.949
1456298281.0,6ba4e2d1,1.019
1456298281.0,e8a8876f,0.979
1456298281.0,0d5b98eb,0.999
1456298281.0,6c528360,1.019
1456298281.0,ff5d1617,0.989
1456298281.0,16863815,0.959
1456298281.0,819ea283,0.949
1456298281.0,dff52c69,0.959
1456298281.0,fb86982d,0.999
1456298281.0,00b2809d,0.969
1456298281.0,9593b2f6,0.939
1456298281.0,2b6d5808,0.979
1456298281.0,fa862834,0.979
1456298281.0,867677f2,0.949
1456298281.0,1a0f3e2b,0.989
1456298281.0,6cc0c30a,0.959
1456298281.0,41c579d4,0.969
1456298281.0,67c6aa2e,0.919
1456298281.0,15200152,0.929
1456298281.0,b619b05f,0.969
1456298281.0,bc509654,0.969
1456298281.0,3bb367b0,0.989
1456298281.0,211adcfd,0.979
1456298281.0,27c16d5b,0.939
1456298281.0,3dfd3678,0.959
1456298281.0,110c83a7,0.999
1456298281.0,ff8a65f2,0.939
1456298281.0,9124d12a,0.969
1456298281.0,dafee924,0.939
1456298281.0,3d592311,0.969
1456298281.0,11b2e08c,0.969
1456298281.0,cce3fded,0.989
1456298281.0,7d3ae9b0,0.999
1456298281.0,10e899a5,0.949
1456298281.0,9a95dc46,0.959
1456298281.0,165068db,0.979
1456298281.0,9c16f557,0.929
1456298281.0,727b85d9,0.959
1456298281.0,7ccb6541,0.949
1456298281.0,f19a2bc5,0.959
1456298281.0,9d8369d3,0.979
1456298281.0,e0808ce1,0.979
1456298281.0,bb827240,0.969
1456298281.0,bccce565,0.979
1456298281.0,0f283ef6,0.969
1456298281.0,4141a0aa,0.939
1456298281.0,0da71099,0.969
1456298281.0,54c3da9c,0.949
1456298281.0,c2d5f6c8,0.959
1456298281.0,253ddd10,0.939
1456298281.0,ed221b09,0.999
1456298281.0,9d522e7b,0.979
1456298281.0,b6774f71,0.979
1456298281.0,9c7e6b4f,0.939
1456298281.0,aa822d7f,0.949
1456298281.0,ddc99e87,0.989
1456298281.0,95fbf71d,0.919
1456298281.0,fa4b4bff,0.979
1456298281.0,8ee67957,0.979
1456298281.0,1017cdb3,0.939
1456298281.0,78562f9b,0.979
1456298281.0,fa890292,0.989
1456298281.0,1f6ccf56,0.939
1456298281.0,4aec94cc,0.959
1456298281.0,9d5f359b,0.999
1456298281.0,ad2972b3,0.949
1456298281.0,840dc1e3,0.929
1456298281.0,7bdc8aa9,0.939
1456298281.0,4e48e1df,0.939
1456298281.0,5dea9761,0.969
1456298281.0,5b60b9f6,0.979
1456298281.0,7d24179d,0.969
1456298281.0,94642f21,0.989
1456298281.0,e3667c9c,0.969
1456298281.0,56c42334,0.959
1456298281.0,467edc58,0.979
1456298281.0,8a338e32,0.959
1456298281.0,b0777eff,1.009
1456298281.0,a2b07888,0.959
1456298281.0,6c60b697,0.989
1456298281.0,0b790115,0.969
1456298281.0,35c5c2f1,0.939
1456298281.0,21a92259,0.959
1456298281.0,d326a791,0.979
1456298281.0,4d655bc9,0.959
1456298281.0,1c7a02ad,0.989
1456298281.0,8a440ea4,0.999
1456298281.0,f8423c6c,0.999
1456298281.0,5486cb1a,1.009
1456298281.0,4e56b21e,0.949
1456298281.0,35137d6c,1.149
1456298281.0,0cce0f70,1.099
1456298281.0,b2f68bd2,0.979
1456298281.0,20156578,0.939
1456298281.0,1f37368c,0.939
1456298281.0,f6e29329,0.969
1456298281.0,18791c83,1.009
1456298281.0,cdf74228,0.989
1456298281.0,0395f025,0.999
1456298281.0,9719805f,0.989
1456298281.0,a5647053,1.009
1456298281.0,a625d115,0.999
1456298281.0,aabec53c,1.004
1456298281.0,6a39da51,1.009
1456298281.0,b85a1ca3,0.959
1456298281.0,fcbe2ffd,0.939
1456298281.0,a6a91c87,1.009
1456298281.0,7294c364,0.959
1456298281.0,48a48e67,0.939
1456298281.0,9e5c868a,1.009
1456298281.0,cd2bd6ee,1.019
1456298281.0,6a276ef2,0.959
1456298281.0,c4805f18,0.939
1456298281.0,92e96565,0.999
1456298281.0,53758d2b,0.989
1456298281.0,36531cac,0.939
1456298281.0,56f54684,0.999
1456298281.0,5b842987,0.949
1456298281.0,26613c3a,0.999
1456298281.0,8576f4a6,0.989
1456298281.0,13afa0e9,0.999
1456298281.0,cb489a3a,0.989
1456298281.0,35c4d397,0.989
1456298281.0,50317e5f,0.989
1456298281.0,fee45b54,0.979
1456298281.0,bde06776,0.989
1456298281.0,bbdbf0e7,0.989
1456298281.0,bb0418d7,0.989
1456298281.0,5a8b71b2,0.989
1456298281.0,dd4af19d,1.009
1456298281.0,0eba39cf,1.009
1456298281.0,30ac5a0c,0.969
1456298281.0,328b1075,0.959
1456298281.0,346ffe81,0.994
1456298281.0,70e22a28,0.969
1456298281.0,e4b56a05,1.049
1456298281.0,14e03a1d,1.019
1456298281.0,f1405292,0.989
1456298281.0,8babf7a8,0.989
1456298281.0,f312c960,1.029
1456298281.0,efc1c355,0.969
1456298281.0,d4310eb6,0.979
1456298281.0,39ee1e11,0.989
1456298281.0,2dff1380,0.979
1456298281.0,c16682b0,1.009
1456298281.0,8de805ba,0.949
1456298281.0,6cda24f6,0.979
1456298281.0,9443935d,0.999
1456298281.0,aeb12459,0.959
1456298281.0,57caca32,0.989
1456298281.0,0a0ef89e,0.959
1456298281.0,4331b36c,0.979
1456298281.0,2ed18a58,0.969
1456298281.0,29c7431a,0.999
1456298281.0,6fb61b09,0.999
1456298281.0,f5610fa8,1.009
1456298281.0,e38f46f2,0.999
1456298281.0,d85e66c0,0.989
1456298281.0,d202dd5d,0.939
1456298281.0,716935a5,0.989
1456298281.0,51266623,0.979
1456298281.0,88a26674,0.979
1456298281.0,80e1c626,0.989
1456298281.0,c085267d,0.999
1456298281.0,11bd050d,0.999
1456298281.0,733e2724,1.029
1456298281.0,7adf8914,0.989
1456298281.0,e1b4e808,0.999
1456298281.0,ffbaf0fd,0.979
1456298281.0,5e8d6563,0.949
1456298281.0,b204b97b,1.029
1456298281.0,b273d286,1.019
1456298281.0,401db24e,0.989
1456298281.0,ba2ae41b,1.019
1456298281.0,6a2035ad,0.959
1456298281.0,5fc4c82d,1.019
1456298281.0,dc06e82c,0.999
1456298281.0,49c3be27,0.989
1456298281.0,1bfb4c20,1.039
1456298281.0,ec3feaec,0.979
1456298281.0,e25fe2d7,0.999
1456298281.0,08d73b70,0.999
1456298281.0,c9a50b4f,0.969
1456298281.0,423f33ac,0.969
1456298281.0,6325417f,1.059
1456298281.0,71885813,1.039
1456298281.0,190db56f,0.999
1456298281.0,ebfecca5,0.989
1456298281.0,81b79933,1.979
1456298281.0,b42a4f26,0.959
1456298281.0,6f9b604d,1.179
1456298281.0,daae231d,0.979
1456298281.0,39c1eecb,1.004
1456298281.0,23c736d7,0.949
1456298281.0,23542a3f,0.999
1456298281.0,2d3b31c3,0.939
1456298281.0,d0fb35a1,0.969
1456298281.0,01859229,0.999
1456298281.0,e3669521,1.039
1456298281.0,89b25923,0.959
1456298281.0,186a2106,0.999
1456298281.0,c69c61f6,0.999
1456298281.0,7c91739b,1.009
1456298281.0,7934cb40,0.969
1456298281.0,257e72cc,0.989
1456298281.0,76f75d37,1.009
1456298281.0,efc6fe63,0.989
1456298281.0,74004306,0.989
1456298281.0,86ca3bf1,0.999
1456298281.0,444fc3ef,0.999
1456298281.0,a0d61ab8,1.009
1456298281.0,63fe8dd4,0.989
1456298281.0,afb05ae2,0.999
1456298281.0,935cf042,0.999
1456298281.0,8f5cffb0,1.029
1456298281.0,35825f4b,0.999
1456298281.0,b412aa93,0.999
1456298281.0,30176a30,1.009
1456298281.0,dff89479,0.999
1456298281.0,9f41a7c7,0.999
1456298281.0,1e13d4f8,0.939
1456298281.0,a43f17c4,0.979
1456298281.0,708eea9d,0.989
1456298281.0,07404fa2,1.019
1456298281.0,f8627d5e,0.969
1456298281.0,104560d9,0.959
1456298281.0,9ea3d2b6,0.959
1456298281.0,a5296298,0.959
1456298281.0,a1e08fd2,0.949
1456298281.0,5d660e99,0.974
1456298281.0,d8e33d34,0.999
1456298281.0,d881269d,1.009
1456298281.0,4f7c5e0a,0.999
1456298281.0,15d36622,0.989
1456298281.0,59e71e77,0.989
1456298281.0,1553efff,0.999
1456298281.0,4c7d1e42,1.009
1456298281.0,be6ae742,0.999
1456298281.0,ba73e19b,0.989
1456298281.0,ba35e551,0.989
1456298281.0,5d25b0e7,1.009
1456298281.0,55c9b2b2,1.009
1456298281.0,123a41c8,0.999
1456298281.0,45ae0804,0.984
1456298281.0,155982b5,1.019
1456298281.0,8a72c03e,0.979
1456298281.0,9ad11a57,0.989
1456298281.0,,1.019
1456298281.0,fe599048,0.989
1456298281.0,15629b2c,1.009
1456298281.0,7163665c,1.019
1456298281.0,b1551833,1.029
1456298281.0,74311576,0.989
1456298281.0,d6e49931,0.979
1456298281.0,c449f1b5,0.979
1456298281.0,bdd70033,0.989
1456298281.0,849a27f2,0.999
1456298281.0,032e8b57,1.009
1456298281.0,0800eb0f,0.999
1456298281.0,38ad9bbf,0.949
1456298281.0,99d25d8f,0.959
1456298281.0,d565fdf7,0.999
1456298281.0,937baa0c,1.039
1456298281.0,8cc37d2e,1.019
1456298281.0,2bdc4b63,0.989
1456298281.0,2a5c512c,1.029
1456298281.0,987496d6,1.029
1456298281.0,982ba5cc,0.969
1456298281.0,942c7429,0.999
1456298281.0,18301e82,0.959
1456298281.0,921192f1,0.969
1456298281.0,b24fd72d,0.979
1456298281.0,ed996a11,0.949
1456298281.0,668a9de0,0.959
1456298281.0,966a40ae,0.999
1456298281.0,a19cfb72,0.999
1456298281.0,d5fda8a5,1.029
1456298281.0,1fdc64f7,0.969
1456298281.0,6bd74eed,1.009
1456298281.0,2380bb04,0.999
1456298281.0,3ceab2dc,0.979
1456298281.0,a3beb05f,0.999
1456298281.0,0f1a4e9a,1.029
1456298281.0,c9974d8f,1.019
1456298281.0,37741f9a,1.009
1456298281.0,0c03d863,0.979
1456298281.0,228ecb81,0.959
1456298281.0,d7ee03a5,0.989
1456298281.0,9a0a078c,0.968
1456298281.0,777eab33,0.969
1456298281.0,dc013155,0.959
1456298281.0,3bb601ac,1.009
1456298281.0,b0c8723c,0.999
1456298281.0,257b4f91,0.989
1456298281.0,4d79856a,0.959
1456298281.0,bab71d7a,0.999
1456298281.0,c98807b3,0.979
1456298281.0,7653cc6a,0.999
1456298281.0,f7e752c7,0.979
1456298281.0,07874667,1.029
1456298281.0,2249d84a,1.019
1456298281.0,b88f7241,1.009
1456298281.0,84558d7a,1.069
1456298281.0,9b127d1f,1.019
1456298281.0,b81c2aae,1.029
1456298281.0,0bffb72e,0.979
1456298281.0,4d8ede53,0.989
1456298281.0,60acc87b,1.039
1456298281.0,411533c8,0.969
1456298281.0,c6343770,0.969
1456298281.0,8714c0df,0.959
1456298281.0,fffcb866,0.949
1456298281.0,c0a9edc8,1.019
1456298281.0,40e47eaa,0.979
1456298281.0,4829f4f6,1.009
1456298281.0,a6339a0a,1.019
1456298281.0,22ed3351,0.989
1456298281.0,5c88c29d,0.959
1456298281.0,f010f0a1,1.019
1456298281.0,b156c7a5,0.989
1456298281.0,84fcbe9f,0.949
1456298281.0,b2b29318,1.039
1456298281.0,fa2e9d72,1.019
1456298281.0,db97e7b4,0.969
1456298281.0,6fe5086e,1.019
1456298281.0,542fbb56,1.009
1456298281.0,ff6d2aed,0.949
1456298281.0,0f200738,0.999
1456298281.0,3463f37f,0.999
1456298281.0,fe8f8bee,0.939
1456298281.0,461b2a68,0.979
1456298281.0,9af0b5ab,1.009
1456298281.0,50f115af,1.019
1456298281.0,58d65b27,0.989
1456298281.0,3ff7884f,0.979
1456298281.0,33f25c75,0.999
1456298281.0,2358eb9a,0.999
1456298281.0,ae505f44,1.029
1456298281.0,c269e5db,0.989
1456298281.0,f7bd1199,1.009
1456298281.0,294ed3f5,1.019
1456298281.0,242eb552,0.979
1456298281.0,cef8a5ba,0.959
1456298281.0,5c531135,0.939
1456298281.0,6d9bd5ab,0.999
1456298281.0,76aa3b14,1.009
1456298281.0,0f7cd5d5,0.959
1456298281.0,d9c57dad,0.989
1456298281.0,ac9a449a,0.999
1456298281.0,5543a9fd,1.004
1456298281.0,ba4704f3,0.949
1456298281.0,a42108f2,0.999
1456298281.0,847fdc50,0.989
1456298281.0,836bcdaa,0.959
1456298281.0,a537b03c,0.939
1456298281.0,0d046d70,1.019
1456298281.0,,0.969
1456298281.0,3a3fc6fd,0.939
1456298281.0,d371719e,0.959
1456298281.0,364488f7,0.979
1456298281.0,bda7134d,0.939
1456298281.0,b93a61f3,0.979
1456298281.0,e526650e,0.969
1456298281.0,e5139cec,0.929
1456298281.0,2b890110,0.949
1456298281.0,9a2903a3,0.989
1456298281.0,4d4b1ca0,0.969
1456298281.0,d96c180b,0.989
1456298281.0,aa661eb4,0.939
1456298281.0,d472efac,0.969
1456298281.0,abd4db7e,0.939
1456298281.0,042407e0,0.979
1456298281.0,abe52a6d,0.989
1456298281.0,4f91a79a,0.969
1456298281.0,740982ff,0.979
1456298281.0,6117cbac,0.979
1456298281.0,4c39660b,0.979
1456298281.0,8bbd302b,0.969
1456298281.0,a49f5d4b,0.969
1456298281.0,be2df1d8,0.989
1456298281.0,76a02736,0.989
1456298281.0,ce8b60a3,0.979
1456298281.0,957e19a6,0.969
1456298281.0,b7acce06,0.959
1456298281.0,524d848c,0.939
1456298281.0,8ff83879,0.939
1456298281.0,fa7a7823,0.959
1456298281.0,0367164b,0.939
1456298281.0,69a09fed,0.979
1456298281.0,128ef159,0.979
1456298281.0,c6b6f3fb,0.989
1456298281.0,56d52752,0.989
1456298281.0,973748fa,0.989
1456298281.0,c12acf8f,0.959
1456298281.0,955c334e,0.999
1456298281.0,66651818,0.949
1456298281.0,21a51aa6,0.979
1456298281.0,f8f516ae,0.979
1456298281.0,df7786ea,0.959
1456298281.0,94ca27a8,0.949
1456298281.0,9b4458a3,0.979
1456298281.0,db680fc7,1.019
1456298281.0,037aefcb,0.989
1456298281.0,0ff89a05,1.009
1456298281.0,b7a99f87,0.979
1456298281.0,9cd1b58f,0.999
1456298281.0,92f8fe19,1.029
1456298281.0,592095a9,0.979
1456298281.0,5be10874,1.009
1456298281.0,ba2213e9,1.009
1456298281.0,b53fe392,0.969
1456298281.0,f36918b0,0.959
1456298281.0,46379d52,0.969
1456298281.0,7a875bfd,1.029
1456298281.0,e523456f,0.959
1456298281.0,a7a2a72e,0.989
1456298281.0,1b7f7503,1.009
1456298281.0,6bca438d,1.009
1456298281.0,e1920309,0.959
1456298281.0,a462d05b,0.999
1456298281.0,3af8e691,0.999
1456298281.0,d5f0bacd,0.949
1456298281.0,42ac1f52,0.989
1456298281.0,24248782,0.989
1456298281.0,2678c9c4,0.979
1456298281.0,3f2144a4,0.999
1456298281.0,657e6dae,0.959
1456298281.0,ecaab335,0.949
1456298281.0,1881d983,0.989
1456298281.0,9abcad1c,1.009
1456298281.0,cef089b3,0.959
1456298281.0,a4c6b2cc,1.019
1456298281.0,bc1f7e5b,0.969
1456298281.0,f0fd118b,0.969
1456298281.0,b5ff1b6a,0.989
1456298281.0,08da0ec0,0.989
1456298281.0,b299d8d7,0.989
1456298281.0,89c3b080,0.959
1456298521.0,2fa408e2,0.989
1456298521.0,057ac7bc,0.959
1456298521.0,41a43995,0.969
1456298521.0,f9799e28,0.969
1456298521.0,10e3f6cf,0.979
1456298521.0,ecf3763b,0.979
1456298521.0,7564a57b,0.979
1456298521.0,659b2e72,0.999
1456298521.0,21904c45,0.979
1456298521.0,afd3de60,0.979
1456298521.0,0edac3f0,0.949
1456298521.0,421e1e29,0.979
1456298521.0,27ea09b1,0.969
1456298521.0,52c1ccfa,0.969
1456298521.0,ed7f2b29,0.959
1456298521.0,74282c9f,0.969
1456298521.0,82781b7c,0.989
1456298521.0,2bd32486,1.019
1456298521.0,a6575e4e,0.969
1456298521.0,b4032e28,0.969
1456298521.0,26e44f69,0.999
1456298521.0,4f5b6b22,0.969
1456298521.0,0fd4a5a3,0.949
1456298521.0,46030de4,1.049
1456298521.0,be189140,0.939
1456298521.0,ed93bc71,0.999
1456298521.0,5ecab051,1.019
1456298521.0,5d8a25e3,1.019
1456298521.0,45bd4b76,0.959
1456298521.0,53db0fe7,1.019
1456298521.0,b2a7fde4,0.979
1456298521.0,0ea03633,0.959
1456298521.0,ae7b124a,0.979
1456298521.0,684f8459,0.999
1456298521.0,fa3da430,0.939
1456298521.0,a705a30f,0.989
1456298521.0,c875251d,1.019
1456298521.0,de920e08,0.959
1456298521.0,919c9f89,0.999
1456298521.0,158d42d8,0.969
1456298521.0,b5028985,1.009
1456298521.0,2b39ff64,0.959
1456298521.0,14af1303,1.009
1456298521.0,0defca9f,0.999
1456298521.0,eda96774,0.989
1456298521.0,8f4fb8f1,0.969
1456298521.0,6d248169,0.959
1456298521.0,cc29c87a,0.934
1456298521.0,d8a919a3,0.979
1456298521.0,4a647add,1.014
1456298521.0,00a2a041,0.999
1456298521.0,b655f194,0.989
1456298521.0,1cd02c26,1.009
1456298521.0,ef6ce8ef,0.989
1456298521.0,861dd273,0.939
1456298521.0,a825b9fa,0.959
1456298521.0,89d43501,0.979
1456298521.0,a2459b61,1.009
1456298521.0,50ccc5eb,0.979
1456298521.0,57bad7ea,0.959
1456298521.0,0c18ba5f,0.959
1456298521.0,5d40a336,0.984
1456298521.0,a02bf729,0.979
1456298521.0,21f6f55f,0.969
1456298521.0,657c5e72,1.009
1456298521.0,6abc0f05,0.949
1456298521.0,a1a458cd,0.959
1456298521.0,c1f003e3,0.979
1456298521.0,34062783,0.959
1456298521.0,75d484dc,0.959
1456298521.0,4be2e87c,1.019
1456298521.0,6006af67,0.989
1456298521.0,f903d8b7,0.999
1456298521.0,95a3de9e,0.959
1456298521.0,29bd5a9a,0.959
1456298521.0,adf7b918,0.969
1456298521.0,4240cb18,0.989
1456298521.0,e82ffdb7,0.979
1456298521.0,e967d385,0.979
1456298521.0,e487e118,0.999
1456298521.0,42043d80,1.009
1456298521.0,83c03208,0.979
1456298521.0,d48d3de5,0.989
1456298521.0,8f277236,0.949
1456298521.0,de1eff76,0.989
1456298521.0,6b488736,0.949
1456298521.0,7c4e6cc9,0.959
1456298521.0,63ded480,1.019
1456298521.0,d887646b,0.969
1456298521.0,aafb9292,0.969
1456298521.0,e6be1477,0.959
1456298521.0,493b6369,0.949
1456298521.0,a64de619,0.919
1456298521.0,1ac7a349,0.999
1456298521.0,65d912cc,0.959
1456298521.0,d921f4ce,0.969
1456298521.0,a8c6b173,0.979
1456298521.0,98fad8c5,0.979
1456298521.0,984855aa,0.979
1456298521.0,119cb795,0.969
1456298521.0,e3e96875,0.989
1456298521.0,cb601f93,0.939
1456298521.0,f9cd1d8c,0.999
1456298521.0,619a79d6,0.959
1456298521.0,2ab02348,0.969
1456298521.0,d1b50fc2,0.969
1456298521.0,0ecf4b78,0.989
1456298521.0,96a5f54a,0.989
1456298521.0,5466334e,0.969
1456298521.0,49e3bef7,0.989
1456298521.0,03b45f42,0.979
1456298521.0,f44172d4,0.959
1456298521.0,da84e1ef,0.969
1456298521.0,ffb71aa8,0.949
1456298521.0,1dc8cdb7,0.959
1456298521.0,d31bbfba,1.019
1456298521.0,8aa565b4,0.979
1456298521.0,8983b1fe,0.999
1456298521.0,aa9b2273,0.979
1456298521.0,bfb3c76b,0.999
1456298521.0,79b68d4c,1.019
1456298521.0,631aa32c,0.949
1456298521.0,875ec97a,0.969
1456298521.0,aa3a4a0b,0.974
1456298521.0,491a07d2,1.009
1456298521.0,cd393023,0.979
1456298521.0,d51ef3f5,1.009
1456298521.0,c72ef065,1.019
1456298521.0,34832faa,1.009
1456298521.0,1c239584,0.969
1456298521.0,4f44e38b,0.949
1456298521.0,6809dfa8,0.969
1456298521.0,a7fc7f1f,0.979
1456298521.0,3a7d2c69,0.989
1456298521.0,dbdf18e8,0.999
1456298521.0,feeb48dc,0.949
1456298521.0,2843ab89,0.949
1456298521.0,18d8a792,0.989
1456298521.0,bbdbf0e7,0.939
1456298521.0,f0af9cc2,0.979
1456298521.0,4f58556c,0.969
1456298521.0,fa662b00,0.959
1456298521.0,f8874753,1.019
1456298521.0,f312c960,1.019
1456298521.0,337bdfc2,0.979
1456298521.0,dadc3ef8,0.989
1456298521.0,b0f4b28e,0.999
1456298521.0,77c875bb,0.979
1456298521.0,cda8d3bf,1.039
1456298521.0,8b0230d5,0.979
1456298521.0,c1dfd045,1.009
1456298521.0,88e14741,1.019
1456298521.0,8a5cd800,1.009
1456298521.0,099e78c7,1.009
1456298521.0,8b68df1f,0.959
1456298521.0,90789f94,0.969
1456298521.0,62bb9bf7,0.959
1456298521.0,b32694b6,0.989
1456298521.0,4d0a22fb,0.999
1456298521.0,f8cd8b31,0.949
1456298521.0,bbbd1342,1.019
1456298521.0,acd5644c,0.939
1456298521.0,15bd4d4c,1.019
1456298521.0,2fe25570,0.979
1456298521.0,cdf21700,0.969
1456298521.0,3d45d1b9,0.999
1456298521.0,68efee5d,0.949
1456298521.0,72fbc81a,0.999
1456298521.0,ab4da979,0.999
1456298521.0,1ee9a733,0.989
1456298521.0,81b79933,0.979
1456298521.0,0d469ea7,1.159
1456298521.0,85872f93,1.009
1456298521.0,5fd232c2,0.959
1456298521.0,4e3aa155,0.979
1456298521.0,466d909f,1.039
1456298521.0,c002da7d,0.969
1456298521.0,9e47d969,0.949
1456298521.0,052c8059,0.919
1456298521.0,0db94a7a,0.999
1456298521.0,2cd83fd1,0.999
1456298521.0,1144e996,0.979
1456298521.0,7a630a93,0.959
1456298521.0,aa647893,1.179
1456298521.0,bc0ec46f,0.979
1456298521.0,a2e94245,0.999
1456298521.0,e40ec31e,0.939
1456298521.0,ae6758fc,0.964
1456298521.0,200cf8e2,0.969
1456298521.0,dab2adef,1.019
1456298521.0,c3606f90,0.989
1456298521.0,4721b010,0.979
1456298521.0,538bd786,0.939
1456298521.0,6b20d7e5,0.989
1456298521.0,e6b1064f,1.009
1456298521.0,ece6b02f,1.009
1456298521.0,b12d4dc7,0.999
1456298521.0,4d6400df,0.949
1456298521.0,1c1982b4,0.949
1456298521.0,5cb012ef,0.989
1456298521.0,14c7e96d,1.029
1456298521.0,564ef774,0.979
1456298521.0,1858a39e,1.029
1456298521.0,0f245a0f,1.009
1456298521.0,70a9c50e,0.949
1456298521.0,d080ea89,1.004
1456298521.0,3fc2e10c,0.929
1456298521.0,e613bc2b,0.959
1456298521.0,4270cadf,1.159
1456298521.0,aba5a913,0.969
1456298521.0,6e2e5e05,0.999
1456298521.0,731e56e7,1.009
1456298521.0,699fb3bc,0.979
1456298521.0,dc6e88b0,0.999
1456298521.0,97c6460d,0.959
1456298521.0,9536d208,0.969
1456298521.0,e600cf0f,0.979
1456298521.0,714dc178,1.019
1456298521.0,1fdc64f7,0.959
1456298521.0,493eff35,0.969
1456298521.0,f25ee766,0.969
1456298521.0,fec0f633,0.974
1456298521.0,057c5d18,0.939
1456298521.0,0afde6c7,0.989
1456298521.0,39cc6655,0.979
1456298521.0,27ad4edd,0.979
1456298521.0,0a356552,0.989
1456298521.0,0eec9a7b,0.949
1456298521.0,2fa6d835,1.009
1456298521.0,f05206bf,1.009
1456298521.0,c768cae4,0.989
1456298521.0,2e24ce9f,0.959
1456298521.0,11eac3c2,0.979
1456298521.0,bf7f79ce,0.949
1456298521.0,b4154d71,1.009
1456298521.0,54f751e5,0.979
1456298521.0,63f7c118,0.979
1456298521.0,f9fbac11,0.979
1456298521.0,d8601954,0.969
1456298521.0,092457e4,1.019
1456298521.0,015ecd27,0.949
1456298521.0,8c04c7d4,1.009
1456298521.0,2a8a850f,0.979
1456298521.0,92978eb8,0.949
1456298521.0,59c3c78c,0.989
1456298521.0,d853e5e4,0.979
1456298521.0,0aedf476,0.989
1456298521.0,fa0db63e,0.979
1456298521.0,c31dc7b8,1.039
1456298521.0,a8e52643,0.969
1456298521.0,c793eda5,0.974
1456298521.0,9628820d,0.999
1456298521.0,b6458958,0.959
1456298521.0,0bcef4ad,0.949
1456298521.0,2acdea0b,0.949
1456298521.0,caa33a9a,0.98
1456298521.0,,0.939
1456298521.0,539144f8,0.969
1456298521.0,0d6640ae,0.989
1456298521.0,7e8947c2,0.999
1456298521.0,c776555a,0.979
1456298521.0,54c764d3,1.009
1456298521.0,7f870dfd,0.959
1456298521.0,f290a992,0.949
1456298521.0,e0e02d9a,0.969
1456298521.0,c2caedd9,0.939
1456298521.0,2f54d4c9,0.959
1456298521.0,078f0784,0.969
1456298521.0,9a2903a3,0.989
1456298521.0,bcdf1eb5,0.989
1456298521.0,f1f57418,0.939
1456298521.0,cc3eddf4,0.979
1456298521.0,9f4967c5,0.949
1456298521.0,471d5cec,0.979
1456298521.0,3c9479d6,0.959
1456298521.0,bf694984,0.959
1456298521.0,,0.999
1456298521.0,677b8f35,0.999
1456298521.0,,0.989
1456298521.0,b215d388,0.969
1456298521.0,75d9d944,1.009
1456298521.0,3be89cc4,0.959
1456298521.0,36d7c026,0.929
1456298521.0,7586849a,0.979
1456298521.0,5f8076ef,0.959
1456298521.0,1f6c44dc,1.009
1456298521.0,9901346d,0.959
1456298521.0,4c67dc1a,0.979
1456298521.0,4ec9ba2c,0.979
1456298521.0,04a002fa,1.009
1456298521.0,cd2c8158,0.989
1456298521.0,3645c978,0.999
1456298521.0,a388f36b,0.989
1456298521.0,1d3ab507,0.999
1456298521.0,7b4a45e6,0.979
1456298521.0,2a00b312,0.979
1456298521.0,096893a3,0.989
1456298521.0,c330d63c,0.989
1456298521.0,1e155969,0.979
1456298521.0,0f96b386,1.009
1456298521.0,55dd1874,0.949
1456298521.0,eeb5162c,0.959
1456298761.0,9ce7d98b,0.979
1456298761.0,6b5f9b32,0.979
1456298761.0,057ac7bc,0.969
1456298761.0,3ae6396e,0.975
1456298761.0,c9d6d32f,0.969
1456298761.0,43161acd,0.959
1456298761.0,317387f0,0.989
1456298761.0,f3d91925,0.979
1456298761.0,de99c5f4,0.979
1456298761.0,b8c5de33,0.979
1456298761.0,2623501c,0.979
1456298761.0,8cdfd072,0.949
1456298761.0,d2597bc8,0.949
1456298761.0,0f8246c8,0.949
1456298761.0,2f40868f,0.999
1456298761.0,af6ce086,0.979
1456298761.0,3f9ee0ff,0.939
1456298761.0,dfa3f4f3,0.989
1456298761.0,e99e5f77,0.959
1456298761.0,ac852c45,0.949
1456298761.0,a9b325ba,1.009
1456298761.0,9e687000,0.979
1456298761.0,2a7d911f,0.979
1456298761.0,820d9924,0.959
1456298761.0,e9776f5d,0.979
1456298761.0,82e05795,0.969
1456298761.0,e6b8819f,0.989
1456298761.0,0bb2e1c5,0.999
1456298761.0,e72628ad,0.989
1456298761.0,885c23aa,0.949
1456298761.0,8e0ec690,0.959
1456298761.0,a75efbf5,0.979
1456298761.0,b41309f8,0.949
1456298761.0,d0ad460e,0.969
1456298761.0,85e6dacf,0.979
1456298761.0,354d360a,0.979
1456298761.0,7ccc3654,0.939
1456298761.0,7b247260,0.979
1456298761.0,24c0c404,1.019
1456298761.0,a46f6f07,0.999
1456298761.0,caaf83c5,0.939
1456298761.0,d600dfb6,0.989
1456298761.0,c968d61e,0.919
1456298761.0,ebcd22e7,0.959
1456298761.0,c3a73e2d,0.969
1456298761.0,601bbb50,1.019
1456298761.0,1176658b,0.979
1456298761.0,78e71612,1.009
1456298761.0,06f8b9dc,1.009
1456298761.0,340e9b8b,0.999
1456298761.0,ed770a27,0.999
1456298761.0,02f94ae2,1.009
1456298761.0,1d0dbcee,0.969
1456298761.0,091ee9ad,1.009
1456298761.0,c3ff1b21,0.999
1456298761.0,7dcac0a5,0.939
1456298761.0,515a767d,0.989
1456298761.0,c449aa2a,1.009
1456298761.0,72ceacae,0.989
1456298761.0,30546742,0.949
1456298761.0,8bb9b028,0.959
1456298761.0,c6463fb6,0.979
1456298761.0,6904580a,0.999
1456298761.0,fb686be7,0.979
1456298761.0,7481989a,0.989
1456298761.0,06eb0513,0.989
1456298761.0,25803c3c,0.959
1456298761.0,9e990cfe,0.999
1456298761.0,42d76a3c,0.999
1456298761.0,d9273836,0.999
1456298761.0,2861d5a0,0.989
1456298761.0,dc9724ba,0.939
1456298761.0,5ff2bd7f,0.939
1456298761.0,6a99b356,1.029
1456298761.0,f86a6ea1,0.989
1456298761.0,9300020e,0.969
1456298761.0,9bde8003,0.989
1456298761.0,412f8103,1.009
1456298761.0,9238f031,0.959
1456298761.0,def3807b,0.979
1456298761.0,728dbc4e,0.989
1456298761.0,8c14cf23,0.999
1456298761.0,2e1bed62,0.999
1456298761.0,f873156d,0.969
1456298761.0,44850052,0.959
1456298761.0,a1b6608c,1.009
1456298761.0,851f334c,0.999
1456298761.0,9f61347e,0.989
1456298761.0,82f09d4f,0.969
1456298761.0,31e85a65,0.949
1456298761.0,d650bbff,0.999
1456298761.0,2f92fadd,0.989
1456298761.0,a3a74fcc,1.009
1456298761.0,e878527c,0.999
1456298761.0,c8d87efe,0.979
1456298761.0,35822dd5,0.989
1456298761.0,90057d6c,0.989
1456298761.0,8591bcbf,1.009
1456298761.0,185c6827,0.999
1456298761.0,27792a3d,0.969
1456298761.0,c9b21507,0.979
1456298761.0,1357de7e,0.999
1456298761.0,521b2ae0,1.009
1456298761.0,72cb62f7,0.959
1456298761.0,e9edf509,0.999
1456298761.0,6cc392bc,1.029
1456298761.0,97738c26,0.989
1456298761.0,478964f7,1.009
1456298761.0,aae85374,0.989
1456298761.0,1b9ef516,0.999
1456298761.0,e823f51f,1.009
1456298761.0,77b7abe7,0.979
1456298761.0,7bf1b975,1.009
1456298761.0,4be880d0,0.979
1456298761.0,193a59df,0.989
1456298761.0,34062783,0.949
1456298761.0,b07918a9,0.979
1456298761.0,1a5348cf,0.999
1456298761.0,a9b88996,1.009
1456298761.0,612ed46e,0.989
1456298761.0,cd0841fe,1.009
1456298761.0,72cc479b,0.989
1456298761.0,d261d6e0,0.999
1456298761.0,8bf65820,0.959
1456298761.0,7bed69b1,0.959
1456298761.0,0720a96f,0.969
1456298761.0,cf25dcdb,0.999
1456298761.0,c33f8f41,0.989
1456298761.0,05babe25,0.989
1456298761.0,ac3b0cb7,0.939
1456298761.0,61b974e5,0.999
1456298761.0,c32b7c81,0.979
1456298761.0,62f9d469,0.999
1456298761.0,c1d6b449,0.969
1456298761.0,e3a298ff,0.999
1456298761.0,ab706620,0.949
1456298761.0,4c7f88c9,0.979
1456298761.0,fe2084ca,0.959
1456298761.0,19c13d75,0.959
1456298761.0,b46502fa,1.019
1456298761.0,9e334e1e,0.999
1456298761.0,14b98d5e,0.969
1456298761.0,86f0ca05,0.969
1456298761.0,581713fc,0.999
1456298761.0,16faf672,0.989
1456298761.0,7d589b96,1.019
1456298761.0,f74c5752,0.959
1456298761.0,575bb735,1.039
1456298761.0,3ae75c74,1.009
1456298761.0,54ba3e2f,0.954
1456298761.0,398e7989,0.999
1456298761.0,ffb3e589,0.919
1456298761.0,0bec4dba,0.939
1456298761.0,cfdada1d,0.989
1456298761.0,77c7b043,0.999
1456298761.0,df7589ae,0.989
1456298761.0,70276361,0.989
1456298761.0,e7295166,0.939
1456298761.0,5f379a02,0.989
1456298761.0,ac4a43b1,0.959
1456298761.0,990356d6,0.989
1456298761.0,32cdea2d,0.989
1456298761.0,e371c619,1.009
1456298761.0,5d3d8db3,0.999
1456298761.0,9b0e2c1d,0.959
1456298761.0,2212e6eb,0.959
1456298761.0,10da2bc6,0.999
1456298761.0,cf4759e8,1.009
1456298761.0,51e1327b,1.019
1456298761.0,60a05f95,0.969
1456298761.0,97c3022d,1.019
1456298761.0,a0d4181c,0.969
1456298761.0,cacdc0ed,1.009
1456298761.0,0b15fb2a,0.959
1456298761.0,0eb17bed,0.989
1456298761.0,eec8c179,0.999
1456298761.0,a063011a,1.009
1456298761.0,97aee551,0.979
1456298761.0,a4416f40,1.019
1456298761.0,013daa88,0.959
1456298761.0,18ac93f2,0.969
1456298761.0,9bcd0dae,0.969
1456298761.0,100339eb,1.029
1456298761.0,43d5cbaa,0.959
1456298761.0,215d680b,1.019
1456298761.0,b706633d,0.999
1456298761.0,d34df514,1.009
1456298761.0,fca5511b,0.979
1456298761.0,3ca42fdd,0.989
1456298761.0,2606727d,0.969
1456298761.0,1cc41339,0.939
1456298761.0,f2a783d7,0.999
1456298761.0,1c551e1f,0.989
1456298761.0,4f2bb69c,0.969
1456298761.0,369b5326,0.979
1456298761.0,3e7ce5dd,0.999
1456298761.0,ef5fb7f7,0.979
1456298761.0,5e6b1f04,0.949
1456298761.0,,0.939
1456298761.0,507bacc5,0.989
1456298761.0,dadc3ef8,0.989
1456298761.0,6727ef58,0.979
1456298761.0,e3ed55ca,0.949
1456298761.0,79eb6d1c,1.009
1456298761.0,18429d44,0.989
1456298761.0,1b359e8d,0.959
1456298761.0,4e13229f,0.959
1456298761.0,3ff7f5f2,0.999
1456298761.0,c13504fe,0.989
1456298761.0,be03744e,0.989
1456298761.0,a5b2040e,1.009
1456298761.0,09d9579a,0.989
1456298761.0,119b03dd,1.039
1456298761.0,023c4d8c,0.959
1456298761.0,7776be9f,0.989
1456298761.0,7b0ff594,1.019
1456298761.0,ccb88791,0.979
1456298761.0,9bea2bd1,0.979
1456298761.0,66e3c96f,0.989
1456298761.0,b8529633,0.939
1456298761.0,b1dd859f,0.989
1456298761.0,dd487ced,0.969
1456298761.0,cfea1db9,0.999
1456298761.0,f93d41bc,0.979
1456298761.0,f9347e34,0.979
1456298761.0,b791cb2d,0.979
1456298761.0,8e302603,0.979
1456298761.0,fff62873,0.959
1456298761.0,669b7d94,0.999
1456298761.0,5180eda7,1.009
1456298761.0,965ccdb6,0.939
1456298761.0,fbb19847,0.959
1456298761.0,a1c3be4b,0.979
1456298761.0,f84d3d37,1.019
1456298761.0,1ac2cf31,0.989
1456298761.0,279cc342,0.919
1456298761.0,820ce6ed,0.979
1456298761.0,67a88200,0.969
1456298761.0,cdb901b1,0.989
1456298761.0,463dc57b,1.009
1456298761.0,38ec146a,0.999
1456298761.0,990f2a08,0.979
1456298761.0,5048cff6,0.999
1456298761.0,c88259dc,0.999
1456298761.0,061f678d,0.939
1456298761.0,8bda8d2f,0.959
1456298761.0,ac8e61fe,0.989
1456298761.0,a5cc92b9,0.959
1456298761.0,1f1e2904,0.979
1456298761.0,9beb1b98,0.979
1456298761.0,437a065e,0.999
1456298761.0,53bde5da,0.979
1456298761.0,6a1dd3bb,0.999
1456298761.0,9ea3d2b6,0.939
1456298761.0,d8e33d34,0.989
1456298761.0,9479cc1c,0.979
1456298761.0,757ed05d,1.179
1456298761.0,0daf2906,0.989
1456298761.0,,1.029
1456298761.0,287fc858,0.999
1456298761.0,115ba3fe,0.989
1456298761.0,41d19376,0.989
1456298761.0,bf12232f,0.979
1456298761.0,c12b33f3,1.009
1456298761.0,efc2fc1d,0.979
1456298761.0,5e575550,0.999
1456298761.0,4604fb62,1.009
1456298761.0,0496cd5a,0.979
1456298761.0,02540c78,0.999
1456298761.0,e8770e69,1.009
1456298761.0,1425b025,0.999
1456298761.0,f06281fb,0.999
1456298761.0,7150ecaf,0.959
1456298761.0,058a54eb,1.029
1456298761.0,f06e40a6,0.989
1456298761.0,9c4972e3,0.959
1456298761.0,dac4fe2a,0.939
1456298761.0,99d25d8f,0.949
1456298761.0,5acde0f1,0.939
1456298761.0,ebdb10e8,0.999
1456298761.0,881dfc32,0.939
1456298761.0,f74fad88,0.969
1456298761.0,5ef62f10,0.999
1456298761.0,ce5b6ffc,0.969
1456298761.0,714dc178,1.019
1456298761.0,60da834f,0.939
1456298761.0,38a3a737,0.979
1456298761.0,5ec35915,0.989
1456298761.0,7f89f971,0.989
1456298761.0,13fdcfbe,0.989
1456298761.0,668a9de0,0.939
1456298761.0,ae3c2fda,0.999
1456298761.0,96ae55d2,0.939
1456298761.0,c466d5fa,1.009
1456298761.0,97d3de54,0.979
1456298761.0,0d1c8f35,0.989
1456298761.0,ceda1d43,0.979
1456298761.0,27e302bc,0.999
1456298761.0,0baaf637,0.989
1456298761.0,2e1573c2,0.989
1456298761.0,687fc892,0.929
1456298761.0,c4ede5e6,0.999
1456298761.0,5580f197,1.019
1456298761.0,3f871f58,0.959
1456298761.0,9c586989,0.999
1456298761.0,0339cb93,0.979
1456298761.0,4d5c23ec,1.009
1456298761.0,a18bcb80,1.019
1456298761.0,aa10726f,0.949
1456298761.0,bd3ce4cc,0.989
1456298761.0,41b2d714,1.019
1456298761.0,49ea8294,1.009
1456298761.0,3124489d,0.989
1456298761.0,874f2a6f,0.0
1456298761.0,31c83690,1.019
1456298761.0,3982c15e,0.979
1456298761.0,5aa87776,1.029
1456298761.0,e8780170,1.009
1456298761.0,73086606,0.999
1456298761.0,92978eb8,0.949
1456298761.0,,0.999
1456298761.0,a8e52643,0.969
1456298761.0,d49e5d4c,0.939
1456298761.0,49119bd2,0.979
1456298761.0,2e65af60,0.999
1456298761.0,6fe5086e,0.989
1456298761.0,44daa76b,0.989
1456298761.0,d285af63,0.959
1456298761.0,1161f67d,0.979
1456298761.0,5037ab0b,0.999
1456298761.0,8337e967,1.029
1456298761.0,a5d5884d,0.989
1456298761.0,33cd03d6,0.979
1456298761.0,b205cecb,0.989
1456298761.0,2358eb9a,0.979
1456298761.0,a6d1a0c5,0.989
1456298761.0,cef8a5ba,0.969
1456298761.0,579ffc07,0.999
1456298761.0,4612acab,0.979
1456298761.0,1636cb5c,1.039
1456298761.0,73b03911,0.999
1456298761.0,2b74716f,0.979
1456298761.0,d195f0c9,0.999
1456298761.0,46bea8c9,0.999
1456298761.0,2a82c08f,0.989
1456298761.0,6f028afd,0.929
1456298761.0,b870f094,0.969
1456298761.0,aa4cdb22,0.989
1456298761.0,cba1718d,0.989
1456298761.0,dea2eca4,1.009
1456298761.0,b1020387,0.949
1456298761.0,32f0b93e,0.969
1456298761.0,a07f50c4,0.949
1456298761.0,1fe05a5f,0.969
1456298761.0,d1bc0e20,0.969
1456298761.0,6117cbac,0.969
1456298761.0,4c39660b,0.969
1456298761.0,5d3a9ec2,0.979
1456298761.0,f6a0a590,0.979
1456298761.0,b661e7f7,0.989
1456298761.0,c984e1be,0.939
1456298761.0,9f62a2b2,1.009
1456298761.0,7b5a8540,0.989
1456298761.0,053b7fd8,0.959
1456298761.0,6c9830ee,0.989
1456298761.0,7a9d4c97,1.019
1456298761.0,5678d2c5,1.009
1456298761.0,e2825c07,0.989
1456298761.0,31dfb194,0.999
1456298761.0,75e0a1f1,0.999
1456298761.0,87d1caf0,0.989
1456298761.0,beef4f02,0.979
1456298761.0,5fec062c,0.989
1456298761.0,9456d189,0.989
1456298761.0,038eae7e,1.009
1456298761.0,b29e1284,1.029
1456298761.0,37020abb,1.009
1456298761.0,9a883b4c,0.979
1456298761.0,33fb4cf3,0.989
1456298761.0,0cc05186,0.999
1456298761.0,d766ce97,0.979
1456298761.0,f93a1db7,0.979
1456298761.0,a7a2a72e,0.969
1456298761.0,eae89db3,1.029
1456298761.0,b8b66437,0.999
1456298761.0,2b9cc40e,0.969
1456298761.0,928e1254,0.959
1456298761.0,4bb18de7,0.979
1456298761.0,cef089b3,0.939
1456298761.0,f061e4b5,0.949
1456298761.0,a8f38887,0.999
1456298761.0,7cc0b5a2,0.999
1456298761.0,ed1587ed,0.989
1456298761.0,39376aa1,1.009
1456298761.0,e8205f94,1.009
1456298761.0,df59b3f7,0.989
1456298761.0,8a3f89ed,1.009
1456298761.0,59be95b5,1.009
1456299001.0,3ae6396e,0.925
1456299001.0,35eaad61,0.969
1456299001.0,1de27695,0.999
1456299001.0,cf4010a3,0.989
1456299001.0,9ee6c90b,0.989
1456299001.0,a9b325ba,0.999
1456299001.0,e2851b26,0.959
1456299001.0,68d5e021,0.989
1456299001.0,04d64488,0.989
1456299001.0,bc11a9fb,0.989
1456299001.0,e42f2550,0.989
1456299001.0,7ef2369b,0.949
1456299001.0,460c6eb9,0.969
1456299001.0,effc0f5f,0.999
1456299001.0,eaf5b8e2,0.969
1456299001.0,6ed73676,0.989
1456299001.0,77b1b0cd,0.969
1456299001.0,c6cd3146,0.999
1456299001.0,667e0f37,0.939
1456299001.0,e76cdeb7,0.949
1456299001.0,acf24033,0.979
1456299001.0,b45e9e13,0.989
1456299001.0,24c10ff0,0.979
1456299001.0,4e54ae8f,0.999
1456299001.0,605da2e4,0.979
1456299001.0,72bd4b95,0.989
1456299001.0,1a2a17d8,0.949
1456299001.0,6fb67f4c,0.979
1456299001.0,824f7fcf,0.969
1456299001.0,957f9612,0.969
1456299001.0,ca3dc497,0.999
1456299001.0,46030de4,0.979
1456299001.0,d3fff19d,0.969
1456299001.0,,0.949
1456299001.0,2410740f,0.979
1456299001.0,292cfe23,0.969
1456299001.0,d6e5c3f0,1.019
1456299001.0,5550eba8,0.999
1456299001.0,c1772f1e,0.979
1456299001.0,eb058e2c,0.979
1456299001.0,6dea9ace,0.999
1456299001.0,761dd171,0.989
1456299001.0,eba73bce,0.959
1456299001.0,e31897db,0.989
1456299001.0,ad0995a1,0.949
1456299001.0,9278d791,0.979
1456299001.0,39175664,0.989
1456299001.0,e6aa9001,1.009
1456299001.0,,0.999
1456299001.0,8d7db884,0.969
1456299001.0,95321d2a,0.999
1456299001.0,69c4db90,1.029
1456299001.0,796dcdf3,0.959
1456299001.0,e16d188a,0.969
1456299001.0,26d466bb,0.979
1456299001.0,0e1fdace,0.979
1456299001.0,0f4a41fc,0.969
1456299001.0,a38344c9,0.959
1456299001.0,215c30e8,0.989
1456299001.0,7b9f0ef9,1.009
1456299001.0,00d1a6ab,0.989
1456299001.0,0622b5eb,0.999
1456299001.0,eefff0b8,0.999
1456299001.0,faa85b47,0.989
1456299001.0,ad7b7c05,0.999
1456299001.0,bc235ee2,0.979
1456299001.0,a4842df2,0.938
1456299001.0,9fad7fea,0.999
1456299001.0,3f58dc20,0.979
1456299001.0,b8bbf107,0.969
1456299001.0,9e990cfe,0.999
1456299001.0,9baa546c,0.999
1456299001.0,de376e73,0.979
1456299001.0,d500f94f,1.019
1456299001.0,1ad0b27a,0.994
1456299001.0,8659a4a3,0.969
1456299001.0,f21843f7,0.959
1456299001.0,982ef9d8,0.989
1456299001.0,43e08abb,0.989
1456299001.0,03cdbd16,1.009
1456299001.0,7efc6d8f,1.009
1456299001.0,8c14cf23,0.999
1456299001.0,49ea5327,0.959
1456299001.0,192ba8fb,0.959
1456299001.0,44dd8de5,1.009
1456299001.0,b3e6c96a,0.929
1456299001.0,53a0f4e4,0.999
1456299001.0,930fbc1c,1.009
1456299001.0,70900101,1.019
1456299001.0,8c716afc,1.019
1456299001.0,8e8fc0d2,0.999
1456299001.0,fdce782f,1.004
1456299001.0,c184854c,0.999
1456299001.0,139724a5,0.939
1456299001.0,bff84a14,1.049
1456299001.0,7534fa3e,0.949
1456299001.0,623e9424,0.979
1456299001.0,a8085b3d,0.989
1456299001.0,bb9f0bc7,0.999
1456299001.0,0dac1cdc,0.989
1456299001.0,3e68f1c7,1.009
1456299001.0,8f84a914,0.979
1456299001.0,34b4a600,0.979
1456299001.0,bd7cef0f,0.969
1456299001.0,f2ac2fd2,0.949
1456299001.0,d586ebeb,0.949
1456299001.0,6835d405,0.959
1456299001.0,f38a8e26,0.989
1456299001.0,eabde0e7,0.959
1456299001.0,2a8db2e4,0.969
1456299001.0,bf2623d5,0.999
1456299001.0,d2b9e2a3,0.959
1456299001.0,92e92fe0,0.969
1456299001.0,41d7fd8c,0.989
1456299001.0,bdc3a9dd,0.999
1456299001.0,1330f736,0.959
1456299001.0,fb2de244,0.969
1456299001.0,aff519f2,0.969
1456299001.0,d478cbe7,0.999
1456299001.0,9f28cd19,0.989
1456299001.0,f897dc71,0.969
1456299001.0,f9ce73b2,0.979
1456299001.0,4be880d0,0.969
1456299001.0,c575cb16,0.959
1456299001.0,e88430a3,0.989
1456299001.0,efb9c112,0.979
1456299001.0,403a1c86,0.969
1456299001.0,d9d4a6fe,0.979
1456299001.0,acf0a7d7,0.999
1456299001.0,396b08fd,0.959
1456299001.0,959e5dd8,0.999
1456299001.0,7ba8ceb3,0.939
1456299001.0,c69497b1,0.979
1456299001.0,131436f2,1.009
1456299001.0,09798ba9,0.979
1456299001.0,64da7e72,1.009
1456299001.0,d088285e,0.969
1456299001.0,ca3e36c7,1.009
1456299001.0,410ba324,0.949
1456299001.0,5bbe0a9d,0.979
1456299001.0,74d7ab64,0.969
1456299001.0,3fcbe3b5,1.009
1456299001.0,6866a590,0.969
1456299001.0,d872a109,0.959
1456299001.0,f6d88954,0.949
1456299001.0,f479c8f0,0.989
1456299001.0,658748ac,0.989
1456299001.0,3b06308c,1.009
1456299001.0,70efa82e,0.999
1456299001.0,f989aaff,0.969
1456299001.0,9dca124a,0.959
1456299001.0,efc3cb20,0.959
1456299001.0,5f092464,0.989
1456299001.0,c17f3537,0.979
1456299001.0,19584345,0.999
1456299001.0,db08686c,0.959
1456299001.0,f084458d,0.979
1456299001.0,2c4dd6f0,0.979
1456299001.0,,0.989
1456299001.0,b05147af,0.969
1456299001.0,0f1ef6bd,0.989
1456299001.0,1f23d8f2,0.989
1456299001.0,5018e554,0.979
1456299001.0,5a599746,0.959
1456299001.0,2e4ef56a,0.999
1456299001.0,6647542f,1.019
1456299001.0,7964974d,0.979
1456299001.0,b5dfdabd,1.009
1456299001.0,3bb74884,0.989
1456299001.0,0cebd045,1.009
1456299001.0,d084396c,0.979
1456299001.0,fbaf0901,0.959
1456299001.0,edf38f90,0.999
1456299001.0,a24c7289,0.949
1456299001.0,62e5651b,0.979
1456299001.0,8c51a8b0,0.959
1456299001.0,a2806a38,0.999
1456299001.0,2da54b83,0.969
1456299001.0,373fd05a,0.979
1456299001.0,5d1b2141,0.999
1456299001.0,5fcf7eea,0.999
1456299001.0,73b32664,0.989
1456299001.0,f4387d6e,0.989
1456299001.0,5aa76680,0.959
1456299001.0,b1cca41e,0.959
1456299001.0,703564df,0.979
1456299001.0,3a3fcab7,0.949
1456299001.0,242f5c69,0.959
1456299001.0,dc2aecd3,0.959
1456299001.0,ed221b09,0.989
1456299001.0,44adf9c1,0.959
1456299001.0,440673be,0.999
1456299001.0,c687a4a1,0.939
1456299001.0,9aa6fe97,0.949
1456299001.0,99b5b897,0.989
1456299001.0,cc4e0122,0.949
1456299001.0,1db5b62a,0.999
1456299001.0,0bec4dba,0.939
1456299001.0,8e01dbc3,0.999
1456299001.0,d9132efc,1.009
1456299001.0,aa6b62c4,0.999
1456299001.0,44166963,1.009
1456299001.0,6f11a226,0.989
1456299001.0,0660fa74,1.029
1456299001.0,8642884a,1.009
1456299001.0,59005fdf,0.979
1456299001.0,d2661e86,0.999
1456299001.0,995615f7,0.999
1456299001.0,a6fdc066,0.989
1456299001.0,0b2f66ab,0.989
1456299001.0,ec99cf72,1.009
1456299001.0,ed416c52,1.009
1456299001.0,4eb6339d,0.959
1456299001.0,292f3ea8,0.979
1456299001.0,6b388a21,1.009
1456299001.0,8ca1f59e,0.959
1456299001.0,edb0d416,0.969
1456299001.0,181a93a7,0.939
1456299001.0,fb417046,1.009
1456299001.0,7fd3e47e,0.979
1456299001.0,,1.009
1456299001.0,348737ad,0.989
1456299001.0,95be41d3,0.949
1456299001.0,a44224fe,0.959
1456299001.0,3e13dc7c,0.999
1456299001.0,210ec430,0.989
1456299001.0,a486294c,0.989
1456299001.0,486e56d0,0.969
1456299001.0,0df7c170,0.999
1456299001.0,,0.999
1456299001.0,853a3988,0.979
1456299001.0,ea9276b9,0.999
1456299001.0,ffe4ba98,0.939
1456299001.0,831f7129,0.999
1456299001.0,7d1570f9,0.999
1456299001.0,a470ddc2,0.949
1456299001.0,26f7c61c,0.949
1456299001.0,dc4b8ae9,1.009
1456299001.0,1468aaa8,1.019
1456299001.0,c804ac06,0.979
1456299001.0,0aad0d01,0.979
1456299001.0,0d5cad1c,0.959
1456299001.0,a446fffa,0.949
1456299001.0,f9e19175,0.999
1456299001.0,c11feddb,0.949
1456299001.0,d3db6e64,1.009
1456299001.0,4369b2a7,0.989
1456299001.0,39c4256a,0.949
1456299001.0,52628b2e,0.989
1456299001.0,64d3ba48,0.979
1456299001.0,2080cd01,0.959
1456299001.0,3b9d2939,0.939
1456299001.0,a3cd819d,0.979
1456299001.0,668ef0e0,0.959
1456299001.0,b683841e,0.999
1456299001.0,a7f164b3,0.989
1456299001.0,2a45cfbb,0.989
1456299001.0,af82f4c3,0.979
1456299001.0,57a33e46,0.969
1456299001.0,72c6e33b,0.949
1456299001.0,aecb2a58,0.979
1456299001.0,a2283cb3,1.009
1456299001.0,60ccb68d,0.989
1456299001.0,,0.969
1456299001.0,2cbd6d3c,0.969
1456299001.0,1bc36219,0.989
1456299001.0,a9e224de,0.979
1456299001.0,010a1240,0.939
1456299001.0,c30f5865,0.969
1456299001.0,8b20c3e0,0.939
1456299001.0,bbe091e3,0.949
1456299001.0,68f59abb,0.969
1456299001.0,1c358963,0.969
1456299001.0,fc062d47,0.969
1456299001.0,f32894b0,0.999
1456299001.0,,0.989
1456299001.0,0abf9cad,0.999
1456299001.0,8914d28e,0.989
1456299001.0,9db8f5e1,0.959
1456299001.0,4b71d2b1,0.989
1456299001.0,041032df,1.049
1456299001.0,9ee8e646,1.009
1456299001.0,6b012e3a,0.939
1456299001.0,26d674df,0.959
1456299001.0,43206580,0.999
1456299001.0,81ffe4cd,0.989
1456299001.0,6a687cf5,0.959
1456299001.0,cf4fcc7d,1.019
1456299001.0,ee1e8107,0.989
1456299001.0,546336fa,0.949
1456299001.0,cedf23e6,0.999
1456299001.0,544d8f74,0.979
1456299001.0,e4465e8e,0.969
1456299001.0,af766fc5,1.009
1456299001.0,a1ca21f6,0.959
1456299001.0,7fb54fbf,0.959
1456299001.0,01b60b00,1.029
1456299001.0,8b04f514,0.979
1456299001.0,3b980bc9,1.009
1456299001.0,8247d46d,0.989
1456299001.0,6bc29395,0.999
1456299001.0,7f46e3b9,1.059
1456299001.0,9a0bacc1,0.949
1456299001.0,5d04b2ad,0.989
1456299001.0,47a5253e,1.019
1456299001.0,8b485c5e,0.999
1456299001.0,093ad451,1.019
1456299001.0,8b68e5d5,1.019
1456299001.0,9a246c9a,0.989
1456299001.0,dcb337e4,0.999
1456299001.0,21fb52c4,0.989
1456299001.0,ccc808c9,0.999
1456299001.0,ce714a39,1.019
1456299001.0,ae2f47a9,0.999
1456299001.0,7da93d4e,0.979
1456299001.0,153762cf,0.999
1456299001.0,98f928d6,0.939
1456299001.0,7b8d5b92,0.989
1456299001.0,18b93d5d,0.939
1456299001.0,f9660ed1,1.099
1456299001.0,fe19868d,0.969
1456299001.0,83be7215,0.979
1456299001.0,7549bbf6,0.989
1456299001.0,11fd2741,0.969
1456299001.0,dc9494a5,0.979
1456299001.0,46950b68,0.979
1456299001.0,e6322e78,0.979
1456299001.0,a63774ee,0.989
1456299001.0,a4c2cb8d,1.029
1456299001.0,c44abeea,0.999
1456299001.0,a260f4a5,0.979
1456299001.0,d556f79b,0.969
1456299001.0,b934f66f,0.979
1456299001.0,d1b05fbc,0.999
1456299001.0,41815ba2,0.999
1456299001.0,09e2fa96,0.959
1456299001.0,3edff2fe,1.019
1456299001.0,ab8081a0,0.989
1456299001.0,b22e443b,0.999
1456299001.0,27fede19,0.959
1456299001.0,6264e826,0.969
1456299001.0,58d274cb,0.989
1456299001.0,6f40a7c4,0.999
1456299001.0,827fe9cd,0.969
1456299001.0,1b2380b6,0.989
1456299001.0,39c2a91f,0.949
1456299001.0,a4dec78a,1.009
1456299001.0,71fc80a1,0.999
1456299001.0,dd80a4bd,0.989
1456299001.0,95d6571c,0.989
1456299001.0,a182ab0c,0.999
1456299001.0,9f4bb5cf,1.009
1456299001.0,43cde591,0.959
1456299001.0,526f4c6d,0.999
1456299001.0,94d55606,0.999
1456299001.0,b6930305,1.019
1456299001.0,bc3ec897,0.979
1456299001.0,3e1f426f,1.019
1456299001.0,0fc44087,0.999
1456299001.0,16cc4c6d,0.969
1456299001.0,29e79793,0.959
1456299001.0,b7488969,1.019
1456299001.0,0ea9619d,0.969
1456299001.0,b6f2c106,0.979
1456299001.0,0bb7ebd5,0.959
1456299001.0,0c3d5570,1.009
1456299001.0,35d2c9ad,1.019
1456299001.0,8d192dd1,1.009
1456299001.0,e6b1064f,0.999
1456299001.0,2651ccb9,0.989
1456299001.0,48314cda,0.989
1456299001.0,2a639c5a,0.999
1456299001.0,62ae11f0,1.029
1456299001.0,35ef9d63,0.979
1456299001.0,5fcd0ac6,0.989
1456299001.0,2540db20,0.999
1456299001.0,4dac6b68,0.989
1456299001.0,df727d0c,1.009
1456299001.0,15b3db43,0.989
1456299001.0,d33a84e0,1.009
1456299001.0,5b1eb6c6,0.939
1456299001.0,6162ba82,0.999
1456299001.0,6384651f,0.959
1456299001.0,6f825f6f,1.019
1456299001.0,776d3e19,0.979
1456299001.0,cd468df5,0.969
1456299001.0,bdf0a3dc,1.009
1456299001.0,9cc7617e,0.999
1456299001.0,57e63781,0.979
1456299001.0,c53a45b7,0.999
1456299001.0,5ea93ccf,1.009
1456299001.0,4f2f425b,0.939
1456299001.0,3df2304c,0.969
1456299001.0,dcfdd6fc,0.989
1456299001.0,d279ee07,0.969
1456299001.0,8fc61c53,1.009
1456299001.0,b1450a7d,1.009
1456299001.0,2f559315,0.959
1456299001.0,ad852670,0.999
1456299001.0,857beb4a,1.019
1456299001.0,12d2f4a6,0.979
1456299001.0,b18611aa,0.959
1456299001.0,a1a059cc,0.989
1456299001.0,2237382a,0.999
1456299001.0,3de6c3ca,0.979
1456299001.0,99d4f63c,0.969
1456299001.0,415092bd,1.029
1456299001.0,1cdb45b5,0.999
1456299001.0,77906f99,0.999
1456299001.0,2d2c8e81,0.989
1456299001.0,1effdd9e,1.029
1456299001.0,0c37347b,0.969
1456299001.0,4272bb90,0.989
1456299001.0,39edd173,0.989
1456299001.0,edc52f30,0.989
1456299001.0,768030e0,0.968
1456299001.0,1c33ec7e,1.009
1456299001.0,f55f0649,0.959
1456299001.0,cbc2f9db,0.989
1456299001.0,92740284,0.959
1456299001.0,a5998664,0.999
1456299001.0,dc7fb76c,0.959
1456299001.0,7a695f48,0.989
1456299001.0,e9ff4fd7,0.939
1456299001.0,260e3a4c,0.989
1456299001.0,422fbafa,1.009
1456299001.0,bd227bfb,1.019
1456299001.0,51c7bb55,0.979
1456299001.0,8df7b7e0,0.969
1456299001.0,c9333668,0.999
1456299001.0,aa0cc0ae,0.959
1456299001.0,a90392b0,0.979
1456299001.0,6729d61b,0.959
1456299001.0,1ffbed87,0.989
1456299001.0,f8ab4e9f,0.959
1456299001.0,d2ffce1f,0.969
1456299001.0,18a2553e,0.979
1456299001.0,d923719a,0.999
1456299001.0,c93058ac,1.009
1456299001.0,ab6f459b,0.969
1456299001.0,e7cf315e,0.989
1456299001.0,a18bcb80,1.009
1456299001.0,e8b2cb64,0.959
1456299001.0,350b5605,0.979
1456299001.0,62f495a7,0.959
1456299001.0,c82dccc8,0.959
1456299001.0,30389cde,0.989
1456299001.0,2249d84a,0.999
1456299001.0,6a49dcf0,0.959
1456299001.0,83fa6876,0.989
1456299001.0,84558d7a,1.009
1456299001.0,6a8c8b44,0.989
1456299001.0,f73244c0,0.979
1456299001.0,3ebf0a56,1.019
1456299001.0,e3f9ebe0,0.969
1456299001.0,,0.959
1456299001.0,64bc8569,0.979
1456299001.0,eb863f50,0.979
1456299001.0,,1.029
1456299001.0,72e91f24,0.989
1456299001.0,e2cc6025,0.989
1456299001.0,8c04c7d4,0.989
1456299001.0,e57877ff,0.979
1456299001.0,94013d10,0.999
1456299001.0,ea96763b,1.009
1456299001.0,c7a5dad9,1.019
1456299001.0,2dc3d215,0.989
1456299001.0,270ee8bf,0.989
1456299001.0,2e401955,0.999
1456299001.0,baaf8b05,1.009
1456299001.0,8597e067,0.939
1456299001.0,95568ef1,0.969
1456299001.0,783b97cc,0.959
1456299001.0,f010f0a1,0.999
1456299001.0,849ac669,0.999
1456299001.0,2bde4cc0,1.009
1456299001.0,ba76fc84,0.999
1456299001.0,6fe5086e,0.989
1456299001.0,d0e02780,0.999
1456299001.0,5fc37dfd,0.999
1456299001.0,1a8a222a,0.949
1456299001.0,8f62454a,1.009
1456299001.0,cb728243,0.999
1456299001.0,461b2a68,0.969
1456299001.0,1b06723f,0.999
1456299001.0,0967fa61,0.969
1456299001.0,476697da,0.999
1456299001.0,2a753e23,0.969
1456299001.0,26d49c51,0.979
1456299001.0,d983a1c7,0.939
1456299001.0,538edcf9,0.969
1456299001.0,974d725c,0.999
1456299001.0,ea255676,1.009
1456299001.0,790cb266,0.989
1456299001.0,f4217802,1.009
1456299001.0,c269e5db,0.979
1456299001.0,22e6cf1d,0.949
1456299001.0,5cbce85b,0.999
1456299001.0,38fda503,1.009
1456299001.0,dc76a6bb,0.999
1456299001.0,95bbbe2f,1.009
1456299001.0,f3860d8d,1.009
1456299001.0,4bb19235,0.989
1456299001.0,e305ccae,0.969
1456299001.0,,0.969
1456299001.0,caa33a9a,0.98
1456299001.0,16fbfac7,0.999
1456299001.0,136c3dcd,1.009
1456299001.0,073f77fc,0.949
1456299001.0,31cd43d6,0.959
1456299001.0,cadf0fec,0.969
1456299001.0,2bbc2767,1.029
1456299001.0,c0f54c09,1.009
1456299001.0,3e4c89c9,0.959
1456299001.0,ec60ccb8,0.969
1456299001.0,10f309c6,0.989
1456299001.0,5bdf1cdf,0.999
1456299001.0,1db152f7,0.999
1456299001.0,9dff86f1,0.979
1456299001.0,38b527b3,0.999
1456299001.0,726bbc28,0.969
1456299001.0,210e50b8,0.989
1456299001.0,2f54d4c9,0.939
1456299001.0,23cab4a8,0.959
1456299001.0,c973ec97,1.029
1456299001.0,471da9da,0.989
1456299001.0,bcab79d7,0.969
1456299001.0,,1.009
1456299001.0,3cb9cc00,0.969
1456299001.0,05cd05cd,0.989
1456299001.0,5e068b6e,0.979
1456299001.0,e4dcc2ad,0.999
1456299001.0,d0c595a5,0.949
1456299001.0,8928a7d8,0.999
1456299001.0,9f4967c5,0.949
1456299001.0,e7b28238,0.959
1456299001.0,eeca31d3,1.009
1456299001.0,56d52752,0.989
1456299001.0,8c9cc6bc,0.949
1456299001.0,b559c5aa,0.949
1456299001.0,973748fa,0.959
1456299001.0,b883c155,0.979
1456299001.0,b0c139bb,1.019
1456299001.0,5a80a293,1.009
1456299001.0,aa506433,0.989
1456299001.0,7b417f71,0.959
1456299001.0,73f7d503,0.989
1456299001.0,6e9357c6,1.029
1456299001.0,1b10d043,1.029
1456299001.0,806052b0,0.969
1456299001.0,4827ec0b,0.989
1456299001.0,a3dd230b,1.009
1456299001.0,e8812318,1.029
1456299001.0,82812943,0.969
1456299001.0,3168ab53,0.969
1456299001.0,7bc454c7,0.979
1456299001.0,ecaf9af2,1.019
1456299001.0,e64fba92,0.969
1456299001.0,5f3a075f,0.949
1456299001.0,606d52e3,0.989
1456299001.0,fe0014ec,1.019
1456299001.0,974e4706,0.959
1456299001.0,40fe1f50,0.999
1456299001.0,63a3fa08,0.999
1456299001.0,fa216f55,1.009
1456299001.0,5812c07f,0.926
1456299001.0,e532c6da,0.999
1456299001.0,c4906344,1.009
1456299001.0,70692280,1.009
1456299001.0,6f93e9a4,0.999
1456299001.0,113fcda7,0.969
1456299001.0,10753208,0.979
1456299001.0,e0973b4a,0.959
1456299001.0,996dd733,0.969
1456299001.0,c9faeb03,0.979
1456299001.0,c39e2d3d,0.929
1456299001.0,6e409c53,0.969
1456299001.0,8838e6a7,1.019
1456299001.0,d501c22d,1.009
1456299001.0,b49ab0b4,1.019
1456299001.0,a5b9c3a3,0.949
1456299001.0,57135983,1.019
1456299001.0,1d3ab507,0.999
1456299001.0,8236d188,1.019
1456299001.0,08aa7fc0,0.989
1456299001.0,801fe77a,0.969
1456299001.0,6c11a054,0.999
1456299001.0,6184a86d,0.949
1456299001.0,0664aa97,1.009
1456299001.0,a711b7d5,1.009
1456299001.0,994f9854,0.979
1456299001.0,3106c23c,0.979
1456299001.0,8404a707,0.969
1456299001.0,08f59b41,0.989
1456299001.0,85711ea4,1.029
1456299001.0,af7679c0,0.949
1456299001.0,a774140b,0.989
1456299001.0,6fd1563c,0.939
1456299001.0,d1780d08,0.979
1456299001.0,c26e2bbb,0.979
1456299001.0,8fe7f10d,0.979
1456299001.0,fc42b1f2,1.019
1456299001.0,36ecde4a,0.969
1456299001.0,9cb727d2,0.979
1456299001.0,7f42a07f,0.969
1456299241.0,057ac7bc,0.95
1456299241.0,935f7120,0.989
1456299241.0,5215269b,0.969
1456299241.0,6e1c0c2c,1.019
1456299241.0,e1a9f11a,0.999
1456299241.0,8eb59fab,0.999
1456299241.0,de4ca432,0.999
1456299241.0,2ae20e3b,0.979
1456299241.0,3b8b727e,0.989
1456299241.0,bebb6d12,0.969
1456299241.0,1809ed14,0.989
1456299241.0,29076544,0.929
1456299241.0,722c316b,0.919
1456299241.0,01f0fa8d,0.989
1456299241.0,5cf99b9e,0.959
1456299241.0,b26d8334,0.929
1456299241.0,a49ea2ee,0.979
1456299241.0,3272290a,0.989
1456299241.0,9a11b9a9,0.979
1456299241.0,2a879abf,0.969
1456299241.0,ce58aeb7,0.979
1456299241.0,1c83ff33,0.989
1456299241.0,4b841e5b,0.969
1456299241.0,f822968e,0.979
1456299241.0,f2d26e3e,0.939
1456299241.0,1e3a9784,0.979
1456299241.0,4e31aa8b,0.979
1456299241.0,a790f6d4,0.939
1456299241.0,a278d48e,0.979
1456299241.0,bfcfe44e,0.969
1456299241.0,ecfdcbbe,0.949
1456299241.0,62fbc07f,0.929
1456299241.0,7006be5d,0.989
1456299241.0,d6ae9903,0.969
1456299241.0,0c475d4b,1.009
1456299241.0,afbe3668,0.959
1456299241.0,ba074c78,0.969
1456299241.0,19284bc1,0.999
1456299241.0,a4d2bd28,0.969
1456299241.0,4ca12111,0.999
1456299241.0,6d7e72b2,0.999
1456299241.0,a2ab785a,0.969
1456299241.0,483e25f7,0.999
1456299241.0,5e0f74ed,0.969
1456299241.0,9423afb9,0.989
1456299241.0,ee305546,0.959
1456299241.0,aa00a8f6,1.004
1456299241.0,1489c235,1.039
1456299241.0,db49e9d2,0.999
1456299241.0,f889436a,1.009
1456299241.0,7dfddaf9,0.979
1456299241.0,2a7a2a42,1.029
1456299241.0,91632530,0.969
1456299241.0,bd9e200b,0.999
1456299241.0,332c6cef,1.039
1456299241.0,83bbc321,0.979
1456299241.0,ce3a31be,0.989
1456299241.0,1e9c1caa,0.989
1456299241.0,c232241f,0.999
1456299241.0,d5a86b4b,1.099
1456299241.0,c3fac240,1.009
1456299241.0,eed6c533,0.989
1456299241.0,ed5d2ad9,0.989
1456299241.0,249f3b9d,0.959
1456299241.0,860d9600,0.989
1456299241.0,f551661a,0.999
1456299241.0,602cea26,1.009
1456299241.0,ed3850fb,1.029
1456299241.0,c0698259,0.969
1456299241.0,6b9ac844,0.969
1456299241.0,485c7940,0.949
1456299241.0,b51b98e9,0.989
1456299241.0,1f6a05c5,1.039
1456299241.0,12077d15,0.999
1456299241.0,eeb16be0,0.949
1456299241.0,6a55f2e9,0.989
1456299241.0,45703b6b,0.949
1456299241.0,5e5a70c6,1.019
1456299241.0,f71e9613,0.979
1456299241.0,b961310a,1.019
1456299241.0,577be558,1.009
1456299241.0,2a348345,0.929
1456299241.0,7eafe473,0.969
1456299241.0,04364ad2,0.979
1456299241.0,b802ed2f,1.009
1456299241.0,1db561d0,1.069
1456299241.0,37427601,0.969
1456299241.0,d7e428bf,1.029
1456299241.0,a66ad3ee,1.009
1456299241.0,d2a9c0a1,0.979
1456299241.0,0c5920e5,0.939
1456299241.0,84b346b1,0.999
1456299241.0,c4c2ead1,0.999
1456299241.0,47647764,0.969
1456299241.0,a64ec2ce,0.989
1456299241.0,79ec8492,0.969
1456299241.0,95402468,0.959
1456299241.0,c1526cfd,0.989
1456299241.0,780043a9,0.949
1456299241.0,f0359f5c,1.009
1456299241.0,dd154694,0.989
1456299241.0,7a53b849,0.979
1456299241.0,629268ea,0.979
1456299241.0,fb66374e,0.999
1456299241.0,6f53ff69,0.999
1456299241.0,9c044e4f,1.019
1456299241.0,1fcd9128,0.939
1456299241.0,4da99a4e,0.959
1456299241.0,faf392db,0.939
1456299241.0,70afc256,0.939
1456299241.0,cd3580e7,0.989
1456299241.0,2d55bf5c,0.979
1456299241.0,a30a80ce,0.939
1456299241.0,d0cff5c1,1.019
1456299241.0,70571d8c,0.949
1456299241.0,d63f2c51,0.949
1456299241.0,00bb9689,0.989
1456299241.0,c1eb66c5,0.969
1456299241.0,e29f148a,0.999
1456299241.0,f0dde5e2,0.999
1456299241.0,7f79215f,0.989
1456299241.0,31bc02c2,1.019
1456299241.0,c20a8487,0.949
1456299241.0,45ee1cd9,0.959
1456299241.0,27f84426,0.939
1456299241.0,8b1f5a6f,0.969
1456299241.0,90057d6c,0.959
1456299241.0,ed417fe5,0.999
1456299241.0,5e363c03,0.989
1456299241.0,d35de923,0.979
1456299241.0,df43a8b2,0.929
1456299241.0,811659c7,0.979
1456299241.0,3c9e1eb4,0.959
1456299241.0,b3a96696,0.969
1456299241.0,4cbdb1d8,0.999
1456299241.0,b6b05490,0.979
1456299241.0,b2a7f637,0.939
1456299241.0,deb0665c,0.969
1456299241.0,4cd27bd4,0.979
1456299241.0,f4accce7,1.019
1456299241.0,17f41d4f,0.959
1456299241.0,a339bf1e,0.959
1456299241.0,193a59df,0.989
1456299241.0,1105f74e,1.009
1456299241.0,0e14978e,0.999
1456299241.0,feda8910,0.979
1456299241.0,d04dc22d,0.999
1456299241.0,4c092b15,0.949
1456299241.0,c737cf1c,1.009
1456299241.0,b553e369,0.999
1456299241.0,11fbd55b,0.979
1456299241.0,e1e7fd9f,0.969
1456299241.0,79df2cb3,0.989
1456299241.0,f3951d31,1.009
1456299241.0,83cc51b1,0.989
1456299241.0,7e67d294,0.989
1456299241.0,fbf6da0b,0.929
1456299241.0,d1207062,1.009
1456299241.0,249fa6e1,1.009
1456299241.0,0dc5ec60,1.019
1456299241.0,9ae06205,0.999
1456299241.0,c6729739,0.999
1456299241.0,2f6a5cea,0.989
1456299241.0,53680e05,1.029
1456299241.0,ed74a070,0.989
1456299241.0,f6648caf,0.999
1456299241.0,17003e91,0.989
1456299241.0,d97b6339,0.959
1456299241.0,4be768df,0.979
1456299241.0,a3b2ea52,0.999
1456299241.0,03719a0b,0.999
1456299241.0,d0145a6c,0.979
1456299241.0,fedb2736,0.959
1456299241.0,3fe74e61,0.999
1456299241.0,2e49818d,0.979
1456299241.0,2f808001,1.129
1456299241.0,d64706be,0.969
1456299241.0,22ea287c,0.989
1456299241.0,d662b253,0.979
1456299241.0,575bb735,1.029
1456299241.0,d225b33f,1.009
1456299241.0,6f2ba4ed,0.989
1456299241.0,00b2809d,0.969
1456299241.0,e904bee6,0.959
1456299241.0,82c7766b,0.959
1456299241.0,ae3ec7b1,0.989
1456299241.0,878b98a2,0.949
1456299241.0,1ac7a349,0.999
1456299241.0,7f3fc915,1.009
1456299241.0,b45d7a66,0.989
1456299241.0,d3bf8582,0.999
1456299241.0,925f335a,0.989
1456299241.0,db623e54,0.959
1456299241.0,9124d12a,0.969
1456299241.0,ed65aebc,0.989
1456299241.0,14a12755,0.969
1456299241.0,469cb2ca,0.969
1456299241.0,10e899a5,0.939
1456299241.0,3b746ea0,0.959
1456299241.0,c86a322d,0.999
1456299241.0,9a95dc46,0.949
1456299241.0,02664349,0.999
1456299241.0,e4d3e8f1,0.999
1456299241.0,478ca3dd,0.969
1456299241.0,4e176577,0.979
1456299241.0,e0808ce1,0.979
1456299241.0,a426c65f,1.009
1456299241.0,d30449b6,0.989
1456299241.0,545c4117,0.959
1456299241.0,54c3da9c,0.929
1456299241.0,9733a9c0,0.979
1456299241.0,6d9dcb86,0.979
1456299241.0,ed8f4b16,0.969
1456299241.0,8ee67957,0.949
1456299241.0,cc42928d,0.999
1456299241.0,96a5f54a,0.979
1456299241.0,04c55c68,0.959
1456299241.0,9dfbd4dd,0.989
1456299241.0,c52d9727,1.009
1456299241.0,476699aa,0.969
1456299241.0,f86f0531,0.989
1456299241.0,8f94226a,0.989
1456299241.0,e53c0a3d,0.949
1456299241.0,6ac179bc,0.959
1456299241.0,68477221,0.949
1456299241.0,dbc1bba3,0.959
1456299241.0,8127a62a,0.969
1456299241.0,56c42334,0.949
1456299241.0,2c1a8318,0.989
1456299241.0,5a24bfe1,0.979
1456299241.0,aed09b0f,0.979
1456299241.0,45162ff3,0.989
1456299241.0,6c60b697,0.979
1456299241.0,6a9f527e,0.959
1456299241.0,637e523f,0.969
1456299241.0,7e2a8251,0.999
1456299241.0,4683ed0e,0.989
1456299241.0,8e306a91,0.979
1456299241.0,a8329ca7,0.989
1456299241.0,6805990d,0.999
1456299241.0,35b614c4,0.949
1456299241.0,a73bef5e,0.999
1456299241.0,03f96d6c,1.009
1456299241.0,ee4ab1fa,1.039
1456299241.0,7616bc62,0.999
1456299241.0,33fc971c,0.969
1456299241.0,,0.969
1456299241.0,da93bb21,0.959
1456299241.0,80340164,1.019
1456299241.0,263e0b44,0.989
1456299241.0,c74444b1,1.019
1456299241.0,0cce0f70,1.049
1456299241.0,063c7988,0.989
1456299241.0,3781a133,0.969
1456299241.0,563059fb,0.989
1456299241.0,6f8f49f1,0.989
1456299241.0,20021fca,0.989
1456299241.0,4eb6339d,0.958
1456299241.0,2276c640,0.969
1456299241.0,04ca9ed8,0.939
1456299241.0,a5c5f9b2,0.989
1456299241.0,bfc6b6eb,0.969
1456299241.0,f80439bc,1.009
1456299241.0,9121921b,1.009
1456299241.0,26f4791b,0.969
1456299241.0,35d8c725,0.999
1456299241.0,b563f7fe,0.979
1456299241.0,0b708f81,0.979
1456299241.0,95be41d3,0.939
1456299241.0,067693f6,0.979
1456299241.0,,0.979
1456299241.0,e55033ae,0.949
1456299241.0,46bbffea,0.999
1456299241.0,18175a0a,0.979
1456299241.0,4b7e86ba,1.029
1456299241.0,08c3c4e6,0.979
1456299241.0,02f7b616,0.999
1456299241.0,7b2a5f7c,0.949
1456299241.0,a7fc7f1f,0.959
1456299241.0,753356e0,1.019
1456299241.0,5288c0b4,0.969
1456299241.0,cb489a3a,0.979
1456299241.0,576e47d1,0.949
1456299241.0,b30a9376,0.939
1456299241.0,133677b3,0.949
1456299241.0,,1.009
1456299241.0,094c7293,0.999
1456299241.0,100339eb,0.989
1456299241.0,082f2eb7,1.019
1456299241.0,bbdbf0e7,0.929
1456299241.0,3c83ccc5,0.969
1456299241.0,2c93cd27,0.989
1456299241.0,e003a827,1.069
1456299241.0,99148d2d,0.969
1456299241.0,2397b3e4,0.979
1456299241.0,c4af3f8d,0.999
1456299241.0,b4fd97c1,1.009
1456299241.0,f5a51e57,1.009
1456299241.0,9c269747,0.979
1456299241.0,32aa70e6,0.979
1456299241.0,214f33fa,0.979
1456299241.0,80d45a73,0.989
1456299241.0,074c9a19,0.979
1456299241.0,a664a217,0.959
1456299241.0,,0.989
1456299241.0,77283132,0.979
1456299241.0,e1df3a0f,0.959
1456299241.0,00f37a56,0.989
1456299241.0,a9e224de,0.969
1456299241.0,6e565eb4,0.979
1456299241.0,4d4039fd,0.959
1456299241.0,685a30f7,0.999
1456299241.0,62d0fb5f,0.999
1456299241.0,0f7cfab9,0.979
1456299241.0,0dd22df0,0.959
1456299241.0,d51a9b5e,0.999
1456299241.0,3ff7f5f2,0.989
1456299241.0,c2405c51,0.959
1456299241.0,,0.989
1456299241.0,ace72885,0.969
1456299241.0,0a5b2682,1.049
1456299241.0,06865c2e,1.009
1456299241.0,90789f94,0.959
1456299241.0,55b1a563,0.969
1456299241.0,c2bf8f60,0.959
1456299241.0,563c9041,0.939
1456299241.0,50bbc649,0.979
1456299241.0,f2eb270f,0.949
1456299241.0,151efb9f,0.969
1456299241.0,eba7894d,0.949
1456299241.0,fa49aabc,0.989
1456299241.0,6c001085,0.939
1456299241.0,8b04f514,0.979
1456299241.0,2fc8ca29,1.029
1456299241.0,033a9760,0.989
1456299241.0,9c708662,0.969
1456299241.0,33a1193c,0.999
1456299241.0,4baeb9d6,1.009
1456299241.0,,0.959
1456299241.0,7d7f9529,0.969
1456299241.0,ba7cab9b,1.019
1456299241.0,63763e17,0.959
1456299241.0,d2646278,0.999
1456299241.0,3ad4d1ba,0.999
1456299241.0,b4b8fb9d,0.969
1456299241.0,153762cf,0.989
1456299241.0,4527646d,0.949
1456299241.0,4817973e,0.979
1456299241.0,79ddc5ca,1.019
1456299241.0,921c7c82,1.029
1456299241.0,8a3aa486,1.009
1456299241.0,7eec6311,0.979
1456299241.0,195fb3bd,0.979
1456299241.0,17893d95,0.999
1456299241.0,1b39d7f7,0.999
1456299241.0,2660a5d2,0.979
1456299241.0,6ee6c33d,0.939
1456299241.0,73816646,0.969
1456299241.0,a20ae2e0,0.989
1456299241.0,70d7dc75,1.099
1456299241.0,,1.019
1456299241.0,d78a5a29,0.969
1456299241.0,d0fb35a1,0.969
1456299241.0,b70f82b5,0.999
1456299241.0,92a7a6a9,0.999
1456299241.0,fdf7f420,0.979
1456299241.0,27825143,0.979
1456299241.0,39c2a91f,0.939
1456299241.0,dd5107f2,0.969
1456299241.0,2bd2ffb1,1.009
1456299241.0,04a6f941,0.999
1456299241.0,c9d0b757,0.989
1456299241.0,ba2fdbe6,0.939
1456299241.0,80e97677,1.009
1456299241.0,01fb21d8,0.989
1456299241.0,d305e9d3,0.969
1456299241.0,8e214251,0.949
1456299241.0,00c62f03,0.999
1456299241.0,756b37e6,0.979
1456299241.0,72c39ba1,0.939
1456299241.0,4a6fab59,0.979
1456299241.0,d84de198,0.939
1456299241.0,b9c86ec7,1.029
1456299241.0,7e9106b6,0.989
1456299241.0,c2d485ca,0.989
1456299241.0,95e23a71,1.009
1456299241.0,1b1894a9,1.009
1456299241.0,b6a10cdf,0.979
1456299241.0,af2f9310,0.979
1456299241.0,8d192dd1,0.979
1456299241.0,93aae403,0.979
1456299241.0,a1e08fd2,0.939
1456299241.0,36f5bf63,0.959
1456299241.0,5ed50ecc,0.959
1456299241.0,1c1982b4,0.949
1456299241.0,14c7e96d,1.129
1456299241.0,d5d87feb,0.999
1456299241.0,4e459e38,0.979
1456299241.0,7d63776b,0.959
1456299241.0,47338686,0.989
1456299241.0,f7f8ab67,0.959
1456299241.0,7b709283,1.009
1456299241.0,de257006,1.009
1456299241.0,41af5e4b,1.019
1456299241.0,5cb6e8a5,0.999
1456299241.0,207c13df,0.999
1456299241.0,88c2caef,1.019
1456299241.0,989f7968,0.989
1456299241.0,9171a74f,0.979
1456299241.0,cb0f3fc8,0.989
1456299241.0,2dca7c1d,1.179
1456299241.0,1edee463,1.009
1456299241.0,b14bb16f,0.949
1456299241.0,54151b0d,1.019
1456299241.0,d076e461,1.019
1456299241.0,51129db6,1.029
1456299241.0,6b5979c5,0.939
1456299241.0,812f5a36,0.969
1456299241.0,8f4c771c,1.099
1456299241.0,4cc0a19b,0.949
1456299241.0,de55d6cb,0.999
1456299241.0,358bf5e4,0.969
1456299241.0,57a8495c,0.929
1456299241.0,4352ae26,0.979
1456299241.0,1ef95412,0.969
1456299241.0,0fc58d33,0.989
1456299241.0,161965e7,0.949
1456299241.0,0311c6ae,0.979
1456299241.0,faba1eea,0.999
1456299241.0,4917afaa,0.999
1456299241.0,68389c7f,0.989
1456299241.0,2ad0a689,0.979
1456299241.0,8c225212,1.149
1456299241.0,4e0db6e7,0.969
1456299241.0,968f2fb0,0.989
1456299241.0,391e14ca,0.949
1456299241.0,6cacebf5,0.969
1456299241.0,96bf62ca,1.009
1456299241.0,df95008a,0.979
1456299241.0,a3f28e84,0.979
1456299241.0,e2c0e5e5,0.959
1456299241.0,3a46b0a0,0.979
1456299241.0,4719c036,0.999
1456299241.0,1ce91205,1.019
1456299241.0,29f85de3,0.999
1456299241.0,bbca138f,0.949
1456299241.0,dca8997b,0.989
1456299241.0,d14573c7,0.989
1456299241.0,c6f8f2a3,0.979
1456299241.0,3746716c,1.019
1456299241.0,7387afcd,0.979
1456299241.0,b2157446,0.959
1456299241.0,95564cf1,0.949
1456299241.0,793351ef,0.959
1456299241.0,3124489d,0.989
1456299241.0,078685c9,0.979
1456299241.0,6860f6a1,0.949
1456299241.0,493d1dbf,0.969
1456299241.0,13e237c2,0.989
1456299241.0,232e7386,0.969
1456299241.0,5edb91a5,0.939
1456299241.0,91604c03,0.949
1456299241.0,a11621b6,0.949
1456299241.0,1f1aef8f,0.979
1456299241.0,c834e637,0.939
1456299241.0,a596413e,0.959
1456299241.0,308408ca,0.959
1456299241.0,015ecd27,0.949
1456299241.0,388c693e,0.989
1456299241.0,421a6353,0.969
1456299241.0,71618bdc,1.009
1456299241.0,2bbe715d,1.009
1456299241.0,afd35ba0,0.959
1456299241.0,5505aa75,0.989
1456299241.0,8f30678f,0.999
1456299241.0,146a1da7,0.979
1456299241.0,0ad7f620,1.019
1456299241.0,49119bd2,0.959
1456299241.0,c0b165c5,0.999
1456299241.0,8c6f1d05,0.999
1456299241.0,3b9a2c70,0.979
1456299241.0,e49e0407,0.999
1456299241.0,11bec0f1,0.999
1456299241.0,aaba4ebc,0.979
1456299241.0,d3052d2c,0.969
1456299241.0,d428a044,0.959
1456299241.0,f0610621,0.999
1456299241.0,a45ec88a,0.979
1456299241.0,3b58625d,0.979
1456299241.0,ae505f44,0.989
1456299241.0,8563b305,0.999
1456299241.0,298a8af2,0.979
1456299241.0,3ce106d3,0.999
1456299241.0,e9a7ff5d,0.989
1456299241.0,e196e62c,0.989
1456299241.0,6c715e12,0.969
1456299241.0,f7f51e72,0.999
1456299241.0,7a8eaed9,0.989
1456299241.0,04359025,0.969
1456299241.0,3a0a2d0d,0.959
1456299241.0,43396ca7,0.999
1456299241.0,dddc0e70,0.959
1456299241.0,ed10c5b8,1.009
1456299241.0,ec17af21,1.009
1456299241.0,d195f0c9,0.979
1456299241.0,30f8c62f,1.009
1456299241.0,4d5ab1e1,0.949
1456299241.0,676ac223,0.999
1456299241.0,8e38dad0,0.969
1456299241.0,db21940b,0.959
1456299241.0,78f2b451,1.029
1456299241.0,186f9d64,0.979
1456299241.0,fc59259b,1.019
1456299241.0,f6afdfd6,0.959
1456299241.0,be936d1c,0.979
1456299241.0,7b8e3478,0.989
1456299241.0,f4df3f30,0.999
1456299241.0,265be8c2,0.989
1456299241.0,36ef7b4d,0.979
1456299241.0,776d441b,0.989
1456299241.0,9862f34c,0.969
1456299241.0,530fa955,1.009
1456299241.0,e4ee5ec7,0.929
1456299241.0,f36f4393,0.989
1456299241.0,7bc454c7,0.979
1456299241.0,3a3def5d,0.959
1456299241.0,35d91334,0.999
1456299241.0,18b3ac80,0.949
1456299241.0,3cdb5b8f,0.989
1456299241.0,67c5b01c,0.959
1456299241.0,43030d9f,0.979
1456299241.0,40b7c070,0.939
1456299241.0,c1c6485d,0.979
1456299241.0,9f18dbdb,0.989
1456299241.0,61271939,0.979
1456299241.0,ea850711,0.979
1456299241.0,10fa0582,0.979
1456299241.0,4afa73a1,0.949
1456299241.0,c1082f5e,0.969
1456299241.0,e9b61dbc,0.979
1456299241.0,702a8264,0.959
1456299241.0,4d67e241,0.979
1456299241.0,a5b9c3a3,0.949
1456299241.0,b9b3ea8d,0.999
1456299241.0,1d3ab507,0.999
1456299241.0,04ea2134,0.999
1456299241.0,23f3fdd2,0.979
1456299241.0,7e221db6,1.034
1456299241.0,ca79c14c,0.979
1456299241.0,82c54482,0.989
1456299241.0,8a365533,1.129
1456299241.0,efe39034,0.979
1456299241.0,17763a6e,0.939
1456299241.0,0c0befd3,1.079
1456299241.0,421ac3f9,0.989
1456299241.0,b09e60a5,0.989
1456299241.0,ac7163ca,0.949
1456299241.0,e5e6c292,0.949
1456299241.0,a59de654,0.989
1456299241.0,a8bb8cc7,1.019
1456299241.0,d72800fe,0.989
1456299241.0,69c5d24a,1.029
1456299481.0,057ac7bc,0.959
1456299481.0,fd8acdfd,0.989
1456299481.0,838d57f9,0.989
1456299481.0,5fa097a0,0.999
1456299481.0,30b83a68,0.979
1456299481.0,f5434e55,0.989
1456299481.0,0d102e85,0.949
1456299481.0,e5abf377,0.979
1456299481.0,819eb542,0.959
1456299481.0,35cce7bf,0.989
1456299481.0,cd730ee9,0.939
1456299481.0,b12129d0,0.999
1456299481.0,f18a39be,0.959
1456299481.0,30797552,0.909
1456299481.0,2ec1e1ad,0.959
1456299481.0,e0d2b4fe,1.009
1456299481.0,843c0434,0.979
1456299481.0,b38c29e8,0.989
1456299481.0,45924c70,0.919
1456299481.0,c0b82c6f,0.919
1456299481.0,beb3b49b,0.959
1456299481.0,d54b3228,0.919
1456299481.0,a6b83ee4,0.989
1456299481.0,ebd9a39f,0.939
1456299481.0,d531567b,0.979
1456299481.0,eedec9cc,0.929
1456299481.0,c1b0a4e8,0.999
1456299481.0,5ac34503,0.989
1456299481.0,646811ac,0.959
1456299481.0,583bd0d6,0.929
1456299481.0,59e65cb9,0.969
1456299481.0,242f842b,0.979
1456299481.0,669db224,0.959
1456299481.0,08311643,0.959
1456299481.0,375f0e67,1.029
1456299481.0,a8c5daba,0.989
1456299481.0,ff280add,0.979
1456299481.0,89b4dcbb,0.999
1456299481.0,66c8a343,1.009
1456299481.0,00206126,0.979
1456299481.0,1be36265,0.999
1456299481.0,0375f449,0.969
1456299481.0,7592b37a,0.989
1456299481.0,340e9b8b,0.989
1456299481.0,6a471cde,0.939
1456299481.0,888f3033,0.989
1456299481.0,ffde8249,0.979
1456299481.0,,0.989
1456299481.0,a51232d3,1.009
1456299481.0,ca8f532f,0.959
1456299481.0,b18ffb73,0.999
1456299481.0,477c7bcf,0.949
1456299481.0,8d4cbfeb,0.989
1456299481.0,,1.009
1456299481.0,902ccc5b,0.959
1456299481.0,7cd126ee,0.989
1456299481.0,7d2a6e6a,0.979
1456299481.0,01decbb4,0.969
1456299481.0,ae47fcf2,0.959
1456299481.0,c0ad4417,0.989
1456299481.0,0670c33b,1.009
1456299481.0,cb511574,0.989
1456299481.0,6a686e72,0.989
1456299481.0,2371f256,0.969
1456299481.0,24f83a95,0.979
1456299481.0,6670ab73,0.999
1456299481.0,aa5b4d9a,0.979
1456299481.0,5f0b3d94,0.989
1456299481.0,e3705385,0.989
1456299481.0,1c2d1949,1.049
1456299481.0,4b634f44,0.959
1456299481.0,fa12ad0f,0.949
1456299481.0,e8f89f23,0.989
1456299481.0,3c7bc366,0.999
1456299481.0,1829c766,0.989
1456299481.0,cb61d796,0.959
1456299481.0,41065536,0.994
1456299481.0,9cff31f0,0.979
1456299481.0,64edaf71,0.999
1456299481.0,59bf4a11,0.969
1456299481.0,e73846ae,0.984
1456299481.0,458ab165,1.069
1456299481.0,cc1a0922,0.999
1456299481.0,ed56981f,0.999
1456299481.0,f93f1cf6,0.989
1456299481.0,6d248169,0.959
1456299481.0,59446250,0.979
1456299481.0,d2f8a338,0.969
1456299481.0,e92281f9,0.999
1456299481.0,87959c0c,0.979
1456299481.0,61ee6f5a,1.009
1456299481.0,0f2f9c5f,0.999
1456299481.0,3d74c9d4,0.979
1456299481.0,8eafa47a,0.949
1456299481.0,c515316c,0.979
1456299481.0,fdce782f,0.979
1456299481.0,3bb3ff25,0.989
1456299481.0,904d15e4,0.949
1456299481.0,c52fae08,0.949
1456299481.0,2ca3372b,0.949
1456299481.0,b655f194,0.989
1456299481.0,d0af3229,0.979
1456299481.0,6735727d,0.959
1456299481.0,ee167171,0.999
1456299481.0,67830b76,0.999
1456299481.0,f5815103,1.009
1456299481.0,edc9f1cc,0.979
1456299481.0,cead4e62,0.999
1456299481.0,5d78b25e,0.959
1456299481.0,e5cb0020,0.969
1456299481.0,6aba45bf,0.989
1456299481.0,7a74beb2,0.989
1456299481.0,fe905128,0.949
1456299481.0,71df72f8,0.979
1456299481.0,77b7abe7,0.959
1456299481.0,916aaf2f,0.979
1456299481.0,5bcbe59f,0.979
1456299481.0,414a4374,1.009
1456299481.0,894d4a6d,0.959
1456299481.0,8b4029da,0.999
1456299481.0,612ed46e,0.989
1456299481.0,b54a85b1,0.959
1456299481.0,c59ede00,0.949
1456299481.0,27b29fcc,0.969
1456299481.0,c9cc0c6b,0.969
1456299481.0,507d25cf,1.039
1456299481.0,546992ee,0.959
1456299481.0,7a760845,0.979
1456299481.0,8bf65820,0.959
1456299481.0,9b7becbc,0.999
1456299481.0,3ba3d773,0.959
1456299481.0,2203788b,0.989
1456299481.0,5fcd0f7a,0.999
1456299481.0,e4436253,0.969
1456299481.0,b41c70e9,0.979
1456299481.0,466c174a,1.019
1456299481.0,212fde28,0.979
1456299481.0,623f93b8,0.959
1456299481.0,7f6effac,0.969
1456299481.0,,0.939
1456299481.0,dd2ff1a4,1.019
1456299481.0,d67b3850,0.979
1456299481.0,a625042c,0.959
1456299481.0,aea5cec0,0.929
1456299481.0,25f73f25,1.009
1456299481.0,9d98dcbb,0.999
1456299481.0,c7b9d409,1.019
1456299481.0,d16d0a6e,1.019
1456299481.0,5b996d76,0.939
1456299481.0,b5e413c4,0.959
1456299481.0,b0be9751,0.949
1456299481.0,910c6a77,0.969
1456299481.0,ffb2584e,0.949
1456299481.0,5900ebe4,0.949
1456299481.0,e6b2872b,0.959
1456299481.0,f05c17a0,0.969
1456299481.0,3d026101,0.959
1456299481.0,ef95782d,0.949
1456299481.0,eb0ad874,0.969
1456299481.0,2eccf490,0.969
1456299481.0,95be882a,0.989
1456299481.0,ec934b69,0.989
1456299481.0,ee54e371,0.979
1456299481.0,78c97f05,0.999
1456299481.0,f47b98eb,0.989
1456299481.0,b511f34b,0.989
1456299481.0,158221e0,1.009
1456299481.0,aa9b2273,0.969
1456299481.0,e140b830,0.989
1456299481.0,93a0a521,1.004
1456299481.0,a7f53ccb,0.979
1456299481.0,67ba0742,1.009
1456299481.0,865c84ca,1.039
1456299481.0,511114cf,1.009
1456299481.0,db856260,0.999
1456299481.0,affe7d62,0.999
1456299481.0,0543d2e4,0.969
1456299481.0,302dd48b,0.969
1456299481.0,ab2859a5,0.979
1456299481.0,6b5b80c3,0.969
1456299481.0,be8433cf,1.019
1456299481.0,9279854d,0.989
1456299481.0,c72ef065,1.009
1456299481.0,fb46bd6e,1.009
1456299481.0,a3c5ca6f,0.979
1456299481.0,d9077691,0.989
1456299481.0,33972c60,0.969
1456299481.0,53758d2b,0.979
1456299481.0,065ebbad,0.979
1456299481.0,443ae02b,0.969
1456299481.0,5c093e22,0.979
1456299481.0,6f5a8ce9,0.969
1456299481.0,fc1fc595,0.989
1456299481.0,6027b071,0.979
1456299481.0,50317e5f,0.979
1456299481.0,642a4242,0.959
1456299481.0,443ddb72,1.009
1456299481.0,c9931bda,0.999
1456299481.0,6719ddbc,0.989
1456299481.0,4cd470ad,0.939
1456299481.0,c19f6b7f,0.979
1456299481.0,4f58556c,0.939
1456299481.0,dc639d24,1.129
1456299481.0,da91fae8,0.989
1456299481.0,c6ab8656,0.959
1456299481.0,d950533d,0.959
1456299481.0,f9580460,0.949
1456299481.0,,0.999
1456299481.0,999cd9a5,0.989
1456299481.0,7300bd43,1.009
1456299481.0,84e18861,0.969
1456299481.0,d4310eb6,0.959
1456299481.0,b0dc334c,0.979
1456299481.0,42ad21c1,0.959
1456299481.0,0535a64d,0.989
1456299481.0,89c96863,0.989
1456299481.0,a6ffe7e6,0.999
1456299481.0,6f118420,1.009
1456299481.0,1fea6f98,0.989
1456299481.0,d86b6eaf,0.999
1456299481.0,56ca8f0b,1.009
1456299481.0,43b0f319,0.959
1456299481.0,b38a715c,0.989
1456299481.0,bd925387,0.969
1456299481.0,5e3d40d3,0.959
1456299481.0,346b37d2,0.989
1456299481.0,d1d61cfb,1.019
1456299481.0,d15d75b3,1.019
1456299481.0,c1bc3b48,0.999
1456299481.0,c2bf8f60,0.959
1456299481.0,7adf8914,0.979
1456299481.0,57c3f6b1,0.979
1456299481.0,c0312794,0.979
1456299481.0,78962747,1.039
1456299481.0,e181d5d0,0.989
1456299481.0,c32d3f5d,0.979
1456299481.0,bc5fd80b,0.979
1456299481.0,8b04f514,0.969
1456299481.0,ff58f7ef,1.009
1456299481.0,0243f1d9,0.989
1456299481.0,b212ad4b,0.989
1456299481.0,c9a50b4f,0.949
1456299481.0,acd5644c,0.919
1456299481.0,4f704bb1,0.979
1456299481.0,4248b1c7,0.969
1456299481.0,cdf21700,0.969
1456299481.0,f00b592d,0.969
1456299481.0,6cf3fd28,0.979
1456299481.0,29a14f86,1.019
1456299481.0,364c49b5,1.019
1456299481.0,ca089b70,0.999
1456299481.0,a50ae4a2,0.989
1456299481.0,ea1b9e67,0.959
1456299481.0,59d4a720,0.969
1456299481.0,3340d6a0,0.999
1456299481.0,3d12dc1e,0.989
1456299481.0,bc342274,0.969
1456299481.0,7d36a759,0.979
1456299481.0,56550517,0.999
1456299481.0,6c261cbe,0.929
1456299481.0,c63b0b80,0.949
1456299481.0,90e6d279,1.029
1456299481.0,2337f9ca,0.989
1456299481.0,efb43212,0.999
1456299481.0,ac8e61fe,0.979
1456299481.0,0bcc45f5,0.989
1456299481.0,a1456bb3,1.009
1456299481.0,d4b2d77f,0.979
1456299481.0,84a3b636,0.969
1456299481.0,800fab5c,1.009
1456299481.0,f5000af4,0.959
1456299481.0,42d0c2aa,1.009
1456299481.0,293f7598,1.019
1456299481.0,6dc3c176,0.969
1456299481.0,e80747bb,1.019
1456299481.0,82130afe,0.979
1456299481.0,a453e0de,0.979
1456299481.0,11ed7bd3,0.999
1456299481.0,1947b494,0.969
1456299481.0,9e91033c,0.959
1456299481.0,9e6d20cc,0.959
1456299481.0,c62b5500,0.989
1456299481.0,9354b0fc,0.989
1456299481.0,2174c3f9,0.999
1456299481.0,94be3c52,0.959
1456299481.0,48aac8e9,0.979
1456299481.0,50b4fb9f,0.979
1456299481.0,fb1b5fff,0.949
1456299481.0,d39d4848,0.989
1456299481.0,e9d5d1a1,0.949
1456299481.0,5cb012ef,0.989
1456299481.0,997cbfdf,0.999
1456299481.0,2e2669a6,0.999
1456299481.0,d5d87feb,0.999
1456299481.0,13ca0d8f,0.989
1456299481.0,346a1694,0.999
1456299481.0,f09eccb2,0.949
1456299481.0,287fc858,0.989
1456299481.0,0e72a56a,0.989
1456299481.0,fb34a733,0.989
1456299481.0,783f4b92,0.969
1456299481.0,a1766ee6,1.009
1456299481.0,51cb8b8e,0.959
1456299481.0,5a77d43f,0.979
1456299481.0,e2cdf18c,0.999
1456299481.0,1484001b,0.969
1456299481.0,b07fa89b,0.989
1456299481.0,a813c756,1.019
1456299481.0,dfed207f,0.989
1456299481.0,1f82b6fb,0.989
1456299481.0,f224f5b7,0.969
1456299481.0,5abc5719,0.979
1456299481.0,a630f96a,1.039
1456299481.0,325d4b8f,0.999
1456299481.0,bfa3a95a,0.929
1456299481.0,a2c4c052,0.959
1456299481.0,95ff6d3a,0.968
1456299481.0,286b8a57,0.999
1456299481.0,779f3780,0.969
1456299481.0,72d26b77,0.999
1456299481.0,92401764,0.989
1456299481.0,cece28cb,0.959
1456299481.0,1464ac8a,0.949
1456299481.0,4bbcb4db,0.959
1456299481.0,f044fc49,1.009
1456299481.0,ddc6b3b1,0.959
1456299481.0,bd4bb0e4,1.009
1456299481.0,d565fdf7,0.999
1456299481.0,9c47cca4,1.019
1456299481.0,1e348fb0,0.949
1456299481.0,b040c821,0.979
1456299481.0,f74fad88,0.969
1456299481.0,99409692,0.969
1456299481.0,40271791,0.989
1456299481.0,09534857,1.009
1456299481.0,9536d208,0.969
1456299481.0,751be3f3,0.969
1456299481.0,c2c24012,0.929
1456299481.0,168f1ca6,1.019
1456299481.0,d9de4b56,1.009
1456299481.0,a2db42f9,0.985
1456299481.0,71405ff7,0.969
1456299481.0,0ebd49bf,0.999
1456299481.0,36f30de6,0.969
1456299481.0,668a9de0,0.929
1456299481.0,1bfa13b3,0.969
1456299481.0,54ad26b8,0.979
1456299481.0,5103112e,0.999
1456299481.0,33f1b5fe,1.029
1456299481.0,6e17970f,1.009
1456299481.0,6cacebf5,0.969
1456299481.0,614629e1,0.959
1456299481.0,d73f9554,0.969
1456299481.0,a870af34,1.009
1456299481.0,26906f78,1.009
1456299481.0,b75d609f,0.979
1456299481.0,af4316ed,0.989
1456299481.0,1f1b107a,0.929
1456299481.0,ec6f00be,0.979
1456299481.0,b5ec285f,1.009
1456299481.0,10ae4031,1.009
1456299481.0,10b34f01,1.009
1456299481.0,c897fba4,0.969
1456299481.0,bab71d7a,0.989
1456299481.0,3b0fb08c,0.999
1456299481.0,9de40edf,0.979
1456299481.0,ec487980,0.989
1456299481.0,f1206565,0.949
1456299481.0,e2716599,1.019
1456299481.0,15383da3,1.009
1456299481.0,aa50fdab,0.989
1456299481.0,99279e16,0.999
1456299481.0,800691b2,0.959
1456299481.0,26bf1a80,1.009
1456299481.0,1fa84ca6,0.969
1456299481.0,8a8346fc,0.989
1456299481.0,0022ec87,0.959
1456299481.0,dedc2342,0.969
1456299481.0,46dc9054,0.979
1456299481.0,056cb40c,0.999
1456299481.0,b4c7a5ed,0.969
1456299481.0,3b50751f,0.989
1456299481.0,57b36972,1.009
1456299481.0,7a475c04,1.009
1456299481.0,066bec3d,1.009
1456299481.0,5c88c29d,0.959
1456299481.0,c5b26ed2,0.999
1456299481.0,e17ef357,0.939
1456299481.0,4401812d,0.979
1456299481.0,433cd102,0.989
1456299481.0,166ca755,0.999
1456299481.0,74775b0d,1.009
1456299481.0,768def48,0.959
1456299481.0,309cdc36,0.975
1456299481.0,5037ab0b,0.979
1456299481.0,788d83d5,0.979
1456299481.0,59c7e20b,0.959
1456299481.0,eba76f21,0.979
1456299481.0,04aefaad,1.009
1456299481.0,e2c5c4f3,1.029
1456299481.0,de86b064,0.989
1456299481.0,2bec2986,0.949
1456299481.0,0f7cd5d5,0.959
1456299481.0,1636cb5c,1.009
1456299481.0,dc5ff7cf,0.989
1456299481.0,6388b41c,0.979
1456299481.0,3bf46d9b,0.979
1456299481.0,fed67d30,1.009
1456299481.0,476429df,0.989
1456299481.0,160addff,0.959
1456299481.0,0da2e486,0.949
1456299481.0,c9564c67,1.019
1456299481.0,398b6ec7,1.029
1456299481.0,82ca9901,0.989
1456299481.0,9022b426,0.959
1456299481.0,8c27b2e6,0.979
1456299481.0,8841cebf,0.989
1456299481.0,a66e3813,0.999
1456299481.0,7b5a8540,0.989
1456299481.0,5b8f7949,1.119
1456299481.0,0d366466,0.989
1456299481.0,0f5578bb,0.979
1456299481.0,46cbebe3,0.999
1456299481.0,89b78f49,0.959
1456299481.0,d4817c1a,0.959
1456299481.0,36ba87a1,0.979
1456299481.0,577368de,0.999
1456299481.0,8d7a014c,0.999
1456299481.0,5fd30b48,1.019
1456299481.0,7a198451,0.979
1456299481.0,2c831a38,0.989
1456299481.0,4eaad293,0.969
1456299481.0,f2a2a323,0.989
1456299481.0,19c8f617,0.999
1456299481.0,1720dec9,0.999
1456299481.0,6bc9b007,0.989
1456299481.0,632d8c88,0.989
1456299481.0,950d79ab,0.989
1456299481.0,99180475,0.999
1456299481.0,4d5f25c7,0.979
1456299481.0,a3a8caec,0.989
1456299481.0,548fb5af,0.984
1456299481.0,35d60303,0.989
1456299481.0,6222a80d,0.999
1456299481.0,30466612,1.009
1456299481.0,594fc2e9,0.989
1456299481.0,657e6dae,0.959
1456299481.0,c58078e1,1.129
1456299481.0,16295be3,0.949
1456299481.0,def62512,0.999
1456299481.0,9b8af649,0.939
1456299481.0,6b4ba54d,0.989
1456299481.0,5cbc21f8,0.999
1456299481.0,aee35b92,0.969
1456299481.0,24a245f5,1.029
1456299481.0,dce99b82,1.029
1456299481.0,c07a946a,0.939
1456299481.0,7ad9dcdf,1.009
1456299481.0,2fab73d2,0.939
1456299481.0,9c4c0229,0.949
1456299481.0,014adbc0,0.979
1456299481.0,8a3f89ed,0.999
1456299721.0,dcb25a3c,0.979
1456299721.0,cd61632c,0.979
1456299721.0,04ef222e,0.989
1456299721.0,317387f0,0.979
1456299721.0,3318e0c6,0.999
1456299721.0,35cce7bf,0.979
1456299721.0,4af328a9,0.949
1456299721.0,0bab7166,0.969
1456299721.0,41577ba2,0.999
1456299721.0,7d1cd9cd,0.959
1456299721.0,242f842b,0.919
1456299721.0,fd4cd090,0.979
1456299721.0,375f0e67,0.979
1456299721.0,681bcf47,0.949
1456299721.0,d0f5a113,1.009
1456299721.0,ebcd22e7,0.969
1456299721.0,c5627012,1.029
1456299721.0,f38d4f22,0.939
1456299721.0,a23b6ab7,0.979
1456299721.0,99d46a35,0.959
1456299721.0,ad090099,1.009
1456299721.0,09aa1a8b,0.999
1456299721.0,977ad3ab,0.949
1456299721.0,9a099132,0.999
1456299721.0,be6a8603,1.009
1456299721.0,0ff209cc,0.959
1456299721.0,318fc332,0.989
1456299721.0,73e5c32d,0.979
1456299721.0,4f72fca5,0.999
1456299721.0,13d407e0,0.999
1456299721.0,2a7b6c27,0.954
1456299721.0,f4ba9484,1.029
1456299721.0,c449aa2a,0.989
1456299721.0,84b4d9e4,1.019
1456299721.0,1f6a05c5,1.009
1456299721.0,05076f05,0.999
1456299721.0,6b162563,0.969
1456299721.0,c56f813d,0.999
1456299721.0,36a9895c,0.959
1456299721.0,3fcb4cf6,0.999
1456299721.0,c9a2c4b6,1.199
1456299721.0,24f83a95,0.959
1456299721.0,924bf88b,0.979
1456299721.0,626c6699,0.959
1456299721.0,b48ba10e,0.969
1456299721.0,406de9bb,0.979
1456299721.0,1ab747ac,0.979
1456299721.0,919c9f89,0.999
1456299721.0,04364ad2,0.979
1456299721.0,f90c625e,1.009
1456299721.0,c465775f,1.009
1456299721.0,c83831d3,0.969
1456299721.0,3f6704e5,1.019
1456299721.0,e7b24018,0.949
1456299721.0,9e051c13,0.989
1456299721.0,85a9ebeb,1.029
1456299721.0,6437efd0,0.959
1456299721.0,4220c4a0,0.979
1456299721.0,b289e557,1.209
1456299721.0,,0.979
1456299721.0,d95bf294,0.999
1456299721.0,00174a6e,1.069
1456299721.0,cb479352,0.999
1456299721.0,ded1172c,0.959
1456299721.0,df7d4f7c,0.989
1456299721.0,27e6396b,0.974
1456299721.0,db407393,0.959
1456299721.0,e41a3569,0.989
1456299721.0,69206b79,0.999
1456299721.0,8c14cf23,0.979
1456299721.0,2bb55c91,0.969
1456299721.0,708936ad,0.959
1456299721.0,cbf8e978,0.979
1456299721.0,be3c20ef,0.999
1456299721.0,44850052,0.949
1456299721.0,aea8331e,1.009
1456299721.0,a990e1a1,0.969
1456299721.0,e9ddb2b9,0.999
1456299721.0,653088f9,0.999
1456299721.0,ab133851,0.989
1456299721.0,3a85d29b,0.999
1456299721.0,c065b81d,0.974
1456299721.0,d902aea0,0.979
1456299721.0,9fa8d44e,0.969
1456299721.0,1de40de6,0.939
1456299721.0,4e4e1a16,0.989
1456299721.0,6342ed9b,1.199
1456299721.0,04ba07e6,0.949
1456299721.0,,0.969
1456299721.0,c6771c57,0.979
1456299721.0,f6d9b461,0.969
1456299721.0,f9dd3c36,0.999
1456299721.0,1d7aa7ce,1.039
1456299721.0,d35de923,0.979
1456299721.0,f46401d5,0.949
1456299721.0,e9edf509,1.009
1456299721.0,8b7a46ae,0.949
1456299721.0,3a04ab7b,0.969
1456299721.0,a08d8ae6,0.979
1456299721.0,2168c0a1,1.009
1456299721.0,c0a3d1e4,0.989
1456299721.0,b29751cb,0.989
1456299721.0,21f51b7d,1.009
1456299721.0,aafb00b2,1.069
1456299721.0,4cd75c68,0.939
1456299721.0,e3b8e203,0.949
1456299721.0,249c81ea,0.959
1456299721.0,c290b93a,0.959
1456299721.0,8aaabcb9,0.959
1456299721.0,628e1099,0.989
1456299721.0,e501a8d1,1.009
1456299721.0,0c2ddab7,0.969
1456299721.0,131436f2,0.999
1456299721.0,d5e3ccf5,0.979
1456299721.0,2bd26467,0.949
1456299721.0,2ff0d839,0.959
1456299721.0,4c7d9195,1.019
1456299721.0,06259905,0.969
1456299721.0,ddefb778,1.029
1456299721.0,c0cca6dc,0.989
1456299721.0,e7277618,1.199
1456299721.0,b646a001,0.999
1456299721.0,d97b6339,0.949
1456299721.0,2878edd4,1.049
1456299721.0,fdfab0b9,0.979
1456299721.0,e975b4d9,0.979
1456299721.0,34b00dee,0.979
1456299721.0,ba746e17,1.049
1456299721.0,d1bfa6c5,0.989
1456299721.0,0c811233,0.959
1456299721.0,7e3542f5,0.999
1456299721.0,7d589b96,0.969
1456299721.0,bef1c266,0.999
1456299721.0,819ea283,0.949
1456299721.0,addbc61c,0.989
1456299721.0,99bcd97c,0.969
1456299721.0,4141a0aa,0.929
1456299721.0,fee64542,0.949
1456299721.0,796e138b,0.929
1456299721.0,4a9d5885,0.989
1456299721.0,a53c10c6,0.969
1456299721.0,26dbefc0,1.009
1456299721.0,a99fe7eb,0.969
1456299721.0,727a279d,0.999
1456299721.0,8b3f44b0,1.019
1456299721.0,f8b49237,0.989
1456299721.0,27d37db7,0.999
1456299721.0,851acde1,0.999
1456299721.0,ac4a43b1,0.949
1456299721.0,5d8781bf,0.989
1456299721.0,8f545eb0,0.979
1456299721.0,31063bb4,0.999
1456299721.0,b083b74e,0.969
1456299721.0,ce2492c0,0.979
1456299721.0,6a80fe13,0.969
1456299721.0,f6b36146,0.969
1456299721.0,51e1327b,0.969
1456299721.0,36ce665f,0.969
1456299721.0,e0d2c90f,1.009
1456299721.0,59b6280c,0.979
1456299721.0,1055fb12,0.939
1456299721.0,bfb7a4d6,0.979
1456299721.0,8ff83a00,1.029
1456299721.0,15a5d68a,0.969
1456299721.0,c0e75897,1.079
1456299721.0,67b3d058,1.009
1456299721.0,c40bc606,0.989
1456299721.0,256da341,0.959
1456299721.0,cf7e8dae,1.009
1456299721.0,cac2d933,0.949
1456299721.0,8c341265,0.989
1456299721.0,44a2c936,1.019
1456299721.0,1df8493a,0.979
1456299721.0,4e1da1a2,0.939
1456299721.0,07991b53,0.959
1456299721.0,27d7ba56,0.979
1456299721.0,e4de6238,1.029
1456299721.0,c5f7c662,0.949
1456299721.0,b4c8d60e,0.959
1456299721.0,6e565eb4,0.979
1456299721.0,e4ea9e93,0.999
1456299721.0,77c875bb,0.969
1456299721.0,7bbd97a0,0.979
1456299721.0,481a8ed4,0.949
1456299721.0,3e5ecb79,0.989
1456299721.0,e31720af,0.959
1456299721.0,7fa657a5,1.039
1456299721.0,346b37d2,0.969
1456299721.0,64dc13d7,1.059
1456299721.0,74a97362,0.949
1456299721.0,718fb25f,0.949
1456299721.0,,0.959
1456299721.0,00956a49,0.969
1456299721.0,b7217ae2,1.029
1456299721.0,8e940b00,0.979
1456299721.0,6313d441,0.969
1456299721.0,9a1acee3,0.969
1456299721.0,5c70351c,0.979
1456299721.0,bc514af8,0.999
1456299721.0,b212ad4b,0.989
1456299721.0,3fc377d7,1.059
1456299721.0,c1154259,0.969
1456299721.0,ba7d4f54,0.969
1456299721.0,180c4928,1.039
1456299721.0,93407b90,0.979
1456299721.0,5308f610,0.979
1456299721.0,2e72931a,0.989
1456299721.0,a74299cc,0.989
1456299721.0,3f896bf8,0.949
1456299721.0,8d82ca9f,1.169
1456299721.0,7ca6fc38,0.949
1456299721.0,4248b1c7,0.959
1456299721.0,c4d9fd71,1.019
1456299721.0,94eae4ee,1.039
1456299721.0,850f168b,1.019
1456299721.0,db4ed6aa,1.029
1456299721.0,4446050c,0.989
1456299721.0,9babce8b,0.979
1456299721.0,b699022b,1.009
1456299721.0,6d20a7b6,0.989
1456299721.0,b7bf446d,0.969
1456299721.0,6479b534,0.979
1456299721.0,9cd812fc,0.979
1456299721.0,1cb6edaf,0.989
1456299721.0,f0261559,0.959
1456299721.0,0ea383e0,1.069
1456299721.0,7b9d3d6a,0.979
1456299721.0,,0.919
1456299721.0,bf425f54,0.939
1456299721.0,2cd83fd1,0.999
1456299721.0,1c00717b,0.989
1456299721.0,,1.009
1456299721.0,0345dfe7,0.989
1456299721.0,c3efdbea,0.989
1456299721.0,ce8d08fc,0.979
1456299721.0,5effda31,0.959
1456299721.0,e5a3d8f9,0.969
1456299721.0,312c3ed5,0.979
1456299721.0,6c10bb5f,0.939
1456299721.0,eb680822,0.989
1456299721.0,bec40c36,0.969
1456299721.0,9fc5c687,0.949
1456299721.0,8e214251,0.929
1456299721.0,b75d9830,0.989
1456299721.0,6bac3115,0.999
1456299721.0,fb77e994,1.009
1456299721.0,87750b0a,0.979
1456299721.0,dff7e38b,0.949
1456299721.0,03261265,0.999
1456299721.0,437a065e,0.989
1456299721.0,af9c113d,1.099
1456299721.0,,0.969
1456299721.0,2feae8bd,0.919
1456299721.0,2f02de37,0.989
1456299721.0,0bed0ebf,0.969
1456299721.0,69cf448c,1.009
1456299721.0,45e21f92,0.989
1456299721.0,06585eed,0.979
1456299721.0,4f97968a,0.969
1456299721.0,e5658344,0.989
1456299721.0,70cfddc2,0.999
1456299721.0,d950f36c,1.009
1456299721.0,2dd4faf7,0.969
1456299721.0,2c2152b5,0.959
1456299721.0,5ec70894,0.969
1456299721.0,a6443453,0.919
1456299721.0,c1f4955f,0.999
1456299721.0,bacddc78,0.969
1456299721.0,1940a489,0.969
1456299721.0,cdaa8d46,1.059
1456299721.0,4986d1aa,0.989
1456299721.0,06ac238a,0.979
1456299721.0,7232ac4c,0.969
1456299721.0,155982b5,1.009
1456299721.0,524ca315,1.009
1456299721.0,25365ee8,0.989
1456299721.0,1872a79b,0.999
1456299721.0,f06281fb,0.989
1456299721.0,806d0511,0.969
1456299721.0,6da3d0a7,0.959
1456299721.0,c704c346,0.959
1456299721.0,375abe19,0.999
1456299721.0,2fec3510,0.979
1456299721.0,91636cd2,0.969
1456299721.0,2d3f410b,0.969
1456299721.0,b7752118,0.989
1456299721.0,dac4fe2a,0.939
1456299721.0,56be011a,1.019
1456299721.0,56afcb19,0.949
1456299721.0,6f9a376c,1.019
1456299721.0,0fcfa459,0.959
1456299721.0,ed0445b8,0.949
1456299721.0,f51c98aa,1.019
1456299721.0,c39953ee,0.999
1456299721.0,4c5b25a6,0.979
1456299721.0,ce6b83b7,1.009
1456299721.0,7e6785e2,1.009
1456299721.0,dc774502,0.989
1456299721.0,44d0cc01,0.999
1456299721.0,1dd35703,0.989
1456299721.0,ae7c12ce,0.954
1456299721.0,672e6c5e,1.009
1456299721.0,eaba5acb,0.989
1456299721.0,58cb2ae4,0.989
1456299721.0,d86467e7,0.959
1456299721.0,493eff35,0.969
1456299721.0,52303ab3,1.009
1456299721.0,1ee7bf79,0.989
1456299721.0,6eae4d80,1.019
1456299721.0,ffe8f0be,0.969
1456299721.0,77c9f305,0.969
1456299721.0,5f6019e0,0.989
1456299721.0,f3e6f0ea,0.989
1456299721.0,ab499e68,0.979
1456299721.0,0ccf9d49,0.989
1456299721.0,ec6f00be,0.969
1456299721.0,54352ce8,0.989
1456299721.0,f09149cd,0.989
1456299721.0,f4b9d561,0.959
1456299721.0,3bb601ac,0.969
1456299721.0,c1d22562,0.999
1456299721.0,f4f5e1d8,0.979
1456299721.0,5ac0914e,0.999
1456299721.0,2e24ce9f,0.949
1456299721.0,3d05e45a,0.939
1456299721.0,2357ec98,0.989
1456299721.0,7a165ba7,0.999
1456299721.0,c2fa0d0a,0.969
1456299721.0,c8d4613a,0.969
1456299721.0,493d1dbf,0.969
1456299721.0,8c545197,1.019
1456299721.0,660b3922,1.029
1456299721.0,1d777e62,0.979
1456299721.0,e217a1a8,1.049
1456299721.0,f2924e85,0.949
1456299721.0,f9265ab5,0.949
1456299721.0,41ea449e,1.009
1456299721.0,ac8fbe39,0.999
1456299721.0,dfb31960,0.939
1456299721.0,e89c4d58,0.989
1456299721.0,b4a05b7f,0.989
1456299721.0,2d7644af,0.969
1456299721.0,a291fa50,0.969
1456299721.0,a8e52643,0.959
1456299721.0,ce43b17e,1.009
1456299721.0,6d94eae4,1.019
1456299721.0,fd9a80c1,1.034
1456299721.0,6d6e84e0,0.959
1456299721.0,8e0d1caa,1.039
1456299721.0,e26d9873,1.019
1456299721.0,0af8f0f1,0.949
1456299721.0,11bec0f1,0.979
1456299721.0,ece022de,0.979
1456299721.0,f25ec39b,0.999
1456299721.0,e7dd6621,0.924
1456299721.0,069e66bc,0.959
1456299721.0,9eb9c031,0.999
1456299721.0,c2fe56f7,0.949
1456299721.0,5a3f99e3,0.949
1456299721.0,1580fa52,0.999
1456299721.0,d4a925dc,1.049
1456299721.0,,0.989
1456299721.0,a5d5884d,0.959
1456299721.0,82376744,0.979
1456299721.0,bcee3dc6,0.989
1456299721.0,f90e119d,0.999
1456299721.0,f0d226b8,0.959
1456299721.0,4612acab,0.979
1456299721.0,7f358136,1.079
1456299721.0,02b1651b,0.969
1456299721.0,a40d87a2,0.989
1456299721.0,c8b54491,0.979
1456299721.0,d43af2d2,0.959
1456299721.0,0d6640ae,0.969
1456299721.0,1b481393,0.979
1456299721.0,eb3bf9c1,0.949
1456299721.0,c139e7ed,1.069
1456299721.0,465c77ae,1.039
1456299721.0,c76359a4,0.959
1456299721.0,02065938,0.989
1456299721.0,d3a7aabc,0.959
1456299721.0,01e0d345,0.999
1456299721.0,1054110c,0.994
1456299721.0,e5139cec,0.929
1456299721.0,3db9e3a9,0.959
1456299721.0,471da9da,0.979
1456299721.0,b53fa888,0.989
1456299721.0,5d0bbc06,0.969
1456299721.0,758e532b,0.949
1456299721.0,bcdf1eb5,0.979
1456299721.0,670eaa88,0.979
1456299721.0,92eaccdc,0.949
1456299721.0,12081217,0.979
1456299721.0,e3a60e8a,0.939
1456299721.0,5c64167f,0.939
1456299721.0,1fd8fcdd,0.979
1456299721.0,9e4730c6,0.979
1456299721.0,305cecfe,1.009
1456299721.0,27824fdf,0.979
1456299721.0,ad6a99ce,0.939
1456299721.0,09391e15,0.939
1456299721.0,fa7a7823,0.939
1456299721.0,e5b25ce5,0.999
1456299721.0,075d1e16,0.999
1456299721.0,1700f01a,0.959
1456299721.0,89d25593,0.939
1456299721.0,6ee20bbd,0.959
1456299721.0,eeca31d3,0.999
1456299721.0,a167f6d7,0.979
1456299721.0,7cc832ba,0.999
1456299721.0,8c9cc6bc,0.949
1456299721.0,8c7add3d,0.959
1456299721.0,2dfe8082,0.959
1456299721.0,332ba2e4,0.959
1456299721.0,494f6481,0.949
1456299721.0,87298a04,0.999
1456299721.0,a05c4f54,1.009
1456299721.0,e8775be0,0.989
1456299721.0,fd7d736f,0.989
1456299721.0,7f6c2062,0.979
1456299721.0,042a624d,0.989
1456299721.0,dc387962,0.959
1456299721.0,8f697f0a,0.979
1456299721.0,48f835a8,0.939
1456299721.0,69174994,0.989
1456299721.0,069947ad,0.979
1456299721.0,910dca6c,0.989
1456299721.0,331cb87c,0.949
1456299721.0,34b739ce,1.009
1456299721.0,bbdcf660,0.979
1456299721.0,f4b41566,0.929
1456299721.0,7121a112,0.989
1456299721.0,47d7ec0a,0.979
1456299721.0,8577f793,0.929
1456299721.0,5fd30b48,1.019
1456299721.0,887a8518,0.969
1456299721.0,688e8d82,0.999
1456299721.0,e05d6984,0.969
1456299721.0,5812c07f,0.929
1456299721.0,f4400a4f,0.969
1456299721.0,5c335fc8,0.949
1456299721.0,9987c547,1.019
1456299721.0,2c831a38,0.979
1456299721.0,8fa20ff5,1.019
1456299721.0,f93a1db7,0.969
1456299721.0,e68575c0,1.029
1456299721.0,4c14d834,0.999
1456299721.0,e34047b9,0.989
1456299721.0,e034bbd0,0.989
1456299721.0,35d60303,0.979
1456299721.0,ecb99613,1.019
1456299721.0,,0.999
1456299721.0,096893a3,0.989
1456299721.0,c330d63c,0.979
1456299721.0,57c3de2f,0.959
1456299721.0,13cfdfb2,1.039
1456299721.0,f02ffbd3,1.009
1456299721.0,ab042a77,1.059
1456299721.0,b67f8bb3,0.969
1456299721.0,bd50e8e2,0.989
1456299721.0,014adbc0,0.959
1456299721.0,,0.989
1456299721.0,2052e025,0.969
1456299961.0,9a2cf8fa,1.009
1456299961.0,c58eee91,0.959
1456299961.0,e07c0604,0.989
1456299961.0,acb06eaf,0.979
1456299961.0,bffe1a68,0.989
1456299961.0,e6b8819f,0.929
1456299961.0,e72628ad,0.949
1456299961.0,2c9a6a74,0.989
1456299961.0,4e7b5ef6,0.989
1456299961.0,28e7f835,0.989
1456299961.0,be7b97ad,0.989
1456299961.0,4a4c4dca,0.979
1456299961.0,caf99587,1.009
1456299961.0,e9eeb033,0.939
1456299961.0,f26d37c8,0.979
1456299961.0,d600dfb6,0.979
1456299961.0,cb7b59b6,0.999
1456299961.0,08311643,0.939
1456299961.0,464f5c00,0.979
1456299961.0,264d6745,0.959
1456299961.0,a2ab785a,0.959
1456299961.0,09f3e38a,0.999
1456299961.0,ba9a540e,0.989
1456299961.0,054eaec2,0.989
1456299961.0,b524582e,0.989
1456299961.0,3277bf79,0.979
1456299961.0,2bd32486,1.009
1456299961.0,72bd4b95,0.989
1456299961.0,9423afb9,0.979
1456299961.0,ce331290,0.979
1456299961.0,d8aacecc,0.949
1456299961.0,ed770a27,0.989
1456299961.0,265fe188,0.999
1456299961.0,b60e1ffb,1.029
1456299961.0,17e38b8d,0.959
1456299961.0,d89ba291,0.929
1456299961.0,f893c068,1.009
1456299961.0,4764c22b,1.019
1456299961.0,bbf56463,0.979
1456299961.0,5087513f,1.049
1456299961.0,d17204b8,1.019
1456299961.0,e1307a34,1.009
1456299961.0,c595c849,0.959
1456299961.0,e9abc101,0.999
1456299961.0,95321d2a,0.969
1456299961.0,8371a1aa,0.979
1456299961.0,1018f316,0.989
1456299961.0,1f6d15b5,0.949
1456299961.0,6a686e72,0.979
1456299961.0,00d1a6ab,1.019
1456299961.0,d0abe7db,0.989
1456299961.0,17a062c5,1.009
1456299961.0,3fc9a04c,0.969
1456299961.0,f27854f0,0.949
1456299961.0,136065e7,0.999
1456299961.0,c349e5a2,0.999
1456299961.0,98860edd,0.949
1456299961.0,5f0b3d94,0.979
1456299961.0,a08b0e98,0.949
1456299961.0,9e990cfe,0.969
1456299961.0,67b9bbe5,0.969
1456299961.0,12434f8d,0.969
1456299961.0,980060a7,0.999
1456299961.0,59a378e4,0.999
1456299961.0,7e69e0ea,0.999
1456299961.0,69a2d28e,0.979
1456299961.0,9c3caa26,1.019
1456299961.0,def3807b,0.949
1456299961.0,8c14cf23,0.979
1456299961.0,10337302,0.979
1456299961.0,47dc373a,0.989
1456299961.0,7d7180f2,0.999
1456299961.0,63aa7558,1.009
1456299961.0,980d97ef,0.989
1456299961.0,dcb4f731,0.989
1456299961.0,a9b1239f,0.969
1456299961.0,3b5be616,0.979
1456299961.0,82f09d4f,0.979
1456299961.0,f77aa11c,0.979
1456299961.0,fc8981fc,0.959
1456299961.0,814d74ac,0.959
1456299961.0,02b40ec3,0.929
1456299961.0,93d1f437,0.969
1456299961.0,00a2a041,0.999
1456299961.0,1cd02c26,0.999
1456299961.0,6735727d,0.939
1456299961.0,55a39b60,0.989
1456299961.0,521b2ae0,0.969
1456299961.0,6c7a5ec7,0.989
1456299961.0,e4653a83,0.939
1456299961.0,c66eeb5b,0.959
1456299961.0,cb619856,0.989
1456299961.0,0b069a72,0.999
1456299961.0,2024d5d7,0.989
1456299961.0,c372d047,0.959
1456299961.0,eb4b87cc,0.989
1456299961.0,87969b95,0.969
1456299961.0,b899de50,0.999
1456299961.0,9789b717,0.949
1456299961.0,d8297d8d,0.979
1456299961.0,c1f003e3,0.959
1456299961.0,65c13d89,0.969
1456299961.0,3bf045f8,0.999
1456299961.0,894d4a6d,0.939
1456299961.0,4c092b15,0.939
1456299961.0,5a88efab,0.939
1456299961.0,ca6cf07d,0.989
1456299961.0,036e385d,0.959
1456299961.0,fa14d605,0.949
1456299961.0,4e5b5da4,0.999
1456299961.0,f5d3bc3a,0.969
1456299961.0,c4799ced,0.989
1456299961.0,13228d53,1.019
1456299961.0,aaf8d479,1.009
1456299961.0,60531009,0.989
1456299961.0,aa1ef023,0.999
1456299961.0,d20d5219,0.959
1456299961.0,d8d9760b,0.999
1456299961.0,2f1bf151,0.949
1456299961.0,fca1ea0f,0.979
1456299961.0,96eb851e,0.999
1456299961.0,acf2a6b8,0.979
1456299961.0,8d6ec707,0.969
1456299961.0,c7e1e757,0.969
1456299961.0,5e56181c,0.969
1456299961.0,4d77b026,0.969
1456299961.0,61d59ee9,1.009
1456299961.0,e487e118,0.989
1456299961.0,9e334e1e,0.989
1456299961.0,aecec7b2,1.019
1456299961.0,408faf33,0.969
1456299961.0,db29e260,0.949
1456299961.0,63ded480,1.019
1456299961.0,fb86982d,0.979
1456299961.0,2b6d5808,0.959
1456299961.0,fa862834,0.969
1456299961.0,2dd2f741,0.959
1456299961.0,38f800d8,0.989
1456299961.0,4f434ea1,0.969
1456299961.0,d165a6a0,0.949
1456299961.0,dc2aecd3,0.959
1456299961.0,52aedb7d,0.919
1456299961.0,2f20611a,0.969
1456299961.0,0ef5bf4d,0.989
1456299961.0,9aa6fe97,0.949
1456299961.0,94642f21,0.969
1456299961.0,60f04d2f,0.989
1456299961.0,d9adfaac,0.989
1456299961.0,c8eaf4a4,0.959
1456299961.0,21a92259,0.949
1456299961.0,0bec4dba,0.949
1456299961.0,efd0b72b,0.999
1456299961.0,4e998f6d,0.989
1456299961.0,bfb3c76b,0.969
1456299961.0,aff10140,0.999
1456299961.0,29b24eee,0.959
1456299961.0,b387d3fa,0.979
1456299961.0,2e518aaf,0.959
1456299961.0,eaf89b64,0.989
1456299961.0,ae03a260,0.989
1456299961.0,5963169b,1.019
1456299961.0,b1d87758,1.009
1456299961.0,5d3d8db3,0.989
1456299961.0,8de146cf,0.999
1456299961.0,70507c40,0.999
1456299961.0,06f668ff,0.949
1456299961.0,ae7c1497,0.999
1456299961.0,12967a7f,0.999
1456299961.0,9a1fa81d,0.989
1456299961.0,dc080c47,1.039
1456299961.0,bcce0991,0.989
1456299961.0,6027b071,0.979
1456299961.0,f125a348,1.009
1456299961.0,d152b308,0.999
1456299961.0,68492860,0.999
1456299961.0,40d8f838,0.939
1456299961.0,561829d6,0.989
1456299961.0,db1ffa50,0.949
1456299961.0,99148d2d,0.969
1456299961.0,7aff909e,1.009
1456299961.0,346ffe81,0.979
1456299961.0,08f23eff,0.949
1456299961.0,91013e76,0.999
1456299961.0,890c4fe1,1.009
1456299961.0,8792c041,0.969
1456299961.0,60ae4328,0.949
1456299961.0,c16682b0,0.999
1456299961.0,9e5a10db,0.989
1456299961.0,20015b2d,0.999
1456299961.0,529f6f9b,0.989
1456299961.0,9cd02b8c,0.979
1456299961.0,79eb6d1c,0.949
1456299961.0,5ace285c,0.979
1456299961.0,dae657d5,1.009
1456299961.0,c2bf8f60,0.939
1456299961.0,e6ebe240,0.969
1456299961.0,ac8fe45c,1.029
1456299961.0,,1.009
1456299961.0,f6e9717f,1.019
1456299961.0,e9c48a65,1.009
1456299961.0,c8dd66ee,0.939
1456299961.0,1d76bf20,0.979
1456299961.0,21358755,1.009
1456299961.0,24afea5b,1.009
1456299961.0,57fbf14f,0.959
1456299961.0,630198f5,0.959
1456299961.0,70afbb14,0.999
1456299961.0,dc7b3d6f,0.939
1456299961.0,5308f610,0.979
1456299961.0,5a5bd833,0.979
1456299961.0,d54426c4,0.969
1456299961.0,26ae107e,0.969
1456299961.0,040531cf,0.959
1456299961.0,9a2da055,0.939
1456299961.0,b4b8fb9d,0.959
1456299961.0,b791cb2d,0.969
1456299961.0,9520e162,0.989
1456299961.0,0061e71a,0.999
1456299961.0,0e9a7f93,0.989
1456299961.0,6cf3fd28,0.949
1456299961.0,38c93eee,0.949
1456299961.0,4c5615f5,0.939
1456299961.0,5982a304,0.989
1456299961.0,d3faff64,0.999
1456299961.0,ea1b9e67,0.969
1456299961.0,9d74578a,0.969
1456299961.0,a20ae2e0,0.969
1456299961.0,48ef3fea,1.009
1456299961.0,2cd83fd1,0.979
1456299961.0,b096f1e2,0.929
1456299961.0,4960decd,0.959
1456299961.0,834ff98a,0.959
1456299961.0,fd278e66,0.979
1456299961.0,5aed436b,1.079
1456299961.0,8cd391f3,0.969
1456299961.0,3183a48d,0.979
1456299961.0,c083a2d4,1.009
1456299961.0,f5000af4,0.939
1456299961.0,d305e9d3,0.959
1456299961.0,6de5506e,0.989
1456299961.0,a4ba2fb9,0.939
1456299961.0,2b57a135,0.919
1456299961.0,b412aa93,0.989
1456299961.0,73242acd,0.939
1456299961.0,a315fcdc,1.009
1456299961.0,6a1dd3bb,0.969
1456299961.0,36f5bf63,0.939
1456299961.0,6e224d77,0.989
1456299961.0,d002e8e7,1.019
1456299961.0,ee9b9dc5,0.989
1456299961.0,48ae79a5,0.989
1456299961.0,d525156e,0.949
1456299961.0,1fa4f36e,1.009
1456299961.0,ba35e551,0.989
1456299961.0,559fcfde,0.989
1456299961.0,e821cf4d,0.989
1456299961.0,2df68795,0.999
1456299961.0,2601854e,0.979
1456299961.0,190ce429,0.949
1456299961.0,6fec83f8,0.959
1456299961.0,7163665c,0.999
1456299961.0,fa56fc6e,0.999
1456299961.0,f85abf7d,0.959
1456299961.0,286b8a57,0.979
1456299961.0,d2e178a4,0.999
1456299961.0,28e051b2,0.969
1456299961.0,cc22a735,1.009
1456299961.0,cece28cb,0.939
1456299961.0,bdd70033,0.959
1456299961.0,a54d4e57,0.999
1456299961.0,8cb4fc7c,0.929
1456299961.0,e9ef6088,0.979
1456299961.0,5ec4b70c,0.949
1456299961.0,f74fad88,0.949
1456299961.0,b6aadfa1,1.009
1456299961.0,987496d6,1.009
1456299961.0,210e805d,0.989
1456299961.0,48dfc338,0.959
1456299961.0,49fa8372,0.979
1456299961.0,4c5b25a6,0.969
1456299961.0,643b65de,0.969
1456299961.0,6fac4b39,0.999
1456299961.0,b2c4b0c2,0.989
1456299961.0,a952ede9,0.989
1456299961.0,6ffefa8b,0.919
1456299961.0,614629e1,0.939
1456299961.0,dcd3f71a,0.969
1456299961.0,f25babad,0.959
1456299961.0,b75d609f,0.969
1456299961.0,e2c0e5e5,0.949
1456299961.0,ec6f00be,0.969
1456299961.0,cbb493e1,0.949
1456299961.0,fbb672d6,0.949
1456299961.0,48676749,0.999
1456299961.0,97f66660,0.989
1456299961.0,f04e168f,0.989
1456299961.0,793351ef,0.949
1456299961.0,04bc5ae6,0.989
1456299961.0,ccd903a8,0.979
1456299961.0,84558d7a,0.999
1456299961.0,d6f1e726,0.999
1456299961.0,5d9f0ce5,0.969
1456299961.0,af6c3817,0.999
1456299961.0,fb4b39d2,0.959
1456299961.0,539e7513,0.939
1456299961.0,ad29f10c,0.979
1456299961.0,2ccce8c3,0.969
1456299961.0,8c04c7d4,0.969
1456299961.0,e5232a6c,0.989
1456299961.0,e9fcf416,0.989
1456299961.0,077aee0e,0.969
1456299961.0,f13c64f2,0.999
1456299961.0,fd9a80c1,0.974
1456299961.0,f48ed1d8,0.959
1456299961.0,b5935794,0.999
1456299961.0,fe4b1f4a,0.949
1456299961.0,f0bce0a6,0.979
1456299961.0,0764c8b7,0.999
1456299961.0,923a028b,1.009
1456299961.0,2a6e5bb1,0.969
1456299961.0,6d257c8c,0.979
1456299961.0,57a6c42b,0.989
1456299961.0,bfe9ba44,1.009
1456299961.0,29a6303c,0.989
1456299961.0,7fccdc2c,0.999
1456299961.0,a7eeba86,0.989
1456299961.0,6c715e12,0.969
1456299961.0,17e982d2,0.989
1456299961.0,8b3bba8f,0.939
1456299961.0,a9ec9678,0.949
1456299961.0,43474152,0.989
1456299961.0,5f0ea8ff,0.989
1456299961.0,3429a55d,1.009
1456299961.0,97ca12f9,1.009
1456299961.0,c43ed044,0.979
1456299961.0,bf08287b,0.939
1456299961.0,1cc76c84,1.009
1456299961.0,d080aa8b,0.979
1456299961.0,0bb28765,0.989
1456299961.0,864188f5,1.019
1456299961.0,672ba0d9,0.989
1456299961.0,6f65a418,1.049
1456299961.0,73f7d503,0.989
1456299961.0,b07ee4ba,1.019
1456299961.0,241c63b0,0.959
1456299961.0,eecd4599,0.989
1456299961.0,821e5bd3,0.949
1456299961.0,8d7a014c,0.979
1456299961.0,2b043615,0.969
1456299961.0,219ba39d,0.969
1456299961.0,1510f5e1,0.999
1456299961.0,f36918b0,0.949
1456299961.0,0cc05186,0.989
1456299961.0,ed7d2122,1.019
1456299961.0,0290e578,0.999
1456299961.0,a07d5f54,0.979
1456299961.0,7c3d138b,0.929
1456299961.0,e9b61dbc,0.969
1456299961.0,3645c978,0.989
1456299961.0,e1920309,0.949
1456299961.0,722c9387,0.969
1456299961.0,303dd086,0.989
1456299961.0,a3a8caec,0.979
1456299961.0,1d3ab507,0.989
1456299961.0,7f6e5cbd,0.989
1456299961.0,7e221db6,1.004
1456299961.0,488fcdf2,0.999
1456299961.0,842da93a,0.989
1456299961.0,b6ac7c95,0.989
1456299961.0,f625c166,0.979
1456299961.0,1f721c24,0.959
1456299961.0,d667f2fb,1.009
1456299961.0,aee35b92,0.959
1456299961.0,ded8bee6,0.969
1456299961.0,7269da44,0.999
1456299961.0,8979e403,0.949
1456299961.0,89c3b080,0.939
1456300201.0,2fbb9c5a,0.969
1456300201.0,9499bcb9,0.959
1456300201.0,ef0301c2,0.979
1456300201.0,3a4ffbbf,0.969
1456300201.0,dc352ea6,0.989
1456300201.0,0536c920,0.989
1456300201.0,a227c930,0.999
1456300201.0,bd100d45,0.959
1456300201.0,f0d132f4,1.024
1456300201.0,da976067,0.989
1456300201.0,9d2b8d38,0.939
1456300201.0,dfe43ff9,0.939
1456300201.0,05b184bf,0.989
1456300201.0,107383fd,0.939
1456300201.0,8626815a,0.939
1456300201.0,b8fa7f55,0.949
1456300201.0,bd3ac554,0.999
1456300201.0,1509b860,0.949
1456300201.0,abb42d56,0.959
1456300201.0,21dc7e61,0.949
1456300201.0,7c556e65,0.989
1456300201.0,7571a6bb,0.989
1456300201.0,fb73e5e4,0.929
1456300201.0,8e6c3c82,0.919
1456300201.0,317e0347,0.939
1456300201.0,a7983bc2,0.939
1456300201.0,c05d0f34,0.919
1456300201.0,6f473b11,0.999
1456300201.0,011401e5,0.939
1456300201.0,5b75cc8d,0.979
1456300201.0,24c0c404,1.009
1456300201.0,4da4802c,0.989
1456300201.0,6bafd8aa,0.989
1456300201.0,a46f6f07,0.989
1456300201.0,14033ffb,0.999
1456300201.0,d051170d,0.969
1456300201.0,8730426e,0.999
1456300201.0,c143cd5a,0.979
1456300201.0,668cb8e1,0.949
1456300201.0,8794cb26,0.969
1456300201.0,ee870273,0.989
1456300201.0,c74b9c21,0.989
1456300201.0,3ed1efe5,0.989
1456300201.0,abcdcbad,0.989
1456300201.0,52f801fe,0.999
1456300201.0,b86ca5b3,0.949
1456300201.0,edcf5ae9,1.009
1456300201.0,,0.979
1456300201.0,b4a7b915,1.009
1456300201.0,039cdb4d,1.019
1456300201.0,9481f21d,1.009
1456300201.0,d89ba291,0.919
1456300201.0,097b0d22,0.939
1456300201.0,190a2749,0.979
1456300201.0,2820e4a6,0.959
1456300201.0,c5f97974,1.039
1456300201.0,2a3fa9e1,0.959
1456300201.0,cfab0b9f,0.969
1456300201.0,ca8f532f,0.949
1456300201.0,3c982b3a,0.929
1456300201.0,7d020a61,0.999
1456300201.0,22878111,0.979
1456300201.0,d3b57fc9,0.969
1456300201.0,6d934eee,0.989
1456300201.0,86cc51ec,0.999
1456300201.0,ea6ba7ed,0.999
1456300201.0,0abfa69b,0.939
1456300201.0,2680f30f,0.969
1456300201.0,aa53bc55,0.969
1456300201.0,1b3326f2,1.009
1456300201.0,7eafe473,0.969
1456300201.0,bc467691,0.959
1456300201.0,6f6a8c9c,0.989
1456300201.0,fb81e05e,0.989
1456300201.0,e541a3b3,1.099
1456300201.0,25ed90f7,0.989
1456300201.0,a66ad3ee,0.939
1456300201.0,1388fe07,0.999
1456300201.0,fe0b6fc9,1.019
1456300201.0,1a20bec9,0.979
1456300201.0,447dba6a,0.989
1456300201.0,0defca9f,0.989
1456300201.0,b82cdd94,1.029
1456300201.0,629268ea,0.979
1456300201.0,63616f1f,0.989
1456300201.0,b066103f,0.959
1456300201.0,e50a3733,0.979
1456300201.0,9f1a6e1f,0.959
1456300201.0,f5b0ba52,0.999
1456300201.0,73a454de,0.999
1456300201.0,d65d6aba,1.009
1456300201.0,e92281f9,0.989
1456300201.0,ee69ffcc,0.979
1456300201.0,6d44f87b,0.989
1456300201.0,70c08251,0.979
1456300201.0,21d78be4,0.959
1456300201.0,bc0ee536,0.989
1456300201.0,88759e4a,0.959
1456300201.0,b655f194,0.979
1456300201.0,79c94d83,0.999
1456300201.0,666030ca,0.959
1456300201.0,a825b9fa,0.959
1456300201.0,a004fbaa,1.029
1456300201.0,db56e2a2,1.009
1456300201.0,68c7b059,0.939
1456300201.0,5aede176,0.999
1456300201.0,11450a74,1.009
1456300201.0,b154220c,0.999
1456300201.0,189a4381,0.989
1456300201.0,549d95e1,0.989
1456300201.0,f64d1649,0.949
1456300201.0,17c924e4,0.989
1456300201.0,4fbbcd3f,1.019
1456300201.0,1b9cc9e7,1.009
1456300201.0,8820ca40,1.009
1456300201.0,ae3fcddd,0.979
1456300201.0,4f6c20ab,0.999
1456300201.0,eb4b87cc,0.989
1456300201.0,2b0edf3c,0.989
1456300201.0,2ffbebf3,0.959
1456300201.0,65c13d89,0.959
1456300201.0,01735f50,0.989
1456300201.0,75d484dc,0.959
1456300201.0,bd1e7435,0.999
1456300201.0,ac995a23,0.999
1456300201.0,cadf2d6d,0.979
1456300201.0,38c5df1f,0.999
1456300201.0,703cb794,0.999
1456300201.0,11b5806d,1.029
1456300201.0,546992ee,0.949
1456300201.0,4abd2f17,0.989
1456300201.0,27f88bd4,0.969
1456300201.0,df264ce2,0.989
1456300201.0,2f3e857f,0.989
1456300201.0,1398c802,0.999
1456300201.0,f43bc6b9,1.009
1456300201.0,32bf0348,0.979
1456300201.0,467f7eb4,0.979
1456300201.0,cffd6e1f,1.029
1456300201.0,96eb851e,0.999
1456300201.0,eca01ef8,0.999
1456300201.0,806bbb49,0.969
1456300201.0,aa28e876,0.979
1456300201.0,b646a001,0.989
1456300201.0,cd2e6031,1.009
1456300201.0,,0.929
1456300201.0,31923c9d,0.949
1456300201.0,5a3e246d,1.009
1456300201.0,0fddeb66,0.969
1456300201.0,84953eae,0.989
1456300201.0,2d149d2f,0.949
1456300201.0,85c72b71,0.999
1456300201.0,42863645,0.989
1456300201.0,360ecf54,0.939
1456300201.0,224db9ea,0.959
1456300201.0,8700c374,0.949
1456300201.0,a20f676d,0.959
1456300201.0,97f7398e,0.989
1456300201.0,557f7d87,0.969
1456300201.0,,0.969
1456300201.0,c95d532b,0.999
1456300201.0,5c0d42b0,0.989
1456300201.0,878b98a2,0.939
1456300201.0,eb79ce7f,1.009
1456300201.0,8a924c37,0.949
1456300201.0,1dfe7e94,0.969
1456300201.0,1aa6752d,0.949
1456300201.0,cc3dc9ec,0.949
1456300201.0,f58df524,0.989
1456300201.0,5dbdb1ad,0.959
1456300201.0,19e1ff00,0.979
1456300201.0,e4f7133f,0.979
1456300201.0,59698c83,0.989
1456300201.0,d14d8358,0.999
1456300201.0,e3e96875,0.979
1456300201.0,c330a48b,0.939
1456300201.0,d74429a3,0.949
1456300201.0,dd4866c8,0.979
1456300201.0,11b725ec,0.949
1456300201.0,b3fefca1,0.969
1456300201.0,3d592311,0.969
1456300201.0,a493ee6c,0.939
1456300201.0,e792e7d9,0.929
1456300201.0,197e1542,0.939
1456300201.0,fec5bce2,0.979
1456300201.0,9d16cf9e,0.949
1456300201.0,8caf6dad,0.989
1456300201.0,2d204d17,1.009
1456300201.0,202ac153,0.959
1456300201.0,e39a2c78,0.969
1456300201.0,9a95dc46,0.949
1456300201.0,02664349,0.989
1456300201.0,e4d3e8f1,0.979
1456300201.0,727b85d9,0.949
1456300201.0,0590ef3a,1.019
1456300201.0,f8bbef60,0.979
1456300201.0,514e885f,0.999
1456300201.0,cd0b941e,0.969
1456300201.0,876763f5,0.979
1456300201.0,61508d3c,0.969
1456300201.0,f65e3be6,0.989
1456300201.0,79470901,0.959
1456300201.0,bccce565,0.959
1456300201.0,0eb0bb77,0.959
1456300201.0,054077ee,0.979
1456300201.0,ed3acf54,0.959
1456300201.0,0da71099,0.959
1456300201.0,54c3da9c,0.919
1456300201.0,3056759f,0.969
1456300201.0,fcd1aad6,0.959
1456300201.0,1c5f0504,0.959
1456300201.0,83c02c47,0.969
1456300201.0,63f573eb,0.969
1456300201.0,929af7b6,0.959
1456300201.0,fa4b4bff,0.969
1456300201.0,5dbe10ef,0.939
1456300201.0,27eb52b2,0.999
1456300201.0,05de04c2,0.949
1456300201.0,92ea5ddf,0.979
1456300201.0,82e87a14,0.939
1456300201.0,2d43a4bd,0.999
1456300201.0,c8da9d10,0.979
1456300201.0,b2b56b82,1.009
1456300201.0,3f96a850,0.959
1456300201.0,a656288b,0.969
1456300201.0,c9f023c6,0.969
1456300201.0,e53c0a3d,0.939
1456300201.0,c7a00e1c,0.969
1456300201.0,9a8bc1fb,0.979
1456300201.0,da28f05d,0.949
1456300201.0,d137631c,0.989
1456300201.0,f44172d4,0.949
1456300201.0,3ac6b934,0.949
1456300201.0,77c17dde,0.949
1456300201.0,2d084788,0.969
1456300201.0,e3667c9c,0.969
1456300201.0,56c42334,0.949
1456300201.0,3cb8640b,0.979
1456300201.0,7e6fd376,0.949
1456300201.0,decc5fc7,0.959
1456300201.0,bb39a843,0.959
1456300201.0,6515c8c1,0.949
1456300201.0,a2b07888,0.949
1456300201.0,9e81ec36,0.979
1456300201.0,3c2e16c2,0.989
1456300201.0,131b8ba4,0.989
1456300201.0,73d508f6,0.979
1456300201.0,0c514e6f,0.979
1456300201.0,adaf8fbc,0.979
1456300201.0,91f0a0fd,0.949
1456300201.0,5098a1d8,0.959
1456300201.0,d326a791,0.969
1456300201.0,d7fbc628,0.989
1456300201.0,44166963,0.999
1456300201.0,4f3f8f5e,0.979
1456300201.0,475377c3,0.979
1456300201.0,e335e0bc,0.969
1456300201.0,bb23fbe2,1.009
1456300201.0,a8f01af7,0.979
1456300201.0,ca0c1721,0.959
1456300201.0,035e6206,0.949
1456300201.0,33c8c51e,0.969
1456300201.0,8c77ed6c,0.959
1456300201.0,5fb10ad5,0.959
1456300201.0,67b209f1,1.029
1456300201.0,0b2dae68,0.969
1456300201.0,28712072,0.979
1456300201.0,02917849,1.009
1456300201.0,8da197a5,0.979
1456300201.0,6a276ef2,0.949
1456300201.0,d05c205a,0.969
1456300201.0,048e9166,0.959
1456300201.0,3a7d2c69,0.969
1456300201.0,a9fd24ed,0.989
1456300201.0,80d93018,0.999
1456300201.0,a4416f40,0.979
1456300201.0,450ed4aa,0.949
1456300201.0,8bad9db5,0.979
1456300201.0,129ccfd3,0.959
1456300201.0,9f33f062,0.979
1456300201.0,642a4242,0.949
1456300201.0,e76cb56f,1.009
1456300201.0,b71b2d23,0.969
1456300201.0,0bd9645c,1.019
1456300201.0,dca18dd2,1.009
1456300201.0,5022eb7f,0.999
1456300201.0,8668e2e4,0.949
1456300201.0,d88d8a20,0.999
1456300201.0,102821f8,0.959
1456300201.0,99148d2d,0.959
1456300201.0,f77487da,0.939
1456300201.0,4c45b855,0.949
1456300201.0,,1.009
1456300201.0,452d82ab,1.009
1456300201.0,397db294,0.999
1456300201.0,186a1294,0.994
1456300201.0,291c62c4,1.009
1456300201.0,ef5fb7f7,0.969
1456300201.0,3c00613f,0.999
1456300201.0,db0dfab2,0.939
1456300201.0,f04fe50a,0.999
1456300201.0,25c5b561,0.949
1456300201.0,2cf05648,0.959
1456300201.0,cc1424f8,0.969
1456300201.0,a43c3b90,0.989
1456300201.0,a5de0540,0.969
1456300201.0,7683a8c0,1.009
1456300201.0,d63aac19,0.959
1456300201.0,4484275b,0.959
1456300201.0,613ea133,1.009
1456300201.0,5ed7343e,1.029
1456300201.0,61173148,0.968
1456300201.0,0a5b2682,1.019
1456300201.0,e6ebe240,0.959
1456300201.0,242f7b9b,1.029
1456300201.0,76ee34f4,0.979
1456300201.0,c4b99997,0.969
1456300201.0,4a513f03,0.999
1456300201.0,887915b9,0.969
1456300201.0,eb3b36ff,0.989
1456300201.0,93a15b8e,0.979
1456300201.0,68af1b90,0.968
1456300201.0,80ec45da,0.959
1456300201.0,50a1f055,0.959
1456300201.0,9c708662,0.959
1456300201.0,4d0a22fb,0.999
1456300201.0,08d73b70,0.989
1456300201.0,08d4658c,0.989
1456300201.0,2a2c8207,0.989
1456300201.0,31a9b6e7,0.999
1456300201.0,a1143c6a,0.989
1456300201.0,094e5a20,0.999
1456300201.0,b1bae9b8,1.019
1456300201.0,b2a4889d,0.969
1456300201.0,9e3fd3b1,0.939
1456300201.0,2d5c56d1,0.999
1456300201.0,9380a9c3,1.009
1456300201.0,92cfd8f3,0.999
1456300201.0,db4ed6aa,1.009
1456300201.0,9042df2b,1.069
1456300201.0,f6c091f9,0.959
1456300201.0,ae7d5dd1,0.989
1456300201.0,55344490,0.989
1456300201.0,826ef9e5,0.949
1456300201.0,6cd66c40,1.019
1456300201.0,8a7ae372,0.994
1456300201.0,f4281f38,0.919
1456300201.0,ac1a5d1b,0.949
1456300201.0,600fd4b6,0.989
1456300201.0,9867054e,0.969
1456300201.0,10774c7e,0.989
1456300201.0,f7fc57ea,1.019
1456300201.0,c57c6085,0.989
1456300201.0,1cd14b72,0.959
1456300201.0,e2eeab30,0.949
1456300201.0,da4f51da,1.019
1456300201.0,fc0599eb,1.004
1456300201.0,c3c0fce5,1.019
1456300201.0,a093cd4b,0.979
1456300201.0,bbd2a218,0.989
1456300201.0,efc6fe63,0.979
1456300201.0,c083a2d4,1.009
1456300201.0,9ca722d6,0.979
1456300201.0,4c83adf3,0.989
1456300201.0,4d7be304,0.949
1456300201.0,5d4e52c0,0.989
1456300201.0,5ff01128,0.969
1456300201.0,4a802d7b,1.009
1456300201.0,d02509ed,0.999
1456300201.0,faaa1fe7,0.999
1456300201.0,cf422a5e,0.999
1456300201.0,0218a51d,0.969
1456300201.0,a0b4fcec,0.979
1456300201.0,4799ae79,0.959
1456300201.0,70cfddc2,0.999
1456300201.0,23ea2729,0.969
1456300201.0,764a9f1e,0.959
1456300201.0,bf0b9827,0.999
1456300201.0,2323e5c3,1.019
1456300201.0,020dac80,1.009
1456300201.0,e50cc55b,0.999
1456300201.0,48ae79a5,0.979
1456300201.0,c409c6b3,1.009
1456300201.0,783f4b92,0.969
1456300201.0,1fa4f36e,1.009
1456300201.0,528fe9d2,0.999
1456300201.0,51cb8b8e,0.959
1456300201.0,7dde6783,0.969
1456300201.0,2b797ecc,0.959
1456300201.0,f6bf784e,0.979
1456300201.0,9cc7617e,0.979
1456300201.0,b3701dfd,0.959
1456300201.0,8342a4d9,0.999
1456300201.0,8b79452e,0.999
1456300201.0,550f37fb,0.949
1456300201.0,f7d11bff,1.139
1456300201.0,,1.009
1456300201.0,4ca2fd5f,0.979
1456300201.0,08e08bee,0.969
1456300201.0,bcca3d12,0.989
1456300201.0,31ae92da,0.939
1456300201.0,d6831509,0.999
1456300201.0,779b5eda,0.979
1456300201.0,5adcc672,0.989
1456300201.0,81c9cec5,1.009
1456300201.0,06fb0c54,1.009
1456300201.0,7a6dcdb0,0.989
1456300201.0,2ae61bab,0.989
1456300201.0,e4c59692,0.989
1456300201.0,,1.009
1456300201.0,61a6d2eb,0.969
1456300201.0,0c9168e0,0.999
1456300201.0,691d5ce3,0.979
1456300201.0,6170e6c3,0.979
1456300201.0,1ff45876,0.959
1456300201.0,3fdc528a,0.969
1456300201.0,fd6b00bc,0.949
1456300201.0,bdd46409,0.999
1456300201.0,99017784,0.979
1456300201.0,83c5b0ad,0.929
1456300201.0,649a77db,0.999
1456300201.0,bec87d80,0.979
1456300201.0,65995c53,0.979
1456300201.0,8c225212,1.029
1456300201.0,96c2dcec,0.959
1456300201.0,2f70ad86,0.999
1456300201.0,1f790c2c,1.019
1456300201.0,d983cd5e,0.989
1456300201.0,72fef334,0.949
1456300201.0,0d6425bc,0.989
1456300201.0,af4316ed,0.979
1456300201.0,739c3107,1.019
1456300201.0,3d61eab1,1.039
1456300201.0,0e7f8607,1.009
1456300201.0,be031347,0.969
1456300201.0,c252c064,0.999
1456300201.0,30cf0bb4,1.019
1456300201.0,e21e887d,0.999
1456300201.0,5982ef09,0.999
1456300201.0,e657e4ae,1.009
1456300201.0,14c3a02f,1.029
1456300201.0,91698594,0.989
1456300201.0,ece9cf3e,0.969
1456300201.0,18bd42e9,1.019
1456300201.0,26e74126,1.019
1456300201.0,95577aab,0.959
1456300201.0,6d10b873,0.999
1456300201.0,e8a25ade,0.989
1456300201.0,0fcc99fa,1.019
1456300201.0,3167769c,0.969
1456300201.0,98e26149,0.959
1456300201.0,7f2cf706,0.969
1456300201.0,c9850105,0.949
1456300201.0,e5e737e8,0.999
1456300201.0,78daa5b5,0.989
1456300201.0,7c8f8d4d,0.939
1456300201.0,df7154f6,0.949
1456300201.0,afd35ba0,0.949
1456300201.0,5fede4f0,0.959
1456300201.0,4b2b710a,0.999
1456300201.0,b9535339,0.979
1456300201.0,e83ab5b0,1.009
1456300201.0,5db56b1d,0.989
1456300201.0,5c88c29d,0.949
1456300201.0,4530e328,0.989
1456300201.0,6ab142e0,0.989
1456300201.0,ebccb800,0.989
1456300201.0,11bec0f1,0.979
1456300201.0,987b9a76,1.009
1456300201.0,06282a1f,1.019
1456300201.0,02e413b6,0.999
1456300201.0,b9cdf061,1.019
1456300201.0,1543d9a2,0.979
1456300201.0,788d83d5,0.969
1456300201.0,75a2e00a,0.979
1456300201.0,2ac82f45,1.009
1456300201.0,035ff990,0.969
1456300201.0,ec60ccb8,0.969
1456300201.0,b7d8dff7,1.019
1456300201.0,81c26764,0.949
1456300201.0,a949a310,0.989
1456300201.0,a1338d18,0.979
1456300201.0,2ebde489,1.009
1456300201.0,be63db8b,0.989
1456300201.0,69fc95ea,0.989
1456300201.0,9398e203,0.959
1456300201.0,,0.979
1456300201.0,5054e21e,0.969
1456300201.0,b215d388,0.949
1456300201.0,4900212f,0.989
1456300201.0,47a742a7,0.979
1456300201.0,db680fc7,0.989
1456300201.0,97588053,0.959
1456300201.0,6fa2467f,1.049
1456300201.0,9d4458f3,0.999
1456300201.0,d92a0847,1.049
1456300201.0,9a0f8848,0.939
1456300201.0,f12a9542,0.969
1456300201.0,22b653b3,0.969
1456300201.0,372699d4,0.999
1456300201.0,10603241,1.009
1456300201.0,30e60f32,0.999
1456300201.0,f9f836d8,1.009
1456300201.0,607d89d2,1.019
1456300201.0,a40495d3,0.939
1456300201.0,dbb6df9e,1.029
1456300201.0,a23f1295,0.939
1456300201.0,d5f0bacd,0.939
1456300201.0,c03e39ca,0.949
1456300201.0,6c200339,0.959
1456300201.0,fd4af1b0,1.019
1456300201.0,2a00b312,0.969
1456300201.0,096893a3,0.979
1456300201.0,6244903c,0.999
1456300201.0,a1d1ae1e,0.979
1456300201.0,03c6addd,0.999
1456300201.0,0f96b386,0.999
1456300201.0,7d0753eb,0.999
1456300201.0,85db4cd5,1.009
1456300201.0,aee35b92,0.949
1456300201.0,32dcc2c9,0.999
1456300201.0,773b1599,0.979
1456300201.0,24e4f125,0.979
1456300201.0,4b0b0867,0.979
1456300201.0,53282654,0.999
1456300441.0,684b2be8,0.979
1456300441.0,bf66734b,0.989
1456300441.0,0aeed7ce,0.969
1456300441.0,778f55da,0.979
1456300441.0,98b8cd78,0.989
1456300441.0,e8fba845,0.989
1456300441.0,59c2e6d6,0.959
1456300441.0,3d54f8a9,0.939
1456300441.0,a6e1038f,0.979
1456300441.0,735f3dba,0.989
1456300441.0,1af22ca6,0.959
1456300441.0,ff7e8838,0.939
1456300441.0,fd627db5,0.939
1456300441.0,12d36adb,0.999
1456300441.0,87d550b4,0.989
1456300441.0,ebeb80cb,0.949
1456300441.0,8c0b2fab,0.959
1456300441.0,f131e26a,0.959
1456300441.0,ebcd22e7,0.969
1456300441.0,82781b7c,0.969
1456300441.0,fa657190,0.989
1456300441.0,7d5bf573,0.929
1456300441.0,2a7a2a42,1.019
1456300441.0,25f9d419,0.949
1456300441.0,824f7fcf,0.949
1456300441.0,1262b7a3,0.979
1456300441.0,ffc99986,0.999
1456300441.0,d93d5579,1.009
1456300441.0,4b229f4e,1.009
1456300441.0,f1736b62,0.969
1456300441.0,75005b6a,0.999
1456300441.0,e1c57a67,0.969
1456300441.0,0e6ac101,0.979
1456300441.0,28071dbd,0.979
1456300441.0,a72d491e,0.969
1456300441.0,139cc5da,0.999
1456300441.0,e1b2f9c0,0.959
1456300441.0,2c0b3549,0.989
1456300441.0,b09088a6,1.009
1456300441.0,a9bfa2fb,1.009
1456300441.0,21a6bb0f,0.969
1456300441.0,23e9a491,0.999
1456300441.0,86cc51ec,0.999
1456300441.0,e53def27,1.019
1456300441.0,b0f0f3c3,0.979
1456300441.0,0f76eceb,0.979
1456300441.0,919c9f89,0.989
1456300441.0,4220c4a0,0.979
1456300441.0,5d5e9ec8,0.959
1456300441.0,93b5b301,0.989
1456300441.0,cf184a67,0.939
1456300441.0,6aeae29e,1.049
1456300441.0,47396921,0.959
1456300441.0,3aba7e15,0.979
1456300441.0,428929ab,0.989
1456300441.0,ea942936,0.969
1456300441.0,0c091e76,0.969
1456300441.0,192ba8fb,0.949
1456300441.0,00eccb46,0.929
1456300441.0,d903b794,0.969
1456300441.0,c5772f6a,0.979
1456300441.0,a280c8ce,0.969
1456300441.0,45752743,1.009
1456300441.0,a8266115,0.979
1456300441.0,e7b78fcf,1.009
1456300441.0,02f94d04,0.959
1456300441.0,688487a8,0.969
1456300441.0,9d98d36c,1.029
1456300441.0,f6d9b461,0.959
1456300441.0,a2459b61,0.999
1456300441.0,35822dd5,0.979
1456300441.0,56f076dc,0.939
1456300441.0,82fb994b,0.999
1456300441.0,085661ca,0.969
1456300441.0,8bf8c324,0.989
1456300441.0,506ed98f,0.959
1456300441.0,e2c6b885,0.969
1456300441.0,fc1b2485,0.929
1456300441.0,b29751cb,0.989
1456300441.0,,1.019
1456300441.0,0094aa42,0.969
1456300441.0,2b0edf3c,0.989
1456300441.0,8a3d4726,0.999
1456300441.0,050d62ae,0.989
1456300441.0,980a858d,0.989
1456300441.0,2397e1c5,0.999
1456300441.0,9d5d8b0d,0.979
1456300441.0,4c7d9195,1.019
1456300441.0,910ecd45,0.999
1456300441.0,64fe3583,0.999
1456300441.0,44479fee,0.989
1456300441.0,e8716217,0.979
1456300441.0,b6de77a6,0.999
1456300441.0,4d6144cb,1.019
1456300441.0,412e24b5,0.929
1456300441.0,7fc3def3,0.989
1456300441.0,2c4dd6f0,0.969
1456300441.0,ad4d142d,0.979
1456300441.0,65b329e2,1.049
1456300441.0,14b2ac02,0.999
1456300441.0,2e4ef56a,0.969
1456300441.0,1d06a6fd,0.989
1456300441.0,badafb9a,0.969
1456300441.0,9e654d43,0.939
1456300441.0,5fcf7eea,0.989
1456300441.0,4c029f46,0.959
1456300441.0,51ff36bc,0.969
1456300441.0,7ec4fa7d,0.989
1456300441.0,caa1b5e1,0.969
1456300441.0,c3f05449,0.959
1456300441.0,2cd4012d,0.959
1456300441.0,,0.949
1456300441.0,eaa7c105,0.939
1456300441.0,,0.979
1456300441.0,6135497e,0.949
1456300441.0,176e9b96,0.949
1456300441.0,ef95782d,0.939
1456300441.0,2fbedc98,0.949
1456300441.0,27809f91,0.969
1456300441.0,b375596b,1.029
1456300441.0,e0bab6c8,0.959
1456300441.0,e2914261,0.979
1456300441.0,26f14416,0.959
1456300441.0,5f379a02,0.979
1456300441.0,881e9700,0.999
1456300441.0,78dd6fcc,0.959
1456300441.0,0324ee01,0.989
1456300441.0,f6e29329,0.969
1456300441.0,cdf74228,0.989
1456300441.0,d9f10362,0.989
1456300441.0,1ddd2ac0,0.969
1456300441.0,ae7c1497,0.999
1456300441.0,e00e317c,1.019
1456300441.0,9ef0d290,1.019
1456300441.0,c7b90ec6,0.999
1456300441.0,199f5310,0.969
1456300441.0,3c2da6fc,1.009
1456300441.0,dc6dee32,0.979
1456300441.0,e8328929,0.999
1456300441.0,443ddb72,0.969
1456300441.0,0d20ed99,0.999
1456300441.0,bb0418d7,0.979
1456300441.0,5022eb7f,0.999
1456300441.0,54255515,0.999
1456300441.0,30ac5a0c,0.969
1456300441.0,e9187171,0.969
1456300441.0,b706633d,0.969
1456300441.0,14e03a1d,1.019
1456300441.0,9720bdd7,0.959
1456300441.0,1df8493a,0.979
1456300441.0,3813907a,0.979
1456300441.0,2b1d13c5,0.959
1456300441.0,9443935d,0.989
1456300441.0,c569cea2,0.959
1456300441.0,15b53516,0.969
1456300441.0,cd3a9dfc,0.999
1456300441.0,ace72885,0.959
1456300441.0,c085267d,0.989
1456300441.0,d34ed29d,0.989
1456300441.0,e6ebe240,0.959
1456300441.0,3b2ce948,0.979
1456300441.0,f6d63084,0.979
1456300441.0,b3457bb4,1.009
1456300441.0,6fb3ea7a,0.949
1456300441.0,80ec45da,0.949
1456300441.0,e35dbbb3,0.969
1456300441.0,b212ad4b,0.989
1456300441.0,36d6fa9e,0.989
1456300441.0,477e21c8,1.009
1456300441.0,44495201,0.969
1456300441.0,41c3b887,0.959
1456300441.0,f5bd997d,0.949
1456300441.0,d6fe953b,0.969
1456300441.0,2d5c56d1,0.999
1456300441.0,4817973e,0.949
1456300441.0,36da90c6,1.009
1456300441.0,c4d9fd71,1.019
1456300441.0,285927ae,0.979
1456300441.0,669b7d94,0.989
1456300441.0,5fd232c2,0.959
1456300441.0,796a3cec,0.949
1456300441.0,6f9b604d,1.179
1456300441.0,aae959c2,0.919
1456300441.0,96854150,0.989
1456300441.0,087f9ad5,0.949
1456300441.0,6c260eb8,0.949
1456300441.0,b70f82b5,0.989
1456300441.0,d44b5cfb,0.989
1456300441.0,0345dfe7,0.989
1456300441.0,7fdd64dc,0.929
1456300441.0,d3e36a6e,0.959
1456300441.0,d5a420b3,1.009
1456300441.0,2bd2ffb1,0.999
1456300441.0,86fe7e76,0.979
1456300441.0,997db707,0.949
1456300441.0,1f1e2904,0.959
1456300441.0,800fab5c,1.009
1456300441.0,293f7598,1.009
1456300441.0,,0.939
1456300441.0,dab2adef,0.999
1456300441.0,f6eddbb3,0.949
1456300441.0,e80747bb,0.999
1456300441.0,b9c86ec7,0.999
1456300441.0,830faf16,0.989
1456300441.0,714eaded,0.969
1456300441.0,0e31f374,0.979
1456300441.0,0f282fe6,0.989
1456300441.0,743a840f,1.039
1456300441.0,1ab8e201,0.969
1456300441.0,6000fe5e,0.979
1456300441.0,2b508314,0.999
1456300441.0,aad3e88a,0.989
1456300441.0,aac41384,0.979
1456300441.0,4d916c9b,0.969
1456300441.0,3321fa98,0.969
1456300441.0,942087ca,0.959
1456300441.0,c985912f,1.009
1456300441.0,6105a562,0.999
1456300441.0,58a914d5,0.989
1456300441.0,07aab62d,0.959
1456300441.0,d73f85dd,0.969
1456300441.0,e8770e69,0.999
1456300441.0,31ae92da,0.969
1456300441.0,c704c346,0.959
1456300441.0,82319435,0.989
1456300441.0,63a8e437,0.949
1456300441.0,e9e52898,0.979
1456300441.0,9c47cca4,0.999
1456300441.0,,0.989
1456300441.0,2bdc4b63,0.969
1456300441.0,01a2d8cf,0.999
1456300441.0,81038dd7,0.969
1456300441.0,edc52f30,0.979
1456300441.0,982ba5cc,0.969
1456300441.0,9db34e97,1.019
1456300441.0,7c5c81e2,0.969
1456300441.0,3346c58a,0.989
1456300441.0,ce6b83b7,1.009
1456300441.0,4917afaa,0.989
1456300441.0,efda2508,0.959
1456300441.0,63e70cd3,0.989
1456300441.0,75290178,0.979
1456300441.0,8c225212,1.009
1456300441.0,8dbbf765,0.969
1456300441.0,1fdc64f7,0.959
1456300441.0,b9bbf9ee,0.989
1456300441.0,84944aec,0.969
1456300441.0,a33116a4,0.959
1456300441.0,a48343d6,0.979
1456300441.0,b49d51d2,0.989
1456300441.0,9200bb2c,1.029
1456300441.0,5921c872,0.959
1456300441.0,74bb761d,1.019
1456300441.0,0b37cd71,0.999
1456300441.0,beab9b84,0.989
1456300441.0,cb7a19f8,0.989
1456300441.0,5953f6dc,0.979
1456300441.0,b8e3788a,1.019
1456300441.0,9fe5444d,1.009
1456300441.0,c2cdc545,0.979
1456300441.0,51683daa,0.999
1456300441.0,c5669e2f,0.979
1456300441.0,4046803d,0.959
1456300441.0,58e1a8b4,1.009
1456300441.0,7fc3b34a,0.989
1456300441.0,9c133cb1,0.959
1456300441.0,26d58413,0.959
1456300441.0,9280f17b,0.939
1456300441.0,8c04c7d4,0.969
1456300441.0,bdc0736f,0.999
1456300441.0,8d39e4b4,0.989
1456300441.0,ebccb800,0.979
1456300441.0,9cb98281,1.119
1456300441.0,c2ed0986,0.969
1456300441.0,2eb47ed3,0.969
1456300441.0,496612a8,0.989
1456300441.0,337484f4,0.979
1456300441.0,d5ced0b2,1.019
1456300441.0,622ea8b5,0.949
1456300441.0,,1.009
1456300441.0,e9b0b14e,1.009
1456300441.0,63a9da40,0.999
1456300441.0,84333954,0.979
1456300441.0,4ab47d1a,0.959
1456300441.0,853debfa,0.969
1456300441.0,2385c761,0.979
1456300441.0,26623c9d,0.939
1456300441.0,cb758bb7,0.989
1456300441.0,b718f9fa,1.009
1456300441.0,16fbfac7,0.999
1456300441.0,2bc8507d,0.949
1456300441.0,37f5ab7c,0.999
1456300441.0,30f8c62f,1.009
1456300441.0,0913d5bd,0.969
1456300441.0,16d9bba6,0.989
1456300441.0,caaa0b46,1.019
1456300441.0,d7f9f13e,1.069
1456300441.0,dea2eca4,0.999
1456300441.0,b1020387,0.949
1456300441.0,b93a61f3,0.929
1456300441.0,5470379e,1.009
1456300441.0,c2caedd9,0.939
1456300441.0,1054110c,0.994
1456300441.0,3734af20,0.999
1456300441.0,2b890110,0.949
1456300441.0,c973ec97,0.979
1456300441.0,8ddd7eaf,0.969
1456300441.0,dfa90483,0.959
1456300441.0,6e1a006b,0.959
1456300441.0,2d4a2d35,0.989
1456300441.0,6ed1ade4,0.969
1456300441.0,22ac7d75,0.959
1456300441.0,3f48f52e,0.959
1456300441.0,0958f3bd,0.969
1456300441.0,810fc069,0.959
1456300441.0,512f32d1,0.989
1456300441.0,2c946e5c,0.929
1456300441.0,21b1fd87,0.959
1456300441.0,2fd29268,0.939
1456300441.0,bba9fe67,0.929
1456300441.0,ce8b60a3,0.969
1456300441.0,305cecfe,0.979
1456300441.0,019e00fb,0.929
1456300441.0,92dfb6d0,0.979
1456300441.0,524d848c,0.939
1456300441.0,f6955150,0.979
1456300441.0,dc4c222b,0.989
1456300441.0,3be6fb85,0.989
1456300441.0,27282b70,0.909
1456300441.0,677b8f35,0.929
1456300441.0,44c15478,0.979
1456300441.0,672ba0d9,0.969
1456300441.0,85e30d0e,0.989
1456300441.0,dbc4bac0,0.979
1456300441.0,c6ca359a,0.979
1456300441.0,053b7fd8,0.949
1456300441.0,30865e09,0.999
1456300441.0,5f8076ef,0.949
1456300441.0,5f143eb7,0.929
1456300441.0,351dd222,0.939
1456300441.0,776d441b,0.979
1456300441.0,da1fbd53,0.979
1456300441.0,676f4e53,0.959
1456300441.0,57ef5f09,0.939
1456300441.0,4349fbc3,0.989
1456300441.0,5a4ca547,0.959
1456300441.0,6768f241,0.999
1456300441.0,9557f893,0.979
1456300441.0,a30e7878,1.019
1456300441.0,9f18dbdb,0.959
1456300441.0,10fa0582,0.969
1456300441.0,f4b0a53c,1.009
1456300441.0,4500efc2,0.969
1456300441.0,10753208,0.979
1456300441.0,3af8e691,0.999
1456300441.0,84fa929f,0.959
1456300441.0,6e44cd2d,0.999
1456300441.0,142082b9,0.959
1456300441.0,30466612,1.009
1456300441.0,0a9446f2,0.969
1456300441.0,2caa67ec,0.959
1456300441.0,02e680f9,0.999
1456300441.0,c2e96d64,0.939
1456300441.0,823a371f,1.009
1456300441.0,57e77986,0.959
1456300441.0,0f96b386,0.989
1456300441.0,,0.989
1456300441.0,39376aa1,0.989
1456300441.0,d25d3d18,1.009
1456300441.0,dae6ec80,0.989
1456300441.0,3e8ffe66,0.949
1456300441.0,ed57f511,0.959
1456300441.0,5fc94f68,0.999
1456300441.0,c7eb5131,0.939
1456300441.0,14efadf9,0.959
1456300441.0,2a4d5e67,1.009
1456300441.0,c1819b96,0.969
1456300681.0,7d485af0,0.979
1456300681.0,d9a3e681,0.959
1456300681.0,fc134cb6,0.999
1456300681.0,83a8ae72,0.989
1456300681.0,c391ee8f,0.989
1456300681.0,8e820c9b,0.949
1456300681.0,fd4cd090,0.959
1456300681.0,8730426e,0.979
1456300681.0,f131e26a,0.949
1456300681.0,ebcd22e7,0.959
1456300681.0,ac22a573,0.959
1456300681.0,756325f1,0.959
1456300681.0,15c2c195,0.999
1456300681.0,48c665d2,0.969
1456300681.0,4b649587,0.949
1456300681.0,19a4dc27,0.969
1456300681.0,7592b37a,0.989
1456300681.0,9204320b,0.999
1456300681.0,adb530b9,1.009
1456300681.0,b5464430,0.989
1456300681.0,2228d8bc,1.019
1456300681.0,4b229f4e,0.999
1456300681.0,ac828437,0.999
1456300681.0,,0.989
1456300681.0,90c5a207,0.989
1456300681.0,56ce5673,0.969
1456300681.0,eaadc508,0.999
1456300681.0,28071dbd,0.979
1456300681.0,efacbc65,0.949
1456300681.0,7b3fcbc6,0.969
1456300681.0,0670c33b,0.999
1456300681.0,5355dd4f,0.979
1456300681.0,e53def27,0.999
1456300681.0,f27854f0,0.949
1456300681.0,924bf88b,0.949
1456300681.0,136065e7,0.999
1456300681.0,bce22baa,0.959
1456300681.0,406de9bb,0.949
1456300681.0,772a26c5,1.009
1456300681.0,b3141223,1.009
1456300681.0,21fa9a42,0.969
1456300681.0,d338b0f2,1.009
1456300681.0,c78ef341,0.949
1456300681.0,2861d5a0,0.979
1456300681.0,26d3d3cd,0.969
1456300681.0,ff8d71cb,0.949
1456300681.0,6949ed4a,1.029
1456300681.0,eda96774,0.979
1456300681.0,e41a3569,0.969
1456300681.0,8c14cf23,0.959
1456300681.0,d84e5b34,0.949
1456300681.0,69a8b3d2,0.949
1456300681.0,f873156d,0.949
1456300681.0,60a86cf4,1.039
1456300681.0,44850052,0.949
1456300681.0,39bde8e3,0.999
1456300681.0,0f2f9c5f,0.999
1456300681.0,d902aea0,0.979
1456300681.0,65964ff0,0.999
1456300681.0,e448c44d,0.949
1456300681.0,ef878178,0.999
1456300681.0,ae779650,0.999
1456300681.0,d02c5bf4,0.939
1456300681.0,00bb9689,0.989
1456300681.0,67c2a2b3,0.949
1456300681.0,815252d2,0.959
1456300681.0,6579ef86,0.999
1456300681.0,6b1c47cf,0.989
1456300681.0,c4b30834,0.979
1456300681.0,61907898,1.009
1456300681.0,b59cf984,0.984
1456300681.0,386d835f,0.999
1456300681.0,ac1ca792,1.009
1456300681.0,3c9e1eb4,0.959
1456300681.0,0696d69c,0.989
1456300681.0,657c5e72,0.989
1456300681.0,478964f7,0.959
1456300681.0,a0f9d44d,1.039
1456300681.0,4b926ccb,0.939
1456300681.0,7a66bf28,0.999
1456300681.0,2024d5d7,0.949
1456300681.0,42daef27,0.998
1456300681.0,88113d35,0.994
1456300681.0,b42f77df,0.969
1456300681.0,bf87bcf0,0.979
1456300681.0,a82ec43f,0.959
1456300681.0,3f5f0189,0.969
1456300681.0,1105f74e,0.999
1456300681.0,f94d8069,0.989
1456300681.0,a9b88996,0.999
1456300681.0,6551e91d,0.999
1456300681.0,d6c38103,0.999
1456300681.0,0b91981b,0.999
1456300681.0,1922bce9,0.949
1456300681.0,e246da13,0.959
1456300681.0,4c76dbcf,1.009
1456300681.0,3ba3d773,0.949
1456300681.0,da00f579,0.999
1456300681.0,fd3c454f,0.999
1456300681.0,d9de1c75,0.999
1456300681.0,c0cca6dc,0.929
1456300681.0,259f0ed8,0.959
1456300681.0,d0145a6c,0.969
1456300681.0,693441d5,0.989
1456300681.0,25528e17,0.948
1456300681.0,62e5651b,0.969
1456300681.0,8a3c1b82,0.939
1456300681.0,de1eff76,0.979
1456300681.0,72c5857a,0.989
1456300681.0,d2a69e6d,0.989
1456300681.0,70bc5eff,0.989
1456300681.0,16863815,0.939
1456300681.0,76e85116,0.979
1456300681.0,3044d200,0.989
1456300681.0,5d026f62,0.929
1456300681.0,2359a629,0.929
1456300681.0,1dba321b,0.939
1456300681.0,dc2d8878,0.979
1456300681.0,c19378b9,0.979
1456300681.0,d2fc2219,0.979
1456300681.0,d9132efc,0.999
1456300681.0,a99fe7eb,0.949
1456300681.0,b1b62cb5,0.989
1456300681.0,ac4a43b1,0.949
1456300681.0,4b87f0df,0.979
1456300681.0,865c84ca,1.019
1456300681.0,8aa5540e,1.039
1456300681.0,c743acd1,0.959
1456300681.0,3d9b4dc8,0.944
1456300681.0,794a868c,0.989
1456300681.0,0a1db8aa,1.009
1456300681.0,2a167286,0.999
1456300681.0,be60701b,1.009
1456300681.0,c8bea281,0.949
1456300681.0,f847749e,0.959
1456300681.0,1e7c15e2,0.979
1456300681.0,e8478f56,0.999
1456300681.0,1727b18d,0.949
1456300681.0,e5b98666,0.979
1456300681.0,fb9a8547,0.939
1456300681.0,0df7c170,0.979
1456300681.0,8cdff641,0.949
1456300681.0,5b842987,0.939
1456300681.0,1629d59f,0.959
1456300681.0,34f054d7,0.999
1456300681.0,69ce0c69,0.969
1456300681.0,21d0f81c,0.999
1456300681.0,066bd102,0.999
1456300681.0,e9a10aef,0.979
1456300681.0,13579cfd,0.959
1456300681.0,c8df6e1a,0.939
1456300681.0,ec810259,0.979
1456300681.0,e7ab2eb9,0.969
1456300681.0,6d40e0d7,0.949
1456300681.0,74903af4,0.989
1456300681.0,682a7b74,0.989
1456300681.0,5a8b71b2,0.959
1456300681.0,4f58556c,0.939
1456300681.0,636fe15d,0.989
1456300681.0,8e8a5274,0.949
1456300681.0,33f1db85,0.989
1456300681.0,28119274,0.969
1456300681.0,f645748d,0.989
1456300681.0,da91fae8,0.979
1456300681.0,2080cd01,0.959
1456300681.0,54fc2b4c,0.969
1456300681.0,0bd89a27,1.009
1456300681.0,4f60f2d3,0.949
1456300681.0,3a67bc28,1.009
1456300681.0,,0.979
1456300681.0,c1bc16cb,0.989
1456300681.0,186a1294,0.959
1456300681.0,4b4c10fa,0.969
1456300681.0,552250d6,0.969
1456300681.0,eebe0685,0.969
1456300681.0,e1071f74,0.979
1456300681.0,dadc3ef8,0.979
1456300681.0,33a8b66f,0.969
1456300681.0,4331b36c,0.969
1456300681.0,90a8536c,0.999
1456300681.0,7bbd97a0,0.979
1456300681.0,68cd8b5a,0.979
1456300681.0,ca8919db,0.989
1456300681.0,afc2b240,0.979
1456300681.0,c2405c51,0.949
1456300681.0,8b0230d5,0.969
1456300681.0,5271a4f6,0.949
1456300681.0,c1dfd045,1.009
1456300681.0,7fa657a5,1.029
1456300681.0,aaa29d7c,0.929
1456300681.0,d15d75b3,0.999
1456300681.0,be03744e,0.979
1456300681.0,afa80a02,1.009
1456300681.0,6982586c,1.009
1456300681.0,a55edb00,0.979
1456300681.0,4514d1c7,0.959
1456300681.0,78e9f79a,0.989
1456300681.0,3784c135,0.989
1456300681.0,f960ce49,0.999
1456300681.0,c88d1f3b,1.009
1456300681.0,15b8b7e7,0.979
1456300681.0,181dcd43,0.979
1456300681.0,41c3b887,0.949
1456300681.0,5c566b33,0.959
1456300681.0,b7f96330,0.989
1456300681.0,3a762d33,0.959
1456300681.0,8e302603,0.979
1456300681.0,38624de7,0.979
1456300681.0,2703d1c4,0.989
1456300681.0,8a7ae372,0.959
1456300681.0,39c1eecb,0.994
1456300681.0,a50ae4a2,0.979
1456300681.0,59cec01d,0.939
1456300681.0,1cb6edaf,0.949
1456300681.0,1aa38dcc,1.019
1456300681.0,78e8bb93,0.979
1456300681.0,dd465a5d,1.024
1456300681.0,3c41d6ca,0.959
1456300681.0,c08d3d8e,0.979
1456300681.0,cc9281aa,0.979
1456300681.0,f1f7ae62,0.984
1456300681.0,0db94a7a,0.989
1456300681.0,9517b906,0.989
1456300681.0,0f93d061,1.009
1456300681.0,570b52de,0.999
1456300681.0,a093cd4b,0.959
1456300681.0,74004306,0.959
1456300681.0,444fc3ef,0.989
1456300681.0,41095c7b,0.939
1456300681.0,068f53ad,0.949
1456300681.0,85a43300,1.009
1456300681.0,8bce4624,0.999
1456300681.0,4e359e7b,0.959
1456300681.0,43b2838d,0.969
1456300681.0,c2d485ca,0.949
1456300681.0,e628dd10,0.959
1456300681.0,8785401b,0.999
1456300681.0,b003d766,1.009
1456300681.0,a9fbf376,1.019
1456300681.0,1762464c,0.989
1456300681.0,2212e62a,1.009
1456300681.0,83e73636,0.999
1456300681.0,e109622e,0.999
1456300681.0,566e4815,0.939
1456300681.0,1858a39e,1.029
1456300681.0,41d19376,0.979
1456300681.0,b2a8b4b9,0.939
1456300681.0,eca21f05,0.979
1456300681.0,d525156e,0.939
1456300681.0,783f4b92,0.969
1456300681.0,51cb8b8e,0.959
1456300681.0,de257006,0.999
1456300681.0,5d25b0e7,0.969
1456300681.0,8c81c551,1.009
1456300681.0,95845353,0.949
1456300681.0,1b97a3ad,0.999
1456300681.0,530cc62e,1.009
1456300681.0,f7d11bff,1.019
1456300681.0,0496cd5a,1.009
1456300681.0,dce58b64,0.959
1456300681.0,a630f96a,1.019
1456300681.0,c9dc18ed,0.999
1456300681.0,084224e7,1.019
1456300681.0,a622d33e,0.969
1456300681.0,6465956f,0.929
1456300681.0,f333e2b9,0.979
1456300681.0,032e8b57,0.999
1456300681.0,a374c73d,0.979
1456300681.0,0fcfa459,0.939
1456300681.0,174ab84b,0.959
1456300681.0,0311c6ae,0.979
1456300681.0,b8c293ba,1.009
1456300681.0,1929517b,0.989
1456300681.0,38a3a737,0.969
1456300681.0,368b0430,0.959
1456300681.0,9ab54d52,0.999
1456300681.0,ea971a7b,0.969
1456300681.0,2380bb04,0.999
1456300681.0,d86467e7,0.939
1456300681.0,a45c4dc1,0.999
1456300681.0,777eab33,0.949
1456300681.0,2fa6d835,0.989
1456300681.0,aef0d8b9,1.019
1456300681.0,fbb672d6,0.939
1456300681.0,7d0e5e60,0.999
1456300681.0,2e24ce9f,0.949
1456300681.0,ec487980,0.979
1456300681.0,e8b2cb64,0.959
1456300681.0,a9b4d8a2,0.959
1456300681.0,41b2d714,1.019
1456300681.0,140ced81,0.949
1456300681.0,f8646d30,0.979
1456300681.0,ed71c114,0.999
1456300681.0,07874667,0.989
1456300681.0,926509ae,1.029
1456300681.0,7edfe29f,0.999
1456300681.0,0022ec87,0.949
1456300681.0,,0.999
1456300681.0,1948ba16,0.989
1456300681.0,f7989ae3,0.989
1456300681.0,0ba0dd13,0.979
1456300681.0,20cf5cec,0.959
1456300681.0,6c9a5e04,0.969
1456300681.0,befd1f24,1.019
1456300681.0,40e47eaa,0.969
1456300681.0,80b92918,0.978
1456300681.0,95568ef1,0.969
1456300681.0,6a629c0f,0.999
1456300681.0,6d6e84e0,0.939
1456300681.0,5ce80f96,1.009
1456300681.0,fa2e9d72,1.009
1456300681.0,db97e7b4,0.959
1456300681.0,44daa76b,0.969
1456300681.0,c793eda5,0.974
1456300681.0,1b06723f,0.969
1456300681.0,cd84a2a9,0.989
1456300681.0,ae505f44,0.979
1456300681.0,,1.009
1456300681.0,97c7cfca,0.979
1456300681.0,76994b54,0.989
1456300681.0,04aefaad,0.999
1456300681.0,f1929c3e,0.989
1456300681.0,39116d5f,0.949
1456300681.0,4622dd55,0.979
1456300681.0,8f2fb041,0.999
1456300681.0,ed61f658,0.989
1456300681.0,ecf2754f,0.959
1456300681.0,173bf0b5,0.989
1456300681.0,41ca6c6a,1.009
1456300681.0,07ca952f,1.029
1456300681.0,990bc1af,0.959
1456300681.0,fed67d30,0.999
1456300681.0,05946741,0.979
1456300681.0,57d1fddc,0.969
1456300681.0,0c1688de,0.969
1456300681.0,293e1b9a,0.959
1456300681.0,f92bdf7c,0.979
1456300681.0,d85ccd5e,0.969
1456300681.0,53e57ac2,1.009
1456300681.0,6842cc4a,0.979
1456300681.0,1054110c,0.994
1456300681.0,3f48f52e,0.959
1456300681.0,cb71673a,0.999
1456300681.0,ee74bc99,0.959
1456300681.0,075d1e16,0.959
1456300681.0,688653f8,0.959
1456300681.0,1f311bb3,0.989
1456300681.0,c313d773,0.969
1456300681.0,ce55c12b,0.989
1456300681.0,3573c1c1,1.009
1456300681.0,672ba0d9,0.959
1456300681.0,72054327,0.979
1456300681.0,a0088371,1.019
1456300681.0,f184201b,0.959
1456300681.0,a53100f4,0.949
1456300681.0,7142929d,0.979
1456300681.0,36d7c026,0.919
1456300681.0,5c451464,0.959
1456300681.0,73f7d503,0.969
1456300681.0,d587eb93,0.999
1456300681.0,b5897439,0.969
1456300681.0,07d4d93c,0.999
1456300681.0,267e21dd,0.969
1456300681.0,f0910caa,1.029
1456300681.0,982daa57,0.999
1456300681.0,1d50351d,0.999
1456300681.0,e64fba92,0.959
1456300681.0,d8c7802e,0.969
1456300681.0,7059e623,0.969
1456300681.0,85e1d8aa,0.989
1456300681.0,741c727e,1.009
1456300681.0,52bd7863,0.999
1456300681.0,9a0f8848,0.939
1456300681.0,d8a16c26,0.969
1456300681.0,f600b327,0.989
1456300681.0,cd7095cd,0.969
1456300681.0,b32ae972,1.019
1456300681.0,8d47e406,0.989
1456300681.0,9e1d1354,0.999
1456300681.0,07908b66,0.959
1456300681.0,dff9a053,0.999
1456300681.0,59b332e8,0.979
1456300681.0,a388f36b,0.969
1456300681.0,30466612,0.959
1456300681.0,7f6e5cbd,0.949
1456300681.0,4bb18de7,1.009
1456300681.0,7b4a45e6,0.969
1456300681.0,d2672082,0.989
1456300681.0,3a65963d,0.989
1456300681.0,95832b86,0.989
1456300681.0,f061e4b5,0.939
1456300681.0,fed9f427,0.999
1456300681.0,ddb4781d,0.969
1456300681.0,bc1f7e5b,0.959
1456300681.0,db096089,0.979
1456300681.0,c26e2bbb,0.949
1456300681.0,e3586265,0.999
1456300681.0,b67f8bb3,0.969
1456300921.0,46d16433,0.959
1456300921.0,dfc32fdb,0.979
1456300921.0,2623501c,0.969
1456300921.0,909a8e2d,0.979
1456300921.0,61ef0e4f,0.979
1456300921.0,53bdc202,0.959
1456300921.0,d355e704,0.969
1456300921.0,7349daff,0.979
1456300921.0,7ae877b2,0.989
1456300921.0,a6cf9c73,0.989
1456300921.0,82148954,0.979
1456300921.0,caff03c9,0.919
1456300921.0,3e50dc0d,0.939
1456300921.0,5b737243,0.989
1456300921.0,9a11b9a9,0.969
1456300921.0,877aae3b,0.979
1456300921.0,c0bff642,0.959
1456300921.0,c77b8785,0.939
1456300921.0,9727ab3a,0.919
1456300921.0,ed5ad0df,0.989
1456300921.0,81eb1428,0.979
1456300921.0,f2925995,0.969
1456300921.0,427c61e9,0.959
1456300921.0,effc0f5f,0.989
1456300921.0,a979524c,0.979
1456300921.0,6bfedfb9,1.009
1456300921.0,4a243585,0.959
1456300921.0,6f9fee8c,0.979
1456300921.0,f131e26a,0.949
1456300921.0,c3a73e2d,0.959
1456300921.0,5bf5865e,0.979
1456300921.0,50b27f80,0.989
1456300921.0,db49e9d2,0.999
1456300921.0,630f5fa3,0.999
1456300921.0,7dfddaf9,0.979
1456300921.0,43bfc6b5,0.989
1456300921.0,bd52c7bf,0.959
1456300921.0,2917587e,0.949
1456300921.0,9a52a6cd,0.969
1456300921.0,a41365eb,0.989
1456300921.0,6dea9ace,0.989
1456300921.0,45bd4b76,0.949
1456300921.0,12f330d3,0.979
1456300921.0,9278d791,0.969
1456300921.0,26db277e,0.959
1456300921.0,4d87be41,0.989
1456300921.0,4b36fa89,0.979
1456300921.0,04da5ab2,0.989
1456300921.0,afa8e37d,0.999
1456300921.0,9a249d55,0.989
1456300921.0,07f5aeea,1.009
1456300921.0,cf40d91b,0.959
1456300921.0,b769a655,0.939
1456300921.0,b961310a,0.969
1456300921.0,9dab0bd8,0.969
1456300921.0,a46b4f3d,0.949
1456300921.0,f0d7ea8a,0.959
1456300921.0,46c099d0,0.979
1456300921.0,71b8eaae,0.999
1456300921.0,6bfa1784,0.969
1456300921.0,3eb1b356,0.999
1456300921.0,d95bf294,0.979
1456300921.0,bca5b114,0.969
1456300921.0,b82cdd94,1.029
1456300921.0,8f4fb8f1,0.959
1456300921.0,108a3669,1.019
1456300921.0,5b93fb87,0.959
1456300921.0,829f8adc,0.999
1456300921.0,71c8efd1,1.019
1456300921.0,03098eb9,0.989
1456300921.0,00bb9689,0.989
1456300921.0,03d07967,0.969
1456300921.0,7ba5966e,1.009
1456300921.0,b7b730d9,0.949
1456300921.0,5697f128,0.989
1456300921.0,bdda7ca8,0.969
1456300921.0,19eaaa8f,0.989
1456300921.0,fd3cde5f,1.019
1456300921.0,185c6827,0.999
1456300921.0,c0aa824a,0.949
1456300921.0,633828e5,1.009
1456300921.0,d6e3342a,0.979
1456300921.0,84985353,0.969
1456300921.0,592c2c00,0.939
1456300921.0,7ffdf9e7,0.939
1456300921.0,51885ea3,0.959
1456300921.0,734c00a8,0.959
1456300921.0,97543d60,0.964
1456300921.0,4a2f0946,0.949
1456300921.0,8b670386,0.999
1456300921.0,3cfdda94,0.939
1456300921.0,1bfef5b8,0.959
1456300921.0,71fdd7b4,0.989
1456300921.0,9d5d8b0d,0.969
1456300921.0,a0622dfc,1.029
1456300921.0,11fbd55b,0.949
1456300921.0,4d691ffa,1.039
1456300921.0,e946aba1,0.999
1456300921.0,83cc51b1,0.979
1456300921.0,fd3c454f,0.999
1456300921.0,b6de77a6,0.989
1456300921.0,026ce3d1,0.989
1456300921.0,6be455b0,1.009
1456300921.0,aaf971e5,0.989
1456300921.0,2f6a5cea,0.979
1456300921.0,466c174a,0.999
1456300921.0,b71681a4,1.009
1456300921.0,b258c197,1.049
1456300921.0,c1d6b449,0.959
1456300921.0,87d167da,0.989
1456300921.0,59ac6c1c,0.989
1456300921.0,693441d5,0.989
1456300921.0,a1904e6e,0.949
1456300921.0,d2a69e6d,0.979
1456300921.0,,0.994
1456300921.0,e7ec8759,0.989
1456300921.0,8f268946,0.919
1456300921.0,9b66ed80,0.959
1456300921.0,4cd3d126,0.999
1456300921.0,a0f09d1a,0.979
1456300921.0,29552de4,0.969
1456300921.0,7e5a6d3f,0.959
1456300921.0,759e3fcc,0.969
1456300921.0,3747e646,0.939
1456300921.0,242f5c69,0.949
1456300921.0,460a378a,0.979
1456300921.0,f54d187e,0.979
1456300921.0,c443c505,0.949
1456300921.0,e6fe3770,0.909
1456300921.0,45e18000,0.979
1456300921.0,9fd35589,0.989
1456300921.0,893de505,0.999
1456300921.0,c86a322d,0.979
1456300921.0,9a95dc46,0.939
1456300921.0,cbc5f7c3,0.979
1456300921.0,216f2e30,1.009
1456300921.0,514e885f,0.979
1456300921.0,0f283ef6,0.959
1456300921.0,0eb0bb77,0.959
1456300921.0,aac6abb7,0.919
1456300921.0,253ddd10,0.929
1456300921.0,140514a1,0.999
1456300921.0,e96c8f9b,0.959
1456300921.0,da53e9ba,0.979
1456300921.0,2ddad231,0.999
1456300921.0,88b83d81,0.979
1456300921.0,ed63a8a7,0.969
1456300921.0,891c9c5c,0.999
1456300921.0,42ad8b68,0.959
1456300921.0,6a7aa1a0,0.919
1456300921.0,b067bcf6,0.949
1456300921.0,2748662b,0.989
1456300921.0,cb7fae49,0.979
1456300921.0,f67b6a8f,0.989
1456300921.0,1e16b905,0.969
1456300921.0,56c42334,0.939
1456300921.0,5f365e75,0.989
1456300921.0,f0da030f,0.989
1456300921.0,0d26cc8d,0.969
1456300921.0,657861bc,0.989
1456300921.0,acd894be,0.929
1456300921.0,8a338e32,0.959
1456300921.0,d9adfaac,0.929
1456300921.0,4370ed3a,0.979
1456300921.0,a73bef5e,0.969
1456300921.0,544b9eb3,0.969
1456300921.0,da93bb21,0.949
1456300921.0,3563be5a,0.979
1456300921.0,6f5bf91f,0.989
1456300921.0,6aa7f92d,1.049
1456300921.0,61637c84,0.979
1456300921.0,8aa5540e,1.039
1456300921.0,d9b9345c,0.974
1456300921.0,cc0830cf,0.969
1456300921.0,14ab7113,0.979
1456300921.0,f529efe8,0.979
1456300921.0,42bd894d,0.919
1456300921.0,cea7fb15,0.969
1456300921.0,b7f65739,0.979
1456300921.0,f71bbe39,0.959
1456300921.0,a1eb62eb,0.989
1456300921.0,c11feddb,0.939
1456300921.0,a9050e49,0.979
1456300921.0,cfc3caef,0.999
1456300921.0,4af2260b,0.969
1456300921.0,d34df514,0.989
1456300921.0,7ec3390e,0.939
1456300921.0,3b4ac733,1.009
1456300921.0,3da2bd95,0.999
1456300921.0,6039b8e3,0.999
1456300921.0,20dcb5cd,0.999
1456300921.0,59214d4e,1.009
1456300921.0,fa99c07b,0.999
1456300921.0,3baa59d3,1.009
1456300921.0,1fea6f98,0.979
1456300921.0,a4a6b026,0.979
1456300921.0,18a9621c,0.969
1456300921.0,b0f4b28e,0.989
1456300921.0,fdce6bd4,0.979
1456300921.0,e837786a,0.989
1456300921.0,b38a715c,0.969
1456300921.0,3983dfd0,0.959
1456300921.0,6fb61b09,0.979
1456300921.0,774ee61f,1.009
1456300921.0,dd81b39f,0.969
1456300921.0,712e5646,0.989
1456300921.0,e181d5d0,0.979
1456300921.0,691bf1db,0.959
1456300921.0,18547ba1,1.009
1456300921.0,6c001085,0.919
1456300921.0,b8aae107,0.989
1456300921.0,27536df6,1.029
1456300921.0,1c28bcf7,0.999
1456300921.0,59c464b8,0.949
1456300921.0,28c16e42,0.949
1456300921.0,46aaa7b8,0.979
1456300921.0,7f9596ee,1.009
1456300921.0,2ce7ea0e,0.989
1456300921.0,d8b005cb,0.939
1456300921.0,1a3b21e0,0.999
1456300921.0,2703d1c4,0.989
1456300921.0,0b563bcc,0.959
1456300921.0,1cb6edaf,0.939
1456300921.0,4a9b4bb1,1.009
1456300921.0,6643d108,0.969
1456300921.0,d88c2313,0.969
1456300921.0,a715399f,0.979
1456300921.0,bf425f54,0.929
1456300921.0,01859229,0.979
1456300921.0,827fe9cd,0.959
1456300921.0,8ef380b6,0.999
1456300921.0,a0bdc489,0.999
1456300921.0,a2e94245,0.989
1456300921.0,fc0599eb,0.994
1456300921.0,afc58f9d,0.979
1456300921.0,a5cc92b9,0.939
1456300921.0,2dcfdd70,0.979
1456300921.0,094edc06,0.999
1456300921.0,0ed46e0c,0.979
1456300921.0,2a365ba8,0.979
1456300921.0,0fe71322,0.989
1456300921.0,d3a16954,0.979
1456300921.0,48a1c30a,0.959
1456300921.0,23efaa4b,0.949
1456300921.0,93f35a10,0.979
1456300921.0,f59b1222,0.989
1456300921.0,a65d4e81,0.939
1456300921.0,c62b5500,0.989
1456300921.0,104560d9,0.939
1456300921.0,fe69cf27,0.979
1456300921.0,fb1b5fff,0.939
1456300921.0,e50cc55b,0.989
1456300921.0,746391a1,0.979
1456300921.0,1940a489,0.959
1456300921.0,7f3bdc08,0.989
1456300921.0,37bb70be,0.999
1456300921.0,84c3c7a8,0.979
1456300921.0,ba73e19b,0.979
1456300921.0,f6bf784e,0.969
1456300921.0,ec433832,0.939
1456300921.0,4687563d,0.959
1456300921.0,93e9a320,0.989
1456300921.0,895ceaef,0.979
1456300921.0,e2e2bd54,0.979
1456300921.0,086cb9a9,0.949
1456300921.0,4270cadf,1.029
1456300921.0,cc22a735,0.989
1456300921.0,a6631f18,0.969
1456300921.0,d2e90d39,0.959
1456300921.0,9eebc5a7,0.959
1456300921.0,1ef95412,0.949
1456300921.0,649461ec,0.979
1456300921.0,09534857,0.979
1456300921.0,18301e82,0.939
1456300921.0,8ea85961,0.979
1456300921.0,9d64de92,0.969
1456300921.0,04288b0a,1.129
1456300921.0,a2987081,0.999
1456300921.0,5e983c4b,0.969
1456300921.0,523156b3,0.989
1456300921.0,c98acfc1,0.989
1456300921.0,d5b64c05,0.999
1456300921.0,dde85d42,0.979
1456300921.0,52303ab3,0.999
1456300921.0,bedf720e,1.009
1456300921.0,c4ede5e6,0.959
1456300921.0,16ee4d80,1.009
1456300921.0,984a99c0,0.999
1456300921.0,8df7b7e0,0.969
1456300921.0,a645b1ef,1.029
1456300921.0,009091bb,0.979
1456300921.0,b636f504,0.959
1456300921.0,684a7ab7,0.939
1456300921.0,9200bb2c,1.029
1456300921.0,b1342e4a,0.969
1456300921.0,52e3bfc8,0.959
1456300921.0,5c59a043,0.949
1456300921.0,3cef8afc,0.959
1456300921.0,f7f13c47,0.979
1456300921.0,61e52b01,0.959
1456300921.0,30cf0bb4,0.999
1456300921.0,1d853aae,0.999
1456300921.0,f2924e85,0.939
1456300921.0,5aa87776,1.019
1456300921.0,44e030ce,0.999
1456300921.0,c5ba214e,0.999
1456300921.0,86e12f55,0.959
1456300921.0,78daa5b5,0.969
1456300921.0,e89c4d58,0.989
1456300921.0,b713df6a,0.979
1456300921.0,e00ca8bb,0.989
1456300921.0,8e0ce406,0.989
1456300921.0,38d183bf,0.999
1456300921.0,22ed3351,0.959
1456300921.0,12d17fec,0.959
1456300921.0,c5d46ea3,0.999
1456300921.0,59c1c98e,1.039
1456300921.0,0c2f7153,0.989
1456300921.0,461b2a68,0.969
1456300921.0,a042f697,0.989
1456300921.0,abb8ccea,1.019
1456300921.0,a372d56c,0.959
1456300921.0,f98afd49,1.019
1456300921.0,0950d2ac,0.999
1456300921.0,500c6c86,0.949
1456300921.0,fd5c987c,0.989
1456300921.0,5cbce85b,0.969
1456300921.0,dc76a6bb,0.989
1456300921.0,7ee5da0f,0.979
1456300921.0,acd1503e,0.939
1456300921.0,2c882c96,0.989
1456300921.0,379a6719,0.959
1456300921.0,dda65020,0.989
1456300921.0,c0f54c09,0.989
1456300921.0,81665a82,0.939
1456300921.0,eb179375,0.979
1456300921.0,9fca5276,0.969
1456300921.0,a9ba3d99,0.969
1456300921.0,d25a0585,0.999
1456300921.0,8b69a860,0.989
1456300921.0,7f870dfd,0.939
1456300921.0,d7f9f13e,1.019
1456300921.0,09391e15,0.979
1456300921.0,94c64075,0.979
1456300921.0,c2725526,0.989
1456300921.0,0bb28765,0.969
1456300921.0,b0c139bb,1.009
1456300921.0,434de2f2,1.009
1456300921.0,f7ff0975,1.009
1456300921.0,8d86cbc4,0.969
1456300921.0,f51a2c3d,0.989
1456300921.0,6c109510,0.989
1456300921.0,67ac9fc0,0.989
1456300921.0,c846f887,0.949
1456300921.0,dcf18486,1.009
1456300921.0,9cb41098,1.009
1456300921.0,f9e7f183,0.969
1456300921.0,e3a2ddca,0.969
1456300921.0,c7df12d5,0.999
1456300921.0,bd9f0dd9,1.009
1456300921.0,ea850711,0.959
1456300921.0,b8b66437,0.959
1456300921.0,3e71f6ea,0.939
1456300921.0,9940dbfc,0.959
1456300921.0,096893a3,0.979
1456300921.0,0f96b386,0.979
1456300921.0,1365e671,0.969
1456300921.0,e8205f94,0.999
1456300921.0,cd52f1cb,0.999
1456300921.0,9a16227b,1.009
1456300921.0,4b0b0867,0.979
1456301161.0,,0.979
1456301161.0,c58eee91,0.959
1456301161.0,7db0ea2e,0.979
1456301161.0,3d36e33a,0.929
1456301161.0,5ce764c2,0.949
1456301161.0,72c6425d,0.999
1456301161.0,deeb75c9,0.939
1456301161.0,e1320330,0.969
1456301161.0,86700cdc,0.949
1456301161.0,9dd86999,0.959
1456301161.0,38ac63b8,0.979
1456301161.0,6a8c75fd,1.019
1456301161.0,a557a7d1,0.979
1456301161.0,7c556e65,0.979
1456301161.0,9b79f246,0.939
1456301161.0,c2d8e386,0.969
1456301161.0,922129f9,0.979
1456301161.0,e10ccff9,0.969
1456301161.0,f0e00fe9,0.939
1456301161.0,e396466d,0.959
1456301161.0,a39def90,0.979
1456301161.0,4c77ea18,0.979
1456301161.0,72d94c9d,0.999
1456301161.0,bf5b9c36,0.969
1456301161.0,30ac4ee7,0.989
1456301161.0,74eff60f,0.979
1456301161.0,fbe17e11,0.989
1456301161.0,134cefdf,0.959
1456301161.0,0ecdddfa,0.989
1456301161.0,fa482668,0.979
1456301161.0,0e65094f,0.979
1456301161.0,844f1480,0.949
1456301161.0,acda2cab,0.969
1456301161.0,1bfa0edf,0.989
1456301161.0,ab7cf567,0.959
1456301161.0,568f7193,0.959
1456301161.0,82781b7c,0.969
1456301161.0,0b19d5fe,0.979
1456301161.0,a6575e4e,0.969
1456301161.0,ea571d68,0.979
1456301161.0,4281b5d2,0.939
1456301161.0,9a0afbbb,0.979
1456301161.0,c63212af,0.949
1456301161.0,61817e2c,0.969
1456301161.0,b9cf4218,0.959
1456301161.0,b60e1ffb,1.019
1456301161.0,655c57b5,0.989
1456301161.0,587132ed,0.989
1456301161.0,2dc33c12,0.979
1456301161.0,7a80054c,0.989
1456301161.0,461c1a45,0.979
1456301161.0,e31897db,0.979
1456301161.0,3959f076,0.959
1456301161.0,c2cfa7d5,0.959
1456301161.0,5bf4abd4,0.969
1456301161.0,e6aa9001,0.999
1456301161.0,d5843ecf,0.959
1456301161.0,daf5b359,0.959
1456301161.0,86cc51ec,0.979
1456301161.0,68938096,0.939
1456301161.0,f6308e2a,0.989
1456301161.0,68efde5b,0.989
1456301161.0,98860edd,0.949
1456301161.0,1c2d1949,1.009
1456301161.0,577be558,1.009
1456301161.0,,1.024
1456301161.0,2f398586,0.909
1456301161.0,73ed9159,0.919
1456301161.0,4bc4b71f,0.949
1456301161.0,edd33695,0.979
1456301161.0,a300968d,0.999
1456301161.0,3a8770f2,0.939
1456301161.0,dd08505c,1.019
1456301161.0,47396921,0.949
1456301161.0,efa93e18,0.994
1456301161.0,44da8f35,0.949
1456301161.0,dcd7801a,0.939
1456301161.0,8659a4a3,0.949
1456301161.0,629268ea,0.969
1456301161.0,1650abb4,0.979
1456301161.0,60a86cf4,0.999
1456301161.0,1d3c1b45,0.999
1456301161.0,08df9d3b,1.009
1456301161.0,45b5a310,1.049
1456301161.0,431a576a,0.939
1456301161.0,70900101,1.009
1456301161.0,058f886a,0.989
1456301161.0,08506b59,0.969
1456301161.0,e96cd138,0.959
1456301161.0,00bb9689,0.989
1456301161.0,df5fc4c4,0.979
1456301161.0,0dac1cdc,0.969
1456301161.0,d10538bd,0.969
1456301161.0,d596df4f,1.009
1456301161.0,b40d9546,1.009
1456301161.0,c8d87efe,1.019
1456301161.0,018c0b0e,1.029
1456301161.0,93e7b34a,0.999
1456301161.0,05c633c8,1.009
1456301161.0,28c041df,1.009
1456301161.0,e3bd3d52,0.949
1456301161.0,1da01d32,0.999
1456301161.0,39b32a77,0.949
1456301161.0,6b7777cb,0.969
1456301161.0,e1bc26f0,0.999
1456301161.0,71a6b9f3,0.999
1456301161.0,a448f8aa,1.029
1456301161.0,687cd7ef,0.989
1456301161.0,62ebae64,0.989
1456301161.0,92a07257,0.949
1456301161.0,ca2862c6,0.959
1456301161.0,c2cbc81c,1.019
1456301161.0,2b30a775,0.979
1456301161.0,871acdd2,1.009
1456301161.0,7bed69b1,0.949
1456301161.0,c5aaafc3,0.979
1456301161.0,57b4fcab,0.959
1456301161.0,25a36592,0.989
1456301161.0,b9bdc200,0.969
1456301161.0,74e674a6,0.989
1456301161.0,95761004,0.979
1456301161.0,4d7d95fb,0.984
1456301161.0,58419a90,0.999
1456301161.0,d97b6339,0.939
1456301161.0,488e0fcf,0.939
1456301161.0,48abfcff,0.979
1456301161.0,3bb74884,0.969
1456301161.0,689197d2,0.959
1456301161.0,454f4a05,0.949
1456301161.0,504da010,0.989
1456301161.0,6e416e85,0.969
1456301161.0,f8562e1c,0.929
1456301161.0,f1ba09c1,0.989
1456301161.0,8456b87a,0.919
1456301161.0,6d5dfb36,0.929
1456301161.0,9bd2d468,0.969
1456301161.0,7674ea9d,0.979
1456301161.0,67ffc54d,0.959
1456301161.0,5c0d42b0,0.969
1456301161.0,cc9fe40d,0.989
1456301161.0,5762e9a9,0.989
1456301161.0,240e728f,0.919
1456301161.0,65d912cc,0.959
1456301161.0,47fbea4a,0.979
1456301161.0,71437915,1.009
1456301161.0,68f4a74c,0.939
1456301161.0,ab23cef1,0.989
1456301161.0,469cb2ca,0.959
1456301161.0,6bf68abb,0.959
1456301161.0,3b746ea0,0.939
1456301161.0,dbba73c9,0.959
1456301161.0,7694edff,0.949
1456301161.0,c2d5f6c8,0.939
1456301161.0,18bddc12,0.999
1456301161.0,475801e2,0.989
1456301161.0,1fb2da5d,0.949
1456301161.0,ff0bb7ad,0.949
1456301161.0,440673be,0.999
1456301161.0,9dfbd4dd,0.969
1456301161.0,476699aa,0.949
1456301161.0,ce6487d7,0.989
1456301161.0,658cce02,0.979
1456301161.0,36949e64,0.979
1456301161.0,d21f882f,0.959
1456301161.0,e4e801a1,0.939
1456301161.0,7e7694a3,0.969
1456301161.0,ff94ad98,0.999
1456301161.0,eb0ad874,0.949
1456301161.0,5d12f54e,0.959
1456301161.0,0451fc7d,0.979
1456301161.0,2fbedc98,0.939
1456301161.0,a48cec43,0.939
1456301161.0,da84e1ef,0.959
1456301161.0,fc60a1e0,0.989
1456301161.0,ffb71aa8,0.949
1456301161.0,1dc8cdb7,0.949
1456301161.0,0b790115,0.959
1456301161.0,6a9f527e,0.959
1456301161.0,25e13742,0.979
1456301161.0,0a60aaba,0.999
1456301161.0,0a4f03c9,0.989
1456301161.0,5036bf9f,1.009
1456301161.0,5ca22d34,0.979
1456301161.0,c27724b2,0.959
1456301161.0,555992c9,0.959
1456301161.0,ffdd96e7,0.989
1456301161.0,,0.989
1456301161.0,ae5da76e,0.969
1456301161.0,d51ef3f5,0.979
1456301161.0,d2e86e86,0.999
1456301161.0,c38cb4a1,0.979
1456301161.0,e5e2ac35,0.989
1456301161.0,35d8c725,0.989
1456301161.0,a7c128b6,1.009
1456301161.0,e9b4f3f5,0.949
1456301161.0,98e9a25d,0.989
1456301161.0,2214026d,1.009
1456301161.0,79555dbb,0.969
1456301161.0,e55033ae,0.949
1456301161.0,4d19c697,0.929
1456301161.0,6307df0c,0.979
1456301161.0,24e573e4,0.969
1456301161.0,c804ac06,0.959
1456301161.0,a2eb34d1,0.949
1456301161.0,ee5d8408,0.999
1456301161.0,443ddb72,0.989
1456301161.0,b1eee7a8,0.979
1456301161.0,09a0b63a,0.949
1456301161.0,5d132310,0.989
1456301161.0,6d40e0d7,0.949
1456301161.0,555c0035,0.989
1456301161.0,af07b81f,0.959
1456301161.0,0eba39cf,0.989
1456301161.0,a98772fc,0.969
1456301161.0,8716bc8f,0.949
1456301161.0,2229a37a,0.939
1456301161.0,e4b56a05,0.949
1456301161.0,f312c960,1.009
1456301161.0,87c05c40,0.959
1456301161.0,4056a9ce,0.969
1456301161.0,535e45c7,0.959
1456301161.0,4817b47e,0.989
1456301161.0,6bbc54b6,0.999
1456301161.0,e05ee428,0.979
1456301161.0,a4b11e87,0.979
1456301161.0,8051f241,0.969
1456301161.0,d3dc7d8c,0.999
1456301161.0,1df72c53,0.989
1456301161.0,be4e3da5,0.939
1456301161.0,5bc7d850,0.979
1456301161.0,33565053,0.989
1456301161.0,bef29304,0.959
1456301161.0,918e2883,0.949
1456301161.0,119b03dd,0.969
1456301161.0,76176c12,0.959
1456301161.0,322b4a46,0.959
1456301161.0,18547ba1,0.989
1456301161.0,00956a49,0.959
1456301161.0,b3d2e1c5,0.969
1456301161.0,ca4047f3,0.969
1456301161.0,6fb3ea7a,0.949
1456301161.0,b662488a,0.939
1456301161.0,9c708662,0.959
1456301161.0,4d0a22fb,0.979
1456301161.0,11e3d8bb,0.979
1456301161.0,384af07c,0.959
1456301161.0,33d5d488,0.969
1456301161.0,6b72bc31,0.989
1456301161.0,a472716e,0.999
1456301161.0,49925c42,0.959
1456301161.0,bbbd1342,0.969
1456301161.0,5d8dcd1a,0.989
1456301161.0,ab4da979,0.989
1456301161.0,d3c31af6,0.989
1456301161.0,68c15014,0.989
1456301161.0,b42a4f26,0.949
1456301161.0,43ebfdc2,0.999
1456301161.0,6a1fadd6,0.939
1456301161.0,4b53a6b2,1.019
1456301161.0,f14d7030,0.929
1456301161.0,8b5cc87c,0.959
1456301161.0,cfe82c42,0.989
1456301161.0,ea1b9e67,0.959
1456301161.0,6f394c33,0.989
1456301161.0,75151463,0.989
1456301161.0,ab28d306,1.019
1456301161.0,7dfe4528,0.969
1456301161.0,7cdc9523,0.999
1456301161.0,432fc77d,0.989
1456301161.0,1c1b5783,0.989
1456301161.0,95ab5a1d,0.949
1456301161.0,9517b906,0.959
1456301161.0,1b2380b6,0.969
1456301161.0,38b019be,0.999
1456301161.0,725ea57f,0.959
1456301161.0,f7b78f12,0.939
1456301161.0,dd80a4bd,0.989
1456301161.0,3a20cf6c,0.919
1456301161.0,ba78050b,0.999
1456301161.0,7902adc7,0.979
1456301161.0,86672300,0.999
1456301161.0,0ed46e0c,0.949
1456301161.0,d262266d,0.949
1456301161.0,101e2d9b,1.009
1456301161.0,2e047349,0.969
1456301161.0,1947b494,0.959
1456301161.0,7c4a4d03,1.069
1456301161.0,dff89479,0.999
1456301161.0,229bb6b8,0.999
1456301161.0,caa3866b,0.989
1456301161.0,42cc5c79,0.959
1456301161.0,da9d831f,0.959
1456301161.0,1d10714b,1.029
1456301161.0,4261ea14,0.939
1456301161.0,0daf2906,0.959
1456301161.0,5e613253,0.939
1456301161.0,ecf85bf9,0.999
1456301161.0,d1a41417,0.979
1456301161.0,564ef774,0.969
1456301161.0,90a21c47,1.019
1456301161.0,528fe9d2,0.989
1456301161.0,d65cfd6c,1.019
1456301161.0,5a77d43f,0.979
1456301161.0,57e63781,0.959
1456301161.0,c096f63b,0.929
1456301161.0,325d4b8f,0.989
1456301161.0,8b2f9092,0.999
1456301161.0,a2c4c052,0.949
1456301161.0,61a9a23e,0.979
1456301161.0,dfb29247,0.979
1456301161.0,85ae0b90,0.979
1456301161.0,f047579e,0.979
1456301161.0,6577b47a,0.949
1456301161.0,fe2e5d6e,0.979
1456301161.0,4a4627da,0.979
1456301161.0,ec2d78c3,0.969
1456301161.0,ac221dcb,0.959
1456301161.0,536d9ac3,1.049
1456301161.0,990757d8,0.999
1456301161.0,5ec4b70c,0.949
1456301161.0,2a2f76cd,0.959
1456301161.0,3ea4d9dc,0.979
1456301161.0,71424e6c,0.969
1456301161.0,bec87d80,0.979
1456301161.0,7cce432f,0.999
1456301161.0,33a2e297,1.009
1456301161.0,0ee68fe4,0.979
1456301161.0,52303ab3,0.999
1456301161.0,adda6336,1.009
1456301161.0,03325fa4,0.969
1456301161.0,ab499e68,0.949
1456301161.0,14a4c386,0.989
1456301161.0,376c7260,0.999
1456301161.0,77409cad,0.999
1456301161.0,baa96361,1.029
1456301161.0,7edfe29f,0.999
1456301161.0,81f221f2,0.979
1456301161.0,ef6a4535,0.949
1456301161.0,64bc8569,0.979
1456301161.0,3a0cbd9d,1.069
1456301161.0,5dcd5582,0.969
1456301161.0,b0b0be19,0.959
1456301161.0,c5ba214e,0.999
1456301161.0,6587d030,0.979
1456301161.0,e5e737e8,0.989
1456301161.0,c5d7d298,0.979
1456301161.0,a2c0fdb0,1.009
1456301161.0,85bf59ba,0.979
1456301161.0,5fede4f0,0.949
1456301161.0,cfaad8a4,0.989
1456301161.0,d9686f25,0.989
1456301161.0,6d6e84e0,0.919
1456301161.0,44222522,0.979
1456301161.0,0a297a27,0.979
1456301161.0,fa183b24,0.919
1456301161.0,68b79d30,0.959
1456301161.0,7ead535b,0.939
1456301161.0,5a3f99e3,0.939
1456301161.0,7af3790e,0.949
1456301161.0,857545c7,1.009
1456301161.0,cd84a2a9,1.009
1456301161.0,a5d5884d,0.959
1456301161.0,b205cecb,0.969
1456301161.0,1f577d83,0.939
1456301161.0,cef8a5ba,0.959
1456301161.0,00553051,0.959
1456301161.0,6e966a1c,0.999
1456301161.0,a9ec9678,0.949
1456301161.0,2b74716f,0.959
1456301161.0,05946741,0.979
1456301161.0,5a271ac1,0.939
1456301161.0,08654386,0.959
1456301161.0,6dca6f1b,0.999
1456301161.0,66ff2f80,0.989
1456301161.0,74635252,0.969
1456301161.0,27c6fcd5,0.979
1456301161.0,7b8e3478,0.979
1456301161.0,351dd222,0.929
1456301161.0,47a742a7,0.969
1456301161.0,d2c2433a,0.999
1456301161.0,f8453096,0.959
1456301161.0,4827ec0b,0.969
1456301161.0,29b468e1,0.979
1456301161.0,676f4e53,0.949
1456301161.0,e36e5558,0.979
1456301161.0,56878753,0.939
1456301161.0,802fc822,1.049
1456301161.0,47d7ec0a,0.979
1456301161.0,f3a1181b,0.979
1456301161.0,27612978,0.979
1456301161.0,9cd1b58f,0.989
1456301161.0,d639792f,0.979
1456301161.0,a6ea6f37,0.989
1456301161.0,f1a9cf2a,0.949
1456301161.0,f8e5ba22,0.969
1456301161.0,f1200249,0.919
1456301161.0,3363f966,0.999
1456301161.0,0a501873,0.989
1456301161.0,e38fc560,0.989
1456301161.0,60d3d6ee,0.989
1456301161.0,4d5f25c7,0.979
1456301161.0,a5042c9b,0.999
1456301161.0,3f2144a4,0.969
1456301161.0,2e89adbb,0.999
1456301161.0,72ed613b,0.969
1456301161.0,2f5be2f4,1.009
1456301161.0,efe39034,0.979
1456301161.0,fed9f427,0.989
1456301161.0,1f721c24,0.949
1456301161.0,00c593eb,0.919
1456301401.0,8f3027b6,0.979
1456301401.0,16585150,0.959
1456301401.0,56808aa1,0.989
1456301401.0,e9e52190,0.949
1456301401.0,c27a8db0,0.997
1456301401.0,a4006e8d,0.989
1456301401.0,c40488f6,0.983
1456301401.0,f37971ec,0.969
1456301401.0,ad1f45e5,0.959
1456301401.0,909a8e2d,0.929
1456301401.0,fdedca23,0.949
1456301401.0,61ef0e4f,0.929
1456301401.0,6e1fdef4,0.949
1456301401.0,49052290,0.939
1456301401.0,0536c920,0.989
1456301401.0,1e0a9b4e,0.929
1456301401.0,fb0b1dcf,0.979
1456301401.0,82148954,0.929
1456301401.0,9837b0a0,0.979
1456301401.0,d98cee9c,0.949
1456301401.0,f4e60d5a,0.959
1456301401.0,877aae3b,0.929
1456301401.0,a557a7d1,0.969
1456301401.0,0297c11e,0.979
1456301401.0,42821895,0.969
1456301401.0,7bbf0d9c,0.949
1456301401.0,bd167c7d,0.969
1456301401.0,1c8ada9b,0.979
1456301401.0,2cfa82fa,0.989
1456301401.0,1686f694,0.949
1456301401.0,64ac75f0,0.969
1456301401.0,210f8a85,0.989
1456301401.0,a39def90,0.939
1456301401.0,2145d038,0.979
1456301401.0,7e0a33b2,0.989
1456301401.0,4da4802c,0.989
1456301401.0,761fd77f,0.979
1456301401.0,6bfedfb9,1.019
1456301401.0,c6af1c49,0.969
1456301401.0,8730426e,0.979
1456301401.0,50585854,0.969
1456301401.0,1febf6ac,0.989
1456301401.0,410d799f,1.009
1456301401.0,3ccd631d,0.999
1456301401.0,a447b2ea,0.949
1456301401.0,3bb20ba7,0.979
1456301401.0,9694fac5,1.009
1456301401.0,d56a4712,0.979
1456301401.0,5ce9d453,0.939
1456301401.0,384c3465,1.009
1456301401.0,f09b1121,0.939
1456301401.0,995401c6,0.989
1456301401.0,fc127178,0.989
1456301401.0,22e23737,1.009
1456301401.0,8b42f488,0.999
1456301401.0,c63212af,0.929
1456301401.0,dfb2f931,1.099
1456301401.0,33a40844,0.979
1456301401.0,ff574b02,0.979
1456301401.0,b3a02a90,0.949
1456301401.0,2629c35e,1.009
1456301401.0,e1e9b42f,0.979
1456301401.0,d7bb7cbb,0.949
1456301401.0,2a3fa9e1,0.939
1456301401.0,50ef3c42,0.989
1456301401.0,d981d17c,0.989
1456301401.0,493bde6c,0.999
1456301401.0,e055b194,0.969
1456301401.0,8b02d213,0.999
1456301401.0,2aaf451f,0.939
1456301401.0,5ce35089,1.029
1456301401.0,9c49f636,0.959
1456301401.0,2b390ecb,0.979
1456301401.0,7b5e3751,1.009
1456301401.0,4818d4dd,0.979
1456301401.0,9d0cdff7,0.989
1456301401.0,fbd5f329,0.999
1456301401.0,ac3c5f1a,0.999
1456301401.0,eb5d6331,1.019
1456301401.0,a9bfa2fb,0.999
1456301401.0,c0ad4417,0.949
1456301401.0,86cc51ec,0.979
1456301401.0,8804fa13,1.009
1456301401.0,222b778e,0.979
1456301401.0,55a8333b,1.009
1456301401.0,5ef14445,0.989
1456301401.0,6904580a,0.959
1456301401.0,ddce8cd4,0.969
1456301401.0,22455ce3,0.999
1456301401.0,3fdc1762,0.989
1456301401.0,34021125,1.009
1456301401.0,fd3d8f28,0.979
1456301401.0,749a3491,0.949
1456301401.0,fa12ad0f,0.939
1456301401.0,bc467691,0.949
1456301401.0,971ff457,0.949
1456301401.0,c20260d6,0.999
1456301401.0,29f0b62e,0.939
1456301401.0,b787856a,0.989
1456301401.0,85a9ebeb,1.009
1456301401.0,5b7092cb,0.979
1456301401.0,2258db93,0.999
1456301401.0,0f29b89a,0.989
1456301401.0,dd08505c,0.999
1456301401.0,2fe20e60,0.999
1456301401.0,4418fdab,0.949
1456301401.0,08919b22,0.969
1456301401.0,720a51d5,1.019
1456301401.0,,0.979
1456301401.0,c060c224,1.009
1456301401.0,062cca99,0.959
1456301401.0,e8aac149,0.969
1456301401.0,00d41319,0.959
1456301401.0,075322ca,0.969
1456301401.0,6949ed4a,1.019
1456301401.0,492796c0,0.999
1456301401.0,2e1bed62,0.999
1456301401.0,44850052,0.939
1456301401.0,851f334c,0.999
1456301401.0,be95bdc3,0.949
1456301401.0,8a4d8b45,0.979
1456301401.0,9827c099,0.989
1456301401.0,7d9e71ad,0.979
1456301401.0,8eafa47a,0.939
1456301401.0,4838da54,1.019
1456301401.0,84d195a7,0.999
1456301401.0,77bdf3c5,1.029
1456301401.0,0200140f,0.979
1456301401.0,3104967c,0.959
1456301401.0,0cd1139e,0.939
1456301401.0,fbeaeec8,0.989
1456301401.0,fbc6af74,0.969
1456301401.0,e1dc56d2,0.939
1456301401.0,4cb94961,0.999
1456301401.0,8f84a914,0.969
1456301401.0,ef61acd1,1.009
1456301401.0,2c835e88,0.999
1456301401.0,6d37e962,1.019
1456301401.0,35e9dc97,1.019
1456301401.0,acc17656,0.979
1456301401.0,5133ebd5,0.989
1456301401.0,2b7e1a93,0.999
1456301401.0,b0a3504b,0.999
1456301401.0,51ff7488,1.029
1456301401.0,c89e4e5e,1.019
1456301401.0,d821f222,0.989
1456301401.0,ba07cf1e,0.999
1456301401.0,41f0bb18,0.969
1456301401.0,adf7bc54,0.979
1456301401.0,716b6235,1.009
1456301401.0,c0bda7a3,0.989
1456301401.0,c14319fd,0.969
1456301401.0,7d15e55f,0.999
1456301401.0,b8f60770,0.999
1456301401.0,270e05c1,0.979
1456301401.0,d224cc8c,0.959
1456301401.0,0c2b92ac,1.019
1456301401.0,e20c7066,0.999
1456301401.0,e88430a3,0.979
1456301401.0,d8497cfd,0.979
1456301401.0,ce736f1a,0.989
1456301401.0,5ca2e06e,0.939
1456301401.0,8a4f9b54,0.969
1456301401.0,8f922896,0.989
1456301401.0,38c5df1f,0.969
1456301401.0,b24a2efc,1.009
1456301401.0,ebeb4dec,0.989
1456301401.0,de5c5ab4,0.969
1456301401.0,8d590271,0.979
1456301401.0,ca3e36c7,0.989
1456301401.0,6d6ba0fc,0.989
1456301401.0,2bd26467,0.939
1456301401.0,dbee4a44,0.979
1456301401.0,e2feb644,1.009
1456301401.0,79a16c41,1.019
1456301401.0,aaf8d479,0.999
1456301401.0,d5062706,0.969
1456301401.0,a376033a,0.979
1456301401.0,ddefb778,1.009
1456301401.0,b9d2597b,0.999
1456301401.0,0dc5ec60,0.969
1456301401.0,c51b41ba,0.989
1456301401.0,96eb851e,0.989
1456301401.0,43e3c3da,0.989
1456301401.0,4240cb18,0.979
1456301401.0,6be455b0,1.019
1456301401.0,f8c4c5f6,0.979
1456301401.0,b0eedb32,1.009
1456301401.0,0e55eb67,0.969
1456301401.0,62f9d469,0.949
1456301401.0,e975b4d9,0.939
1456301401.0,c3aa0b78,0.969
1456301401.0,fad136e0,0.959
1456301401.0,0cebd045,0.979
1456301401.0,badafb9a,0.969
1456301401.0,38cbcd42,1.019
1456301401.0,d3d96d55,1.009
1456301401.0,e8b13926,0.959
1456301401.0,edf38f90,0.989
1456301401.0,157fcdd4,1.019
1456301401.0,f9b9ebef,0.989
1456301401.0,c89b1391,0.999
1456301401.0,98c12505,0.969
1456301401.0,532a5017,0.949
1456301401.0,68e5bc6e,0.979
1456301401.0,3ae75c74,0.999
1456301401.0,916b15ba,0.979
1456301401.0,034b845e,0.989
1456301401.0,34e3a079,0.979
1456301401.0,a9e7d486,0.989
1456301401.0,d165c2c6,0.999
1456301401.0,bc81a8ae,0.989
1456301401.0,32ba58a5,1.009
1456301401.0,158221e0,0.989
1456301401.0,bc6ea7eb,0.969
1456301401.0,50c1aaef,1.009
1456301401.0,74c9e802,0.979
1456301401.0,ec80fbc7,0.969
1456301401.0,75341878,0.959
1456301401.0,a7a6c781,0.979
1456301401.0,ac4a43b1,0.939
1456301401.0,c7b29cc5,0.999
1456301401.0,9b0e2c1d,0.959
1456301401.0,18b5f856,1.009
1456301401.0,ed69ae34,0.969
1456301401.0,5d5ce6c9,0.999
1456301401.0,6a39da51,1.009
1456301401.0,f625efde,1.029
1456301401.0,4769e054,0.979
1456301401.0,0b2dae68,0.959
1456301401.0,6e62772c,1.009
1456301401.0,ee57ce17,0.989
1456301401.0,9707b24c,0.999
1456301401.0,444273fb,0.989
1456301401.0,430cbb77,0.979
1456301401.0,26613c3a,0.999
1456301401.0,846c2ab2,0.959
1456301401.0,be70fae4,0.959
1456301401.0,9ef0d290,0.999
1456301401.0,e3654860,0.999
1456301401.0,235dd814,0.989
1456301401.0,d152b308,0.989
1456301401.0,b546c000,0.999
1456301401.0,3dbec780,0.949
1456301401.0,936bc3be,0.989
1456301401.0,ec2af182,1.009
1456301401.0,ff485bff,0.989
1456301401.0,18ac93f2,0.959
1456301401.0,100339eb,0.959
1456301401.0,b1eee7a8,0.969
1456301401.0,8e6d4b8d,1.009
1456301401.0,677b887d,1.009
1456301401.0,7c6725e1,0.979
1456301401.0,91e45e6a,0.999
1456301401.0,dd4af19d,1.009
1456301401.0,a9050e49,0.979
1456301401.0,2be7d0b2,0.989
1456301401.0,5ae3e1ca,0.939
1456301401.0,cc85d8a3,0.999
1456301401.0,f96059fa,0.999
1456301401.0,b5940e7d,1.009
1456301401.0,4263f1be,0.999
1456301401.0,17127e8d,0.979
1456301401.0,1cc41339,0.959
1456301401.0,4307435a,0.989
1456301401.0,42ad21c1,0.949
1456301401.0,05fa8b72,0.979
1456301401.0,8551d143,0.999
1456301401.0,f04fe50a,0.989
1456301401.0,5e6b1f04,0.929
1456301401.0,d47660a6,0.949
1456301401.0,202af8f9,0.999
1456301401.0,34226dec,0.989
1456301401.0,481a8ed4,0.939
1456301401.0,813fd6aa,0.989
1456301401.0,3e5ecb79,0.989
1456301401.0,7bd23993,1.019
1456301401.0,6ad0086e,0.989
1456301401.0,,0.989
1456301401.0,c288a0c4,0.959
1456301401.0,1e734ea9,0.979
1456301401.0,5282e595,0.999
1456301401.0,8538f0f5,1.069
1456301401.0,c5d12e92,0.959
1456301401.0,164df318,1.019
1456301401.0,465c84e0,0.979
1456301401.0,9e46459f,0.999
1456301401.0,4dc73eb8,0.989
1456301401.0,c1f62db6,0.999
1456301401.0,784f069a,0.999
1456301401.0,0d0f23bd,0.959
1456301401.0,3219cb04,0.949
1456301401.0,ba2ae41b,1.009
1456301401.0,b63aab01,0.999
1456301401.0,9f01dc28,0.999
1456301401.0,4100c9dd,0.989
1456301401.0,2b9c0c23,0.989
1456301401.0,6bc9c96a,0.899
1456301401.0,4d70ed85,0.989
1456301401.0,6ea74d6f,0.979
1456301401.0,477e21c8,0.989
1456301401.0,ceb2372e,0.989
1456301401.0,5ab833c5,0.989
1456301401.0,aa7bb382,0.949
1456301401.0,fb54832a,0.999
1456301401.0,4110a4d8,0.989
1456301401.0,94d84ba4,0.979
1456301401.0,0e565dc4,0.969
1456301401.0,c33a7e9f,0.989
1456301401.0,ff19a228,0.999
1456301401.0,88ec76d7,0.989
1456301401.0,2ef6b1d5,0.989
1456301401.0,5180eda7,0.999
1456301401.0,38bcb277,0.949
1456301401.0,6f9b604d,1.179
1456301401.0,543855ac,0.999
1456301401.0,72d303e8,0.989
1456301401.0,91b891b8,1.009
1456301401.0,52e70aca,0.979
1456301401.0,e3792bc9,1.019
1456301401.0,087f9ad5,0.939
1456301401.0,53e9b1ac,0.989
1456301401.0,0900dfb0,0.999
1456301401.0,80e8cb89,0.999
1456301401.0,b934f66f,0.969
1456301401.0,d404277d,0.999
1456301401.0,bb4e75d9,0.959
1456301401.0,4067a772,0.989
1456301401.0,c88259dc,0.989
1456301401.0,7d4e7386,0.929
1456301401.0,f9f28f31,0.979
1456301401.0,38b019be,0.999
1456301401.0,c63b0b80,0.939
1456301401.0,39c2a91f,0.939
1456301401.0,987c1347,0.989
1456301401.0,7c91739b,0.999
1456301401.0,f92266c5,0.979
1456301401.0,997db707,0.929
1456301401.0,0bcc45f5,0.989
1456301401.0,17c70718,1.019
1456301401.0,4132ae7c,0.989
1456301401.0,5b35d3e9,0.949
1456301401.0,9f0d800f,0.959
1456301401.0,c97403d4,0.989
1456301401.0,,0.989
1456301401.0,680d2cb8,0.999
1456301401.0,23ffa8c7,0.914
1456301401.0,7a03b89d,0.979
1456301401.0,66e5052b,1.009
1456301401.0,f85e7c2f,0.999
1456301401.0,d02509ed,0.989
1456301401.0,9f652a92,0.989
1456301401.0,87bbe419,0.989
1456301401.0,9f41a7c7,0.999
1456301401.0,93b3dc63,0.969
1456301401.0,b13eb8fa,1.009
1456301401.0,fcb53c89,0.979
1456301401.0,c2b37551,1.009
1456301401.0,b4f10cda,0.969
1456301401.0,70cfddc2,0.989
1456301401.0,f2063592,0.989
1456301401.0,4f7c5e0a,0.999
1456301401.0,6169c430,0.999
1456301401.0,9e8d8571,0.969
1456301401.0,bf0b9827,0.989
1456301401.0,2b508314,0.989
1456301401.0,48f1eeb3,0.979
1456301401.0,f09eccb2,0.939
1456301401.0,287fc858,0.989
1456301401.0,2e77c5e7,0.949
1456301401.0,734b43c2,0.949
1456301401.0,1fa4f36e,0.989
1456301401.0,b1600fca,1.049
1456301401.0,4986d1aa,0.959
1456301401.0,84c3c7a8,0.969
1456301401.0,c12b33f3,1.009
1456301401.0,07aab62d,0.949
1456301401.0,7433201e,0.979
1456301401.0,123a41c8,0.999
1456301401.0,43d54d96,1.019
1456301401.0,43556abc,1.009
1456301401.0,b25c9e2a,0.979
1456301401.0,f7d11bff,0.999
1456301401.0,70a1919d,0.969
1456301401.0,8365b918,0.979
1456301401.0,7b5e0499,0.989
1456301401.0,e1811d4f,0.999
1456301401.0,9004f49d,0.989
1456301401.0,5b2284eb,1.009
1456301401.0,b913c112,1.009
1456301401.0,d0b2a106,0.979
1456301401.0,b414428f,0.999
1456301401.0,4020de03,0.969
1456301401.0,fa4d44ce,0.979
1456301401.0,4270cadf,1.029
1456301401.0,bf80d980,0.989
1456301401.0,c5a3cdcb,0.999
1456301401.0,9bcbbbc7,1.019
1456301401.0,d98fe3f5,0.984
1456301401.0,be5dd10f,0.989
1456301401.0,26be2277,0.949
1456301401.0,f86a4e1f,1.029
1456301401.0,4bbcb4db,0.949
1456301401.0,b2c3faec,0.989
1456301401.0,459e8360,0.979
1456301401.0,18bb0375,1.029
1456301401.0,e42847f6,1.009
1456301401.0,35cf8855,0.989
1456301401.0,5ef62f10,0.999
1456301401.0,85e1584b,0.999
1456301401.0,a0ea8015,0.999
1456301401.0,fd6b00bc,0.939
1456301401.0,ed554144,0.989
1456301401.0,fff23df4,1.019
1456301401.0,93157d05,0.989
1456301401.0,dee2e5fc,0.959
1456301401.0,cbc2f9db,0.979
1456301401.0,a12b880b,0.979
1456301401.0,9d64de92,0.949
1456301401.0,,0.959
1456301401.0,94f34687,0.949
1456301401.0,2965e148,0.949
1456301401.0,0b3074b7,0.979
1456301401.0,d47bc4c5,1.009
1456301401.0,353d2391,1.009
1456301401.0,5e983c4b,0.959
1456301401.0,8dbbf765,0.969
1456301401.0,319cc820,0.989
1456301401.0,c5094307,0.989
1456301401.0,8c299260,0.959
1456301401.0,e0c1778e,0.979
1456301401.0,cfc7df71,0.999
1456301401.0,dc7739ef,0.999
1456301401.0,4ebc6df3,0.969
1456301401.0,89923e95,0.969
1456301401.0,5f6019e0,0.979
1456301401.0,aa0cc0ae,0.959
1456301401.0,86712e60,1.009
1456301401.0,4e694e7a,0.969
1456301401.0,cd749265,0.959
1456301401.0,31de5758,0.989
1456301401.0,a1f3d679,0.989
1456301401.0,1a839c73,0.989
1456301401.0,b5ec285f,0.999
1456301401.0,5921c872,0.959
1456301401.0,35e384e6,0.999
1456301401.0,449f9515,0.989
1456301401.0,2dcd1fcb,1.019
1456301401.0,c38e01fd,0.999
1456301401.0,6204496e,1.009
1456301401.0,2e24ce9f,0.939
1456301401.0,28cedc00,0.999
1456301401.0,c7922998,0.969
1456301401.0,7dc2c962,1.019
1456301401.0,6f4273c4,0.989
1456301401.0,83fa6876,0.989
1456301401.0,2a6a3446,0.949
1456301401.0,294a09dc,1.009
1456301401.0,0022ec87,0.949
1456301401.0,e037a798,1.009
1456301401.0,bf1ede3b,0.979
1456301401.0,8ab03024,0.999
1456301401.0,0ba0dd13,0.969
1456301401.0,26d58413,0.949
1456301401.0,3ab2d959,1.009
1456301401.0,85a8d903,0.969
1456301401.0,0a48df72,0.989
1456301401.0,4adf0991,0.989
1456301401.0,e9fcf416,0.979
1456301401.0,d33e9e56,0.959
1456301401.0,2d7644af,0.939
1456301401.0,6bbab4fd,0.989
1456301401.0,a2140381,1.099
1456301401.0,e3fcda3f,1.009
1456301401.0,1e88c869,0.989
1456301401.0,b20731bb,0.989
1456301401.0,a0fab520,0.999
1456301401.0,792ef841,1.009
1456301401.0,8c5ae0bd,0.949
1456301401.0,a3409eaf,0.989
1456301401.0,0a0baf66,0.989
1456301401.0,b2dce7a0,0.999
1456301401.0,59238304,0.969
1456301401.0,823f1901,0.969
1456301401.0,d428a044,0.959
1456301401.0,aaa58622,1.009
1456301401.0,40dffb00,0.979
1456301401.0,abb8ccea,1.009
1456301401.0,,0.949
1456301401.0,0950d2ac,0.989
1456301401.0,0434e895,1.009
1456301401.0,0e7628ed,0.999
1456301401.0,4951f110,1.019
1456301401.0,624ba629,0.989
1456301401.0,311d43c9,0.999
1456301401.0,f74a068e,1.004
1456301401.0,ca39cb77,0.989
1456301401.0,2bec2986,0.939
1456301401.0,e4c3638f,0.959
1456301401.0,73b03911,0.989
1456301401.0,dc5ff7cf,0.979
1456301401.0,cd860c0f,0.989
1456301401.0,06277f60,0.999
1456301401.0,625146af,0.959
1456301401.0,e074abb1,0.999
1456301401.0,b598078e,0.989
1456301401.0,042d445f,1.119
1456301401.0,1db152f7,0.989
1456301401.0,dea2eca4,0.989
1456301401.0,a373cdfc,0.969
1456301401.0,1b2716b3,0.969
1456301401.0,d6eb1a7f,0.989
1456301401.0,efb9b2b5,0.979
1456301401.0,60983be1,0.979
1456301401.0,c76359a4,0.959
1456301401.0,e526650e,0.959
1456301401.0,02a3ff50,0.929
1456301401.0,b8705ff2,0.959
1456301401.0,1054110c,0.924
1456301401.0,ac7dd410,0.979
1456301401.0,74776924,0.999
1456301401.0,1c504132,0.969
1456301401.0,6d6a4209,0.969
1456301401.0,915f4559,0.979
1456301401.0,078f0784,0.959
1456301401.0,5bb24e91,0.979
1456301401.0,803beab6,0.959
1456301401.0,b53fa888,0.939
1456301401.0,d1bc0e20,0.959
1456301401.0,107d750c,0.969
1456301401.0,7f1371b6,0.969
1456301401.0,f29f6270,0.969
1456301401.0,2d4a2d35,0.979
1456301401.0,ba0b1d1f,0.989
1456301401.0,92eaccdc,0.929
1456301401.0,f1f57418,0.929
1456301401.0,db21940b,0.959
1456301401.0,1fb16863,0.989
1456301401.0,6fb50287,0.989
1456301401.0,25afe900,0.989
1456301401.0,f720cc81,0.969
1456301401.0,0958f3bd,0.959
1456301401.0,939b3a38,0.979
1456301401.0,e567333d,0.969
1456301401.0,f91b7082,0.959
1456301401.0,042407e0,0.979
1456301401.0,8d30c99a,0.979
1456301401.0,94c0e547,0.989
1456301401.0,adc8589f,0.959
1456301401.0,645289b9,0.959
1456301401.0,00faf6a6,0.949
1456301401.0,1edd50b1,0.979
1456301401.0,512f32d1,0.939
1456301401.0,4f91a79a,0.969
1456301401.0,0a0b5f30,0.949
1456301401.0,8bbd302b,0.959
1456301401.0,957e19a6,0.959
1456301401.0,b9d3793b,0.979
1456301401.0,019e00fb,0.919
1456301401.0,164f2a7e,0.929
1456301401.0,524d848c,0.939
1456301401.0,471d5cec,0.979
1456301401.0,09391e15,0.939
1456301401.0,6d8cc159,0.969
1456301401.0,fa7a7823,0.939
1456301401.0,1bce0e67,0.939
1456301401.0,238f3319,0.969
1456301401.0,69a09fed,0.979
1456301401.0,128ef159,0.979
1456301401.0,1700f01a,0.939
1456301401.0,6ee20bbd,0.939
1456301401.0,b6daf677,0.999
1456301401.0,8ec1148e,0.969
1456301401.0,a167f6d7,0.979
1456301401.0,7cc832ba,0.979
1456301401.0,8c9cc6bc,0.929
1456301401.0,8c7add3d,0.949
1456301401.0,,0.959
1456301401.0,27d9a178,0.959
1456301401.0,494f6481,0.939
1456301401.0,add88990,0.989
1456301401.0,c12acf8f,0.939
1456301401.0,2e474264,0.979
1456301401.0,,0.929
1456301401.0,f867d11b,0.979
1456301401.0,fc59259b,1.009
1456301401.0,5076e63c,0.979
1456301401.0,c404557e,0.999
1456301401.0,52734345,0.989
1456301401.0,716fcfe5,0.969
1456301401.0,baff6152,0.999
1456301401.0,364779b4,1.029
1456301401.0,afb0335d,0.989
1456301401.0,7a0f0cd4,0.979
1456301401.0,1377ad59,0.979
1456301401.0,72933f5e,0.959
1456301401.0,75e0a1f1,0.989
1456301401.0,7c0f98f5,0.989
1456301401.0,9a0f8848,0.969
1456301401.0,40fe1f50,0.989
1456301401.0,592095a9,0.939
1456301401.0,6ba68e3c,0.989
1456301401.0,5efe91dc,0.989
1456301401.0,d766ce97,0.979
1456301401.0,829cb453,0.989
1456301401.0,447b405d,0.989
1456301401.0,e54e047f,1.019
1456301401.0,6f55f694,1.009
1456301401.0,f9f836d8,1.009
1456301401.0,59b332e8,0.969
1456301401.0,6f93e9a4,0.989
1456301401.0,3c4e3fea,1.009
1456301401.0,e34047b9,0.989
1456301401.0,c39e2d3d,0.919
1456301401.0,1e17f92c,0.959
1456301401.0,2c3a5362,0.939
1456301401.0,7b4a45e6,0.969
1456301401.0,c042fdd9,0.989
1456301401.0,9a2b7600,0.939
1456301401.0,6c11a054,0.989
1456301401.0,16a70ba2,1.009
1456301401.0,efe39034,0.979
1456301401.0,5b1fabef,0.959
1456301401.0,2dc40154,0.969
1456301401.0,5d2ae7b8,0.969
1456301401.0,d307494f,0.999
1456301401.0,dbdba84f,0.889
1456301401.0,,0.989
1456301401.0,5fab2045,0.999
1456301401.0,873f022b,0.989
1456301401.0,,0.969
1456301401.0,4657a318,0.959
1456301401.0,b299d8d7,0.979
1456301641.0,d3bb35f7,0.989
1456301641.0,2fbb9c5a,0.959
1456301641.0,0aeed7ce,0.959
1456301641.0,0c3d62f5,0.979
1456301641.0,f7d2bcca,0.979
1456301641.0,5f00ab6a,0.969
1456301641.0,5ba0dc8d,0.939
1456301641.0,ef6d9b93,0.999
1456301641.0,2bb71646,0.939
1456301641.0,ac971a48,0.939
1456301641.0,98a85d4f,0.979
1456301641.0,5ff2f593,1.009
1456301641.0,5a22f16c,0.959
1456301641.0,acfc25e6,0.979
1456301641.0,aeba8c59,0.959
1456301641.0,cd7581b6,0.949
1456301641.0,c17b17c8,0.969
1456301641.0,0a8d1b89,0.969
1456301641.0,b22e5b8a,0.949
1456301641.0,3c5b5221,0.969
1456301641.0,d600dfb6,0.979
1456301641.0,6a74be04,0.989
1456301641.0,a4d2bd28,0.959
1456301641.0,667e0f37,0.929
1456301641.0,a9740f4d,0.939
1456301641.0,75c0c33d,0.959
1456301641.0,5236886a,0.959
1456301641.0,b45e9e13,0.969
1456301641.0,8e2183f6,1.009
1456301641.0,c2c059ad,0.989
1456301641.0,c8fac997,0.949
1456301641.0,00206126,0.979
1456301641.0,44ca04a3,0.989
1456301641.0,2d591431,0.949
1456301641.0,74767a2c,0.989
1456301641.0,5f7106c3,0.989
1456301641.0,f09b1121,0.969
1456301641.0,1d57ebaf,0.989
1456301641.0,84705f45,0.999
1456301641.0,58e3ecab,0.989
1456301641.0,bd52c7bf,0.949
1456301641.0,8d7cf3c9,0.999
1456301641.0,,0.959
1456301641.0,302b9338,0.989
1456301641.0,d6e5c3f0,0.969
1456301641.0,ac4f6a54,0.969
1456301641.0,c1772f1e,0.979
1456301641.0,655988e9,0.999
1456301641.0,860d9600,0.969
1456301641.0,112e83a5,0.999
1456301641.0,83cf5969,0.969
1456301641.0,ad0995a1,0.929
1456301641.0,515a767d,0.989
1456301641.0,,0.999
1456301641.0,cfc34477,0.979
1456301641.0,f6703dce,0.999
1456301641.0,03dc24ac,0.959
1456301641.0,76b80c65,0.989
1456301641.0,06f5dad2,1.019
1456301641.0,c7042a91,0.949
1456301641.0,,0.989
1456301641.0,23e9a491,0.989
1456301641.0,0e1fdace,0.969
1456301641.0,dd62114c,0.999
1456301641.0,215c30e8,0.989
1456301641.0,,0.989
1456301641.0,c5cb9d46,0.989
1456301641.0,cf40d91b,0.949
1456301641.0,f044b2d1,1.019
1456301641.0,577be558,0.999
1456301641.0,0622b5eb,0.979
1456301641.0,14013752,1.029
1456301641.0,19413372,0.969
1456301641.0,010520ef,0.949
1456301641.0,c67cc2dd,0.989
1456301641.0,9fad7fea,0.979
1456301641.0,5ae6dfd2,0.999
1456301641.0,a618c589,0.999
1456301641.0,2f231204,0.939
1456301641.0,2861d5a0,0.979
1456301641.0,9795d6a5,0.989
1456301641.0,,0.959
1456301641.0,645f5296,0.939
1456301641.0,10a8c388,0.959
1456301641.0,2cb5ba1b,0.969
1456301641.0,f86a6ea1,0.979
1456301641.0,5a5b83e5,0.989
1456301641.0,89394d4f,0.939
1456301641.0,ea882fb1,0.979
1456301641.0,982ef9d8,0.979
1456301641.0,b5e248eb,0.959
1456301641.0,2bb55c91,0.969
1456301641.0,708936ad,0.949
1456301641.0,af622e10,0.989
1456301641.0,1f7b82e5,0.949
1456301641.0,53a0f4e4,0.959
1456301641.0,e92281f9,0.999
1456301641.0,,0.989
1456301641.0,,0.989
1456301641.0,68a4ad40,0.999
1456301641.0,e448c44d,0.949
1456301641.0,e3667aa9,1.009
1456301641.0,c56a25e8,0.969
1456301641.0,91385da7,1.019
1456301641.0,00bb9689,0.989
1456301641.0,50acf721,0.959
1456301641.0,6568fb81,0.959
1456301641.0,405af975,1.009
1456301641.0,e02c8254,0.999
1456301641.0,292787aa,0.969
1456301641.0,41e7918d,0.999
1456301641.0,615801d6,0.969
1456301641.0,6781fe81,0.979
1456301641.0,d35de923,0.959
1456301641.0,226af5b1,0.979
1456301641.0,9a4d188a,1.009
1456301641.0,89756dbc,0.989
1456301641.0,1bbcc3e6,0.979
1456301641.0,cf68ef20,0.989
1456301641.0,0f173106,0.999
1456301641.0,a02bf729,0.969
1456301641.0,8c76092e,0.949
1456301641.0,a332486b,0.969
1456301641.0,e6c64a05,1.019
1456301641.0,149d33f0,0.949
1456301641.0,3c4c7ab9,0.949
1456301641.0,8c94be49,0.989
1456301641.0,,0.969
1456301641.0,3601c357,0.999
1456301641.0,ce736f1a,0.979
1456301641.0,a6f38b75,0.969
1456301641.0,46078bef,0.959
1456301641.0,5c405f95,0.989
1456301641.0,959e5dd8,0.989
1456301641.0,227099c3,1.019
1456301641.0,a69c9dfa,0.979
1456301641.0,da6cfb62,1.009
1456301641.0,c8216f55,0.949
1456301641.0,5747e8a7,0.999
1456301641.0,c680f14f,0.979
1456301641.0,21c136e4,0.939
1456301641.0,4d691ffa,1.029
1456301641.0,4666786f,0.989
1456301641.0,732a1178,0.989
1456301641.0,86e62d3e,1.039
1456301641.0,6866a590,0.959
1456301641.0,27f821f1,0.977
1456301641.0,344119e7,0.959
1456301641.0,6512b86c,0.999
1456301641.0,ec8e7daa,0.959
1456301641.0,70111ec9,0.969
1456301641.0,fbf6da0b,0.919
1456301641.0,74f3df02,0.979
1456301641.0,661c5630,0.989
1456301641.0,b159aa41,0.999
1456301641.0,db08686c,0.939
1456301641.0,86b711fa,0.999
1456301641.0,b892ab69,0.949
1456301641.0,f084458d,0.969
1456301641.0,17003e91,0.989
1456301641.0,c7e1e757,0.949
1456301641.0,bc38f274,0.969
1456301641.0,f141ff6e,1.009
1456301641.0,6647542f,0.969
1456301641.0,f84d262d,0.959
1456301641.0,,0.969
1456301641.0,9f3e7014,1.019
1456301641.0,1445b4c6,0.989
1456301641.0,a2806a38,0.959
1456301641.0,b2e44198,0.969
1456301641.0,13247f37,0.949
1456301641.0,b0be9751,0.939
1456301641.0,adf56fc9,0.999
1456301641.0,65868958,0.979
1456301641.0,39c4efe0,0.989
1456301641.0,68e5bc6e,0.959
1456301641.0,47fbea4a,0.979
1456301641.0,4c0e3547,0.939
1456301641.0,b511f34b,0.969
1456301641.0,d9132efc,0.999
1456301641.0,de2c9edf,0.939
1456301641.0,6f11a226,0.979
1456301641.0,40a98fc9,0.949
1456301641.0,7dfbe965,0.959
1456301641.0,8b9c037d,0.999
1456301641.0,ccf6a6c3,0.999
1456301641.0,,0.969
1456301641.0,0b0a4614,0.979
1456301641.0,063c7988,0.969
1456301641.0,30007963,0.979
1456301641.0,2df8fc01,0.959
1456301641.0,20156578,0.939
1456301641.0,ec99cf72,0.999
1456301641.0,57b28a51,0.959
1456301641.0,a1403540,0.969
1456301641.0,edb0d416,0.969
1456301641.0,181a93a7,0.939
1456301641.0,fb417046,0.999
1456301641.0,457bd3fb,0.979
1456301641.0,5fade9f9,0.969
1456301641.0,863245a5,0.959
1456301641.0,56b0dc6a,0.989
1456301641.0,3e13dc7c,0.979
1456301641.0,72536881,0.949
1456301641.0,95a26ce2,0.969
1456301641.0,39fe3076,1.009
1456301641.0,e4983efc,0.979
1456301641.0,36531cac,0.939
1456301641.0,fbcad1cd,0.979
1456301641.0,cb086a2d,0.949
1456301641.0,d2d65ef1,0.979
1456301641.0,b8ede601,0.989
1456301641.0,56d1fe2a,0.979
1456301641.0,0d5cad1c,0.949
1456301641.0,54e1e6e2,0.979
1456301641.0,972f9ee7,0.999
1456301641.0,,0.969
1456301641.0,adf8d23a,0.949
1456301641.0,44bf3174,0.969
1456301641.0,d3db6e64,0.989
1456301641.0,f4e35d1f,0.999
1456301641.0,52628b2e,0.979
1456301641.0,,0.989
1456301641.0,346ffe81,0.974
1456301641.0,2d3b0c15,0.969
1456301641.0,14342e98,0.999
1456301641.0,64d3ba48,0.969
1456301641.0,7bc87ccf,1.019
1456301641.0,2adce28c,0.969
1456301641.0,9c5b140c,0.989
1456301641.0,303e6b78,0.999
1456301641.0,8c341265,0.919
1456301641.0,0c4f31d4,0.979
1456301641.0,8d270840,0.969
1456301641.0,1cc41339,0.919
1456301641.0,5d0480fc,1.009
1456301641.0,20dcb5cd,0.979
1456301641.0,a1605c07,0.959
1456301641.0,4d90c00c,0.989
1456301641.0,46691d06,0.989
1456301641.0,bcb00f3f,0.979
1456301641.0,27d7ba56,0.969
1456301641.0,4a2d620a,0.969
1456301641.0,ff138580,0.979
1456301641.0,3baa59d3,1.004
1456301641.0,bd525580,0.989
1456301641.0,61c492dd,0.949
1456301641.0,8e300fb3,0.939
1456301641.0,f37a54f6,0.949
1456301641.0,514a99f3,0.959
1456301641.0,f60a2c42,0.969
1456301641.0,8b20c3e0,0.939
1456301641.0,79eb6d1c,0.949
1456301641.0,6bc88fc7,0.959
1456301641.0,8a128851,1.009
1456301641.0,4a1fb5a4,0.989
1456301641.0,cbc79cc7,0.989
1456301641.0,39bd20ff,0.999
1456301641.0,dae657d5,0.999
1456301641.0,6fb61b09,0.979
1456301641.0,fc062d47,0.949
1456301641.0,bd925387,0.959
1456301641.0,7e7b7769,0.969
1456301641.0,88e14741,1.009
1456301641.0,be03744e,0.979
1456301641.0,57c3f6b1,0.969
1456301641.0,465c84e0,0.929
1456301641.0,bef35d30,0.939
1456301641.0,f7f61bfc,0.989
1456301641.0,b204b97b,1.009
1456301641.0,cedf23e6,0.989
1456301641.0,4d15a2cc,0.959
1456301641.0,af766fc5,0.999
1456301641.0,80ec45da,0.939
1456301641.0,f654bb63,0.989
1456301641.0,49c3be27,0.959
1456301641.0,093ad451,0.989
1456301641.0,2bb65033,0.979
1456301641.0,bc58fcd6,1.019
1456301641.0,68f0ed84,0.949
1456301641.0,4cb2a111,0.979
1456301641.0,6f6329ff,0.969
1456301641.0,ab937a23,0.969
1456301641.0,a10d5095,0.979
1456301641.0,e30164f0,1.039
1456301641.0,d83809d0,0.969
1456301641.0,3b92c6ae,0.949
1456301641.0,d35f6224,1.149
1456301641.0,d319e0cd,1.009
1456301641.0,37a893dc,0.999
1456301641.0,9babce8b,0.969
1456301641.0,c17e5fca,0.929
1456301641.0,afef2724,0.959
1456301641.0,aac612fe,1.009
1456301641.0,b8682312,1.019
1456301641.0,2b7cf924,1.009
1456301641.0,d3faff64,0.989
1456301641.0,91b891b8,0.999
1456301641.0,dc9494a5,0.969
1456301641.0,73816646,0.939
1456301641.0,46950b68,0.969
1456301641.0,4bb3c1ba,0.969
1456301641.0,8f644357,0.969
1456301641.0,fb5125c0,0.949
1456301641.0,ce73fb63,0.959
1456301641.0,858fd8de,0.939
1456301641.0,01859229,0.979
1456301641.0,32669d3d,0.999
1456301641.0,3edff2fe,1.009
1456301641.0,b685aa76,0.959
1456301641.0,27fede19,0.949
1456301641.0,0345dfe7,0.959
1456301641.0,8a0d026c,0.969
1456301641.0,71fc80a1,0.989
1456301641.0,a182ab0c,0.989
1456301641.0,9f4bb5cf,0.989
1456301641.0,27d11827,1.029
1456301641.0,0eef2037,0.969
1456301641.0,8acfd379,0.989
1456301641.0,ef80a9d5,0.979
1456301641.0,b7488969,1.019
1456301641.0,7d6631ad,0.949
1456301641.0,0ea9619d,0.949
1456301641.0,3b609665,0.959
1456301641.0,94686fc0,0.969
1456301641.0,a315fcdc,0.949
1456301641.0,f8627d5e,0.949
1456301641.0,4dd8d911,0.989
1456301641.0,3f20997c,0.989
1456301641.0,48314cda,0.969
1456301641.0,8035b52d,0.949
1456301641.0,,0.989
1456301641.0,7c5bbb7e,1.019
1456301641.0,2a639c5a,0.969
1456301641.0,b14fcca2,0.949
1456301641.0,bf0b9827,0.989
1456301641.0,2323e5c3,0.989
1456301641.0,be572aa5,0.989
1456301641.0,179709d6,1.009
1456301641.0,1858a39e,1.019
1456301641.0,54b31cf8,0.979
1456301641.0,698d5fbc,0.949
1456301641.0,f9e46da5,0.949
1456301641.0,39c2af9c,0.969
1456301641.0,58a914d5,0.989
1456301641.0,92d39932,0.969
1456301641.0,8c81c551,1.009
1456301641.0,1cc4daa8,0.989
1456301641.0,d279ee07,0.969
1456301641.0,f7f90554,0.949
1456301641.0,b1450a7d,0.999
1456301641.0,2f559315,0.949
1456301641.0,c4a3a803,1.009
1456301641.0,a7b1a4ab,0.949
1456301641.0,acd225f7,0.999
1456301641.0,df3a81a4,1.009
1456301641.0,3de6c3ca,0.959
1456301641.0,c0a4aa92,0.989
1456301641.0,536d9ac3,1.029
1456301641.0,371bd3e6,0.989
1456301641.0,ace1257e,0.949
1456301641.0,77906f99,0.959
1456301641.0,b87b1fe6,1.009
1456301641.0,1d63d5a1,0.999
1456301641.0,ff71148f,0.959
1456301641.0,900b80b7,0.989
1456301641.0,bf7d7adb,0.949
1456301641.0,f5774e0e,0.989
1456301641.0,174ab84b,0.959
1456301641.0,161965e7,0.939
1456301641.0,9473c28b,0.989
1456301641.0,40271791,0.979
1456301641.0,0fcd5944,0.939
1456301641.0,cd09a0d6,0.949
1456301641.0,1929517b,0.969
1456301641.0,93656c34,0.999
1456301641.0,,0.959
1456301641.0,92740284,0.949
1456301641.0,392b75a8,0.959
1456301641.0,84839580,1.009
1456301641.0,329fbc05,0.969
1456301641.0,33aa21fa,1.199
1456301641.0,c393d3fc,0.949
1456301641.0,3bed1f31,0.989
1456301641.0,ceda1d43,0.969
1456301641.0,ea5a9904,0.959
1456301641.0,7e7117c5,0.989
1456301641.0,0baaf637,0.979
1456301641.0,504126f8,1.019
1456301641.0,48038048,0.999
1456301641.0,ac5fa96a,0.999
1456301641.0,3be33cb4,0.979
1456301641.0,6279da87,0.949
1456301641.0,422fbafa,0.999
1456301641.0,05b24372,0.979
1456301641.0,5695114d,0.959
1456301641.0,c09f1e3e,0.999
1456301641.0,4d5c23ec,0.999
1456301641.0,9200bb2c,1.009
1456301641.0,b5ec285f,0.999
1456301641.0,4719c036,0.999
1456301641.0,18a2553e,0.969
1456301641.0,e24d8cab,0.969
1456301641.0,f03c398a,0.969
1456301641.0,3a1e42ab,0.949
1456301641.0,243c29de,1.019
1456301641.0,ec2d257d,1.009
1456301641.0,7117e5bf,0.949
1456301641.0,793351ef,0.939
1456301641.0,62f495a7,0.949
1456301641.0,c82dccc8,0.949
1456301641.0,88dd7fc5,0.949
1456301641.0,c257e761,0.989
1456301641.0,978bcc85,0.959
1456301641.0,6232cf12,0.979
1456301641.0,568d33c2,1.019
1456301641.0,eee03f6b,0.989
1456301641.0,196134a5,0.959
1456301641.0,6cf9c77a,0.969
1456301641.0,5aa87776,0.999
1456301641.0,e4b1c6fb,0.989
1456301641.0,474644ad,0.989
1456301641.0,72e91f24,0.979
1456301641.0,7ba3471a,0.959
1456301641.0,2a8a850f,0.979
1456301641.0,e2e13a04,0.969
1456301641.0,dacc3a3f,0.979
1456301641.0,a46de094,0.949
1456301641.0,1b5356f1,0.989
1456301641.0,1443c8f6,0.989
1456301641.0,baaf8b05,1.009
1456301641.0,c4348493,1.009
1456301641.0,077aee0e,0.959
1456301641.0,d3549133,0.969
1456301641.0,066bec3d,0.959
1456301641.0,e3fcda3f,0.999
1456301641.0,e17ef357,0.939
1456301641.0,62994203,0.979
1456301641.0,481c090b,0.969
1456301641.0,59c1c98e,1.029
1456301641.0,3f290ee2,0.919
1456301641.0,fe8f8bee,0.939
1456301641.0,7ead535b,0.939
1456301641.0,a76bbf53,1.009
1456301641.0,2a753e23,0.959
1456301641.0,26d49c51,0.969
1456301641.0,538edcf9,0.949
1456301641.0,635564fa,0.989
1456301641.0,974d725c,0.999
1456301641.0,7d9700c4,0.979
1456301641.0,5037ab0b,0.959
1456301641.0,ea255676,1.009
1456301641.0,304a6497,0.999
1456301641.0,,0.989
1456301641.0,24398b7a,0.979
1456301641.0,8b18bb85,0.979
1456301641.0,6e781ba8,0.989
1456301641.0,2cf8ea35,0.959
1456301641.0,c92ed685,0.989
1456301641.0,4768200e,0.979
1456301641.0,4bb19235,0.979
1456301641.0,4046b6ba,0.979
1456301641.0,e305ccae,0.959
1456301641.0,bd3ee18d,0.959
1456301641.0,64ce1a2a,1.009
1456301641.0,196b11c0,1.009
1456301641.0,fdd8eb18,0.969
1456301641.0,a40d87a2,0.919
1456301641.0,136c3dcd,0.949
1456301641.0,cadf0fec,0.969
1456301641.0,d43af2d2,0.959
1456301641.0,41fc3133,0.949
1456301641.0,18db456a,1.019
1456301641.0,6fbc265f,0.989
1456301641.0,e173589c,0.969
1456301641.0,3a3fc6fd,0.939
1456301641.0,dadcaa77,0.989
1456301641.0,91211c7b,0.989
1456301641.0,cc232225,0.969
1456301641.0,ffeb88c9,1.019
1456301641.0,3734af20,0.949
1456301641.0,2b890110,0.949
1456301641.0,26664969,0.989
1456301641.0,512f32d1,0.939
1456301641.0,87298a04,0.989
1456301641.0,74b98eac,0.969
1456301641.0,5a80a293,0.989
1456301641.0,1d4a06c1,0.999
1456301641.0,3d6503e3,0.999
1456301641.0,2ebe0a5d,0.989
1456301641.0,2a2b022b,1.009
1456301641.0,467ac0ec,0.979
1456301641.0,1636f44a,0.969
1456301641.0,75c71a8b,0.969
1456301641.0,776d441b,0.979
1456301641.0,e2a5f261,0.989
1456301641.0,e4ff2e3f,0.989
1456301641.0,8de01e99,1.009
1456301641.0,72933f5e,0.949
1456301641.0,ecaf9af2,1.009
1456301641.0,7c85d6ed,0.999
1456301641.0,50e4f2c0,0.999
1456301641.0,b136a71d,0.949
1456301641.0,034d1d51,0.939
1456301641.0,83a3b810,0.989
1456301641.0,9a0f8848,0.939
1456301641.0,974e4706,0.959
1456301641.0,a5fbf851,0.959
1456301641.0,c2e9c850,0.949
1456301641.0,a60237e8,1.009
1456301641.0,617ff48b,0.979
1456301641.0,503c695b,0.959
1456301641.0,823e96f7,0.979
1456301641.0,ef21b674,0.989
1456301641.0,56006177,1.039
1456301641.0,b76902b4,0.969
1456301641.0,e544e8dc,1.039
1456301641.0,9b50c0c7,0.959
1456301641.0,a9864022,0.969
1456301641.0,0da9043c,1.019
1456301641.0,eae89db3,1.029
1456301641.0,4d5330ca,1.009
1456301641.0,f22ce4a2,1.009
1456301641.0,0bae1b96,0.959
1456301641.0,747529c4,0.949
1456301641.0,82b0380b,0.959
1456301641.0,41453b7f,0.989
1456301641.0,08aa7fc0,0.969
1456301641.0,7a78b9d0,0.949
1456301641.0,ea6d4e44,1.019
1456301641.0,4d5d9361,0.989
1456301641.0,6b4ba54d,0.969
1456301641.0,b927af62,1.009
1456301641.0,85dcde4e,0.979
1456301641.0,4f807f9a,0.989
1456301641.0,32806aee,1.019
1456301641.0,68bdb4cb,0.989
1456301641.0,be7b9424,1.019
1456301641.0,d667f2fb,0.949
1456301641.0,08f59b41,0.969
1456301641.0,f8289047,0.999
1456301641.0,7ad9dcdf,0.999
1456301641.0,3fa012b6,1.019
1456301641.0,afed3ef4,0.939
1456301641.0,0b152e4a,1.019
1456301881.0,935f7120,0.949
1456301881.0,c27a8db0,0.967
1456301881.0,ae0b5a92,0.979
1456301881.0,c3b95d3f,0.959
1456301881.0,600b45e8,0.959
1456301881.0,dc82bdd6,0.959
1456301881.0,1de27695,0.999
1456301881.0,e8ce1950,0.979
1456301881.0,f72fa144,0.989
1456301881.0,5cf99b9e,0.949
1456301881.0,d66e3405,0.999
1456301881.0,9e687000,0.969
1456301881.0,e9776f5d,0.969
1456301881.0,caff03c9,0.919
1456301881.0,7d989a39,0.979
1456301881.0,a75efbf5,0.969
1456301881.0,6e7d1516,0.989
1456301881.0,460c6eb9,0.959
1456301881.0,5b042101,0.979
1456301881.0,6894d9e7,0.979
1456301881.0,6ac0d50f,0.979
1456301881.0,ba9a540e,0.969
1456301881.0,054eaec2,0.989
1456301881.0,7fcb9629,0.969
1456301881.0,f15b5390,0.969
1456301881.0,0ed0bca9,0.999
1456301881.0,3f2ba968,0.979
1456301881.0,09bc3f2e,0.999
1456301881.0,15c2c195,0.989
1456301881.0,19a4dc27,0.969
1456301881.0,6fb67f4c,0.969
1456301881.0,cfe72b95,0.979
1456301881.0,c62a443d,0.989
1456301881.0,d9de1886,0.959
1456301881.0,2410740f,0.969
1456301881.0,deb8505f,1.009
1456301881.0,7d2e5c20,0.989
1456301881.0,1e9c1caa,0.979
1456301881.0,5f3ccc40,0.989
1456301881.0,228b1c39,0.969
1456301881.0,eb058e2c,0.959
1456301881.0,d6f2eeec,0.959
1456301881.0,963a5d2e,0.989
1456301881.0,3c01d155,0.969
1456301881.0,0e6ac101,0.979
1456301881.0,2498b287,0.989
1456301881.0,a14af66a,0.979
1456301881.0,69c4db90,1.009
1456301881.0,e1836722,0.939
1456301881.0,8aefbe17,1.009
1456301881.0,a9d61346,0.969
1456301881.0,a38344c9,0.959
1456301881.0,dc8781a2,0.999
1456301881.0,3fc9a04c,0.949
1456301881.0,fc3fcf48,0.989
1456301881.0,924bf88b,0.929
1456301881.0,832073a2,0.989
1456301881.0,,0.969
1456301881.0,7ef38273,0.969
1456301881.0,a2a310e7,0.959
1456301881.0,41618289,1.019
1456301881.0,0722a606,0.999
1456301881.0,09f71d7c,0.959
1456301881.0,b5028985,0.989
1456301881.0,bc235ee2,0.969
1456301881.0,e43cd622,1.009
1456301881.0,e8c3f262,0.999
1456301881.0,3d3db611,0.999
1456301881.0,14af1303,0.999
1456301881.0,510c3f58,0.989
1456301881.0,37427601,0.959
1456301881.0,c1db295a,0.979
1456301881.0,4146a204,1.009
1456301881.0,e541a3b3,0.999
1456301881.0,9f4abaf3,0.969
1456301881.0,9795d6a5,0.979
1456301881.0,9baa546c,0.989
1456301881.0,47396921,0.939
1456301881.0,ce5f4f85,0.969
1456301881.0,88034757,0.949
1456301881.0,711d036b,0.979
1456301881.0,6362d058,0.999
1456301881.0,84b346b1,0.989
1456301881.0,35dcdb61,0.989
1456301881.0,dd154694,0.959
1456301881.0,45edf39e,0.949
1456301881.0,e41a3569,0.939
1456301881.0,fa92cd9b,0.989
1456301881.0,9a1a2584,0.959
1456301881.0,108a3669,0.999
1456301881.0,980d97ef,0.979
1456301881.0,20772809,1.149
1456301881.0,a1b6608c,1.009
1456301881.0,0f2f9c5f,0.979
1456301881.0,c065b81d,0.974
1456301881.0,a10531f9,0.959
1456301881.0,688487a8,0.969
1456301881.0,06857c62,0.979
1456301881.0,adb0e3b5,0.979
1456301881.0,75e4d61f,0.999
1456301881.0,47fd3799,0.959
1456301881.0,deadb46b,1.009
1456301881.0,03d07967,0.969
1456301881.0,174df2ec,1.019
1456301881.0,4fee3e6d,0.999
1456301881.0,e878527c,0.979
1456301881.0,33336ca6,0.979
1456301881.0,89d43501,0.979
1456301881.0,7f79215f,0.979
1456301881.0,948a8512,1.009
1456301881.0,1d223722,1.039
1456301881.0,81342b13,0.969
1456301881.0,0f76854a,0.959
1456301881.0,eaa98c1c,0.999
1456301881.0,8eef6c32,0.989
1456301881.0,5e363c03,0.979
1456301881.0,67830b76,0.979
1456301881.0,ad338ffc,1.009
1456301881.0,6dd14a95,0.949
1456301881.0,08f6024d,1.009
1456301881.0,0b46b912,0.949
1456301881.0,012d8a4c,0.979
1456301881.0,3796fed2,1.009
1456301881.0,059e6005,1.019
1456301881.0,f4e77bcd,0.989
1456301881.0,f12b117d,0.979
1456301881.0,7f8ae480,1.089
1456301881.0,0d9f89b8,0.989
1456301881.0,ae9b302a,0.959
1456301881.0,a5f231ee,1.019
1456301881.0,df34af64,0.959
1456301881.0,e3b8e203,0.949
1456301881.0,553fb461,0.999
1456301881.0,b615461b,0.949
1456301881.0,d15de565,0.999
1456301881.0,9a88a460,0.939
1456301881.0,e3f71be8,0.999
1456301881.0,c35a371d,0.949
1456301881.0,3601c357,0.999
1456301881.0,e4e9e0bc,0.999
1456301881.0,403a1c86,0.959
1456301881.0,d04dc22d,0.999
1456301881.0,9b1f0c3c,0.989
1456301881.0,f813fdc9,0.939
1456301881.0,e1e7fd9f,0.949
1456301881.0,64da7e72,0.999
1456301881.0,c862713a,0.959
1456301881.0,b85957cd,0.949
1456301881.0,5455a5f8,0.959
1456301881.0,b7dc9356,0.979
1456301881.0,b6553c9c,1.009
1456301881.0,3b59a143,0.999
1456301881.0,3c1f03c0,0.969
1456301881.0,e8716217,0.969
1456301881.0,,0.969
1456301881.0,d1207062,1.009
1456301881.0,b5f637aa,0.999
1456301881.0,1c370637,0.989
1456301881.0,ba636b7b,1.009
1456301881.0,575d8182,0.959
1456301881.0,3985622e,0.969
1456301881.0,055e54a6,1.019
1456301881.0,8ab710a0,0.969
1456301881.0,63796bb7,0.969
1456301881.0,03719a0b,0.999
1456301881.0,7964974d,0.969
1456301881.0,,0.969
1456301881.0,5f59e3c7,0.979
1456301881.0,dd2ff1a4,0.999
1456301881.0,f6e51b33,1.009
1456301881.0,3fe74e61,0.989
1456301881.0,14b98d5e,0.949
1456301881.0,2da54b83,0.959
1456301881.0,67fb9f82,0.999
1456301881.0,73b32664,0.979
1456301881.0,7800fa83,0.949
1456301881.0,72f7edea,0.989
1456301881.0,557f7d87,0.959
1456301881.0,67c6aa2e,0.919
1456301881.0,bce1fe2d,0.939
1456301881.0,d921f4ce,0.959
1456301881.0,cc3dc9ec,0.949
1456301881.0,e6b01768,0.979
1456301881.0,3dfd3678,0.949
1456301881.0,59698c83,0.989
1456301881.0,1bdb889f,0.929
1456301881.0,0ae0fa71,0.989
1456301881.0,f1ad771b,0.939
1456301881.0,52aedb7d,0.919
1456301881.0,f19a2bc5,0.949
1456301881.0,f8bbef60,0.949
1456301881.0,6e407997,0.919
1456301881.0,4141a0aa,0.929
1456301881.0,8c39bac2,0.969
1456301881.0,0b4a5e48,0.959
1456301881.0,2207feed,0.949
1456301881.0,a4087b5f,0.939
1456301881.0,807e06c1,0.919
1456301881.0,da53e9ba,0.949
1456301881.0,050b15b6,0.979
1456301881.0,ad269c98,0.989
1456301881.0,78562f9b,0.959
1456301881.0,c52d9727,0.999
1456301881.0,dc2d8878,0.979
1456301881.0,7636eabf,0.959
1456301881.0,6ac179bc,0.939
1456301881.0,5dea9761,0.969
1456301881.0,68477221,0.929
1456301881.0,b4a263f0,0.979
1456301881.0,dbc1bba3,0.949
1456301881.0,27b7f65f,0.969
1456301881.0,5b0a88cf,0.989
1456301881.0,5001b72b,0.969
1456301881.0,fc9e9a16,0.989
1456301881.0,89a0ee54,0.949
1456301881.0,d6aad50a,0.989
1456301881.0,6c60b697,0.949
1456301881.0,a5d6f2dd,0.929
1456301881.0,81d8b241,0.989
1456301881.0,0b790115,0.949
1456301881.0,131b8ba4,0.989
1456301881.0,0c514e6f,0.959
1456301881.0,e85e990b,0.929
1456301881.0,8eaac040,0.979
1456301881.0,8e306a91,0.959
1456301881.0,60429413,0.959
1456301881.0,4e998f6d,0.979
1456301881.0,dbad6afc,0.939
1456301881.0,03f96d6c,1.009
1456301881.0,55739310,0.979
1456301881.0,fb17adac,1.009
1456301881.0,27d37db7,0.999
1456301881.0,4119ba76,0.969
1456301881.0,5486cb1a,1.009
1456301881.0,58d78a43,0.949
1456301881.0,919c9e96,0.999
1456301881.0,21ab2968,1.009
1456301881.0,a06397bf,0.989
1456301881.0,077be4df,0.979
1456301881.0,57881875,0.979
1456301881.0,1b9c9285,0.989
1456301881.0,3781a133,0.969
1456301881.0,35b3e2a2,0.979
1456301881.0,7e16c19d,1.039
1456301881.0,2864a863,0.979
1456301881.0,8aa5540e,1.029
1456301881.0,4c1f6a89,0.979
1456301881.0,369db971,0.949
1456301881.0,6b388a21,1.009
1456301881.0,dcf12c2f,0.969
1456301881.0,977ac60e,0.969
1456301881.0,028b67f7,0.939
1456301881.0,1c79df7a,0.949
1456301881.0,f80439bc,0.989
1456301881.0,9121921b,0.989
1456301881.0,c2648ee3,0.969
1456301881.0,b721ae36,0.959
1456301881.0,8f7c069a,0.979
1456301881.0,6dda6f67,0.999
1456301881.0,271f6d48,0.979
1456301881.0,f529efe8,0.969
1456301881.0,,0.959
1456301881.0,7e83311b,0.949
1456301881.0,e87a6fdb,0.989
1456301881.0,4432f96b,1.009
1456301881.0,586ea323,0.959
1456301881.0,b4a9375f,0.949
1456301881.0,6eaed040,0.969
1456301881.0,c7e28f54,0.979
1456301881.0,49644a9b,1.009
1456301881.0,fc1fc595,0.989
1456301881.0,0aad0d01,0.969
1456301881.0,c8dc6d04,0.949
1456301881.0,10d64a25,0.999
1456301881.0,028572b1,0.969
1456301881.0,0f574058,1.009
1456301881.0,3c83ccc5,0.959
1456301881.0,,0.969
1456301881.0,100b6cf2,0.979
1456301881.0,f8874753,0.999
1456301881.0,a8338c14,0.959
1456301881.0,83b18a20,0.979
1456301881.0,b9456e15,0.979
1456301881.0,8587a0a7,0.949
1456301881.0,54c2232b,1.029
1456301881.0,f5a51e57,0.969
1456301881.0,456165e6,0.949
1456301881.0,0e7a54cf,0.979
1456301881.0,b683841e,0.989
1456301881.0,c4c8b56b,0.999
1456301881.0,fc51c26e,0.989
1456301881.0,fcbae89e,0.969
1456301881.0,4a902369,-0.001
1456301881.0,faf03f8f,0.979
1456301881.0,3c90b73b,0.999
1456301881.0,f63ac751,0.979
1456301881.0,80e3422f,0.969
1456301881.0,f32894b0,0.929
1456301881.0,9db8f5e1,0.939
1456301881.0,76e0688e,0.989
1456301881.0,c713cfc0,1.009
1456301881.0,1037129e,0.994
1456301881.0,11bd050d,0.989
1456301881.0,afa80a02,1.009
1456301881.0,43206580,0.989
1456301881.0,d7130fed,0.909
1456301881.0,83e564c6,1.019
1456301881.0,151efb9f,0.959
1456301881.0,a2312d54,0.999
1456301881.0,25d0b512,1.009
1456301881.0,1db779ce,0.949
1456301881.0,21358755,0.989
1456301881.0,4baeb9d6,0.999
1456301881.0,25a832ea,0.949
1456301881.0,f7f4f1c0,0.979
1456301881.0,5c70351c,0.969
1456301881.0,4c0bd4b5,0.979
1456301881.0,19afbee8,0.949
1456301881.0,2b3ab72c,0.999
1456301881.0,3ad4d1ba,0.999
1456301881.0,6321db63,0.969
1456301881.0,d24c8b74,0.969
1456301881.0,7cf7e16b,0.989
1456301881.0,8a3aa486,0.999
1456301881.0,9272dad9,1.009
1456301881.0,6c0bfd68,0.999
1456301881.0,a83e3faa,0.999
1456301881.0,62e0bf83,1.049
1456301881.0,4a451b1d,0.989
1456301881.0,09982da6,0.999
1456301881.0,0b563bcc,0.959
1456301881.0,1f52483c,0.999
1456301881.0,15afd395,0.959
1456301881.0,86ef5966,1.009
1456301881.0,59d4a720,0.969
1456301881.0,e576fe06,0.989
1456301881.0,d78a5a29,0.959
1456301881.0,9f51dbf4,0.959
1456301881.0,b806e359,0.939
1456301881.0,990f2a08,0.979
1456301881.0,68480e7b,1.009
1456301881.0,0463664c,0.979
1456301881.0,97f194f9,0.979
1456301881.0,75ed1160,1.009
1456301881.0,ccecf336,0.949
1456301881.0,2c5f3e59,0.939
1456301881.0,efb43212,0.989
1456301881.0,a0bdc489,0.979
1456301881.0,9c59b375,0.999
1456301881.0,80e97677,0.999
1456301881.0,5aeee11f,0.969
1456301881.0,293f7598,0.999
1456301881.0,2d4ea0c1,0.949
1456301881.0,31b11e9e,1.019
1456301881.0,8f5cffb0,1.009
1456301881.0,b9c86ec7,0.989
1456301881.0,a0bca24c,0.979
1456301881.0,11ed7bd3,0.989
1456301881.0,48a1c30a,0.949
1456301881.0,fecd7c64,0.979
1456301881.0,022de539,0.989
1456301881.0,4773dbd2,0.959
1456301881.0,aa46c43b,0.949
1456301881.0,f6b0098f,0.959
1456301881.0,59635b5d,0.989
1456301881.0,0c3d5570,0.969
1456301881.0,ed5d3dbd,0.989
1456301881.0,058212e2,0.989
1456301881.0,06585eed,0.969
1456301881.0,f4299aa3,1.009
1456301881.0,33d0d5fb,0.959
1456301881.0,,0.989
1456301881.0,d4602afc,0.959
1456301881.0,2cf175a8,0.989
1456301881.0,ee9b9dc5,0.989
1456301881.0,4c7d1e42,0.989
1456301881.0,78ed45ec,0.939
1456301881.0,c7804480,1.049
1456301881.0,7f05643c,0.989
1456301881.0,ab2a652e,0.979
1456301881.0,6bbf6dea,0.969
1456301881.0,b3701dfd,0.949
1456301881.0,524ca315,0.989
1456301881.0,0496cd5a,0.979
1456301881.0,4a78586a,0.979
1456301881.0,9da3a4c0,0.999
1456301881.0,4e905f58,0.999
1456301881.0,0ec71297,0.969
1456301881.0,f6ac0e85,1.009
1456301881.0,895ceaef,0.959
1456301881.0,cfeaab1a,0.979
1456301881.0,70879f72,0.999
1456301881.0,0b7da931,0.969
1456301881.0,82319435,0.979
1456301881.0,bdc7131f,0.979
1456301881.0,be5dd10f,0.989
1456301881.0,812f5a36,0.969
1456301881.0,264508a9,0.969
1456301881.0,a7987242,0.979
1456301881.0,9eebc5a7,0.949
1456301881.0,bdc12d8e,0.959
1456301881.0,5c94a7d8,0.969
1456301881.0,8977f83b,0.969
1456301881.0,e0fed588,0.959
1456301881.0,adfff05a,0.979
1456301881.0,990757d8,0.959
1456301881.0,174ab84b,0.949
1456301881.0,d325d8aa,0.959
1456301881.0,a0ea8015,0.989
1456301881.0,a3813b89,0.969
1456301881.0,409b2b7e,0.999
1456301881.0,8ce1b5f8,0.989
1456301881.0,fa3092ba,1.019
1456301881.0,67b32df0,0.999
1456301881.0,60da834f,0.939
1456301881.0,8b4986e3,0.969
1456301881.0,bfadc236,1.029
1456301881.0,7e63be59,0.999
1456301881.0,2f70ad86,0.999
1456301881.0,a5998664,0.989
1456301881.0,27e302bc,0.999
1456301881.0,cfc7df71,0.989
1456301881.0,39040b75,0.999
1456301881.0,ee2e8a1d,0.999
1456301881.0,2e1573c2,0.979
1456301881.0,b650cdbb,0.989
1456301881.0,883f2551,0.969
1456301881.0,e6d83666,0.979
1456301881.0,bd227bfb,1.009
1456301881.0,3b4197b0,0.979
1456301881.0,708c9a0d,0.999
1456301881.0,4ebc6df3,0.959
1456301881.0,d73f9554,0.979
1456301881.0,25a4e3ad,0.999
1456301881.0,d361902b,0.979
1456301881.0,7906e124,0.939
1456301881.0,79d27478,0.969
1456301881.0,bbf6435f,0.969
1456301881.0,317cd4e0,0.949
1456301881.0,53da2dce,1.019
1456301881.0,d2ffce1f,0.969
1456301881.0,034c5ff6,0.959
1456301881.0,e340b28d,0.989
1456301881.0,dca8997b,0.989
1456301881.0,d0e23872,0.999
1456301881.0,6db00370,1.009
1456301881.0,350b5605,0.969
1456301881.0,593279ef,0.989
1456301881.0,aa50fdab,0.979
1456301881.0,30389cde,0.969
1456301881.0,33caf979,0.989
1456301881.0,c8d4613a,0.949
1456301881.0,207db76e,1.009
1456301881.0,,1.019
1456301881.0,e3f9ebe0,0.969
1456301881.0,6cf9c77a,0.969
1456301881.0,18bd42e9,0.989
1456301881.0,6b867ae3,0.949
1456301881.0,c3bfe078,1.009
1456301881.0,e4b1c6fb,0.979
1456301881.0,22271941,0.949
1456301881.0,6d10b873,0.989
1456301881.0,,1.019
1456301881.0,539e7513,0.939
1456301881.0,e2cc6025,0.979
1456301881.0,86e12f55,0.939
1456301881.0,2a5e6e74,0.999
1456301881.0,12b36b1c,0.979
1456301881.0,da75620f,0.989
1456301881.0,5741a508,0.949
1456301881.0,8e0ce406,0.979
1456301881.0,be946965,0.929
1456301881.0,d3549133,0.969
1456301881.0,8c6f1d05,0.989
1456301881.0,c793eda5,0.964
1456301881.0,0f0331a5,0.949
1456301881.0,194f69ab,0.929
1456301881.0,14da1401,0.989
1456301881.0,0f200738,0.999
1456301881.0,3463f37f,0.969
1456301881.0,95924e15,0.969
1456301881.0,6ff38393,0.989
1456301881.0,e5ccd3f7,0.979
1456301881.0,9755b499,0.999
1456301881.0,eaaeb33a,0.989
1456301881.0,d983a1c7,0.929
1456301881.0,fd5c987c,0.979
1456301881.0,8b66ac81,0.959
1456301881.0,eaff9064,0.949
1456301881.0,4951f110,0.999
1456301881.0,c92ed685,0.989
1456301881.0,bcc28a0d,0.929
1456301881.0,8e5758d4,0.969
1456301881.0,3ce106d3,0.989
1456301881.0,c93210c8,0.999
1456301881.0,57967011,0.949
1456301881.0,df7edd4e,0.989
1456301881.0,82f3cd04,0.949
1456301881.0,dddc0e70,0.949
1456301881.0,94b48398,0.989
1456301881.0,37f5ab7c,0.999
1456301881.0,3b38e104,0.979
1456301881.0,d497f4b5,0.959
1456301881.0,aed2f04c,0.989
1456301881.0,4f650c42,1.019
1456301881.0,3429a55d,0.989
1456301881.0,10f309c6,0.989
1456301881.0,24b936ef,0.959
1456301881.0,64171ce8,0.949
1456301881.0,97ca12f9,0.989
1456301881.0,210e50b8,0.979
1456301881.0,2b987960,0.979
1456301881.0,961fadac,0.989
1456301881.0,74776924,0.949
1456301881.0,7d967629,0.959
1456301881.0,0a2b6f09,0.939
1456301881.0,4d4b1ca0,0.959
1456301881.0,cb71673a,0.989
1456301881.0,1fb16863,0.989
1456301881.0,0958f3bd,0.959
1456301881.0,13f4ef46,0.909
1456301881.0,cc3eddf4,0.979
1456301881.0,512f32d1,0.939
1456301881.0,8bbd302b,0.949
1456301881.0,fc85b951,0.999
1456301881.0,fb7ac0c9,1.019
1456301881.0,524d848c,0.939
1456301881.0,8ff83879,0.939
1456301881.0,fdcc2a55,0.979
1456301881.0,0d5cb1e5,0.979
1456301881.0,b6daf677,0.989
1456301881.0,677b8f35,0.919
1456301881.0,1cedaf70,0.969
1456301881.0,e2de0df7,0.949
1456301881.0,09d54524,0.969
1456301881.0,dd3f23e4,0.977
1456301881.0,217404b2,0.969
1456301881.0,e8775be0,0.969
1456301881.0,ab3fb92f,0.939
1456301881.0,48194f3c,0.969
1456301881.0,b0c139bb,0.989
1456301881.0,94ce365f,0.979
1456301881.0,7b8e3478,0.979
1456301881.0,009194ff,1.009
1456301881.0,7b417f71,0.949
1456301881.0,80148308,0.989
1456301881.0,8c4f6021,0.969
1456301881.0,530fa955,0.979
1456301881.0,b07ee4ba,0.999
1456301881.0,dcde1f7c,0.959
1456301881.0,267e21dd,0.949
1456301881.0,f33d10dd,0.979
1456301881.0,1377ad59,0.969
1456301881.0,9557f893,0.979
1456301881.0,6912da2f,0.959
1456301881.0,3ba3cf9a,0.959
1456301881.0,198d543d,0.989
1456301881.0,9d4458f3,0.979
1456301881.0,3ec9f041,1.009
1456301881.0,3aa49941,0.999
1456301881.0,67c5b01c,0.949
1456301881.0,37020abb,0.969
1456301881.0,aca99357,1.009
1456301881.0,,0.989
1456301881.0,06170933,0.979
1456301881.0,d132d021,0.969
1456301881.0,b68ce153,1.009
1456301881.0,42bd34e4,0.979
1456301881.0,61271939,0.939
1456301881.0,4d2f0ccd,1.089
1456301881.0,577ae214,0.969
1456301881.0,9514a2c3,0.959
1456301881.0,24acb441,0.979
1456301881.0,9d229bd2,0.979
1456301881.0,0da9043c,1.019
1456301881.0,0b1eb29a,0.969
1456301881.0,c9faeb03,0.969
1456301881.0,08911c61,0.949
1456301881.0,5dc3decc,0.999
1456301881.0,6e409c53,0.949
1456301881.0,f22ce4a2,0.989
1456301881.0,a3a8caec,0.979
1456301881.0,204c7d8c,0.999
1456301881.0,adaeaab7,0.959
1456301881.0,f7dcd56c,1.009
1456301881.0,bb7226f1,0.989
1456301881.0,fee76af5,0.959
1456301881.0,4bb18de7,0.979
1456301881.0,801fe77a,0.959
1456301881.0,c330d63c,0.969
1456301881.0,5c7976a7,1.029
1456301881.0,6184a86d,0.939
1456301881.0,c8a16513,1.049
1456301881.0,994f9854,0.969
1456301881.0,87767ef4,0.969
1456301881.0,406bce1e,0.999
1456301881.0,e8205f94,0.989
1456301881.0,7ae317da,0.989
1456301881.0,91012236,1.019
1456301881.0,44f0df58,0.969
1456301881.0,fee1f686,0.979
1456301881.0,5fab2045,0.979
1456301881.0,33d673e1,0.979
1456301881.0,441f2c5b,0.999
1456301881.0,3fa012b6,0.999
1456301881.0,a35401af,0.999
1456302121.0,20351c65,0.959
1456302121.0,f72fa144,0.979
1456302121.0,692e3609,0.969
1456302121.0,f64d5154,0.979
1456302121.0,4dc57f20,0.989
1456302121.0,e8173dad,0.939
1456302121.0,190c77e7,0.929
1456302121.0,cdf67cac,0.939
1456302121.0,735f3dba,0.979
1456302121.0,d109e19e,0.989
1456302121.0,7d989a39,0.969
1456302121.0,9dd86999,0.949
1456302121.0,6a8c75fd,1.009
1456302121.0,721139ba,0.999
1456302121.0,9727ab3a,0.919
1456302121.0,0335180a,0.999
1456302121.0,e396466d,0.949
1456302121.0,d8834ec2,0.989
1456302121.0,354d360a,0.969
1456302121.0,6e67857f,0.999
1456302121.0,c597ae24,0.999
1456302121.0,669db224,0.949
1456302121.0,4a243585,0.949
1456302121.0,464f5c00,0.969
1456302121.0,337b7102,0.979
1456302121.0,51ff6877,0.959
1456302121.0,85d0e643,0.989
1456302121.0,1176658b,0.969
1456302121.0,ddaef23c,0.989
1456302121.0,6df2a6aa,0.999
1456302121.0,13ac9af6,0.969
1456302121.0,ec60ed5f,0.979
1456302121.0,e3635092,0.959
1456302121.0,587132ed,0.979
1456302121.0,ed93bc71,0.959
1456302121.0,45bd4b76,0.939
1456302121.0,9f236f48,1.049
1456302121.0,0e6ac101,0.969
1456302121.0,65e795cc,0.939
1456302121.0,e401b629,0.979
1456302121.0,cb511574,0.959
1456302121.0,dd62114c,0.989
1456302121.0,3fdc1762,0.929
1456302121.0,98860edd,0.949
1456302121.0,1ab747ac,0.969
1456302121.0,e8f89f23,0.979
1456302121.0,a4842df2,0.918
1456302121.0,67b9bbe5,0.969
1456302121.0,26d3d3cd,0.959
1456302121.0,f53c3bb0,0.959
1456302121.0,eda96774,0.979
1456302121.0,f233face,0.959
1456302121.0,39bde8e3,0.989
1456302121.0,ad7fb7be,0.949
1456302121.0,00a2a041,0.979
1456302121.0,df5fc4c4,0.979
1456302121.0,e1dc56d2,0.929
1456302121.0,7581214d,0.979
1456302121.0,89d43501,0.969
1456302121.0,57bad7ea,0.939
1456302121.0,12fa7f3d,0.999
1456302121.0,27792a3d,0.969
1456302121.0,1d1e053d,0.959
1456302121.0,82fb994b,0.999
1456302121.0,edc9f1cc,0.959
1456302121.0,9a4d188a,1.009
1456302121.0,c6a133a0,0.969
1456302121.0,cb0a8cc8,0.969
1456302121.0,,0.979
1456302121.0,1d3d3ee8,1.029
1456302121.0,c372d047,0.959
1456302121.0,14d00757,0.959
1456302121.0,17f41d4f,0.949
1456302121.0,0094aa42,0.949
1456302121.0,2b0edf3c,0.959
1456302121.0,3f5f0189,0.949
1456302121.0,c08e7742,0.979
1456302121.0,05c01795,0.959
1456302121.0,f94d8069,0.989
1456302121.0,7d9fd3be,0.989
1456302121.0,6e8e3ed0,1.009
1456302121.0,e6b24a3d,0.979
1456302121.0,11fbd55b,0.939
1456302121.0,da6cfb62,1.009
1456302121.0,1ad30a9a,0.999
1456302121.0,8983a3f5,0.969
1456302121.0,12fc2a75,0.989
1456302121.0,b6553c9c,0.999
1456302121.0,410d90fe,1.009
1456302121.0,29e75614,0.949
1456302121.0,c302d35e,0.959
1456302121.0,b05147af,0.959
1456302121.0,0e55eb67,0.969
1456302121.0,13de7212,1.009
1456302121.0,d0145a6c,0.969
1456302121.0,34b00dee,0.969
1456302121.0,fd334dae,0.969
1456302121.0,de1eff76,0.979
1456302121.0,b6ef86a2,0.949
1456302121.0,65868958,0.969
1456302121.0,ba0d3095,0.959
1456302121.0,aafb9292,0.959
1456302121.0,e6be1477,0.939
1456302121.0,ca3364fa,0.929
1456302121.0,0b1b5508,0.949
1456302121.0,1dfe7e94,0.959
1456302121.0,7f3fc915,0.999
1456302121.0,c78b7333,0.989
1456302121.0,893de505,0.959
1456302121.0,a5cf2ad0,0.999
1456302121.0,a5b19cba,0.979
1456302121.0,eecbf37e,0.989
1456302121.0,b015481a,0.939
1456302121.0,03f6c531,0.999
1456302121.0,876763f5,0.969
1456302121.0,eaa7c105,0.929
1456302121.0,140514a1,0.959
1456302121.0,18bddc12,0.959
1456302121.0,70ab0b09,0.949
1456302121.0,45cfc4a3,0.979
1456302121.0,fee64542,0.939
1456302121.0,bed52cfb,1.009
1456302121.0,44454521,0.939
1456302121.0,da28f05d,0.939
1456302121.0,176e9b96,0.939
1456302121.0,ff94ad98,0.959
1456302121.0,dfd511ab,0.969
1456302121.0,7709f8cb,0.969
1456302121.0,0c55457f,0.989
1456302121.0,efe3611d,0.979
1456302121.0,5a24bfe1,0.969
1456302121.0,856fe499,0.979
1456302121.0,0cdf8545,0.969
1456302121.0,da84e1ef,0.949
1456302121.0,d31bbfba,1.019
1456302121.0,8481831d,0.929
1456302121.0,ec934b69,0.939
1456302121.0,3ca3325c,0.989
1456302121.0,bc6ea7eb,0.969
1456302121.0,4837de5d,0.969
1456302121.0,d4391500,0.979
1456302121.0,ffdd96e7,0.989
1456302121.0,bef54869,0.999
1456302121.0,3dde29b4,0.969
1456302121.0,563059fb,0.979
1456302121.0,755c641f,0.989
1456302121.0,0d245387,0.984
1456302121.0,3621af3f,0.989
1456302121.0,ac6e085e,1.009
1456302121.0,868165bf,0.969
1456302121.0,636fe15d,0.989
1456302121.0,1cbb92e5,0.959
1456302121.0,2080cd01,0.949
1456302121.0,3ca42fdd,0.979
1456302121.0,793eb726,0.969
1456302121.0,46da1895,0.959
1456302121.0,77c875bb,0.969
1456302121.0,a4b11e87,0.979
1456302121.0,ded69fbb,0.989
1456302121.0,d97d5b77,0.959
1456302121.0,5e3d40d3,0.959
1456302121.0,74addb95,0.979
1456302121.0,917af1e0,0.999
1456302121.0,55b1a563,0.959
1456302121.0,64bb101c,0.979
1456302121.0,e4465e8e,0.959
1456302121.0,b273d286,1.009
1456302121.0,d4fe6b6d,0.939
1456302121.0,68af1b90,0.958
1456302121.0,384af07c,0.949
1456302121.0,9a1acee3,0.959
1456302121.0,1bfb4c20,1.009
1456302121.0,71885813,1.019
1456302121.0,195401ef,1.009
1456302121.0,195fb3bd,0.979
1456302121.0,ce73fb63,0.949
1456302121.0,010becdc,0.989
1456302121.0,12dd04fe,0.949
1456302121.0,c88259dc,0.989
1456302121.0,5effda31,0.959
1456302121.0,5196f76a,0.979
1456302121.0,6c10bb5f,0.939
1456302121.0,6b00e1be,0.999
1456302121.0,c083a2d4,0.989
1456302121.0,aacd7080,0.979
1456302121.0,ae6758fc,0.954
1456302121.0,8bce4624,0.989
1456302121.0,87750b0a,0.969
1456302121.0,cf422a5e,0.989
1456302121.0,c85470f1,0.929
1456302121.0,8785401b,0.979
1456302121.0,,0.989
1456302121.0,e109622e,0.989
1456302121.0,aea9d5b4,0.979
1456302121.0,a853332e,0.969
1456302121.0,fb1b5fff,0.929
1456302121.0,47f0950d,0.979
1456302121.0,8d710f46,0.979
1456302121.0,a0e239a8,0.989
1456302121.0,5abc5719,0.969
1456302121.0,93e9a320,0.979
1456302121.0,8c1e3878,0.969
1456302121.0,8f4cf94f,1.009
1456302121.0,,0.929
1456302121.0,9bcbbbc7,0.999
1456302121.0,dd7c2cef,0.989
1456302121.0,a2f965eb,0.999
1456302121.0,a9ac5f0c,0.958
1456302121.0,935f6e86,0.979
1456302121.0,90cec242,0.969
1456302121.0,33f1b5fe,0.999
1456302121.0,5b2c0b33,0.939
1456302121.0,4ebc6df3,0.959
1456302121.0,cc350ace,0.979
1456302121.0,,0.989
1456302121.0,f05206bf,0.989
1456302121.0,82d7fda1,0.979
1456302121.0,7edfe29f,0.989
1456302121.0,9b127d1f,1.009
1456302121.0,0022ec87,0.939
1456302121.0,9e184682,0.989
1456302121.0,eb863f50,0.969
1456302121.0,a06379c3,0.989
1456302121.0,3f054566,0.979
1456302121.0,421a6353,0.959
1456302121.0,c5d7d298,0.979
1456302121.0,fbd0490f,0.989
1456302121.0,d853e5e4,0.969
1456302121.0,bf20d0c1,0.959
1456302121.0,c31dc7b8,0.999
1456302121.0,b2b29318,1.009
1456302121.0,78566ed9,0.949
1456302121.0,860c7ffb,0.949
1456302121.0,70e52ee2,0.949
1456302121.0,e2eadef7,0.949
1456302121.0,923a028b,1.009
1456302121.0,b6458958,0.949
1456302121.0,ecf2754f,0.949
1456302121.0,7c245713,0.959
1456302121.0,32a9a0e5,0.979
1456302121.0,c43ed044,0.969
1456302121.0,2a4f7cb1,0.979
1456302121.0,364488f7,0.969
1456302121.0,210e50b8,0.979
1456302121.0,2f54d4c9,0.939
1456302121.0,5132fe1c,0.949
1456302121.0,2b987960,0.949
1456302121.0,ac7dd410,0.969
1456302121.0,74776924,0.949
1456302121.0,2b890110,0.939
1456302121.0,92eaccdc,0.949
1456302121.0,8f41fe32,0.999
1456302121.0,adc8589f,0.989
1456302121.0,cc3eddf4,0.979
1456302121.0,9aab0c6c,0.959
1456302121.0,bba9fe67,0.919
1456302121.0,b8e4e564,0.919
1456302121.0,524d848c,0.939
1456302121.0,075d1e16,0.959
1456302121.0,e17ac182,0.949
1456302121.0,1f311bb3,0.989
1456302121.0,5daabe07,0.979
1456302121.0,75d9d944,0.999
1456302121.0,39278907,0.989
1456302121.0,2ecadcf6,0.969
1456302121.0,053b7fd8,0.939
1456302121.0,7f6c2062,0.969
1456302121.0,bd27836d,0.999
1456302121.0,1636f44a,0.969
1456302121.0,676f4e53,0.939
1456302121.0,982daa57,0.989
1456302121.0,821e5bd3,0.939
1456302121.0,89d5bd42,0.969
1456302121.0,7059e623,0.949
1456302121.0,26a76357,0.959
1456302121.0,bd3093f4,0.949
1456302121.0,f600b327,0.989
1456302121.0,5b1a63ab,0.989
1456302121.0,7475385b,0.999
1456302121.0,b2e5f301,0.999
1456302121.0,56006177,1.029
1456302121.0,c1082f5e,0.969
1456302121.0,4d67e241,0.979
1456302121.0,129427de,0.999
1456302121.0,7ec09a5a,0.989
1456302121.0,85dcde4e,0.969
1456302121.0,c7eb5131,0.939
1456302121.0,f94e75cd,1.019
1456302121.0,df59b3f7,0.989
1456302121.0,01e3af77,0.949
1456302361.0,8f921904,0.989
1456302361.0,a8907693,0.969
1456302361.0,2587793f,0.989
1456302361.0,cd0a3f67,0.959
1456302361.0,ef2c1942,0.979
1456302361.0,c32a82d9,0.989
1456302361.0,01f0fa8d,0.979
1456302361.0,65d316f1,0.969
1456302361.0,cea20e68,0.969
1456302361.0,e2851b26,0.959
1456302361.0,9a11b9a9,0.969
1456302361.0,f85db113,0.959
1456302361.0,731a1055,0.979
1456302361.0,8732a111,0.969
1456302361.0,79da1dfc,0.979
1456302361.0,2fbced23,0.979
1456302361.0,68a4c69f,0.979
1456302361.0,6cfd795c,0.979
1456302361.0,d88f7597,1.029
1456302361.0,815c5703,0.999
1456302361.0,acf24033,0.969
1456302361.0,74282c9f,0.959
1456302361.0,3ccd631d,0.989
1456302361.0,cea10ab0,0.989
1456302361.0,30029614,0.999
1456302361.0,c07bd363,0.959
1456302361.0,,0.979
1456302361.0,9b76dd1d,0.989
1456302361.0,33d56fd4,0.979
1456302361.0,7a3115f2,0.909
1456302361.0,f889436a,0.979
1456302361.0,dcbfbcf3,0.969
1456302361.0,f448cc0a,0.979
1456302361.0,1027f7e1,0.999
1456302361.0,5597ee18,0.949
1456302361.0,d2f10be7,0.979
1456302361.0,4f0a94f9,0.999
1456302361.0,1f6e5e51,1.029
1456302361.0,595a2321,0.939
1456302361.0,9481f21d,0.999
1456302361.0,80835ea0,0.989
1456302361.0,bf024497,0.999
1456302361.0,6a9a24d9,0.989
1456302361.0,e57509bb,0.959
1456302361.0,01117f28,0.939
1456302361.0,7e3ce0ca,0.969
1456302361.0,02f5834c,0.989
1456302361.0,a25aae71,0.949
1456302361.0,bb7a74ed,0.999
1456302361.0,684f8459,0.989
1456302361.0,bb79fa75,0.969
1456302361.0,6b162563,0.969
1456302361.0,4d87be41,0.979
1456302361.0,86cc51ec,0.959
1456302361.0,f6308e2a,0.979
1456302361.0,31bee708,0.919
1456302361.0,46c099d0,0.949
1456302361.0,93b5b301,0.969
1456302361.0,efa93e18,0.989
1456302361.0,0eb21c86,0.989
1456302361.0,ed56981f,0.999
1456302361.0,9c3caa26,0.999
1456302361.0,06881b45,0.979
1456302361.0,78676005,0.969
1456302361.0,37034115,0.979
1456302361.0,ce063fd7,0.989
1456302361.0,0e7f553a,0.989
1456302361.0,851f334c,0.989
1456302361.0,cca00c58,1.009
1456302361.0,e92281f9,0.989
1456302361.0,9f61347e,0.979
1456302361.0,cb6bf035,0.994
1456302361.0,15a0fe59,1.009
1456302361.0,3bb3ff25,0.959
1456302361.0,4e4e1a16,0.989
1456302361.0,45427090,1.009
1456302361.0,,0.949
1456302361.0,a7a5f25b,0.949
1456302361.0,e10f157c,0.989
1456302361.0,98d8fb7a,0.989
1456302361.0,8801e116,0.95
1456302361.0,4cb94961,0.959
1456302361.0,778c7dfa,0.999
1456302361.0,fd70cdfd,0.979
1456302361.0,27917288,0.989
1456302361.0,e3d91258,1.009
1456302361.0,1357de7e,0.989
1456302361.0,2b7e1a93,0.959
1456302361.0,421aabe4,0.979
1456302361.0,8b0f07ad,1.009
1456302361.0,6aba67c5,0.959
1456302361.0,7573fd74,0.999
1456302361.0,94b843d4,0.979
1456302361.0,e2c6b885,0.959
1456302361.0,d570c239,0.989
1456302361.0,4cd27bd4,0.979
1456302361.0,,0.999
1456302361.0,0491309a,0.989
1456302361.0,87f30cbe,1.019
1456302361.0,4517cdd2,0.999
1456302361.0,1b9ef516,0.989
1456302361.0,6baeb328,0.989
1456302361.0,9d2aa0e1,0.989
1456302361.0,97311a78,0.959
1456302361.0,e3b8e203,0.939
1456302361.0,249c81ea,0.949
1456302361.0,875e84f9,0.949
1456302361.0,1c4078e5,0.979
1456302361.0,bf0b9427,1.039
1456302361.0,5fe1d57e,0.989
1456302361.0,8e5f2dc6,1.009
1456302361.0,cbaf22db,0.989
1456302361.0,7a760845,0.969
1456302361.0,f3a6a0c8,0.999
1456302361.0,92667f30,0.999
1456302361.0,3b3b7c54,0.979
1456302361.0,dd12b2b6,1.019
1456302361.0,3d589997,0.989
1456302361.0,348f6171,0.989
1456302361.0,249fa6e1,0.979
1456302361.0,f989aaff,0.959
1456302361.0,287b8e5b,0.989
1456302361.0,edd40aaa,1.019
1456302361.0,ac3b0cb7,0.939
1456302361.0,d59d4bb4,0.979
1456302361.0,eb3dcc58,0.929
1456302361.0,4d77b026,0.969
1456302361.0,b258c197,1.019
1456302361.0,ead88417,0.989
1456302361.0,59ac6c1c,0.989
1456302361.0,626fbfc1,0.989
1456302361.0,bbd94150,0.969
1456302361.0,6b50c140,1.009
1456302361.0,37af09a8,0.989
1456302361.0,581713fc,0.989
1456302361.0,0c811233,0.949
1456302361.0,aecec7b2,0.999
1456302361.0,a20f676d,0.949
1456302361.0,02e29940,1.019
1456302361.0,21cc26f8,0.969
1456302361.0,76e85116,0.979
1456302361.0,07656553,1.009
1456302361.0,5900ebe4,0.939
1456302361.0,e6b2872b,0.939
1456302361.0,56995334,0.939
1456302361.0,1017cdb3,0.939
1456302361.0,e206c1b6,0.959
1456302361.0,3c2e16c2,0.979
1456302361.0,174ac356,0.909
1456302361.0,c9a19301,0.979
1456302361.0,e7295166,0.939
1456302361.0,eace7a48,1.019
1456302361.0,622ea82b,0.999
1456302361.0,f7aa1ff1,0.959
1456302361.0,5963169b,0.999
1456302361.0,c6ce8e17,0.949
1456302361.0,0395f025,0.989
1456302361.0,9ce4798d,0.989
1456302361.0,a1403540,0.969
1456302361.0,0bc9e7ef,0.979
1456302361.0,551bcdc0,0.999
1456302361.0,,0.959
1456302361.0,b563f7fe,0.979
1456302361.0,31172c6e,0.939
1456302361.0,5e9aaf1c,1.009
1456302361.0,c92bf6e3,0.939
1456302361.0,486e56d0,0.959
1456302361.0,9a0d6d83,1.019
1456302361.0,9a1fa81d,0.969
1456302361.0,7b2a5f7c,0.949
1456302361.0,17efd51c,1.029
1456302361.0,8576f4a6,0.979
1456302361.0,3b31f64c,0.979
1456302361.0,3c2da6fc,0.999
1456302361.0,a4416f40,0.969
1456302361.0,3621af3f,0.969
1456302361.0,44565663,0.979
1456302361.0,bd5e0804,0.959
1456302361.0,443ddb72,0.959
1456302361.0,ec810259,0.969
1456302361.0,0f574058,0.989
1456302361.0,44bf3174,0.959
1456302361.0,02516583,0.969
1456302361.0,a98772fc,0.969
1456302361.0,b5940e7d,0.999
1456302361.0,b3c78089,0.969
1456302361.0,8fc1cab3,0.989
1456302361.0,8babf7a8,0.979
1456302361.0,baf1ff57,0.989
1456302361.0,7c246f5c,1.029
1456302361.0,790402b3,0.939
1456302361.0,46da1895,0.959
1456302361.0,f684e085,0.959
1456302361.0,d19b61da,0.979
1456302361.0,d01e5e31,0.959
1456302361.0,1d5b89e9,0.959
1456302361.0,266713de,0.989
1456302361.0,ef5fb7f7,0.959
1456302361.0,eb7b02bd,0.979
1456302361.0,b0f4b28e,0.989
1456302361.0,fb867340,1.009
1456302361.0,37768192,0.979
1456302361.0,4de24a20,0.979
1456302361.0,15b53516,0.959
1456302361.0,63505806,0.969
1456302361.0,c13504fe,0.989
1456302361.0,da18f772,0.919
1456302361.0,e579a4d2,0.989
1456302361.0,6aa3e966,1.009
1456302361.0,e21625af,1.029
1456302361.0,66e3c96f,0.979
1456302361.0,b8529633,0.939
1456302361.0,4b92e661,1.009
1456302361.0,3d5d3cef,0.959
1456302361.0,c1154259,0.969
1456302361.0,ba7d4f54,0.969
1456302361.0,f559d01a,0.999
1456302361.0,f4333371,1.009
1456302361.0,,0.989
1456302361.0,d0445c11,0.989
1456302361.0,040531cf,0.949
1456302361.0,77d95702,0.969
1456302361.0,c0debc06,0.934
1456302361.0,a998716f,0.999
1456302361.0,9aff86f3,0.989
1456302361.0,3bfabc79,0.999
1456302361.0,d8b005cb,0.919
1456302361.0,669b7d94,0.979
1456302361.0,806c0af2,0.969
1456302361.0,bde563ae,0.999
1456302361.0,ce5281ae,0.959
1456302361.0,2660a5d2,0.979
1456302361.0,51bb4991,0.969
1456302361.0,9bccabe6,0.979
1456302361.0,13f73565,0.979
1456302361.0,a64e2d63,0.989
1456302361.0,3340d6a0,0.989
1456302361.0,1cd14b72,0.949
1456302361.0,3d12dc1e,0.979
1456302361.0,67a88200,0.959
1456302361.0,1de33a76,0.949
1456302361.0,c360e760,0.989
1456302361.0,150a8031,0.989
1456302361.0,3e3ad3bb,0.919
1456302361.0,061f678d,0.939
1456302361.0,38b019be,0.979
1456302361.0,8fd408b7,0.919
1456302361.0,a2e94245,0.989
1456302361.0,c0bb7774,0.999
1456302361.0,997db707,0.939
1456302361.0,552017b2,0.999
1456302361.0,d4b2d77f,0.979
1456302361.0,5be837d4,0.979
1456302361.0,9ba26da7,0.999
1456302361.0,53cfbe4b,1.009
1456302361.0,a335cad7,0.999
1456302361.0,87bbe419,0.959
1456302361.0,71b846ff,0.969
1456302361.0,af2f9310,0.979
1456302361.0,0f282fe6,0.979
1456302361.0,5aa49c2a,0.949
1456302361.0,743a840f,1.009
1456302361.0,997cbfdf,0.989
1456302361.0,c985912f,0.999
1456302361.0,6394ee8c,0.989
1456302361.0,c7804480,1.029
1456302361.0,92f81808,0.999
1456302361.0,8c81c551,0.989
1456302361.0,689f962f,0.979
1456302361.0,2601854e,0.969
1456302361.0,ca9bd89a,0.989
1456302361.0,c611aa66,0.999
1456302361.0,d606d463,0.959
1456302361.0,32fa34ed,0.959
1456302361.0,d9663827,0.969
1456302361.0,4ca2fd5f,0.979
1456302361.0,9171a74f,0.969
1456302361.0,a2c4c052,0.939
1456302361.0,d291a6c0,1.019
1456302361.0,084224e7,0.969
1456302361.0,2fec3510,0.969
1456302361.0,0f155e0a,0.969
1456302361.0,91636cd2,0.969
1456302361.0,acd225f7,0.999
1456302361.0,1acb5863,0.979
1456302361.0,827dc8bb,0.989
1456302361.0,8e01ef34,1.029
1456302361.0,b862e775,0.999
1456302361.0,d2e90d39,0.949
1456302361.0,90f06420,0.969
1456302361.0,3893ca3e,0.959
1456302361.0,c366f7fc,0.989
1456302361.0,,0.949
1456302361.0,,0.999
1456302361.0,5ccad12a,0.959
1456302361.0,6bf6f02f,0.989
1456302361.0,dc6e88b0,0.989
1456302361.0,ba94f47b,0.969
1456302361.0,3e8e99dc,0.969
1456302361.0,aeec46d3,1.009
1456302361.0,e3c6260c,0.989
1456302361.0,714dc178,0.999
1456302361.0,a32bd6b9,0.929
1456302361.0,bfaaf354,0.989
1456302361.0,96ae55d2,0.939
1456302361.0,682730ca,0.959
1456302361.0,1d38e16e,0.969
1456302361.0,0d1c8f35,0.979
1456302361.0,092ea244,0.959
1456302361.0,33a2e297,0.979
1456302361.0,e256d75b,1.009
1456302361.0,bc7724e9,0.984
1456302361.0,d73f9554,0.969
1456302361.0,da37e830,0.969
1456302361.0,77c9f305,0.969
1456302361.0,dd192f15,0.989
1456302361.0,b49d51d2,0.989
1456302361.0,56c5d463,0.999
1456302361.0,5921c872,0.949
1456302361.0,06931b13,0.999
1456302361.0,52e3bfc8,0.949
1456302361.0,553c4dc5,0.989
1456302361.0,cb7a19f8,0.969
1456302361.0,a6971d57,0.999
1456302361.0,7387afcd,0.979
1456302361.0,ee2ae1a3,0.959
1456302361.0,c2cdc545,0.939
1456302361.0,c5669e2f,0.939
1456302361.0,efd124a1,0.969
1456302361.0,e2716599,0.989
1456302361.0,94c17036,0.999
1456302361.0,7d502fbb,0.939
1456302361.0,95577aab,0.949
1456302361.0,1f1aef8f,0.959
1456302361.0,dc07718c,0.959
1456302361.0,a4a7e146,0.945
1456302361.0,d33e9e56,0.959
1456302361.0,cb67b2ff,0.999
1456302361.0,95568ef1,0.959
1456302361.0,0ad7f620,1.009
1456302361.0,b620c103,0.969
1456302361.0,,0.979
1456302361.0,2d3711fd,0.979
1456302361.0,e7dd6621,0.914
1456302361.0,69c73a78,0.949
1456302361.0,d285af63,0.949
1456302361.0,1c3b6ee2,0.979
1456302361.0,a76bbf53,0.999
1456302361.0,1c52e235,0.999
1456302361.0,86d6d36f,1.009
1456302361.0,f4217802,0.989
1456302361.0,028d28be,0.979
1456302361.0,8405466d,0.989
1456302361.0,624ba629,0.989
1456302361.0,d32835d5,0.949
1456302361.0,deb8af6b,0.979
1456302361.0,6e966a1c,0.989
1456302361.0,58c92ed6,0.969
1456302361.0,f13a2469,0.999
1456302361.0,4dc315a0,0.989
1456302361.0,e4c3638f,0.959
1456302361.0,0d6640ae,0.959
1456302361.0,fe496e01,0.939
1456302361.0,eb3bf9c1,0.939
1456302361.0,0913d5bd,0.949
1456302361.0,aa4cdb22,0.989
1456302361.0,b41d8903,0.959
1456302361.0,dbacecfb,0.959
1456302361.0,83a4c48e,0.969
1456302361.0,1054110c,0.924
1456302361.0,fdf0e8d2,0.929
1456302361.0,3db9e3a9,0.939
1456302361.0,cca094f8,0.959
1456302361.0,efc5b46c,0.949
1456302361.0,ae869c50,0.969
1456302361.0,bf43b448,0.979
1456302361.0,bcab79d7,0.959
1456302361.0,3cb9cc00,0.939
1456302361.0,4b0cfdb6,0.959
1456302361.0,b7496873,0.969
1456302361.0,552e6bdb,0.969
1456302361.0,6f901805,0.969
1456302361.0,2ee2a0a5,0.979
1456302361.0,6fb50287,0.979
1456302361.0,12081217,0.979
1456302361.0,66a925d6,0.989
1456302361.0,a11d220b,0.969
1456302361.0,013f9d06,0.989
1456302361.0,a13f8970,0.959
1456302361.0,0c74abc4,0.979
1456302361.0,6117cbac,0.959
1456302361.0,4c39660b,0.959
1456302361.0,89f88deb,0.999
1456302361.0,ce8b60a3,0.959
1456302361.0,73e22345,0.979
1456302361.0,d224352c,0.939
1456302361.0,ed826035,0.999
1456302361.0,574656d1,0.969
1456302361.0,8ff83879,0.939
1456302361.0,733cb25c,0.979
1456302361.0,0ee7204e,0.969
1456302361.0,81db3a9a,0.969
1456302361.0,0a6aaa10,0.979
1456302361.0,c6b6f3fb,0.949
1456302361.0,56d52752,0.979
1456302361.0,e9aeb918,0.999
1456302361.0,7ae8737b,0.969
1456302361.0,973748fa,0.959
1456302361.0,c368907a,1.009
1456302361.0,b1adab9c,0.959
1456302361.0,7b417f71,0.929
1456302361.0,435e7b69,0.939
1456302361.0,29eed38e,0.959
1456302361.0,c97d17c7,0.959
1456302361.0,39f9c0aa,0.989
1456302361.0,baff6152,0.989
1456302361.0,18f6cef8,0.989
1456302361.0,2b2b7338,0.949
1456302361.0,f8453096,0.949
1456302361.0,2a7c4091,0.969
1456302361.0,e2825c07,0.979
1456302361.0,4349fbc3,0.979
1456302361.0,c6f99584,0.979
1456302361.0,b8459cb6,0.989
1456302361.0,1403b858,1.029
1456302361.0,6e0e837e,1.009
1456302361.0,5b1dc219,0.979
1456302361.0,06f5e166,0.969
1456302361.0,2c831a38,0.979
1456302361.0,684e7234,0.939
1456302361.0,61271939,0.939
1456302361.0,a07db53f,1.029
1456302361.0,722c9387,0.959
1456302361.0,b8ab8097,0.989
1456302361.0,6bc9b007,0.989
1456302361.0,96d9319b,0.989
1456302361.0,484d9d04,0.999
1456302361.0,928e1254,0.939
1456302361.0,7c8784c0,1.019
1456302361.0,2e89adbb,0.989
1456302361.0,200bc827,0.999
1456302361.0,17763a6e,0.939
1456302361.0,ddb4781d,0.959
1456302361.0,893b4e64,0.959
1456302361.0,eeb96d2d,0.989
1456302361.0,2787cfe0,0.979
1456302361.0,9f9d06bd,1.004
1456302361.0,2ab8cee3,0.969
1456302361.0,f94e75cd,1.009
1456302361.0,a96e4603,0.959
1456302361.0,5fab2045,0.969
1456302361.0,31d95abd,0.979
1456302361.0,2052e025,0.959
1456302361.0,8f6f71cb,0.989
1456302601.0,fbbd6af8,0.929
1456302601.0,0d102e85,0.949
1456302601.0,c8fad469,1.009
1456302601.0,41577ba2,0.989
1456302601.0,70931d91,0.969
1456302601.0,d2578b12,0.979
1456302601.0,d256c19e,0.929
1456302601.0,b12129d0,0.989
1456302601.0,fb0b1dcf,0.979
1456302601.0,b6867cd0,0.959
1456302601.0,9fa10842,0.959
1456302601.0,1e3d64de,0.939
1456302601.0,2ec1e1ad,0.949
1456302601.0,e0d2b4fe,1.009
1456302601.0,beb3b49b,0.949
1456302601.0,2295e162,0.909
1456302601.0,0accabdc,0.959
1456302601.0,2239a830,0.979
1456302601.0,c1b0a4e8,0.989
1456302601.0,e9eeb033,0.929
1456302601.0,0e4b0554,0.939
1456302601.0,cb7b59b6,0.989
1456302601.0,720d6cbc,0.999
1456302601.0,f131e26a,0.939
1456302601.0,ee870273,0.949
1456302601.0,72bd4b95,0.979
1456302601.0,0375f449,0.959
1456302601.0,824f7fcf,0.949
1456302601.0,587132ed,0.979
1456302601.0,13b8b105,0.989
1456302601.0,6dea9ace,0.979
1456302601.0,249f3b9d,0.949
1456302601.0,493bde6c,0.979
1456302601.0,73e5c32d,0.969
1456302601.0,7dcac0a5,0.939
1456302601.0,f81448e3,1.04
1456302601.0,3d817cf9,0.999
1456302601.0,7af1a190,0.989
1456302601.0,36a9895c,0.949
1456302601.0,696e88f4,0.979
1456302601.0,00d1a6ab,0.989
1456302601.0,626c6699,0.959
1456302601.0,0f76eceb,0.969
1456302601.0,de920e08,0.949
1456302601.0,d60a08fc,0.989
1456302601.0,a77ad37d,0.979
1456302601.0,b7502504,0.989
1456302601.0,12434f8d,0.959
1456302601.0,dc9724ba,0.939
1456302601.0,2fe20e60,0.989
1456302601.0,763190d4,0.999
1456302601.0,3ad50a81,0.989
1456302601.0,ac1176c4,0.959
1456302601.0,43e08abb,0.989
1456302601.0,d1b70ad0,0.969
1456302601.0,b5e248eb,0.949
1456302601.0,aa57fbe1,0.979
1456302601.0,9d26d3dd,0.989
1456302601.0,10337302,0.959
1456302601.0,859fc025,0.959
1456302601.0,3b5be616,0.979
1456302601.0,d0cff5c1,1.009
1456302601.0,45dd43b7,0.979
1456302601.0,31993f75,0.979
1456302601.0,93d1f437,0.979
1456302601.0,bb9f0bc7,0.989
1456302601.0,c20a8487,0.939
1456302601.0,92300cd4,0.949
1456302601.0,185c6827,0.989
1456302601.0,018c0b0e,1.029
1456302601.0,84985353,0.949
1456302601.0,3ca3cce3,1.009
1456302601.0,28c041df,1.009
1456302601.0,75bb0d76,0.989
1456302601.0,07e43968,0.959
1456302601.0,1c27f412,0.959
1456302601.0,c9cc0c6b,0.949
1456302601.0,7c00341e,0.949
1456302601.0,13228d53,0.969
1456302601.0,d36c0bc0,0.999
1456302601.0,6512b86c,0.959
1456302601.0,c8c80a71,0.939
1456302601.0,84caa0e5,0.969
1456302601.0,1548bd57,0.969
1456302601.0,2f7c96af,0.969
1456302601.0,ce9c03ce,0.969
1456302601.0,b1274f69,0.969
1456302601.0,7e91d1f8,0.969
1456302601.0,58419a90,0.989
1456302601.0,235c0c8c,1.029
1456302601.0,4fe7c8a5,0.977
1456302601.0,332fe278,0.949
1456302601.0,9852ddd5,0.979
1456302601.0,4c7f88c9,0.969
1456302601.0,d48d3de5,0.989
1456302601.0,7e3542f5,0.989
1456302601.0,f4387d6e,0.959
1456302601.0,cff9e937,0.979
1456302601.0,e1fb8011,0.919
1456302601.0,beb2cad8,0.999
1456302601.0,110c184e,0.959
1456302601.0,1378b671,0.949
1456302601.0,a1a6a42b,0.939
1456302601.0,3f96a850,0.949
1456302601.0,c8ce828b,0.949
1456302601.0,bc6ea7eb,0.949
1456302601.0,3ede3ac4,0.969
1456302601.0,5f379a02,0.979
1456302601.0,7e16c19d,1.029
1456302601.0,0395f025,0.989
1456302601.0,25a653d4,0.959
1456302601.0,491a07d2,1.009
1456302601.0,d4936377,0.999
1456302601.0,eea64b3d,0.999
1456302601.0,84f19301,0.949
1456302601.0,b30ca48e,0.989
1456302601.0,cacdc0ed,0.999
1456302601.0,3b5de5d2,0.979
1456302601.0,1ae63c31,0.969
1456302601.0,31172c6e,0.999
1456302601.0,1902d951,0.979
1456302601.0,14296800,0.989
1456302601.0,e87a6fdb,0.979
1456302601.0,76f44572,0.989
1456302601.0,d3b5995d,0.949
1456302601.0,576e47d1,0.929
1456302601.0,133677b3,0.949
1456302601.0,f71bbe39,0.949
1456302601.0,8e8a5274,0.939
1456302601.0,9b0e4618,0.969
1456302601.0,0fa50e56,0.989
1456302601.0,346ffe81,0.959
1456302601.0,28119274,0.969
1456302601.0,4ee0535e,0.989
1456302601.0,a3cd819d,0.969
1456302601.0,9720bdd7,0.959
1456302601.0,4395666c,0.999
1456302601.0,4f60f2d3,0.949
1456302601.0,64658758,1.009
1456302601.0,36098a3a,0.969
1456302601.0,3f9273de,1.009
1456302601.0,4ba70eb8,0.999
1456302601.0,4604844c,0.999
1456302601.0,0b8418b0,0.989
1456302601.0,4256db3b,0.929
1456302601.0,70a9e6a8,0.989
1456302601.0,07f603f1,0.969
1456302601.0,1d2442f5,1.019
1456302601.0,21358755,0.979
1456302601.0,80ec45da,0.929
1456302601.0,9c708662,0.949
1456302601.0,31a9b6e7,0.989
1456302601.0,38cc0cb5,0.959
1456302601.0,7faa0c9c,1.019
1456302601.0,68c15014,0.989
1456302601.0,476279a4,0.979
1456302601.0,a1c3be4b,0.969
1456302601.0,765dab48,0.969
1456302601.0,315bcb3c,0.919
1456302601.0,48ef3fea,1.009
1456302601.0,795efed5,0.979
1456302601.0,0a42099e,1.019
1456302601.0,b70f82b5,0.989
1456302601.0,1c00717b,0.979
1456302601.0,da4f51da,1.009
1456302601.0,,0.989
1456302601.0,5962da15,0.969
1456302601.0,6264e826,0.959
1456302601.0,827fe9cd,0.959
1456302601.0,83cf2333,1.019
1456302601.0,fd278e66,0.969
1456302601.0,86b9d04d,0.969
1456302601.0,068f53ad,0.939
1456302601.0,4a802d7b,0.989
1456302601.0,23efaa4b,0.939
1456302601.0,28af0625,0.949
1456302601.0,1d295295,1.039
1456302601.0,7e224dd0,0.959
1456302601.0,566e4815,0.929
1456302601.0,be572aa5,0.989
1456302601.0,2e589edd,0.959
1456302601.0,038e6a0c,0.959
1456302601.0,47019357,0.969
1456302601.0,123a41c8,0.989
1456302601.0,89aea340,0.999
1456302601.0,804e5bed,0.989
1456302601.0,bc4f26f3,1.039
1456302601.0,bf80d980,0.989
1456302601.0,ae26bf83,0.969
1456302601.0,dea57116,0.989
1456302601.0,6202734a,1.009
1456302601.0,6357dca2,0.979
1456302601.0,97c6460d,0.939
1456302601.0,3893b380,0.969
1456302601.0,5a8f6bb5,0.989
1456302601.0,d9de4b56,0.999
1456302601.0,c6a933fe,1.019
1456302601.0,19b1edfc,0.979
1456302601.0,32a8caa1,0.969
1456302601.0,a9f47df0,0.999
1456302601.0,,0.969
1456302601.0,e2800d44,0.989
1456302601.0,d487951e,0.979
1456302601.0,6a7beb86,0.999
1456302601.0,e5710690,0.959
1456302601.0,34cd760d,0.979
1456302601.0,1ee7bf79,0.979
1456302601.0,963911cc,1.009
1456302601.0,df95008a,0.949
1456302601.0,5580f197,1.009
1456302601.0,8c5eeeac,0.989
1456302601.0,7e388e10,1.019
1456302601.0,4f8a6ea2,1.029
1456302601.0,c7922998,0.959
1456302601.0,da3bfceb,0.979
1456302601.0,1746d28b,0.999
1456302601.0,c8d4613a,0.939
1456302601.0,f73244c0,0.969
1456302601.0,ab899df0,1.039
1456302601.0,91698594,0.979
1456302601.0,ece9cf3e,0.959
1456302601.0,73086606,0.969
1456302601.0,07e5acfb,1.009
1456302601.0,a03824da,0.979
1456302601.0,fb80b39a,0.959
1456302601.0,fb54ae4c,0.959
1456302601.0,4f0a1aa8,0.969
1456302601.0,18cc7b01,0.979
1456302601.0,6ab142e0,0.979
1456302601.0,ece022de,0.969
1456302601.0,580449f1,0.949
1456302601.0,6ffcaa16,0.989
1456302601.0,b205cecb,0.969
1456302601.0,4d47a676,1.009
1456302601.0,b2ad3bc8,0.959
1456302601.0,29a6303c,0.969
1456302601.0,dc76a6bb,0.979
1456302601.0,624ba629,0.959
1456302601.0,d99f8c72,0.989
1456302601.0,6df8769f,1.019
1456302601.0,3429a55d,0.979
1456302601.0,d25a0585,0.989
1456302601.0,97ca12f9,0.979
1456302601.0,1db152f7,0.969
1456302601.0,32f0b93e,0.959
1456302601.0,e0e02d9a,0.959
1456302601.0,1054110c,0.924
1456302601.0,e5139cec,0.929
1456302601.0,7f1371b6,0.969
1456302601.0,22ac7d75,0.949
1456302601.0,3f48f52e,0.949
1456302601.0,ee74bc99,0.949
1456302601.0,1fb16863,0.969
1456302601.0,adc8589f,0.959
1456302601.0,9f4967c5,0.939
1456302601.0,4f91a79a,0.959
1456302601.0,be2df1d8,0.949
1456302601.0,9aab0c6c,0.939
1456302601.0,2df557df,0.949
1456302601.0,9e4730c6,0.959
1456302601.0,b72ae868,0.999
1456302601.0,c674dd96,0.949
1456302601.0,fa7a7823,0.939
1456302601.0,e5b25ce5,0.999
1456302601.0,0367164b,0.929
1456302601.0,1f311bb3,0.989
1456302601.0,5daabe07,0.959
1456302601.0,eeca31d3,0.999
1456302601.0,f98ff970,0.989
1456302601.0,7cc832ba,0.979
1456302601.0,677b8f35,0.919
1456302601.0,,0.939
1456302601.0,2bb40266,0.999
1456302601.0,9398e203,0.949
1456302601.0,c368907a,0.999
1456302601.0,672ba0d9,0.949
1456302601.0,e05e8acf,1.009
1456302601.0,8d86cbc4,0.949
1456302601.0,73f7d503,0.959
1456302601.0,d4817c1a,0.939
1456302601.0,4f362e94,0.989
1456302601.0,606d52e3,0.979
1456302601.0,d8c7802e,0.969
1456302601.0,3d2f11fa,0.979
1456302601.0,6f8c077f,0.959
1456302601.0,04a002fa,0.999
1456302601.0,df1ba7d7,0.959
1456302601.0,5c335fc8,0.939
1456302601.0,f36918b0,0.949
1456302601.0,3851f5d5,0.969
1456302601.0,f9e7f183,0.949
1456302601.0,e68575c0,1.019
1456302601.0,c93086be,0.979
1456302601.0,50f68290,0.979
1456302601.0,944ee682,0.969
1456302601.0,f22ce4a2,1.009
1456302601.0,d860bbee,0.929
1456302601.0,64e7e37c,0.969
1456302601.0,d37450cf,1.009
1456302601.0,4fe4aa3c,0.969
1456302601.0,ccf05044,0.939
1456302601.0,c26e2bbb,0.949
1456302601.0,7f1b1544,0.959
1456302601.0,a8bb8cc7,0.979
1456302601.0,7269da44,0.989
1456302841.0,2eb21ac8,1.009
1456302841.0,07aa2817,0.969
1456302841.0,c1bd2ad0,1.009
1456302841.0,7e9db9ce,0.979
1456302841.0,c1c42ec6,0.979
1456302841.0,a8e7b6ec,0.939
1456302841.0,5175d50a,0.979
1456302841.0,3a4ffbbf,0.969
1456302841.0,a18c9762,1.009
1456302841.0,9d116358,0.979
1456302841.0,cba53c39,1.009
1456302841.0,5da50d00,0.949
1456302841.0,909a8e2d,0.929
1456302841.0,61ef0e4f,0.929
1456302841.0,79fb50bd,0.939
1456302841.0,fd7494bd,0.979
1456302841.0,53bdc202,0.949
1456302841.0,b12129d0,0.989
1456302841.0,bd100d45,0.959
1456302841.0,d355e704,0.959
1456302841.0,82148954,0.929
1456302841.0,e6289f57,0.929
1456302841.0,3a826c9e,0.949
1456302841.0,3e50dc0d,0.939
1456302841.0,7b0b6a1b,0.939
1456302841.0,655c4244,0.989
1456302841.0,877aae3b,0.929
1456302841.0,48d20717,0.989
1456302841.0,abb42d56,0.949
1456302841.0,dfb47eed,0.929
1456302841.0,7d30b511,0.989
1456302841.0,e86bda6e,0.949
1456302841.0,e42f2550,0.949
1456302841.0,7999ba62,0.939
1456302841.0,55da4d14,0.979
1456302841.0,7b247260,0.949
1456302841.0,aeba8c59,0.959
1456302841.0,21168c26,0.979
1456302841.0,6bfedfb9,1.009
1456302841.0,609e4eb1,0.999
1456302841.0,e399a8ea,0.979
1456302841.0,2261c811,0.949
1456302841.0,ebeb80cb,0.949
1456302841.0,d62b675f,0.999
1456302841.0,c143cd5a,0.929
1456302841.0,ebcd22e7,0.959
1456302841.0,2ef24e6a,0.979
1456302841.0,45a492f6,0.949
1456302841.0,00206126,0.969
1456302841.0,472cc7af,0.959
1456302841.0,c74b9c21,0.979
1456302841.0,98d8519a,0.979
1456302841.0,3201c40b,0.979
1456302841.0,07a30a7e,0.968
1456302841.0,6a8257d5,0.999
1456302841.0,57813c32,0.949
1456302841.0,e32371df,0.999
1456302841.0,255a4603,0.959
1456302841.0,697d8735,1.019
1456302841.0,bf4ccf7b,1.009
1456302841.0,06c32dfe,0.999
1456302841.0,24a41128,0.999
1456302841.0,edcf5ae9,0.999
1456302841.0,190a2749,0.969
1456302841.0,1569342b,0.979
1456302841.0,e50f5b31,0.989
1456302841.0,bf024497,0.999
1456302841.0,c3fac240,0.999
1456302841.0,ed5d2ad9,0.979
1456302841.0,ca8f532f,0.949
1456302841.0,f551661a,0.969
1456302841.0,13d407e0,0.999
1456302841.0,c449aa2a,0.979
1456302841.0,a66ed93a,1.009
1456302841.0,c4df6669,0.979
1456302841.0,a176d119,0.979
1456302841.0,09638887,0.999
1456302841.0,eecb0e50,0.989
1456302841.0,d69a14de,0.969
1456302841.0,cb511574,0.989
1456302841.0,696e88f4,0.969
1456302841.0,222b778e,0.969
1456302841.0,c875251d,0.999
1456302841.0,8be22ce1,0.959
1456302841.0,13266d18,0.979
1456302841.0,faddd104,0.959
1456302841.0,6f5fb6ba,1.029
1456302841.0,99a73ea1,0.989
1456302841.0,c850fc61,0.959
1456302841.0,323627e3,0.999
1456302841.0,eed2b29b,0.959
1456302841.0,6f6a8c9c,0.969
1456302841.0,722bfb7b,1.009
1456302841.0,e7b24018,0.939
1456302841.0,6437efd0,0.949
1456302841.0,cc6976b2,0.999
1456302841.0,42d76a3c,0.989
1456302841.0,d7e428bf,1.019
1456302841.0,2861d5a0,0.959
1456302841.0,9cff31f0,0.969
1456302841.0,06594e01,0.969
1456302841.0,2a6983b6,0.959
1456302841.0,79ec8492,0.949
1456302841.0,ef0ae2f2,0.979
1456302841.0,4b757a5a,0.939
1456302841.0,f0359f5c,0.999
1456302841.0,bb0c12d3,0.979
1456302841.0,6949ed4a,1.009
1456302841.0,7efc6d8f,0.999
1456302841.0,9238f031,0.949
1456302841.0,1d3c1b45,0.999
1456302841.0,8f3896e1,0.989
1456302841.0,ddd69a66,1.019
1456302841.0,6d44f87b,0.969
1456302841.0,8358c467,0.979
1456302841.0,cc9e6849,0.969
1456302841.0,c2b3c7ad,0.959
1456302841.0,43b50967,0.999
1456302841.0,9827c099,0.969
1456302841.0,f77aa11c,0.959
1456302841.0,fad81120,0.979
1456302841.0,c00964ae,0.969
1456302841.0,a8085b3d,0.979
1456302841.0,9602e1b1,0.949
1456302841.0,99101bcc,1.009
1456302841.0,f0dde5e2,0.989
1456302841.0,8801e116,0.959
1456302841.0,9db07996,0.969
1456302841.0,4754c4ee,0.939
1456302841.0,209105a0,0.979
1456302841.0,f6d52050,0.999
1456302841.0,40afb361,1.019
1456302841.0,36a033f9,0.959
1456302841.0,114290a9,0.974
1456302841.0,3d1b021c,0.979
1456302841.0,35e9dc97,1.009
1456302841.0,b948058a,0.949
1456302841.0,549d95e1,0.979
1456302841.0,d9e1665f,0.969
1456302841.0,64a911b5,0.969
1456302841.0,aab15586,0.949
1456302841.0,9609842a,0.959
1456302841.0,d7cf6845,0.979
1456302841.0,8820ca40,0.989
1456302841.0,0c379bda,1.019
1456302841.0,6c18369e,1.009
1456302841.0,36a53250,0.999
1456302841.0,3c701ea8,0.949
1456302841.0,a2fd1226,0.979
1456302841.0,53b427ae,0.989
1456302841.0,c1f003e3,0.969
1456302841.0,57636a29,0.959
1456302841.0,c290b93a,0.939
1456302841.0,0f0135ae,0.969
1456302841.0,8aaabcb9,0.949
1456302841.0,65c13d89,0.959
1456302841.0,b07918a9,0.969
1456302841.0,b0854990,0.959
1456302841.0,7abeb499,0.949
1456302841.0,29e73a19,0.999
1456302841.0,396b08fd,0.949
1456302841.0,546992ee,0.949
1456302841.0,c8216f55,0.949
1456302841.0,6006af67,0.989
1456302841.0,5bb532d0,0.969
1456302841.0,15d15c6f,0.989
1456302841.0,be6d21fe,1.029
1456302841.0,b6553c9c,0.999
1456302841.0,7e67d294,0.969
1456302841.0,5e1a19db,0.999
1456302841.0,7bed69b1,0.939
1456302841.0,6fc8bedc,0.969
1456302841.0,bbc01d1b,0.929
1456302841.0,da00f579,0.989
1456302841.0,32bf0348,0.979
1456302841.0,90df0b88,0.989
1456302841.0,c17f3537,0.969
1456302841.0,6be455b0,1.009
1456302841.0,53680e05,1.019
1456302841.0,3dbfb213,0.989
1456302841.0,766e7cd2,0.949
1456302841.0,ef811cbc,0.979
1456302841.0,c32b7c81,0.949
1456302841.0,5e56181c,0.959
1456302841.0,c1d6b449,0.959
1456302841.0,bb24af7d,0.939
1456302841.0,9dd61d06,0.939
1456302841.0,a625042c,0.939
1456302841.0,5d59e18d,0.984
1456302841.0,8abb2725,0.979
1456302841.0,7156911f,0.999
1456302841.0,98acaed1,0.929
1456302841.0,d225b33f,0.999
1456302841.0,4c906d12,0.969
1456302841.0,a37cd3e6,0.979
1456302841.0,48bf5afb,0.979
1456302841.0,9bd2d468,0.939
1456302841.0,6aa8dde2,0.989
1456302841.0,addbc61c,0.989
1456302841.0,1b2eb583,0.969
1456302841.0,e7ec8759,0.979
1456302841.0,911d629d,0.929
1456302841.0,478ca3dd,0.959
1456302841.0,7144e340,0.959
1456302841.0,0da71099,0.939
1456302841.0,e9e1dabb,0.979
1456302841.0,acc75705,0.969
1456302841.0,eb4e983f,0.959
1456302841.0,decc5fc7,0.929
1456302841.0,bb39a843,0.949
1456302841.0,2eccf490,0.949
1456302841.0,6499badf,1.019
1456302841.0,d7fbc628,0.979
1456302841.0,0a7d02af,0.989
1456302841.0,2efa85d4,0.949
1456302841.0,e0bab6c8,0.949
1456302841.0,,0.959
1456302841.0,c2400430,0.999
1456302841.0,bef54869,0.989
1456302841.0,881e9700,0.999
1456302841.0,67ba0742,1.009
1456302841.0,e335e0bc,0.989
1456302841.0,ce405060,0.959
1456302841.0,3563be5a,0.969
1456302841.0,,0.999
1456302841.0,3781a133,0.959
1456302841.0,5d3d8db3,0.989
1456302841.0,6f8f49f1,0.969
1456302841.0,0324ee01,0.969
1456302841.0,24c052f2,0.999
1456302841.0,ebef875b,0.979
1456302841.0,a625d115,0.989
1456302841.0,aabcd7eb,0.999
1456302841.0,391a56de,0.949
1456302841.0,f93d7536,0.949
1456302841.0,4a79d3d5,0.949
1456302841.0,fac91609,0.999
1456302841.0,d9077691,0.979
1456302841.0,28712072,0.979
1456302841.0,067693f6,0.969
1456302841.0,02917849,0.999
1456302841.0,9cf73813,0.949
1456302841.0,ae6ec1fd,0.999
1456302841.0,4734ef79,0.979
1456302841.0,91713a4d,0.989
1456302841.0,80d93018,0.949
1456302841.0,bcce0991,0.979
1456302841.0,fc1fc595,0.989
1456302841.0,40d8f838,0.929
1456302841.0,788b07d6,0.979
1456302841.0,6fc67d43,0.979
1456302841.0,db8bff55,0.999
1456302841.0,84526a99,0.949
1456302841.0,8668e2e4,0.939
1456302841.0,,0.989
1456302841.0,c40bc606,0.979
1456302841.0,33f1db85,0.969
1456302841.0,5908f0ae,1.049
1456302841.0,328b1075,0.959
1456302841.0,7ced45b7,0.999
1456302841.0,7a64f89c,0.969
1456302841.0,b4fd97c1,0.999
1456302841.0,f5a51e57,0.969
1456302841.0,91013e76,0.989
1456302841.0,df9cde99,1.009
1456302841.0,c2aa03cb,0.969
1456302841.0,890c4fe1,0.969
1456302841.0,,0.969
1456302841.0,452d82ab,0.999
1456302841.0,397db294,0.949
1456302841.0,3813907a,0.969
1456302841.0,9705cfe5,1.009
1456302841.0,2b1d13c5,0.939
1456302841.0,02da420f,0.969
1456302841.0,,0.999
1456302841.0,f77077c1,0.999
1456302841.0,d2575398,0.999
1456302841.0,427f1026,0.979
1456302841.0,710d9693,0.969
1456302841.0,ef5fb7f7,0.969
1456302841.0,04b4f43b,0.949
1456302841.0,c5f7c662,0.939
1456302841.0,202af8f9,0.989
1456302841.0,a162b47e,0.989
1456302841.0,cc1424f8,0.969
1456302841.0,34226dec,0.959
1456302841.0,4d4039fd,0.949
1456302841.0,c30f5865,0.969
1456302841.0,79eb6d1c,0.949
1456302841.0,74439aaa,0.979
1456302841.0,8b0230d5,0.969
1456302841.0,530591a4,0.964
1456302841.0,e31720af,0.959
1456302841.0,346b37d2,0.949
1456302841.0,0a5b2682,1.009
1456302841.0,d1d61cfb,1.019
1456302841.0,164df318,1.009
1456302841.0,c1bc3b48,0.959
1456302841.0,fb6a534f,0.939
1456302841.0,be03744e,0.959
1456302841.0,1b2253f6,0.959
1456302841.0,c2a87587,0.999
1456302841.0,7961ef76,0.969
1456302841.0,96c588c8,0.959
1456302841.0,,0.989
1456302841.0,f48460b9,0.989
1456302841.0,ad16cbfe,0.949
1456302841.0,56db44d2,0.979
1456302841.0,182bd28a,0.969
1456302841.0,d83a98ce,0.969
1456302841.0,bc75cb58,0.979
1456302841.0,6a2bab6d,0.979
1456302841.0,e25fe2d7,0.969
1456302841.0,7d7f9529,0.959
1456302841.0,bc58fcd6,0.999
1456302841.0,70afbb14,0.989
1456302841.0,f93d41bc,0.979
1456302841.0,ccc808c9,0.989
1456302841.0,3f896bf8,0.939
1456302841.0,3d45d1b9,0.989
1456302841.0,10c41b90,0.999
1456302841.0,850f168b,0.999
1456302841.0,1ee9a733,0.979
1456302841.0,c33a7e9f,0.989
1456302841.0,b5d20065,0.999
1456302841.0,171447e0,0.939
1456302841.0,d473e239,0.979
1456302841.0,26058f82,0.989
1456302841.0,0ec80a86,0.939
1456302841.0,ca089b70,0.999
1456302841.0,965ccdb6,0.939
1456302841.0,f14a4629,0.959
1456302841.0,1f1e08d5,1.009
1456302841.0,f14d7030,0.929
1456302841.0,f8947f1b,0.999
1456302841.0,197f9f1a,0.989
1456302841.0,882951be,1.029
1456302841.0,087f9ad5,0.929
1456302841.0,c03e7ffa,0.949
1456302841.0,72ecbc2d,1.009
1456302841.0,5b430faa,0.989
1456302841.0,49633dc8,0.969
1456302841.0,ed23637d,0.969
1456302841.0,36dc6ea5,0.949
1456302841.0,e5e2bf67,0.959
1456302841.0,7d36a759,0.959
1456302841.0,c2f64bdc,0.959
1456302841.0,7d4e7386,0.919
1456302841.0,f9f28f31,0.969
1456302841.0,8bda8d2f,0.939
1456302841.0,c631958b,0.969
1456302841.0,2337f9ca,0.989
1456302841.0,,0.939
1456302841.0,a65b986b,1.039
1456302841.0,bbd2a218,0.979
1456302841.0,2dcfdd70,0.969
1456302841.0,2042ed0f,0.989
1456302841.0,1594dd58,0.984
1456302841.0,88cccf93,0.959
1456302841.0,531354ab,0.969
1456302841.0,27f12faa,0.969
1456302841.0,03b3aa33,0.949
1456302841.0,63fe8dd4,0.979
1456302841.0,200cf8e2,0.969
1456302841.0,4a6fab59,0.969
1456302841.0,5d4e52c0,0.989
1456302841.0,179ba00b,0.999
1456302841.0,04543b56,1.019
1456302841.0,2092821a,0.949
1456302841.0,b003d766,0.989
1456302841.0,af2f9310,0.969
1456302841.0,eabcfe38,0.984
1456302841.0,135c7773,0.979
1456302841.0,a2367d31,0.949
1456302841.0,0986d9b8,0.959
1456302841.0,a1e08fd2,0.929
1456302841.0,764a9f1e,0.949
1456302841.0,,0.999
1456302841.0,55fc2c6d,0.989
1456302841.0,3e1a04a2,0.959
1456302841.0,1c1982b4,0.929
1456302841.0,2e3a283a,0.949
1456302841.0,8d8152a0,0.979
1456302841.0,3753e98b,0.959
1456302841.0,0f245a0f,0.969
1456302841.0,37bb70be,0.989
1456302841.0,30a3ca97,0.969
1456302841.0,81f96eef,0.969
1456302841.0,92d39932,0.969
1456302841.0,bdf0a3dc,0.999
1456302841.0,2df68795,0.989
1456302841.0,b46c0713,0.999
1456302841.0,fbb2872c,0.989
1456302841.0,9ad11a57,0.979
1456302841.0,5abc5719,0.969
1456302841.0,fd921c70,0.989
1456302841.0,806d0511,0.949
1456302841.0,6b6f2493,0.959
1456302841.0,a6631f18,0.959
1456302841.0,9bcbbbc7,1.019
1456302841.0,731e56e7,0.999
1456302841.0,df3a81a4,0.969
1456302841.0,c6a1b911,0.984
1456302841.0,b2c3faec,0.979
1456302841.0,6074cd22,0.989
1456302841.0,0c9168e0,0.949
1456302841.0,b6e44119,0.969
1456302841.0,ae45fd8e,0.989
1456302841.0,8f9ca1ed,0.999
1456302841.0,3a2ce890,0.989
1456302841.0,edc52f30,0.969
1456302841.0,768030e0,0.958
1456302841.0,210e805d,0.989
1456302841.0,47c5f8f7,0.979
1456302841.0,48dfc338,0.949
1456302841.0,9572e9cf,1.009
1456302841.0,efb71c12,1.019
1456302841.0,ef29f3a1,0.989
1456302841.0,4c74fdcc,0.989
1456302841.0,d69a2326,0.999
1456302841.0,dc774502,0.979
1456302841.0,cbd96815,0.979
1456302841.0,e2800d44,0.969
1456302841.0,2d58a414,0.939
1456302841.0,16a73c7d,0.999
1456302841.0,ea971a7b,0.959
1456302841.0,58cb2ae4,0.959
1456302841.0,6770a660,0.989
1456302841.0,2f349c74,0.979
1456302841.0,003e03fc,1.009
1456302841.0,4ebc6df3,0.959
1456302841.0,c90ddd1c,0.989
1456302841.0,dc76e214,0.989
1456302841.0,0f1a4e9a,1.009
1456302841.0,1a70fd7f,0.969
1456302841.0,f5ccc280,0.979
1456302841.0,976fb373,0.969
1456302841.0,0339cb93,0.969
1456302841.0,65b91ff4,0.999
1456302841.0,ecaa161e,0.999
1456302841.0,299d6edc,0.979
1456302841.0,1170df4a,0.969
1456302841.0,5b7c410e,0.949
1456302841.0,f09149cd,0.989
1456302841.0,43a05b46,0.999
1456302841.0,f3cc2d61,0.969
1456302841.0,9acedda4,1.009
1456302841.0,48676749,0.999
1456302841.0,7387afcd,0.969
1456302841.0,888c0d95,0.969
1456302841.0,bb34de9c,0.979
1456302841.0,e21e887d,0.989
1456302841.0,3a7aff39,0.969
1456302841.0,d97307ab,0.969
1456302841.0,88dd7fc5,0.949
1456302841.0,b44da49f,0.999
1456302841.0,3506918b,0.979
1456302841.0,da19dfd3,0.989
1456302841.0,4646068e,0.969
1456302841.0,4bd28877,0.959
1456302841.0,24bf40f3,0.949
1456302841.0,4d8ede53,0.979
1456302841.0,67809b86,0.989
1456302841.0,941effa7,0.959
1456302841.0,6adb2e0c,0.939
1456302841.0,015ecd27,0.929
1456302841.0,db2c1d84,0.979
1456302841.0,41ea449e,0.989
1456302841.0,4c70c97c,1.009
1456302841.0,95256814,0.999
1456302841.0,14295632,0.939
1456302841.0,7e1e9940,0.939
1456302841.0,e83ab5b0,0.999
1456302841.0,5d5f21ff,1.009
1456302841.0,bdc0736f,0.979
1456302841.0,a291fa50,0.939
1456302841.0,5db56b1d,0.969
1456302841.0,5c88c29d,0.949
1456302841.0,42ff902d,0.989
1456302841.0,44daa76b,0.969
1456302841.0,c54c18c9,0.989
1456302841.0,5d9df6f0,0.999
1456302841.0,956c6d65,0.969
1456302841.0,d0b8a1f7,0.959
1456302841.0,b9cdf061,1.009
1456302841.0,932359af,0.999
1456302841.0,1c3b6ee2,0.979
1456302841.0,860c7ffb,0.949
1456302841.0,7e056bdf,0.989
1456302841.0,309a250b,0.969
1456302841.0,a0f41fbb,1.009
1456302841.0,f876e3e8,0.939
1456302841.0,2358eb9a,0.979
1456302841.0,a03e4bfc,1.009
1456302841.0,5f27c859,0.989
1456302841.0,b893996a,0.949
1456302841.0,7b90d598,0.939
1456302841.0,d45add49,0.989
1456302841.0,6d257c8c,0.969
1456302841.0,f659a576,1.019
1456302841.0,bcee3dc6,0.989
1456302841.0,4612acab,0.969
1456302841.0,4622dd55,0.979
1456302841.0,ed61f658,0.979
1456302841.0,d9c57dad,0.979
1456302841.0,73af7048,0.969
1456302841.0,d5c78a9b,0.939
1456302841.0,46bea8c9,0.989
1456302841.0,cf017ad5,0.959
1456302841.0,0c1688de,0.969
1456302841.0,1dad0cef,0.989
1456302841.0,51aab8d5,0.939
1456302841.0,8c9613bc,0.979
1456302841.0,bae5af8d,0.969
1456302841.0,b36ed3e1,1.009
1456302841.0,e4d02e08,0.949
1456302841.0,eeca31d3,0.999
1456302841.0,27d9a178,0.939
1456302841.0,f26c00e4,0.979
1456302841.0,dd3f23e4,0.977
1456302841.0,c16e5a7d,0.969
1456302841.0,c5cfc7a6,1.079
1456302841.0,2638af68,0.979
1456302841.0,21a51aa6,0.979
1456302841.0,87c19f02,0.959
1456302841.0,0570dbe0,0.939
1456302841.0,e1cf4b4c,1.009
1456302841.0,83c94fc4,0.959
1456302841.0,d6c505e9,0.989
1456302841.0,f0910caa,1.009
1456302841.0,a23d5fdf,0.999
1456302841.0,a3480cfc,0.989
1456302841.0,6b248588,0.929
1456302841.0,89d5bd42,0.969
1456302841.0,18e5d4af,0.999
1456302841.0,e395d76d,0.999
1456302841.0,2fc85e52,0.969
1456302841.0,5fd30b48,1.009
1456302841.0,0cca58b4,1.009
1456302841.0,57970dd5,0.999
1456302841.0,bd3093f4,0.949
1456302841.0,99d09a30,0.999
1456302841.0,c82a22de,0.959
1456302841.0,f2e88219,0.979
1456302841.0,9b50c0c7,0.949
1456302841.0,77b1dec8,0.989
1456302841.0,19c8f617,0.989
1456302841.0,dbb6df9e,1.019
1456302841.0,cf3dfe31,0.979
1456302841.0,e9f34b51,0.979
1456302841.0,af91c953,0.999
1456302841.0,3f2144a4,0.969
1456302841.0,502fb54b,0.999
1456302841.0,c1599ca9,1.019
1456302841.0,823a371f,0.979
1456302841.0,c327932b,1.009
1456302841.0,,0.959
1456302841.0,610132a0,1.009
1456302841.0,f061e4b5,0.929
1456302841.0,0f96b386,0.969
1456302841.0,a489065a,0.999
1456302841.0,833241cf,0.999
1456302841.0,28b3e0b6,0.959
1456302841.0,5cbc21f8,0.989
1456302841.0,64735bee,0.989
1456302841.0,79ee5792,0.999
1456302841.0,9dd2f35d,1.009
1456303081.0,715587a7,0.939
1456303081.0,ea3de48b,0.999
1456303081.0,ec0fb2ce,0.989
1456303081.0,58e4c668,0.989
1456303081.0,2426c149,0.929
1456303081.0,da9fe8af,0.979
1456303081.0,7eac0db9,0.919
1456303081.0,5881460a,0.979
1456303081.0,09da3c04,0.989
1456303081.0,caaf83c5,0.929
1456303081.0,3c5b5221,0.959
1456303081.0,8ac847f6,0.959
1456303081.0,c6cd3146,0.989
1456303081.0,df009d5a,0.949
1456303081.0,d62b675f,0.999
1456303081.0,89b4dcbb,0.969
1456303081.0,eabf987d,0.939
1456303081.0,b524582e,0.979
1456303081.0,3277bf79,0.959
1456303081.0,dad17cc9,0.969
1456303081.0,2db0e1c7,0.989
1456303081.0,dd239a42,0.989
1456303081.0,a1de4c4f,0.999
1456303081.0,32167d7b,0.959
1456303081.0,3009a412,1.119
1456303081.0,db49e9d2,0.979
1456303081.0,b7218e20,0.999
1456303081.0,06f8b9dc,0.999
1456303081.0,974b1cae,0.999
1456303081.0,ceefde2a,0.949
1456303081.0,86f33ae2,0.939
1456303081.0,0fd4a5a3,0.949
1456303081.0,b86ca5b3,0.949
1456303081.0,17e38b8d,0.959
1456303081.0,df7fa5fe,0.929
1456303081.0,2228d8bc,0.989
1456303081.0,6168ea65,1.009
1456303081.0,2820e4a6,0.939
1456303081.0,f9191716,0.999
1456303081.0,bbf56463,0.959
1456303081.0,4b229f4e,0.999
1456303081.0,57842eba,0.939
1456303081.0,5798eb33,0.959
1456303081.0,d5a86b4b,1.089
1456303081.0,5110f142,0.979
1456303081.0,d0ecac7c,0.989
1456303081.0,e1307a34,0.979
1456303081.0,98cb49b1,1.009
1456303081.0,39175664,0.949
1456303081.0,7d020a61,0.989
1456303081.0,b9930116,0.969
1456303081.0,0db4d96c,0.969
1456303081.0,8dbae4c1,0.959
1456303081.0,1bbf25c0,0.969
1456303081.0,e2266b20,0.989
1456303081.0,41618289,1.019
1456303081.0,46c099d0,0.939
1456303081.0,90004d8a,0.949
1456303081.0,1e85a7ee,0.999
1456303081.0,1ad0b27a,0.989
1456303081.0,a64ec2ce,0.979
1456303081.0,da3e3f70,0.989
1456303081.0,ea2d6eca,0.989
1456303081.0,e8aac149,0.969
1456303081.0,12aafa0c,0.954
1456303081.0,00d41319,0.929
1456303081.0,5e4600be,0.959
1456303081.0,880fa3fb,0.969
1456303081.0,e41a3569,0.929
1456303081.0,b0a76bca,0.989
1456303081.0,20772809,0.989
1456303081.0,533ac141,0.989
1456303081.0,7b47d35b,0.959
1456303081.0,d39098c4,1.029
1456303081.0,06aae991,0.959
1456303081.0,02797da2,0.999
1456303081.0,610a0f34,0.969
1456303081.0,0998aab1,0.959
1456303081.0,548c8c9c,0.989
1456303081.0,fdd7a859,0.979
1456303081.0,ef878178,0.989
1456303081.0,08506b59,0.959
1456303081.0,e96cd138,0.939
1456303081.0,c6380930,0.939
1456303081.0,3e68f1c7,0.999
1456303081.0,89d43501,0.969
1456303081.0,eca8b228,0.989
1456303081.0,9cfce39c,0.949
1456303081.0,d6e3342a,0.969
1456303081.0,f5815103,0.999
1456303081.0,ac1ca792,0.999
1456303081.0,796a098a,0.989
1456303081.0,d821f222,0.989
1456303081.0,cead4e62,0.989
1456303081.0,3580f1ac,1.019
1456303081.0,909da1d9,0.959
1456303081.0,f84b6775,0.999
1456303081.0,e6c64a05,0.949
1456303081.0,0fd8b490,0.959
1456303081.0,4cd27bd4,0.969
1456303081.0,9547004b,0.949
1456303081.0,e7dc4cd2,1.009
1456303081.0,e1bc26f0,0.979
1456303081.0,916aaf2f,0.969
1456303081.0,8b670386,0.989
1456303081.0,65c13d89,0.959
1456303081.0,bd0953f8,0.969
1456303081.0,4a852856,0.989
1456303081.0,cadc6575,0.999
1456303081.0,c76945cf,0.979
1456303081.0,182d46ad,0.979
1456303081.0,8c5d615e,1.009
1456303081.0,131436f2,0.989
1456303081.0,3b3dda8f,0.969
1456303081.0,9520ba7c,0.959
1456303081.0,058b068a,0.949
1456303081.0,507d25cf,1.029
1456303081.0,c2cb0818,0.959
1456303081.0,80c4f678,0.969
1456303081.0,2ff0d839,0.949
1456303081.0,7f9a33f8,0.989
1456303081.0,82198727,0.969
1456303081.0,438b0f85,0.949
1456303081.0,00a4579d,0.949
1456303081.0,ddaccd3e,0.979
1456303081.0,c0b30328,1.009
1456303081.0,6567da70,0.949
1456303081.0,ef0bc256,0.979
1456303081.0,470345fb,1.009
1456303081.0,2bb1e7cb,0.999
1456303081.0,c4ac8df0,1.009
1456303081.0,edd40aaa,1.009
1456303081.0,bebb76d2,0.959
1456303081.0,235c0c8c,1.029
1456303081.0,c32b7c81,0.959
1456303081.0,ad4d142d,0.959
1456303081.0,b71681a4,0.989
1456303081.0,72162ebe,0.989
1456303081.0,883007ed,0.999
1456303081.0,504da010,0.989
1456303081.0,a441d45c,0.949
1456303081.0,62e5651b,0.959
1456303081.0,2f3717cf,0.979
1456303081.0,65868958,0.969
1456303081.0,d4b5646a,0.989
1456303081.0,6f2ba4ed,0.979
1456303081.0,867677f2,0.939
1456303081.0,4cd3d126,0.959
1456303081.0,41c579d4,0.929
1456303081.0,53410888,0.929
1456303081.0,bc509654,0.959
1456303081.0,ea80ce64,0.949
1456303081.0,eb79ce7f,0.989
1456303081.0,2132dc97,0.959
1456303081.0,1d736429,0.969
1456303081.0,a8c6b173,0.979
1456303081.0,9f7a9267,0.969
1456303081.0,7f3fc915,0.979
1456303081.0,b45d7a66,0.979
1456303081.0,e546cc05,0.989
1456303081.0,e6b01768,0.969
1456303081.0,411372b9,1.009
1456303081.0,9da51b85,0.989
1456303081.0,b0471346,0.959
1456303081.0,b3fefca1,0.969
1456303081.0,dc2aecd3,0.959
1456303081.0,39b11db0,1.009
1456303081.0,8caf6dad,0.989
1456303081.0,04583028,0.989
1456303081.0,258c7298,0.949
1456303081.0,2d673aaf,0.989
1456303081.0,fac7adae,0.989
1456303081.0,52aedb7d,0.909
1456303081.0,abf096af,0.919
1456303081.0,ed221b09,0.989
1456303081.0,0fb8b04e,0.999
1456303081.0,7301ae23,1.009
1456303081.0,010fdae7,0.979
1456303081.0,24523b3b,0.979
1456303081.0,82e87a14,0.939
1456303081.0,60187048,0.929
1456303081.0,440673be,0.989
1456303081.0,cb40cd62,0.929
1456303081.0,905563bb,0.929
1456303081.0,03a8f542,0.989
1456303081.0,b884bbc1,0.959
1456303081.0,c52d9727,0.979
1456303081.0,476699aa,0.939
1456303081.0,e705c307,0.919
1456303081.0,dc2d8878,0.969
1456303081.0,7636eabf,0.949
1456303081.0,5b60b9f6,0.969
1456303081.0,2748662b,0.989
1456303081.0,9aa6fe97,0.949
1456303081.0,2d084788,0.949
1456303081.0,e4d30463,0.949
1456303081.0,2c1a8318,0.989
1456303081.0,a9ac5dea,0.989
1456303081.0,e9e141d7,0.989
1456303081.0,657861bc,0.969
1456303081.0,8a338e32,0.949
1456303081.0,6d3828b0,0.959
1456303081.0,b0777eff,0.999
1456303081.0,2e51dede,0.919
1456303081.0,6c60b697,0.949
1456303081.0,e27ca798,0.969
1456303081.0,9f37e0a2,0.979
1456303081.0,7e2a8251,0.989
1456303081.0,36728450,0.969
1456303081.0,6ba4d917,0.97
1456303081.0,27d37db7,0.979
1456303081.0,b67ae9fe,0.959
1456303081.0,80340164,1.009
1456303081.0,475377c3,0.979
1456303081.0,56277da5,0.959
1456303081.0,d4024d48,0.999
1456303081.0,990356d6,0.979
1456303081.0,4e56b21e,0.939
1456303081.0,ccf6a6c3,0.989
1456303081.0,b1d87758,0.949
1456303081.0,81568252,0.959
1456303081.0,f6e29329,0.949
1456303081.0,20021fca,0.969
1456303081.0,ed416c52,0.979
1456303081.0,3981324c,0.969
1456303081.0,5d73d979,0.969
1456303081.0,5d5ce6c9,0.979
1456303081.0,ae5da76e,0.949
1456303081.0,d7cd0f44,0.949
1456303081.0,bfc6b6eb,0.959
1456303081.0,6b5b80c3,0.949
1456303081.0,7fd3e47e,0.969
1456303081.0,b1ca0ed3,0.969
1456303081.0,be60701b,1.009
1456303081.0,,0.989
1456303081.0,5325ade4,0.979
1456303081.0,457bd3fb,0.969
1456303081.0,b563f7fe,0.969
1456303081.0,dac2d51e,0.999
1456303081.0,98e9a25d,0.979
1456303081.0,2725d7d3,0.959
1456303081.0,53758d2b,0.959
1456303081.0,6c8423e1,0.949
1456303081.0,79f60a97,0.969
1456303081.0,64808918,0.969
1456303081.0,b7f65739,0.969
1456303081.0,6027b071,0.969
1456303081.0,d82d3ed0,0.969
1456303081.0,bde06776,0.979
1456303081.0,443ddb72,0.969
1456303081.0,561829d6,0.939
1456303081.0,38b5e14e,0.959
1456303081.0,96c236e7,0.989
1456303081.0,1dbcc94c,0.959
1456303081.0,30ac5a0c,0.949
1456303081.0,04d0ae1e,0.969
1456303081.0,f7de9c1d,0.989
1456303081.0,3b9d2939,0.929
1456303081.0,9d39ae37,0.959
1456303081.0,b36bbe84,0.959
1456303081.0,337bdfc2,0.969
1456303081.0,17127e8d,0.949
1456303081.0,6d10aa30,1.009
1456303081.0,60615088,0.979
1456303081.0,2cf05648,0.949
1456303081.0,e4de6238,1.029
1456303081.0,5e6ec38a,0.979
1456303081.0,071ee1b4,1.019
1456303081.0,6e565eb4,0.969
1456303081.0,41170479,0.999
1456303081.0,88e14741,0.949
1456303081.0,bdd3f5c9,0.969
1456303081.0,51266623,0.969
1456303081.0,49c222c8,0.989
1456303081.0,90789f94,0.949
1456303081.0,e6ebe240,0.959
1456303081.0,7adf8914,0.959
1456303081.0,76ee34f4,0.959
1456303081.0,78962747,1.029
1456303081.0,e181d5d0,0.979
1456303081.0,2e852031,0.969
1456303081.0,8ac64b4e,0.989
1456303081.0,85a2d988,0.979
1456303081.0,01b60b00,1.009
1456303081.0,1d76bf20,0.959
1456303081.0,a1df5d1b,0.979
1456303081.0,d18613bf,0.949
1456303081.0,d56999f7,0.999
1456303081.0,69539d07,0.949
1456303081.0,85d39803,0.989
1456303081.0,55c0201d,0.969
1456303081.0,6b72bc31,0.989
1456303081.0,f53d423d,1.019
1456303081.0,ce519ed4,0.979
1456303081.0,93407b90,0.979
1456303081.0,8fcd6088,0.999
1456303081.0,5a5bd833,0.969
1456303081.0,26ae107e,0.959
1456303081.0,9e3fd3b1,0.939
1456303081.0,2d5c56d1,0.949
1456303081.0,ebfecca5,0.959
1456303081.0,c27cff48,0.989
1456303081.0,cdf21700,0.959
1456303081.0,1e3f04ab,0.979
1456303081.0,180c401e,0.989
1456303081.0,47d3a82e,0.969
1456303081.0,ae7d5dd1,0.979
1456303081.0,29a14f86,1.009
1456303081.0,9fde81ae,0.999
1456303081.0,96735449,0.999
1456303081.0,f4281f38,0.919
1456303081.0,2660a5d2,0.969
1456303081.0,11fd2741,0.959
1456303081.0,72d303e8,0.979
1456303081.0,4b75217a,0.989
1456303081.0,72567073,0.969
1456303081.0,374e91b4,0.969
1456303081.0,59d4a720,0.959
1456303081.0,324dc3f8,0.989
1456303081.0,f7fc57ea,1.019
1456303081.0,75151463,0.969
1456303081.0,7333f093,0.959
1456303081.0,a260f4a5,0.969
1456303081.0,795efed5,0.929
1456303081.0,72ecbc2d,1.009
1456303081.0,4f9d836e,0.979
1456303081.0,e57ad6a0,0.979
1456303081.0,a975f508,0.989
1456303081.0,052c8059,0.919
1456303081.0,0db94a7a,0.989
1456303081.0,e3669521,0.989
1456303081.0,0a6562b8,0.969
1456303081.0,c0911b94,0.969
1456303081.0,6cc83f71,0.969
1456303081.0,725ea57f,0.939
1456303081.0,c6cbdee5,0.999
1456303081.0,212fd8e9,0.989
1456303081.0,37df3e29,0.999
1456303081.0,d4b2d77f,0.969
1456303081.0,74004306,0.939
1456303081.0,f322d52b,0.999
1456303081.0,15807244,0.989
1456303081.0,c17488ae,0.959
1456303081.0,460c213f,0.939
1456303081.0,c4395b95,0.979
1456303081.0,dab2adef,0.969
1456303081.0,1708f0d6,0.949
1456303081.0,66e5052b,0.979
1456303081.0,04543b56,0.979
1456303081.0,ebefc91b,0.999
1456303081.0,792fb82d,0.999
1456303081.0,9beb1b98,0.969
1456303081.0,12389609,0.969
1456303081.0,07404fa2,0.959
1456303081.0,1762464c,0.979
1456303081.0,2212e62a,0.969
1456303081.0,9bfdebe0,1.019
1456303081.0,7f2c7280,0.989
1456303081.0,53d2ed19,1.009
1456303081.0,6000fe5e,0.959
1456303081.0,2c2152b5,0.959
1456303081.0,a8154896,0.969
1456303081.0,057738a5,0.949
1456303081.0,7117c935,0.949
1456303081.0,78ed45ec,0.929
1456303081.0,27544315,0.959
1456303081.0,bf12232f,0.969
1456303081.0,07ccba78,0.999
1456303081.0,3fb149fc,0.949
1456303081.0,53070d21,0.969
1456303081.0,5abc5719,0.959
1456303081.0,790c4be8,0.979
1456303081.0,d6831509,0.989
1456303081.0,eb8520ef,0.989
1456303081.0,bc4f26f3,1.039
1456303081.0,9c4972e3,0.949
1456303081.0,7eb639ab,0.989
1456303081.0,38716c97,0.999
1456303081.0,a0df1a9c,1.009
1456303081.0,a76feaa2,0.959
1456303081.0,a5ef49c6,0.979
1456303081.0,f333e2b9,0.979
1456303081.0,c3326313,0.939
1456303081.0,4d91361c,0.979
1456303081.0,937baa0c,0.989
1456303081.0,0e995a71,0.949
1456303081.0,74d89e9b,0.989
1456303081.0,a6d4d300,0.979
1456303081.0,4a5ba0e5,0.969
1456303081.0,deaa8f7b,0.969
1456303081.0,982ba5cc,0.949
1456303081.0,9536d208,0.959
1456303081.0,bdd46409,0.989
1456303081.0,ce6b83b7,0.989
1456303081.0,409b2b7e,0.969
1456303081.0,ce5b6ffc,0.939
1456303081.0,,0.979
1456303081.0,2f3a2b7b,0.969
1456303081.0,75bc1c25,0.999
1456303081.0,504126f8,1.009
1456303081.0,52303ab3,0.999
1456303081.0,1cb6dd4e,1.019
1456303081.0,4ebc6df3,0.949
1456303081.0,76b10566,0.939
1456303081.0,6e899248,0.969
1456303081.0,f11ba63d,0.989
1456303081.0,adda6336,1.009
1456303081.0,aa0cc0ae,0.949
1456303081.0,d1002658,0.999
1456303081.0,54352ce8,0.989
1456303081.0,5efe6620,0.959
1456303081.0,76cc63cc,0.989
1456303081.0,5c0dc2e6,0.999
1456303081.0,c98bc98a,0.939
1456303081.0,4d79856a,0.959
1456303081.0,c98807b3,0.979
1456303081.0,30cf0bb4,0.989
1456303081.0,44aa767f,0.979
1456303081.0,41b2d714,1.009
1456303081.0,de8bd970,0.989
1456303081.0,6f4273c4,0.989
1456303081.0,078685c9,0.959
1456303081.0,c8d4613a,0.929
1456303081.0,ab899df0,1.029
1456303081.0,7a3844f2,0.929
1456303081.0,10f4b8f5,0.989
1456303081.0,d72d099c,0.989
1456303081.0,9b0f9cb3,0.949
1456303081.0,411533c8,0.949
1456303081.0,a46de094,0.989
1456303081.0,1b5356f1,0.969
1456303081.0,69e811f1,0.969
1456303081.0,270ee8bf,0.979
1456303081.0,40e47eaa,0.959
1456303081.0,95568ef1,0.949
1456303081.0,d49e5d4c,0.939
1456303081.0,e076eba6,0.969
1456303081.0,8a4440a7,0.969
1456303081.0,db97e7b4,0.949
1456303081.0,f8f041cb,0.999
1456303081.0,ac394be0,0.959
1456303081.0,3e921ea2,0.969
1456303081.0,c6cff611,0.989
1456303081.0,069e66bc,0.949
1456303081.0,1543d9a2,0.969
1456303081.0,0764c8b7,0.989
1456303081.0,1c52e235,0.999
1456303081.0,a4338625,1.009
1456303081.0,f09abf51,0.979
1456303081.0,63a9da40,0.989
1456303081.0,d34f18ac,0.989
1456303081.0,f0d226b8,0.949
1456303081.0,07f1bf63,0.949
1456303081.0,76f9948e,0.949
1456303081.0,3e32276d,0.969
1456303081.0,a5312f3b,0.979
1456303081.0,65beaeab,0.929
1456303081.0,0f7cd5d5,0.939
1456303081.0,30f8c62f,0.999
1456303081.0,85e6cd0f,0.999
1456303081.0,925baf40,0.979
1456303081.0,364488f7,0.969
1456303081.0,801a4bcc,0.929
1456303081.0,210e50b8,0.969
1456303081.0,27ed450f,0.999
1456303081.0,74776924,0.949
1456303081.0,3734af20,0.949
1456303081.0,efdbec8f,0.979
1456303081.0,,0.999
1456303081.0,e1936457,0.969
1456303081.0,e4dcc2ad,0.989
1456303081.0,193d5fa7,0.969
1456303081.0,8bbd302b,0.939
1456303081.0,fc85b951,0.979
1456303081.0,73e22345,0.959
1456303081.0,00d6d029,0.969
1456303081.0,38f5a01f,0.979
1456303081.0,a67c83ad,0.979
1456303081.0,5df9b393,0.979
1456303081.0,,0.999
1456303081.0,3be6fb85,0.979
1456303081.0,e5cba29c,0.989
1456303081.0,2bb40266,0.999
1456303081.0,d4f7e2c6,0.989
1456303081.0,cf57d1bf,1.009
1456303081.0,716fcfe5,0.969
1456303081.0,94ca27a8,0.949
1456303081.0,d2c2433a,0.989
1456303081.0,e2825c07,0.979
1456303081.0,34b739ce,1.009
1456303081.0,fe0014ec,0.989
1456303081.0,741c727e,0.999
1456303081.0,75167b82,0.989
1456303081.0,9d668c87,0.959
1456303081.0,b53fe392,0.939
1456303081.0,c1b38961,0.999
1456303081.0,e3a2ddca,0.959
1456303081.0,2c831a38,0.969
1456303081.0,bd9f0dd9,0.989
1456303081.0,447b405d,0.989
1456303081.0,5780923a,0.989
1456303081.0,7f89e6f0,0.949
1456303081.0,f50a208b,0.979
1456303081.0,950d79ab,0.989
1456303081.0,d5f0bacd,0.929
1456303081.0,eac805c4,0.989
1456303081.0,1f59edd4,0.989
1456303081.0,b7d1ee3a,1.019
1456303081.0,71e79520,0.989
1456303081.0,6b4ba54d,0.989
1456303081.0,ee9738ce,0.959
1456303081.0,b927af62,0.989
1456303081.0,87cd0504,0.979
1456303081.0,565eeda5,1.109
1456303081.0,28664934,0.979
1456303081.0,bc1f7e5b,0.949
1456303081.0,aee35b92,0.949
1456303081.0,24a245f5,1.029
1456303081.0,218fd480,0.989
1456303081.0,,0.989
1456303081.0,a5e3beef,0.999
1456303081.0,0aa739fb,0.989
1456303321.0,73142f8b,0.999
1456303321.0,2fbb9c5a,0.969
1456303321.0,746c4a4d,0.999
1456303321.0,b5cf690e,0.959
1456303321.0,30b83a68,0.979
1456303321.0,317387f0,0.969
1456303321.0,778f55da,0.979
1456303321.0,e8fba845,0.989
1456303321.0,e1320330,0.959
1456303321.0,dfe43ff9,0.929
1456303321.0,d53e3a60,0.979
1456303321.0,19838731,0.949
1456303321.0,3c8508a5,0.929
1456303321.0,3b40de08,0.929
1456303321.0,d6a85f7b,0.979
1456303321.0,42821895,0.969
1456303321.0,bd167c7d,0.969
1456303321.0,37649bcc,0.949
1456303321.0,ad7e1163,0.979
1456303321.0,e10ccff9,0.959
1456303321.0,c928ed36,0.979
1456303321.0,64ac75f0,0.969
1456303321.0,f366e8d4,0.959
1456303321.0,09da3c04,0.949
1456303321.0,7ccc3654,0.929
1456303321.0,85037928,0.979
1456303321.0,f527efec,0.949
1456303321.0,671a83b1,0.969
1456303321.0,ef296ca3,0.979
1456303321.0,061deeda,0.979
1456303321.0,cb7b59b6,0.989
1456303321.0,549a242e,0.999
1456303321.0,264d6745,0.959
1456303321.0,844f1480,0.939
1456303321.0,a9740f4d,0.929
1456303321.0,0d053eb3,0.989
1456303321.0,9cdd4f3a,0.949
1456303321.0,c3a73e2d,0.959
1456303321.0,3133beb1,0.979
1456303321.0,a6575e4e,0.959
1456303321.0,2181a96b,0.959
1456303321.0,86832214,0.959
1456303321.0,5f67b593,0.949
1456303321.0,1d57ebaf,0.969
1456303321.0,995401c6,0.989
1456303321.0,f754cf3e,0.969
1456303321.0,3aecb034,0.989
1456303321.0,896f2819,0.999
1456303321.0,7a8bfc02,0.989
1456303321.0,cc1b41c2,1.009
1456303321.0,f38a8116,0.969
1456303321.0,24a41128,0.999
1456303321.0,fe18c405,0.999
1456303321.0,d5fd7f0e,0.959
1456303321.0,ee75d139,0.969
1456303321.0,06c6d7b1,0.969
1456303321.0,2228d8bc,0.969
1456303321.0,45bd4b76,0.929
1456303321.0,971048ac,0.999
1456303321.0,53db0fe7,0.999
1456303321.0,44e9da67,0.939
1456303321.0,0ea03633,0.959
1456303321.0,a72d491e,0.949
1456303321.0,e9abc101,0.979
1456303321.0,86a500f1,0.969
1456303321.0,b9e8287e,0.959
1456303321.0,572bb7e5,0.999
1456303321.0,cb511574,0.979
1456303321.0,3b11c17c,1.009
1456303321.0,bedbc8dd,0.999
1456303321.0,9a249d55,0.979
1456303321.0,f044b2d1,1.009
1456303321.0,e2266b20,0.989
1456303321.0,c67cc2dd,0.989
1456303321.0,b46b0917,0.979
1456303321.0,d7e428bf,1.009
1456303321.0,4b06da23,0.989
1456303321.0,645f5296,0.929
1456303321.0,18ff9945,0.979
1456303321.0,14d6c87e,0.999
1456303321.0,85e51241,0.999
1456303321.0,0b96eaac,0.959
1456303321.0,f868a6b6,0.989
1456303321.0,2731c4c9,0.969
1456303321.0,354f6a44,0.979
1456303321.0,17d98ba9,0.969
1456303321.0,69a2d28e,0.969
1456303321.0,113d0a42,0.979
1456303321.0,76a9774c,0.999
1456303321.0,cbf8e978,0.969
1456303321.0,a1c28fee,0.979
1456303321.0,db422f1f,0.949
1456303321.0,93b523f0,1.139
1456303321.0,a9b1239f,0.959
1456303321.0,e77693ae,0.979
1456303321.0,610a0f34,0.969
1456303321.0,663bd568,0.989
1456303321.0,f5ddff39,0.959
1456303321.0,0aa181fc,0.969
1456303321.0,1cd02c26,0.999
1456303321.0,0200140f,0.979
1456303321.0,fbeaeec8,0.989
1456303321.0,c21cd25b,0.979
1456303321.0,34b4a600,0.969
1456303321.0,a2459b61,0.989
1456303321.0,ef3ecd77,0.979
1456303321.0,3fd4709d,1.009
1456303321.0,265fe46d,0.939
1456303321.0,a8dbe3f9,0.969
1456303321.0,26faab3e,0.999
1456303321.0,785d1098,0.999
1456303321.0,1d3d3ee8,0.969
1456303321.0,0fd8b490,0.959
1456303321.0,51885ea3,0.949
1456303321.0,0e6a4b4f,1.009
1456303321.0,d854b7df,0.949
1456303321.0,9830928e,0.989
1456303321.0,fe9290cc,0.969
1456303321.0,e31f4b76,0.979
1456303321.0,050d62ae,0.979
1456303321.0,628e1099,0.979
1456303321.0,ca13e033,0.939
1456303321.0,0d7322ac,0.969
1456303321.0,e7c76ce2,0.969
1456303321.0,dafe4162,0.979
1456303321.0,6551e91d,0.979
1456303321.0,9b1f0c3c,0.969
1456303321.0,d1cab319,0.979
1456303321.0,8c19e662,0.969
1456303321.0,5e2800be,0.959
1456303321.0,86e62d91,0.969
1456303321.0,acbfa560,0.969
1456303321.0,cf25dcdb,0.999
1456303321.0,a4a196e4,0.989
1456303321.0,287b8e5b,0.989
1456303321.0,53680e05,1.009
1456303321.0,86b711fa,0.999
1456303321.0,eca01ef8,0.999
1456303321.0,d59d4bb4,0.969
1456303321.0,6819963e,0.959
1456303321.0,123a197a,0.969
1456303321.0,c302d35e,0.949
1456303321.0,14b2ac02,0.999
1456303321.0,d5d9e64c,0.999
1456303321.0,e527ee65,0.999
1456303321.0,6ba4e2d1,0.999
1456303321.0,1d06a6fd,0.989
1456303321.0,504da010,0.979
1456303321.0,edf38f90,0.989
1456303321.0,5e86ff24,0.939
1456303321.0,806f9030,0.949
1456303321.0,7e3542f5,0.989
1456303321.0,520a4a19,0.969
1456303321.0,819ea283,0.939
1456303321.0,3d5353b9,1.009
1456303321.0,45b03d62,0.949
1456303321.0,1ac7a349,0.969
1456303321.0,4b507efb,0.959
1456303321.0,a3599c26,0.959
1456303321.0,2a937026,0.979
1456303321.0,bc29eda7,0.989
1456303321.0,d14d8358,0.999
1456303321.0,45e18000,0.959
1456303321.0,3d592311,0.959
1456303321.0,3b746ea0,0.929
1456303321.0,bd03317d,0.969
1456303321.0,997e716d,0.989
1456303321.0,75dd982a,0.949
1456303321.0,a82492d6,0.989
1456303321.0,3275ca99,0.989
1456303321.0,c1d8560d,0.989
1456303321.0,da3bff43,0.959
1456303321.0,c8da9d10,0.949
1456303321.0,7df2f7b0,0.919
1456303321.0,bed52cfb,0.999
1456303321.0,e9a8e0dc,0.939
1456303321.0,c296d5cd,0.949
1456303321.0,eb0ad874,0.939
1456303321.0,1e16b905,0.949
1456303321.0,fd9b3ee5,0.979
1456303321.0,d33b9af4,0.959
1456303321.0,ffb71aa8,0.939
1456303321.0,adaf8fbc,0.969
1456303321.0,75e3e514,0.989
1456303321.0,6a9f527e,0.959
1456303321.0,5098a1d8,0.939
1456303321.0,0b54afc6,0.969
1456303321.0,613352d7,0.979
1456303321.0,6499badf,1.019
1456303321.0,a9e7d486,0.979
1456303321.0,d0407554,0.959
1456303321.0,3a474dd3,1.009
1456303321.0,23dfefb8,0.979
1456303321.0,f474d5b0,1.009
1456303321.0,20156578,0.929
1456303321.0,ec99cf72,0.989
1456303321.0,cdf74228,0.969
1456303321.0,2276c640,0.959
1456303321.0,f53c5155,1.039
1456303321.0,c743acd1,0.949
1456303321.0,d51ef3f5,0.959
1456303321.0,9279854d,0.979
1456303321.0,fcbe2ffd,0.939
1456303321.0,24ee36a0,0.989
1456303321.0,457bd3fb,0.949
1456303321.0,31172c6e,0.929
1456303321.0,e5b98666,0.969
1456303321.0,79555dbb,0.949
1456303321.0,33972c60,0.969
1456303321.0,ee57ce17,0.969
1456303321.0,e55033ae,0.939
1456303321.0,6809dfa8,0.959
1456303321.0,444273fb,0.979
1456303321.0,36531cac,0.929
1456303321.0,fd19fab6,0.989
1456303321.0,abda856d,0.979
1456303321.0,fbcad1cd,0.959
1456303321.0,846c2ab2,0.959
1456303321.0,79f60a97,0.959
1456303321.0,e00e317c,1.009
1456303321.0,a97b419d,0.989
1456303321.0,,0.969
1456303321.0,e70bbd05,1.009
1456303321.0,64e9b77c,0.969
1456303321.0,066bd102,0.989
1456303321.0,3de5ce2e,0.969
1456303321.0,6d8d97a4,0.979
1456303321.0,0d5cad1c,0.949
1456303321.0,ff485bff,0.969
1456303321.0,70ff20bb,0.989
1456303321.0,ff922650,0.959
1456303321.0,f1f7bee8,0.959
1456303321.0,52628b2e,0.969
1456303321.0,,0.969
1456303321.0,17bc7e07,0.989
1456303321.0,4fadcb9d,0.979
1456303321.0,96fed1a2,0.969
1456303321.0,ccd1f9f2,1.009
1456303321.0,59214d4e,0.999
1456303321.0,0b36f9ce,1.009
1456303321.0,e8789a9a,0.989
1456303321.0,a9e224de,0.959
1456303321.0,f5acb0ce,0.979
1456303321.0,7683a8c0,0.999
1456303321.0,61149352,0.999
1456303321.0,278329af,0.959
1456303321.0,e3e4bea8,0.959
1456303321.0,c1dfd045,0.999
1456303321.0,,0.979
1456303321.0,8845e1a5,0.989
1456303321.0,099e78c7,0.959
1456303321.0,c5d12e92,0.959
1456303321.0,09d9579a,0.969
1456303321.0,6aa3e966,0.969
1456303321.0,546336fa,0.949
1456303321.0,76176c12,0.959
1456303321.0,a55edb00,0.969
1456303321.0,8fb53921,0.989
1456303321.0,a1ca21f6,0.939
1456303321.0,5a819f8f,0.949
1456303321.0,2fc8ca29,1.009
1456303321.0,4d0a22fb,0.969
1456303321.0,b8aae107,0.989
1456303321.0,bc723644,0.989
1456303321.0,6ae406fe,0.939
1456303321.0,8b68e5d5,0.999
1456303321.0,f2b5514e,0.999
1456303321.0,8fcd6088,0.959
1456303321.0,e766a873,0.999
1456303321.0,38cc0cb5,0.959
1456303321.0,f4333371,0.999
1456303321.0,,0.969
1456303321.0,25a7d9dc,0.969
1456303321.0,79ddc5ca,1.009
1456303321.0,4c1bb47a,0.959
1456303321.0,b791cb2d,0.959
1456303321.0,864611cd,0.969
1456303321.0,d2b45043,0.979
1456303321.0,ab4da979,0.989
1456303321.0,285927ae,0.959
1456303321.0,1d287189,0.949
1456303321.0,8fd505db,0.979
1456303321.0,796a3cec,0.939
1456303321.0,dbdc1743,0.999
1456303321.0,6f5e3368,0.999
1456303321.0,4e3aa155,0.969
1456303321.0,60deaffb,0.989
1456303321.0,9cd812fc,0.979
1456303321.0,6643d108,0.959
1456303321.0,ce73fb63,0.949
1456303321.0,82cff99e,0.959
1456303321.0,820ce6ed,0.969
1456303321.0,22521c52,1.009
1456303321.0,8149fe8b,0.989
1456303321.0,09e2fa96,0.949
1456303321.0,7a630a93,0.949
1456303321.0,3487a048,0.949
1456303321.0,997db707,0.929
1456303321.0,c9d0b757,0.929
1456303321.0,4e131669,0.959
1456303321.0,4367b614,0.959
1456303321.0,a8582781,0.999
1456303321.0,03b3aa33,0.949
1456303321.0,179ba00b,0.989
1456303321.0,1e5cdac4,0.974
1456303321.0,b5e27e69,0.939
1456303321.0,2e047349,0.949
1456303321.0,1b1894a9,0.999
1456303321.0,06585eed,0.969
1456303321.0,93aae403,0.969
1456303321.0,62ae11f0,1.009
1456303321.0,d881269d,0.999
1456303321.0,8c231795,0.979
1456303321.0,0fe8b05e,0.979
1456303321.0,997cbfdf,0.979
1456303321.0,1858a39e,1.009
1456303321.0,038e6a0c,0.959
1456303321.0,8c087722,0.969
1456303321.0,fe9c0e02,1.019
1456303321.0,b1600fca,1.049
1456303321.0,d65cfd6c,0.969
1456303321.0,58a914d5,0.959
1456303321.0,30da56b7,0.959
1456303321.0,068a30eb,0.989
1456303321.0,fbddd358,1.009
1456303321.0,5d25b0e7,0.959
1456303321.0,02d10a00,0.979
1456303321.0,4687563d,0.959
1456303321.0,2925337f,0.969
1456303321.0,5fd380ef,1.009
1456303321.0,b913c112,0.999
1456303321.0,f1bb9540,1.009
1456303321.0,f06e40a6,0.989
1456303321.0,ff49e52d,0.979
1456303321.0,2237382a,0.989
1456303321.0,dd41b331,0.969
1456303321.0,6465956f,0.919
1456303321.0,1acb5863,0.979
1456303321.0,56be011a,0.949
1456303321.0,341d054c,1.009
1456303321.0,d97e33d2,0.949
1456303321.0,f29f4dbd,0.979
1456303321.0,ebdb10e8,0.989
1456303321.0,c3905824,0.939
1456303321.0,d2eebffb,0.969
1456303321.0,1e78351c,0.989
1456303321.0,210e805d,0.989
1456303321.0,902d74e4,1.159
1456303321.0,943913cb,1.009
1456303321.0,ee7c2d70,1.009
1456303321.0,4c74fdcc,0.969
1456303321.0,22fb0e90,1.019
1456303321.0,0b3074b7,0.969
1456303321.0,353d2391,0.979
1456303321.0,329fbc05,0.959
1456303321.0,180b057d,0.969
1456303321.0,0baaf637,0.969
1456303321.0,3e211f86,0.969
1456303321.0,391e14ca,0.949
1456303321.0,e9ff4fd7,0.929
1456303321.0,05b24372,0.969
1456303321.0,82d40753,0.979
1456303321.0,a1f3d679,0.989
1456303321.0,f87bab74,0.979
1456303321.0,b5ec285f,0.989
1456303321.0,,0.969
1456303321.0,7c912d45,0.979
1456303321.0,7eb5a5a4,0.969
1456303321.0,10b34f01,0.999
1456303321.0,48cc409e,0.959
1456303321.0,243c29de,0.999
1456303321.0,896f8569,0.979
1456303321.0,333d1cac,0.979
1456303321.0,350b5605,0.959
1456303321.0,15383da3,0.999
1456303321.0,f28d04f5,0.969
1456303321.0,de8bd970,0.989
1456303321.0,3b738ced,0.959
1456303321.0,f19e24dc,0.989
1456303321.0,e3f9ebe0,0.959
1456303321.0,0bffb72e,0.959
1456303321.0,c5ba214e,0.959
1456303321.0,421a6353,0.949
1456303321.0,7771a21d,1.009
1456303321.0,c05855cb,0.979
1456303321.0,7f2cf706,0.959
1456303321.0,59c3c78c,0.979
1456303321.0,5fede4f0,0.939
1456303321.0,d5289a25,0.939
1456303321.0,f9befed0,0.999
1456303321.0,0fb24e7d,0.989
1456303321.0,2bde4cc0,0.969
1456303321.0,5fc37dfd,0.979
1456303321.0,11bec0f1,0.959
1456303321.0,337484f4,0.969
1456303321.0,67f43dec,0.959
1456303321.0,5192889f,0.999
1456303321.0,fe8f8bee,0.929
1456303321.0,d428a044,0.959
1456303321.0,c3cd9932,0.959
1456303321.0,cd84a2a9,0.979
1456303321.0,8337e967,1.019
1456303321.0,fc9dc8e5,0.989
1456303321.0,76994b54,0.939
1456303321.0,04aefaad,0.989
1456303321.0,8e0fdf79,0.989
1456303321.0,,0.959
1456303321.0,c8b54491,0.979
1456303321.0,5d194c9b,1.139
1456303321.0,3db6506a,0.999
1456303321.0,e173589c,0.969
1456303321.0,3a3fc6fd,0.929
1456303321.0,8b69a860,0.959
1456303321.0,c0a4ac06,0.979
1456303321.0,ae30d7e3,0.969
1456303321.0,6c90e89a,0.959
1456303321.0,7cefc69f,0.979
1456303321.0,6ed1ade4,0.959
1456303321.0,bcdf1eb5,0.969
1456303321.0,8928a7d8,0.989
1456303321.0,bf08287b,0.939
1456303321.0,511a1f46,0.959
1456303321.0,58452604,0.999
1456303321.0,d224352c,0.939
1456303321.0,b6daf677,0.989
1456303321.0,eeca31d3,0.989
1456303321.0,332ba2e4,0.949
1456303321.0,d2e84b49,0.969
1456303321.0,d61494fe,0.949
1456303321.0,0a194365,0.969
1456303321.0,447f2373,0.929
1456303321.0,a74e1057,1.019
1456303321.0,36d7c026,0.909
1456303321.0,2ebe0a5d,0.989
1456303321.0,3965f1ec,0.989
1456303321.0,f36f4393,0.979
1456303321.0,e8812318,1.009
1456303321.0,5a4ca547,0.949
1456303321.0,661e8c68,0.979
1456303321.0,910dca6c,0.979
1456303321.0,6ad5396e,0.989
1456303321.0,39ff66f8,0.989
1456303321.0,2cbca1fc,0.959
1456303321.0,15b221c0,0.939
1456303321.0,6e0e837e,0.969
1456303321.0,7f40cac3,0.999
1456303321.0,c31de946,0.969
1456303321.0,2af3ad73,0.959
1456303321.0,c4906344,0.999
1456303321.0,cf09734d,1.009
1456303321.0,44f943cf,1.009
1456303321.0,d3508125,0.979
1456303321.0,72ec8a0d,0.969
1456303321.0,87a23e83,0.989
1456303321.0,93d44ba8,1.009
1456303321.0,58cdd6dc,0.969
1456303321.0,c8bad2ad,0.989
1456303321.0,0bae1b96,0.949
1456303321.0,2f28dcdf,0.979
1456303321.0,e95d3d87,0.959
1456303321.0,fcfde105,0.949
1456303321.0,248918d0,0.989
1456303321.0,c2e96d64,0.939
1456303321.0,7b4a45e6,0.959
1456303321.0,ee9738ce,0.999
1456303321.0,2787cfe0,0.969
1456303321.0,30bed2b3,0.969
1456303321.0,dae6ec80,0.969
1456303321.0,be7b9424,1.009
1456303321.0,db096089,0.969
1456303321.0,b09e60a5,0.969
1456303321.0,,0.969
1456303321.0,7269da44,0.989
1456303321.0,2052e025,0.949
1456303561.0,0d102e85,0.939
1456303561.0,021612d8,0.939
1456303561.0,59c2e6d6,0.949
1456303561.0,a227c930,0.989
1456303561.0,1962a412,0.929
1456303561.0,da976067,0.979
1456303561.0,d53e3a60,0.939
1456303561.0,f9a28385,0.919
1456303561.0,a49ea2ee,0.949
1456303561.0,e54743a0,0.969
1456303561.0,f4ec7ff4,0.989
1456303561.0,28e7f835,0.959
1456303561.0,ce58aeb7,0.949
1456303561.0,a16736fc,0.929
1456303561.0,b6364ec3,0.969
1456303561.0,c928ed36,0.939
1456303561.0,68f6b885,1.009
1456303561.0,a278d48e,0.949
1456303561.0,a5de87b9,0.959
1456303561.0,35756296,1.009
1456303561.0,aa7e9a2c,0.949
1456303561.0,21b793b4,0.959
1456303561.0,a5cf2a42,0.979
1456303561.0,bf5b9c36,0.959
1456303561.0,bd86f3ea,0.959
1456303561.0,d7f868f0,0.989
1456303561.0,286c1902,1.009
1456303561.0,c4f355fb,0.979
1456303561.0,b26e91af,0.939
1456303561.0,70dce2c3,0.939
1456303561.0,e85f8007,0.989
1456303561.0,48c665d2,0.959
1456303561.0,3009a412,0.994
1456303561.0,8a33170f,1.009
1456303561.0,09576ba9,0.969
1456303561.0,91632530,0.959
1456303561.0,f5c448cd,0.999
1456303561.0,4764c22b,1.019
1456303561.0,d6e5c3f0,0.969
1456303561.0,5550eba8,0.999
1456303561.0,d981d17c,0.989
1456303561.0,eee1b640,0.999
1456303561.0,f10a7896,0.989
1456303561.0,ed3850fb,0.989
1456303561.0,515a767d,0.979
1456303561.0,,0.999
1456303561.0,77a337be,0.979
1456303561.0,c2cfa7d5,0.949
1456303561.0,baa200b9,0.999
1456303561.0,4818d4dd,0.979
1456303561.0,9d0cdff7,0.989
1456303561.0,43b030ef,0.999
1456303561.0,c7042a91,0.949
1456303561.0,cae5c994,0.939
1456303561.0,a9bfa2fb,0.999
1456303561.0,8aefbe17,0.999
1456303561.0,0f6fe1eb,0.949
1456303561.0,,0.979
1456303561.0,9c389a21,0.999
1456303561.0,d1b2ca43,0.989
1456303561.0,aa5b4d9a,0.979
1456303561.0,c5cb9d46,0.979
1456303561.0,22b18582,1.029
1456303561.0,faa85b47,0.979
1456303561.0,4190ae32,0.969
1456303561.0,9c43f621,0.979
1456303561.0,06eb0513,0.989
1456303561.0,21fa9a42,0.959
1456303561.0,9f7d89ff,0.949
1456303561.0,41065536,0.984
1456303561.0,4b06da23,0.979
1456303561.0,2e991b23,0.959
1456303561.0,69d23d4e,0.969
1456303561.0,,0.969
1456303561.0,be428e6e,0.949
1456303561.0,89394d4f,0.939
1456303561.0,00b1da66,0.969
1456303561.0,ea942936,0.929
1456303561.0,9e1994dd,0.989
1456303561.0,462fde27,1.019
1456303561.0,025d09a7,0.939
1456303561.0,e03f4572,0.959
1456303561.0,63aa7558,0.999
1456303561.0,9c044e4f,0.999
1456303561.0,b3e6c96a,0.929
1456303561.0,f5cb9500,0.939
1456303561.0,e9ddb2b9,0.989
1456303561.0,c2b3c7ad,0.959
1456303561.0,15a0fe59,0.969
1456303561.0,70900101,0.999
1456303561.0,31e85a65,0.949
1456303561.0,058f886a,0.989
1456303561.0,20330ee3,0.939
1456303561.0,d02d7c58,0.959
1456303561.0,80218b02,0.979
1456303561.0,efdf01c1,0.989
1456303561.0,e878527c,0.959
1456303561.0,68a5df04,0.969
1456303561.0,0187d1d6,0.999
1456303561.0,69e0cb90,0.949
1456303561.0,5133ebd5,0.989
1456303561.0,1357de7e,0.989
1456303561.0,84985353,0.939
1456303561.0,b0a3504b,0.959
1456303561.0,41a0ce00,0.979
1456303561.0,ccd61b2c,0.989
1456303561.0,21f6f55f,0.939
1456303561.0,657c5e72,0.989
1456303561.0,c0e39558,0.959
1456303561.0,7bf1b975,0.999
1456303561.0,1fbcfe52,0.959
1456303561.0,4c9a5839,0.999
1456303561.0,2397e1c5,0.959
1456303561.0,53f24788,1.019
1456303561.0,d9d4a6fe,0.969
1456303561.0,8e5f2dc6,0.999
1456303561.0,128c4a0e,0.939
1456303561.0,1efc20ca,0.969
1456303561.0,ebeb4dec,0.989
1456303561.0,c5e5d152,1.009
1456303561.0,95712e33,1.019
1456303561.0,cbaf22db,0.969
1456303561.0,5f51bf27,0.969
1456303561.0,26b1d7b1,1.009
1456303561.0,4e5b5da4,0.989
1456303561.0,f43bc6b9,0.989
1456303561.0,a57535f1,0.989
1456303561.0,ae88cb1f,0.959
1456303561.0,313e84fe,0.939
1456303561.0,ab3bff5d,1.009
1456303561.0,661c5630,0.989
1456303561.0,287b8e5b,0.959
1456303561.0,9ae06205,0.979
1456303561.0,7fc3def3,0.989
1456303561.0,c6729739,0.979
1456303561.0,ac3b0cb7,0.939
1456303561.0,2f6a5cea,0.969
1456303561.0,f6648caf,0.979
1456303561.0,027604d9,0.979
1456303561.0,4d77b026,0.949
1456303561.0,5a599746,0.959
1456303561.0,87d167da,0.979
1456303561.0,1ba4d2a5,0.939
1456303561.0,3b988b25,0.969
1456303561.0,25528e17,0.938
1456303561.0,78c4502d,0.989
1456303561.0,55167147,0.949
1456303561.0,dfe1b885,1.009
1456303561.0,,0.929
1456303561.0,addbc61c,0.979
1456303561.0,3ae75c74,0.989
1456303561.0,,0.909
1456303561.0,557f7d87,0.949
1456303561.0,b6ba34e1,0.989
1456303561.0,a7be9b25,0.969
1456303561.0,67c6aa2e,0.919
1456303561.0,cb4bb1c7,0.969
1456303561.0,3747e646,0.909
1456303561.0,e6b01768,0.929
1456303561.0,27c16d5b,0.929
1456303561.0,4f434ea1,0.959
1456303561.0,31d7c8d8,0.999
1456303561.0,b3fefca1,0.959
1456303561.0,082564ba,0.939
1456303561.0,72a57388,0.929
1456303561.0,62f01f83,0.989
1456303561.0,6e3aab0e,0.979
1456303561.0,a426c65f,0.999
1456303561.0,61508d3c,0.959
1456303561.0,7250f4a7,0.979
1456303561.0,bccce565,0.959
1456303561.0,d6fc46e5,0.959
1456303561.0,2b8e75ca,0.989
1456303561.0,c1342b0e,0.979
1456303561.0,662e48ec,0.959
1456303561.0,de8b3026,0.949
1456303561.0,ed8f4b16,0.949
1456303561.0,63f573eb,0.959
1456303561.0,929af7b6,0.949
1456303561.0,891c9c5c,0.969
1456303561.0,6934dd1a,0.989
1456303561.0,ad2972b3,0.949
1456303561.0,c9f023c6,0.959
1456303561.0,305d8693,0.939
1456303561.0,25e78288,0.969
1456303561.0,96ad35a6,0.969
1456303561.0,e4e801a1,0.909
1456303561.0,77c17dde,0.939
1456303561.0,b61b4b10,0.939
1456303561.0,0b912035,0.969
1456303561.0,054b98a5,0.969
1456303561.0,fc9e9a16,0.979
1456303561.0,a2557e83,0.939
1456303561.0,83748919,0.979
1456303561.0,d6aad50a,0.979
1456303561.0,34e3a079,0.959
1456303561.0,4d655bc9,0.949
1456303561.0,fb3a21ef,0.979
1456303561.0,9d2005fa,0.989
1456303561.0,27809f91,0.949
1456303561.0,f474d5b0,1.009
1456303561.0,e7295166,0.939
1456303561.0,ffdd96e7,0.989
1456303561.0,0660fa74,1.029
1456303561.0,8642884a,0.999
1456303561.0,c74444b1,1.019
1456303561.0,f76f3d3a,0.969
1456303561.0,3981324c,0.959
1456303561.0,3c3f5bfb,0.989
1456303561.0,a24a3320,1.019
1456303561.0,edb0d416,0.959
1456303561.0,946a6eb2,1.009
1456303561.0,4287c54a,1.019
1456303561.0,8c77ed6c,0.949
1456303561.0,a2cbf4a6,0.979
1456303561.0,34832faa,0.999
1456303561.0,a58775a0,1.019
1456303561.0,271f6d48,0.939
1456303561.0,bbc65417,0.989
1456303561.0,46bbffea,0.989
1456303561.0,50570e01,0.949
1456303561.0,76f44572,0.959
1456303561.0,4f3ac261,0.979
1456303561.0,cc4d2444,0.969
1456303561.0,8b0687ba,1.009
1456303561.0,615f2b40,0.949
1456303561.0,03ca5dbc,1.009
1456303561.0,3f3da6de,0.939
1456303561.0,3de5ce2e,0.979
1456303561.0,fee45b54,0.969
1456303561.0,861a2709,0.969
1456303561.0,a446fffa,0.929
1456303561.0,d6485ff3,0.939
1456303561.0,34108c3d,0.979
1456303561.0,42996534,0.969
1456303561.0,e751ae48,0.969
1456303561.0,2be7d0b2,0.989
1456303561.0,1be7b37b,0.949
1456303561.0,e854b79b,0.999
1456303561.0,b683841e,0.989
1456303561.0,d4310eb6,0.949
1456303561.0,02da420f,0.969
1456303561.0,705ebafa,1.029
1456303561.0,bba7ec32,0.959
1456303561.0,e7aa0c08,0.989
1456303561.0,4a2d620a,0.989
1456303561.0,8e2ad6dc,0.979
1456303561.0,529f6f9b,0.969
1456303561.0,6727ef58,0.979
1456303561.0,2ed18a58,0.959
1456303561.0,d63aac19,0.949
1456303561.0,2278471b,0.989
1456303561.0,e38f46f2,0.989
1456303561.0,3ff7f5f2,0.979
1456303561.0,7e7b7769,0.969
1456303561.0,3c497123,0.949
1456303561.0,8e4357a4,0.929
1456303561.0,d14b5840,0.929
1456303561.0,e1b4e808,0.969
1456303561.0,74a97362,0.939
1456303561.0,09d9579a,0.969
1456303561.0,9e46459f,0.989
1456303561.0,aa65bfee,0.999
1456303561.0,7858e931,0.989
1456303561.0,3b980bc9,0.999
1456303561.0,24afea5b,0.969
1456303561.0,50a1f055,0.949
1456303561.0,b8529633,0.939
1456303561.0,13dccb04,0.939
1456303561.0,1769c36a,1.009
1456303561.0,5985a6df,0.989
1456303561.0,cfda167d,0.959
1456303561.0,2b9c0c23,0.989
1456303561.0,af4eebe4,0.949
1456303561.0,046da538,1.009
1456303561.0,645a5047,0.969
1456303561.0,9eb48657,0.999
1456303561.0,a4ab46ee,0.959
1456303561.0,18b93d5d,0.939
1456303561.0,cf451fce,0.979
1456303561.0,195401ef,0.979
1456303561.0,da701b06,0.989
1456303561.0,d54da67a,0.949
1456303561.0,2ab14021,0.959
1456303561.0,68519520,0.939
1456303561.0,78eacf4a,0.969
1456303561.0,1f52483c,0.989
1456303561.0,04f94792,0.989
1456303561.0,dfde85fc,1.019
1456303561.0,d78a5a29,0.949
1456303561.0,f6884200,0.969
1456303561.0,fdf7f420,0.979
1456303561.0,061f678d,0.939
1456303561.0,0345dfe7,0.949
1456303561.0,b342eb0d,0.949
1456303561.0,90e6d279,1.029
1456303561.0,0e6789c0,0.949
1456303561.0,efb43212,0.989
1456303561.0,0e61862e,0.999
1456303561.0,cfa7f86a,0.979
1456303561.0,ba78050b,0.979
1456303561.0,6de5506e,0.969
1456303561.0,11ed7bd3,0.989
1456303561.0,71b846ff,0.959
1456303561.0,95e23a71,0.999
1456303561.0,af9c113d,0.999
1456303561.0,9479cc1c,0.969
1456303561.0,204d8d56,0.979
1456303561.0,9010dbc0,0.969
1456303561.0,a17c7f62,0.979
1456303561.0,5a77d43f,0.959
1456303561.0,55c9b2b2,0.999
1456303561.0,07aab62d,0.939
1456303561.0,e821cf4d,0.969
1456303561.0,77690552,0.999
1456303561.0,0d94f40b,0.989
1456303561.0,a2c4c052,0.929
1456303561.0,,0.919
1456303561.0,7150ecaf,0.939
1456303561.0,a35ffacf,0.969
1456303561.0,4270cadf,1.039
1456303561.0,ecc75f2c,0.949
1456303561.0,,0.959
1456303561.0,1acb5863,0.959
1456303561.0,ffacc137,1.009
1456303561.0,f333e2b9,0.939
1456303561.0,f044fc49,0.999
1456303561.0,371bd3e6,0.989
1456303561.0,7e0e3f65,0.969
1456303561.0,1effdd9e,1.029
1456303561.0,35cf8855,0.979
1456303561.0,3ad01d3b,0.919
1456303561.0,5ef62f10,0.989
1456303561.0,9473c28b,0.969
1456303561.0,9b1003bd,0.959
1456303561.0,942c7429,0.989
1456303561.0,ef29f3a1,0.929
1456303561.0,168f1ca6,1.009
1456303561.0,01d5bb85,0.949
1456303561.0,68389c7f,0.979
1456303561.0,da20711a,1.009
1456303561.0,75290178,0.969
1456303561.0,7f80fb50,0.999
1456303561.0,96ae55d2,0.939
1456303561.0,2907236c,0.989
1456303561.0,aa5647b4,0.979
1456303561.0,4579a85c,0.989
1456303561.0,649d4623,0.959
1456303561.0,4c05520d,0.929
1456303561.0,7cce432f,0.979
1456303561.0,935b74b4,0.989
1456303561.0,a518cf5f,0.989
1456303561.0,bbf6435f,0.969
1456303561.0,7ebce3f0,0.999
1456303561.0,b5ec285f,0.989
1456303561.0,4719c036,0.999
1456303561.0,,0.989
1456303561.0,52e3bfc8,0.939
1456303561.0,2fa6d835,0.989
1456303561.0,aef0d8b9,1.009
1456303561.0,f09149cd,0.979
1456303561.0,3cef8afc,0.949
1456303561.0,c897fba4,0.959
1456303561.0,b8e3788a,0.989
1456303561.0,ed3dcd2f,0.969
1456303561.0,576d4884,0.969
1456303561.0,c257e761,0.969
1456303561.0,84558d7a,0.999
1456303561.0,b0332bd3,0.939
1456303561.0,13e237c2,0.979
1456303561.0,4cfb1a89,1.009
1456303561.0,dc07718c,0.949
1456303561.0,60acc87b,0.999
1456303561.0,ad29f10c,0.969
1456303561.0,dacc3a3f,0.959
1456303561.0,4829f4f6,0.999
1456303561.0,077aee0e,0.949
1456303561.0,5321252a,0.989
1456303561.0,4530e328,0.979
1456303561.0,06282a1f,0.979
1456303561.0,d0b8a1f7,0.959
1456303561.0,461b2a68,0.959
1456303561.0,1c3b6ee2,0.949
1456303561.0,c6c05a1d,0.959
1456303561.0,abb8ccea,0.999
1456303561.0,dcdc6c10,0.969
1456303561.0,9259e081,0.959
1456303561.0,75a2e00a,0.969
1456303561.0,84333954,0.959
1456303561.0,af343ad6,0.969
1456303561.0,f74a068e,1.004
1456303561.0,bd3ee18d,0.949
1456303561.0,3ad0cccc,1.019
1456303561.0,f4ec92d7,0.989
1456303561.0,3a0a2d0d,0.949
1456303561.0,c8b54491,0.969
1456303561.0,c9d2b9cb,0.939
1456303561.0,2b74716f,0.949
1456303561.0,eb179375,0.989
1456303561.0,0c1688de,0.959
1456303561.0,b694f783,1.009
1456303561.0,5f0ea8ff,0.969
1456303561.0,caaa0b46,1.009
1456303561.0,c0a4ac06,0.949
1456303561.0,6a27f09d,0.979
1456303561.0,2b890110,0.929
1456303561.0,6117cbac,0.949
1456303561.0,4c39660b,0.949
1456303561.0,ea2f710b,0.999
1456303561.0,d37974e1,0.989
1456303561.0,4900212f,0.979
1456303561.0,7ffa235a,0.979
1456303561.0,73f7d503,0.949
1456303561.0,eb32d6b5,1.009
1456303561.0,1f6c44dc,0.999
1456303561.0,36ba87a1,0.979
1456303561.0,bf7e9cdf,1.009
1456303561.0,e2a5f261,0.979
1456303561.0,0ff89a05,0.969
1456303561.0,8401f134,1.019
1456303561.0,91fe985a,0.979
1456303561.0,f4400a4f,0.949
1456303561.0,ea5c90c0,0.989
1456303561.0,10fa0582,0.959
1456303561.0,974de11a,0.999
1456303561.0,524b14cc,0.949
1456303561.0,1fb879cb,0.979
1456303561.0,11c799de,0.949
1456303561.0,00fa08de,0.969
1456303561.0,303dd086,0.989
1456303561.0,6c200339,0.949
1456303561.0,84bb5636,0.969
1456303561.0,2caa67ec,0.949
1456303561.0,95832b86,0.969
1456303561.0,ea6d4e44,0.969
1456303561.0,82c54482,0.979
1456303561.0,a1d1ae1e,0.969
1456303561.0,565eeda5,1.019
1456303561.0,2787cfe0,0.969
1456303561.0,fc42b1f2,0.989
1456303561.0,6e42bec6,0.999
1456303801.0,23cb4077,0.989
1456303801.0,0aeed7ce,0.949
1456303801.0,f8dd9f46,0.989
1456303801.0,5fa097a0,0.989
1456303801.0,b5cf690e,0.959
1456303801.0,cbf8d95f,0.959
1456303801.0,3318e0c6,0.989
1456303801.0,83a8ae72,0.939
1456303801.0,363ab0d1,0.969
1456303801.0,8cdfd072,0.949
1456303801.0,d2597bc8,0.949
1456303801.0,cf4010a3,0.979
1456303801.0,d2578b12,0.959
1456303801.0,9e33ac5a,0.969
1456303801.0,dfa3f4f3,0.949
1456303801.0,5cf99b9e,0.939
1456303801.0,a6cf9c73,0.979
1456303801.0,a6e1038f,0.949
1456303801.0,3f38fa55,0.959
1456303801.0,83cf7d34,0.959
1456303801.0,68d5e021,0.979
1456303801.0,b9b8051a,0.989
1456303801.0,21dc7e61,0.949
1456303801.0,d6ae9903,0.959
1456303801.0,37907db5,0.969
1456303801.0,fbe17e11,0.979
1456303801.0,87fbb61d,0.999
1456303801.0,0ecdddfa,0.979
1456303801.0,27ea09b1,0.959
1456303801.0,52c1ccfa,0.959
1456303801.0,325a8ac2,0.979
1456303801.0,a8f5bb50,0.949
1456303801.0,91ebab1c,0.989
1456303801.0,054eaec2,0.959
1456303801.0,85d0e643,0.979
1456303801.0,3f2ba968,0.959
1456303801.0,dad17cc9,0.959
1456303801.0,ba0bd9d0,0.949
1456303801.0,3a35a2ab,0.969
1456303801.0,15c2c195,0.989
1456303801.0,80e60cfc,0.999
1456303801.0,3ed1efe5,0.939
1456303801.0,00c44ff5,0.959
1456303801.0,f8b50496,0.959
1456303801.0,ff49d861,0.999
1456303801.0,65cb0157,0.989
1456303801.0,f09b1121,0.939
1456303801.0,61638e00,1.009
1456303801.0,baf6a6cd,0.969
1456303801.0,52f801fe,0.989
1456303801.0,157d06a5,0.999
1456303801.0,61817e2c,0.959
1456303801.0,16b53bbf,0.999
1456303801.0,1898c240,0.959
1456303801.0,d3fff19d,0.959
1456303801.0,97d56680,1.009
1456303801.0,ce2f1007,0.999
1456303801.0,d4c5b88e,0.969
1456303801.0,5087513f,1.009
1456303801.0,d89d5f83,0.979
1456303801.0,fa4b70b0,1.029
1456303801.0,a271e835,0.999
1456303801.0,47472e4f,0.979
1456303801.0,5ce35089,0.969
1456303801.0,262f36ee,0.949
1456303801.0,5d6403f6,0.969
1456303801.0,01decbb4,0.959
1456303801.0,c7d8f43f,0.949
1456303801.0,4af5893f,0.979
1456303801.0,4c3e0377,0.979
1456303801.0,248d1f5e,0.979
1456303801.0,e401b629,0.979
1456303801.0,9ba54253,0.969
1456303801.0,eb0a0090,0.959
1456303801.0,a9d61346,0.959
1456303801.0,0c39b458,0.989
1456303801.0,0f4a41fc,0.959
1456303801.0,77aab11d,0.969
1456303801.0,3fc9a04c,0.939
1456303801.0,1815e4b9,0.999
1456303801.0,aa5b4d9a,0.979
1456303801.0,55c2b2eb,0.969
1456303801.0,1b3326f2,0.979
1456303801.0,f0dcfc81,0.979
1456303801.0,f0e3472f,0.989
1456303801.0,319fa503,0.959
1456303801.0,8144ba58,0.969
1456303801.0,c482433b,0.979
1456303801.0,788fd9ec,0.979
1456303801.0,f0430871,0.999
1456303801.0,00d41319,0.969
1456303801.0,d26548b6,0.959
1456303801.0,ce063fd7,0.969
1456303801.0,10337302,0.959
1456303801.0,eda8c21c,0.979
1456303801.0,f969dc08,0.979
1456303801.0,d39098c4,1.019
1456303801.0,2d55bf5c,0.979
1456303801.0,31e85a65,0.949
1456303801.0,4838da54,1.009
1456303801.0,09be7dd3,0.999
1456303801.0,fdce782f,0.979
1456303801.0,bc0ee536,0.979
1456303801.0,48a40a0d,0.989
1456303801.0,45427090,0.999
1456303801.0,bff84a14,0.969
1456303801.0,118d4934,1.019
1456303801.0,c92339a1,0.979
1456303801.0,36ceb401,0.999
1456303801.0,df4fadef,0.979
1456303801.0,ffaebdb9,0.999
1456303801.0,e446361e,0.999
1456303801.0,61f59311,0.969
1456303801.0,5c5f6fc1,0.959
1456303801.0,8eef6c32,0.969
1456303801.0,8cec6d32,0.959
1456303801.0,796a098a,0.979
1456303801.0,2a57a759,0.999
1456303801.0,e16e5312,0.969
1456303801.0,c66eeb5b,0.959
1456303801.0,cf72999d,0.969
1456303801.0,6b69df8f,1.009
1456303801.0,e8ad44f5,0.979
1456303801.0,0b069a72,0.989
1456303801.0,c637f136,1.009
1456303801.0,8dfeb73b,0.989
1456303801.0,7d15e55f,0.989
1456303801.0,3dceca88,0.989
1456303801.0,4fdca23f,0.979
1456303801.0,a448f8aa,1.009
1456303801.0,0c2b92ac,1.019
1456303801.0,7904e674,0.978
1456303801.0,8b4029da,0.969
1456303801.0,121e3dd1,0.999
1456303801.0,1d0693d6,1.019
1456303801.0,707f276b,0.959
1456303801.0,5a0fb607,1.029
1456303801.0,d15d1648,0.979
1456303801.0,f52cd826,0.959
1456303801.0,ff9beead,0.989
1456303801.0,c59ede00,0.949
1456303801.0,bb03f594,0.959
1456303801.0,fbfbf15b,0.989
1456303801.0,658748ac,0.979
1456303801.0,fd3c454f,0.989
1456303801.0,e87c38cc,1.029
1456303801.0,74e674a6,0.979
1456303801.0,d7932eeb,0.949
1456303801.0,99929b71,0.999
1456303801.0,a09958dd,0.979
1456303801.0,f96eb228,1.009
1456303801.0,259f0ed8,0.949
1456303801.0,c7e1e757,0.939
1456303801.0,027604d9,0.949
1456303801.0,a3b2ea52,0.959
1456303801.0,2ec70998,0.929
1456303801.0,66691780,0.999
1456303801.0,c89b1391,0.979
1456303801.0,d2a69e6d,0.959
1456303801.0,6acdb3a0,0.959
1456303801.0,2cb63a21,0.979
1456303801.0,b0be9751,0.929
1456303801.0,910c6a77,0.959
1456303801.0,63ded480,1.009
1456303801.0,2b6d5808,0.959
1456303801.0,78b3ccb1,0.969
1456303801.0,19e65444,0.969
1456303801.0,6cc0c30a,0.959
1456303801.0,f2d1f1fa,0.939
1456303801.0,493b6369,0.949
1456303801.0,f05c17a0,0.959
1456303801.0,65d912cc,0.949
1456303801.0,3bb367b0,0.969
1456303801.0,185ab0a1,0.979
1456303801.0,19e1ff00,0.969
1456303801.0,411372b9,0.989
1456303801.0,119cb795,0.959
1456303801.0,de66ae92,0.969
1456303801.0,e3e96875,0.969
1456303801.0,2af5e84b,0.939
1456303801.0,11b2e08c,0.959
1456303801.0,bf8c6324,0.949
1456303801.0,d64a25e0,0.949
1456303801.0,cb601f93,0.939
1456303801.0,2d673aaf,0.979
1456303801.0,fac7adae,0.979
1456303801.0,7ccb6541,0.949
1456303801.0,f9cd1d8c,0.989
1456303801.0,30eed8b6,0.959
1456303801.0,0f283ef6,0.949
1456303801.0,eaa7c105,0.919
1456303801.0,ed3acf54,0.949
1456303801.0,c2d5f6c8,0.929
1456303801.0,6eb8cb33,0.979
1456303801.0,3056759f,0.959
1456303801.0,9d522e7b,0.969
1456303801.0,5970db62,0.979
1456303801.0,0ecf4b78,0.969
1456303801.0,cc42928d,0.989
1456303801.0,92ea5ddf,0.949
1456303801.0,cf429d6f,0.969
1456303801.0,03a8f542,0.979
1456303801.0,9daabce1,0.959
1456303801.0,8976ce99,0.949
1456303801.0,5dd99d7f,0.989
1456303801.0,2205a893,0.999
1456303801.0,bd0ac826,0.949
1456303801.0,f5b117ef,0.969
1456303801.0,03b45f42,0.969
1456303801.0,9a8bc1fb,0.969
1456303801.0,da28f05d,0.929
1456303801.0,916b15ba,0.939
1456303801.0,f79eb5f9,0.929
1456303801.0,e3667c9c,0.959
1456303801.0,c47ae9d4,0.949
1456303801.0,fd9b3ee5,0.969
1456303801.0,7e6fd376,0.909
1456303801.0,a9ac5dea,0.979
1456303801.0,5f365e75,0.979
1456303801.0,aed09b0f,0.969
1456303801.0,a2b07888,0.939
1456303801.0,1dc8cdb7,0.939
1456303801.0,a9f2eece,0.949
1456303801.0,d31bbfba,0.999
1456303801.0,73d508f6,0.969
1456303801.0,fa179beb,0.949
1456303801.0,75e3e514,0.969
1456303801.0,21a92259,0.949
1456303801.0,c08c0585,0.999
1456303801.0,d560f27c,1.009
1456303801.0,8a440ea4,0.979
1456303801.0,e99f823b,0.959
1456303801.0,bc81a8ae,0.989
1456303801.0,7a05b007,0.959
1456303801.0,4e998f6d,0.979
1456303801.0,c8df5f11,0.989
1456303801.0,8b77e169,0.949
1456303801.0,8983b1fe,0.989
1456303801.0,74c9e802,0.969
1456303801.0,9822514a,0.969
1456303801.0,a8f01af7,0.969
1456303801.0,eaa8f83c,0.959
1456303801.0,8aa5540e,1.029
1456303801.0,6791f8cd,0.999
1456303801.0,f53c5155,0.989
1456303801.0,aabec53c,0.989
1456303801.0,1ddd2ac0,0.959
1456303801.0,bba52d69,0.989
1456303801.0,94862ec3,0.999
1456303801.0,ae7c1497,0.989
1456303801.0,31172c6e,0.939
1456303801.0,1e7c15e2,0.969
1456303801.0,b3c3d798,0.959
1456303801.0,0b2dae68,0.949
1456303801.0,0eb17bed,0.969
1456303801.0,f57077f3,1.009
1456303801.0,b4094a10,0.929
1456303801.0,26613c3a,0.989
1456303801.0,be70fae4,0.939
1456303801.0,17efd51c,1.009
1456303801.0,d3b5995d,0.939
1456303801.0,0d245387,0.974
1456303801.0,cb489a3a,0.979
1456303801.0,dbdf18e8,0.989
1456303801.0,35c4d397,0.969
1456303801.0,f71bbe39,0.939
1456303801.0,50317e5f,0.979
1456303801.0,e76cb56f,0.989
1456303801.0,c8df6e1a,0.939
1456303801.0,154a309d,0.979
1456303801.0,2843ab89,0.939
1456303801.0,5da4505e,0.939
1456303801.0,c11feddb,0.929
1456303801.0,cd5c4fc2,0.999
1456303801.0,cdf2f211,0.989
1456303801.0,da91fae8,0.979
1456303801.0,4056a9ce,0.959
1456303801.0,f41d8382,0.969
1456303801.0,c1bc16cb,0.989
1456303801.0,76c4a30b,0.979
1456303801.0,a709f6ca,0.989
1456303801.0,e4de6238,1.019
1456303801.0,69d749f5,0.969
1456303801.0,d63e5150,0.949
1456303801.0,25604f87,0.969
1456303801.0,90a8536c,0.979
1456303801.0,bfefaf34,0.959
1456303801.0,5ace285c,0.969
1456303801.0,6188876b,0.979
1456303801.0,29c7431a,0.979
1456303801.0,5fb9dfa5,0.989
1456303801.0,b145875f,0.974
1456303801.0,9db8f5e1,0.939
1456303801.0,56db8c22,1.009
1456303801.0,aaa29d7c,0.929
1456303801.0,b25b4ab0,0.979
1456303801.0,14253da3,0.999
1456303801.0,50bbc649,0.969
1456303801.0,ede4801f,1.029
1456303801.0,9c45c396,0.989
1456303801.0,3219cb04,0.939
1456303801.0,5459c738,0.939
1456303801.0,b1dd859f,0.979
1456303801.0,5d04b2ad,0.979
1456303801.0,47a5253e,1.009
1456303801.0,6e2b84da,0.969
1456303801.0,ab473015,0.989
1456303801.0,9a1acee3,0.949
1456303801.0,71f647de,0.969
1456303801.0,575ae8b7,1.019
1456303801.0,bb289d26,1.009
1456303801.0,153762cf,0.969
1456303801.0,b7f96330,0.939
1456303801.0,2fe25570,0.959
1456303801.0,86eb854d,0.969
1456303801.0,5fc08dd5,0.949
1456303801.0,fff62873,0.949
1456303801.0,d3c31af6,0.979
1456303801.0,6282bbac,1.009
1456303801.0,b863dc49,0.949
1456303801.0,39c1eecb,0.984
1456303801.0,a50ae4a2,0.979
1456303801.0,c6b47de7,0.949
1456303801.0,9cd812fc,0.969
1456303801.0,c2a07e5c,0.979
1456303801.0,baef0398,0.979
1456303801.0,c57c6085,0.979
1456303801.0,d404277d,0.989
1456303801.0,0db94a7a,0.989
1456303801.0,c3e10c01,0.999
1456303801.0,acae2da4,0.959
1456303801.0,12dd04fe,0.939
1456303801.0,58d274cb,0.979
1456303801.0,6cc83f71,0.959
1456303801.0,d5a420b3,0.999
1456303801.0,0e367b40,0.989
1456303801.0,f9512832,0.989
1456303801.0,86fe7e76,0.979
1456303801.0,76f75d37,0.999
1456303801.0,5aeee11f,0.959
1456303801.0,0fc44087,0.989
1456303801.0,f85e7c2f,0.989
1456303801.0,a453e0de,0.969
1456303801.0,830faf16,0.989
1456303801.0,c580e761,0.969
1456303801.0,a0b4fcec,0.969
1456303801.0,ed5d3dbd,0.949
1456303801.0,d8e33d34,0.979
1456303801.0,53d2ed19,0.999
1456303801.0,3554bda4,0.979
1456303801.0,d4602afc,0.949
1456303801.0,ee9b9dc5,0.959
1456303801.0,9679655e,0.989
1456303801.0,72ee9f2a,0.989
1456303801.0,168168ee,1.019
1456303801.0,af131774,0.959
1456303801.0,33300818,0.969
1456303801.0,d73f85dd,0.969
1456303801.0,,0.979
1456303801.0,d606d463,0.949
1456303801.0,234744ea,0.999
1456303801.0,15629b2c,0.969
1456303801.0,f8d71c41,0.989
1456303801.0,54151b0d,1.009
1456303801.0,ddeeda43,0.959
1456303801.0,74311576,0.989
1456303801.0,d5022b7f,0.939
1456303801.0,,0.999
1456303801.0,8087a244,0.969
1456303801.0,3d47f506,0.959
1456303801.0,ac221dcb,0.939
1456303801.0,ddc6b3b1,0.949
1456303801.0,6f9a376c,0.999
1456303801.0,db7cca98,0.989
1456303801.0,f0710c08,1.019
1456303801.0,a88bbc75,0.939
1456303801.0,2bdc4b63,0.949
1456303801.0,ebdb10e8,0.989
1456303801.0,73b5d3b6,0.969
1456303801.0,82f98249,0.969
1456303801.0,cd78b99c,0.989
1456303801.0,075244ea,0.989
1456303801.0,476b265b,1.009
1456303801.0,e871117c,0.979
1456303801.0,fff23df4,0.969
1456303801.0,b8c293ba,0.999
1456303801.0,2cdfc56f,0.949
1456303801.0,236e355f,0.959
1456303801.0,161cb545,1.009
1456303801.0,91cac178,0.949
1456303801.0,bfaaf354,0.979
1456303801.0,a2987081,0.989
1456303801.0,90cec242,0.959
1456303801.0,a601b597,0.989
1456303801.0,fec7d478,0.949
1456303801.0,2ad0a689,0.979
1456303801.0,1bc107ca,0.989
1456303801.0,dde85d42,0.959
1456303801.0,3ceab2dc,0.969
1456303801.0,4a6e6f15,0.959
1456303801.0,efadda78,1.009
1456303801.0,16ee4d80,0.989
1456303801.0,a580c6ad,0.989
1456303801.0,e7b6ab01,0.989
1456303801.0,a48343d6,0.969
1456303801.0,1ffbed87,0.949
1456303801.0,be031347,0.959
1456303801.0,66a1358d,0.999
1456303801.0,c38e01fd,0.949
1456303801.0,ec487980,0.979
1456303801.0,f8646d30,0.969
1456303801.0,31be0909,0.959
1456303801.0,71afb3c0,0.969
1456303801.0,,1.009
1456303801.0,209e8416,0.969
1456303801.0,8a8346fc,0.939
1456303801.0,8c2198f0,0.999
1456303801.0,d8032a5b,0.969
1456303801.0,3f054566,0.969
1456303801.0,f47e8638,0.969
1456303801.0,dedc2342,0.959
1456303801.0,b6d22753,0.959
1456303801.0,3167769c,0.969
1456303801.0,fb80b39a,0.959
1456303801.0,6ec42145,0.949
1456303801.0,98e26149,0.949
1456303801.0,6587d030,0.969
1456303801.0,8bb26207,0.959
1456303801.0,0aedf476,0.979
1456303801.0,4b2b710a,0.999
1456303801.0,b9535339,0.969
1456303801.0,edde0c0f,1.029
1456303801.0,c0a9edc8,1.009
1456303801.0,a86a1219,0.999
1456303801.0,a6339a0a,1.009
1456303801.0,eb7de52f,0.989
1456303801.0,fac5bd9e,0.939
1456303801.0,c5b26ed2,0.979
1456303801.0,8447198d,0.999
1456303801.0,ae948682,1.009
1456303801.0,ba9fb6db,0.989
1456303801.0,35cb7ed4,0.979
1456303801.0,65a0b74e,0.969
1456303801.0,f0610621,0.989
1456303801.0,4503fc83,0.999
1456303801.0,d3567757,0.979
1456303801.0,909f02fa,0.999
1456303801.0,2358eb9a,0.969
1456303801.0,5f27c859,0.979
1456303801.0,4d47a676,0.969
1456303801.0,24398b7a,0.969
1456303801.0,95bbbe2f,0.999
1456303801.0,4ab47d1a,0.959
1456303801.0,d5ed0ac8,0.969
1456303801.0,fdca8735,0.979
1456303801.0,0dd8ba4c,1.029
1456303801.0,17e982d2,0.959
1456303801.0,b718f9fa,0.989
1456303801.0,50e125b9,0.989
1456303801.0,dddc0e70,0.939
1456303801.0,035ff990,0.969
1456303801.0,d195f0c9,0.979
1456303801.0,293e1b9a,0.949
1456303801.0,6fefe9a7,1.019
1456303801.0,6fe947de,0.959
1456303801.0,2ac71882,0.979
1456303801.0,e526650e,0.949
1456303801.0,fc8f41b2,0.969
1456303801.0,f4b9f379,0.969
1456303801.0,d3a7aabc,0.949
1456303801.0,ac6ccf5d,0.949
1456303801.0,5132fe1c,0.949
1456303801.0,1fe05a5f,0.949
1456303801.0,7ce44a8d,0.989
1456303801.0,078f0784,0.949
1456303801.0,471da9da,0.969
1456303801.0,d1bc0e20,0.949
1456303801.0,a02da48f,0.979
1456303801.0,5d0bbc06,0.959
1456303801.0,92eaccdc,0.929
1456303801.0,db21940b,0.959
1456303801.0,2f8bbe9b,0.989
1456303801.0,d07d6e2f,0.979
1456303801.0,ea6b204a,0.989
1456303801.0,3c76ded2,0.999
1456303801.0,89f88deb,0.989
1456303801.0,0123e797,0.939
1456303801.0,957e19a6,0.949
1456303801.0,d224352c,0.909
1456303801.0,5cb13083,0.949
1456303801.0,471d5cec,0.969
1456303801.0,e5b25ce5,0.979
1456303801.0,075d1e16,0.959
1456303801.0,238f3319,0.939
1456303801.0,69a09fed,0.969
1456303801.0,128ef159,0.969
1456303801.0,b661e7f7,0.979
1456303801.0,,0.929
1456303801.0,14d17f9a,0.929
1456303801.0,94c64075,0.979
1456303801.0,c83af05f,0.949
1456303801.0,3573c1c1,0.999
1456303801.0,97eccc29,1.009
1456303801.0,f184201b,0.949
1456303801.0,6f65a418,1.009
1456303801.0,e1cf4b4c,0.989
1456303801.0,36ba87a1,0.969
1456303801.0,982daa57,0.979
1456303801.0,fbfd53d4,0.994
1456303801.0,f88288ac,0.969
1456303801.0,b29e1284,0.999
1456303801.0,d8a16c26,0.969
1456303801.0,991367ac,0.949
1456303801.0,8a52d816,0.999
1456303801.0,8432eede,0.989
1456303801.0,43030d9f,0.979
1456303801.0,d766ce97,0.959
1456303801.0,4eaad293,0.969
1456303801.0,,0.949
1456303801.0,3f144301,0.989
1456303801.0,b2590879,0.979
1456303801.0,d361cee8,0.959
1456303801.0,b8b66437,0.959
1456303801.0,3af8e691,0.989
1456303801.0,6e409c53,0.949
1456303801.0,cb814e8e,0.949
1456303801.0,7e221db6,0.994
1456303801.0,594fc2e9,0.989
1456303801.0,7cf2b30a,1.019
1456303801.0,b6ac7c95,0.979
1456303801.0,fed9f427,0.979
1456303801.0,90f25014,0.969
1456303801.0,630f211d,0.949
1456303801.0,cb7e73c0,0.989
1456303801.0,64735bee,0.979
1456303801.0,32ecd8d4,0.999
1456303801.0,d1780d08,0.969
1456303801.0,43624917,0.979
1456303801.0,,0.959
1456303801.0,37a8af42,0.999
1456303801.0,0b617cbb,0.969
1456303801.0,c2fe2847,0.929
1456303801.0,c6ad410f,0.989
1456303801.0,c14c369f,0.959
1456304041.0,88a429db,0.959
1456304041.0,684b2be8,0.969
1456304041.0,bf66734b,0.969
1456304041.0,2f03265e,0.959
1456304041.0,7cef606f,0.979
1456304041.0,ae0b5a92,0.939
1456304041.0,7632d7b7,0.989
1456304041.0,3a4ffbbf,0.959
1456304041.0,58dc4ce1,0.969
1456304041.0,58a1bfb9,0.969
1456304041.0,0a06a5d3,0.959
1456304041.0,e0f84539,0.949
1456304041.0,2f40868f,0.989
1456304041.0,1ad58c2b,0.969
1456304041.0,4e2b483e,0.979
1456304041.0,e99e5f77,0.949
1456304041.0,a9b325ba,0.989
1456304041.0,820d9924,0.949
1456304041.0,e2851b26,0.949
1456304041.0,d98cee9c,0.939
1456304041.0,f4e60d5a,0.949
1456304041.0,b8fa7f55,0.949
1456304041.0,bc09577c,0.949
1456304041.0,1509b860,0.949
1456304041.0,e474e52b,0.959
1456304041.0,a16736fc,0.929
1456304041.0,d4bbb0ba,0.979
1456304041.0,8690af1b,0.959
1456304041.0,1686f694,0.939
1456304041.0,8e0ec690,0.949
1456304041.0,87580f67,0.999
1456304041.0,a6b83ee4,0.989
1456304041.0,f2925995,0.959
1456304041.0,d531567b,0.979
1456304041.0,6fa8087e,0.969
1456304041.0,bc572eb7,0.989
1456304041.0,00d52b83,0.979
1456304041.0,ed9bb208,0.979
1456304041.0,96629300,0.979
1456304041.0,1b369933,0.979
1456304041.0,6e67857f,0.989
1456304041.0,afd8c999,0.979
1456304041.0,669db224,0.939
1456304041.0,d62b675f,0.969
1456304041.0,286c1902,1.009
1456304041.0,acf24033,0.949
1456304041.0,1febf6ac,0.959
1456304041.0,3277bf79,0.949
1456304041.0,c5b39c57,0.949
1456304041.0,72bd4b95,0.979
1456304041.0,a6e2e315,0.939
1456304041.0,1176658b,0.959
1456304041.0,b4032e28,0.959
1456304041.0,4aaa267e,0.969
1456304041.0,8a2d62ff,0.949
1456304041.0,9bf65a40,0.959
1456304041.0,99a0f87e,0.979
1456304041.0,24a41128,0.989
1456304041.0,17e38b8d,0.959
1456304041.0,ce3a31be,0.979
1456304041.0,0ecd3674,0.979
1456304041.0,6dea9ace,0.969
1456304041.0,ae7b124a,0.949
1456304041.0,d55bad5b,0.949
1456304041.0,91e0ee78,0.969
1456304041.0,6b162563,0.959
1456304041.0,5d4a550d,0.959
1456304041.0,31d8b133,0.979
1456304041.0,19bab6ff,0.949
1456304041.0,6f5fb6ba,0.979
1456304041.0,f2c567b7,0.979
1456304041.0,43605438,0.999
1456304041.0,df7d4f7c,0.979
1456304041.0,955ed41d,0.974
1456304041.0,8f4fb8f1,0.959
1456304041.0,2bb55c91,0.969
1456304041.0,a2729b52,0.969
1456304041.0,851f334c,0.959
1456304041.0,f969dc08,0.979
1456304041.0,04c08bf0,0.979
1456304041.0,be8fa131,1.009
1456304041.0,0346b908,0.969
1456304041.0,4d1eb476,0.959
1456304041.0,6195bd29,0.969
1456304041.0,8a577495,0.979
1456304041.0,752a50a3,0.958
1456304041.0,7581214d,0.969
1456304041.0,7ba5966e,0.989
1456304041.0,f6d9b461,0.949
1456304041.0,c21cd25b,0.919
1456304041.0,12fa7f3d,1.009
1456304041.0,db56e2a2,0.999
1456304041.0,966a7f4d,1.009
1456304041.0,a9f75b32,0.969
1456304041.0,d35de923,0.949
1456304041.0,c8efbe00,1.019
1456304041.0,4fbbcd3f,0.949
1456304041.0,506ed98f,0.949
1456304041.0,0657e6a3,0.989
1456304041.0,b79abfef,1.009
1456304041.0,22d16d09,0.949
1456304041.0,3dceca88,0.989
1456304041.0,f12b117d,0.969
1456304041.0,e57dfb90,1.009
1456304041.0,ae9b302a,0.949
1456304041.0,d8297d8d,0.949
1456304041.0,249c81ea,0.939
1456304041.0,c35a371d,0.939
1456304041.0,e7ea0c12,0.969
1456304041.0,5b46611d,0.989
1456304041.0,bbc2b8d4,0.959
1456304041.0,b4618121,0.959
1456304041.0,ff9beead,0.989
1456304041.0,22103849,0.969
1456304041.0,d261d6e0,0.989
1456304041.0,3f0d0273,0.999
1456304041.0,67adadfc,0.949
1456304041.0,2f3e857f,0.939
1456304041.0,b6553c9c,0.999
1456304041.0,47c14a5e,1.029
1456304041.0,7448deb7,0.989
1456304041.0,97c3c089,0.939
1456304041.0,74e674a6,0.969
1456304041.0,8d6ec707,0.959
1456304041.0,65b329e2,1.029
1456304041.0,ee30bc6d,0.979
1456304041.0,62f9d469,0.939
1456304041.0,d67b3850,0.959
1456304041.0,283d3a46,0.974
1456304041.0,373fd05a,0.929
1456304041.0,5fcf7eea,0.979
1456304041.0,f723b50e,0.949
1456304041.0,0c811233,0.939
1456304041.0,dee66d10,0.949
1456304041.0,fa6ffdb7,0.999
1456304041.0,7d589b96,0.959
1456304041.0,37e841fa,0.949
1456304041.0,91170ebc,0.959
1456304041.0,a7f61984,0.989
1456304041.0,14a12755,0.959
1456304041.0,2b8e75ca,0.969
1456304041.0,7636eabf,0.949
1456304041.0,176e9b96,0.929
1456304041.0,f44172d4,0.949
1456304041.0,cca8f84d,0.959
1456304041.0,fdb2c58e,0.949
1456304041.0,6499badf,0.999
1456304041.0,1c7a02ad,0.979
1456304041.0,a244f9b0,0.979
1456304041.0,d04e4045,0.979
1456304041.0,3a474dd3,0.979
1456304041.0,aa9b2273,0.949
1456304041.0,d265fb7c,0.959
1456304041.0,b1b62cb5,0.969
1456304041.0,ce405060,0.949
1456304041.0,5d3d8db3,0.959
1456304041.0,57b28a51,0.949
1456304041.0,c648217d,0.939
1456304041.0,4b09886e,0.969
1456304041.0,51e1327b,0.959
1456304041.0,35d8c725,0.979
1456304041.0,31172c6e,0.999
1456304041.0,18175a0a,0.969
1456304041.0,831f7129,0.989
1456304041.0,92a6e659,0.989
1456304041.0,26613c3a,0.989
1456304041.0,3a7d2c69,0.949
1456304041.0,cb489a3a,0.979
1456304041.0,,0.969
1456304041.0,67b3d058,0.999
1456304041.0,5022eb7f,0.939
1456304041.0,c19f6b7f,0.969
1456304041.0,44bf3174,0.959
1456304041.0,f885a3d3,0.989
1456304041.0,e8ebd286,0.989
1456304041.0,26e8a3e0,0.969
1456304041.0,d0465699,0.969
1456304041.0,eebe0685,0.959
1456304041.0,a664a217,0.949
1456304041.0,5e6b1f04,0.919
1456304041.0,a162b47e,0.979
1456304041.0,ba9cc930,0.939
1456304041.0,0e237692,0.979
1456304041.0,7bd23993,1.019
1456304041.0,3eaf47de,0.959
1456304041.0,f5610fa8,0.999
1456304041.0,8914d28e,0.989
1456304041.0,bdd3f5c9,0.949
1456304041.0,4ff9d49d,0.989
1456304041.0,26d674df,0.949
1456304041.0,c4b99997,0.949
1456304041.0,81dd5a9d,0.969
1456304041.0,c0ccdcc4,0.979
1456304041.0,a500d475,0.949
1456304041.0,86b4e823,0.949
1456304041.0,43398bfc,1.039
1456304041.0,ab473015,1.029
1456304041.0,1fef1b51,1.009
1456304041.0,457e579e,1.008
1456304041.0,d6fe953b,0.949
1456304041.0,b1bae9b8,0.949
1456304041.0,f4a86f83,0.939
1456304041.0,49c93205,0.999
1456304041.0,86eb854d,0.949
1456304041.0,cdf21700,0.949
1456304041.0,36da90c6,0.989
1456304041.0,1da52020,0.969
1456304041.0,92cfd8f3,0.979
1456304041.0,be9c118a,0.949
1456304041.0,586c91e3,0.939
1456304041.0,a2459543,0.999
1456304041.0,51bb4991,0.969
1456304041.0,39c1eecb,0.984
1456304041.0,882951be,0.979
1456304041.0,1aa38dcc,1.009
1456304041.0,1a68318e,1.019
1456304041.0,d556f79b,0.959
1456304041.0,010becdc,0.989
1456304041.0,1ac2cf31,0.979
1456304041.0,cbe160e3,0.949
1456304041.0,4d470b9f,0.989
1456304041.0,bb8487e5,0.959
1456304041.0,65f79fe1,0.919
1456304041.0,bf83ff8d,1.009
1456304041.0,2bd2ffb1,0.979
1456304041.0,1f1e2904,0.959
1456304041.0,86ca3bf1,0.969
1456304041.0,96d89e86,0.949
1456304041.0,31b11e9e,0.989
1456304041.0,9c308e5f,0.979
1456304041.0,0bb7ebd5,0.959
1456304041.0,59635b5d,0.979
1456304041.0,da9d831f,0.949
1456304041.0,1ab8e201,0.959
1456304041.0,48f1eeb3,0.969
1456304041.0,c48de424,0.939
1456304041.0,aeba37f9,0.949
1456304041.0,47f0950d,0.959
1456304041.0,7433201e,0.969
1456304041.0,c8b41091,0.979
1456304041.0,a4deb49e,0.949
1456304041.0,1425b025,0.989
1456304041.0,8167fa85,0.979
1456304041.0,b6002806,0.979
1456304041.0,f85abf7d,0.959
1456304041.0,4270cadf,1.039
1456304041.0,c5a3cdcb,0.989
1456304041.0,9bcbbbc7,0.989
1456304041.0,91636cd2,0.959
1456304041.0,06fb0c54,0.999
1456304041.0,50e8deb3,0.969
1456304041.0,4f4115ed,0.939
1456304041.0,7f7b1e43,0.979
1456304041.0,bdc12d8e,0.949
1456304041.0,4272bb90,0.979
1456304041.0,1ff45876,0.949
1456304041.0,da2a28a0,0.979
1456304041.0,476b265b,1.009
1456304041.0,40271791,0.979
1456304041.0,49fa8372,0.969
1456304041.0,ef29f3a1,0.919
1456304041.0,57393752,0.999
1456304041.0,409b2b7e,0.989
1456304041.0,0ebd49bf,0.999
1456304041.0,4438eb3c,0.979
1456304041.0,efda2508,0.949
1456304041.0,,1.079
1456304041.0,5204d6df,0.989
1456304041.0,bb091511,1.009
1456304041.0,448b8b44,0.979
1456304041.0,a8a26144,0.989
1456304041.0,0774916f,0.979
1456304041.0,89923e95,0.949
1456304041.0,f11ba63d,0.979
1456304041.0,a3f28e84,0.979
1456304041.0,cd749265,0.939
1456304041.0,82e36ee5,0.989
1456304041.0,317cd4e0,0.939
1456304041.0,bff6865c,0.979
1456304041.0,f494f0b9,0.989
1456304041.0,f4b9d561,0.949
1456304041.0,bbca138f,0.939
1456304041.0,385fa695,0.964
1456304041.0,9fe5444d,0.999
1456304041.0,371f287c,0.979
1456304041.0,909c21e3,0.989
1456304041.0,d7a6a6c2,0.989
1456304041.0,7653cc6a,0.979
1456304041.0,f04e168f,0.979
1456304041.0,ed71c114,0.989
1456304041.0,aa50fdab,0.969
1456304041.0,39261c92,0.989
1456304041.0,1746d28b,0.989
1456304041.0,83fa6876,0.969
1456304041.0,9efb9e6b,0.949
1456304041.0,df070324,0.999
1456304041.0,,0.979
1456304041.0,1717d8ca,0.989
1456304041.0,5e1d80de,0.929
1456304041.0,a46de094,0.979
1456304041.0,e00ca8bb,0.979
1456304041.0,5505aa75,0.979
1456304041.0,cd9d922f,0.979
1456304041.0,84fcbe9f,0.949
1456304041.0,40e0779e,0.969
1456304041.0,62994203,0.929
1456304041.0,0a297a27,0.979
1456304041.0,002160c4,0.959
1456304041.0,d0b8a1f7,0.949
1456304041.0,0967fa61,0.959
1456304041.0,62595ff2,0.999
1456304041.0,4503fc83,0.989
1456304041.0,33cd03d6,0.969
1456304041.0,f5e9f5d7,0.939
1456304041.0,29a6303c,0.969
1456304041.0,4ea41fde,0.939
1456304041.0,dc76a6bb,0.969
1456304041.0,84333954,0.949
1456304041.0,7ee5da0f,0.979
1456304041.0,3e32276d,0.949
1456304041.0,c25699b5,0.989
1456304041.0,a7eeba86,0.979
1456304041.0,539144f8,0.969
1456304041.0,16fbfac7,0.989
1456304041.0,476429df,0.959
1456304041.0,1dad0cef,0.989
1456304041.0,3db6506a,0.999
1456304041.0,398b6ec7,0.979
1456304041.0,3335bb20,0.969
1456304041.0,726bbc28,0.959
1456304041.0,724b8382,0.989
1456304041.0,27ed450f,0.949
1456304041.0,2b890110,0.929
1456304041.0,56ea4a71,0.969
1456304041.0,7d967629,0.959
1456304041.0,b7496873,0.969
1456304041.0,758e532b,0.949
1456304041.0,4d4b1ca0,0.949
1456304041.0,193d5fa7,0.959
1456304041.0,f720cc81,0.959
1456304041.0,be2df1d8,0.949
1456304041.0,2df557df,0.949
1456304041.0,16fa63dc,0.979
1456304041.0,ad6a99ce,0.939
1456304041.0,09391e15,0.939
1456304041.0,1f311bb3,0.919
1456304041.0,0ee7204e,0.949
1456304041.0,89d25593,0.939
1456304041.0,3728281b,0.939
1456304041.0,7cc832ba,0.929
1456304041.0,78f2b451,0.979
1456304041.0,97eccc29,1.009
1456304041.0,a0088371,1.009
1456304041.0,053b7fd8,0.929
1456304041.0,bdceff30,0.929
1456304041.0,b1eaa840,1.009
1456304041.0,9168991d,0.959
1456304041.0,56a0a7dc,0.939
1456304041.0,6e520560,1.019
1456304041.0,8d86cbc4,0.939
1456304041.0,8c4f6021,0.959
1456304041.0,e212dd80,0.979
1456304041.0,f8453096,0.939
1456304041.0,5cb0b08c,0.949
1456304041.0,e5d7defc,0.979
1456304041.0,9557f893,0.969
1456304041.0,6912da2f,0.959
1456304041.0,7121a112,0.979
1456304041.0,2b043615,0.959
1456304041.0,38f029e2,0.969
1456304041.0,3d2f11fa,0.909
1456304041.0,b287272b,0.989
1456304041.0,9544a82b,1.019
1456304041.0,f912f47a,1.159
1456304041.0,df1ba7d7,0.929
1456304041.0,c1b38961,0.999
1456304041.0,3f3540c1,0.979
1456304041.0,ad659ace,0.939
1456304041.0,684e7234,0.919
1456304041.0,ed7d2122,1.009
1456304041.0,8fc52727,0.989
1456304041.0,91baebbc,0.959
1456304041.0,a3eb6d42,0.984
1456304041.0,1a48cf2f,1.019
1456304041.0,0a9446f2,0.959
1456304041.0,1f59edd4,0.979
1456304041.0,dea8af98,0.979
1456304041.0,0664aa97,0.999
1456304041.0,57e77986,0.949
1456304041.0,9abcad1c,0.999
1456304041.0,5d4d46b3,1.009
1456304041.0,6a5e9f24,0.979
1456304041.0,f0fd118b,0.969
1456304041.0,ed46fdb9,0.949
1456304041.0,a41abd0c,0.959
1456304041.0,0b617cbb,0.949
1456304041.0,f1f120d5,0.969
1456304281.0,1248a8aa,0.969
1456304281.0,28ed1025,0.969
1456304281.0,29076544,0.909
1456304281.0,722c316b,0.899
1456304281.0,1ad58c2b,0.969
1456304281.0,2073a897,0.939
1456304281.0,fb0b1dcf,0.949
1456304281.0,1c83ff33,0.979
1456304281.0,c2d8e386,0.949
1456304281.0,f2d26e3e,0.939
1456304281.0,e40086e8,0.979
1456304281.0,f6f5bf47,0.969
1456304281.0,ba074c78,0.959
1456304281.0,f2303a07,0.959
1456304281.0,fd135624,0.959
1456304281.0,d52caa0c,0.979
1456304281.0,3f147b18,0.929
1456304281.0,51296782,0.969
1456304281.0,c968d61e,0.919
1456304281.0,a2ab785a,0.949
1456304281.0,4f6de997,1.009
1456304281.0,9ba29175,0.969
1456304281.0,51ff6877,0.959
1456304281.0,5ac9ec5a,0.979
1456304281.0,186db07d,0.979
1456304281.0,415ad4d0,0.999
1456304281.0,f09b1121,0.949
1456304281.0,7dfddaf9,0.969
1456304281.0,dfb2f931,0.989
1456304281.0,b9cf4218,0.969
1456304281.0,14dfafb1,1.019
1456304281.0,13b8b105,0.979
1456304281.0,7a80054c,0.979
1456304281.0,461c1a45,0.949
1456304281.0,ef9fe1fc,0.999
1456304281.0,44e801f0,0.959
1456304281.0,c22a155b,0.979
1456304281.0,2a7b6c27,0.944
1456304281.0,2b390ecb,0.969
1456304281.0,28071dbd,0.969
1456304281.0,884a1646,0.979
1456304281.0,a14af66a,0.979
1456304281.0,b4c34df5,0.989
1456304281.0,fda59bae,0.999
1456304281.0,f27854f0,0.929
1456304281.0,924bf88b,0.919
1456304281.0,65705e06,0.969
1456304281.0,b48ba10e,0.959
1456304281.0,577be558,0.999
1456304281.0,e2266b20,0.969
1456304281.0,f90c625e,0.999
1456304281.0,b5028985,0.979
1456304281.0,8feda8b5,0.999
1456304281.0,12434f8d,0.949
1456304281.0,59bf4a11,0.929
1456304281.0,3d1e3ab6,0.959
1456304281.0,91925b72,1.009
1456304281.0,fef37507,0.979
1456304281.0,92d99a98,0.999
1456304281.0,b0a76bca,0.979
1456304281.0,192ba8fb,0.949
1456304281.0,eda8c21c,0.969
1456304281.0,92a71bb7,0.999
1456304281.0,b09942f7,1.009
1456304281.0,995e56cb,0.979
1456304281.0,3a9fbebb,0.969
1456304281.0,87959c0c,0.969
1456304281.0,,0.989
1456304281.0,a30a80ce,0.939
1456304281.0,610a0f34,0.949
1456304281.0,00cf8738,0.979
1456304281.0,4204f478,0.969
1456304281.0,7cf49500,0.979
1456304281.0,dd5271ec,0.979
1456304281.0,668ec837,0.969
1456304281.0,b95b2152,0.989
1456304281.0,45ee1cd9,0.939
1456304281.0,265fe46d,0.929
1456304281.0,f1b1a06d,0.969
1456304281.0,b154220c,0.999
1456304281.0,67830b76,0.979
1456304281.0,9d49a53b,0.989
1456304281.0,3663fc5c,0.969
1456304281.0,cf68ef20,0.969
1456304281.0,657c5e72,0.989
1456304281.0,0fd8b490,0.949
1456304281.0,a339bf1e,0.939
1456304281.0,0094aa42,0.939
1456304281.0,f897dc71,0.959
1456304281.0,2736cca4,0.989
1456304281.0,4be880d0,0.959
1456304281.0,3f5f0189,0.939
1456304281.0,aca2d2bc,0.959
1456304281.0,e307b347,0.939
1456304281.0,d393bcea,0.929
1456304281.0,c2952252,1.009
1456304281.0,feda8910,0.969
1456304281.0,46078bef,0.959
1456304281.0,5a0fb607,1.029
1456304281.0,fd92c61e,0.979
1456304281.0,d6c38103,0.969
1456304281.0,9140f75b,0.969
1456304281.0,507d25cf,1.029
1456304281.0,ba7651f8,0.939
1456304281.0,1641208e,0.969
1456304281.0,f4084cef,0.959
1456304281.0,6567da70,0.939
1456304281.0,aa1ef023,0.969
1456304281.0,c33f8f41,0.979
1456304281.0,470345fb,0.999
1456304281.0,c4ac8df0,1.009
1456304281.0,b159aa41,0.999
1456304281.0,e87c38cc,1.029
1456304281.0,db08686c,0.929
1456304281.0,235c0c8c,1.019
1456304281.0,,0.979
1456304281.0,bb4f2dca,0.969
1456304281.0,2e213ba2,0.929
1456304281.0,72162ebe,0.979
1456304281.0,ee30bc6d,0.969
1456304281.0,3b988b25,0.929
1456304281.0,31923c9d,0.949
1456304281.0,d3d96d55,0.969
1456304281.0,d5b8a8fd,0.939
1456304281.0,28f4a8a5,0.979
1456304281.0,a441d45c,0.939
1456304281.0,a24c7289,0.939
1456304281.0,f9b9ebef,0.939
1456304281.0,16faf672,0.969
1456304281.0,0720fedb,0.969
1456304281.0,6acdb3a0,0.949
1456304281.0,9bd2d468,0.939
1456304281.0,54ba3e2f,0.944
1456304281.0,37a4ac8d,0.929
1456304281.0,99b5b897,0.979
1456304281.0,d2fc2219,0.969
1456304281.0,d9cff4b8,1.009
1456304281.0,874e2798,1.009
1456304281.0,d9132efc,0.989
1456304281.0,7cad2e85,0.959
1456304281.0,85f096bd,0.979
1456304281.0,a9683117,0.999
1456304281.0,511114cf,0.969
1456304281.0,25c8941f,0.989
1456304281.0,e2edff7e,0.959
1456304281.0,49ac9777,0.939
1456304281.0,5d5ce6c9,0.969
1456304281.0,c38cb4a1,0.969
1456304281.0,fb46bd6e,0.999
1456304281.0,31172c6e,0.989
1456304281.0,e8478f56,0.989
1456304281.0,d9077691,0.969
1456304281.0,0b2dae68,0.949
1456304281.0,444273fb,0.969
1456304281.0,15a5d68a,0.959
1456304281.0,2b8a1d9c,0.979
1456304281.0,79f60a97,0.959
1456304281.0,e3654860,0.969
1456304281.0,26f7c61c,0.949
1456304281.0,6840a8a6,0.929
1456304281.0,dc4b8ae9,0.999
1456304281.0,c328902c,0.999
1456304281.0,58d54fd0,0.969
1456304281.0,3de5ce2e,0.969
1456304281.0,ff485bff,0.959
1456304281.0,18ac93f2,0.949
1456304281.0,6bf563af,0.969
1456304281.0,53b4afaa,0.969
1456304281.0,74903af4,0.979
1456304281.0,5a8b71b2,0.939
1456304281.0,84190755,0.979
1456304281.0,0fa50e56,0.959
1456304281.0,28119274,0.959
1456304281.0,f312c960,0.999
1456304281.0,337bdfc2,0.969
1456304281.0,efc1c355,0.959
1456304281.0,ae09ed04,0.959
1456304281.0,7300bd43,0.999
1456304281.0,3b4ac733,0.999
1456304281.0,1cc41339,0.939
1456304281.0,c16682b0,0.989
1456304281.0,57a33e46,0.969
1456304281.0,64658758,1.009
1456304281.0,8f0c450a,0.989
1456304281.0,01f93c7c,1.009
1456304281.0,bc85d300,0.979
1456304281.0,fcbae89e,0.949
1456304281.0,18a9621c,0.959
1456304281.0,3c90b73b,0.979
1456304281.0,99acd99a,0.989
1456304281.0,685a30f7,0.989
1456304281.0,813fd6aa,0.939
1456304281.0,3e5ecb79,0.979
1456304281.0,ca8919db,0.939
1456304281.0,313314f6,0.979
1456304281.0,8914d28e,0.979
1456304281.0,f76fac88,0.989
1456304281.0,917af1e0,0.959
1456304281.0,613ea133,0.999
1456304281.0,ace72885,0.939
1456304281.0,099e78c7,0.949
1456304281.0,78962747,1.029
1456304281.0,43206580,0.979
1456304281.0,563c9041,0.929
1456304281.0,4dc73eb8,0.984
1456304281.0,0d0f23bd,0.949
1456304281.0,21358755,0.969
1456304281.0,2839dc7d,0.979
1456304281.0,d9a504fe,0.959
1456304281.0,537fac20,0.959
1456304281.0,9a0bacc1,0.949
1456304281.0,e04ac56b,0.999
1456304281.0,4d70ed85,0.969
1456304281.0,f559d01a,0.989
1456304281.0,67f771de,0.999
1456304281.0,5a5bd833,0.959
1456304281.0,26ae107e,0.949
1456304281.0,b4b8fb9d,0.949
1456304281.0,86eb854d,0.939
1456304281.0,2ce7ea0e,0.979
1456304281.0,74d77c58,0.994
1456304281.0,d90a2276,0.999
1456304281.0,c629a598,1.019
1456304281.0,5fd232c2,0.959
1456304281.0,aac612fe,0.999
1456304281.0,b8682312,0.969
1456304281.0,ca089b70,0.989
1456304281.0,df74c4c4,0.989
1456304281.0,91b891b8,0.989
1456304281.0,a9ad29e3,1.009
1456304281.0,96854150,0.979
1456304281.0,0900dfb0,0.979
1456304281.0,9c1e716a,1.079
1456304281.0,b70f82b5,0.979
1456304281.0,1c00717b,0.959
1456304281.0,ab1af76d,0.999
1456304281.0,2337f9ca,0.979
1456304281.0,b60ced65,0.959
1456304281.0,b17608a3,0.989
1456304281.0,e5a3d8f9,0.959
1456304281.0,4e30bdf2,0.999
1456304281.0,8cd391f3,0.959
1456304281.0,c083a2d4,0.979
1456304281.0,94d55606,0.994
1456304281.0,aacd7080,0.969
1456304281.0,be912b8a,0.989
1456304281.0,14583564,0.939
1456304281.0,068f53ad,0.929
1456304281.0,c3606f90,0.999
1456304281.0,29e79793,0.949
1456304281.0,80ba6950,0.979
1456304281.0,82130afe,0.969
1456304281.0,85a43300,0.999
1456304281.0,ebefc91b,0.989
1456304281.0,4e359e7b,0.959
1456304281.0,3b609665,0.959
1456304281.0,23efaa4b,0.929
1456304281.0,619e3c7f,0.939
1456304281.0,9e6d20cc,0.939
1456304281.0,b0c0a395,0.999
1456304281.0,d4602afc,0.939
1456304281.0,2b8c12d2,0.989
1456304281.0,66073ded,0.984
1456304281.0,d525156e,0.929
1456304281.0,1fa4f36e,0.979
1456304281.0,bd4d552d,0.999
1456304281.0,e010375a,0.989
1456304281.0,c12b33f3,0.989
1456304281.0,21362c5e,0.959
1456304281.0,c1921151,0.989
1456304281.0,dcfdd6fc,0.979
1456304281.0,c21f352d,0.969
1456304281.0,fe599048,0.989
1456304281.0,8f4cf94f,0.999
1456304281.0,95ff6d3a,0.948
1456304281.0,87856e5d,0.999
1456304281.0,6411aa60,0.989
1456304281.0,f86a4e1f,1.019
1456304281.0,0fcfa459,0.929
1456304281.0,8977f83b,0.969
1456304281.0,ab84ea8f,0.989
1456304281.0,b6aadfa1,1.009
1456304281.0,409b2b7e,0.969
1456304281.0,c6a933fe,1.009
1456304281.0,ebbb598c,0.959
1456304281.0,38a3a737,0.949
1456304281.0,ae7c12ce,0.944
1456304281.0,353d2391,0.969
1456304281.0,1b21d50b,0.969
1456304281.0,c5094307,0.979
1456304281.0,2096e49a,0.969
1456304281.0,39a29c0a,0.949
1456304281.0,0ee68fe4,0.969
1456304281.0,52303ab3,0.989
1456304281.0,260e3a4c,0.979
1456304281.0,3ef0b5d2,0.929
1456304281.0,a3f28e84,0.959
1456304281.0,66c0ab43,0.979
1456304281.0,009091bb,0.969
1456304281.0,64abbe63,0.979
1456304281.0,adf9dd3f,0.999
1456304281.0,739c3107,0.989
1456304281.0,5921c872,0.949
1456304281.0,2fa6d835,0.989
1456304281.0,c98bc98a,0.929
1456304281.0,ab6f459b,0.969
1456304281.0,7d0e5e60,0.989
1456304281.0,e8b2cb64,0.949
1456304281.0,25294ce8,0.989
1456304281.0,f7e752c7,0.969
1456304281.0,3124489d,0.969
1456304281.0,d5be29d1,0.999
1456304281.0,00eb6334,0.949
1456304281.0,3506918b,0.969
1456304281.0,da19dfd3,0.979
1456304281.0,e3330ca1,0.969
1456304281.0,64bc8569,0.959
1456304281.0,d72d099c,0.979
1456304281.0,e2cc6025,0.969
1456304281.0,8c04c7d4,0.959
1456304281.0,,0.949
1456304281.0,b77ce910,0.939
1456304281.0,e9fcf416,0.979
1456304281.0,80b92918,0.968
1456304281.0,95568ef1,0.939
1456304281.0,24755427,0.979
1456304281.0,e3fcda3f,0.989
1456304281.0,1e88c869,0.939
1456304281.0,6d6e84e0,0.909
1456304281.0,b20731bb,0.984
1456304281.0,c0b165c5,0.989
1456304281.0,4a9b9c71,0.999
1456304281.0,c793eda5,0.964
1456304281.0,35730766,0.939
1456304281.0,ece022de,0.969
1456304281.0,7487945f,0.979
1456304281.0,b2dce7a0,0.979
1456304281.0,d1832039,0.989
1456304281.0,c8cff199,0.959
1456304281.0,ae505f44,0.969
1456304281.0,923a028b,0.999
1456304281.0,0d4c6469,0.969
1456304281.0,07f1bf63,0.939
1456304281.0,6d9bd5ab,0.989
1456304281.0,256e2f5b,0.999
1456304281.0,ed61f658,0.969
1456304281.0,3ad0cccc,0.979
1456304281.0,0a224fb3,0.979
1456304281.0,03633a4d,0.939
1456304281.0,fed67d30,0.999
1456304281.0,3429a55d,0.969
1456304281.0,cba1718d,0.969
1456304281.0,bd5bd28e,0.959
1456304281.0,97ca12f9,0.969
1456304281.0,364488f7,0.959
1456304281.0,c6f69752,0.989
1456304281.0,32f0b93e,0.949
1456304281.0,1054110c,0.924
1456304281.0,fdf0e8d2,0.929
1456304281.0,9247febd,0.929
1456304281.0,864a3cb2,0.979
1456304281.0,2b987960,0.909
1456304281.0,8ddd7eaf,0.959
1456304281.0,1c504132,0.959
1456304281.0,dfa90483,0.949
1456304281.0,6e1a006b,0.949
1456304281.0,b7496873,0.959
1456304281.0,9275ec29,0.979
1456304281.0,939b3a38,0.969
1456304281.0,225eaacb,0.979
1456304281.0,810fc069,0.949
1456304281.0,97e8ac48,0.949
1456304281.0,be2df1d8,0.939
1456304281.0,fc85b951,0.979
1456304281.0,757cb5e7,0.969
1456304281.0,6d8cc159,0.969
1456304281.0,e5b25ce5,0.979
1456304281.0,7cc832ba,0.929
1456304281.0,8c7add3d,0.949
1456304281.0,973748fa,0.959
1456304281.0,a05c4f54,0.999
1456304281.0,d6703157,0.939
1456304281.0,5718b51b,0.959
1456304281.0,a66e3813,0.989
1456304281.0,47c753f1,0.999
1456304281.0,d74906d1,1.019
1456304281.0,0d366466,0.969
1456304281.0,46cbebe3,0.989
1456304281.0,7818ad58,0.979
1456304281.0,30865e09,0.989
1456304281.0,fd3e8c64,0.979
1456304281.0,19e2bcd9,0.969
1456304281.0,89d5bd42,0.959
1456304281.0,7059e623,0.939
1456304281.0,84491c5b,0.999
1456304281.0,741f3aab,1.009
1456304281.0,4dc8718a,0.969
1456304281.0,9a0f8848,0.939
1456304281.0,c57bb6b4,0.949
1456304281.0,113fcda7,0.959
1456304281.0,e0973b4a,0.949
1456304281.0,e4e43cad,1.159
1456304281.0,f22ce4a2,0.979
1456304281.0,48772908,0.959
1456304281.0,484d9d04,0.989
1456304281.0,b7d1ee3a,1.009
1456304281.0,5f1e3ccf,0.989
1456304281.0,247b4cda,0.989
1456304281.0,c042fdd9,0.979
1456304281.0,71e79520,0.959
1456304281.0,efe39034,0.969
1456304281.0,7ecce629,0.959
1456304281.0,2dc40154,0.969
1456304281.0,ed57f511,0.949
1456304281.0,8b5466e6,0.969
1456304281.0,70f30d88,0.999
1456304281.0,3e1191fb,0.989
1456304281.0,cf3aa97f,0.989
1456304281.0,5fab2045,0.959
1456304281.0,0b8d29ea,0.989
1456304281.0,df59b3f7,0.969
1456304281.0,2a4d5e67,0.979
1456304281.0,89c3b080,0.939
1456304281.0,2052e025,0.949
1456304521.0,a0fa9b20,0.979
1456304521.0,dfc32fdb,0.969
1456304521.0,3f836ef6,0.959
1456304521.0,a4006e8d,0.969
1456304521.0,ef735696,0.949
1456304521.0,c2bef439,0.969
1456304521.0,87369318,0.969
1456304521.0,c87f2cf7,0.939
1456304521.0,e8fba845,0.969
1456304521.0,7f0a95e2,0.929
1456304521.0,43be7e31,0.939
1456304521.0,2a7d911f,0.949
1456304521.0,e6289f57,0.929
1456304521.0,dfb47eed,0.929
1456304521.0,85e6dacf,0.949
1456304521.0,48085700,0.999
1456304521.0,7d1cd9cd,0.949
1456304521.0,6bfedfb9,0.979
1456304521.0,8ac847f6,0.959
1456304521.0,c07bd363,0.939
1456304521.0,bcaf4920,1.009
1456304521.0,e0ca8158,0.989
1456304521.0,3133beb1,0.969
1456304521.0,fa657190,0.979
1456304521.0,50b27f80,0.979
1456304521.0,d1cb3372,0.979
1456304521.0,33d56fd4,0.969
1456304521.0,897fceb5,0.994
1456304521.0,9e517882,0.989
1456304521.0,aa00a8f6,0.994
1456304521.0,09aa1a8b,0.989
1456304521.0,9a0afbbb,0.969
1456304521.0,6a471cde,0.939
1456304521.0,e3635092,0.919
1456304521.0,b7bc3e61,1.019
1456304521.0,4b229f4e,0.989
1456304521.0,5d8a25e3,1.009
1456304521.0,d17204b8,0.989
1456304521.0,a64e6290,0.929
1456304521.0,c3ff1b21,0.949
1456304521.0,c94cdc6e,0.999
1456304521.0,e31897db,0.939
1456304521.0,4f72fca5,0.989
1456304521.0,9278d791,0.959
1456304521.0,ae0b5aa6,0.989
1456304521.0,06f5dad2,0.999
1456304521.0,8bb9b028,0.949
1456304521.0,1beae976,0.989
1456304521.0,cb73d4f7,0.939
1456304521.0,f6746552,0.999
1456304521.0,a46b4f3d,0.949
1456304521.0,dacaa91d,0.979
1456304521.0,09f71d7c,0.949
1456304521.0,a08b0e98,0.949
1456304521.0,c28f67a8,0.979
1456304521.0,4bc4b71f,0.959
1456304521.0,edd33695,0.949
1456304521.0,3c7bc366,0.989
1456304521.0,93b5b301,0.969
1456304521.0,a300968d,0.989
1456304521.0,9795d6a5,0.969
1456304521.0,2fe20e60,0.989
1456304521.0,0c5920e5,0.939
1456304521.0,da3e3f70,0.979
1456304521.0,60a41d4c,0.969
1456304521.0,dd154694,0.939
1456304521.0,10337302,0.949
1456304521.0,e7b78fcf,0.959
1456304521.0,da976c9d,0.999
1456304521.0,,0.959
1456304521.0,e251ae8a,0.989
1456304521.0,,1.009
1456304521.0,4d40c826,0.949
1456304521.0,03098eb9,0.939
1456304521.0,c6317552,0.949
1456304521.0,1cd02c26,0.989
1456304521.0,f86443f3,0.999
1456304521.0,c8d87efe,0.969
1456304521.0,ee167171,0.999
1456304521.0,185c6827,0.989
1456304521.0,d6e3342a,0.969
1456304521.0,f64d1649,0.939
1456304521.0,716b6235,0.999
1456304521.0,3589a5bc,0.979
1456304521.0,34740e34,0.989
1456304521.0,c0a3d1e4,0.979
1456304521.0,12ad7001,0.989
1456304521.0,9b77de60,1.089
1456304521.0,b07918a9,0.959
1456304521.0,ce736f1a,0.969
1456304521.0,899f46c2,0.989
1456304521.0,0b91981b,0.989
1456304521.0,61a8a961,1.019
1456304521.0,11b5806d,1.009
1456304521.0,40eead28,0.959
1456304521.0,b037d703,0.989
1456304521.0,7f9a33f8,0.979
1456304521.0,12fc2a75,0.979
1456304521.0,e4436253,0.959
1456304521.0,39c4abbc,0.969
1456304521.0,d8d9760b,0.979
1456304521.0,2c52792d,0.939
1456304521.0,64d3fea8,0.999
1456304521.0,96f06602,0.979
1456304521.0,96eb851e,0.989
1456304521.0,6be455b0,0.979
1456304521.0,3213e5d8,0.999
1456304521.0,17003e91,0.969
1456304521.0,302e12a9,1.009
1456304521.0,f4507e0e,0.969
1456304521.0,14b2ac02,0.989
1456304521.0,e527ee65,0.979
1456304521.0,3271e76a,1.009
1456304521.0,2e4ef56a,0.969
1456304521.0,61d59ee9,0.999
1456304521.0,13de7212,0.999
1456304521.0,badafb9a,0.969
1456304521.0,acc860ed,0.959
1456304521.0,5773d9f5,0.949
1456304521.0,c7df902b,0.999
1456304521.0,67fb9f82,0.989
1456304521.0,aa75d7c1,1.019
1456304521.0,fa6ffdb7,0.969
1456304521.0,51ff36bc,0.959
1456304521.0,d662b253,0.979
1456304521.0,bb41a6c9,0.949
1456304521.0,4c906d12,0.959
1456304521.0,860dceaa,0.979
1456304521.0,7001785d,0.949
1456304521.0,b1cca41e,0.949
1456304521.0,e7ec8759,0.969
1456304521.0,9593b2f6,0.939
1456304521.0,51ebd486,0.949
1456304521.0,67ffc54d,0.939
1456304521.0,a0f09d1a,0.969
1456304521.0,3a3fcab7,0.939
1456304521.0,ae3ec7b1,0.969
1456304521.0,45b03d62,0.949
1456304521.0,29626b91,0.959
1456304521.0,242f5c69,0.939
1456304521.0,b1628a80,0.939
1456304521.0,d3bf8582,0.989
1456304521.0,b27b4435,0.969
1456304521.0,ed65aebc,0.929
1456304521.0,c78b7333,0.979
1456304521.0,dc3f469b,0.929
1456304521.0,1bdb889f,0.929
1456304521.0,11364835,0.969
1456304521.0,72a57388,0.929
1456304521.0,0ae0fa71,0.979
1456304521.0,a8086038,0.959
1456304521.0,a5b19cba,0.969
1456304521.0,f7b92fac,0.919
1456304521.0,fac7adae,0.959
1456304521.0,f19a2bc5,0.939
1456304521.0,62f01f83,0.979
1456304521.0,81fb03d2,0.939
1456304521.0,d27a3901,0.989
1456304521.0,6e3aab0e,0.979
1456304521.0,514e885f,0.959
1456304521.0,03f6c531,0.949
1456304521.0,7250f4a7,0.939
1456304521.0,fc451496,0.929
1456304521.0,0eb0bb77,0.949
1456304521.0,ed9d46be,0.909
1456304521.0,010fdae7,0.969
1456304521.0,ed8f4b16,0.949
1456304521.0,78563886,0.929
1456304521.0,101c8b80,0.959
1456304521.0,cc9dcdfc,0.959
1456304521.0,9d5f359b,0.989
1456304521.0,3f96a850,0.939
1456304521.0,475024c4,0.929
1456304521.0,1ca78cac,0.979
1456304521.0,5dea9761,0.959
1456304521.0,443a0042,0.999
1456304521.0,ad25712e,0.939
1456304521.0,b61b4b10,0.929
1456304521.0,dbc1bba3,0.949
1456304521.0,3b9765f2,0.929
1456304521.0,2917c697,0.959
1456304521.0,3a2d39a0,0.959
1456304521.0,6304ec3a,0.979
1456304521.0,acd894be,0.929
1456304521.0,da84e1ef,0.949
1456304521.0,113f4e08,1.009
1456304521.0,ee122c11,0.979
1456304521.0,38c0a12d,0.949
1456304521.0,637e523f,0.959
1456304521.0,d22fa3c4,0.929
1456304521.0,cfdada1d,0.969
1456304521.0,158221e0,0.959
1456304521.0,4370ed3a,0.969
1456304521.0,4837de5d,0.959
1456304521.0,29b24eee,0.959
1456304521.0,f8b49237,0.979
1456304521.0,e0bab6c8,0.939
1456304521.0,,0.949
1456304521.0,ae03a260,0.989
1456304521.0,4880519d,0.949
1456304521.0,9b0e2c1d,0.959
1456304521.0,8de146cf,0.999
1456304521.0,04ca9ed8,0.939
1456304521.0,0a1808e5,0.969
1456304521.0,87478a1e,1.009
1456304521.0,fb417046,0.999
1456304521.0,9f7b3411,0.979
1456304521.0,3d340b37,0.999
1456304521.0,b39d969e,0.999
1456304521.0,3b5de5d2,0.959
1456304521.0,e0d2c90f,0.969
1456304521.0,ae6ec1fd,0.989
1456304521.0,d02ee7d1,0.999
1456304521.0,199f5310,0.959
1456304521.0,8c92cd65,0.949
1456304521.0,fc1fc595,0.959
1456304521.0,0fa96932,0.959
1456304521.0,eb751c39,0.969
1456304521.0,f71bbe39,0.929
1456304521.0,615f2b40,0.949
1456304521.0,14d744d4,0.989
1456304521.0,861a2709,0.969
1456304521.0,6d017696,0.999
1456304521.0,3c83ccc5,0.939
1456304521.0,f0af9cc2,0.959
1456304521.0,f1f7bee8,0.949
1456304521.0,cc85d8a3,0.989
1456304521.0,8e8a5274,0.929
1456304521.0,0fa50e56,0.959
1456304521.0,346ffe81,0.954
1456304521.0,31487663,0.959
1456304521.0,aa2cc83b,0.999
1456304521.0,e4b56a05,0.959
1456304521.0,1be7b37b,0.919
1456304521.0,14e03a1d,0.999
1456304521.0,3ca42fdd,0.969
1456304521.0,a41bb594,0.929
1456304521.0,32065a23,0.969
1456304521.0,c2aa03cb,0.959
1456304521.0,a1a54361,0.989
1456304521.0,6cf5b38f,0.979
1456304521.0,60ae4328,0.949
1456304521.0,4b4c10fa,0.959
1456304521.0,07991b53,0.949
1456304521.0,c17eb923,0.959
1456304521.0,cc1424f8,0.959
1456304521.0,6c39a1af,0.929
1456304521.0,7b73b743,0.989
1456304521.0,97c2b006,0.959
1456304521.0,6bc88fc7,0.939
1456304521.0,45aadc4d,0.979
1456304521.0,68f59abb,0.959
1456304521.0,3eaf47de,0.959
1456304521.0,016f3133,0.949
1456304521.0,e31720af,0.949
1456304521.0,0b8418b0,0.979
1456304521.0,5ed7343e,1.009
1456304521.0,16ea6be7,0.989
1456304521.0,88a26674,0.969
1456304521.0,8b68df1f,0.959
1456304521.0,49c222c8,0.979
1456304521.0,c960300b,0.989
1456304521.0,a5b2040e,0.999
1456304521.0,322b4a46,0.969
1456304521.0,eb3b36ff,0.989
1456304521.0,1b4a9928,0.989
1456304521.0,33a1193c,0.989
1456304521.0,0f6f38a4,0.959
1456304521.0,6bc9c96a,0.899
1456304521.0,c1154259,0.959
1456304521.0,886129d6,0.969
1456304521.0,a10d5095,0.969
1456304521.0,ce714a39,0.969
1456304521.0,d2646278,0.989
1456304521.0,040531cf,0.939
1456304521.0,4527646d,0.939
1456304521.0,2fe25570,0.959
1456304521.0,d35f6224,1.069
1456304521.0,0061e71a,0.989
1456304521.0,195fb3bd,0.969
1456304521.0,26a6aed5,0.989
1456304521.0,0ddddfa0,0.949
1456304521.0,68c15014,0.989
1456304521.0,6a1fadd6,0.949
1456304521.0,be34191b,0.969
1456304521.0,c8767aa3,0.959
1456304521.0,324dc3f8,0.969
1456304521.0,f0261559,0.959
1456304521.0,c002da7d,0.949
1456304521.0,820ce6ed,0.969
1456304521.0,38ec146a,0.989
1456304521.0,aa647893,1.039
1456304521.0,570b52de,0.999
1456304521.0,f9f28f31,0.959
1456304521.0,a1456bb3,0.999
1456304521.0,9fc5c687,0.939
1456304521.0,72c39ba1,0.939
1456304521.0,200cf8e2,0.939
1456304521.0,52658688,0.979
1456304521.0,4a6fab59,0.969
1456304521.0,e466a86a,1.009
1456304521.0,8bce4624,0.959
1456304521.0,5709c9ed,0.959
1456304521.0,1947b494,0.949
1456304521.0,989cb65d,0.969
1456304521.0,9e91033c,0.949
1456304521.0,fcb53c89,0.969
1456304521.0,69cf448c,0.999
1456304521.0,e6b1064f,0.979
1456304521.0,1762464c,0.969
1456304521.0,a5296298,0.959
1456304521.0,603bc731,0.989
1456304521.0,e109622e,0.959
1456304521.0,2c2152b5,0.959
1456304521.0,bf0b9827,0.989
1456304521.0,4dac6b68,0.969
1456304521.0,b12d4dc7,0.979
1456304521.0,3321fa98,0.969
1456304521.0,abf7041a,0.949
1456304521.0,7f3bdc08,0.939
1456304521.0,336c678f,0.979
1456304521.0,30a3ca97,0.959
1456304521.0,4103c1eb,0.969
1456304521.0,7232ac4c,0.969
1456304521.0,524ca315,0.969
1456304521.0,129f9511,0.989
1456304521.0,775487a4,1.009
1456304521.0,1425b025,0.979
1456304521.0,fd921c70,0.969
1456304521.0,109dc483,1.019
1456304521.0,4020de03,0.959
1456304521.0,4270cadf,0.959
1456304521.0,9bcbbbc7,0.999
1456304521.0,947b9ef2,0.949
1456304521.0,7eb639ab,0.969
1456304521.0,882f175b,0.959
1456304521.0,c3326313,0.929
1456304521.0,6f047352,0.939
1456304521.0,85813afe,1.159
1456304521.0,6bd14af8,0.979
1456304521.0,8cb4fc7c,0.919
1456304521.0,c495260b,0.949
1456304521.0,02202a18,0.939
1456304521.0,0fc58d33,0.959
1456304521.0,f74fad88,0.949
1456304521.0,161965e7,0.929
1456304521.0,1718ae0b,1.009
1456304521.0,a1dd080e,1.009
1456304521.0,6a5c522a,1.019
1456304521.0,a9f47df0,0.989
1456304521.0,dc5b8dc2,1.009
1456304521.0,bd6492b8,0.979
1456304521.0,1cc005a8,0.959
1456304521.0,d5c5e431,0.949
1456304521.0,5f6ca326,0.999
1456304521.0,97d3de54,0.969
1456304521.0,8dbbf765,0.969
1456304521.0,58cb2ae4,0.939
1456304521.0,4579a85c,0.979
1456304521.0,bd227bfb,1.009
1456304521.0,77c9f305,0.959
1456304521.0,2abd710b,1.009
1456304521.0,0d6425bc,0.989
1456304521.0,6e899248,0.959
1456304521.0,adda6336,1.009
1456304521.0,d643ef3d,0.949
1456304521.0,52e3bfc8,0.929
1456304521.0,cbb493e1,0.949
1456304521.0,9ab966b7,0.989
1456304521.0,257b4f91,0.969
1456304521.0,cb7a19f8,0.969
1456304521.0,11eac3c2,0.969
1456304521.0,3a7aff39,0.959
1456304521.0,0b0f2129,0.949
1456304521.0,e1eebe52,0.959
1456304521.0,15383da3,0.959
1456304521.0,593279ef,0.979
1456304521.0,04bc5ae6,0.989
1456304521.0,5bba111d,0.979
1456304521.0,6860f6a1,0.939
1456304521.0,14c3a02f,1.029
1456304521.0,2771cba6,0.959
1456304521.0,13e237c2,0.979
1456304521.0,4646068e,0.959
1456304521.0,4d8ede53,0.969
1456304521.0,941effa7,0.959
1456304521.0,e767706d,0.979
1456304521.0,db2c1d84,0.969
1456304521.0,421a6353,0.949
1456304521.0,2644599e,0.989
1456304521.0,2a7cdc44,0.959
1456304521.0,12b36b1c,0.959
1456304521.0,4b2b710a,0.989
1456304521.0,e89c4d58,0.979
1456304521.0,220f070d,0.969
1456304521.0,6bbab4fd,0.979
1456304521.0,8f30678f,0.979
1456304521.0,57b493fa,0.979
1456304521.0,259823d7,0.959
1456304521.0,8447198d,0.969
1456304521.0,d1deaf7f,0.979
1456304521.0,de5aa582,1.009
1456304521.0,b9cdf061,0.999
1456304521.0,6f9eb627,0.964
1456304521.0,1231b9e1,0.929
1456304521.0,a76bbf53,0.999
1456304521.0,5afecce4,1.019
1456304521.0,74b6c8cb,1.009
1456304521.0,a0f41fbb,0.999
1456304521.0,7c0d469a,0.994
1456304521.0,a05a18cd,0.979
1456304521.0,87513076,0.959
1456304521.0,86806fc5,0.929
1456304521.0,64ce1a2a,1.009
1456304521.0,0d6640ae,0.959
1456304521.0,fe496e01,0.909
1456304521.0,0e392bbd,0.959
1456304521.0,3e2d7201,0.969
1456304521.0,06277f60,0.989
1456304521.0,3db6506a,0.969
1456304521.0,d54e3a6e,0.949
1456304521.0,e05f9010,0.989
1456304521.0,8e38dad0,0.939
1456304521.0,2a4f7cb1,0.969
1456304521.0,c6f69752,0.989
1456304521.0,2b987960,0.909
1456304521.0,ac7dd410,0.959
1456304521.0,3db9e3a9,0.929
1456304521.0,dfa90483,0.949
1456304521.0,e1936457,0.959
1456304521.0,c59b6311,0.979
1456304521.0,de162c11,0.949
1456304521.0,00d6d029,0.949
1456304521.0,6d8cc159,0.959
1456304521.0,7cc832ba,0.929
1456304521.0,8c27b2e6,0.969
1456304521.0,64e31076,0.969
1456304521.0,3da96054,0.989
1456304521.0,a712b6c6,1.009
1456304521.0,39f9c0aa,0.969
1456304521.0,36ef7b4d,0.959
1456304521.0,36ba87a1,0.949
1456304521.0,d2c2433a,0.959
1456304521.0,4f362e94,0.959
1456304521.0,888142ae,1.019
1456304521.0,8f697f0a,0.979
1456304521.0,085f0fd3,0.939
1456304521.0,4922811e,0.999
1456304521.0,9456d189,0.979
1456304521.0,9a0f8848,0.939
1456304521.0,06f5e166,0.939
1456304521.0,22b653b3,0.959
1456304521.0,40b7c070,0.929
1456304521.0,c1b38961,0.969
1456304521.0,1b8d2640,0.929
1456304521.0,f4b0a53c,0.999
1456304521.0,9d229bd2,0.979
1456304521.0,63f74b4d,0.989
1456304521.0,8784631f,1.159
1456304521.0,702a8264,0.959
1456304521.0,4d5f25c7,0.969
1456304521.0,5bb89bd2,0.969
1456304521.0,98b24e11,0.989
1456304521.0,ef38b8ce,0.949
1456304521.0,35d60303,0.939
1456304521.0,eac805c4,0.989
1456304521.0,7f0b245a,0.949
1456304521.0,46d6bf0a,0.969
1456304521.0,84bb5636,0.969
1456304521.0,28a5d3b4,0.929
1456304521.0,ca79c14c,0.959
1456304521.0,72ed613b,0.959
1456304521.0,82c54482,0.979
1456304521.0,efe39034,0.969
1456304521.0,218fd480,0.979
1456304521.0,c6685825,0.969
1456304521.0,cf3aa97f,0.989
1456304521.0,7ad9dcdf,0.989
1456304521.0,7f42a07f,0.959
1456304761.0,a0fa9b20,0.969
1456304761.0,838d57f9,0.979
1456304761.0,ae0b5a92,0.929
1456304761.0,7db0ea2e,0.969
1456304761.0,e75954a3,0.989
1456304761.0,d685db42,0.969
1456304761.0,de6c0c12,0.969
1456304761.0,92512d7c,0.979
1456304761.0,c45f047d,0.969
1456304761.0,a557a7d1,0.959
1456304761.0,42821895,0.959
1456304761.0,bd167c7d,0.959
1456304761.0,c77b8785,0.939
1456304761.0,e6ea469e,0.959
1456304761.0,da9fe8af,0.979
1456304761.0,922129f9,0.959
1456304761.0,dd59fed2,0.929
1456304761.0,64ac75f0,0.959
1456304761.0,0b18086e,0.989
1456304761.0,c8fd7bd8,0.949
1456304761.0,0a8d1b89,0.959
1456304761.0,9530b219,0.999
1456304761.0,b064c9f5,1.019
1456304761.0,815c5703,0.949
1456304761.0,ebcd22e7,0.959
1456304761.0,acda2cab,0.959
1456304761.0,1ed95260,0.999
1456304761.0,57c6a470,0.969
1456304761.0,09bc3f2e,0.979
1456304761.0,2bd32486,0.999
1456304761.0,0b19d5fe,0.969
1456304761.0,cf1a869e,0.979
1456304761.0,4ffe2958,0.999
1456304761.0,7787058a,1.009
1456304761.0,,0.969
1456304761.0,0c728d01,0.979
1456304761.0,33a40844,0.969
1456304761.0,1262b7a3,0.969
1456304761.0,13ac9af6,0.939
1456304761.0,9481f21d,0.999
1456304761.0,5bb4e610,0.989
1456304761.0,5ecab051,1.009
1456304761.0,305c755c,0.949
1456304761.0,7b5e3751,0.969
1456304761.0,f6351701,0.999
1456304761.0,7def65cf,0.989
1456304761.0,7395c363,0.989
1456304761.0,04da5ab2,0.969
1456304761.0,aa9c4d31,0.939
1456304761.0,b0f0f3c3,0.969
1456304761.0,5e5a70c6,0.979
1456304761.0,c5cb9d46,0.959
1456304761.0,cf6cd137,1.009
1456304761.0,3e1f509e,0.959
1456304761.0,577be558,0.989
1456304761.0,e8f89f23,0.969
1456304761.0,41618289,1.009
1456304761.0,3f6704e5,1.009
1456304761.0,9e051c13,0.979
1456304761.0,85bcd8a9,0.979
1456304761.0,42d76a3c,0.979
1456304761.0,10a8c388,0.939
1456304761.0,f86a6ea1,0.969
1456304761.0,69a2d28e,0.929
1456304761.0,00d41319,0.929
1456304761.0,6a19a25a,0.959
1456304761.0,db407393,0.949
1456304761.0,,0.989
1456304761.0,159f8b0e,0.989
1456304761.0,95cc0772,0.969
1456304761.0,7faaef53,1.009
1456304761.0,980d97ef,0.969
1456304761.0,efd8315d,0.969
1456304761.0,1fcd9128,0.939
1456304761.0,7027d1cc,0.979
1456304761.0,28136f7e,0.959
1456304761.0,19eb476f,0.989
1456304761.0,fdd7a859,0.969
1456304761.0,4d705805,0.969
1456304761.0,a7a5f25b,0.949
1456304761.0,4778e8a1,0.989
1456304761.0,08a83db9,0.969
1456304761.0,0108f899,0.959
1456304761.0,a2459b61,0.979
1456304761.0,92d959c6,1.009
1456304761.0,316a2f5b,0.969
1456304761.0,a3f64b8b,0.989
1456304761.0,aab15586,0.939
1456304761.0,41a0ce00,0.939
1456304761.0,3a04ab7b,0.959
1456304761.0,a83de21c,0.979
1456304761.0,dbca9739,0.999
1456304761.0,012d8a4c,0.969
1456304761.0,3796fed2,1.009
1456304761.0,f4e77bcd,0.989
1456304761.0,c372d047,0.949
1456304761.0,21f51b7d,0.999
1456304761.0,6b7777cb,0.959
1456304761.0,50cb7778,0.999
1456304761.0,34525e5b,0.979
1456304761.0,285e45c2,0.969
1456304761.0,19677f59,0.959
1456304761.0,2d4023ea,0.979
1456304761.0,fc85f4ab,0.999
1456304761.0,128c4a0e,0.929
1456304761.0,06f39bb4,0.959
1456304761.0,85f13a6c,0.949
1456304761.0,6e907110,0.999
1456304761.0,dbee4a44,0.979
1456304761.0,c2cbc81c,0.989
1456304761.0,4b64bcb3,0.999
1456304761.0,b6553c9c,0.999
1456304761.0,9bc2e863,0.994
1456304761.0,7bed69b1,0.929
1456304761.0,829de252,0.969
1456304761.0,a376033a,0.969
1456304761.0,96eb851e,0.959
1456304761.0,74e674a6,0.979
1456304761.0,7e91d1f8,0.959
1456304761.0,b8b97fc1,0.949
1456304761.0,58419a90,0.989
1456304761.0,241a49d8,0.979
1456304761.0,,0.999
1456304761.0,cb5cc628,0.949
1456304761.0,59ac6c1c,0.939
1456304761.0,e8a8876f,0.969
1456304761.0,42043d80,0.989
1456304761.0,0cfa6754,0.979
1456304761.0,85c72b71,0.999
1456304761.0,aecec7b2,0.989
1456304761.0,04ca4472,1.019
1456304761.0,f052c9f4,0.969
1456304761.0,c3f05449,0.959
1456304761.0,e6be1477,0.939
1456304761.0,5c0d42b0,0.949
1456304761.0,8bbde82e,0.959
1456304761.0,cb4bb1c7,0.959
1456304761.0,1dfe7e94,0.949
1456304761.0,38f800d8,0.939
1456304761.0,897a7af7,0.989
1456304761.0,3d026101,0.949
1456304761.0,2771327d,0.939
1456304761.0,c5bb659b,0.939
1456304761.0,469cb2ca,0.949
1456304761.0,fec5bce2,0.939
1456304761.0,9a95dc46,0.939
1456304761.0,478ca3dd,0.949
1456304761.0,2d673aaf,0.959
1456304761.0,876763f5,0.959
1456304761.0,545c4117,0.949
1456304761.0,f3b3c473,0.989
1456304761.0,d1b50fc2,0.959
1456304761.0,27eb52b2,0.989
1456304761.0,8dbc9e66,0.949
1456304761.0,945346f0,0.939
1456304761.0,8f94226a,0.969
1456304761.0,945202a2,0.969
1456304761.0,2c1a8318,0.979
1456304761.0,0451fc7d,0.979
1456304761.0,a9ac5dea,0.959
1456304761.0,dd784264,0.959
1456304761.0,d6aad50a,0.979
1456304761.0,0b790115,0.949
1456304761.0,e27ca798,0.959
1456304761.0,38a93153,0.949
1456304761.0,c61bf054,0.964
1456304761.0,1eb0d0e5,0.979
1456304761.0,c27724b2,0.949
1456304761.0,df7589ae,0.979
1456304761.0,fe4f9d49,0.989
1456304761.0,9d3b5cc6,0.979
1456304761.0,da93bb21,0.949
1456304761.0,80340164,0.999
1456304761.0,867ec7f3,0.989
1456304761.0,d1dcee78,0.969
1456304761.0,473e0e2f,0.969
1456304761.0,2ebb5677,0.959
1456304761.0,c72ef065,0.999
1456304761.0,fe21fda2,0.978
1456304761.0,74ddd640,1.149
1456304761.0,fb9a8547,0.899
1456304761.0,a486294c,0.969
1456304761.0,c7cc37d7,1.029
1456304761.0,56f54684,0.989
1456304761.0,dc080c47,0.999
1456304761.0,02f7b616,0.989
1456304761.0,b01cf6f6,0.959
1456304761.0,1ce7b691,0.949
1456304761.0,5aaeb8a3,1.039
1456304761.0,a253f17e,0.979
1456304761.0,576e47d1,0.919
1456304761.0,670003ee,1.009
1456304761.0,0d5cad1c,0.939
1456304761.0,c9931bda,0.979
1456304761.0,32fde081,1.039
1456304761.0,609d7ab5,0.979
1456304761.0,09f8dfad,0.989
1456304761.0,0d20ed99,0.979
1456304761.0,8e6d4b8d,0.969
1456304761.0,f91caef6,0.979
1456304761.0,98881b2f,0.989
1456304761.0,c3707f0b,1.039
1456304761.0,19ff419b,0.979
1456304761.0,6f27a50f,0.979
1456304761.0,54c2232b,1.029
1456304761.0,e4b56a05,0.959
1456304761.0,ceea64c5,0.959
1456304761.0,668ef0e0,0.949
1456304761.0,32aa70e6,0.969
1456304761.0,a24bfa50,0.959
1456304761.0,1623a484,1.009
1456304761.0,05fa8b72,0.969
1456304761.0,4a2d620a,0.969
1456304761.0,0a0ef89e,0.949
1456304761.0,fb867340,0.989
1456304761.0,b38a715c,0.969
1456304761.0,cda8d3bf,1.019
1456304761.0,c980bb7e,0.989
1456304761.0,,0.969
1456304761.0,d85e66c0,0.979
1456304761.0,13cd1498,0.999
1456304761.0,672a9d1c,0.969
1456304761.0,538559e0,0.969
1456304761.0,6982586c,0.959
1456304761.0,6decf6c4,0.959
1456304761.0,67b560d4,0.999
1456304761.0,6313d441,0.959
1456304761.0,3f2e3b3e,0.969
1456304761.0,9c708662,0.949
1456304761.0,7eb1f44d,0.969
1456304761.0,1422263b,0.989
1456304761.0,a59acdf3,0.979
1456304761.0,5c70351c,0.959
1456304761.0,bc514af8,0.959
1456304761.0,ba7d4f54,0.949
1456304761.0,004e3e89,1.029
1456304761.0,59c464b8,0.949
1456304761.0,45e9feb7,0.949
1456304761.0,66fb48c6,0.989
1456304761.0,805943eb,0.949
1456304761.0,b863dc49,0.939
1456304761.0,62e0bf83,1.009
1456304761.0,466d909f,1.019
1456304761.0,a4bdfecc,0.969
1456304761.0,8068a1a0,0.949
1456304761.0,1d513400,1.029
1456304761.0,ffc9d841,0.989
1456304761.0,dd465a5d,1.019
1456304761.0,32073d45,0.969
1456304761.0,6f988429,0.949
1456304761.0,06e56593,0.999
1456304761.0,00c62f03,0.989
1456304761.0,bb839a02,0.969
1456304761.0,7950522d,1.019
1456304761.0,c10bd90f,0.989
1456304761.0,18ecad37,0.999
1456304761.0,caa3866b,0.959
1456304761.0,9354b0fc,0.989
1456304761.0,bf0b9827,0.959
1456304761.0,378a8437,0.949
1456304761.0,29bcdad5,0.959
1456304761.0,3ecb2b24,0.969
1456304761.0,47338686,0.949
1456304761.0,92f81808,0.989
1456304761.0,8c81c551,0.969
1456304761.0,5daf9270,0.989
1456304761.0,af131774,0.959
1456304761.0,9171a74f,0.959
1456304761.0,506b3cd1,0.979
1456304761.0,07effad4,0.989
1456304761.0,fa4d44ce,0.969
1456304761.0,51129db6,1.009
1456304761.0,a9061770,0.999
1456304761.0,4352ae26,0.969
1456304761.0,e78a8608,0.999
1456304761.0,19ff993e,0.969
1456304761.0,02202a18,0.939
1456304761.0,e59f20ab,0.989
1456304761.0,00960a86,0.969
1456304761.0,10adc414,0.999
1456304761.0,32a8caa1,0.959
1456304761.0,36f30de6,0.959
1456304761.0,44d0cc01,0.989
1456304761.0,a0bc57ce,1.009
1456304761.0,ceda1d43,0.959
1456304761.0,b650cdbb,0.979
1456304761.0,968f2fb0,0.979
1456304761.0,4ea69365,0.969
1456304761.0,4d5c23ec,0.989
1456304761.0,d7ee03a5,0.979
1456304761.0,553c4dc5,0.989
1456304761.0,d14573c7,0.979
1456304761.0,aea5cadc,0.979
1456304761.0,7653cc6a,0.979
1456304761.0,a9b4d8a2,0.959
1456304761.0,e91ec3d6,0.969
1456304761.0,15383da3,0.949
1456304761.0,da3bfceb,0.969
1456304761.0,a3b4b0af,0.989
1456304761.0,7091515f,0.999
1456304761.0,e8780170,0.999
1456304761.0,e8a25ade,1.979
1456304761.0,44e030ce,0.959
1456304761.0,38a55267,0.999
1456304761.0,6587d030,0.959
1456304761.0,c5d7d298,0.969
1456304761.0,d790573d,0.969
1456304761.0,e9fcf416,0.949
1456304761.0,4f0a1aa8,0.959
1456304761.0,69e811f1,0.959
1456304761.0,481140af,0.939
1456304761.0,caadc9cb,0.939
1456304761.0,f82bf8c5,0.929
1456304761.0,,0.979
1456304761.0,c793eda5,0.954
1456304761.0,d0e02780,0.989
1456304761.0,bbc1d831,0.949
1456304761.0,8cb60ffa,0.979
1456304761.0,216f7e87,0.999
1456304761.0,b8fe1af4,0.929
1456304761.0,d3730b6f,0.979
1456304761.0,eddc0315,1.029
1456304761.0,f98afd49,1.009
1456304761.0,5c84d184,0.999
1456304761.0,f7bd1199,0.999
1456304761.0,d9c57dad,0.969
1456304761.0,17e982d2,0.959
1456304761.0,3f2c1a7b,0.959
1456304761.0,cf017ad5,0.949
1456304761.0,0c1688de,0.949
1456304761.0,91211c7b,0.939
1456304761.0,5f6eaa74,1.019
1456304761.0,1b2716b3,0.959
1456304761.0,210e50b8,0.959
1456304761.0,fa5a267f,0.999
1456304761.0,b8705ff2,0.949
1456304761.0,66f21e35,0.999
1456304761.0,803beab6,0.949
1456304761.0,d0c595a5,0.949
1456304761.0,ee74bc99,0.949
1456304761.0,d9bc9762,0.989
1456304761.0,25afe900,0.989
1456304761.0,6117cbac,0.949
1456304761.0,4c39660b,0.949
1456304761.0,8af7e008,0.979
1456304761.0,ce8b60a3,0.949
1456304761.0,88c383bc,0.999
1456304761.0,38f5a01f,0.979
1456304761.0,733cb25c,0.979
1456304761.0,46ad9f53,0.989
1456304761.0,89ed2644,0.999
1456304761.0,b559c5aa,0.949
1456304761.0,ead165dc,1.019
1456304761.0,0bb28765,0.929
1456304761.0,a07be25b,0.969
1456304761.0,5718b51b,0.959
1456304761.0,5076e63c,0.969
1456304761.0,0f5578bb,0.969
1456304761.0,d8382d2b,0.999
1456304761.0,b07ee4ba,0.989
1456304761.0,a5b2c28c,0.979
1456304761.0,e2a5f261,0.959
1456304761.0,7ab95e95,0.959
1456304761.0,29b468e1,0.969
1456304761.0,5693dbae,0.969
1456304761.0,7a0f0cd4,0.969
1456304761.0,87d1caf0,0.979
1456304761.0,038eae7e,1.019
1456304761.0,be5a4a27,0.999
1456304761.0,990b3bf9,0.949
1456304761.0,a30e7878,0.979
1456304761.0,f9e7f183,0.949
1456304761.0,3f3540c1,0.979
1456304761.0,15fe382d,0.989
1456304761.0,ea850711,0.959
1456304761.0,bea1993d,0.989
1456304761.0,652a7261,0.989
1456304761.0,dd6f9c1c,0.959
1456304761.0,e0e8a55b,1.019
1456304761.0,6dbdc4a2,0.949
1456304761.0,64e7e37c,0.949
1456304761.0,ac94744b,0.979
1456304761.0,343e9168,0.984
1456304761.0,24a245f5,1.009
1456304761.0,d307494f,0.969
1456304761.0,809b9631,0.999
1456304761.0,bd50e8e2,0.969
1456304761.0,69c5d24a,1.019
1456305001.0,35eaad61,0.959
1456305001.0,16bc38f7,0.929
1456305001.0,3cce768e,0.989
1456305001.0,42045a7b,0.979
1456305001.0,b81b8885,0.949
1456305001.0,d256c19e,0.929
1456305001.0,cea20e68,0.959
1456305001.0,d66e3405,0.969
1456305001.0,e624a815,0.979
1456305001.0,e1b4b7f3,0.969
1456305001.0,caff03c9,0.919
1456305001.0,82e05795,0.959
1456305001.0,5b737243,0.979
1456305001.0,39213e3c,0.959
1456305001.0,0297c11e,0.969
1456305001.0,9727ab3a,0.919
1456305001.0,69152a7b,0.979
1456305001.0,22ec99c7,0.959
1456305001.0,05bcda3c,0.979
1456305001.0,a85e6b62,0.979
1456305001.0,646811ac,0.949
1456305001.0,134cefdf,0.949
1456305001.0,3d5ea21b,0.989
1456305001.0,59e65cb9,0.959
1456305001.0,12437a10,0.989
1456305001.0,4721133a,0.929
1456305001.0,9e96bd97,0.989
1456305001.0,d600dfb6,0.969
1456305001.0,b5404f51,1.039
1456305001.0,74282c9f,0.949
1456305001.0,ac22a573,0.949
1456305001.0,3bb20ba7,0.969
1456305001.0,dad17cc9,0.959
1456305001.0,d1cb3372,0.969
1456305001.0,3855d1bc,0.989
1456305001.0,f754cf3e,0.959
1456305001.0,df84d6fa,0.979
1456305001.0,3aecb034,0.969
1456305001.0,824f7fcf,0.939
1456305001.0,e08143aa,0.939
1456305001.0,fe18c405,0.989
1456305001.0,ff574b02,0.969
1456305001.0,012cf605,0.959
1456305001.0,b4a7b915,0.999
1456305001.0,f5c448cd,0.969
1456305001.0,87532816,0.994
1456305001.0,1569342b,0.969
1456305001.0,d93d5579,0.989
1456305001.0,83bbc321,0.969
1456305001.0,a41365eb,0.979
1456305001.0,eb058e2c,0.939
1456305001.0,a51232d3,0.999
1456305001.0,eba73bce,0.959
1456305001.0,90c5a207,0.989
1456305001.0,8d4cbfeb,0.979
1456305001.0,12f330d3,0.969
1456305001.0,967f436d,0.999
1456305001.0,0ea03633,0.959
1456305001.0,0943a46e,0.959
1456305001.0,e1b2f9c0,0.949
1456305001.0,16e07801,0.969
1456305001.0,6ba3ce7e,0.949
1456305001.0,0f6fe1eb,0.949
1456305001.0,ea6ba7ed,0.989
1456305001.0,e5b5fd93,0.999
1456305001.0,f0d6aa58,0.989
1456305001.0,8be22ce1,0.949
1456305001.0,f6746552,0.999
1456305001.0,78c59dfc,0.959
1456305001.0,3f58dc20,0.959
1456305001.0,5f881538,0.979
1456305001.0,,0.939
1456305001.0,459eef9d,0.959
1456305001.0,44da8f35,0.939
1456305001.0,189e648a,0.989
1456305001.0,79ec8492,0.939
1456305001.0,788fd9ec,0.969
1456305001.0,ded1172c,0.949
1456305001.0,f2c567b7,0.979
1456305001.0,06881b45,0.969
1456305001.0,69206b79,0.979
1456305001.0,edd2f7b6,0.979
1456305001.0,dfd2b591,0.979
1456305001.0,b066103f,0.949
1456305001.0,9f1a6e1f,0.949
1456305001.0,45752743,0.999
1456305001.0,8f3896e1,0.969
1456305001.0,392c6ac7,0.949
1456305001.0,c065b81d,0.964
1456305001.0,19eb476f,0.979
1456305001.0,b4222b9d,0.939
1456305001.0,814d74ac,0.949
1456305001.0,21d78be4,0.959
1456305001.0,7ea9e64e,0.979
1456305001.0,00a2a041,0.979
1456305001.0,dda7560a,0.979
1456305001.0,afdd844a,0.949
1456305001.0,98cd55ee,0.989
1456305001.0,7581214d,0.959
1456305001.0,2c835e88,0.969
1456305001.0,b484f1ea,0.989
1456305001.0,b40d9546,0.999
1456305001.0,993479c7,1.009
1456305001.0,5c5f6fc1,0.959
1456305001.0,c9b21507,0.969
1456305001.0,9a4d188a,0.979
1456305001.0,6cc392bc,1.029
1456305001.0,51ff7488,0.969
1456305001.0,a9b672c3,0.969
1456305001.0,a83de21c,0.969
1456305001.0,08ee2078,0.989
1456305001.0,145d5525,0.959
1456305001.0,6aba45bf,0.969
1456305001.0,bdc3a9dd,0.979
1456305001.0,88113d35,0.979
1456305001.0,b42f77df,0.959
1456305001.0,e8b48aba,0.979
1456305001.0,e3b8e203,0.929
1456305001.0,81be7dbb,0.959
1456305001.0,d07a0e73,0.959
1456305001.0,ca13e033,0.929
1456305001.0,4359dc60,0.989
1456305001.0,3b4c70df,0.989
1456305001.0,b54a85b1,0.959
1456305001.0,dc9da122,0.979
1456305001.0,a69c9dfa,0.969
1456305001.0,6e05b79b,0.959
1456305001.0,da6cfb62,0.979
1456305001.0,8983a3f5,0.959
1456305001.0,4917f7ee,0.969
1456305001.0,b85957cd,0.939
1456305001.0,4d691ffa,0.999
1456305001.0,6e610cb2,0.989
1456305001.0,82360936,0.959
1456305001.0,7aa7e8fe,0.989
1456305001.0,5e1a19db,0.949
1456305001.0,32bf0348,0.969
1456305001.0,e8d9a107,0.949
1456305001.0,2976f46b,0.989
1456305001.0,ae88cb1f,0.949
1456305001.0,b6f82f10,0.969
1456305001.0,6946f633,0.999
1456305001.0,8b1e2d4f,1.029
1456305001.0,96eb851e,0.959
1456305001.0,da6302b3,0.969
1456305001.0,d59d4bb4,0.969
1456305001.0,780114cd,0.969
1456305001.0,8ab710a0,0.959
1456305001.0,b05147af,0.949
1456305001.0,fa88e7e3,0.989
1456305001.0,b75272ba,0.979
1456305001.0,ead88417,0.989
1456305001.0,9a1d105d,0.999
1456305001.0,e537497e,0.949
1456305001.0,122ff711,0.979
1456305001.0,421e1370,0.959
1456305001.0,25f73f25,0.979
1456305001.0,4c029f46,0.949
1456305001.0,45374890,0.989
1456305001.0,d13de972,0.939
1456305001.0,c8c94822,0.939
1456305001.0,9bd2d468,0.929
1456305001.0,5900ebe4,0.939
1456305001.0,80da2bc7,0.969
1456305001.0,a9e7d486,0.979
1456305001.0,ee54e371,0.969
1456305001.0,b511f34b,0.949
1456305001.0,3a474dd3,0.979
1456305001.0,aa6b62c4,0.989
1456305001.0,aff10140,0.989
1456305001.0,70276361,0.959
1456305001.0,36317a57,0.939
1456305001.0,8068124c,0.999
1456305001.0,143e78de,0.989
1456305001.0,d4391500,0.979
1456305001.0,26f14416,0.949
1456305001.0,ce405060,0.939
1456305001.0,a8f01af7,0.959
1456305001.0,30007963,0.969
1456305001.0,0a67fa6f,1.009
1456305001.0,32569e43,0.974
1456305001.0,9ce4798d,0.989
1456305001.0,06f668ff,0.939
1456305001.0,1fce6706,0.979
1456305001.0,0bc9e7ef,0.959
1456305001.0,522b4780,0.969
1456305001.0,fd7ffd20,0.979
1456305001.0,1493c496,0.999
1456305001.0,f847749e,0.949
1456305001.0,e5b98666,0.959
1456305001.0,8fe50322,0.989
1456305001.0,14296800,0.949
1456305001.0,8cdff641,0.949
1456305001.0,a9fd24ed,0.969
1456305001.0,a82fd967,0.959
1456305001.0,6f59ab1a,0.964
1456305001.0,0be96884,0.989
1456305001.0,474197ee,0.989
1456305001.0,f78f34d4,1.009
1456305001.0,d64ff6b9,0.999
1456305001.0,,0.999
1456305001.0,03ca5dbc,0.989
1456305001.0,21d0f81c,0.989
1456305001.0,,0.979
1456305001.0,34108c3d,0.979
1456305001.0,ec810259,0.969
1456305001.0,f2458f35,0.989
1456305001.0,6d40e0d7,0.929
1456305001.0,169bf1c7,0.929
1456305001.0,f245c083,0.979
1456305001.0,328b1075,0.949
1456305001.0,7ced45b7,0.949
1456305001.0,da91fae8,0.969
1456305001.0,c03f4ffa,0.979
1456305001.0,2606727d,0.969
1456305001.0,651f23fd,0.969
1456305001.0,c3722176,0.919
1456305001.0,c4c8b56b,0.949
1456305001.0,abe05883,0.969
1456305001.0,ef5fb7f7,0.959
1456305001.0,6f118420,0.999
1456305001.0,071ee1b4,1.019
1456305001.0,25604f87,0.959
1456305001.0,8f9c3c61,0.959
1456305001.0,76e0e2ad,0.989
1456305001.0,a3b115d1,0.989
1456305001.0,dbb755da,0.999
1456305001.0,ded69fbb,0.989
1456305001.0,61149352,0.989
1456305001.0,afc2b240,0.969
1456305001.0,5c152248,1.009
1456305001.0,7fa657a5,1.019
1456305001.0,63257a1c,0.929
1456305001.0,5f71144d,0.979
1456305001.0,e4465e8e,0.949
1456305001.0,78e9f79a,0.979
1456305001.0,188e69f1,0.959
1456305001.0,d3f0653f,0.999
1456305001.0,7776be9f,0.959
1456305001.0,1e41b091,0.989
1456305001.0,59affa92,0.989
1456305001.0,6fb3ea7a,0.929
1456305001.0,7b702829,0.989
1456305001.0,47a5253e,0.989
1456305001.0,2b03c896,0.999
1456305001.0,f3d19615,0.939
1456305001.0,0243f1d9,0.969
1456305001.0,bc58fcd6,0.989
1456305001.0,457e579e,0.978
1456305001.0,36d6fa9e,0.989
1456305001.0,71f647de,0.959
1456305001.0,997de382,0.999
1456305001.0,ae2f47a9,0.969
1456305001.0,7da93d4e,0.939
1456305001.0,190db56f,0.989
1456305001.0,7e45a16f,0.969
1456305001.0,b760e17f,0.979
1456305001.0,3b92c6ae,0.909
1456305001.0,f9347e34,0.969
1456305001.0,1ee9a733,0.969
1456305001.0,7eec6311,0.949
1456305001.0,ec19c93a,0.999
1456305001.0,b7bf446d,0.959
1456305001.0,93e659ad,0.979
1456305001.0,1f1e08d5,0.999
1456305001.0,a50ae4a2,0.969
1456305001.0,cfe82c42,0.979
1456305001.0,52e70aca,0.969
1456305001.0,7bfdb8c2,0.999
1456305001.0,4a9b4bb1,0.949
1456305001.0,212dc31a,0.949
1456305001.0,c08d3d8e,0.949
1456305001.0,9d3b9bdc,0.959
1456305001.0,959e4b35,0.999
1456305001.0,75ed1160,0.999
1456305001.0,c0911b94,0.959
1456305001.0,58d274cb,0.969
1456305001.0,7fdd64dc,0.919
1456305001.0,6499e58a,0.979
1456305001.0,53cfbe4b,0.999
1456305001.0,a2346f9b,0.979
1456305001.0,345de47d,1.029
1456305001.0,86672300,0.989
1456305001.0,51ef56f1,0.999
1456305001.0,a8582781,0.989
1456305001.0,460c213f,0.929
1456305001.0,7b9e5f97,1.019
1456305001.0,d262266d,0.939
1456305001.0,0fc44087,0.979
1456305001.0,5ff01128,0.959
1456305001.0,c9ee8c8d,0.979
1456305001.0,a43f17c4,0.969
1456305001.0,,0.979
1456305001.0,a0b4fcec,0.959
1456305001.0,d38f9f16,0.969
1456305001.0,e40925fd,0.959
1456305001.0,5aa49c2a,0.939
1456305001.0,0bf731c0,0.979
1456305001.0,2dd4faf7,0.959
1456305001.0,bf0b9827,0.959
1456305001.0,d620afe2,0.989
1456305001.0,6c1eda32,0.999
1456305001.0,336c678f,0.979
1456305001.0,c409c6b3,0.999
1456305001.0,7f8a14da,0.969
1456305001.0,449d3ddf,0.969
1456305001.0,9fbde140,0.999
1456305001.0,5083e533,0.979
1456305001.0,530cc62e,0.999
1456305001.0,25365ee8,0.979
1456305001.0,a0497116,0.999
1456305001.0,bc55dda5,0.989
1456305001.0,325d4b8f,0.979
1456305001.0,779b5eda,0.959
1456305001.0,82089458,0.959
1456305001.0,9c89b79d,0.989
1456305001.0,e613bc2b,0.959
1456305001.0,bc4f26f3,1.029
1456305001.0,54151b0d,0.989
1456305001.0,82d9d2c3,0.989
1456305001.0,85fc0347,0.989
1456305001.0,ecc75f2c,0.939
1456305001.0,5adcc672,0.979
1456305001.0,14c0148e,0.979
1456305001.0,26be2277,0.939
1456305001.0,99d4f63c,0.959
1456305001.0,ffacc137,0.999
1456305001.0,4a4627da,0.959
1456305001.0,b862e775,0.999
1456305001.0,d02e9f98,0.999
1456305001.0,b8461f7b,0.959
1456305001.0,1cdb45b5,0.979
1456305001.0,5acde0f1,0.929
1456305001.0,8cc37d2e,0.999
1456305001.0,b6e44119,0.959
1456305001.0,73b5d3b6,0.959
1456305001.0,fb94863a,0.999
1456305001.0,1698d005,0.969
1456305001.0,b6aadfa1,0.999
1456305001.0,768030e0,0.948
1456305001.0,47368d32,0.949
1456305001.0,649a77db,0.959
1456305001.0,ad1c95ab,0.989
1456305001.0,7f49ff21,0.969
1456305001.0,6fac4b39,0.989
1456305001.0,1bfa13b3,0.939
1456305001.0,9ab54d52,0.989
1456305001.0,2b52627f,0.999
1456305001.0,1b21d50b,0.959
1456305001.0,ea971a7b,0.949
1456305001.0,6770a660,0.969
1456305001.0,0baaf637,0.959
1456305001.0,057c5d18,0.939
1456305001.0,687fc892,0.919
1456305001.0,1cb6dd4e,0.969
1456305001.0,36849264,0.969
1456305001.0,eb9dfa86,0.999
1456305001.0,da37e830,0.949
1456305001.0,5f6019e0,0.969
1456305001.0,86712e60,0.989
1456305001.0,a90392b0,0.949
1456305001.0,70cb8cb9,0.939
1456305001.0,0b37cd71,0.979
1456305001.0,ec487980,0.969
1456305001.0,888c0d95,0.959
1456305001.0,a18bcb80,0.999
1456305001.0,7a165ba7,0.989
1456305001.0,81f221f2,0.969
1456305001.0,3b37a294,0.999
1456305001.0,f73244c0,0.959
1456305001.0,265c7e5d,0.959
1456305001.0,bf1ede3b,0.969
1456305001.0,1d65a34f,0.959
1456305001.0,308408ca,0.949
1456305001.0,fa0db63e,0.969
1456305001.0,6a629c0f,0.999
1456305001.0,3a9a5bc8,0.939
1456305001.0,33edb985,0.989
1456305001.0,ce7f3f9b,0.999
1456305001.0,9bc16c2e,0.949
1456305001.0,06f357b3,0.939
1456305001.0,0a0baf66,0.979
1456305001.0,59c1c98e,0.999
1456305001.0,987b9a76,0.979
1456305001.0,956c6d65,0.959
1456305001.0,e2fdcbf3,0.949
1456305001.0,ebe777f4,0.979
1456305001.0,01668234,0.959
1456305001.0,42bd32f3,0.989
1456305001.0,5363d71f,0.989
1456305001.0,635564fa,0.979
1456305001.0,ecf4342f,0.969
1456305001.0,f98afd49,1.009
1456305001.0,3ff7884f,0.959
1456305001.0,b6458958,0.949
1456305001.0,8b18bb85,0.969
1456305001.0,13388a58,0.969
1456305001.0,579ffc07,0.979
1456305001.0,f1929c3e,0.989
1456305001.0,311d43c9,0.949
1456305001.0,2ac82f45,0.999
1456305001.0,73af7048,0.959
1456305001.0,476429df,0.959
1456305001.0,c8081aa2,0.969
1456305001.0,c41ce805,0.989
1456305001.0,53e57ac2,1.009
1456305001.0,9f82b029,0.999
1456305001.0,6842cc4a,0.969
1456305001.0,d7f9f13e,1.009
1456305001.0,85e6cd0f,0.989
1456305001.0,9dff86f1,0.969
1456305001.0,d6eb1a7f,0.939
1456305001.0,75aac7da,0.939
1456305001.0,fc8f41b2,0.949
1456305001.0,f4b9f379,0.959
1456305001.0,4cdbbbb9,0.929
1456305001.0,6ed1ade4,0.949
1456305001.0,2f8bbe9b,0.929
1456305001.0,adc8589f,0.959
1456305001.0,3c76ded2,0.949
1456305001.0,,0.929
1456305001.0,55148824,0.939
1456305001.0,89ed2644,0.999
1456305001.0,d37974e1,0.959
1456305001.0,217404b2,0.959
1456305001.0,e7b29404,0.964
1456305001.0,5ac69ef8,0.999
1456305001.0,29eed38e,0.949
1456305001.0,da1fbd53,0.969
1456305001.0,0fc168e5,0.979
1456305001.0,23afb420,0.989
1456305001.0,85e1d8aa,0.979
1456305001.0,038eae7e,1.009
1456305001.0,2af3ad73,0.959
1456305001.0,d87652c8,0.999
1456305001.0,df1ba7d7,0.929
1456305001.0,1809b397,0.959
1456305001.0,f36918b0,0.949
1456305001.0,33fb4cf3,0.979
1456305001.0,06e6f1e6,0.979
1456305001.0,9170b9cb,0.979
1456305001.0,574bc6fc,0.979
1456305001.0,0290e578,0.989
1456305001.0,e54e047f,1.019
1456305001.0,036b80ad,0.959
1456305001.0,7c3d138b,0.909
1456305001.0,495cdb73,0.979
1456305001.0,1720dec9,0.989
1456305001.0,303dd086,0.969
1456305001.0,960bd28e,1.009
1456305001.0,82b0380b,0.939
1456305001.0,a54c76e8,0.959
1456305001.0,23188c0a,1.019
1456305001.0,159f07cc,1.009
1456305001.0,dea8af98,0.959
1456305001.0,d2672082,0.979
1456305001.0,f3d8409b,1.019
1456305001.0,6b4ba54d,0.949
1456305001.0,f061e4b5,0.919
1456305001.0,f02ffbd3,0.999
1456305001.0,7ff76277,1.009
1456305001.0,eeb5162c,0.949
1456305001.0,c07a946a,0.929
1456305001.0,,0.969
1456305001.0,762cedec,0.959
1456305241.0,74916d19,0.949
1456305241.0,c9d6d32f,0.959
1456305241.0,1de27695,0.949
1456305241.0,4c338d03,0.999
1456305241.0,b892eed3,0.939
1456305241.0,588ff3f2,0.979
1456305241.0,3f9ee0ff,0.939
1456305241.0,52ff86b2,0.949
1456305241.0,0efd5423,0.959
1456305241.0,65d316f1,0.949
1456305241.0,ec0fb945,0.979
1456305241.0,dfa3f4f3,0.939
1456305241.0,5cf99b9e,0.929
1456305241.0,bcbe32bc,0.979
1456305241.0,69a62773,0.939
1456305241.0,716f400f,0.989
1456305241.0,3f38fa55,0.949
1456305241.0,e8f015ea,0.929
1456305241.0,35fd3576,0.979
1456305241.0,721139ba,0.979
1456305241.0,b38c29e8,0.939
1456305241.0,5164a758,0.999
1456305241.0,53c616b9,0.999
1456305241.0,412fc646,0.979
1456305241.0,6977fd5c,0.939
1456305241.0,7c556e65,0.969
1456305241.0,0c3bcbe7,0.949
1456305241.0,570dabcb,0.949
1456305241.0,bc11a9fb,0.959
1456305241.0,210f8a85,0.939
1456305241.0,b583c190,0.999
1456305241.0,85037928,0.969
1456305241.0,,0.949
1456305241.0,79da1dfc,0.959
1456305241.0,7473e055,0.979
1456305241.0,2fbced23,0.959
1456305241.0,ef296ca3,0.969
1456305241.0,68a4c69f,0.959
1456305241.0,87fbb61d,0.989
1456305241.0,061deeda,0.969
1456305241.0,0ecdddfa,0.949
1456305241.0,a4d2bd28,0.949
1456305241.0,264d6745,0.949
1456305241.0,ee36bec6,0.929
1456305241.0,d0f5a113,0.999
1456305241.0,75c0c33d,0.929
1456305241.0,304be57d,0.989
1456305241.0,01a42eea,0.969
1456305241.0,09f3e38a,0.989
1456305241.0,2ef24e6a,0.949
1456305241.0,82781b7c,0.959
1456305241.0,5bf5865e,0.969
1456305241.0,00206126,0.969
1456305241.0,01574e74,0.989
1456305241.0,80e60cfc,0.989
1456305241.0,ddd15cbb,1.019
1456305241.0,74767a2c,0.969
1456305241.0,9204320b,0.959
1456305241.0,7ad9844c,0.969
1456305241.0,20d94201,0.969
1456305241.0,b9cf4218,0.969
1456305241.0,957f9612,0.969
1456305241.0,f38a8116,0.959
1456305241.0,,0.939
1456305241.0,deb8505f,0.979
1456305241.0,d4c5b88e,0.959
1456305241.0,8d806152,0.919
1456305241.0,ca1add7b,1.009
1456305241.0,e1c57a67,0.959
1456305241.0,efacbc65,0.949
1456305241.0,a47c6f9f,0.939
1456305241.0,2778bb34,0.979
1456305241.0,912d452f,0.959
1456305241.0,69c4db90,1.009
1456305241.0,a9bfa2fb,0.989
1456305241.0,9ba54253,0.959
1456305241.0,4a523aab,0.999
1456305241.0,c01a1b5d,0.989
1456305241.0,e53def27,0.989
1456305241.0,77aab11d,0.959
1456305241.0,5af6e995,0.959
1456305241.0,2eca0fd8,0.949
1456305241.0,aa53bc55,0.959
1456305241.0,bce22baa,0.959
1456305241.0,1ab747ac,0.959
1456305241.0,eefff0b8,0.989
1456305241.0,323627e3,0.949
1456305241.0,bc235ee2,0.949
1456305241.0,fb81e05e,0.979
1456305241.0,dd180cd9,0.949
1456305241.0,5d5e9ec8,0.959
1456305241.0,de376e73,0.969
1456305241.0,59a378e4,0.979
1456305241.0,f2c567b7,0.959
1456305241.0,5e4600be,0.959
1456305241.0,1e85ec4f,1.019
1456305241.0,44850052,0.939
1456305241.0,5b93fb87,0.959
1456305241.0,817bcf9d,0.989
1456305241.0,e9ddb2b9,0.989
1456305241.0,22b994a8,0.969
1456305241.0,663bd568,0.989
1456305241.0,70571d8c,0.939
1456305241.0,adb0e3b5,0.979
1456305241.0,88759e4a,0.949
1456305241.0,e96cd138,0.929
1456305241.0,139724a5,0.939
1456305241.0,,0.939
1456305241.0,00a2a041,0.979
1456305241.0,51fcda8d,0.979
1456305241.0,cb70fbd6,0.949
1456305241.0,ef3ecd77,0.949
1456305241.0,2aa06f6e,0.979
1456305241.0,c78085b8,0.969
1456305241.0,9b71f290,0.979
1456305241.0,69e0cb90,0.949
1456305241.0,19eaaa8f,0.939
1456305241.0,6306053f,0.959
1456305241.0,5133ebd5,0.979
1456305241.0,ce942bef,0.979
1456305241.0,f46401d5,0.929
1456305241.0,64a911b5,0.949
1456305241.0,592c2c00,0.929
1456305241.0,28c041df,0.999
1456305241.0,ae3fcddd,0.969
1456305241.0,f4accce7,0.989
1456305241.0,c372d047,0.939
1456305241.0,dccd21cb,0.939
1456305241.0,8c94be49,0.979
1456305241.0,9d2aa0e1,0.979
1456305241.0,71df72f8,0.969
1456305241.0,35305598,0.969
1456305241.0,400f9abd,0.959
1456305241.0,c441e36d,1.009
1456305241.0,f9ce73b2,0.979
1456305241.0,048e7fdc,1.009
1456305241.0,414a4374,0.989
1456305241.0,65c13d89,0.939
1456305241.0,965dce20,0.989
1456305241.0,3cfdda94,0.919
1456305241.0,e501a8d1,0.999
1456305241.0,612ed46e,0.969
1456305241.0,1168538d,0.989
1456305241.0,8855a699,1.009
1456305241.0,c76945cf,0.979
1456305241.0,71fdd7b4,0.979
1456305241.0,959e5dd8,0.979
1456305241.0,ebeb4dec,0.979
1456305241.0,131436f2,0.989
1456305241.0,09798ba9,0.969
1456305241.0,eea98c31,0.979
1456305241.0,2af629f5,0.949
1456305241.0,d872a109,0.959
1456305241.0,ab3bff5d,1.009
1456305241.0,64d3fea8,0.989
1456305241.0,0ee1a63f,0.999
1456305241.0,c32b7c81,0.949
1456305241.0,575d8182,0.949
1456305241.0,b71681a4,0.969
1456305241.0,5e56181c,0.949
1456305241.0,ee30bc6d,0.969
1456305241.0,e7848d8d,0.939
1456305241.0,c6388189,0.959
1456305241.0,a65b0645,0.999
1456305241.0,b5dfdabd,0.999
1456305241.0,edf38f90,0.959
1456305241.0,72c5857a,0.979
1456305241.0,22ea287c,0.979
1456305241.0,b347d1b0,0.989
1456305241.0,7d589b96,0.949
1456305241.0,8b2b7d79,0.959
1456305241.0,c19378b9,0.969
1456305241.0,7e2a8251,0.979
1456305241.0,95be882a,0.979
1456305241.0,a53c10c6,0.959
1456305241.0,bc81a8ae,0.939
1456305241.0,3a474dd3,0.969
1456305241.0,9d2005fa,0.989
1456305241.0,b387d3fa,0.969
1456305241.0,e0bab6c8,0.919
1456305241.0,ac4a43b1,0.939
1456305241.0,59005fdf,0.969
1456305241.0,31063bb4,0.989
1456305241.0,ab1a9bda,0.999
1456305241.0,0cce0f70,0.969
1456305241.0,2df8fc01,0.949
1456305241.0,5991ce93,0.989
1456305241.0,eea64b3d,0.999
1456305241.0,794a868c,0.989
1456305241.0,b0e18943,0.989
1456305241.0,2a167286,0.959
1456305241.0,51e1327b,0.949
1456305241.0,348737ad,0.979
1456305241.0,36ce665f,0.959
1456305241.0,fe21fda2,0.979
1456305241.0,863245a5,0.949
1456305241.0,,0.969
1456305241.0,44984473,0.939
1456305241.0,fbcad1cd,0.949
1456305241.0,f34c3a36,1.009
1456305241.0,b4be46ac,0.954
1456305241.0,0d37d37b,0.929
1456305241.0,b4a9375f,0.939
1456305241.0,5aaeb8a3,1.019
1456305241.0,c7b90ec6,0.989
1456305241.0,64e9b77c,0.959
1456305241.0,f125a348,0.969
1456305241.0,3de5ce2e,0.959
1456305241.0,32fde081,1.019
1456305241.0,ec810259,0.969
1456305241.0,8c0782e7,0.969
1456305241.0,91757ae2,0.949
1456305241.0,42996534,0.959
1456305241.0,42c3f67b,1.019
1456305241.0,e751ae48,0.959
1456305241.0,b5ead699,0.959
1456305241.0,682a7b74,0.989
1456305241.0,256da341,0.959
1456305241.0,0a7394cb,1.029
1456305241.0,73025102,0.979
1456305241.0,f645748d,0.989
1456305241.0,9d39ae37,0.949
1456305241.0,17bc7e07,0.969
1456305241.0,c95ebb24,0.979
1456305241.0,b683841e,0.979
1456305241.0,af82f4c3,0.969
1456305241.0,4d90c00c,0.979
1456305241.0,72c22a1e,1.019
1456305241.0,e7aa0c08,0.989
1456305241.0,badcf1ca,0.949
1456305241.0,,0.959
1456305241.0,20015b2d,0.989
1456305241.0,d9811c4e,0.989
1456305241.0,b4c8d60e,0.949
1456305241.0,33a8b66f,0.959
1456305241.0,fe454b1d,0.949
1456305241.0,e3ed55ca,0.929
1456305241.0,8b20c3e0,0.929
1456305241.0,eee56c4d,0.979
1456305241.0,4e13229f,0.959
1456305241.0,aa882ae6,0.979
1456305241.0,41170479,0.979
1456305241.0,7e7b7769,0.959
1456305241.0,f32894b0,0.929
1456305241.0,8b0230d5,0.969
1456305241.0,fbcaa7f6,0.979
1456305241.0,8a5cd800,0.979
1456305241.0,917af1e0,0.949
1456305241.0,5282e595,0.989
1456305241.0,d34ed29d,0.979
1456305241.0,afa80a02,0.999
1456305241.0,3680125e,0.959
1456305241.0,ffbaf0fd,0.969
1456305241.0,f56256a9,0.999
1456305241.0,f7f61bfc,0.959
1456305241.0,691bf1db,0.949
1456305241.0,544d8f74,0.959
1456305241.0,13683185,0.989
1456305241.0,1e41b091,0.989
1456305241.0,c408f13e,0.959
1456305241.0,d83a98ce,0.959
1456305241.0,ab473015,0.989
1456305241.0,9a1acee3,0.939
1456305241.0,a3956c28,0.939
1456305241.0,31a9b6e7,0.969
1456305241.0,a74299cc,0.959
1456305241.0,997de382,0.989
1456305241.0,4248b1c7,0.949
1456305241.0,72fbc81a,0.989
1456305241.0,9520e162,0.979
1456305241.0,9f816ba2,0.979
1456305241.0,4a7d41a5,0.979
1456305241.0,2ab14021,0.959
1456305241.0,5260998a,0.969
1456305241.0,202abd50,0.939
1456305241.0,7ed2f8ec,0.949
1456305241.0,6fdbc889,0.939
1456305241.0,38ec146a,0.959
1456305241.0,987c1347,0.979
1456305241.0,3ceb9aae,0.969
1456305241.0,0e367b40,0.979
1456305241.0,822601b1,0.979
1456305241.0,71fc80a1,0.979
1456305241.0,b17608a3,0.979
1456305241.0,e589fd9d,0.989
1456305241.0,a6cef350,0.989
1456305241.0,bec40c36,0.959
1456305241.0,830e3a6b,0.999
1456305241.0,ebb75b25,0.959
1456305241.0,3d03dfc6,0.959
1456305241.0,b6930305,1.019
1456305241.0,ae6758fc,0.944
1456305241.0,6dc3c176,0.959
1456305241.0,3e1f426f,0.989
1456305241.0,e80747bb,0.989
1456305241.0,d3a16954,0.969
1456305241.0,dff7e38b,0.949
1456305241.0,03261265,0.989
1456305241.0,714eaded,0.959
1456305241.0,35d2c9ad,0.989
1456305241.0,45e21f92,0.969
1456305241.0,14e4cad9,1.019
1456305241.0,6a1dd3bb,0.959
1456305241.0,3f20997c,0.979
1456305241.0,a1e08fd2,0.919
1456305241.0,1d10714b,1.009
1456305241.0,764a9f1e,0.939
1456305241.0,a8154896,0.949
1456305241.0,d33a84e0,0.999
1456305241.0,14c7e96d,1.029
1456305241.0,6162ba82,0.989
1456305241.0,cae9afe7,0.999
1456305241.0,c48de424,0.929
1456305241.0,bacddc78,0.959
1456305241.0,48ae79a5,0.969
1456305241.0,a17c7f62,0.929
1456305241.0,ba73e19b,0.979
1456305241.0,e4b0bd20,0.934
1456305241.0,7f05643c,0.979
1456305241.0,bf12232f,0.959
1456305241.0,09d90f95,0.969
1456305241.0,ec433832,0.919
1456305241.0,1b97a3ad,0.959
1456305241.0,88c2caef,1.009
1456305241.0,13fe91d4,0.979
1456305241.0,5abc5719,0.959
1456305241.0,,0.979
1456305241.0,775487a4,0.959
1456305241.0,4ca2fd5f,0.959
1456305241.0,8fc61c53,0.999
1456305241.0,f06281fb,0.979
1456305241.0,61a9a23e,0.969
1456305241.0,d0b2a106,0.969
1456305241.0,1c54aea2,0.989
1456305241.0,e2e2bd54,0.969
1456305241.0,868b1b31,0.959
1456305241.0,92401764,0.979
1456305241.0,f68a34f4,0.989
1456305241.0,a6631f18,0.959
1456305241.0,5d07eeec,0.949
1456305241.0,6fbcc336,0.939
1456305241.0,3de6c3ca,0.959
1456305241.0,c2039560,0.989
1456305241.0,572ecc04,0.989
1456305241.0,de55d6cb,0.989
1456305241.0,20959753,0.959
1456305241.0,7a6dcdb0,0.969
1456305241.0,99d25d8f,0.939
1456305241.0,9c47cca4,0.989
1456305241.0,9473c28b,0.969
1456305241.0,029bff95,0.959
1456305241.0,9a03cdbc,0.979
1456305241.0,168f1ca6,0.999
1456305241.0,b16a7660,0.939
1456305241.0,e291397b,0.979
1456305241.0,d1b1547c,0.979
1456305241.0,704bc7f2,0.959
1456305241.0,b44f61b0,0.969
1456305241.0,493eff35,0.969
1456305241.0,e6d83666,0.969
1456305241.0,3be33cb4,0.959
1456305241.0,d375e9a2,0.999
1456305241.0,d73f9554,0.969
1456305241.0,976fb373,0.949
1456305241.0,0d6425bc,0.979
1456305241.0,8c5eeeac,0.979
1456305241.0,3e198165,0.959
1456305241.0,9200bb2c,0.999
1456305241.0,64784ae8,0.989
1456305241.0,e532f970,0.989
1456305241.0,2e24ce9f,0.939
1456305241.0,3b0fb08c,0.979
1456305241.0,7387afcd,0.969
1456305241.0,56ad714d,0.999
1456305241.0,5043ba52,0.989
1456305241.0,aa642af9,0.999
1456305241.0,8c545197,1.009
1456305241.0,978bcc85,0.959
1456305241.0,eee03f6b,0.979
1456305241.0,e4b1c6fb,0.969
1456305241.0,3e574cd0,0.989
1456305241.0,5dcd5582,0.959
1456305241.0,f9265ab5,0.949
1456305241.0,a03824da,0.969
1456305241.0,2644599e,0.979
1456305241.0,78daa5b5,0.959
1456305241.0,d3549133,0.959
1456305241.0,57b36972,0.999
1456305241.0,017f1d73,0.989
1456305241.0,8c6f1d05,0.989
1456305241.0,636ce33d,0.959
1456305241.0,3b9a2c70,0.969
1456305241.0,e26d9873,1.009
1456305241.0,f2363645,0.979
1456305241.0,5181eba5,0.949
1456305241.0,0be30200,0.989
1456305241.0,d983a1c7,0.919
1456305241.0,56e398e7,0.959
1456305241.0,,1.009
1456305241.0,6e781ba8,0.979
1456305241.0,6e966a1c,0.989
1456305241.0,2385c761,0.969
1456305241.0,a9b8fb74,0.979
1456305241.0,,0.939
1456305241.0,3bf46d9b,0.959
1456305241.0,42b80e51,0.969
1456305241.0,18db456a,1.009
1456305241.0,46bea8c9,0.989
1456305241.0,2ee8e08d,0.969
1456305241.0,0913d5bd,0.939
1456305241.0,ea0a7462,0.979
1456305241.0,625146af,0.949
1456305241.0,efb9b2b5,0.969
1456305241.0,6a27f09d,0.969
1456305241.0,c6f69752,0.929
1456305241.0,fbe424bb,0.949
1456305241.0,c2caedd9,0.929
1456305241.0,c973ec97,0.979
1456305241.0,cca094f8,0.949
1456305241.0,66f21e35,0.949
1456305241.0,22ac7d75,0.939
1456305241.0,3f48f52e,0.939
1456305241.0,d9bc9762,0.939
1456305241.0,9275ec29,0.979
1456305241.0,2f8bbe9b,0.919
1456305241.0,645289b9,0.959
1456305241.0,de162c11,0.919
1456305241.0,8d437dd2,0.939
1456305241.0,17b40c62,0.999
1456305241.0,10811cd9,0.989
1456305241.0,2fd29268,0.929
1456305241.0,7d8f6829,0.999
1456305241.0,c674dd96,0.949
1456305241.0,ed826035,0.979
1456305241.0,757cb5e7,0.949
1456305241.0,524d848c,0.929
1456305241.0,e5b25ce5,0.929
1456305241.0,a67c83ad,0.979
1456305241.0,69b6ac4f,0.939
1456305241.0,0d5cb1e5,0.969
1456305241.0,b661e7f7,0.929
1456305241.0,b6daf677,0.979
1456305241.0,56d52752,0.969
1456305241.0,e9aeb918,0.979
1456305241.0,89ed2644,0.949
1456305241.0,8c9cc6bc,0.929
1456305241.0,14d17f9a,0.929
1456305241.0,87298a04,0.979
1456305241.0,44c15478,0.969
1456305241.0,0a194365,0.959
1456305241.0,75d9d944,0.959
1456305241.0,c313d773,0.959
1456305241.0,9f62a2b2,0.989
1456305241.0,cfadc870,0.919
1456305241.0,1cdbfafd,0.929
1456305241.0,0d366466,0.959
1456305241.0,042a624d,0.949
1456305241.0,f42ca072,0.989
1456305241.0,eecd4599,0.979
1456305241.0,e4ff2e3f,0.959
1456305241.0,7a0f0cd4,0.969
1456305241.0,72933f5e,0.939
1456305241.0,c6f99584,0.969
1456305241.0,b8459cb6,0.979
1456305241.0,e64fba92,0.949
1456305241.0,c7e8775e,0.959
1456305241.0,152f6019,0.959
1456305241.0,5f9ac3b1,0.959
1456305241.0,40fe1f50,0.979
1456305241.0,5fd30b48,0.999
1456305241.0,9a883b4c,0.959
1456305241.0,6f8c077f,0.949
1456305241.0,,0.989
1456305241.0,fcb3f0ac,0.989
1456305241.0,e1dcdd8e,0.969
1456305241.0,7a198451,0.969
1456305241.0,bd9f0dd9,0.969
1456305241.0,8fa20ff5,0.999
1456305241.0,eae702bd,0.959
1456305241.0,30e60f32,0.989
1456305241.0,ba815d55,0.999
1456305241.0,6f93e9a4,0.979
1456305241.0,a4a288ce,0.989
1456305241.0,76186cf8,0.959
1456305241.0,4c14d834,0.989
1456305241.0,607d89d2,1.009
1456305241.0,25ce010c,0.989
1456305241.0,cbf2e960,0.989
1456305241.0,928e1254,0.939
1456305241.0,9aa29c07,1.019
1456305241.0,d31fa383,0.949
1456305241.0,8236d188,0.999
1456305241.0,159f07cc,1.009
1456305241.0,801fe77a,0.959
1456305241.0,9422b117,1.009
1456305241.0,9499ff78,0.969
1456305241.0,7a952315,0.979
1456305241.0,60b56507,1.009
1456305241.0,0b617cbb,0.949
1456305241.0,fe41844a,0.999
1456305481.0,d3bb35f7,0.969
1456305481.0,a7ca6139,0.949
1456305481.0,ea3de48b,0.989
1456305481.0,0aeed7ce,0.959
1456305481.0,4c338d03,0.989
1456305481.0,70931d91,0.959
1456305481.0,f31ed257,0.929
1456305481.0,c476cc49,0.929
1456305481.0,9d2b8d38,0.929
1456305481.0,cea20e68,0.949
1456305481.0,b3aa51d6,0.969
1456305481.0,7d989a39,0.949
1456305481.0,beb3b49b,0.939
1456305481.0,7468efc0,0.929
1456305481.0,c23345b4,0.929
1456305481.0,ecfdcbbe,0.939
1456305481.0,583bd0d6,0.909
1456305481.0,12d36adb,0.989
1456305481.0,54ea7147,0.979
1456305481.0,cf18b057,0.939
1456305481.0,fd4cd090,0.939
1456305481.0,8175f3cb,0.999
1456305481.0,264d6745,0.949
1456305481.0,bb34b27f,0.969
1456305481.0,e76cdeb7,0.949
1456305481.0,0aede896,0.979
1456305481.0,6ac0d50f,0.969
1456305481.0,4887bf4e,1.079
1456305481.0,f15b5390,0.959
1456305481.0,9cdd4f3a,0.939
1456305481.0,3f2ba968,0.949
1456305481.0,4e54ae8f,0.999
1456305481.0,66c8a343,0.999
1456305481.0,c8fac997,0.919
1456305481.0,7b80d32c,0.969
1456305481.0,4015542f,0.999
1456305481.0,32167d7b,0.969
1456305481.0,2d591431,0.939
1456305481.0,78e71612,0.979
1456305481.0,42a9168f,0.989
1456305481.0,07a30a7e,0.938
1456305481.0,ddaef23c,0.979
1456305481.0,2c773ce0,0.979
1456305481.0,,0.999
1456305481.0,6fb67f4c,0.959
1456305481.0,b9cf4218,0.959
1456305481.0,8eea76a1,0.939
1456305481.0,beeaf561,0.959
1456305481.0,06958edb,1.009
1456305481.0,1de97778,0.949
1456305481.0,2a00611c,0.959
1456305481.0,,0.959
1456305481.0,292cfe23,0.959
1456305481.0,56207684,0.949
1456305481.0,d98c0af9,0.939
1456305481.0,d6e5c3f0,0.959
1456305481.0,2820e4a6,0.939
1456305481.0,e6c4cb15,0.939
1456305481.0,ac4f6a54,0.959
1456305481.0,eca6ad54,0.979
1456305481.0,761dd171,0.969
1456305481.0,f1736b62,0.949
1456305481.0,c3fac240,0.989
1456305481.0,5000f0c5,0.979
1456305481.0,8b02d213,0.949
1456305481.0,b2c67780,0.999
1456305481.0,477c7bcf,0.929
1456305481.0,60399455,0.959
1456305481.0,d52f4585,0.989
1456305481.0,884a1646,0.969
1456305481.0,76b80c65,0.979
1456305481.0,5fb581f7,0.949
1456305481.0,4af5893f,0.969
1456305481.0,89376981,0.989
1456305481.0,796dcdf3,0.949
1456305481.0,72ceacae,0.969
1456305481.0,1018f316,0.979
1456305481.0,a705a30f,0.979
1456305481.0,0e1fdace,0.959
1456305481.0,81e03bde,1.029
1456305481.0,a1add909,0.989
1456305481.0,6a686e72,0.969
1456305481.0,a38344c9,0.949
1456305481.0,5355dd4f,0.949
1456305481.0,79ca8f37,0.989
1456305481.0,d8de669b,0.999
1456305481.0,215c30e8,0.969
1456305481.0,7b9f0ef9,0.999
1456305481.0,ebba1d3e,0.989
1456305481.0,c6463fb6,0.969
1456305481.0,b6583eaf,0.929
1456305481.0,0e025df7,1.019
1456305481.0,1bbf25c0,0.959
1456305481.0,19625574,1.009
1456305481.0,43f8de50,1.009
1456305481.0,38d1fafb,1.069
1456305481.0,4484bbef,0.979
1456305481.0,6f6a8c9c,0.959
1456305481.0,c67cc2dd,0.969
1456305481.0,9fad7fea,0.979
1456305481.0,2b88e2db,0.989
1456305481.0,06eb0513,0.979
1456305481.0,7d4cb90b,0.979
1456305481.0,ddd25787,1.009
1456305481.0,1f897af1,0.949
1456305481.0,2f231204,0.929
1456305481.0,2e991b23,0.949
1456305481.0,5fbe505b,0.989
1456305481.0,d500f94f,1.009
1456305481.0,6362d058,0.989
1456305481.0,1ad0b27a,0.959
1456305481.0,5a5b83e5,0.969
1456305481.0,386807be,0.969
1456305481.0,9b358c84,0.939
1456305481.0,bca5b114,0.969
1456305481.0,982ef9d8,0.949
1456305481.0,3bbe7509,0.969
1456305481.0,00d41319,0.929
1456305481.0,0c091e76,0.959
1456305481.0,45edf39e,0.939
1456305481.0,eda96774,0.969
1456305481.0,02bd7477,0.999
1456305481.0,eede80ef,0.939
1456305481.0,6f589bf0,0.989
1456305481.0,708936ad,0.949
1456305481.0,1f7b82e5,0.949
1456305481.0,aea8331e,0.989
1456305481.0,73a454de,0.959
1456305481.0,e176ffaf,0.989
1456305481.0,da976c9d,0.999
1456305481.0,f74600d5,0.979
1456305481.0,cb6bf035,0.989
1456305481.0,ee69ffcc,0.949
1456305481.0,6d44f87b,0.959
1456305481.0,d2905129,0.969
1456305481.0,f92b1138,0.989
1456305481.0,b2825105,0.939
1456305481.0,c3a379ab,0.989
1456305481.0,1f635eb5,0.999
1456305481.0,d0cff5c1,1.009
1456305481.0,814d74ac,0.949
1456305481.0,058f886a,0.959
1456305481.0,c184854c,0.989
1456305481.0,c1d5b129,0.999
1456305481.0,632dad6b,0.989
1456305481.0,d0d137e8,0.969
1456305481.0,904d15e4,0.939
1456305481.0,3104967c,0.959
1456305481.0,543dd93c,0.999
1456305481.0,ce204e86,0.989
1456305481.0,efdf01c1,0.979
1456305481.0,6568fb81,0.949
1456305481.0,a249b487,0.939
1456305481.0,7f79215f,0.969
1456305481.0,f2ac2fd2,0.949
1456305481.0,292787aa,0.959
1456305481.0,df1d2009,0.999
1456305481.0,f38a8e26,0.989
1456305481.0,28bd26e0,0.999
1456305481.0,48c5b36c,0.979
1456305481.0,64542f0d,0.979
1456305481.0,e01a7247,0.969
1456305481.0,ab11e935,0.939
1456305481.0,60fea7bf,0.999
1456305481.0,75a26cab,1.089
1456305481.0,8bd77566,0.999
1456305481.0,93e7b34a,0.989
1456305481.0,2a57a759,0.959
1456305481.0,8c76092e,0.939
1456305481.0,251b8d8a,1.009
1456305481.0,37f61ca4,0.979
1456305481.0,990318d3,0.999
1456305481.0,e6d32ea4,0.989
1456305481.0,41d7fd8c,0.989
1456305481.0,149d33f0,0.949
1456305481.0,4cd27bd4,0.969
1456305481.0,4f6c20ab,0.989
1456305481.0,c372d047,0.939
1456305481.0,17f41d4f,0.939
1456305481.0,eb4b87cc,0.959
1456305481.0,d7d438ac,0.999
1456305481.0,4fdca23f,0.939
1456305481.0,c6306633,0.969
1456305481.0,0c2b92ac,1.009
1456305481.0,193a59df,0.979
1456305481.0,d8c88922,0.959
1456305481.0,b1ebea76,0.939
1456305481.0,e20c7066,0.989
1456305481.0,,0.959
1456305481.0,a3e876da,0.959
1456305481.0,65d0c0de,0.989
1456305481.0,d8beccb1,1.019
1456305481.0,5fe1d57e,0.969
1456305481.0,10d616d9,0.999
1456305481.0,5a0fb607,0.979
1456305481.0,656a2566,0.999
1456305481.0,8f922896,0.979
1456305481.0,acf0a7d7,0.969
1456305481.0,899f46c2,0.979
1456305481.0,7ba8ceb3,0.939
1456305481.0,685b81fa,1.009
1456305481.0,52932f4e,0.999
1456305481.0,410ba324,0.939
1456305481.0,6f96e265,0.999
1456305481.0,732a1178,0.959
1456305481.0,27de662e,0.949
1456305481.0,6866a590,0.949
1456305481.0,598ebfd8,1.009
1456305481.0,a7eae27d,0.989
1456305481.0,f9a14adc,0.959
1456305481.0,da00f579,0.979
1456305481.0,bd1e659d,0.979
1456305481.0,9f4969b7,0.999
1456305481.0,c9f99a88,0.939
1456305481.0,a753f001,0.979
1456305481.0,2febafeb,1.009
1456305481.0,64fe3583,0.989
1456305481.0,7ad9a6eb,0.999
1456305481.0,25a36592,0.969
1456305481.0,70efa82e,0.999
1456305481.0,31b711f3,1.089
1456305481.0,,0.989
1456305481.0,05babe25,0.979
1456305481.0,f989aaff,0.949
1456305481.0,efc3cb20,0.919
1456305481.0,0ee1a63f,0.989
1456305481.0,1c370637,0.989
1456305481.0,e87c38cc,0.979
1456305481.0,aaf971e5,0.989
1456305481.0,ce9c03ce,0.959
1456305481.0,a09958dd,0.939
1456305481.0,78128a2a,0.949
1456305481.0,123a197a,0.969
1456305481.0,6bd14210,0.949
1456305481.0,f4507e0e,0.949
1456305481.0,0e55eb67,0.959
1456305481.0,d3e4d9b9,1.069
1456305481.0,b258c197,1.009
1456305481.0,5018e554,0.959
1456305481.0,f84d262d,0.949
1456305481.0,689197d2,0.949
1456305481.0,afba3b1b,0.949
1456305481.0,a625042c,0.929
1456305481.0,f9466962,0.999
1456305481.0,d48d3de5,0.969
1456305481.0,84953eae,0.969
1456305481.0,8c51a8b0,0.959
1456305481.0,a2806a38,0.959
1456305481.0,60a39e86,1.019
1456305481.0,6e416e85,0.959
1456305481.0,2da54b83,0.949
1456305481.0,4cad0289,0.969
1456305481.0,7f3123c2,0.959
1456305481.0,7f90a219,0.999
1456305481.0,e17eccc4,1.019
1456305481.0,b2e44198,0.959
1456305481.0,279f7243,0.999
1456305481.0,bef1c266,0.989
1456305481.0,51ff36bc,0.949
1456305481.0,0945bafb,0.969
1456305481.0,c6d5ab7e,1.009
1456305481.0,f74c5752,0.939
1456305481.0,910c6a77,0.949
1456305481.0,48bf5afb,0.979
1456305481.0,0e949251,1.019
1456305481.0,9b0b4894,0.939
1456305481.0,6aa8dde2,0.979
1456305481.0,469f3690,0.989
1456305481.0,2b6d5808,0.949
1456305481.0,66da4817,0.989
1456305481.0,97f7398e,0.969
1456305481.0,557f7d87,0.939
1456305481.0,0380a17c,0.939
1456305481.0,68492368,0.969
1456305481.0,,0.959
1456305481.0,eb79ce7f,0.979
1456305481.0,8a924c37,0.939
1456305481.0,9f7a9267,0.959
1456305481.0,27c16d5b,0.919
1456305481.0,5dbdb1ad,0.949
1456305481.0,2dd2f741,0.949
1456305481.0,411372b9,0.979
1456305481.0,e4f7133f,0.969
1456305481.0,7cf9c06f,0.979
1456305481.0,11364835,0.959
1456305481.0,dc2aecd3,0.949
1456305481.0,197e1542,0.939
1456305481.0,8caf6dad,0.979
1456305481.0,4a6264de,0.979
1456305481.0,f1ad771b,0.939
1456305481.0,f7b92fac,0.919
1456305481.0,4e176577,0.969
1456305481.0,9d8369d3,0.959
1456305481.0,f8bbef60,0.929
1456305481.0,bccce565,0.949
1456305481.0,054077ee,0.969
1456305481.0,8c39bac2,0.959
1456305481.0,ed9d46be,0.909
1456305481.0,0da71099,0.929
1456305481.0,9733a9c0,0.969
1456305481.0,0b4a5e48,0.939
1456305481.0,a89295ed,0.979
1456305481.0,2207feed,0.929
1456305481.0,1c5f0504,0.949
1456305481.0,95fbf71d,0.919
1456305481.0,e5ead47b,0.989
1456305481.0,010fdae7,0.959
1456305481.0,a409f033,0.989
1456305481.0,8ee67957,0.949
1456305481.0,050b15b6,0.969
1456305481.0,82e87a14,0.939
1456305481.0,c43d10a3,0.959
1456305481.0,41d0e7f4,0.989
1456305481.0,37a4ac8d,0.929
1456305481.0,24f09d82,0.939
1456305481.0,476699aa,0.939
1456305481.0,f86f0531,0.939
1456305481.0,bf44f1ab,0.969
1456305481.0,1ca78cac,0.939
1456305481.0,44454521,0.919
1456305481.0,916b15ba,0.939
1456305481.0,9aa6fe97,0.939
1456305481.0,cb7fae49,0.949
1456305481.0,f67b6a8f,0.949
1456305481.0,b4a263f0,0.969
1456305481.0,32fc4e8c,0.949
1456305481.0,2d084788,0.939
1456305481.0,5d12f54e,0.949
1456305481.0,3f601b6c,0.959
1456305481.0,2bc0bc0e,0.969
1456305481.0,2917c697,0.939
1456305481.0,e3667c9c,0.949
1456305481.0,8127a62a,0.959
1456305481.0,f0da030f,0.979
1456305481.0,d342f583,0.959
1456305481.0,7f44346f,0.939
1456305481.0,60f04d2f,0.979
1456305481.0,8a338e32,0.949
1456305481.0,2eccf490,0.939
1456305481.0,96ed6341,0.959
1456305481.0,fc60a1e0,0.989
1456305481.0,d6aad50a,0.959
1456305481.0,45162ff3,0.979
1456305481.0,35c5c2f1,0.929
1456305481.0,1db5b62a,0.989
1456305481.0,232a4a6a,1.009
1456305481.0,6a4ad02d,0.969
1456305481.0,60429413,0.949
1456305481.0,e140b830,0.989
1456305481.0,de2c9edf,0.939
1456305481.0,dbad6afc,0.939
1456305481.0,6f11a226,0.969
1456305481.0,4824bf4c,0.949
1456305481.0,3ede3ac4,0.959
1456305481.0,d623182f,0.989
1456305481.0,5f379a02,0.969
1456305481.0,07ff93d9,1.019
1456305481.0,d2661e86,0.959
1456305481.0,a06397bf,0.969
1456305481.0,e0d89735,1.019
1456305481.0,f76f3d3a,0.929
1456305481.0,5d3d8db3,0.949
1456305481.0,995615f7,0.989
1456305481.0,a6fdc066,0.979
1456305481.0,0b2f66ab,0.979
1456305481.0,2e175fc6,0.949
1456305481.0,38b12dcf,0.989
1456305481.0,0aed8034,0.979
1456305481.0,6b388a21,0.959
1456305481.0,ae5da76e,0.939
1456305481.0,6a39da51,0.999
1456305481.0,9279854d,0.969
1456305481.0,c8bea281,0.939
1456305481.0,,0.979
1456305481.0,90a59266,0.939
1456305481.0,7c1d5106,0.989
1456305481.0,5ba0908f,0.989
1456305481.0,344ab5b8,0.989
1456305481.0,a3c5ca6f,0.979
1456305481.0,35d8c725,0.969
1456305481.0,953976b2,0.989
1456305481.0,b563f7fe,0.969
1456305481.0,31172c6e,0.929
1456305481.0,95be41d3,0.939
1456305481.0,0b2dae68,0.939
1456305481.0,9256a6d6,1.009
1456305481.0,79555dbb,0.939
1456305481.0,95a26ce2,0.959
1456305481.0,30895e60,0.999
1456305481.0,ea9276b9,0.999
1456305481.0,625f6c86,0.979
1456305481.0,ffe4ba98,0.929
1456305481.0,a3af7ef1,0.939
1456305481.0,d05c205a,0.959
1456305481.0,3b31f64c,0.969
1456305481.0,1e2441ce,0.939
1456305481.0,8b0687ba,0.999
1456305481.0,c7e28f54,0.959
1456305481.0,49644a9b,1.009
1456305481.0,c8dc6d04,0.939
1456305481.0,e8328929,0.989
1456305481.0,19dd6ffa,0.949
1456305481.0,521538f8,0.969
1456305481.0,13579cfd,0.949
1456305481.0,54e1e6e2,0.969
1456305481.0,42e838c7,0.969
1456305481.0,f9e19175,0.949
1456305481.0,bb0418d7,0.959
1456305481.0,2a5a0676,0.969
1456305481.0,215d680b,1.009
1456305481.0,63cbf4ee,0.989
1456305481.0,555c0035,0.979
1456305481.0,b7361158,0.959
1456305481.0,adf8d23a,0.939
1456305481.0,cd5c4fc2,0.989
1456305481.0,d3db6e64,0.989
1456305481.0,b2baa0fb,0.999
1456305481.0,52628b2e,0.959
1456305481.0,8716bc8f,0.949
1456305481.0,0ad1807b,1.009
1456305481.0,,0.939
1456305481.0,f5a51e57,0.949
1456305481.0,8babf7a8,0.969
1456305481.0,4ad60c88,1.009
1456305481.0,17127e8d,0.949
1456305481.0,84e18861,0.969
1456305481.0,4307435a,0.959
1456305481.0,a1605c07,0.949
1456305481.0,90f5114b,0.939
1456305481.0,36098a3a,0.959
1456305481.0,7bcda69c,0.999
1456305481.0,d64903d3,1.019
1456305481.0,72c6e33b,0.949
1456305481.0,44f80f34,0.979
1456305481.0,77283132,0.969
1456305481.0,61c492dd,0.949
1456305481.0,b0f4b28e,0.979
1456305481.0,7af9d9ad,1.019
1456305481.0,bbe091e3,0.939
1456305481.0,4a1fb5a4,0.979
1456305481.0,39bd20ff,0.989
1456305481.0,5ace285c,0.959
1456305481.0,66571899,0.979
1456305481.0,fc062d47,0.939
1456305481.0,,0.949
1456305481.0,8dc9de7b,1.009
1456305481.0,d9e58766,1.029
1456305481.0,099e78c7,0.959
1456305481.0,55b1a563,0.939
1456305481.0,7f2d651e,0.949
1456305481.0,33565053,0.979
1456305481.0,e6ebe240,0.939
1456305481.0,81529fdc,0.979
1456305481.0,ac8fe45c,0.969
1456305481.0,bef35d30,0.939
1456305481.0,887915b9,0.959
1456305481.0,b026b716,0.959
1456305481.0,4d15a2cc,0.959
1456305481.0,aebeb22e,0.989
1456305481.0,151efb9f,0.949
1456305481.0,fa49aabc,0.959
1456305481.0,0c12a1f2,0.989
1456305481.0,7b0ff594,1.009
1456305481.0,66e3c96f,0.949
1456305481.0,f654bb63,0.989
1456305481.0,537fac20,0.959
1456305481.0,25a832ea,0.949
1456305481.0,8b485c5e,0.989
1456305481.0,093ad451,0.989
1456305481.0,82ca3bd9,0.989
1456305481.0,6ae406fe,0.939
1456305481.0,457e579e,0.978
1456305481.0,1a23b0f9,0.939
1456305481.0,8b68e5d5,0.989
1456305481.0,0d45e0bd,0.989
1456305481.0,9a246c9a,0.969
1456305481.0,dcb337e4,0.999
1456305481.0,550ebfc1,0.989
1456305481.0,094e5a20,0.989
1456305481.0,d247620c,0.959
1456305481.0,b7bd3267,0.989
1456305481.0,,0.979
1456305481.0,496a23e0,0.969
1456305481.0,f9660ed1,1.069
1456305481.0,b791cb2d,0.949
1456305481.0,9042df2b,1.049
1456305481.0,1b33191e,0.999
1456305481.0,6a5601b8,1.009
1456305481.0,826ef9e5,0.949
1456305481.0,ddb691b0,0.959
1456305481.0,5982a304,0.979
1456305481.0,2660a5d2,0.969
1456305481.0,2b7cf924,1.009
1456305481.0,b632c5ee,0.969
1456305481.0,a9ad29e3,1.009
1456305481.0,9cd812fc,0.959
1456305481.0,46950b68,0.949
1456305481.0,8f644357,0.959
1456305481.0,a63774ee,0.979
1456305481.0,78e8bb93,0.969
1456305481.0,a4c2cb8d,0.979
1456305481.0,d26f4ccf,0.989
1456305481.0,d88c2313,0.959
1456305481.0,3340d6a0,0.979
1456305481.0,9f51dbf4,0.949
1456305481.0,21f78260,0.989
1456305481.0,1c1b5783,0.979
1456305481.0,32073d45,0.969
1456305481.0,5962da15,0.959
1456305481.0,27fede19,0.939
1456305481.0,6f40a7c4,0.969
1456305481.0,90e6d279,1.029
1456305481.0,16870e6a,0.949
1456305481.0,0e6789c0,0.939
1456305481.0,8a0d026c,0.949
1456305481.0,a2e94245,0.979
1456305481.0,a182ab0c,0.989
1456305481.0,0e61862e,0.989
1456305481.0,d4b2d77f,0.969
1456305481.0,9ba26da7,0.959
1456305481.0,3af55c11,0.979
1456305481.0,d5a11ce9,0.999
1456305481.0,bc3ec897,0.969
1456305481.0,16cc4c6d,0.959
1456305481.0,b7b6386b,0.989
1456305481.0,9b8b3fcc,0.989
1456305481.0,b7488969,0.999
1456305481.0,9d7fe73c,0.979
1456305481.0,85a43300,0.989
1456305481.0,73ad722d,0.969
1456305481.0,2735badd,0.999
1456305481.0,dff89479,0.989
1456305481.0,0218a51d,0.959
1456305481.0,94686fc0,0.969
1456305481.0,c2d485ca,0.939
1456305481.0,b6990863,1.009
1456305481.0,af2f9310,0.969
1456305481.0,b445540d,0.999
1456305481.0,8d192dd1,0.969
1456305481.0,48314cda,0.969
1456305481.0,8035b52d,0.939
1456305481.0,7c5bbb7e,1.009
1456305481.0,2a639c5a,0.949
1456305481.0,62ae11f0,0.969
1456305481.0,35ef9d63,0.969
1456305481.0,743a840f,0.959
1456305481.0,d950f36c,0.999
1456305481.0,5fcd0ac6,0.979
1456305481.0,af5a4fe6,0.949
1456305481.0,55fc2c6d,0.939
1456305481.0,0bfb8ade,0.979
1456305481.0,b43aab28,0.979
1456305481.0,4aa96079,0.999
1456305481.0,29c5c2e2,0.989
1456305481.0,ba35e551,0.959
1456305481.0,07ccba78,0.989
1456305481.0,39f820cc,0.969
1456305481.0,3f788efe,0.989
1456305481.0,59f961f5,0.969
1456305481.0,fbb2872c,0.989
1456305481.0,4604fb62,0.999
1456305481.0,d279ee07,0.959
1456305481.0,f7f90554,0.939
1456305481.0,8fc61c53,0.949
1456305481.0,,0.999
1456305481.0,15566f60,0.999
1456305481.0,2f559315,0.939
1456305481.0,ad852670,0.969
1456305481.0,857beb4a,0.999
1456305481.0,4aba346d,0.969
1456305481.0,dfb29247,0.969
1456305481.0,52c09ceb,0.989
1456305481.0,275911ce,0.999
1456305481.0,4a5baf49,1.009
1456305481.0,b414428f,0.999
1456305481.0,106daba7,0.959
1456305481.0,87856e5d,0.979
1456305481.0,f56cecf3,0.999
1456305481.0,b18611aa,0.959
1456305481.0,bdc7131f,0.959
1456305481.0,7a9eef7e,0.969
1456305481.0,c6a1b911,0.974
1456305481.0,47647d8f,0.999
1456305481.0,c0a4aa92,0.959
1456305481.0,b3898d20,0.949
1456305481.0,ace1257e,0.939
1456305481.0,1effdd9e,1.029
1456305481.0,900b80b7,0.979
1456305481.0,39edd173,0.989
1456305481.0,a2c55ea4,0.999
1456305481.0,ea00d8f0,0.959
1456305481.0,2a5c512c,1.019
1456305481.0,765b33b7,0.919
1456305481.0,9473c28b,0.959
1456305481.0,210e805d,0.989
1456305481.0,9536d208,0.949
1456305481.0,0fcd5944,0.939
1456305481.0,943913cb,0.969
1456305481.0,a3813b89,0.959
1456305481.0,fbd93087,0.959
1456305481.0,1bf91998,0.969
1456305481.0,fe909c5b,0.999
1456305481.0,cd09a0d6,0.939
1456305481.0,1588da36,1.039
1456305481.0,93656c34,0.999
1456305481.0,0d730a98,0.994
1456305481.0,67af76e1,0.969
1456305481.0,ece4dd56,1.009
1456305481.0,d81a826a,0.969
1456305481.0,672e6c5e,0.999
1456305481.0,392b75a8,0.959
1456305481.0,0d1c8f35,0.949
1456305481.0,e183f4cf,0.969
1456305481.0,d983cd5e,0.969
1456305481.0,2445bcef,0.969
1456305481.0,39e2b6d0,0.949
1456305481.0,2f349c74,0.979
1456305481.0,6279da87,0.949
1456305481.0,bd227bfb,0.999
1456305481.0,5d637168,0.979
1456305481.0,,0.929
1456305481.0,51c7bb55,0.969
1456305481.0,b43ac946,0.969
1456305481.0,ab141bc6,1.089
1456305481.0,df227f84,0.979
1456305481.0,dce30980,0.949
1456305481.0,080b1017,0.959
1456305481.0,1a839c73,0.969
1456305481.0,f87bab74,0.959
1456305481.0,e939fab3,0.989
1456305481.0,4719c036,0.979
1456305481.0,74bb761d,1.009
1456305481.0,18a2553e,0.959
1456305481.0,a395cb1b,0.989
1456305481.0,8c6dacb8,0.939
1456305481.0,c252c064,0.949
1456305481.0,e24d8cab,0.949
1456305481.0,48cc409e,0.959
1456305481.0,6fc48997,0.959
1456305481.0,3746716c,1.009
1456305481.0,f03c398a,0.959
1456305481.0,48676749,0.989
1456305481.0,f28e5efe,0.959
1456305481.0,243c29de,0.989
1456305481.0,95564cf1,0.939
1456305481.0,7653cc6a,0.979
1456305481.0,51683daa,0.949
1456305481.0,5043ba52,0.989
1456305481.0,576edbde,0.999
1456305481.0,62f495a7,0.939
1456305481.0,49ea8294,1.009
1456305481.0,1bb94f90,0.979
1456305481.0,078685c9,0.959
1456305481.0,5bba111d,0.969
1456305481.0,c257e761,0.969
1456305481.0,034f42f5,0.979
1456305481.0,800691b2,0.949
1456305481.0,d351cb6a,0.969
1456305481.0,9fc9a999,0.999
1456305481.0,94c17036,0.989
1456305481.0,3365e596,0.969
1456305481.0,1848de21,0.979
1456305481.0,e4b1c6fb,0.969
1456305481.0,5d9f0ce5,0.959
1456305481.0,72e91f24,0.949
1456305481.0,26d58413,0.939
1456305481.0,2ccce8c3,0.949
1456305481.0,7ba3471a,0.959
1456305481.0,0ab7f18e,0.989
1456305481.0,c8898ee2,0.979
1456305481.0,dacc3a3f,0.949
1456305481.0,250c83be,0.989
1456305481.0,b551edc5,0.959
1456305481.0,c9850105,0.949
1456305481.0,df7154f6,0.949
1456305481.0,1443c8f6,0.979
1456305481.0,59ae9cca,0.979
1456305481.0,0e7d2ef5,0.989
1456305481.0,056cb40c,0.989
1456305481.0,69e811f1,0.949
1456305481.0,ce43b17e,0.999
1456305481.0,8597e067,0.929
1456305481.0,a0239e5c,0.939
1456305481.0,6ad7e90e,0.989
1456305481.0,8d39e4b4,0.969
1456305481.0,44f748b5,0.999
1456305481.0,481c090b,0.959
1456305481.0,5fc37dfd,0.979
1456305481.0,a7c93552,0.909
1456305481.0,b350758d,0.979
1456305481.0,aaba4ebc,0.969
1456305481.0,9ac3ac4d,0.969
1456305481.0,e1c1cc44,0.949
1456305481.0,476697da,0.989
1456305481.0,26d49c51,0.959
1456305481.0,5afecce4,1.019
1456305481.0,5363d71f,0.939
1456305481.0,ea255676,0.999
1456305481.0,369fd22f,0.979
1456305481.0,6e065b53,0.939
1456305481.0,0950d2ac,0.979
1456305481.0,03ed2a59,0.979
1456305481.0,304a6497,0.989
1456305481.0,afa9e686,0.929
1456305481.0,294ed3f5,1.009
1456305481.0,22e6cf1d,0.949
1456305481.0,2cf8ea35,0.919
1456305481.0,eba76f21,0.979
1456305481.0,38fda503,0.999
1456305481.0,3c0f4b64,0.949
1456305481.0,298a8af2,0.959
1456305481.0,39dabb89,0.949
1456305481.0,402dea62,0.969
1456305481.0,136c3dcd,0.949
1456305481.0,dddc0e70,0.929
1456305481.0,fed67d30,0.989
1456305481.0,5073c682,0.989
1456305481.0,,0.999
1456305481.0,3e4c89c9,0.939
1456305481.0,71992fbe,0.949
1456305481.0,46bea8c9,0.979
1456305481.0,0d046d70,1.009
1456305481.0,8fdd1c16,0.969
1456305481.0,39f6d678,0.989
1456305481.0,f36b3182,0.979
1456305481.0,dadcaa77,0.959
1456305481.0,10f309c6,0.969
1456305481.0,8b69a860,0.939
1456305481.0,024c1344,0.949
1456305481.0,9022b426,0.949
1456305481.0,,0.959
1456305481.0,f4070bfa,0.989
1456305481.0,5054e21e,0.959
1456305481.0,186f9d64,0.969
1456305481.0,c368907a,0.989
1456305481.0,ce55c12b,0.969
1456305481.0,85e30d0e,0.979
1456305481.0,2ecadcf6,0.959
1456305481.0,74b98eac,0.949
1456305481.0,5b8f7949,1.099
1456305481.0,0030aa59,1.089
1456305481.0,c7cf7e3e,1.019
1456305481.0,aa506433,0.979
1456305481.0,99125e73,0.979
1456305481.0,467ac0ec,0.969
1456305481.0,26e8cf72,0.969
1456305481.0,6e9357c6,1.009
1456305481.0,888142ae,1.019
1456305481.0,806052b0,0.949
1456305481.0,5c197824,0.989
1456305481.0,8de01e99,0.999
1456305481.0,1377ad59,0.939
1456305481.0,4922811e,0.989
1456305481.0,ecaf9af2,0.999
1456305481.0,828ee9a9,0.979
1456305481.0,6fa2467f,1.029
1456305481.0,f4b41566,0.909
1456305481.0,bf816140,0.989
1456305481.0,498c4e0f,0.979
1456305481.0,39ff66f8,0.949
1456305481.0,8d7a014c,0.959
1456305481.0,3ec9f041,0.979
1456305481.0,d92a0847,1.029
1456305481.0,974e4706,0.949
1456305481.0,fa216f55,0.989
1456305481.0,c2e9c850,0.949
1456305481.0,1489e7c1,0.969
1456305481.0,b32ae972,1.019
1456305481.0,503c695b,0.919
1456305481.0,b57a6a63,0.959
1456305481.0,bd8bd0ef,1.019
1456305481.0,2c831a38,0.969
1456305481.0,cf09734d,0.969
1456305481.0,2278ee7b,0.969
1456305481.0,58d29ccf,0.929
1456305481.0,70692280,0.999
1456305481.0,a94a336f,0.939
1456305481.0,b3011e67,1.029
1456305481.0,3c4e3fea,0.999
1456305481.0,cbf2e960,0.969
1456305481.0,5dc3decc,0.979
1456305481.0,6d03a4f8,0.979
1456305481.0,0bae1b96,0.949
1456305481.0,d501c22d,0.969
1456305481.0,a3a8caec,0.959
1456305481.0,204c7d8c,0.989
1456305481.0,747529c4,0.919
1456305481.0,7c8784c0,1.009
1456305481.0,bb7226f1,0.959
1456305481.0,8236d188,0.969
1456305481.0,08aa7fc0,0.969
1456305481.0,7a49343f,0.959
1456305481.0,c089a061,0.999
1456305481.0,b65f17d4,0.969
1456305481.0,7a78b9d0,0.939
1456305481.0,c330d63c,0.969
1456305481.0,4d5d9361,0.989
1456305481.0,59e2c5e0,1.019
1456305481.0,6b4ba54d,0.989
1456305481.0,b6ac7c95,0.969
1456305481.0,4f807f9a,0.969
1456305481.0,fed9f427,0.969
1456305481.0,8fbe5276,0.989
1456305481.0,994f9854,0.959
1456305481.0,7ecce629,0.929
1456305481.0,a9c635a6,1.089
1456305481.0,53216105,0.979
1456305481.0,08f59b41,0.969
1456305481.0,aee35b92,0.929
1456305481.0,473de136,0.979
1456305481.0,fabbbb00,1.009
1456305481.0,fee1f686,0.969
1456305481.0,2ab8cee3,0.959
1456305481.0,70f30d88,0.979
1456305481.0,5d151192,1.089
1456305481.0,0b152e4a,1.009
1456305481.0,,0.939
1456305481.0,8f6f71cb,0.979
1456305722.0,1248a8aa,0.959
1456305722.0,0f01b9c8,0.999
1456305722.0,28ed1025,0.959
1456305722.0,51d953d8,0.929
1456305722.0,f18a39be,0.939
1456305722.0,2ec1e1ad,0.939
1456305722.0,bded4d61,0.979
1456305722.0,21b793b4,0.929
1456305722.0,d0ad460e,0.929
1456305722.0,64a186d2,0.929
1456305722.0,a3827856,0.939
1456305722.0,54ea7147,0.919
1456305722.0,669db224,0.929
1456305722.0,6894d9e7,0.969
1456305722.0,4ca12111,0.989
1456305722.0,ff280add,0.969
1456305722.0,304be57d,0.989
1456305722.0,1e846991,0.979
1456305722.0,debd4594,0.949
1456305722.0,0ed0bca9,0.969
1456305722.0,e0ca8158,0.989
1456305722.0,a6575e4e,0.949
1456305722.0,0d9ac59b,0.949
1456305722.0,24787319,0.989
1456305722.0,d9de1886,0.949
1456305722.0,ed770a27,0.979
1456305722.0,58e3ecab,0.999
1456305722.0,4f0ba2cc,0.989
1456305722.0,bf738133,0.969
1456305722.0,2410740f,0.959
1456305722.0,ec60ed5f,0.969
1456305722.0,9a52a6cd,0.959
1456305722.0,bd9e200b,0.989
1456305722.0,bbf56463,0.949
1456305722.0,1e9c1caa,0.969
1456305722.0,c6dcc020,0.949
1456305722.0,2cd62c9f,0.999
1456305722.0,dd1126e0,0.999
1456305722.0,73e5c32d,0.959
1456305722.0,,0.989
1456305722.0,98cb49b1,0.999
1456305722.0,0e6ac101,0.969
1456305722.0,a66ed93a,0.959
1456305722.0,bb7a74ed,0.999
1456305722.0,7395c363,0.979
1456305722.0,3f84b02f,0.979
1456305722.0,d8de669b,0.989
1456305722.0,6a8da366,0.969
1456305722.0,ddce8cd4,0.959
1456305722.0,0db4d96c,0.959
1456305722.0,9cad2f94,0.989
1456305722.0,a470edc3,0.969
1456305722.0,7840ee28,0.999
1456305722.0,cf6cd137,0.999
1456305722.0,55c76ce6,1.009
1456305722.0,7a018377,0.939
1456305722.0,603c4e8c,0.999
1456305722.0,772a26c5,0.979
1456305722.0,b802ed2f,0.989
1456305722.0,eccadaa3,1.009
1456305722.0,9f7d89ff,0.939
1456305722.0,37427601,0.949
1456305722.0,84cd3ae4,0.999
1456305722.0,67b9bbe5,0.969
1456305722.0,42d76a3c,0.959
1456305722.0,5c2d9a2c,1.029
1456305722.0,5f881538,0.969
1456305722.0,9baa546c,0.979
1456305722.0,2f9dd7f6,0.979
1456305722.0,711d036b,0.959
1456305722.0,84b346b1,0.979
1456305722.0,0eb21c86,0.989
1456305722.0,d0fef588,0.989
1456305722.0,79ec8492,0.929
1456305722.0,7ac5212c,1.009
1456305722.0,99c10f15,1.089
1456305722.0,03cdbd16,1.009
1456305722.0,835f9ec0,0.999
1456305722.0,efd8315d,0.949
1456305722.0,9c044e4f,0.989
1456305722.0,f5b0ba52,0.979
1456305722.0,b3e6c96a,0.919
1456305722.0,8609cc97,0.929
1456305722.0,4da99a4e,0.949
1456305722.0,91d2ac21,0.974
1456305722.0,b4b8fe99,0.959
1456305722.0,65964ff0,0.989
1456305722.0,adb0e3b5,0.969
1456305722.0,21b0fe98,0.989
1456305722.0,77bdf3c5,1.019
1456305722.0,c7316ab3,0.989
1456305722.0,91385da7,1.009
1456305722.0,6e12c790,0.949
1456305722.0,50acf721,0.949
1456305722.0,8801e116,0.949
1456305722.0,f32fed85,0.969
1456305722.0,34b4a600,0.949
1456305722.0,ffaebdb9,0.989
1456305722.0,6d37e962,0.959
1456305722.0,58bc480d,0.984
1456305722.0,219ec5d8,0.999
1456305722.0,b803381b,0.979
1456305722.0,8b1f5a6f,0.949
1456305722.0,f79bb7dd,0.949
1456305722.0,5e363c03,0.969
1456305722.0,82fb994b,0.989
1456305722.0,d2b9e2a3,0.949
1456305722.0,b24e03a5,0.989
1456305722.0,c66eeb5b,0.959
1456305722.0,3dbe97df,1.009
1456305722.0,6b69df8f,0.999
1456305722.0,deb0665c,0.949
1456305722.0,5318f3a8,0.999
1456305722.0,0de2cbad,0.969
1456305722.0,bf87bcf0,0.969
1456305722.0,7f8ae480,1.059
1456305722.0,c2301b5a,0.989
1456305722.0,0d9f89b8,0.979
1456305722.0,e1bc26f0,0.969
1456305722.0,374b5919,0.959
1456305722.0,249c81ea,0.929
1456305722.0,aa9ce53b,0.979
1456305722.0,ffbeb4cc,1.089
1456305722.0,1223090e,0.989
1456305722.0,5ca2e06e,0.939
1456305722.0,8a4f9b54,0.959
1456305722.0,d04dc22d,0.999
1456305722.0,f006b34b,0.969
1456305722.0,3b3dda8f,0.959
1456305722.0,2934dabc,0.939
1456305722.0,3a349054,0.989
1456305722.0,3b561556,0.959
1456305722.0,e946aba1,0.989
1456305722.0,fb589379,1.019
1456305722.0,61da3eca,0.969
1456305722.0,c0b30328,0.989
1456305722.0,1b24bc6c,0.969
1456305722.0,e8716217,0.959
1456305722.0,,0.959
1456305722.0,fcac67a0,0.999
1456305722.0,40db3c7c,0.969
1456305722.0,fca1ea0f,0.969
1456305722.0,a8918363,0.989
1456305722.0,f735a69d,0.969
1456305722.0,ec0f640c,0.999
1456305722.0,89f0cfb7,0.939
1456305722.0,e82ffdb7,0.939
1456305722.0,212fde28,0.969
1456305722.0,63796bb7,0.939
1456305722.0,ab706620,0.949
1456305722.0,e487e118,0.979
1456305722.0,66691780,0.959
1456305722.0,3b988b25,0.929
1456305722.0,772cd349,1.009
1456305722.0,a585805d,0.969
1456305722.0,83c03208,0.969
1456305722.0,3fe74e61,0.959
1456305722.0,fbaf0901,0.949
1456305722.0,daecd82c,0.979
1456305722.0,edf38f90,0.959
1456305722.0,de1eff76,0.969
1456305722.0,0c811233,0.929
1456305722.0,556b6079,0.979
1456305722.0,8700c374,0.949
1456305722.0,d4b5646a,0.979
1456305722.0,245efbad,0.969
1456305722.0,2c716111,0.999
1456305722.0,b6ba34e1,0.939
1456305722.0,82c69685,0.979
1456305722.0,67ffc54d,0.939
1456305722.0,759e3fcc,0.959
1456305722.0,bc29eda7,0.939
1456305722.0,71437915,0.999
1456305722.0,6bf68abb,0.949
1456305722.0,3b746ea0,0.929
1456305722.0,bd03317d,0.959
1456305722.0,12d210d8,0.949
1456305722.0,e0808ce1,0.969
1456305722.0,216f2e30,0.999
1456305722.0,2a99bdaf,0.979
1456305722.0,61508d3c,0.949
1456305722.0,79470901,0.949
1456305722.0,0b7c0786,0.989
1456305722.0,a5f3a822,0.959
1456305722.0,3056759f,0.949
1456305722.0,6d9dcb86,0.969
1456305722.0,a0f3c4eb,0.949
1456305722.0,70ab0b09,0.929
1456305722.0,0c07c233,0.939
1456305722.0,1f6ccf56,0.939
1456305722.0,c687a4a1,0.939
1456305722.0,bd0ac826,0.939
1456305722.0,a656288b,0.959
1456305722.0,658cce02,0.939
1456305722.0,7a781cc2,0.919
1456305722.0,c7a00e1c,0.969
1456305722.0,4e48e1df,0.929
1456305722.0,96ad35a6,0.959
1456305722.0,eb0ad874,0.939
1456305722.0,945202a2,0.959
1456305722.0,32fc4e8c,0.939
1456305722.0,dfd511ab,0.959
1456305722.0,7709f8cb,0.959
1456305722.0,856fe499,0.969
1456305722.0,b0777eff,0.989
1456305722.0,85f12dca,0.939
1456305722.0,ffb71aa8,0.939
1456305722.0,9f37e0a2,0.969
1456305722.0,131b8ba4,0.979
1456305722.0,6a9f527e,0.949
1456305722.0,4a9d5885,0.979
1456305722.0,78c97f05,0.969
1456305722.0,a484c61a,0.969
1456305722.0,6a3c7f9e,1.079
1456305722.0,047946f0,1.079
1456305722.0,85f096bd,0.969
1456305722.0,7f6c5ae2,1.009
1456305722.0,a73bef5e,0.969
1456305722.0,fb17adac,0.979
1456305722.0,97f555af,0.969
1456305722.0,c2400430,0.979
1456305722.0,867ec7f3,0.989
1456305722.0,affe7d62,0.969
1456305722.0,24c052f2,0.989
1456305722.0,cf4759e8,0.979
1456305722.0,d20f8501,0.999
1456305722.0,a1403540,0.959
1456305722.0,1c79df7a,0.939
1456305722.0,33c8c51e,0.959
1456305722.0,60a05f95,0.949
1456305722.0,1c043412,0.949
1456305722.0,782c1225,0.999
1456305722.0,d9b08f78,0.979
1456305722.0,95be41d3,0.939
1456305722.0,34832faa,0.989
1456305722.0,6dda6f67,0.999
1456305722.0,b338177f,0.969
1456305722.0,4734ef79,0.969
1456305722.0,db68109c,0.989
1456305722.0,7e4b74b7,1.009
1456305722.0,75c86f5d,0.939
1456305722.0,eb751c39,0.959
1456305722.0,98624c5c,0.989
1456305722.0,a1eb62eb,0.969
1456305722.0,58d54fd0,0.959
1456305722.0,4f8db0e1,0.979
1456305722.0,10d64a25,0.959
1456305722.0,85a27935,0.939
1456305722.0,0a876636,0.949
1456305722.0,c19f6b7f,0.949
1456305722.0,91e45e6a,0.979
1456305722.0,a8338c14,0.949
1456305722.0,dc639d24,1.099
1456305722.0,4369b2a7,0.959
1456305722.0,83b18a20,0.969
1456305722.0,c558dd18,1.009
1456305722.0,e4b56a05,0.949
1456305722.0,17a1e834,0.989
1456305722.0,0e7a54cf,0.969
1456305722.0,4c24bd23,0.969
1456305722.0,3da2bd95,0.989
1456305722.0,2ee62167,1.009
1456305722.0,1623a484,0.999
1456305722.0,612d4614,0.939
1456305722.0,6bbc54b6,0.999
1456305722.0,fa99c07b,0.989
1456305722.0,d9811c4e,0.989
1456305722.0,2cbd6d3c,0.949
1456305722.0,1fea6f98,0.969
1456305722.0,a9e224de,0.949
1456305722.0,802f8091,0.989
1456305722.0,3c90b73b,0.969
1456305722.0,df6b217b,0.969
1456305722.0,5e11d4e5,0.979
1456305722.0,1c358963,0.949
1456305722.0,0abf9cad,0.969
1456305722.0,c13504fe,0.979
1456305722.0,9ee8e646,0.969
1456305722.0,3b2ce948,0.979
1456305722.0,81ffe4cd,0.959
1456305722.0,81dd5a9d,0.969
1456305722.0,322b4a46,0.959
1456305722.0,6ab5f130,0.984
1456305722.0,25d0b512,0.999
1456305722.0,1dcc8077,0.989
1456305722.0,1d76bf20,0.949
1456305722.0,1db779ce,0.939
1456305722.0,5985a6df,0.969
1456305722.0,7907f8f0,0.939
1456305722.0,f7f4f1c0,0.969
1456305722.0,a1949b24,0.979
1456305722.0,9d2a511e,0.999
1456305722.0,d8c4e623,0.999
1456305722.0,fe29bb22,1.089
1456305722.0,3ad4d1ba,0.999
1456305722.0,7ca6fc38,0.949
1456305722.0,46aaa7b8,0.959
1456305722.0,cdf21700,0.949
1456305722.0,e74e26f5,0.979
1456305722.0,,0.969
1456305722.0,f6c091f9,0.959
1456305722.0,6a5601b8,0.999
1456305722.0,286eacff,0.999
1456305722.0,826ef9e5,0.949
1456305722.0,5fd232c2,0.949
1456305722.0,a83e3faa,0.969
1456305722.0,2b428719,0.949
1456305722.0,6bddc0c9,0.979
1456305722.0,cb8edd06,0.969
1456305722.0,d0b3d48c,0.949
1456305722.0,c4b1a3a1,0.989
1456305722.0,70d7dc75,1.069
1456305722.0,f7fc57ea,0.999
1456305722.0,d07492b4,0.929
1456305722.0,9c1e716a,1.039
1456305722.0,b7a7ee6f,0.979
1456305722.0,b806e359,0.939
1456305722.0,cb409a1c,0.989
1456305722.0,92a7a6a9,0.949
1456305722.0,12dd04fe,0.929
1456305722.0,68480e7b,0.999
1456305722.0,097d5277,0.989
1456305722.0,cf213ad2,0.989
1456305722.0,2c5f3e59,0.929
1456305722.0,fc0599eb,0.984
1456305722.0,d6d4b842,0.959
1456305722.0,80e97677,0.999
1456305722.0,d2c0bc6d,0.999
1456305722.0,3b1d17e6,0.979
1456305722.0,553d46ea,0.969
1456305722.0,87750b0a,0.959
1456305722.0,3bcc58f2,0.989
1456305722.0,,0.959
1456305722.0,74282045,0.989
1456305722.0,538bd786,0.929
1456305722.0,4f97968a,0.959
1456305722.0,2174c3f9,0.969
1456305722.0,99fbfc30,0.969
1456305722.0,aadb880b,0.989
1456305722.0,d33a84e0,0.949
1456305722.0,2d2c9c3f,0.989
1456305722.0,c0fe932e,0.929
1456305722.0,4f913836,0.979
1456305722.0,8c087722,0.949
1456305722.0,776d3e19,0.969
1456305722.0,a1766ee6,1.009
1456305722.0,b1600fca,1.039
1456305722.0,aa42d9a3,0.979
1456305722.0,207c13df,0.989
1456305722.0,168168ee,1.019
1456305722.0,123a41c8,0.979
1456305722.0,dec55aa1,0.959
1456305722.0,d73f85dd,0.959
1456305722.0,9ad11a57,0.979
1456305722.0,39614aa8,0.969
1456305722.0,5c49f018,0.979
1456305722.0,85ae0b90,0.969
1456305722.0,a5c5f4c3,0.939
1456305722.0,f047579e,0.959
1456305722.0,9b835b51,0.939
1456305722.0,c12620e7,0.959
1456305722.0,f68a34f4,0.989
1456305722.0,10ffd5b9,0.979
1456305722.0,2d973990,0.979
1456305722.0,80267da5,1.049
1456305722.0,8c24cc40,0.949
1456305722.0,812f5a36,0.959
1456305722.0,8f4c771c,1.069
1456305722.0,bdd70033,0.949
1456305722.0,b8563039,0.949
1456305722.0,28277250,0.999
1456305722.0,1e78351c,0.979
1456305722.0,9b1003bd,0.919
1456305722.0,1c33ec7e,0.979
1456305722.0,e600cf0f,0.959
1456305722.0,fbd93087,0.959
1456305722.0,fa3092ba,1.019
1456305722.0,856e9b60,1.089
1456305722.0,a32bd6b9,0.929
1456305722.0,8b4986e3,0.959
1456305722.0,da20711a,0.959
1456305722.0,e3c90980,0.939
1456305722.0,74e89a36,0.949
1456305722.0,96c2dcec,0.949
1456305722.0,16a73c7d,0.979
1456305722.0,a5998664,0.989
1456305722.0,1e05521d,0.949
1456305722.0,7cce432f,0.969
1456305722.0,ac5fa96a,0.989
1456305722.0,e9ff4fd7,0.929
1456305722.0,e256d75b,0.979
1456305722.0,bedf720e,0.969
1456305722.0,0afde6c7,0.949
1456305722.0,25a4e3ad,0.949
1456305722.0,3ef0b5d2,0.929
1456305722.0,d361902b,0.969
1456305722.0,20836cd8,1.019
1456305722.0,0980ddb6,1.009
1456305722.0,79d27478,0.959
1456305722.0,7db23301,1.009
1456305722.0,b6c365a0,0.989
1456305722.0,d2ffce1f,0.969
1456305722.0,dca8997b,0.979
1456305722.0,576d4884,0.949
1456305722.0,593279ef,0.969
1456305722.0,e5dd54d4,1.089
1456305722.0,33caf979,0.979
1456305722.0,31c83690,0.959
1456305722.0,22271941,0.939
1456305722.0,e8a25ade,0.979
1456305722.0,,1.009
1456305722.0,a06379c3,0.959
1456305722.0,015ecd27,0.929
1456305722.0,07e5acfb,0.979
1456305722.0,e57877ff,0.969
1456305722.0,7f2cf706,0.949
1456305722.0,c9850105,0.939
1456305722.0,c6343770,0.959
1456305722.0,7e1e9940,0.919
1456305722.0,7c8f8d4d,0.939
1456305722.0,fbd0490f,0.979
1456305722.0,d853e5e4,0.929
1456305722.0,b9535339,0.959
1456305722.0,22ed3351,0.949
1456305722.0,eb7de52f,0.959
1456305722.0,5db56b1d,0.959
1456305722.0,49119bd2,0.949
1456305722.0,2e65af60,0.989
1456305722.0,849ac669,0.999
1456305722.0,1e7aac59,0.999
1456305722.0,b5935794,0.979
1456305722.0,44daa76b,0.969
1456305722.0,ddef27e6,0.989
1456305722.0,6f9eb627,0.964
1456305722.0,1161f67d,0.959
1456305722.0,5ba385a2,1.039
1456305722.0,7d857421,0.949
1456305722.0,a4338625,0.989
1456305722.0,5037ab0b,0.959
1456305722.0,13388a58,0.959
1456305722.0,7fccdc2c,0.979
1456305722.0,4ab47d1a,0.949
1456305722.0,76aa3b14,0.979
1456305722.0,a6fe89c8,1.009
1456305722.0,f7f51e72,0.969
1456305722.0,df7edd4e,0.989
1456305722.0,930998e2,0.989
1456305722.0,ec17af21,0.989
1456305722.0,86dddcca,1.019
1456305722.0,b8fe6383,1.029
1456305722.0,78565e39,0.979
1456305722.0,0c1688de,0.949
1456305722.0,3b38e104,0.959
1456305722.0,d497f4b5,0.949
1456305722.0,cada2616,0.959
1456305722.0,32a9a0e5,0.969
1456305722.0,66ff2f80,0.989
1456305722.0,aa4cdb22,0.979
1456305722.0,bd5bd28e,0.939
1456305722.0,64171ce8,0.949
1456305722.0,69fc95ea,0.969
1456305722.0,9247febd,0.929
1456305722.0,1d6f1deb,0.979
1456305722.0,efdbec8f,0.969
1456305722.0,f29f6270,0.959
1456305722.0,ee74bc99,0.929
1456305722.0,0ac38eb6,0.999
1456305722.0,d472efac,0.949
1456305722.0,2f34dd60,0.959
1456305722.0,94c0e547,0.979
1456305722.0,b4666217,0.969
1456305722.0,3be6fb85,0.949
1456305722.0,f98ff970,0.959
1456305722.0,7144f556,0.959
1456305722.0,2dfe8082,0.949
1456305722.0,7ba64cab,0.939
1456305722.0,0f122625,0.989
1456305722.0,fc486af7,0.989
1456305722.0,,0.979
1456305722.0,09d54524,0.969
1456305722.0,2e474264,0.979
1456305722.0,053f1320,0.949
1456305722.0,f7e10e7b,0.959
1456305722.0,66fb2a79,1.069
1456305722.0,447f2373,0.929
1456305722.0,7b5a8540,0.979
1456305722.0,f8f516ae,0.969
1456305722.0,85b5c3d8,0.959
1456305722.0,dcde1f7c,0.949
1456305722.0,b050d780,0.959
1456305722.0,3f9a7b26,0.979
1456305722.0,82812943,0.959
1456305722.0,5f3a075f,0.939
1456305722.0,198d543d,0.979
1456305722.0,9456d189,0.989
1456305722.0,8577f793,0.929
1456305722.0,6e731ae8,0.969
1456305722.0,f4507b0a,0.989
1456305722.0,4ec9ba2c,0.969
1456305722.0,4465e992,0.989
1456305722.0,cf98a394,0.959
1456305722.0,04a002fa,0.989
1456305722.0,20931f17,0.989
1456305722.0,2ab4115c,0.999
1456305722.0,4eaad293,0.969
1456305722.0,10603241,0.999
1456305722.0,56006177,0.999
1456305722.0,,0.989
1456305722.0,a07d5f54,0.969
1456305722.0,b3011e67,0.989
1456305722.0,4d2f0ccd,1.059
1456305722.0,f8e5ba22,0.959
1456305722.0,24acb441,0.949
1456305722.0,c9faeb03,0.959
1456305722.0,6db0e332,0.949
1456305722.0,30466612,0.959
1456305722.0,a6ab5dd8,0.939
1456305722.0,96a28302,1.089
1456305722.0,b2fe44c9,1.009
1456305722.0,c089a061,0.989
1456305722.0,df8d090e,0.929
1456305722.0,2a00b312,0.959
1456305722.0,b927af62,0.979
1456305722.0,5c4d093f,0.979
1456305722.0,583ed604,0.999
1456305722.0,014078e4,0.989
1456305722.0,ad827347,0.979
1456305722.0,ed57f511,0.949
1456305722.0,2ae6578d,0.969
1456305722.0,7ae317da,0.979
1456305722.0,8de1231e,0.989
1456305722.0,f7a225a7,0.989
1456305722.0,4b3bf40e,0.959
1456305722.0,a35401af,0.989
1456305961.0,c40488f6,0.963
1456305961.0,04e35776,0.989
1456305961.0,f5434e55,0.979
1456305961.0,fbbd6af8,0.929
1456305961.0,acb06eaf,0.969
1456305961.0,e8ce1950,0.969
1456305961.0,396cfed4,0.959
1456305961.0,5666e885,0.979
1456305961.0,982b4a02,0.989
1456305961.0,692e3609,0.959
1456305961.0,4dc57f20,0.979
1456305961.0,a5ca89e4,0.989
1456305961.0,82148954,0.929
1456305961.0,e0d2b4fe,0.999
1456305961.0,6672f80b,1.009
1456305961.0,939e85bc,0.929
1456305961.0,04d64488,0.919
1456305961.0,4b841e5b,0.919
1456305961.0,f822968e,0.959
1456305961.0,2cfa82fa,0.959
1456305961.0,6785e982,1.009
1456305961.0,ff4bec86,0.969
1456305961.0,5881460a,0.919
1456305961.0,81eb1428,0.929
1456305961.0,902bbd1d,0.969
1456305961.0,7e0a33b2,0.979
1456305961.0,5a22f16c,0.929
1456305961.0,6bafd8aa,0.979
1456305961.0,c17b17c8,0.949
1456305961.0,5b042101,0.969
1456305961.0,77b1b0cd,0.949
1456305961.0,51296782,0.959
1456305961.0,f26d37c8,0.969
1456305961.0,a979524c,0.929
1456305961.0,6cfd795c,0.969
1456305961.0,50585854,0.949
1456305961.0,fc64f929,0.989
1456305961.0,48c665d2,0.959
1456305961.0,cf1a869e,0.969
1456305961.0,bf4ccf7b,0.999
1456305961.0,,0.979
1456305961.0,77dec945,0.999
1456305961.0,,0.969
1456305961.0,b1111566,0.979
1456305961.0,ee45ac15,0.979
1456305961.0,ba9bb9e7,0.989
1456305961.0,7dcac0a5,0.939
1456305961.0,0e6ac101,0.959
1456305961.0,3870ca4c,0.969
1456305961.0,6a55f2e9,0.979
1456305961.0,26d466bb,0.959
1456305961.0,0670c33b,0.989
1456305961.0,f6308e2a,0.969
1456305961.0,1815e4b9,0.949
1456305961.0,,0.969
1456305961.0,832073a2,0.939
1456305961.0,68efde5b,0.949
1456305961.0,e53f989c,0.989
1456305961.0,aa5b4d9a,0.979
1456305961.0,9dc599bb,0.929
1456305961.0,64edaf71,0.979
1456305961.0,c25c5571,0.959
1456305961.0,a55049e5,0.989
1456305961.0,1ad0b27a,0.959
1456305961.0,6a79b20f,0.949
1456305961.0,7a53b849,0.949
1456305961.0,8661e539,0.979
1456305961.0,d1b70ad0,0.959
1456305961.0,728dbc4e,0.979
1456305961.0,49a12bf4,0.969
1456305961.0,6f589bf0,0.969
1456305961.0,59446250,0.979
1456305961.0,7027d1cc,0.959
1456305961.0,45b5a310,0.979
1456305961.0,930fbc1c,0.999
1456305961.0,41f7e395,0.969
1456305961.0,2f92fadd,0.979
1456305961.0,df5fc4c4,0.969
1456305961.0,efdf01c1,0.959
1456305961.0,b6387436,0.969
1456305961.0,12fa7f3d,0.999
1456305961.0,92300cd4,0.949
1456305961.0,35822dd5,0.979
1456305961.0,b69db0fc,1.009
1456305961.0,35e9dc97,1.009
1456305961.0,3663fc5c,0.959
1456305961.0,a07f741f,0.999
1456305961.0,b7281837,0.999
1456305961.0,89756dbc,0.989
1456305961.0,f601405f,0.969
1456305961.0,b3a96696,0.949
1456305961.0,944eaea5,0.979
1456305961.0,51885ea3,0.939
1456305961.0,6e97a289,0.979
1456305961.0,916aaf2f,0.959
1456305961.0,12aba19d,1.039
1456305961.0,ff894f80,1.009
1456305961.0,1efc20ca,0.959
1456305961.0,27b29fcc,0.959
1456305961.0,d5e3ccf5,0.969
1456305961.0,7a760845,0.959
1456305961.0,6d6ba0fc,0.979
1456305961.0,40eead28,0.949
1456305961.0,4724644a,0.959
1456305961.0,5e2800be,0.959
1456305961.0,871acdd2,0.979
1456305961.0,5559a0b4,0.969
1456305961.0,7fc3def3,0.979
1456305961.0,da6302b3,0.949
1456305961.0,33e1917c,0.979
1456305961.0,806bbb49,0.959
1456305961.0,,0.969
1456305961.0,bb4f2dca,0.959
1456305961.0,fdfab0b9,0.969
1456305961.0,05b48929,0.979
1456305961.0,73b32664,0.969
1456305961.0,,0.994
1456305961.0,70bc5eff,0.959
1456305961.0,b0be9751,0.919
1456305961.0,7674ea9d,0.969
1456305961.0,5cec73e9,0.949
1456305961.0,211adcfd,0.959
1456305961.0,f54d187e,0.959
1456305961.0,38f800d8,0.929
1456305961.0,ab23cef1,0.979
1456305961.0,aa930a31,0.929
1456305961.0,d28733f8,0.989
1456305961.0,ee24a3c9,0.979
1456305961.0,727a279d,0.989
1456305961.0,055d27b8,0.959
1456305961.0,b387d3fa,0.949
1456305961.0,a7a6c781,0.949
1456305961.0,0bf8686a,1.019
1456305961.0,7e16c19d,0.999
1456305961.0,cdf74228,0.959
1456305961.0,d21a57fd,0.959
1456305961.0,24ee36a0,0.969
1456305961.0,391179ed,0.979
1456305961.0,486e56d0,0.949
1456305961.0,5aaeb8a3,1.019
1456305961.0,cca85b57,1.019
1456305961.0,cd36fb24,0.989
1456305961.0,ee5d8408,0.989
1456305961.0,094c7293,0.999
1456305961.0,32fde081,1.019
1456305961.0,100339eb,0.949
1456305961.0,,0.979
1456305961.0,f96059fa,0.969
1456305961.0,2397b3e4,0.979
1456305961.0,cac2d933,0.949
1456305961.0,d02c3a0e,0.979
1456305961.0,00daa2b4,0.949
1456305961.0,14e91513,0.999
1456305961.0,,0.999
1456305961.0,1df8493a,0.979
1456305961.0,1cc41339,0.919
1456305961.0,88d7ccee,0.979
1456305961.0,a35aac09,0.959
1456305961.0,3bee1311,0.999
1456305961.0,877e2550,0.989
1456305961.0,2e25253e,0.999
1456305961.0,a4b11e87,0.969
1456305961.0,2ed18a58,0.959
1456305961.0,7bd23993,0.949
1456305961.0,6256f51b,1.019
1456305961.0,7e7b7769,0.959
1456305961.0,11e04c6a,0.979
1456305961.0,cd3a9dfc,0.979
1456305961.0,672a9d1c,0.959
1456305961.0,c0ccdcc4,0.969
1456305961.0,023c4d8c,0.919
1456305961.0,83e564c6,1.009
1456305961.0,7fb54fbf,0.949
1456305961.0,8e940b00,0.969
1456305961.0,85a2d988,0.969
1456305961.0,b1eebb11,0.959
1456305961.0,033a9760,0.959
1456305961.0,dcab2d5d,0.939
1456305961.0,69539d07,0.939
1456305961.0,457e579e,0.988
1456305961.0,ce519ed4,0.979
1456305961.0,38cc0cb5,0.949
1456305961.0,ceb2372e,0.959
1456305961.0,4c1bb47a,0.959
1456305961.0,40f78b64,1.019
1456305961.0,ddb691b0,0.939
1456305961.0,a2459543,0.999
1456305961.0,91b891b8,0.979
1456305961.0,a9ad29e3,0.969
1456305961.0,1557ee20,0.979
1456305961.0,94fba20b,1.009
1456305961.0,71afe6ef,0.999
1456305961.0,ce73fb63,0.939
1456305961.0,ed23637d,0.949
1456305961.0,17b2ffe6,0.989
1456305961.0,fdf7f420,0.979
1456305961.0,ec9c7652,0.939
1456305961.0,f2b7e0d3,0.969
1456305961.0,3ceb9aae,0.959
1456305961.0,bc0ec46f,0.969
1456305961.0,312c3ed5,0.969
1456305961.0,1f1e2904,0.949
1456305961.0,42d0c2aa,1.009
1456305961.0,b75d9830,0.949
1456305961.0,7f03066f,0.949
1456305961.0,4d7be304,0.949
1456305961.0,4721b010,0.969
1456305961.0,c10bd90f,0.989
1456305961.0,cec51495,0.969
1456305961.0,f59b1222,0.989
1456305961.0,a65d4e81,0.939
1456305961.0,14e4cad9,0.989
1456305961.0,e5658344,0.969
1456305961.0,4f7c5e0a,0.989
1456305961.0,1553efff,0.989
1456305961.0,e9d5d1a1,0.939
1456305961.0,287fc858,0.979
1456305961.0,c985912f,0.989
1456305961.0,30da56b7,0.959
1456305961.0,ab49a3d7,0.939
1456305961.0,335765fb,0.979
1456305961.0,fbb2872c,0.969
1456305961.0,9ad11a57,0.969
1456305961.0,ab22dac4,0.989
1456305961.0,02bea987,0.959
1456305961.0,,0.979
1456305961.0,fd921c70,0.959
1456305961.0,754da3ab,1.019
1456305961.0,4270cadf,1.029
1456305961.0,0f155e0a,0.959
1456305961.0,,0.969
1456305961.0,0af09136,0.969
1456305961.0,a9061770,0.959
1456305961.0,f2054fb8,1.009
1456305961.0,b87b1fe6,1.009
1456305961.0,b0cbad3f,0.979
1456305961.0,8325fe97,0.979
1456305961.0,9b1003bd,0.919
1456305961.0,,0.939
1456305961.0,d9de4b56,0.999
1456305961.0,54ad26b8,0.979
1456305961.0,551c6932,0.989
1456305961.0,aa5647b4,0.969
1456305961.0,58cb2ae4,0.939
1456305961.0,6bd74eed,1.009
1456305961.0,05b24372,0.959
1456305961.0,d18dd289,0.959
1456305961.0,,0.949
1456305961.0,7c912d45,0.979
1456305961.0,0e7f8607,1.019
1456305961.0,c6f8f2a3,0.969
1456305961.0,f4f5e1d8,0.969
1456305961.0,9de40edf,0.969
1456305961.0,7653cc6a,0.969
1456305961.0,41b2d714,1.009
1456305961.0,bfce3f9b,0.939
1456305961.0,9b127d1f,0.969
1456305961.0,54f751e5,0.969
1456305961.0,8f6ac169,0.989
1456305961.0,142ed653,1.009
1456305961.0,9e184682,0.969
1456305961.0,af6c3817,0.979
1456305961.0,60acc87b,0.989
1456305961.0,092457e4,0.979
1456305961.0,30a98c10,0.939
1456305961.0,38a55267,0.969
1456305961.0,2d7644af,0.909
1456305961.0,783b97cc,0.949
1456305961.0,e3fcda3f,0.979
1456305961.0,7487945f,0.939
1456305961.0,7a9373b8,0.959
1456305961.0,932359af,0.949
1456305961.0,c3cd9932,0.949
1456305961.0,c35029f0,0.999
1456305961.0,24398b7a,0.959
1456305961.0,0e7628ed,0.979
1456305961.0,8e5758d4,0.959
1456305961.0,895b2c3d,0.969
1456305961.0,4046b6ba,0.979
1456305961.0,6c1e7a7a,1.009
1456305961.0,c8b54491,0.959
1456305961.0,3f2c1a7b,0.949
1456305961.0,2b74716f,0.939
1456305961.0,a373cdfc,0.959
1456305961.0,2f54d4c9,0.929
1456305961.0,e146d88a,0.969
1456305961.0,bcab79d7,0.949
1456305961.0,a02da48f,0.979
1456305961.0,3b68a541,0.959
1456305961.0,0ac38eb6,0.949
1456305961.0,2a684001,0.959
1456305961.0,6fb50287,0.969
1456305961.0,013f9d06,0.979
1456305961.0,5bf5fced,0.969
1456305961.0,76a02736,0.979
1456305961.0,bba9fe67,0.919
1456305961.0,f6955150,0.979
1456305961.0,677b8f35,0.919
1456305961.0,332ba2e4,0.939
1456305961.0,c08ff843,0.959
1456305961.0,f6936d02,0.979
1456305961.0,baff6152,0.969
1456305961.0,69964900,0.989
1456305961.0,b5897439,0.959
1456305961.0,e2825c07,0.969
1456305961.0,4349fbc3,0.969
1456305961.0,f33d10dd,0.969
1456305961.0,8f697f0a,0.949
1456305961.0,b4c63b76,0.939
1456305961.0,74adc87d,0.949
1456305961.0,887a8518,0.959
1456305961.0,5b1a63ab,0.979
1456305961.0,9b50c0c7,0.939
1456305961.0,6c2fb45c,0.959
1456305961.0,10fa0582,0.949
1456305961.0,6bca438d,0.999
1456305961.0,6334f8a6,0.989
1456305961.0,f2be6718,0.939
1456305961.0,049b2af8,0.979
1456305961.0,7406d60c,0.999
1456305961.0,b9b3ea8d,0.979
1456305961.0,b0043b5a,0.989
1456305961.0,794d6351,0.989
1456305961.0,1d5839f0,0.989
1456305961.0,360e9fbc,1.009
1456305961.0,4fe4aa3c,0.959
1456305961.0,7680fb35,0.999
1456305961.0,46c0cc5b,0.939
1456305961.0,8ca3a1ef,1.039
1456305961.0,ed46fdb9,0.939
1456306201.0,6c5a28c6,0.959
1456306201.0,9a2cf8fa,0.979
1456306201.0,2fbb9c5a,0.959
1456306201.0,c2bef439,0.959
1456306201.0,0d102e85,0.939
1456306201.0,396cfed4,0.939
1456306201.0,53bdc202,0.939
1456306201.0,d355e704,0.949
1456306201.0,e624a815,0.919
1456306201.0,a6e1038f,0.939
1456306201.0,107383fd,0.929
1456306201.0,8626815a,0.929
1456306201.0,e2851b26,0.949
1456306201.0,6d6576d8,1.009
1456306201.0,b51f0a61,0.979
1456306201.0,1b611c60,0.979
1456306201.0,bc09577c,0.929
1456306201.0,9a11b9a9,0.959
1456306201.0,abb42d56,0.939
1456306201.0,7715f72c,1.009
1456306201.0,c77b8785,0.939
1456306201.0,69152a7b,0.919
1456306201.0,317e0347,0.929
1456306201.0,739b04c0,0.919
1456306201.0,05bcda3c,0.919
1456306201.0,a7983bc2,0.929
1456306201.0,72d94c9d,0.989
1456306201.0,37907db5,0.959
1456306201.0,7b247260,0.909
1456306201.0,74eff60f,0.969
1456306201.0,aacc4471,0.939
1456306201.0,54f6175e,0.949
1456306201.0,8e820c9b,0.949
1456306201.0,4a243585,0.939
1456306201.0,3ee07cac,1.009
1456306201.0,720d6cbc,0.979
1456306201.0,74b270e2,0.969
1456306201.0,1bfa0edf,0.979
1456306201.0,70dce2c3,0.939
1456306201.0,33c885cc,0.929
1456306201.0,01574e74,0.989
1456306201.0,33d56fd4,0.949
1456306201.0,a1de4c4f,0.989
1456306201.0,bd4fc874,0.979
1456306201.0,9423afb9,0.969
1456306201.0,0375f449,0.949
1456306201.0,f09b1121,0.939
1456306201.0,52f801fe,0.969
1456306201.0,ce331290,0.959
1456306201.0,6df2a6aa,0.989
1456306201.0,4f5b6b22,0.939
1456306201.0,48ee050c,0.989
1456306201.0,31105aa7,0.999
1456306201.0,91272114,0.939
1456306201.0,c63ba8fa,0.959
1456306201.0,2628e12f,0.999
1456306201.0,515a767d,0.969
1456306201.0,631ddb8a,0.929
1456306201.0,95321d2a,0.939
1456306201.0,c952f3ae,0.989
1456306201.0,dc8781a2,0.989
1456306201.0,bedbc8dd,0.969
1456306201.0,3fc9a04c,0.939
1456306201.0,faddd104,0.949
1456306201.0,406de9bb,0.939
1456306201.0,f6746552,0.969
1456306201.0,5a8fcce2,0.979
1456306201.0,c20260d6,0.979
1456306201.0,75cdd5eb,0.979
1456306201.0,9e990cfe,0.929
1456306201.0,2195c038,0.959
1456306201.0,208f7301,0.969
1456306201.0,2fe20e60,0.979
1456306201.0,459eef9d,0.959
1456306201.0,26d3d3cd,0.959
1456306201.0,aee6d168,0.999
1456306201.0,ff8d71cb,0.949
1456306201.0,5c22ef82,0.969
1456306201.0,b5e248eb,0.929
1456306201.0,e50a3733,0.969
1456306201.0,59446250,0.969
1456306201.0,d2f8a338,0.959
1456306201.0,be95bdc3,0.939
1456306201.0,fdd7a859,0.969
1456306201.0,a8ab206a,0.949
1456306201.0,ec4683cf,0.999
1456306201.0,20330ee3,0.939
1456306201.0,7bdf8f15,0.979
1456306201.0,815252d2,0.949
1456306201.0,e1f35c29,0.959
1456306201.0,c4b30834,0.959
1456306201.0,265fe46d,0.929
1456306201.0,0c18ba5f,0.929
1456306201.0,1357de7e,0.979
1456306201.0,03199c21,0.979
1456306201.0,3580f1ac,0.989
1456306201.0,3589a5bc,0.969
1456306201.0,1d3d3ee8,0.959
1456306201.0,41d7fd8c,0.939
1456306201.0,4cd27bd4,0.959
1456306201.0,645b2898,0.949
1456306201.0,39b32a77,0.939
1456306201.0,27613fe7,0.999
1456306201.0,1105f74e,0.999
1456306201.0,236e2f71,0.979
1456306201.0,7da0a752,0.999
1456306201.0,cadf2d6d,0.969
1456306201.0,fd92c61e,0.969
1456306201.0,899f46c2,0.939
1456306201.0,22103849,0.949
1456306201.0,c9cc0c6b,0.949
1456306201.0,6e05b79b,0.959
1456306201.0,4abd2f17,0.969
1456306201.0,028c59d7,0.959
1456306201.0,2ff0d839,0.939
1456306201.0,de18aa7d,0.969
1456306201.0,2b30a775,0.939
1456306201.0,c4799ced,0.969
1456306201.0,410d90fe,0.999
1456306201.0,1548bd57,0.959
1456306201.0,da6302b3,0.959
1456306201.0,68be5dbf,1.009
1456306201.0,58419a90,0.979
1456306201.0,216b96ab,0.969
1456306201.0,c7e1e757,0.939
1456306201.0,65b329e2,1.019
1456306201.0,5018e554,0.929
1456306201.0,dde1b45b,0.979
1456306201.0,283d3a46,0.949
1456306201.0,5b996d76,0.919
1456306201.0,980707a9,0.949
1456306201.0,197e1542,0.929
1456306201.0,4442e246,0.949
1456306201.0,89a0ee54,0.939
1456306201.0,1eb0d0e5,0.969
1456306201.0,83439be0,0.949
1456306201.0,23dfefb8,0.969
1456306201.0,e2914261,0.979
1456306201.0,077be4df,0.969
1456306201.0,b2f68bd2,0.969
1456306201.0,563059fb,0.969
1456306201.0,5740ab7b,0.949
1456306201.0,daae63c8,0.969
1456306201.0,292f3ea8,0.979
1456306201.0,c0d663b4,0.989
1456306201.0,8aa5540e,1.019
1456306201.0,aabcd7eb,0.989
1456306201.0,22bf0e3c,0.989
1456306201.0,5e79f556,0.949
1456306201.0,e9b4f3f5,0.939
1456306201.0,9086a5b2,0.979
1456306201.0,0df7c170,0.959
1456306201.0,8cdff641,0.949
1456306201.0,e7a0ae36,0.999
1456306201.0,9581fe81,0.969
1456306201.0,35c4d397,0.959
1456306201.0,6af75028,1.029
1456306201.0,6027b071,0.959
1456306201.0,094c7293,0.0
1456306201.0,642a4242,0.939
1456306201.0,b71b2d23,0.959
1456306201.0,9d62bf3b,0.959
1456306201.0,662b7063,0.959
1456306201.0,62bff896,0.979
1456306201.0,74903af4,0.969
1456306201.0,100b6cf2,0.969
1456306201.0,44bf3174,0.949
1456306201.0,9b0e4618,0.959
1456306201.0,32065a23,0.959
1456306201.0,b0599356,0.999
1456306201.0,a24bfa50,0.959
1456306201.0,eebe0685,0.959
1456306201.0,d19b61da,0.959
1456306201.0,3f9273de,0.969
1456306201.0,e4de6238,1.019
1456306201.0,6e565eb4,0.959
1456306201.0,c30f5865,0.949
1456306201.0,56ca8f0b,0.989
1456306201.0,051e5f5f,0.979
1456306201.0,8a128851,0.969
1456306201.0,15b53516,0.949
1456306201.0,c288a0c4,0.939
1456306201.0,fbcaa7f6,0.979
1456306201.0,8654a022,0.949
1456306201.0,fb2e36a4,0.979
1456306201.0,ef6a4ea8,1.059
1456306201.0,e181d5d0,0.969
1456306201.0,322b4a46,0.949
1456306201.0,15b8b7e7,0.959
1456306201.0,457e579e,0.978
1456306201.0,181dcd43,0.969
1456306201.0,5a5bd833,0.949
1456306201.0,26ae107e,0.939
1456306201.0,6321db63,0.969
1456306201.0,fb54832a,0.989
1456306201.0,602ec85f,0.979
1456306201.0,19b72b96,0.969
1456306201.0,0cd37e1e,0.949
1456306201.0,e30bdaa0,1.069
1456306201.0,3b6590c2,0.949
1456306201.0,6c0bfd68,0.989
1456306201.0,68c15014,0.939
1456306201.0,26058f82,0.979
1456306201.0,bf861b98,0.979
1456306201.0,2660a5d2,0.959
1456306201.0,9ca777a2,0.989
1456306201.0,11fd2741,0.949
1456306201.0,9bccabe6,0.959
1456306201.0,,1.009
1456306201.0,a260f4a5,0.959
1456306201.0,2d3b31c3,0.919
1456306201.0,b70f82b5,0.979
1456306201.0,add1235c,1.029
1456306201.0,cf213ad2,0.989
1456306201.0,fd278e66,0.959
1456306201.0,5effda31,0.959
1456306201.0,a0bdc489,0.969
1456306201.0,dd700b9a,0.979
1456306201.0,a093cd4b,0.949
1456306201.0,d4b2d77f,0.959
1456306201.0,3183a48d,0.959
1456306201.0,03b3aa33,0.939
1456306201.0,919fe547,0.959
1456306201.0,e466a86a,0.979
1456306201.0,efb267f7,0.999
1456306201.0,ea01675f,0.939
1456306201.0,9f652a92,0.959
1456306201.0,59635b5d,0.969
1456306201.0,af2f9310,0.959
1456306201.0,47196a5d,1.029
1456306201.0,9354b0fc,0.969
1456306201.0,93aae403,0.959
1456306201.0,ece6b02f,1.009
1456306201.0,6169c430,0.989
1456306201.0,0daf2906,0.949
1456306201.0,2e3a283a,0.939
1456306201.0,b43aab28,0.979
1456306201.0,038e6a0c,0.949
1456306201.0,e2cdf18c,0.989
1456306201.0,4687563d,0.959
1456306201.0,21362c5e,0.949
1456306201.0,1555e8c5,0.979
1456306201.0,5e64662a,1.009
1456306201.0,1872a79b,0.979
1456306201.0,c704c346,0.959
1456306201.0,5fd380ef,1.009
1456306201.0,bc4f26f3,0.969
1456306201.0,6577b47a,0.939
1456306201.0,2d973990,0.979
1456306201.0,63a8e437,0.949
1456306201.0,1fa4b26a,0.989
1456306201.0,6465956f,0.919
1456306201.0,beaae59a,0.979
1456306201.0,9d9f1db2,0.959
1456306201.0,bd4bb0e4,0.999
1456306201.0,691d5ce3,0.969
1456306201.0,6357dca2,0.969
1456306201.0,881dfc32,0.929
1456306201.0,3a2ce890,0.969
1456306201.0,40271791,0.979
1456306201.0,bdd46409,0.979
1456306201.0,779d347d,0.969
1456306201.0,a5ce2de1,0.999
1456306201.0,e291397b,0.979
1456306201.0,8ccf4a30,0.999
1456306201.0,bfadc236,1.019
1456306201.0,8c225212,0.999
1456306201.0,54ad26b8,0.969
1456306201.0,ddaa5083,0.959
1456306201.0,1fdc64f7,0.949
1456306201.0,b2c4b0c2,0.979
1456306201.0,c98acfc1,0.979
1456306201.0,d5b64c05,0.989
1456306201.0,0cef0607,0.939
1456306201.0,f2ef7300,0.979
1456306201.0,1ee7bf79,0.969
1456306201.0,3c7c43a2,0.979
1456306201.0,65bf913d,0.989
1456306201.0,ae934bd5,0.989
1456306201.0,b636f504,0.949
1456306201.0,83f13659,1.029
1456306201.0,0ccf9d49,0.949
1456306201.0,777eab33,0.949
1456306201.0,5b7c410e,0.939
1456306201.0,e532f970,0.989
1456306201.0,7387afcd,0.959
1456306201.0,e8b2cb64,0.949
1456306201.0,b4154d71,1.009
1456306201.0,84558d7a,0.969
1456306201.0,ef6a4535,0.939
1456306201.0,3506918b,0.959
1456306201.0,71afb3c0,0.939
1456306201.0,0022ec87,0.939
1456306201.0,26e74126,0.0
1456306201.0,6b867ae3,0.949
1456306201.0,1948ba16,0.949
1456306201.0,4ab9094d,0.989
1456306201.0,1d65a34f,0.959
1456306201.0,5dcd5582,0.949
1456306201.0,05878847,0.989
1456306201.0,1717d8ca,0.979
1456306201.0,e89c4d58,0.979
1456306201.0,8d433ec5,0.929
1456306201.0,8e0ce406,0.969
1456306201.0,4829f4f6,0.989
1456306201.0,3a9a5bc8,0.939
1456306201.0,fa2e9d72,1.009
1456306201.0,c54c18c9,0.959
1456306201.0,74775b0d,0.999
1456306201.0,ac394be0,0.939
1456306201.0,ed0f06c1,0.979
1456306201.0,069e66bc,0.939
1456306201.0,860c7ffb,0.939
1456306201.0,1543d9a2,0.959
1456306201.0,08e9a69f,0.949
1456306201.0,7af3790e,0.939
1456306201.0,97c7cfca,0.969
1456306201.0,dd329a1e,0.999
1456306201.0,7fccdc2c,0.979
1456306201.0,f9e89c40,0.929
1456306201.0,90b15783,0.989
1456306201.0,,0.939
1456306201.0,152983d0,0.959
1456306201.0,2ee8e08d,0.949
1456306201.0,ea0a7462,0.979
1456306201.0,bda7134d,0.929
1456306201.0,fc8f41b2,0.939
1456306201.0,fbe424bb,0.949
1456306201.0,ac6ccf5d,0.949
1456306201.0,e0e02d9a,0.949
1456306201.0,f856d6e0,0.969
1456306201.0,5bb24e91,0.959
1456306201.0,3cb9cc00,0.939
1456306201.0,7f1371b6,0.949
1456306201.0,758e532b,0.949
1456306201.0,2d4a2d35,0.929
1456306201.0,abc596af,0.969
1456306201.0,d96c180b,0.959
1456306201.0,20338fa9,0.969
1456306201.0,db21940b,0.949
1456306201.0,abd4db7e,0.929
1456306201.0,0aedc373,0.989
1456306201.0,512f32d1,0.939
1456306201.0,0a0b5f30,0.939
1456306201.0,97e8ac48,0.949
1456306201.0,6117cbac,0.939
1456306201.0,4c39660b,0.939
1456306201.0,3ea2f9db,0.979
1456306201.0,baba3913,0.999
1456306201.0,548901d6,0.999
1456306201.0,3f433cee,0.949
1456306201.0,b7acce06,0.949
1456306201.0,1bce0e67,0.939
1456306201.0,238f3319,0.939
1456306201.0,1f311bb3,0.919
1456306201.0,0ee7204e,0.939
1456306201.0,3c9479d6,0.949
1456306201.0,bf694984,0.949
1456306201.0,46ad9f53,0.929
1456306201.0,,0.949
1456306201.0,72054327,0.969
1456306201.0,1d4a06c1,0.989
1456306201.0,c1f19463,1.009
1456306201.0,69877eac,0.949
1456306201.0,db680fc7,0.969
1456306201.0,f36f4393,0.969
1456306201.0,19e2bcd9,0.959
1456306201.0,606d52e3,0.969
1456306201.0,9cc2158c,0.979
1456306201.0,52bd7863,0.979
1456306201.0,7f40cac3,0.969
1456306201.0,bd3093f4,0.939
1456306201.0,cdddf39e,0.969
1456306201.0,,0.989
1456306201.0,9e1d1354,0.979
1456306201.0,c7df12d5,0.989
1456306201.0,9987c547,0.979
1456306201.0,7475385b,0.989
1456306201.0,b3011e67,0.939
1456306201.0,0d0459d7,1.039
1456306201.0,66444795,0.979
1456306201.0,33358700,0.959
1456306201.0,6222a80d,0.959
1456306201.0,4e43cf44,0.979
1456306201.0,5800eb70,0.984
1456306201.0,ecb99613,0.979
1456306201.0,f8abf94c,0.939
1456306201.0,49fa1beb,0.939
1456306201.0,096893a3,0.969
1456306201.0,5c7976a7,1.009
1456306201.0,6c11a054,0.969
1456306201.0,ee9738ce,0.949
1456306201.0,ddb4781d,0.949
1456306201.0,6bbd3dc3,0.979
1456306201.0,6d97a497,1.009
1456306201.0,9f9d06bd,0.994
1456306201.0,c26e2bbb,0.929
1456306201.0,14efadf9,0.949
1456306201.0,f1f120d5,0.949
1456306441.0,e9e52190,0.939
1456306441.0,5215269b,0.959
1456306441.0,0f01b9c8,0.989
1456306441.0,28350f69,0.939
1456306441.0,e5abf377,0.969
1456306441.0,59c2e6d6,0.939
1456306441.0,131f0b17,0.959
1456306441.0,35cce7bf,0.969
1456306441.0,4af328a9,0.929
1456306441.0,1962a412,0.929
1456306441.0,dfe43ff9,0.919
1456306441.0,d53e3a60,0.909
1456306441.0,9e687000,0.959
1456306441.0,e9776f5d,0.959
1456306441.0,735f3dba,0.969
1456306441.0,19838731,0.949
1456306441.0,440eff71,0.949
1456306441.0,d109e19e,0.979
1456306441.0,843c0434,0.969
1456306441.0,0622e30b,0.989
1456306441.0,6e66567c,0.959
1456306441.0,37649bcc,0.949
1456306441.0,d4bbb0ba,0.919
1456306441.0,a93143e5,0.969
1456306441.0,c928ed36,0.909
1456306441.0,a75efbf5,0.959
1456306441.0,354d360a,0.959
1456306441.0,9c8152bc,0.959
1456306441.0,58dfb803,0.989
1456306441.0,59e24118,0.989
1456306441.0,0a8d1b89,0.949
1456306441.0,549a242e,0.979
1456306441.0,4a262cc4,0.959
1456306441.0,911d9371,0.979
1456306441.0,bcace6fa,0.999
1456306441.0,4cee5beb,0.959
1456306441.0,5426515a,0.999
1456306441.0,cb17fa8d,0.969
1456306441.0,1d2b410a,0.989
1456306441.0,30029614,0.989
1456306441.0,c6d2e518,0.959
1456306441.0,472cc7af,0.949
1456306441.0,dd239a42,0.979
1456306441.0,c74b9c21,0.949
1456306441.0,630f5fa3,0.979
1456306441.0,dcbfbcf3,0.959
1456306441.0,9a0afbbb,0.959
1456306441.0,c9b6490b,0.999
1456306441.0,824f7fcf,0.939
1456306441.0,0a1259e1,0.989
1456306441.0,234c6f7e,0.959
1456306441.0,02f94ae2,0.989
1456306441.0,012cf605,0.949
1456306441.0,df7fa5fe,0.929
1456306441.0,be6a8603,0.979
1456306441.0,557d2fc5,0.989
1456306441.0,ed5d2ad9,0.969
1456306441.0,493bde6c,0.969
1456306441.0,c94cdc6e,0.989
1456306441.0,13d407e0,0.949
1456306441.0,7e3ce0ca,0.959
1456306441.0,2b390ecb,0.959
1456306441.0,84b4d9e4,1.019
1456306441.0,f53a8f17,0.989
1456306441.0,6598cfb9,0.959
1456306441.0,ac3c5f1a,0.979
1456306441.0,0334f503,0.969
1456306441.0,912d452f,0.949
1456306441.0,eb0a0090,0.949
1456306441.0,a38344c9,0.949
1456306441.0,3cb139bc,0.999
1456306441.0,c8c692b0,1.009
1456306441.0,04364ad2,0.959
1456306441.0,41618289,0.999
1456306441.0,e827975b,0.969
1456306441.0,453bb6b1,1.009
1456306441.0,b787856a,0.979
1456306441.0,4bc4b71f,0.949
1456306441.0,1db561d0,1.009
1456306441.0,4b06da23,0.969
1456306441.0,2861d5a0,0.949
1456306441.0,980060a7,0.999
1456306441.0,763190d4,0.999
1456306441.0,b37f9c11,0.989
1456306441.0,3c6b3035,0.939
1456306441.0,f8e15df3,0.969
1456306441.0,9969f9df,0.969
1456306441.0,c1526cfd,0.949
1456306441.0,c4d4fdc6,0.989
1456306441.0,6148f9f1,0.979
1456306441.0,7f667b18,0.929
1456306441.0,aa57fbe1,0.969
1456306441.0,d84e5b34,0.939
1456306441.0,47dc373a,0.989
1456306441.0,92a71bb7,0.989
1456306441.0,521a2127,0.959
1456306441.0,cc29c87a,0.934
1456306441.0,3a85d29b,0.969
1456306441.0,dbce00b6,0.979
1456306441.0,b00dd683,0.999
1456306441.0,8a4d8b45,0.969
1456306441.0,bd469a6d,0.979
1456306441.0,3cbc3531,0.999
1456306441.0,45dd43b7,0.969
1456306441.0,45427090,0.989
1456306441.0,623e9424,0.969
1456306441.0,98f1e355,0.979
1456306441.0,1ef6f99b,0.989
1456306441.0,dca009fd,0.948
1456306441.0,948a8512,0.999
1456306441.0,5aede176,0.979
1456306441.0,fd70cdfd,0.969
1456306441.0,b69db0fc,1.009
1456306441.0,3dbf1358,1.019
1456306441.0,6881e83e,0.999
1456306441.0,ad338ffc,0.999
1456306441.0,3ca3cce3,0.969
1456306441.0,261be2f5,1.009
1456306441.0,4586c365,0.989
1456306441.0,71d4dca2,0.969
1456306441.0,1cb7429a,0.999
1456306441.0,4fbb3ab4,1.129
1456306441.0,adf7bc54,0.969
1456306441.0,,1.009
1456306441.0,97738c26,0.989
1456306441.0,c5931a7d,0.999
1456306441.0,87f30cbe,0.999
1456306441.0,ee84886f,0.989
1456306441.0,4a978308,0.989
1456306441.0,,1.009
1456306441.0,c290b93a,0.929
1456306441.0,fc76fd7c,0.949
1456306441.0,d1008b23,0.989
1456306441.0,ab01d0f4,0.949
1456306441.0,7391a07f,0.969
1456306441.0,9d5d8b0d,0.969
1456306441.0,b553e369,0.949
1456306441.0,61a8a961,0.979
1456306441.0,95712e33,1.009
1456306441.0,ef3c7f93,0.954
1456306441.0,b6553c9c,0.999
1456306441.0,29bd5a9a,0.929
1456306441.0,2203788b,0.969
1456306441.0,829de252,0.969
1456306441.0,b6de77a6,0.979
1456306441.0,34c26d04,1.009
1456306441.0,b6f82f10,0.969
1456306441.0,74e674a6,0.979
1456306441.0,f96eb228,0.969
1456306441.0,f8c4c5f6,0.969
1456306441.0,466c174a,0.989
1456306441.0,f4507e0e,0.939
1456306441.0,f7bef751,1.009
1456306441.0,2d9b1245,0.999
1456306441.0,1f23d8f2,0.979
1456306441.0,03719a0b,0.979
1456306441.0,9f3e7014,0.999
1456306441.0,0fdbf750,0.969
1456306441.0,9d98dcbb,0.999
1456306441.0,073b7de4,1.009
1456306441.0,7c4e6cc9,0.929
1456306441.0,1e041b07,0.949
1456306441.0,703564df,0.939
1456306441.0,67c6aa2e,0.919
1456306441.0,d921f4ce,0.949
1456306441.0,59698c83,0.969
1456306441.0,a7f61984,0.979
1456306441.0,3d592311,0.949
1456306441.0,4a6264de,0.969
1456306441.0,cd0b941e,0.959
1456306441.0,4141a0aa,0.919
1456306441.0,2ab02348,0.929
1456306441.0,253ddd10,0.919
1456306441.0,2b8e75ca,0.949
1456306441.0,b6774f71,0.969
1456306441.0,,0.959
1456306441.0,22bbd2e9,0.939
1456306441.0,72615718,0.979
1456306441.0,83c02c47,0.959
1456306441.0,ab6aed65,0.989
1456306441.0,8b2b7d79,0.949
1456306441.0,96a5f54a,0.969
1456306441.0,fee64542,0.929
1456306441.0,67fb32f7,0.989
1456306441.0,ad269c98,0.979
1456306441.0,b2b56b82,1.009
1456306441.0,7636eabf,0.939
1456306441.0,25e78288,0.969
1456306441.0,3b9fb083,0.999
1456306441.0,99b5b897,0.989
1456306441.0,dbc1bba3,0.939
1456306441.0,56c42334,0.939
1456306441.0,467edc58,0.969
1456306441.0,0cdf8545,0.959
1456306441.0,bb39a843,0.939
1456306441.0,657861bc,0.959
1456306441.0,801ccbc6,0.999
1456306441.0,3c2e16c2,0.969
1456306441.0,75e3e514,0.949
1456306441.0,8f280c89,0.979
1456306441.0,4a9d5885,0.969
1456306441.0,d326a791,0.959
1456306441.0,25e13742,0.969
1456306441.0,d7fbc628,0.949
1456306441.0,d8823f4b,0.969
1456306441.0,77017769,0.999
1456306441.0,5ca22d34,0.969
1456306441.0,aa9b2273,0.939
1456306441.0,065dc992,0.969
1456306441.0,93a0a521,1.004
1456306441.0,9189e6dc,0.969
1456306441.0,29b24eee,0.959
1456306441.0,50c1aaef,0.999
1456306441.0,e9ce4daf,0.929
1456306441.0,851acde1,0.999
1456306441.0,350e97c6,0.969
1456306441.0,3563be5a,0.949
1456306441.0,fc1c731b,0.959
1456306441.0,1f37368c,0.939
1456306441.0,e1f5b708,0.959
1456306441.0,0a1808e5,0.969
1456306441.0,54a44614,0.959
1456306441.0,8ca1f59e,0.959
1456306441.0,77793a3e,0.939
1456306441.0,fe21fda2,0.978
1456306441.0,d5a669a6,0.959
1456306441.0,b563f7fe,0.959
1456306441.0,67b209f1,1.009
1456306441.0,cd2bd6ee,0.969
1456306441.0,02917849,0.989
1456306441.0,1055fb12,0.939
1456306441.0,08c3c4e6,0.969
1456306441.0,8576f4a6,0.939
1456306441.0,9c4977f7,0.969
1456306441.0,,0.989
1456306441.0,363fd593,0.929
1456306441.0,41d483a2,0.989
1456306441.0,67b3d058,0.989
1456306441.0,a5b00954,0.999
1456306441.0,028572b1,0.959
1456306441.0,b1eee7a8,0.959
1456306441.0,d0e41b74,1.009
1456306441.0,cfc3caef,0.989
1456306441.0,adfdc7d5,0.979
1456306441.0,346ffe81,0.954
1456306441.0,28119274,0.959
1456306441.0,7a64f89c,0.959
1456306441.0,e4e4bf18,0.939
1456306441.0,9c269747,0.939
1456306441.0,baf1ff57,0.979
1456306441.0,f9580460,0.939
1456306441.0,7300bd43,0.989
1456306441.0,6540cb14,0.959
1456306441.0,f77077c1,0.979
1456306441.0,291c62c4,0.999
1456306441.0,ef5fb7f7,0.949
1456306441.0,9e5a10db,0.979
1456306441.0,877e2550,0.989
1456306441.0,c5f7c662,0.929
1456306441.0,a43c3b90,0.989
1456306441.0,99acd99a,0.939
1456306441.0,68f59abb,0.949
1456306441.0,ab7d8dd4,0.979
1456306441.0,76e0688e,0.959
1456306441.0,3c29e148,0.944
1456306441.0,b25b4ab0,0.969
1456306441.0,6b012e3a,0.929
1456306441.0,be03744e,0.949
1456306441.0,11bd050d,0.949
1456306441.0,dd81b39f,0.959
1456306441.0,12dc6fb6,0.939
1456306441.0,cf4fcc7d,1.009
1456306441.0,9acf7952,0.939
1456306441.0,7858e931,0.949
1456306441.0,ba2ae41b,0.989
1456306441.0,73c26a55,0.979
1456306441.0,5fc4c82d,0.969
1456306441.0,d2585bd9,0.999
1456306441.0,c408f13e,0.949
1456306441.0,b212ad4b,0.979
1456306441.0,886129d6,0.959
1456306441.0,8fcd6088,0.949
1456306441.0,094e5a20,0.979
1456306441.0,7da93d4e,0.939
1456306441.0,307b02ce,0.959
1456306441.0,0e9a7f93,0.969
1456306441.0,0dafb9e9,0.939
1456306441.0,3bafbbfc,0.959
1456306441.0,55344490,0.949
1456306441.0,d473e239,0.969
1456306441.0,1249f58e,0.979
1456306441.0,a8334abd,0.979
1456306441.0,364c49b5,0.999
1456306441.0,2a2dae94,0.989
1456306441.0,85f4421b,0.939
1456306441.0,543855ac,0.999
1456306441.0,5d07df0f,0.979
1456306441.0,8bdbf457,1.029
1456306441.0,6ee6c33d,0.939
1456306441.0,821f92f0,0.979
1456306441.0,1cd14b72,0.939
1456306441.0,1de33a76,0.939
1456306441.0,ff263010,0.999
1456306441.0,c88259dc,0.979
1456306441.0,8fcd9062,0.929
1456306441.0,2bd2ffb1,0.979
1456306441.0,212fd8e9,0.989
1456306441.0,ea2476b3,0.999
1456306441.0,0acb65ea,0.999
1456306441.0,86b9d04d,0.959
1456306441.0,9ba26da7,0.949
1456306441.0,243cd548,0.999
1456306441.0,bb839a02,0.949
1456306441.0,201b87a9,0.939
1456306441.0,4abbc65e,0.999
1456306441.0,5d4e52c0,0.979
1456306441.0,8e27fa83,0.989
1456306441.0,4e359e7b,0.949
1456306441.0,437a065e,0.989
1456306441.0,0e31f374,0.969
1456306441.0,c46c7e06,0.969
1456306441.0,a5382b59,0.979
1456306441.0,a2367d31,0.939
1456306441.0,603bc731,0.949
1456306441.0,a5ca6f71,0.939
1456306441.0,726fb61b,0.979
1456306441.0,ac9715c2,0.989
1456306441.0,51e83074,0.979
1456306441.0,997cbfdf,0.969
1456306441.0,cae9afe7,0.989
1456306441.0,564ef774,0.959
1456306441.0,4e459e38,0.929
1456306441.0,54b31cf8,0.969
1456306441.0,73df71fc,0.989
1456306441.0,d00a147b,1.009
1456306441.0,b07fa89b,0.949
1456306441.0,efc2fc1d,0.929
1456306441.0,ab2a652e,0.969
1456306441.0,b46c0713,0.979
1456306441.0,190ce429,0.949
1456306441.0,f5684ccb,0.999
1456306441.0,b572b144,0.939
1456306441.0,c096f63b,0.909
1456306441.0,93e9a320,0.969
1456306441.0,17475683,0.989
1456306441.0,e1811d4f,0.989
1456306441.0,0ec71297,0.939
1456306441.0,779f3780,0.959
1456306441.0,2be28aa5,1.009
1456306441.0,d076e461,1.009
1456306441.0,058a54eb,0.999
1456306441.0,acd225f7,0.989
1456306441.0,844296bd,0.999
1456306441.0,849a27f2,0.999
1456306441.0,a374c73d,0.979
1456306441.0,b8563039,0.949
1456306441.0,a54d4e57,0.989
1456306441.0,c8e00f1c,0.949
1456306441.0,79a7959f,0.989
1456306441.0,18bb0375,1.029
1456306441.0,075244ea,0.979
1456306441.0,edc52f30,0.959
1456306441.0,0311c6ae,0.979
1456306441.0,ca757f3f,0.989
1456306441.0,19b1edfc,0.969
1456306441.0,91cac178,0.939
1456306441.0,01d5bb85,0.939
1456306441.0,3ded8d7a,0.939
1456306441.0,,1.039
1456306441.0,44d0cc01,0.979
1456306441.0,7e101351,0.969
1456306441.0,734c23a5,0.949
1456306441.0,eac5c61f,1.019
1456306441.0,3344673e,0.979
1456306441.0,ee2e8a1d,0.979
1456306441.0,b26d9567,0.939
1456306441.0,33a2e297,0.959
1456306441.0,687fc892,0.909
1456306441.0,c4ede5e6,0.959
1456306441.0,efadda78,0.999
1456306441.0,31de5758,0.989
1456306441.0,56c5d463,0.979
1456306441.0,53da2dce,0.969
1456306441.0,f05206bf,0.979
1456306441.0,901e7c74,0.999
1456306441.0,beab9b84,0.989
1456306441.0,9acedda4,0.969
1456306441.0,bab71d7a,0.969
1456306441.0,df543f1f,0.939
1456306441.0,c7922998,0.949
1456306441.0,c2cdc545,0.929
1456306441.0,76d6a2a2,0.939
1456306441.0,7dc2c962,0.989
1456306441.0,c5669e2f,0.929
1456306441.0,15383da3,0.959
1456306441.0,90cee554,1.019
1456306441.0,91698594,0.969
1456306441.0,ece9cf3e,0.949
1456306441.0,7a3844f2,0.929
1456306441.0,e3330ca1,0.959
1456306441.0,0ba0dd13,0.969
1456306441.0,9c133cb1,0.939
1456306441.0,092457e4,0.959
1456306441.0,6b43b20f,0.969
1456306441.0,fb54ae4c,0.949
1456306441.0,dfb31960,0.939
1456306441.0,621f191f,0.959
1456306441.0,b77ce910,0.939
1456306441.0,fbd0490f,0.969
1456306441.0,a291fa50,0.939
1456306441.0,85e45131,0.939
1456306441.0,63f5a00a,0.989
1456306441.0,4530e328,0.969
1456306441.0,6ab142e0,0.969
1456306441.0,b156c7a5,0.949
1456306441.0,ff20eed6,0.979
1456306441.0,14da1401,0.979
1456306441.0,ba9fb6db,0.979
1456306441.0,02e413b6,0.959
1456306441.0,a76bbf53,0.989
1456306441.0,01668234,0.949
1456306441.0,7d9700c4,0.969
1456306441.0,8337e967,0.989
1456306441.0,fd5c987c,0.959
1456306441.0,028d28be,0.979
1456306441.0,294ed3f5,0.979
1456306441.0,f2c8e01a,0.999
1456306441.0,f0d226b8,0.939
1456306441.0,3ce106d3,0.979
1456306441.0,2c3fb747,1.009
1456306441.0,d99f8c72,0.979
1456306441.0,58c92ed6,0.959
1456306441.0,fdd8eb18,0.959
1456306441.0,cd860c0f,0.979
1456306441.0,37f5ab7c,0.989
1456306441.0,1f9d1ea6,0.999
1456306441.0,43474152,0.969
1456306441.0,6dca6f1b,0.989
1456306441.0,6fbc265f,0.979
1456306441.0,53d76725,0.979
1456306441.0,cc232225,0.959
1456306441.0,364488f7,0.949
1456306441.0,60983be1,0.969
1456306441.0,c0a4ac06,0.929
1456306441.0,6a27f09d,0.959
1456306441.0,d3a7aabc,0.939
1456306441.0,56ea4a71,0.959
1456306441.0,ae869c50,0.959
1456306441.0,4cdbbbb9,0.929
1456306441.0,66a925d6,0.979
1456306441.0,f720cc81,0.949
1456306441.0,939b3a38,0.959
1456306441.0,a57ba9f4,0.999
1456306441.0,645289b9,0.939
1456306441.0,9f4967c5,0.939
1456306441.0,1edd50b1,0.969
1456306441.0,4f91a79a,0.949
1456306441.0,114606f9,0.929
1456306441.0,5a549ff7,0.939
1456306441.0,ae56e202,0.949
1456306441.0,b7acce06,0.949
1456306441.0,09391e15,0.929
1456306441.0,fa7a7823,0.929
1456306441.0,c984e1be,0.939
1456306441.0,a167f6d7,0.969
1456306441.0,1cedaf70,0.959
1456306441.0,,0.939
1456306441.0,27d9a178,0.939
1456306441.0,7ae8737b,0.959
1456306441.0,c08ff843,0.949
1456306441.0,973748fa,0.959
1456306441.0,d2e84b49,0.959
1456306441.0,,0.959
1456306441.0,768d2bfe,0.979
1456306441.0,ccdbe1c1,0.969
1456306441.0,a74e1057,1.019
1456306441.0,bb8d0742,0.969
1456306441.0,124a48e9,0.979
1456306441.0,3d6503e3,0.999
1456306441.0,f7ff0975,0.979
1456306441.0,67ac9fc0,0.979
1456306441.0,8fdafbf6,0.929
1456306441.0,1f6c44dc,0.979
1456306441.0,037aefcb,0.979
1456306441.0,57ef5f09,0.929
1456306441.0,f0910caa,1.009
1456306441.0,6768f241,0.989
1456306441.0,4922811e,0.979
1456306441.0,0028e6e8,0.979
1456306441.0,2cbca1fc,0.949
1456306441.0,c31de946,0.959
1456306441.0,a5fbf851,0.949
1456306441.0,1bccc529,1.009
1456306441.0,dcfb9c34,0.979
1456306441.0,1247a204,1.019
1456306441.0,f912f47a,1.009
1456306441.0,ee131d1e,0.989
1456306441.0,f36918b0,0.939
1456306441.0,40b7c070,0.919
1456306441.0,2c831a38,0.959
1456306441.0,d766ce97,0.949
1456306441.0,4c715086,0.969
1456306441.0,65c5fcbe,1.009
1456306441.0,ee8d39e2,0.959
1456306441.0,61271939,0.939
1456306441.0,ea850711,0.949
1456306441.0,59b332e8,0.969
1456306441.0,93d44ba8,0.999
1456306441.0,10753208,0.979
1456306441.0,e4e43cad,1.009
1456306441.0,c73ee0fc,1.009
1456306441.0,bb457334,0.969
1456306441.0,24248782,0.969
1456306441.0,1d3ab507,0.949
1456306441.0,248918d0,0.969
1456306441.0,6e050889,0.999
1456306441.0,3e4dabe9,0.999
1456306441.0,2a953aa3,0.989
1456306441.0,799875f1,1.019
1456306441.0,871f200d,0.979
1456306441.0,4f2ced03,0.999
1456306441.0,9499ff78,0.949
1456306441.0,7ecce629,0.929
1456306441.0,e20988bb,0.949
1456306441.0,6a5e9f24,0.969
1456306441.0,58e56c66,0.979
1456306441.0,7f42a07f,0.949
1456306441.0,d411def2,0.999
1456306681.0,bd7a7040,0.959
1456306681.0,82aee514,0.949
1456306681.0,b5cf690e,0.949
1456306681.0,c798622e,0.949
1456306681.0,ad1f45e5,0.949
1456306681.0,cf4010a3,0.969
1456306681.0,7468efc0,0.909
1456306681.0,ae55b396,0.979
1456306681.0,4db94296,0.989
1456306681.0,55100d94,0.989
1456306681.0,d88f7597,1.019
1456306681.0,bcace6fa,0.999
1456306681.0,2ddaec8d,0.929
1456306681.0,f032f387,1.009
1456306681.0,cea10ab0,0.959
1456306681.0,f0cb2dbb,0.929
1456306681.0,85d0e643,0.969
1456306681.0,c3a73e2d,0.959
1456306681.0,fa657190,0.969
1456306681.0,0b19d5fe,0.959
1456306681.0,32167d7b,0.969
1456306681.0,4b649587,0.939
1456306681.0,86832214,0.949
1456306681.0,4281b5d2,0.939
1456306681.0,06f8b9dc,0.979
1456306681.0,abcdcbad,0.969
1456306681.0,57813c32,0.939
1456306681.0,df84d6fa,0.959
1456306681.0,cc1b41c2,0.989
1456306681.0,61817e2c,0.949
1456306681.0,24623d1e,0.999
1456306681.0,13ac9af6,0.939
1456306681.0,fcf48a23,0.979
1456306681.0,017c730c,0.969
1456306681.0,be6a8603,0.989
1456306681.0,e1e9b42f,0.969
1456306681.0,7b125f4e,1.009
1456306681.0,4b229f4e,0.989
1456306681.0,ffde8249,0.929
1456306681.0,ba9bb9e7,0.969
1456306681.0,c595c849,0.939
1456306681.0,7d020a61,0.979
1456306681.0,01decbb4,0.949
1456306681.0,a47c6f9f,0.939
1456306681.0,5b68d8ad,0.939
1456306681.0,,0.979
1456306681.0,b7b69890,0.989
1456306681.0,68efde5b,0.939
1456306681.0,f0d7ea8a,0.959
1456306681.0,14af1303,0.959
1456306681.0,c28f67a8,0.959
1456306681.0,e7b24018,0.929
1456306681.0,510c3f58,0.979
1456306681.0,b79612a4,0.979
1456306681.0,,0.969
1456306681.0,e3776f3c,0.979
1456306681.0,447dba6a,0.969
1456306681.0,955ed41d,0.964
1456306681.0,8f4fb8f1,0.959
1456306681.0,10337302,0.939
1456306681.0,a5513d36,0.959
1456306681.0,60a86cf4,0.989
1456306681.0,c5772f6a,0.949
1456306681.0,0e7f553a,0.979
1456306681.0,87959c0c,0.939
1456306681.0,4718f10b,0.969
1456306681.0,2d55bf5c,0.959
1456306681.0,71c8efd1,1.009
1456306681.0,417a37d7,0.989
1456306681.0,02797da2,0.969
1456306681.0,b4222b9d,0.934
1456306681.0,c184854c,0.969
1456306681.0,3bb3ff25,0.929
1456306681.0,4e4e1a16,0.969
1456306681.0,ab73ed58,0.939
1456306681.0,31993f75,0.969
1456306681.0,dd5271ec,0.979
1456306681.0,36ceb401,0.999
1456306681.0,b191b282,0.959
1456306681.0,acc17656,0.969
1456306681.0,ccd8aac4,0.939
1456306681.0,edc9f1cc,0.949
1456306681.0,f64d1649,0.939
1456306681.0,fdef9afa,0.969
1456306681.0,17c924e4,0.979
1456306681.0,cead4e62,0.979
1456306681.0,657c5e72,0.989
1456306681.0,8d87181e,0.969
1456306681.0,4b2eb0cf,0.969
1456306681.0,42daef27,0.998
1456306681.0,1b9ef516,0.979
1456306681.0,c3a90ed5,0.969
1456306681.0,fe905128,0.949
1456306681.0,8f9e2fa1,0.999
1456306681.0,a82ec43f,0.949
1456306681.0,b07918a9,0.949
1456306681.0,8b4029da,0.969
1456306681.0,1bfef5b8,0.959
1456306681.0,9b209e8a,0.979
1456306681.0,7ab8a6b9,0.999
1456306681.0,131436f2,0.939
1456306681.0,8d9a1e0c,0.999
1456306681.0,5a52067f,0.969
1456306681.0,dbaf66ec,0.979
1456306681.0,b6553c9c,0.999
1456306681.0,d36c0bc0,0.969
1456306681.0,9e5f97a3,0.999
1456306681.0,c51b41ba,0.969
1456306681.0,43e3c3da,0.969
1456306681.0,99929b71,0.999
1456306681.0,8c6f4b89,0.999
1456306681.0,766e7cd2,0.949
1456306681.0,259f0ed8,0.939
1456306681.0,b646a001,0.979
1456306681.0,a00c53b9,0.939
1456306681.0,c1d6b449,0.959
1456306681.0,801653fe,1.009
1456306681.0,c3aa0b78,0.959
1456306681.0,d084396c,0.959
1456306681.0,6c528360,0.979
1456306681.0,581713fc,0.979
1456306681.0,283d3a46,0.949
1456306681.0,ec3d4f7a,0.939
1456306681.0,d2a69e6d,0.969
1456306681.0,51ff36bc,0.949
1456306681.0,21cc26f8,0.959
1456306681.0,1fcf6368,1.009
1456306681.0,63ded480,0.969
1456306681.0,dff52c69,0.959
1456306681.0,d78b438e,0.939
1456306681.0,72615718,0.919
1456306681.0,8f280c89,0.919
1456306681.0,1ea7ac66,0.979
1456306681.0,143e78de,0.949
1456306681.0,a9683117,0.949
1456306681.0,e335e0bc,0.999
1456306681.0,aa700ca2,0.939
1456306681.0,995615f7,0.969
1456306681.0,2e175fc6,0.939
1456306681.0,e2edff7e,0.939
1456306681.0,d9f10362,0.969
1456306681.0,6791f8cd,0.979
1456306681.0,ebef875b,0.979
1456306681.0,99b9ccd3,0.969
1456306681.0,7ef423c0,0.999
1456306681.0,ab2859a5,0.959
1456306681.0,cc477c7c,0.959
1456306681.0,1c79df7a,0.939
1456306681.0,ae7c1497,0.979
1456306681.0,0d8ee6ff,0.989
1456306681.0,5325ade4,0.969
1456306681.0,c38cb4a1,0.959
1456306681.0,fb46bd6e,0.989
1456306681.0,1e7c15e2,0.959
1456306681.0,f8f5edae,0.999
1456306681.0,14ab7113,0.969
1456306681.0,8da197a5,0.969
1456306681.0,a063011a,0.989
1456306681.0,02f7b616,0.959
1456306681.0,a470ddc2,0.949
1456306681.0,acca0be9,0.959
1456306681.0,cb489a3a,0.959
1456306681.0,eada05de,0.959
1456306681.0,34f054d7,0.999
1456306681.0,,0.989
1456306681.0,6027b071,0.959
1456306681.0,50317e5f,0.959
1456306681.0,e9a10aef,0.969
1456306681.0,48ebcec1,1.009
1456306681.0,6fc67d43,0.969
1456306681.0,8668e2e4,0.939
1456306681.0,0fc11a52,0.979
1456306681.0,04524480,0.979
1456306681.0,102821f8,0.939
1456306681.0,0886ecde,1.009
1456306681.0,f8874753,0.989
1456306681.0,b2baa0fb,0.939
1456306681.0,02516583,0.959
1456306681.0,2229a37a,0.939
1456306681.0,da91fae8,0.969
1456306681.0,14e03a1d,0.989
1456306681.0,17bc7e07,0.929
1456306681.0,ed986aff,0.949
1456306681.0,ccaf0017,0.949
1456306681.0,ae09ed04,0.959
1456306681.0,452d82ab,0.999
1456306681.0,4056a9ce,0.949
1456306681.0,bc6e8d35,0.989
1456306681.0,2b1d13c5,0.929
1456306681.0,535e45c7,0.949
1456306681.0,705ebafa,0.959
1456306681.0,2dff1380,0.969
1456306681.0,2cf05648,0.939
1456306681.0,507bacc5,0.979
1456306681.0,6e565eb4,0.959
1456306681.0,1139b111,0.969
1456306681.0,9cd02b8c,0.969
1456306681.0,49a6b4d3,0.959
1456306681.0,b38a715c,0.959
1456306681.0,07d1cb29,0.979
1456306681.0,ae8b60e9,0.989
1456306681.0,8051f241,0.959
1456306681.0,5271a4f6,0.949
1456306681.0,74addb95,0.969
1456306681.0,7fa657a5,1.009
1456306681.0,bf276ef6,0.979
1456306681.0,d4659823,0.969
1456306681.0,07f603f1,0.959
1456306681.0,f34c51f1,0.979
1456306681.0,5e8d6563,0.939
1456306681.0,c1f62db6,0.989
1456306681.0,bc5fd80b,0.929
1456306681.0,401db24e,0.959
1456306681.0,b3d2e1c5,0.949
1456306681.0,e0ff758f,0.979
1456306681.0,b1d84f35,1.009
1456306681.0,ff608fc4,0.949
1456306681.0,ff58f7ef,0.989
1456306681.0,8b485c5e,0.969
1456306681.0,4100c9dd,0.979
1456306681.0,bc75cb58,0.969
1456306681.0,b580ced3,0.929
1456306681.0,70afbb14,0.979
1456306681.0,7bed0473,0.989
1456306681.0,6ea74d6f,0.969
1456306681.0,19afbee8,0.949
1456306681.0,997de382,0.979
1456306681.0,3f896bf8,0.929
1456306681.0,040531cf,0.939
1456306681.0,4f704bb1,0.949
1456306681.0,d46cba13,0.989
1456306681.0,1e3f04ab,0.969
1456306681.0,54aa9266,0.959
1456306681.0,10c41b90,0.989
1456306681.0,b9c81e2e,0.969
1456306681.0,5d8dcd1a,0.959
1456306681.0,fff62873,0.939
1456306681.0,4dcce79a,0.989
1456306681.0,d54da67a,0.939
1456306681.0,9c250156,0.989
1456306681.0,ae7d5dd1,0.969
1456306681.0,b42a4f26,0.939
1456306681.0,6479b534,0.969
1456306681.0,df74c4c4,0.969
1456306681.0,a50ae4a2,0.969
1456306681.0,04f94792,0.989
1456306681.0,1aa38dcc,1.009
1456306681.0,c03e7ffa,0.949
1456306681.0,626de707,1.009
1456306681.0,8de1f3e4,0.949
1456306681.0,36dc6ea5,0.939
1456306681.0,f1f7ae62,0.974
1456306681.0,e5e2bf67,0.949
1456306681.0,0db94a7a,0.989
1456306681.0,04d2538c,0.989
1456306681.0,4a126c56,0.999
1456306681.0,b60ced65,0.939
1456306681.0,ac8e61fe,0.969
1456306681.0,c3c0fce5,0.969
1456306681.0,bbd2a218,0.979
1456306681.0,ab01842d,1.009
1456306681.0,efc6fe63,0.969
1456306681.0,2dcfdd70,0.959
1456306681.0,c7f1eb71,0.969
1456306681.0,4367b614,0.929
1456306681.0,076cbc57,0.959
1456306681.0,2a365ba8,0.969
1456306681.0,935cf042,0.989
1456306681.0,e80747bb,0.979
1456306681.0,e466a86a,0.979
1456306681.0,82130afe,0.939
1456306681.0,a453e0de,0.949
1456306681.0,2e047349,0.949
1456306681.0,c8b43f97,0.989
1456306681.0,9c308e5f,0.969
1456306681.0,830faf16,0.979
1456306681.0,43b2838d,0.949
1456306681.0,01170a5d,0.989
1456306681.0,14e4cad9,0.989
1456306681.0,48aac8e9,0.979
1456306681.0,e186001f,0.929
1456306681.0,f2063592,0.969
1456306681.0,d8e33d34,0.969
1456306681.0,aad3e88a,0.959
1456306681.0,d22c2ab6,0.999
1456306681.0,e9d5d1a1,0.939
1456306681.0,be572aa5,0.969
1456306681.0,5a77d43f,0.949
1456306681.0,0a6dec42,0.959
1456306681.0,84c3c7a8,0.969
1456306681.0,2b797ecc,0.939
1456306681.0,2a241874,0.999
1456306681.0,4103c1eb,0.959
1456306681.0,47f0950d,0.949
1456306681.0,2df68795,0.979
1456306681.0,7232ac4c,0.959
1456306681.0,168168ee,1.014
1456306681.0,f5684ccb,0.989
1456306681.0,89aea340,0.939
1456306681.0,fbb2872c,0.959
1456306681.0,bc55dda5,0.959
1456306681.0,989f7968,0.969
1456306681.0,9171a74f,0.949
1456306681.0,02bea987,0.949
1456306681.0,6d070a61,0.949
1456306681.0,d6831509,0.979
1456306681.0,8b705703,0.979
1456306681.0,c4a3a803,0.979
1456306681.0,9bcbbbc7,0.989
1456306681.0,6b5979c5,0.929
1456306681.0,570306b1,0.979
1456306681.0,b862e775,0.989
1456306681.0,53b7ad2a,0.979
1456306681.0,9c47cca4,0.979
1456306681.0,a6d6ba59,0.959
1456306681.0,b6e44119,0.949
1456306681.0,b040c821,0.959
1456306681.0,a40e9c55,0.959
1456306681.0,3e8e99dc,0.969
1456306681.0,1718ae0b,0.999
1456306681.0,4fdba90a,0.959
1456306681.0,5a8f6bb5,0.979
1456306681.0,09aa4f77,0.939
1456306681.0,7e6785e2,1.009
1456306681.0,7f49ff21,0.959
1456306681.0,eb885b64,0.969
1456306681.0,6a7beb86,0.989
1456306681.0,c706a4de,0.989
1456306681.0,a870af34,1.009
1456306681.0,eb9dfa86,0.959
1456306681.0,b75d609f,0.959
1456306681.0,f11ba63d,0.939
1456306681.0,82e36ee5,0.979
1456306681.0,ec6f00be,0.959
1456306681.0,10ae4031,1.009
1456306681.0,0dbe7cbf,0.989
1456306681.0,2fa6d835,0.989
1456306681.0,449f9515,0.979
1456306681.0,219c5d83,0.989
1456306681.0,ec487980,0.969
1456306681.0,f04e168f,0.969
1456306681.0,0e7f0bd4,0.989
1456306681.0,41b2d714,0.999
1456306681.0,f8646d30,0.929
1456306681.0,1d853aae,0.949
1456306681.0,83fa6876,0.959
1456306681.0,e657e4ae,0.999
1456306681.0,ab899df0,0.999
1456306681.0,8f6ac169,0.929
1456306681.0,e74667af,0.989
1456306681.0,a11621b6,0.939
1456306681.0,6d10b873,0.969
1456306681.0,c1a5c3a6,0.959
1456306681.0,4adf0991,0.969
1456306681.0,95256814,0.999
1456306681.0,a46de094,0.939
1456306681.0,e5e737e8,0.979
1456306681.0,cfaad8a4,0.979
1456306681.0,8e1179a4,0.979
1456306681.0,e83ab5b0,0.989
1456306681.0,46dc9054,0.959
1456306681.0,2e401955,0.979
1456306681.0,4ae6afd6,0.979
1456306681.0,7a475c04,1.009
1456306681.0,84fcbe9f,0.939
1456306681.0,ebccb800,0.959
1456306681.0,bbb7883b,0.979
1456306681.0,12d17fec,0.959
1456306681.0,04b38cb5,0.939
1456306681.0,27347aed,0.969
1456306681.0,0764c8b7,0.979
1456306681.0,1c52e235,0.949
1456306681.0,a70de662,0.999
1456306681.0,2358eb9a,0.969
1456306681.0,a03e4bfc,1.009
1456306681.0,a8595817,0.959
1456306681.0,95401194,0.979
1456306681.0,d34f18ac,0.979
1456306681.0,d5ed0ac8,0.949
1456306681.0,6e966a1c,0.979
1456306681.0,4622dd55,0.969
1456306681.0,379a6719,0.959
1456306681.0,6388b41c,0.969
1456306681.0,8b3bba8f,0.929
1456306681.0,05946741,0.979
1456306681.0,293e1b9a,0.939
1456306681.0,,0.959
1456306681.0,be63db8b,0.959
1456306681.0,85e6cd0f,0.989
1456306681.0,7a6a4fd5,0.929
1456306681.0,3b68a541,0.949
1456306681.0,bcdf1eb5,0.959
1456306681.0,109f53f9,0.939
1456306681.0,a57ba9f4,0.989
1456306681.0,3f433cee,0.949
1456306681.0,c07076c6,0.939
1456306681.0,75d9d944,0.949
1456306681.0,a0088371,1.009
1456306681.0,f184201b,0.939
1456306681.0,0955d064,0.999
1456306681.0,69877eac,0.949
1456306681.0,9b4458a3,0.969
1456306681.0,0d270d75,0.949
1456306681.0,3965f1ec,0.969
1456306681.0,7b89feff,0.989
1456306681.0,f0910caa,0.969
1456306681.0,c3e9fea8,0.984
1456306681.0,dcf18486,0.989
1456306681.0,23afb420,0.959
1456306681.0,35d91334,0.989
1456306681.0,1b140b5b,0.959
1456306681.0,8a52d816,0.999
1456306681.0,fcb3f0ac,0.979
1456306681.0,43030d9f,0.959
1456306681.0,f1a9cf2a,0.949
1456306681.0,f2e88219,0.979
1456306681.0,87a23e83,0.989
1456306681.0,d2690695,0.989
1456306681.0,19c8f617,0.979
1456306681.0,e34047b9,0.949
1456306681.0,4d5330ca,0.979
1456306681.0,a388f36b,0.959
1456306681.0,96d9319b,0.959
1456306681.0,881b7fb8,0.969
1456306681.0,4d67e241,0.979
1456306681.0,b0043b5a,0.979
1456306681.0,2678c9c4,0.969
1456306681.0,02e680f9,0.979
1456306681.0,d7552124,0.999
1456306681.0,7b4a45e6,0.949
1456306681.0,f230f25c,0.999
1456306681.0,bfe1fb46,0.989
1456306681.0,def62512,0.989
1456306681.0,,0.949
1456306681.0,7867dbe8,1.019
1456306681.0,87cd0504,0.969
1456306681.0,32806aee,0.999
1456306681.0,ed1587ed,0.969
1456306681.0,5b1fabef,0.949
1456306681.0,2dc40154,0.969
1456306681.0,343e9168,0.974
1456306681.0,2132d21b,0.989
1456306681.0,24a245f5,0.989
1456306681.0,32dcc2c9,0.989
1456306681.0,218fd480,0.979
1456306681.0,5d11fd07,1.009
1456306681.0,076da68e,0.969
1456306681.0,9cb727d2,0.969
1456306681.0,7a952315,0.959
1456306681.0,a5e3beef,0.949
1456306681.0,2a4d5e67,0.979
1456306681.0,b299d8d7,0.959
1456306921.0,20351c65,0.939
1456306921.0,838d57f9,0.989
1456306921.0,cdf9674a,0.919
1456306921.0,13b165d7,0.979
1456306921.0,a83646b4,0.949
1456306921.0,003fdf3a,0.979
1456306921.0,25e49541,0.914
1456306921.0,20342ee3,0.959
1456306921.0,10e3f6cf,0.959
1456306921.0,ecf3763b,0.959
1456306921.0,0437ac58,0.989
1456306921.0,5e49a15d,0.959
1456306921.0,cd0a3f67,0.939
1456306921.0,bfbbb2dd,0.989
1456306921.0,e050ed52,0.989
1456306921.0,7564a57b,0.959
1456306921.0,659b2e72,0.939
1456306921.0,21904c45,0.959
1456306921.0,afd3de60,0.959
1456306921.0,778f55da,0.969
1456306921.0,78d86c64,0.979
1456306921.0,b86da903,0.979
1456306921.0,a3a3361e,0.979
1456306921.0,68d5e021,0.969
1456306921.0,48d20717,0.969
1456306921.0,b9b8051a,0.979
1456306921.0,2cfa82fa,0.959
1456306921.0,922129f9,0.959
1456306921.0,7d30b511,0.969
1456306921.0,7e0a33b2,0.989
1456306921.0,4423f9a9,0.969
1456306921.0,483e25f7,0.989
1456306921.0,b46341ba,0.979
1456306921.0,48c665d2,0.949
1456306921.0,72bd4b95,0.979
1456306921.0,6f9842b1,0.949
1456306921.0,df84d6fa,0.959
1456306921.0,1650734b,0.979
1456306921.0,ef9d6356,0.969
1456306921.0,edcf5ae9,0.979
1456306921.0,06c6d7b1,0.949
1456306921.0,bb3f103e,0.969
1456306921.0,90c5a207,0.949
1456306921.0,02f5834c,0.949
1456306921.0,,0.949
1456306921.0,43b030ef,0.989
1456306921.0,d36374e8,0.959
1456306921.0,b9e8287e,0.939
1456306921.0,d34c2ebc,0.954
1456306921.0,d3913b4a,0.989
1456306921.0,5ef14445,0.979
1456306921.0,aa5b4d9a,0.969
1456306921.0,34021125,0.949
1456306921.0,26dc2927,0.969
1456306921.0,f0dcfc81,0.959
1456306921.0,fd3d8f28,0.969
1456306921.0,f6746552,0.969
1456306921.0,010520ef,0.949
1456306921.0,0618ae27,0.989
1456306921.0,b7502504,0.979
1456306921.0,87a74906,0.959
1456306921.0,08919b22,0.959
1456306921.0,5d832d02,0.999
1456306921.0,8659a4a3,0.949
1456306921.0,c060c224,0.999
1456306921.0,cb98fbad,0.969
1456306921.0,3fafd99a,0.959
1456306921.0,462fde27,0.999
1456306921.0,30ffa8c9,0.959
1456306921.0,cbf8e978,0.929
1456306921.0,0e7f553a,0.959
1456306921.0,533ac141,0.959
1456306921.0,bf54e94e,0.979
1456306921.0,cca00c58,0.969
1456306921.0,7244640d,0.939
1456306921.0,8c7a089d,1.009
1456306921.0,1a441427,0.949
1456306921.0,ef878178,0.979
1456306921.0,9b0605bd,0.969
1456306921.0,0dac1cdc,0.969
1456306921.0,e7e474b4,0.979
1456306921.0,7e76b239,0.964
1456306921.0,ffa82d76,0.969
1456306921.0,27917288,0.989
1456306921.0,5d40a336,0.974
1456306921.0,d35de923,0.939
1456306921.0,811659c7,0.959
1456306921.0,48198db0,0.954
1456306921.0,a1f3fe7e,0.959
1456306921.0,204c6f01,0.999
1456306921.0,a12af241,0.979
1456306921.0,a08d8ae6,0.959
1456306921.0,0b069a72,0.979
1456306921.0,14d00757,0.949
1456306921.0,b29751cb,0.979
1456306921.0,734c00a8,0.949
1456306921.0,fe905128,0.949
1456306921.0,4cd75c68,0.929
1456306921.0,050d62ae,0.969
1456306921.0,a448f8aa,0.989
1456306921.0,0e14978e,0.959
1456306921.0,ce736f1a,0.959
1456306921.0,1bfef5b8,0.959
1456306921.0,74abc1c5,0.979
1456306921.0,4fe003ba,1.009
1456306921.0,09d4eccb,0.969
1456306921.0,719aa84a,0.989
1456306921.0,f3951d31,0.999
1456306921.0,1398c802,0.969
1456306921.0,7e67d294,0.959
1456306921.0,ec8e7daa,0.959
1456306921.0,9aa047ac,0.979
1456306921.0,74f3df02,0.979
1456306921.0,f320c081,0.979
1456306921.0,fe88606f,0.979
1456306921.0,86b711fa,0.989
1456306921.0,14b2ac02,0.989
1456306921.0,3bb74884,0.969
1456306921.0,badafb9a,0.959
1456306921.0,34b00dee,0.969
1456306921.0,d67b3850,0.949
1456306921.0,25528e17,0.928
1456306921.0,8abb2725,0.969
1456306921.0,ad0bf4e5,0.999
1456306921.0,0720fedb,-0.001
1456306921.0,3e32f401,0.939
1456306921.0,db29e260,0.939
1456306921.0,860dceaa,0.969
1456306921.0,c3f05449,0.959
1456306921.0,e9e1dabb,0.959
1456306921.0,32e01564,0.999
1456306921.0,5d790a6e,0.929
1456306921.0,8d38052d,0.974
1456306921.0,ee54e371,0.959
1456306921.0,eace7a48,1.009
1456306921.0,89255a1b,0.989
1456306921.0,4e56b21e,0.939
1456306921.0,30007963,0.959
1456306921.0,6f8f49f1,0.959
1456306921.0,57b28a51,0.929
1456306921.0,32569e43,0.964
1456306921.0,22dc5d73,0.989
1456306921.0,c8bea281,0.919
1456306921.0,fe21fda2,0.979
1456306921.0,02c0b252,0.949
1456306921.0,a58775a0,0.949
1456306921.0,755c641f,0.969
1456306921.0,b4094a10,0.929
1456306921.0,f529efe8,0.969
1456306921.0,a7fc7f1f,0.959
1456306921.0,2b8a1d9c,0.979
1456306921.0,c9e05214,1.009
1456306921.0,3621af3f,0.959
1456306921.0,c804ac06,0.959
1456306921.0,0bd9645c,1.019
1456306921.0,84526a99,0.939
1456306921.0,c19f6b7f,0.929
1456306921.0,19ff419b,0.979
1456306921.0,592ba5ff,0.939
1456306921.0,dd4af19d,0.999
1456306921.0,37c87f5e,0.959
1456306921.0,effb6af0,1.009
1456306921.0,04d9d4a8,0.949
1456306921.0,ceea64c5,0.959
1456306921.0,f2a783d7,0.989
1456306921.0,0b36f9ce,0.989
1456306921.0,64658758,0.999
1456306921.0,3e7ce5dd,0.989
1456306921.0,4e1da1a2,0.929
1456306921.0,3c00613f,0.989
1456306921.0,5e6b1f04,0.919
1456306921.0,dc340ac0,0.959
1456306921.0,626cfc2a,0.959
1456306921.0,4d541f34,0.999
1456306921.0,84d84a54,0.979
1456306921.0,0716682f,0.989
1456306921.0,e4ad2bce,0.959
1456306921.0,774ee61f,0.999
1456306921.0,d68d63c5,1.009
1456306921.0,90789f94,0.939
1456306921.0,ac8fe45c,0.969
1456306921.0,9456a93d,0.989
1456306921.0,3e0ceacf,0.979
1456306921.0,6ab5f130,0.984
1456306921.0,6cee9445,0.989
1456306921.0,537fac20,0.949
1456306921.0,f4788388,0.999
1456306921.0,08d4658c,0.939
1456306921.0,55c0201d,0.959
1456306921.0,c1154259,0.959
1456306921.0,dc7b3d6f,0.939
1456306921.0,5308f610,0.959
1456306921.0,a10d5095,0.959
1456306921.0,2e72931a,0.979
1456306921.0,d0445c11,0.949
1456306921.0,7faa0c9c,0.989
1456306921.0,e6fdbd0c,1.009
1456306921.0,bc7112e1,0.969
1456306921.0,37a893dc,0.979
1456306921.0,88ec76d7,0.979
1456306921.0,b699022b,1.009
1456306921.0,38bcb277,0.929
1456306921.0,72d303e8,0.969
1456306921.0,59cec01d,0.939
1456306921.0,476279a4,0.969
1456306921.0,72567073,0.949
1456306921.0,a302497e,1.009
1456306921.0,f1f7ae62,0.974
1456306921.0,d0fb35a1,0.949
1456306921.0,150a8031,0.979
1456306921.0,bb4e75d9,0.949
1456306921.0,89b25923,0.949
1456306921.0,424834c6,0.989
1456306921.0,1b2380b6,0.969
1456306921.0,eb680822,0.959
1456306921.0,4c83adf3,0.959
1456306921.0,52658688,0.969
1456306921.0,5ff01128,0.949
1456306921.0,7d6631ad,0.949
1456306921.0,349ae420,0.949
1456306921.0,5a5daf30,0.989
1456306921.0,b9c82901,0.979
1456306921.0,b0c0a395,0.999
1456306921.0,2212e62a,0.969
1456306921.0,6e950c4a,0.989
1456306921.0,9479cc1c,0.969
1456306921.0,2323e5c3,0.979
1456306921.0,e50cc55b,0.979
1456306921.0,1858a39e,1.009
1456306921.0,41d19376,0.969
1456306921.0,d525156e,0.919
1456306921.0,39c2af9c,0.959
1456306921.0,068a30eb,0.949
1456306921.0,c12b33f3,0.979
1456306921.0,06ac238a,0.979
1456306921.0,57e63781,0.959
1456306921.0,5daf9270,0.979
1456306921.0,9558140d,0.999
1456306921.0,fc1bcc3b,0.899
1456306921.0,a0e239a8,0.959
1456306921.0,c94456d2,0.999
1456306921.0,3d10cfa0,0.999
1456306921.0,60804656,0.939
1456306921.0,806d0511,0.949
1456306921.0,fa56fc6e,0.969
1456306921.0,9004f49d,0.979
1456306921.0,d291a6c0,1.009
1456306921.0,1c087491,0.959
1456306921.0,731e56e7,0.979
1456306921.0,dac4fe2a,0.939
1456306921.0,7a9eef7e,0.959
1456306921.0,3893ca3e,0.939
1456306921.0,52492fd5,0.979
1456306921.0,5ccad12a,0.939
1456306921.0,47c5f8f7,0.969
1456306921.0,4c5b25a6,0.959
1456306921.0,9a03cdbc,0.959
1456306921.0,714dc178,0.989
1456306921.0,,0.939
1456306921.0,38a3a737,0.939
1456306921.0,,0.969
1456306921.0,004c0eac,0.979
1456306921.0,682730ca,0.939
1456306921.0,1d38e16e,0.959
1456306921.0,8dbbf765,0.959
1456306921.0,523156b3,0.969
1456306921.0,8c299260,0.949
1456306921.0,4c05520d,0.929
1456306921.0,f25ee766,0.959
1456306921.0,260b8710,0.949
1456306921.0,a45c4dc1,0.949
1456306921.0,0baaf637,0.949
1456306921.0,391e14ca,0.939
1456306921.0,17bbc60e,0.949
1456306921.0,935b74b4,0.989
1456306921.0,19feb15d,0.999
1456306921.0,77c9f305,0.959
1456306921.0,72fef334,0.939
1456306921.0,a580c6ad,0.969
1456306921.0,7ebce3f0,0.989
1456306921.0,d3a6a57e,0.989
1456306921.0,0ccf9d49,0.939
1456306921.0,5921c872,0.949
1456306921.0,54352ce8,0.979
1456306921.0,,0.989
1456306921.0,0eec9a7b,0.939
1456306921.0,694cd654,0.989
1456306921.0,fbb672d6,0.939
1456306921.0,4d79856a,0.949
1456306921.0,7b5f8374,0.989
1456306921.0,a5b43fe1,0.959
1456306921.0,8c7470e4,0.969
1456306921.0,f573d9de,0.979
1456306921.0,269a5648,0.979
1456306921.0,bf7f79ce,0.949
1456306921.0,31be0909,0.939
1456306921.0,1bb94f90,0.979
1456306921.0,e491b6d7,0.959
1456306921.0,7091515f,0.949
1456306921.0,5cfe2697,0.979
1456306921.0,da670ade,0.979
1456306921.0,05878847,0.979
1456306921.0,092457e4,0.969
1456306921.0,2bbe715d,1.009
1456306921.0,92978eb8,0.939
1456306921.0,cf0f7009,0.969
1456306921.0,6a629c0f,0.959
1456306921.0,26a56374,0.939
1456306921.0,48c3f251,1.019
1456306921.0,f02aba4d,0.959
1456306921.0,f97a19ce,0.979
1456306921.0,5192889f,0.979
1456306921.0,60e38539,0.999
1456306921.0,42bd32f3,0.989
1456306921.0,386796b0,0.959
1456306921.0,f14d6045,0.999
1456306921.0,75808ab7,0.939
1456306921.0,6d257c8c,0.959
1456306921.0,63a9da40,0.979
1456306921.0,6e781ba8,0.969
1456306921.0,cef8a5ba,0.949
1456306921.0,b4684d80,1.029
1456306921.0,c0862a83,0.959
1456306921.0,58c92ed6,0.949
1456306921.0,5446812c,1.009
1456306921.0,705d6b16,0.959
1456306921.0,dda65020,0.979
1456306921.0,dd81b30a,0.989
1456306921.0,5f4d5496,1.019
1456306921.0,3bfc6e44,0.969
1456306921.0,dbacecfb,0.939
1456306921.0,f856d6e0,0.969
1456306921.0,dc944647,0.949
1456306921.0,ac7dd410,0.949
1456306921.0,efdbec8f,0.959
1456306921.0,915f4559,0.959
1456306921.0,078f0784,0.939
1456306921.0,efc5b46c,0.949
1456306921.0,bf43b448,0.969
1456306921.0,a02da48f,0.949
1456306921.0,5e068b6e,0.979
1456306921.0,84387118,1.029
1456306921.0,abc596af,0.969
1456306921.0,6fb50287,0.939
1456306921.0,b4666217,0.959
1456306921.0,00faf6a6,0.939
1456306921.0,21b1fd87,0.929
1456306921.0,757cb5e7,0.939
1456306921.0,00d6d029,0.939
1456306921.0,b6daf677,0.979
1456306921.0,0a6aaa10,0.969
1456306921.0,4e6d2a07,0.999
1456306921.0,e5cba29c,0.979
1456306921.0,973748fa,0.949
1456306921.0,955c334e,0.949
1456306921.0,0110af37,0.999
1456306921.0,8a7526b9,0.999
1456306921.0,549b0288,0.999
1456306921.0,237e0152,0.969
1456306921.0,042a624d,0.939
1456306921.0,9af812fc,0.969
1456306921.0,83c94fc4,0.959
1456306921.0,4827ec0b,0.969
1456306921.0,5693dbae,0.969
1456306921.0,f33d10dd,0.969
1456306921.0,0d27caae,0.939
1456306921.0,695d0dcc,1.009
1456306921.0,91742e49,0.999
1456306921.0,6ad5396e,0.949
1456306921.0,34b739ce,0.999
1456306921.0,9a0f8848,0.929
1456306921.0,2e85ab3d,0.979
1456306921.0,cdddf39e,0.959
1456306921.0,,0.979
1456306921.0,740b387e,0.999
1456306921.0,f9e7f183,0.949
1456306921.0,,0.989
1456306921.0,9987c547,0.959
1456306921.0,c4906344,0.989
1456306921.0,672c6cfd,1.009
1456306921.0,974de11a,0.979
1456306921.0,c93086be,0.959
1456306921.0,9975506f,0.989
1456306921.0,3645c978,0.989
1456306921.0,a388f36b,0.939
1456306921.0,3c0b225f,0.969
1456306921.0,e9f34b51,0.979
1456306921.0,4d67e241,0.959
1456306921.0,42ac1f52,0.979
1456306921.0,5f1e3ccf,0.979
1456306921.0,ecb99613,0.959
1456306921.0,c2e96d64,0.939
1456306921.0,cdf95c47,1.019
1456306921.0,c327932b,0.989
1456306921.0,129427de,0.979
1456306921.0,57c3de2f,0.949
1456306921.0,85dcde4e,0.959
1456306921.0,863b1324,0.959
1456306921.0,5d2ae7b8,0.959
1456306921.0,67a0637d,0.939
1456306921.0,8fe7f10d,0.969
1456306921.0,,0.959
1456306921.0,ed46fdb9,0.939
1456306921.0,441f2c5b,0.959
1456306921.0,53282654,0.979
1456306921.0,0aa739fb,0.979
1456307161.0,0c56e9df,0.989
1456307161.0,9a431452,0.989
1456307161.0,,0.939
1456307161.0,363ab0d1,0.959
1456307161.0,0536c920,0.969
1456307161.0,90941e78,0.959
1456307161.0,9e33ac5a,0.959
1456307161.0,7349daff,0.959
1456307161.0,ac852c45,0.929
1456307161.0,b6867cd0,0.949
1456307161.0,9fa10842,0.949
1456307161.0,19838731,0.939
1456307161.0,440eff71,0.939
1456307161.0,e54743a0,0.959
1456307161.0,37649bcc,0.939
1456307161.0,9b79f246,0.909
1456307161.0,be7b97ad,0.979
1456307161.0,b6364ec3,0.959
1456307161.0,b41309f8,0.929
1456307161.0,b8ddb5a8,0.939
1456307161.0,0accabdc,0.949
1456307161.0,afbe3668,0.919
1456307161.0,7e0a33b2,0.979
1456307161.0,acfc25e6,0.979
1456307161.0,85b6788a,0.979
1456307161.0,4da4802c,0.969
1456307161.0,671a83b1,0.959
1456307161.0,14033ffb,0.969
1456307161.0,a8f5bb50,0.929
1456307161.0,4f6de997,0.999
1456307161.0,1febf6ac,0.919
1456307161.0,9f4127f4,1.019
1456307161.0,186db07d,0.979
1456307161.0,00206126,0.959
1456307161.0,72bd4b95,0.969
1456307161.0,32167d7b,0.959
1456307161.0,3201c40b,0.969
1456307161.0,,0.969
1456307161.0,2a7a2a42,1.009
1456307161.0,4f0a94f9,0.939
1456307161.0,d5fd7f0e,0.949
1456307161.0,f6c7ffc6,0.999
1456307161.0,fba18531,0.999
1456307161.0,d5a86b4b,1.079
1456307161.0,5ecab051,0.999
1456307161.0,461c1a45,0.949
1456307161.0,ef9fe1fc,0.969
1456307161.0,0fc08209,0.959
1456307161.0,44e9da67,0.929
1456307161.0,9a8f9943,1.009
1456307161.0,b2a7fde4,0.969
1456307161.0,c2cfa7d5,0.939
1456307161.0,eac0620e,0.969
1456307161.0,b09088a6,0.989
1456307161.0,a9bfa2fb,0.989
1456307161.0,daf5b359,0.949
1456307161.0,,0.919
1456307161.0,5af6e995,0.959
1456307161.0,22455ce3,0.989
1456307161.0,8dbae4c1,0.919
1456307161.0,8efe111b,0.969
1456307161.0,577be558,0.989
1456307161.0,89bd2fe3,0.959
1456307161.0,41065536,0.974
1456307161.0,ac54aab9,0.989
1456307161.0,9cff31f0,0.959
1456307161.0,0b96eaac,0.949
1456307161.0,17d98ba9,0.959
1456307161.0,e571ac33,0.999
1456307161.0,21c418e3,0.949
1456307161.0,062cca99,0.949
1456307161.0,6a79b20f,0.929
1456307161.0,9a1a2584,0.949
1456307161.0,eda8c21c,0.959
1456307161.0,c5772f6a,0.959
1456307161.0,d39098c4,1.009
1456307161.0,3a9fbebb,0.959
1456307161.0,34adc4e3,0.999
1456307161.0,45b5a310,0.959
1456307161.0,06aae991,0.939
1456307161.0,d8a919a3,0.969
1456307161.0,de72ae1a,0.999
1456307161.0,610a0f34,0.929
1456307161.0,f77aa11c,0.949
1456307161.0,e3667aa9,0.969
1456307161.0,8ff28f6b,0.939
1456307161.0,7ea9e64e,0.969
1456307161.0,a7a5f25b,0.939
1456307161.0,3abee862,0.979
1456307161.0,861dd273,0.939
1456307161.0,f6d9b461,0.939
1456307161.0,72889fd6,0.999
1456307161.0,61f59311,0.959
1456307161.0,633828e5,0.979
1456307161.0,386d835f,0.989
1456307161.0,27707ee4,0.989
1456307161.0,cb0a8cc8,0.959
1456307161.0,c5931a7d,0.949
1456307161.0,f12b117d,0.959
1456307161.0,e7f3861f,0.949
1456307161.0,e8c6402f,0.989
1456307161.0,12ad7001,0.979
1456307161.0,6baeb328,0.979
1456307161.0,325a3e8f,0.999
1456307161.0,75a5bed7,0.989
1456307161.0,130149c2,0.959
1456307161.0,3601c357,0.989
1456307161.0,53f24788,1.009
1456307161.0,c5208f75,0.989
1456307161.0,182d46ad,0.969
1456307161.0,036e385d,0.949
1456307161.0,97911c0d,0.989
1456307161.0,f903d8b7,0.969
1456307161.0,0a059049,0.989
1456307161.0,82198727,0.959
1456307161.0,1b24bc6c,0.959
1456307161.0,410d90fe,0.999
1456307161.0,bcdd8796,0.969
1456307161.0,b9d2597b,0.949
1456307161.0,9ae06205,0.969
1456307161.0,74e674a6,0.979
1456307161.0,d7932eeb,0.939
1456307161.0,86b711fa,0.949
1456307161.0,17003e91,0.959
1456307161.0,4be768df,0.969
1456307161.0,48abfcff,0.969
1456307161.0,ead88417,0.979
1456307161.0,8a3c1b82,0.929
1456307161.0,0720fedb,0.959
1456307161.0,744f44a5,0.999
1456307161.0,beb2cad8,0.989
1456307161.0,76e85116,0.969
1456307161.0,0e949251,1.019
1456307161.0,9bd2d468,0.909
1456307161.0,53df0ec3,0.979
1456307161.0,e904bee6,0.939
1456307161.0,534bd2b7,0.969
1456307161.0,110c184e,0.949
1456307161.0,242f5c69,0.929
1456307161.0,e65042ca,0.959
1456307161.0,d3bf8582,0.979
1456307161.0,4f434ea1,0.949
1456307161.0,d165a6a0,0.939
1456307161.0,197e1542,0.929
1456307161.0,f19a2bc5,0.929
1456307161.0,d6fc46e5,0.939
1456307161.0,ed9d46be,0.909
1456307161.0,ed3acf54,0.939
1456307161.0,929af7b6,0.939
1456307161.0,2359a629,0.919
1456307161.0,45cfc4a3,0.969
1456307161.0,1dba321b,0.929
1456307161.0,0ef5bf4d,0.959
1456307161.0,ad2972b3,0.939
1456307161.0,c9f023c6,0.909
1456307161.0,dc2d8878,0.959
1456307161.0,18e554be,0.969
1456307161.0,e9a8e0dc,0.939
1456307161.0,916b15ba,0.929
1456307161.0,4ef36239,0.969
1456307161.0,32fc4e8c,0.939
1456307161.0,94642f21,0.959
1456307161.0,5d12f54e,0.939
1456307161.0,6304ec3a,0.979
1456307161.0,c7a70dd8,0.979
1456307161.0,657861bc,0.929
1456307161.0,e4070c0e,0.929
1456307161.0,a5d6f2dd,0.919
1456307161.0,9e81ec36,0.969
1456307161.0,131b8ba4,0.939
1456307161.0,d2fc2219,0.959
1456307161.0,4d655bc9,0.939
1456307161.0,8aa565b4,0.979
1456307161.0,cfdada1d,0.959
1456307161.0,49a9b4e0,0.999
1456307161.0,9d2005fa,0.969
1456307161.0,27809f91,0.949
1456307161.0,128ea457,0.989
1456307161.0,4ee36e5e,0.939
1456307161.0,2e518aaf,0.929
1456307161.0,d4391500,0.969
1456307161.0,79b68d4c,1.019
1456307161.0,67185f46,0.979
1456307161.0,,0.979
1456307161.0,563059fb,0.959
1456307161.0,2276c640,0.949
1456307161.0,2864a863,0.959
1456307161.0,a625d115,0.949
1456307161.0,b061fef9,0.949
1456307161.0,c72ef065,0.989
1456307161.0,457bd3fb,0.949
1456307161.0,5fade9f9,0.959
1456307161.0,0b2dae68,0.939
1456307161.0,a486294c,0.929
1456307161.0,02917849,0.989
1456307161.0,da7aac12,0.959
1456307161.0,bbc65417,0.969
1456307161.0,4f44e38b,0.939
1456307161.0,56f54684,0.979
1456307161.0,d8714e76,0.939
1456307161.0,5aaeb8a3,1.009
1456307161.0,7993d053,0.979
1456307161.0,c9931bda,0.969
1456307161.0,32fde081,1.009
1456307161.0,40d8f838,0.929
1456307161.0,91757ae2,0.949
1456307161.0,3c83ccc5,0.939
1456307161.0,af07b81f,0.949
1456307161.0,c7d7314f,0.999
1456307161.0,33f1db85,0.959
1456307161.0,0a0a9a40,0.969
1456307161.0,cf23bc29,0.999
1456307161.0,96fed1a2,0.959
1456307161.0,459ffb84,0.979
1456307161.0,d4310eb6,0.939
1456307161.0,f4aa351e,0.999
1456307161.0,d87d8186,0.969
1456307161.0,e8789a9a,0.979
1456307161.0,03436a85,0.969
1456307161.0,bc85d300,0.969
1456307161.0,4331b36c,0.959
1456307161.0,4de24a20,0.969
1456307161.0,3ff7f5f2,0.969
1456307161.0,c2405c51,0.949
1456307161.0,1df72c53,0.969
1456307161.0,8845e1a5,0.979
1456307161.0,51266623,0.969
1456307161.0,26d674df,0.929
1456307161.0,465c84e0,0.919
1456307161.0,83e564c6,1.009
1456307161.0,5b0a2fcf,0.939
1456307161.0,a55edb00,0.949
1456307161.0,b3d2e1c5,0.949
1456307161.0,ca4047f3,0.959
1456307161.0,2839dc7d,0.969
1456307161.0,d2585bd9,0.949
1456307161.0,5928fc5b,0.989
1456307161.0,49c3be27,0.949
1456307161.0,38987ba5,1.019
1456307161.0,,0.949
1456307161.0,dd487ced,0.959
1456307161.0,6bc9c96a,0.899
1456307161.0,181dcd43,0.969
1456307161.0,3d5d3cef,0.949
1456307161.0,840be68f,0.969
1456307161.0,19afbee8,0.909
1456307161.0,c97cc7c4,1.029
1456307161.0,d62c0561,0.959
1456307161.0,8f098aa2,0.969
1456307161.0,5ab833c5,0.979
1456307161.0,5c566b33,0.939
1456307161.0,2fe25570,0.949
1456307161.0,4248b1c7,0.939
1456307161.0,b791cb2d,0.939
1456307161.0,1ee9a733,0.959
1456307161.0,2ab14021,0.949
1456307161.0,6cf3fd28,0.949
1456307161.0,ee2ba444,1.009
1456307161.0,6a1fadd6,0.939
1456307161.0,8b5cc87c,0.949
1456307161.0,9d74578a,0.959
1456307161.0,4d930ee5,0.989
1456307161.0,f44b6301,0.979
1456307161.0,0a42099e,1.009
1456307161.0,fdf7f420,0.969
1456307161.0,38b019be,0.959
1456307161.0,3487a048,0.949
1456307161.0,5196f76a,0.959
1456307161.0,c6cbdee5,0.999
1456307161.0,be912b8a,0.979
1456307161.0,97553fde,0.939
1456307161.0,dab2adef,0.949
1456307161.0,35825f4b,0.969
1456307161.0,792fb82d,0.979
1456307161.0,7490aa54,0.989
1456307161.0,b9c82901,0.979
1456307161.0,e6b1064f,0.969
1456307161.0,1762464c,0.949
1456307161.0,7f2c7280,0.989
1456307161.0,b4e57aeb,0.939
1456307161.0,8e8b8a63,0.939
1456307161.0,4986d1aa,0.949
1456307161.0,fbddd358,0.959
1456307161.0,ba97bb47,0.989
1456307161.0,1b136bef,0.989
1456307161.0,95845353,0.929
1456307161.0,3f788efe,0.979
1456307161.0,155982b5,1.009
1456307161.0,f7d11bff,0.989
1456307161.0,82089458,0.939
1456307161.0,7d76b1c0,0.959
1456307161.0,4270cadf,0.969
1456307161.0,,0.969
1456307161.0,d98fe3f5,0.974
1456307161.0,3c909df8,0.959
1456307161.0,6f3fab69,0.979
1456307161.0,7f7b1e43,0.969
1456307161.0,c495260b,0.919
1456307161.0,19ff993e,0.969
1456307161.0,ba94f47b,0.959
1456307161.0,649461ec,0.949
1456307161.0,a40e9c55,0.939
1456307161.0,4a5ba0e5,0.949
1456307161.0,925e5435,0.959
1456307161.0,aeec46d3,0.999
1456307161.0,fbd93087,0.949
1456307161.0,a5ce2de1,0.999
1456307161.0,7e6785e2,0.999
1456307161.0,65995c53,0.969
1456307161.0,8ccf4a30,0.969
1456307161.0,353d2391,0.959
1456307161.0,329fbc05,0.949
1456307161.0,e0c1778e,0.969
1456307161.0,0ee68fe4,0.959
1456307161.0,909a22a4,0.989
1456307161.0,f2ef7300,0.969
1456307161.0,9fdff1e2,1.009
1456307161.0,efadda78,0.989
1456307161.0,c9974d8f,1.009
1456307161.0,c98807b3,0.969
1456307161.0,7e388e10,1.009
1456307161.0,333d1cac,0.969
1456307161.0,e74667af,0.989
1456307161.0,0bffb72e,0.959
1456307161.0,5aa87776,0.979
1456307161.0,bf1ede3b,0.969
1456307161.0,f9fbac11,0.969
1456307161.0,c1a5c3a6,0.939
1456307161.0,f47e8638,0.959
1456307161.0,ad29f10c,0.949
1456307161.0,6c9a5e04,0.959
1456307161.0,e9fcf416,0.939
1456307161.0,75856052,0.939
1456307161.0,9264eade,0.989
1456307161.0,8d39e4b4,0.939
1456307161.0,bbb7883b,0.979
1456307161.0,6fe5086e,0.959
1456307161.0,c793eda5,0.954
1456307161.0,eb3c6430,0.989
1456307161.0,f18057cd,0.948
1456307161.0,fe4b1f4a,0.939
1456307161.0,b45fce81,0.939
1456307161.0,e2fdcbf3,0.949
1456307161.0,461b2a68,0.959
1456307161.0,7ead535b,0.929
1456307161.0,0434e895,0.999
1456307161.0,75808ab7,0.949
1456307161.0,04aefaad,0.989
1456307161.0,dd329a1e,0.989
1456307161.0,84333954,0.939
1456307161.0,13388a58,0.939
1456307161.0,7fccdc2c,0.979
1456307161.0,e196e62c,0.969
1456307161.0,2c882c96,0.969
1456307161.0,d9c57dad,0.959
1456307161.0,5543a9fd,0.999
1456307161.0,05946741,0.969
1456307161.0,a537b03c,0.939
1456307161.0,cf017ad5,0.949
1456307161.0,d25a0585,0.979
1456307161.0,9eb320c2,0.999
1456307161.0,bae5af8d,0.949
1456307161.0,caaa0b46,0.999
1456307161.0,91823808,0.989
1456307161.0,e526650e,0.949
1456307161.0,c96f410f,0.959
1456307161.0,1054110c,0.924
1456307161.0,961fadac,0.969
1456307161.0,1c504132,0.959
1456307161.0,957e19a6,0.939
1456307161.0,e5b25ce5,0.929
1456307161.0,46ad9f53,0.929
1456307161.0,7cc832ba,0.929
1456307161.0,b215d388,0.949
1456307161.0,e541cf19,0.999
1456307161.0,0110af37,0.969
1456307161.0,c368907a,0.979
1456307161.0,ce55c12b,0.959
1456307161.0,217404b2,0.949
1456307161.0,5718b51b,0.959
1456307161.0,9eabd75a,0.979
1456307161.0,f4df3f30,0.979
1456307161.0,f51a2c3d,0.929
1456307161.0,36ef7b4d,0.949
1456307161.0,267e21dd,0.939
1456307161.0,4349fbc3,0.969
1456307161.0,8f697f0a,0.939
1456307161.0,13eb013e,0.959
1456307161.0,5a4ca547,0.939
1456307161.0,2178a97e,0.959
1456307161.0,bc09f6c1,0.989
1456307161.0,84491c5b,0.969
1456307161.0,b685ec66,0.989
1456307161.0,38f029e2,0.979
1456307161.0,67c5b01c,0.939
1456307161.0,f4400a4f,0.949
1456307161.0,1809b397,0.949
1456307161.0,3851f5d5,0.959
1456307161.0,7a198451,0.959
1456307161.0,b2e5f301,0.989
1456307161.0,d3508125,0.969
1456307161.0,00fa08de,0.969
1456307161.0,722c9387,0.949
1456307161.0,d00be129,0.979
1456307161.0,6e44cd2d,0.989
1456307161.0,4d67e241,0.949
1456307161.0,04ea2134,0.949
1456307161.0,28a5d3b4,0.929
1456307161.0,eb060797,0.989
1456307161.0,22609e3d,0.959
1456307161.0,200bc827,0.989
1456307161.0,f061e4b5,0.909
1456307161.0,55dd1874,0.939
1456307161.0,7ff76277,0.969
1456307161.0,ddb4781d,0.949
1456307161.0,871f200d,0.979
1456307161.0,7ecce629,0.929
1456307161.0,2616645b,0.989
1456307161.0,2e745c93,0.979
1456307161.0,ed57f511,0.929
1456307161.0,421ac3f9,0.979
1456307161.0,db096089,0.959
1456307161.0,a6f98df6,0.989
1456307161.0,ee573fd5,1.009
1456307401.0,52aa0343,0.979
1456307401.0,3cce768e,0.989
1456307401.0,fdedca23,0.929
1456307401.0,e75954a3,0.969
1456307401.0,6e1fdef4,0.929
1456307401.0,473c3055,0.949
1456307401.0,d256c19e,0.929
1456307401.0,f31ed257,0.929
1456307401.0,f64d5154,0.969
1456307401.0,55adeb92,0.999
1456307401.0,c476cc49,0.929
1456307401.0,e99e5f77,0.939
1456307401.0,1e0a9b4e,0.919
1456307401.0,d3a25b8a,0.929
1456307401.0,820d9924,0.939
1456307401.0,57012344,0.999
1456307401.0,9837b0a0,0.969
1456307401.0,90bfadfa,0.989
1456307401.0,f4ec7ff4,0.939
1456307401.0,1c8ada9b,0.969
1456307401.0,8e0ec690,0.939
1456307401.0,9b59c5b0,0.919
1456307401.0,902bbd1d,0.959
1456307401.0,2145d038,0.969
1456307401.0,f2925995,0.949
1456307401.0,b7dba17c,0.949
1456307401.0,a85e6b62,0.979
1456307401.0,fbe17e11,0.969
1456307401.0,761fd77f,0.969
1456307401.0,6ed73676,0.989
1456307401.0,c6cd3146,0.979
1456307401.0,264d6745,0.949
1456307401.0,4ebf7b5b,0.959
1456307401.0,ebcd22e7,0.949
1456307401.0,acda2cab,0.949
1456307401.0,1d2b410a,0.979
1456307401.0,9694fac5,0.999
1456307401.0,186db07d,0.959
1456307401.0,2db0e1c7,0.939
1456307401.0,7592b37a,0.979
1456307401.0,4aaa267e,0.949
1456307401.0,baf6a6cd,0.949
1456307401.0,7dfddaf9,0.959
1456307401.0,697d8735,0.969
1456307401.0,d8aacecc,0.949
1456307401.0,d3fff19d,0.949
1456307401.0,cddcaea4,0.929
1456307401.0,,0.969
1456307401.0,,0.959
1456307401.0,f36ccecf,0.969
1456307401.0,61f78d05,0.959
1456307401.0,,0.979
1456307401.0,5000f0c5,0.969
1456307401.0,860d9600,0.969
1456307401.0,ca8f532f,0.939
1456307401.0,477c7bcf,0.929
1456307401.0,a5bfce08,0.949
1456307401.0,0e6ac101,0.949
1456307401.0,5d6403f6,0.959
1456307401.0,28071dbd,0.959
1456307401.0,2cd4a5d5,0.999
1456307401.0,f6351701,0.979
1456307401.0,c7d8f43f,0.929
1456307401.0,d33634e3,0.939
1456307401.0,d69a14de,0.949
1456307401.0,cb511574,0.929
1456307401.0,4d87940f,0.979
1456307401.0,3fcb4cf6,0.929
1456307401.0,0f4a41fc,0.949
1456307401.0,157e2a55,0.949
1456307401.0,254d26d3,0.949
1456307401.0,bc8423b8,1.029
1456307401.0,7e846ee6,0.999
1456307401.0,e8c3f262,0.989
1456307401.0,3d3db611,0.979
1456307401.0,9e051c13,0.969
1456307401.0,cc6976b2,0.979
1456307401.0,93b5b301,0.969
1456307401.0,67b9bbe5,0.959
1456307401.0,e541a3b3,0.989
1456307401.0,25ed90f7,0.969
1456307401.0,aae7e937,0.979
1456307401.0,d2a9c0a1,0.979
1456307401.0,189e648a,0.979
1456307401.0,6148f9f1,0.959
1456307401.0,9bde8003,0.969
1456307401.0,075322ca,0.959
1456307401.0,7efc6d8f,0.959
1456307401.0,835f9ec0,0.989
1456307401.0,fa92cd9b,0.979
1456307401.0,bce781d3,1.029
1456307401.0,811b6a32,1.009
1456307401.0,0f7d325c,1.009
1456307401.0,995e56cb,0.979
1456307401.0,bc02464b,0.949
1456307401.0,ddd69a66,1.009
1456307401.0,345d3b8a,1.019
1456307401.0,31e85a65,0.939
1456307401.0,c515316c,0.969
1456307401.0,fc8981fc,0.949
1456307401.0,fdce782f,0.969
1456307401.0,06857c62,0.969
1456307401.0,d650bbff,0.969
1456307401.0,4204f478,0.959
1456307401.0,e878527c,0.949
1456307401.0,8f84a914,0.959
1456307401.0,33336ca6,0.979
1456307401.0,b95b2152,0.979
1456307401.0,403c6797,0.939
1456307401.0,35822dd5,0.969
1456307401.0,219ec5d8,0.949
1456307401.0,5133ebd5,0.979
1456307401.0,11450a74,0.979
1456307401.0,471a369c,0.969
1456307401.0,67830b76,0.969
1456307401.0,0aececa4,0.979
1456307401.0,08f6024d,0.999
1456307401.0,204c6f01,0.999
1456307401.0,f84b6775,0.969
1456307401.0,34740e34,0.979
1456307401.0,f1def287,0.969
1456307401.0,88113d35,0.959
1456307401.0,a40a6e44,0.969
1456307401.0,a2fd1226,0.919
1456307401.0,4e41baa5,0.969
1456307401.0,553fb461,0.999
1456307401.0,4a2f0946,0.949
1456307401.0,2d4023ea,0.969
1456307401.0,4aa4382f,0.999
1456307401.0,4a852856,0.979
1456307401.0,ebeb4dec,0.979
1456307401.0,546992ee,0.939
1456307401.0,8bf65820,0.939
1456307401.0,1e1599d6,0.949
1456307401.0,dbee4a44,0.969
1456307401.0,c3450ec5,0.989
1456307401.0,6fc8bedc,0.959
1456307401.0,da9f2014,0.979
1456307401.0,e8716217,0.949
1456307401.0,7cf55a33,0.969
1456307401.0,64d3fea8,0.979
1456307401.0,96eb851e,0.949
1456307401.0,d59d4bb4,0.959
1456307401.0,8737cde9,0.979
1456307401.0,62b199da,0.989
1456307401.0,4c7f88c9,0.959
1456307401.0,25f73f25,0.969
1456307401.0,5fcf7eea,0.969
1456307401.0,7895f019,0.969
1456307401.0,ff5d1617,0.969
1456307401.0,cff9e937,0.969
1456307401.0,39c4efe0,0.979
1456307401.0,db29e260,0.909
1456307401.0,48bf5afb,0.959
1456307401.0,68e5bc6e,0.959
1456307401.0,c3f05449,0.949
1456307401.0,b1cca41e,0.939
1456307401.0,b6a47707,0.969
1456307401.0,4f5899c2,0.949
1456307401.0,9b66ed80,0.949
1456307401.0,0380a17c,0.929
1456307401.0,a7be9b25,0.959
1456307401.0,c95d532b,0.989
1456307401.0,6cc0c30a,0.949
1456307401.0,15200152,0.919
1456307401.0,f05c17a0,0.939
1456307401.0,56995334,0.919
1456307401.0,65d912cc,0.949
1456307401.0,29626b91,0.949
1456307401.0,a3ff8022,0.939
1456307401.0,7174859c,0.969
1456307401.0,9f3d710c,0.939
1456307401.0,cc3dc9ec,0.939
1456307401.0,925f335a,0.979
1456307401.0,de0b1b58,0.939
1456307401.0,a314e8b8,0.999
1456307401.0,119cb795,0.949
1456307401.0,db623e54,0.949
1456307401.0,d14d8358,0.989
1456307401.0,855563c1,0.939
1456307401.0,b0471346,0.939
1456307401.0,603e075c,0.949
1456307401.0,ed65aebc,0.929
1456307401.0,c330a48b,0.929
1456307401.0,9fd35589,0.969
1456307401.0,11b725ec,0.939
1456307401.0,72a57388,0.919
1456307401.0,11b2e08c,0.949
1456307401.0,e792e7d9,0.909
1456307401.0,04583028,0.979
1456307401.0,1dd5e241,0.969
1456307401.0,2d204d17,0.999
1456307401.0,cbc5f7c3,0.949
1456307401.0,02664349,0.979
1456307401.0,cb601f93,0.929
1456307401.0,b015481a,0.929
1456307401.0,39dc218a,0.949
1456307401.0,99bcd97c,0.959
1456307401.0,f9cd1d8c,0.979
1456307401.0,bb827240,0.959
1456307401.0,2ede932c,0.999
1456307401.0,a426c65f,0.989
1456307401.0,f709d7cd,0.999
1456307401.0,d0af609e,0.999
1456307401.0,5bf247b1,0.979
1456307401.0,0f283ef6,0.939
1456307401.0,0eb0bb77,0.939
1456307401.0,9d522e7b,0.959
1456307401.0,c1342b0e,0.969
1456307401.0,,0.959
1456307401.0,9c7e6b4f,0.939
1456307401.0,7301ae23,0.999
1456307401.0,44144ccf,0.979
1456307401.0,63f573eb,0.949
1456307401.0,1fb2da5d,0.939
1456307401.0,f08235a1,0.939
1456307401.0,cc42928d,0.979
1456307401.0,05de04c2,0.939
1456307401.0,ff0bb7ad,0.939
1456307401.0,acc75705,0.959
1456307401.0,cb40cd62,0.929
1456307401.0,229d2673,0.969
1456307401.0,eb4e983f,0.949
1456307401.0,fa890292,0.989
1456307401.0,b884bbc1,0.939
1456307401.0,c687a4a1,0.929
1456307401.0,5dd99d7f,0.959
1456307401.0,2205a893,0.989
1456307401.0,bf44f1ab,0.959
1456307401.0,5d362644,0.979
1456307401.0,9a8bc1fb,0.919
1456307401.0,25e78288,0.959
1456307401.0,3a19f7bb,0.959
1456307401.0,3ac6b934,0.949
1456307401.0,77c17dde,0.939
1456307401.0,27b7f65f,0.959
1456307401.0,e4d30463,0.939
1456307401.0,fd9b3ee5,0.959
1456307401.0,5a24bfe1,0.929
1456307401.0,6a9ba9c7,0.949
1456307401.0,35e560ad,0.989
1456307401.0,acd894be,0.919
1456307401.0,da84e1ef,0.939
1456307401.0,aed09b0f,0.959
1456307401.0,a2b07888,0.939
1456307401.0,d6aad50a,0.949
1456307401.0,1dc8cdb7,0.929
1456307401.0,0b790115,0.939
1456307401.0,d31bbfba,0.979
1456307401.0,d023c7ae,0.989
1456307401.0,21a92259,0.939
1456307401.0,350879b3,0.989
1456307401.0,d8823f4b,0.939
1456307401.0,d04e4045,0.969
1456307401.0,c64e61d0,0.939
1456307401.0,5f32b37f,0.999
1456307401.0,4370ed3a,0.959
1456307401.0,83c3c3bf,1.009
1456307401.0,bfb3c76b,0.949
1456307401.0,44166963,0.989
1456307401.0,27d37db7,0.979
1456307401.0,5486cb1a,0.999
1456307401.0,103696f9,0.959
1456307401.0,80340164,0.989
1456307401.0,5d5ce6c9,0.959
1456307401.0,1ddd2ac0,0.949
1456307401.0,fe21fda2,0.978
1456307401.0,782c1225,0.999
1456307401.0,f8b10f81,0.979
1456307401.0,0b15fb2a,0.949
1456307401.0,59182828,0.979
1456307401.0,ae6ec1fd,0.989
1456307401.0,4b7e86ba,1.019
1456307401.0,13afa0e9,0.939
1456307401.0,199f5310,0.949
1456307401.0,c7e28f54,0.959
1456307401.0,a97b419d,0.949
1456307401.0,0be96884,0.979
1456307401.0,3e3ac396,0.979
1456307401.0,066bd102,0.979
1456307401.0,bd5e0804,0.949
1456307401.0,936bc3be,0.969
1456307401.0,79e81a72,0.989
1456307401.0,5a3d51b4,0.959
1456307401.0,ff485bff,0.949
1456307401.0,54dcc913,0.979
1456307401.0,dca18dd2,0.989
1456307401.0,6390097a,0.999
1456307401.0,f0af9cc2,0.939
1456307401.0,7aa8077e,0.959
1456307401.0,26e8a3e0,0.959
1456307401.0,a3cd819d,0.959
1456307401.0,a1a54361,0.979
1456307401.0,8551d143,0.989
1456307401.0,c17eb923,0.939
1456307401.0,69d749f5,0.959
1456307401.0,b5259455,1.009
1456307401.0,4d4039fd,0.939
1456307401.0,79eb6d1c,0.929
1456307401.0,77c875bb,0.969
1456307401.0,fdce6bd4,0.979
1456307401.0,e1aebaad,0.949
1456307401.0,d97d5b77,0.949
1456307401.0,0a20dd73,0.989
1456307401.0,78390be0,0.959
1456307401.0,07e15eec,0.969
1456307401.0,ab7d8dd4,0.969
1456307401.0,56db8c22,0.979
1456307401.0,bf276ef6,0.959
1456307401.0,242f7b9b,0.999
1456307401.0,43206580,0.969
1456307401.0,6e1fafd5,0.959
1456307401.0,b204b97b,0.999
1456307401.0,64bb101c,0.969
1456307401.0,a1ca21f6,0.929
1456307401.0,3219cb04,0.939
1456307401.0,b32694b6,0.979
1456307401.0,6b4d97ef,1.019
1456307401.0,cfea1db9,0.969
1456307401.0,1fef1b51,0.979
1456307401.0,c97cc7c4,1.019
1456307401.0,ccc808c9,0.949
1456307401.0,94d84ba4,0.959
1456307401.0,2ce7ea0e,0.969
1456307401.0,850f168b,0.989
1456307401.0,9042df2b,0.969
1456307401.0,d90a2276,0.949
1456307401.0,ca089b70,0.989
1456307401.0,4b53a6b2,0.999
1456307401.0,a1c3be4b,0.959
1456307401.0,4347f862,0.939
1456307401.0,e3792bc9,1.009
1456307401.0,ab28d306,0.999
1456307401.0,212dc31a,0.949
1456307401.0,e9fe3dfb,0.999
1456307401.0,c5f1c80c,0.949
1456307401.0,dd465a5d,1.009
1456307401.0,b934f66f,0.959
1456307401.0,410bb594,0.979
1456307401.0,58d274cb,0.959
1456307401.0,827fe9cd,0.949
1456307401.0,186a2106,0.979
1456307401.0,39c2a91f,0.939
1456307401.0,987c1347,0.969
1456307401.0,d5a420b3,0.989
1456307401.0,5effda31,0.959
1456307401.0,2042ed0f,0.969
1456307401.0,d1ac10cc,0.959
1456307401.0,5b35d3e9,0.929
1456307401.0,88cccf93,0.949
1456307401.0,68e0a118,0.969
1456307401.0,af83f8c0,0.969
1456307401.0,63fe8dd4,0.959
1456307401.0,0fc44087,0.969
1456307401.0,e80747bb,0.979
1456307401.0,7c4a4d03,1.059
1456307401.0,231c19cd,0.959
1456307401.0,8785401b,0.979
1456307401.0,b71fea96,0.999
1456307401.0,9ea3d2b6,0.939
1456307401.0,bf0b9827,0.949
1456307401.0,993296db,0.979
1456307401.0,15b3db43,0.979
1456307401.0,e50cc55b,0.979
1456307401.0,9598f3ac,0.979
1456307401.0,c1d8eb68,0.979
1456307401.0,6105a562,0.969
1456307401.0,eca21f05,0.969
1456307401.0,8662df6b,1.009
1456307401.0,58a914d5,0.939
1456307401.0,bdf0a3dc,0.959
1456307401.0,9cc7617e,0.959
1456307401.0,48cd0b07,0.959
1456307401.0,7433201e,0.959
1456307401.0,123a41c8,0.969
1456307401.0,37350fbc,0.969
1456307401.0,ffa36ea0,0.979
1456307401.0,f224f5b7,0.949
1456307401.0,91d18db5,0.989
1456307401.0,5fd380ef,0.999
1456307401.0,fff1f639,0.959
1456307401.0,dddb4fe2,0.969
1456307401.0,74311576,0.989
1456307401.0,315928ce,0.959
1456307401.0,,0.979
1456307401.0,8087a244,0.969
1456307401.0,a2f965eb,0.979
1456307401.0,d98fe3f5,0.974
1456307401.0,536d9ac3,1.019
1456307401.0,c366f7fc,0.939
1456307401.0,6170e6c3,0.979
1456307401.0,a2c55ea4,0.989
1456307401.0,33fb9f1a,0.979
1456307401.0,649461ec,0.959
1456307401.0,5ef62f10,0.979
1456307401.0,ed554144,0.969
1456307401.0,668a9de0,0.929
1456307401.0,1cc005a8,0.949
1456307401.0,9499ceea,0.979
1456307401.0,ffce6baf,0.949
1456307401.0,1f790c2c,0.999
1456307401.0,33aa21fa,1.069
1456307401.0,a5b8429f,0.989
1456307401.0,909a22a4,0.949
1456307401.0,760168a7,0.979
1456307401.0,9a36bae8,0.959
1456307401.0,250c9baa,0.959
1456307401.0,dd192f15,0.959
1456307401.0,e7b6ab01,0.979
1456307401.0,5580f197,0.999
1456307401.0,a48343d6,0.959
1456307401.0,922d7fa3,0.949
1456307401.0,573b539e,0.999
1456307401.0,1929bb2b,0.999
1456307401.0,f3e6f0ea,0.979
1456307401.0,76cc63cc,0.979
1456307401.0,b0c8723c,0.969
1456307401.0,10b34f01,0.989
1456307401.0,7a4d72a4,0.999
1456307401.0,cb7a19f8,0.969
1456307401.0,3a1e42ab,0.929
1456307401.0,c0fe2d57,0.949
1456307401.0,fd09c85a,0.959
1456307401.0,b2157446,0.959
1456307401.0,332fb1ba,0.959
1456307401.0,c4124a50,1.009
1456307401.0,c460ad8e,0.979
1456307401.0,c3bfe078,0.949
1456307401.0,64bc8569,0.949
1456307401.0,20cf5cec,0.919
1456307401.0,3a0cbd9d,1.059
1456307401.0,539e7513,0.939
1456307401.0,e2cc6025,0.959
1456307401.0,b0b0be19,0.939
1456307401.0,fdda2a1f,0.989
1456307401.0,dedc2342,0.949
1456307401.0,ec22cdab,1.009
1456307401.0,98e26149,0.939
1456307401.0,5bf41255,0.989
1456307401.0,8bb26207,0.949
1456307401.0,a2c0fdb0,0.979
1456307401.0,bf20d0c1,0.949
1456307401.0,afd35ba0,0.909
1456307401.0,129d1493,0.949
1456307401.0,f47f4232,0.949
1456307401.0,e5232a6c,0.969
1456307401.0,f28edad2,0.969
1456307401.0,09c6edbf,0.989
1456307401.0,5741a508,0.949
1456307401.0,,0.989
1456307401.0,54e207d2,0.979
1456307401.0,be99051f,0.999
1456307401.0,5321252a,0.979
1456307401.0,5c88c29d,0.939
1456307401.0,a16adda9,0.949
1456307401.0,017f1d73,0.989
1456307401.0,84fcbe9f,0.939
1456307401.0,44222522,0.969
1456307401.0,a338a4eb,0.939
1456307401.0,194f69ab,0.919
1456307401.0,5fc37dfd,0.979
1456307401.0,4b7b3dd3,0.999
1456307401.0,823f1901,0.959
1456307401.0,ae8a27ee,0.989
1456307401.0,9af0b5ab,0.999
1456307401.0,6ff38393,0.989
1456307401.0,926c754c,0.959
1456307401.0,fd5c987c,0.949
1456307401.0,5f27c859,0.969
1456307401.0,f1929c3e,0.989
1456307401.0,7fccdc2c,0.969
1456307401.0,41f89d4b,0.939
1456307401.0,a7eeba86,0.969
1456307401.0,a6fe89c8,0.969
1456307401.0,26eb11ab,0.989
1456307401.0,50e125b9,0.979
1456307401.0,16fbfac7,0.949
1456307401.0,dc5ff7cf,0.969
1456307401.0,c5df532c,0.979
1456307401.0,68f71b6d,0.979
1456307401.0,925baf40,0.969
1456307401.0,83a4c48e,0.949
1456307401.0,76a48cbe,0.959
1456307401.0,e526650e,0.939
1456307401.0,1c504132,0.949
1456307401.0,dfa90483,0.939
1456307401.0,6d6a4209,0.959
1456307401.0,6e1a006b,0.939
1456307401.0,d1bc0e20,0.939
1456307401.0,5d0bbc06,0.949
1456307401.0,e4dcc2ad,0.979
1456307401.0,20338fa9,0.949
1456307401.0,1fb16863,0.949
1456307401.0,9275ec29,0.969
1456307401.0,12d8c014,0.989
1456307401.0,8928a7d8,0.979
1456307401.0,810fc069,0.939
1456307401.0,76a02736,0.979
1456307401.0,baba3913,0.989
1456307401.0,3f433cee,0.949
1456307401.0,574656d1,0.949
1456307401.0,f6955150,0.919
1456307401.0,b661e7f7,0.929
1456307401.0,006407b4,0.949
1456307401.0,81db3a9a,0.949
1456307401.0,46ad9f53,0.929
1456307401.0,4e6d2a07,0.989
1456307401.0,,0.939
1456307401.0,fc59259b,1.009
1456307401.0,f6afdfd6,0.949
1456307401.0,c6d24a24,0.949
1456307401.0,b0c139bb,0.969
1456307401.0,e2064e64,0.999
1456307401.0,7b8e3478,0.979
1456307401.0,d4f7e2c6,0.979
1456307401.0,7586849a,0.959
1456307401.0,22491a38,0.949
1456307401.0,1b10d043,1.009
1456307401.0,c97471de,0.969
1456307401.0,2178a97e,0.959
1456307401.0,89d5bd42,0.959
1456307401.0,4235a8fd,0.939
1456307401.0,e395d76d,0.969
1456307401.0,68e1f6e3,0.949
1456307401.0,f9294b46,0.969
1456307401.0,57970dd5,0.969
1456307401.0,aca99357,0.999
1456307401.0,46d1ac1a,0.939
1456307401.0,cbd615c9,0.959
1456307401.0,b68ce153,0.959
1456307401.0,1f1403a7,0.999
1456307401.0,415c90aa,0.949
1456307401.0,10fa0582,0.939
1456307401.0,0d0459d7,1.039
1456307401.0,b8ab8097,0.969
1456307401.0,b8b66437,0.959
1456307401.0,d5f0bacd,0.924
1456307401.0,9940dbfc,0.949
1456307401.0,4d5f25c7,0.959
1456307401.0,f7dcd56c,0.949
1456307401.0,fee76af5,0.949
1456307401.0,5dd52cfc,0.979
1456307401.0,90f776c5,0.959
1456307401.0,d7f4cb8b,1.009
1456307401.0,16a70ba2,0.999
1456307401.0,014078e4,0.949
1456307401.0,efe39034,0.959
1456307401.0,cef089b3,0.939
1456307401.0,8962a152,0.969
1456307401.0,537b151f,0.959
1456307401.0,a03a811d,0.959
1456307401.0,94b09940,0.989
1456307401.0,64735bee,0.969
1456307401.0,32dcc2c9,0.989
1456307401.0,a8bb8cc7,0.959
1456307401.0,3fa012b6,0.969
1456307401.0,9c4c0229,0.939
1456307641.0,d9a3e681,0.939
1456307641.0,a4006e8d,0.959
1456307641.0,fc134cb6,0.989
1456307641.0,7632d7b7,0.989
1456307641.0,19296a92,0.989
1456307641.0,e07c0604,0.959
1456307641.0,8cdfd072,0.939
1456307641.0,d2597bc8,0.939
1456307641.0,dd270564,0.949
1456307641.0,bffe1a68,0.979
1456307641.0,58d48103,0.989
1456307641.0,2c9a6a74,0.959
1456307641.0,4e7b5ef6,0.959
1456307641.0,b51f0a61,0.969
1456307641.0,1b611c60,0.969
1456307641.0,c0b82c6f,0.909
1456307641.0,f822968e,0.949
1456307641.0,b3d1f607,0.919
1456307641.0,0c3bcbe7,0.939
1456307641.0,570dabcb,0.939
1456307641.0,6610198a,0.989
1456307641.0,7d98e545,0.949
1456307641.0,0c475d4b,0.979
1456307641.0,427c61e9,0.949
1456307641.0,fa482668,0.969
1456307641.0,242f842b,0.909
1456307641.0,271e2be1,0.989
1456307641.0,0e65094f,0.969
1456307641.0,8730426e,0.969
1456307641.0,0aede896,0.979
1456307641.0,7787058a,0.989
1456307641.0,e63a5c48,0.959
1456307641.0,91632530,0.939
1456307641.0,2b181265,0.969
1456307641.0,ca3dc497,0.999
1456307641.0,d2f10be7,0.969
1456307641.0,0afb21d0,0.989
1456307641.0,7b125f4e,0.949
1456307641.0,888f3033,0.959
1456307641.0,297818d7,0.999
1456307641.0,bca31534,0.989
1456307641.0,5ecab051,0.999
1456307641.0,d17204b8,0.979
1456307641.0,34f8b648,0.989
1456307641.0,9278d791,0.949
1456307641.0,9c38cf72,0.969
1456307641.0,22878111,0.939
1456307641.0,43b030ef,0.979
1456307641.0,b48ba10e,0.929
1456307641.0,f6746552,0.959
1456307641.0,010520ef,0.939
1456307641.0,21fa9a42,0.949
1456307641.0,6823a8b2,0.969
1456307641.0,59a378e4,0.969
1456307641.0,96300c44,0.989
1456307641.0,f86a6ea1,0.959
1456307641.0,2731c4c9,0.959
1456307641.0,ea2d6eca,0.979
1456307641.0,cbf83fe3,0.999
1456307641.0,9c3caa26,0.979
1456307641.0,e03f4572,0.949
1456307641.0,492796c0,0.989
1456307641.0,9f61347e,0.969
1456307641.0,cd3580e7,0.979
1456307641.0,a9ff2f34,0.969
1456307641.0,82f09d4f,0.959
1456307641.0,65964ff0,0.989
1456307641.0,08506b59,0.959
1456307641.0,9d98d36c,1.029
1456307641.0,eacc3482,0.989
1456307641.0,33336ca6,0.959
1456307641.0,114290a9,0.964
1456307641.0,f4098695,0.999
1456307641.0,c8d87efe,1.019
1456307641.0,67642b0d,0.989
1456307641.0,54f48068,0.999
1456307641.0,185c6827,0.979
1456307641.0,a9f75b32,0.969
1456307641.0,55a39b60,0.979
1456307641.0,ce942bef,0.919
1456307641.0,506ed98f,0.939
1456307641.0,9609842a,0.939
1456307641.0,0657e6a3,0.979
1456307641.0,d7cf6845,0.949
1456307641.0,8c76092e,0.929
1456307641.0,ccd61b2c,0.989
1456307641.0,c219585c,0.999
1456307641.0,012d8a4c,0.959
1456307641.0,478964f7,0.939
1456307641.0,f84b6775,0.969
1456307641.0,e6c64a05,1.019
1456307641.0,c0e39558,0.949
1456307641.0,c0a3d1e4,0.969
1456307641.0,7d9fd3be,0.969
1456307641.0,3b4c70df,0.959
1456307641.0,ffdbe16c,0.929
1456307641.0,f3a6a0c8,0.989
1456307641.0,e946aba1,0.969
1456307641.0,f9a14adc,0.959
1456307641.0,829de252,0.959
1456307641.0,3ff39a76,0.979
1456307641.0,658748ac,0.969
1456307641.0,2c82fe56,0.969
1456307641.0,249fa6e1,0.969
1456307641.0,c32b7c81,0.959
1456307641.0,3271e76a,0.989
1456307641.0,2e4ef56a,0.949
1456307641.0,0d70fbb1,0.989
1456307641.0,291377c9,0.969
1456307641.0,37af09a8,0.979
1456307641.0,2e49818d,0.949
1456307641.0,7e3542f5,0.979
1456307641.0,d225b33f,0.989
1456307641.0,ba0d3095,0.949
1456307641.0,63ded480,0.969
1456307641.0,5900ebe4,0.939
1456307641.0,d887646b,0.939
1456307641.0,ec85f8b2,0.969
1456307641.0,54ba3e2f,0.934
1456307641.0,14a12755,0.939
1456307641.0,44adf9c1,0.949
1456307641.0,d5118031,0.969
1456307641.0,6135497e,0.939
1456307641.0,f44172d4,0.939
1456307641.0,2330f268,0.959
1456307641.0,3f15b05a,0.959
1456307641.0,8983b1fe,0.979
1456307641.0,b375596b,1.029
1456307641.0,143e78de,0.939
1456307641.0,b1b62cb5,0.969
1456307641.0,c2400430,0.969
1456307641.0,c74444b1,1.009
1456307641.0,990356d6,0.969
1456307641.0,5963169b,0.979
1456307641.0,5c39d395,0.969
1456307641.0,0324ee01,0.959
1456307641.0,d51ef3f5,0.939
1456307641.0,9279854d,0.959
1456307641.0,fe21fda2,0.979
1456307641.0,3d340b37,0.969
1456307641.0,5325ade4,0.969
1456307641.0,8cdff641,0.939
1456307641.0,fbcad1cd,0.949
1456307641.0,3b31f64c,0.959
1456307641.0,bcfb8220,0.989
1456307641.0,96407ff6,0.989
1456307641.0,bb0418d7,0.949
1456307641.0,1a45c6ef,0.969
1456307641.0,a2d171ec,0.989
1456307641.0,5e1008fc,0.999
1456307641.0,5d132310,0.979
1456307641.0,4f58556c,0.939
1456307641.0,cf7e8dae,0.969
1456307641.0,f645748d,0.979
1456307641.0,9705cfe5,0.969
1456307641.0,80d45a73,0.949
1456307641.0,a664a217,0.939
1456307641.0,4a64b85e,0.969
1456307641.0,202af8f9,0.979
1456307641.0,2550001f,0.949
1456307641.0,a4a6b026,0.959
1456307641.0,34226dec,0.959
1456307641.0,b80c5908,0.999
1456307641.0,49a6b4d3,0.959
1456307641.0,e8befa14,0.989
1456307641.0,a3b115d1,0.989
1456307641.0,d5d39b19,0.949
1456307641.0,dbb755da,0.999
1456307641.0,,0.959
1456307641.0,61173148,0.938
1456307641.0,f56256a9,0.989
1456307641.0,e9c48a65,0.989
1456307641.0,7776be9f,0.939
1456307641.0,356493b9,0.959
1456307641.0,a500d475,0.949
1456307641.0,5d04b2ad,0.969
1456307641.0,ab473015,0.979
1456307641.0,284b19f5,0.969
1456307641.0,ba7cab9b,0.999
1456307641.0,dc99dfd7,0.989
1456307641.0,71885813,1.009
1456307641.0,4bc1c239,1.029
1456307641.0,79ddc5ca,0.999
1456307641.0,3b6590c2,0.949
1456307641.0,e99fa253,0.969
1456307641.0,796a3cec,0.949
1456307641.0,ca089b70,0.979
1456307641.0,433a5787,0.979
1456307641.0,9e47d969,0.949
1456307641.0,12dd04fe,0.919
1456307641.0,0463664c,0.959
1456307641.0,827fe9cd,0.949
1456307641.0,bf83ff8d,0.989
1456307641.0,dd5107f2,0.969
1456307641.0,f92266c5,0.969
1456307641.0,212fd8e9,0.989
1456307641.0,e589fd9d,0.959
1456307641.0,8e88bf8c,0.939
1456307641.0,c3606f90,0.949
1456307641.0,1e5cdac4,0.964
1456307641.0,71b846ff,0.949
1456307641.0,b6a10cdf,0.939
1456307641.0,e628dd10,0.949
1456307641.0,6b20d7e5,0.979
1456307641.0,da9d831f,0.939
1456307641.0,17cc3598,0.949
1456307641.0,5aa49c2a,0.929
1456307641.0,5ed50ecc,0.939
1456307641.0,4dac6b68,0.959
1456307641.0,,1.009
1456307641.0,2e589edd,0.949
1456307641.0,6ebc646b,0.969
1456307641.0,9679655e,0.979
1456307641.0,4ce21f31,0.989
1456307641.0,d65297c3,0.979
1456307641.0,f39134b3,0.949
1456307641.0,07effad4,0.989
1456307641.0,e9b0a748,0.989
1456307641.0,bf80d980,0.979
1456307641.0,07de256c,0.989
1456307641.0,0f155e0a,0.949
1456307641.0,82319435,0.969
1456307641.0,,0.959
1456307641.0,a83f530e,0.969
1456307641.0,9c4972e3,0.939
1456307641.0,6465956f,0.909
1456307641.0,d96f8933,0.989
1456307641.0,2ae61bab,0.979
1456307641.0,459e8360,0.969
1456307641.0,b90dd2fb,0.979
1456307641.0,1ef95412,0.949
1456307641.0,01a2d8cf,0.999
1456307641.0,99409692,0.959
1456307641.0,,0.929
1456307641.0,4c74fdcc,0.959
1456307641.0,6e9e301f,0.979
1456307641.0,00496bce,0.949
1456307641.0,b4e0667f,0.989
1456307641.0,1f35a745,0.959
1456307641.0,7f49ff21,0.949
1456307641.0,90cec242,0.949
1456307641.0,16a73c7d,0.969
1456307641.0,4579a85c,0.979
1456307641.0,c5094307,0.969
1456307641.0,ceda1d43,0.949
1456307641.0,a952ede9,0.959
1456307641.0,ffcde0bb,0.989
1456307641.0,8df7b7e0,0.959
1456307641.0,4d5c23ec,0.979
1456307641.0,a59c4cfa,0.989
1456307641.0,7ebce3f0,0.979
1456307641.0,684a7ab7,0.929
1456307641.0,58ec06f1,0.989
1456307641.0,03325fa4,0.959
1456307641.0,7c912d45,0.949
1456307641.0,9ab966b7,0.979
1456307641.0,5953f6dc,0.969
1456307641.0,e532f970,0.939
1456307641.0,97f66660,0.979
1456307641.0,82d7fda1,0.969
1456307641.0,1bb94f90,0.949
1456307641.0,6860f6a1,0.939
1456307641.0,b44da49f,0.989
1456307641.0,13e237c2,0.969
1456307641.0,fab2186a,0.959
1456307641.0,2f6edad9,1.009
1456307641.0,e17ef357,0.929
1456307641.0,c793eda5,0.944
1456307641.0,5a3f99e3,0.939
1456307641.0,,0.969
1456307641.0,a70de662,0.999
1456307641.0,8405466d,0.979
1456307641.0,d180cfeb,0.969
1456307641.0,f9e89c40,0.929
1456307641.0,1219a469,0.989
1456307641.0,6fefe9a7,1.009
1456307641.0,d7f9f13e,1.009
1456307641.0,a373cdfc,0.949
1456307641.0,1d2f1425,0.929
1456307641.0,c6f69752,0.929
1456307641.0,b8705ff2,0.939
1456307641.0,803beab6,0.939
1456307641.0,b7496873,0.949
1456307641.0,758e532b,0.939
1456307641.0,2d4a2d35,0.929
1456307641.0,193d5fa7,0.949
1456307641.0,d472efac,0.939
1456307641.0,9aab0c6c,0.929
1456307641.0,baba3913,0.989
1456307641.0,73e22345,0.959
1456307641.0,92dfb6d0,0.969
1456307641.0,688653f8,0.949
1456307641.0,a67c83ad,0.949
1456307641.0,,0.929
1456307641.0,add88990,0.979
1456307641.0,74635252,0.959
1456307641.0,c6ca359a,0.959
1456307641.0,c404557e,0.949
1456307641.0,7142929d,0.969
1456307641.0,211776ed,0.959
1456307641.0,73f7d503,0.929
1456307641.0,9557f893,0.969
1456307641.0,6df631ee,0.979
1456307641.0,38f029e2,0.969
1456307641.0,a5fbf851,0.949
1456307641.0,04486e6c,0.969
1456307641.0,3f3540c1,0.919
1456307641.0,b76902b4,0.959
1456307641.0,a462d05b,0.989
1456307641.0,dbb6df9e,1.009
1456307641.0,702a8264,0.939
1456307641.0,cb814e8e,0.939
1456307641.0,6dbdc4a2,0.949
1456307641.0,2a00b312,0.949
1456307641.0,c042fdd9,0.969
1456307641.0,82c54482,0.969
1456307641.0,7cf2b30a,1.009
1456307641.0,b6ac7c95,0.939
1456307641.0,57e77986,0.939
1456307641.0,9abcad1c,0.989
1456307641.0,efe39034,0.959
1456307641.0,a8f38887,0.989
1456307641.0,9499ff78,0.939
1456307641.0,d1780d08,0.969
1456307641.0,f94e75cd,0.979
1456307641.0,5d11fd07,0.949
1456307641.0,e5e6c292,0.939
1456307641.0,8f6f71cb,0.969
1456307881.0,bf66734b,0.969
1456307881.0,a8907693,0.949
1456307881.0,fd8acdfd,0.969
1456307881.0,ea1e491b,1.009
1456307881.0,ef2c1942,0.959
1456307881.0,c8fad469,0.999
1456307881.0,1ad58c2b,0.959
1456307881.0,43951a64,0.999
1456307881.0,e6b8819f,0.919
1456307881.0,e72628ad,0.919
1456307881.0,6a8c75fd,0.999
1456307881.0,f7665440,0.989
1456307881.0,d8834ec2,0.979
1456307881.0,7006be5d,0.989
1456307881.0,5b75cc8d,0.969
1456307881.0,24c0c404,0.999
1456307881.0,c597ae24,0.989
1456307881.0,b064c9f5,1.009
1456307881.0,1a56d0e9,0.989
1456307881.0,cb7b59b6,0.979
1456307881.0,e399a8ea,0.969
1456307881.0,ab7cf567,0.939
1456307881.0,ac22a573,0.939
1456307881.0,33d56fd4,0.949
1456307881.0,8bf505c8,0.969
1456307881.0,ca466dce,0.979
1456307881.0,630f5fa3,0.969
1456307881.0,f889436a,0.969
1456307881.0,,0.949
1456307881.0,abcdcbad,0.969
1456307881.0,fcf48a23,0.979
1456307881.0,d09811d3,0.999
1456307881.0,13b8b105,0.979
1456307881.0,655988e9,0.979
1456307881.0,eca6ad54,0.959
1456307881.0,5110f142,0.969
1456307881.0,12f330d3,0.959
1456307881.0,485c7940,0.939
1456307881.0,28071dbd,0.959
1456307881.0,f4ba9484,1.019
1456307881.0,1018f316,0.989
1456307881.0,4b36fa89,0.959
1456307881.0,0c39b458,0.979
1456307881.0,8bb9b028,0.949
1456307881.0,0e025df7,1.009
1456307881.0,0f76eceb,0.969
1456307881.0,1bbf25c0,0.949
1456307881.0,1ab747ac,0.949
1456307881.0,78c59dfc,0.949
1456307881.0,,1.024
1456307881.0,3f6704e5,0.999
1456307881.0,e541a3b3,0.959
1456307881.0,0001c9be,0.979
1456307881.0,fe6d2d7c,0.939
1456307881.0,5f881538,0.969
1456307881.0,980060a7,0.979
1456307881.0,26d3d3cd,0.949
1456307881.0,8d5a6091,0.999
1456307881.0,e3776f3c,0.919
1456307881.0,447dba6a,0.969
1456307881.0,f0359f5c,0.989
1456307881.0,56858967,0.969
1456307881.0,d1b70ad0,0.949
1456307881.0,b0a76bca,0.979
1456307881.0,a2729b52,0.959
1456307881.0,a1c28fee,0.969
1456307881.0,cd3580e7,0.979
1456307881.0,c065b81d,0.954
1456307881.0,a30a80ce,0.929
1456307881.0,c3a379ab,0.989
1456307881.0,c515316c,0.949
1456307881.0,88759e4a,0.919
1456307881.0,00a2a041,0.979
1456307881.0,15b99812,0.969
1456307881.0,eacc3482,0.989
1456307881.0,c4b30834,0.949
1456307881.0,8f5e2757,0.959
1456307881.0,0187d1d6,0.989
1456307881.0,c8d87efe,0.939
1456307881.0,f1b1a06d,0.959
1456307881.0,27707ee4,0.949
1456307881.0,549d95e1,0.969
1456307881.0,c66eeb5b,0.959
1456307881.0,dc57dd3e,0.989
1456307881.0,e2b8f259,0.939
1456307881.0,b916d3a8,0.939
1456307881.0,716b6235,0.989
1456307881.0,fc6311f1,1.009
1456307881.0,fea3781d,0.959
1456307881.0,87969b95,0.959
1456307881.0,41182762,0.959
1456307881.0,97543d60,0.944
1456307881.0,71a6b9f3,0.979
1456307881.0,,0.999
1456307881.0,01735f50,0.979
1456307881.0,c2952252,0.989
1456307881.0,b54a85b1,0.949
1456307881.0,ca6cf07d,0.949
1456307881.0,aade08a5,0.969
1456307881.0,97911c0d,0.949
1456307881.0,29291727,0.969
1456307881.0,b037d703,0.979
1456307881.0,de18aa7d,0.959
1456307881.0,1922bce9,0.939
1456307881.0,9a598c61,0.959
1456307881.0,f5d3bc3a,0.939
1456307881.0,7e67d294,0.949
1456307881.0,af6137bf,0.989
1456307881.0,32bf0348,0.959
1456307881.0,da9f2014,0.969
1456307881.0,455166b9,0.979
1456307881.0,9cd2e129,0.949
1456307881.0,2f6a5cea,0.959
1456307881.0,58419a90,0.979
1456307881.0,8d6ec707,0.939
1456307881.0,216b96ab,0.969
1456307881.0,5b63b72b,0.989
1456307881.0,8ab710a0,0.949
1456307881.0,72162ebe,0.979
1456307881.0,566376d2,0.999
1456307881.0,882af727,0.989
1456307881.0,d0145a6c,0.969
1456307881.0,d48d3de5,0.959
1456307881.0,c7df902b,0.969
1456307881.0,d16d0a6e,1.009
1456307881.0,759c0ad5,0.939
1456307881.0,360ecf54,0.929
1456307881.0,81510092,1.009
1456307881.0,575bb735,1.009
1456307881.0,85f08836,0.989
1456307881.0,3a3fcab7,0.929
1456307881.0,3d026101,0.939
1456307881.0,be84ceff,0.989
1456307881.0,250f245f,0.979
1456307881.0,d3bb1de9,0.949
1456307881.0,232a4a6a,0.969
1456307881.0,6ab09d29,0.955
1456307881.0,25e13742,0.959
1456307881.0,c8df5f11,0.969
1456307881.0,8b3f44b0,0.999
1456307881.0,70276361,0.939
1456307881.0,4824bf4c,0.949
1456307881.0,bef54869,0.939
1456307881.0,ce405060,0.929
1456307881.0,7b71a1ae,0.949
1456307881.0,23328c7a,0.979
1456307881.0,dcf12c2f,0.959
1456307881.0,a5c5f9b2,0.979
1456307881.0,d9b9345c,0.954
1456307881.0,794a868c,0.969
1456307881.0,fb417046,0.989
1456307881.0,ca0c1721,0.949
1456307881.0,42fc2804,1.029
1456307881.0,f847749e,0.939
1456307881.0,31172c6e,0.939
1456307881.0,5e9aaf1c,0.999
1456307881.0,14296800,0.949
1456307881.0,444273fb,0.969
1456307881.0,7de5339f,0.979
1456307881.0,5b842987,0.929
1456307881.0,15a5d68a,0.959
1456307881.0,17efd51c,1.009
1456307881.0,db26ca9c,0.989
1456307881.0,3de5ce2e,0.949
1456307881.0,fee45b54,0.969
1456307881.0,18ac93f2,0.939
1456307881.0,788b07d6,0.959
1456307881.0,9d62bf3b,0.949
1456307881.0,6719ddbc,0.929
1456307881.0,e751ae48,0.949
1456307881.0,90bdfe5b,0.969
1456307881.0,e5561b2d,0.959
1456307881.0,235541b4,0.979
1456307881.0,f645748d,0.979
1456307881.0,58f2498c,0.959
1456307881.0,da91fae8,0.959
1456307881.0,b4fd97c1,0.989
1456307881.0,aa2cc83b,0.989
1456307881.0,3ca42fdd,0.959
1456307881.0,0c4f31d4,0.949
1456307881.0,b0599356,0.959
1456307881.0,c23de96c,0.949
1456307881.0,70a38521,0.989
1456307881.0,ccd1f9f2,0.969
1456307881.0,59214d4e,0.989
1456307881.0,57a33e46,0.969
1456307881.0,95b51a98,0.959
1456307881.0,e4de6238,1.009
1456307881.0,468267fb,0.949
1456307881.0,b0f4b28e,0.979
1456307881.0,0a0ef89e,0.939
1456307881.0,685a30f7,0.979
1456307881.0,a3b115d1,0.959
1456307881.0,3e5ecb79,0.969
1456307881.0,0716682f,0.979
1456307881.0,8dc9de7b,0.959
1456307881.0,8914d28e,0.969
1456307881.0,d3953243,0.979
1456307881.0,346b37d2,0.949
1456307881.0,80e1c626,0.939
1456307881.0,330ca499,1.019
1456307881.0,ac8fe45c,0.959
1456307881.0,83e564c6,0.999
1456307881.0,300d7670,0.989
1456307881.0,7b424e1c,1.009
1456307881.0,eb3b36ff,0.969
1456307881.0,2d4e58b5,0.999
1456307881.0,68af1b90,0.948
1456307881.0,b8aae107,0.979
1456307881.0,60ad081f,0.999
1456307881.0,ce519ed4,0.969
1456307881.0,776f095d,0.999
1456307881.0,67f771de,0.979
1456307881.0,f4a86f83,0.929
1456307881.0,6321db63,0.959
1456307881.0,566fa8fb,0.989
1456307881.0,eac2af55,0.949
1456307881.0,9380a9c3,0.979
1456307881.0,8e302603,0.979
1456307881.0,8c6a9ff5,0.979
1456307881.0,2ef6b1d5,0.949
1456307881.0,826ef9e5,0.929
1456307881.0,aac612fe,0.969
1456307881.0,44959c83,1.019
1456307881.0,a50ae4a2,0.959
1456307881.0,0746aa69,0.924
1456307881.0,d0b3d48c,0.939
1456307881.0,d556f79b,0.949
1456307881.0,72ecbc2d,0.989
1456307881.0,e57ad6a0,0.969
1456307881.0,22521c52,0.969
1456307881.0,c360e760,0.979
1456307881.0,c0911b94,0.959
1456307881.0,c3efdbea,0.979
1456307881.0,354f3556,0.999
1456307881.0,a2e94245,0.979
1456307881.0,0e367b40,0.969
1456307881.0,e5a3d8f9,0.949
1456307881.0,d64dcb15,0.959
1456307881.0,17c70718,1.009
1456307881.0,c2123d31,0.949
1456307881.0,c083a2d4,0.969
1456307881.0,5aeee11f,0.949
1456307881.0,b8091458,0.989
1456307881.0,756b37e6,0.949
1456307881.0,51ef56f1,0.969
1456307881.0,57525dc2,0.989
1456307881.0,04543b56,0.979
1456307881.0,ebefc91b,0.979
1456307881.0,30176a30,0.989
1456307881.0,714eaded,0.959
1456307881.0,27268be1,0.999
1456307881.0,5a8b0e02,0.979
1456307881.0,8923b20c,1.019
1456307881.0,5e3c55e4,0.949
1456307881.0,93aae403,0.949
1456307881.0,9bfdebe0,1.009
1456307881.0,9f57c2e7,0.949
1456307881.0,ece6b02f,0.979
1456307881.0,98c2fb0e,0.959
1456307881.0,2323e5c3,0.969
1456307881.0,020dac80,0.999
1456307881.0,5cb012ef,0.989
1456307881.0,3321fa98,0.969
1456307881.0,346a1694,0.989
1456307881.0,b2a8b4b9,0.929
1456307881.0,ea7a855b,0.979
1456307881.0,c7804480,1.019
1456307881.0,ba73e19b,0.959
1456307881.0,272828c5,0.989
1456307881.0,2601854e,0.959
1456307881.0,c53a45b7,0.989
1456307881.0,43d54d96,0.969
1456307881.0,d73f85dd,0.959
1456307881.0,f1832ad0,0.999
1456307881.0,9171a74f,0.929
1456307881.0,4270cadf,0.959
1456307881.0,a622d33e,0.959
1456307881.0,c24a4e37,0.949
1456307881.0,f06e40a6,0.979
1456307881.0,684e26a4,0.989
1456307881.0,e9e52898,0.969
1456307881.0,dac4fe2a,0.929
1456307881.0,99d4f63c,0.949
1456307881.0,69f7d4d7,0.989
1456307881.0,0675dfd1,0.969
1456307881.0,4352ae26,0.959
1456307881.0,db7cca98,0.979
1456307881.0,b8461f7b,0.949
1456307881.0,8b47b275,0.979
1456307881.0,ed0445b8,0.919
1456307881.0,63111fa6,0.949
1456307881.0,747d5419,0.979
1456307881.0,768030e0,0.938
1456307881.0,40271791,0.979
1456307881.0,ee7c2d70,0.969
1456307881.0,8ea85961,0.969
1456307881.0,5103112e,0.989
1456307881.0,23e2d722,0.989
1456307881.0,506ea768,0.979
1456307881.0,,0.939
1456307881.0,8536a14e,0.969
1456307881.0,39040b75,0.989
1456307881.0,34cd760d,0.979
1456307881.0,c06606c4,0.969
1456307881.0,2f349c74,0.969
1456307881.0,f2ef7300,0.949
1456307881.0,eb9dfa86,0.949
1456307881.0,8bdd5502,0.949
1456307881.0,f5ccc280,0.969
1456307881.0,fe172e09,0.969
1456307881.0,716baf59,0.959
1456307881.0,257b4f91,0.959
1456307881.0,ee288062,1.009
1456307881.0,ec487980,0.959
1456307881.0,b4154d71,0.979
1456307881.0,04bc5ae6,0.969
1456307881.0,99279e16,0.969
1456307881.0,4046803d,0.939
1456307881.0,,1.009
1456307881.0,da19dfd3,0.979
1456307881.0,30a4941c,0.949
1456307881.0,85a8d903,0.959
1456307881.0,28eb51aa,0.999
1456307881.0,8c04c7d4,0.949
1456307881.0,250c83be,0.989
1456307881.0,b4a05b7f,0.979
1456307881.0,b4c7a5ed,0.939
1456307881.0,0ad7f620,1.009
1456307881.0,c0b165c5,0.979
1456307881.0,54cd733f,0.959
1456307881.0,0f0331a5,0.939
1456307881.0,11bec0f1,0.959
1456307881.0,74775b0d,0.999
1456307881.0,8f62454a,0.949
1456307881.0,69137adc,0.969
1456307881.0,9eb9c031,0.999
1456307881.0,622ea8b5,0.949
1456307881.0,0967fa61,0.949
1456307881.0,309a250b,0.959
1456307881.0,59c7e20b,0.939
1456307881.0,03ed2a59,0.979
1456307881.0,75a2e00a,0.959
1456307881.0,3b58625d,0.969
1456307881.0,11b72709,0.999
1456307881.0,53668235,0.939
1456307881.0,e2c5c4f3,0.959
1456307881.0,4ab47d1a,0.949
1456307881.0,8f2fb041,0.989
1456307881.0,539144f8,0.969
1456307881.0,21ccc86d,0.939
1456307881.0,c0f54c09,0.969
1456307881.0,57d1fddc,0.959
1456307881.0,f92bdf7c,0.969
1456307881.0,9f82b029,0.999
1456307881.0,2bb40266,0.989
1456307881.0,b3843814,1.019
1456307881.0,053f1320,0.949
1456307881.0,86e7b77c,0.959
1456307881.0,8841cebf,0.979
1456307881.0,8a7526b9,0.969
1456307881.0,7818ad58,0.969
1456307881.0,cf57d1bf,0.999
1456307881.0,469d3f8c,0.979
1456307881.0,5f8076ef,0.939
1456307881.0,776d441b,0.979
1456307881.0,f36f4393,0.959
1456307881.0,f0910caa,0.959
1456307881.0,0fc168e5,0.979
1456307881.0,6912da2f,0.959
1456307881.0,18e5d4af,0.989
1456307881.0,577368de,0.989
1456307881.0,741f3aab,0.999
1456307881.0,83a3b810,0.969
1456307881.0,9456d189,0.949
1456307881.0,2b043615,0.939
1456307881.0,5fd30b48,0.989
1456307881.0,9cd1b58f,0.979
1456307881.0,ce90c05e,0.969
1456307881.0,fcb3f0ac,0.969
1456307881.0,8ac12153,0.989
1456307881.0,4eaad293,0.969
1456307881.0,eae702bd,0.959
1456307881.0,77b1dec8,0.929
1456307881.0,30e60f32,0.979
1456307881.0,f2a2a323,0.979
1456307881.0,43e34126,0.999
1456307881.0,5e6de772,0.999
1456307881.0,33358700,0.949
1456307881.0,e034bbd0,0.959
1456307881.0,6db0e332,0.949
1456307881.0,c77607db,0.979
1456307881.0,a1d1ae1e,0.959
1456307881.0,ddb4781d,0.939
1456307881.0,f625c166,0.969
1456307881.0,ed1587ed,0.949
1456307881.0,47e03c5b,1.019
1456307881.0,7ecce629,0.929
1456307881.0,421ac3f9,0.959
1456307881.0,dbdba84f,0.889
1456307881.0,ded8bee6,0.959
1456307881.0,7269da44,0.979
1456307881.0,df59b3f7,0.959
1456307881.0,4657a318,0.949
1456307881.0,d3755983,0.979
1456308121.0,f3834b4f,0.989
1456308121.0,a6389424,0.969
1456308121.0,51d953d8,0.929
1456308121.0,7006be5d,0.929
1456308121.0,55da4d14,0.969
1456308121.0,e1daef8f,0.919
1456308121.0,19284bc1,0.969
1456308121.0,4a262cc4,0.959
1456308121.0,d88f7597,1.009
1456308121.0,bcace6fa,0.969
1456308121.0,ee36bec6,0.919
1456308121.0,74282c9f,0.939
1456308121.0,483e25f7,0.969
1456308121.0,1aa24614,0.989
1456308121.0,3f2ba968,0.949
1456308121.0,50b27f80,0.969
1456308121.0,00206126,0.959
1456308121.0,5f67b593,0.939
1456308121.0,ceefde2a,0.949
1456308121.0,f448cc0a,0.969
1456308121.0,0d9ac59b,0.949
1456308121.0,20d94201,0.959
1456308121.0,6473e25b,0.959
1456308121.0,24623d1e,0.969
1456308121.0,d5b6651a,0.949
1456308121.0,b6d33381,0.959
1456308121.0,d4c5b88e,0.949
1456308121.0,dccf6666,0.949
1456308121.0,888f3033,0.959
1456308121.0,963a5d2e,0.969
1456308121.0,ed5d2ad9,0.959
1456308121.0,e1c57a67,0.949
1456308121.0,d55bad5b,0.949
1456308121.0,77a71659,1.009
1456308121.0,3e081642,0.959
1456308121.0,12077d15,0.989
1456308121.0,a176d119,0.959
1456308121.0,,0.999
1456308121.0,66e25ec6,0.989
1456308121.0,6d934eee,0.979
1456308121.0,9ba54253,0.949
1456308121.0,d5843ecf,0.949
1456308121.0,e5b5fd93,0.949
1456308121.0,aa9c4d31,0.929
1456308121.0,117e8bca,0.969
1456308121.0,ebba1d3e,0.979
1456308121.0,5ef14445,0.969
1456308121.0,07f5aeea,1.009
1456308121.0,aaf0a483,1.009
1456308121.0,7ef38273,0.959
1456308121.0,a77ad37d,0.969
1456308121.0,e827975b,0.969
1456308121.0,58dc5650,0.929
1456308121.0,7d4cb90b,0.979
1456308121.0,5d5e9ec8,0.939
1456308121.0,cf184a67,0.929
1456308121.0,d7e428bf,0.989
1456308121.0,2e991b23,0.939
1456308121.0,2fe20e60,0.979
1456308121.0,0c5920e5,0.939
1456308121.0,936763a8,0.989
1456308121.0,75db1286,0.999
1456308121.0,428929ab,0.979
1456308121.0,4b757a5a,0.939
1456308121.0,10a613d1,0.989
1456308121.0,63616f1f,0.949
1456308121.0,30ffa8c9,0.949
1456308121.0,6f589bf0,0.959
1456308121.0,980d97ef,0.959
1456308121.0,c5f0fecb,0.989
1456308121.0,0e7f553a,0.959
1456308121.0,a1b6608c,0.989
1456308121.0,73a454de,0.939
1456308121.0,8609cc97,0.929
1456308121.0,ffc943b9,0.949
1456308121.0,ed327e9c,0.999
1456308121.0,65964ff0,0.989
1456308121.0,e448c44d,0.949
1456308121.0,92bebd84,0.989
1456308121.0,bc0ee536,0.969
1456308121.0,fad81120,0.969
1456308121.0,45427090,0.979
1456308121.0,4b6d11ce,0.969
1456308121.0,4d40c826,0.939
1456308121.0,00bb9689,0.979
1456308121.0,0cd1139e,0.929
1456308121.0,4fee3e6d,0.989
1456308121.0,6b1c47cf,0.979
1456308121.0,5c5f6fc1,0.959
1456308121.0,0f76854a,0.959
1456308121.0,f5815103,0.989
1456308121.0,6259b60b,0.989
1456308121.0,421aabe4,0.969
1456308121.0,89756dbc,0.989
1456308121.0,,0.969
1456308121.0,8086f03a,0.928
1456308121.0,4cd27bd4,0.949
1456308121.0,6aba45bf,0.959
1456308121.0,50cb7778,0.979
1456308121.0,df34af64,0.949
1456308121.0,553fb461,0.989
1456308121.0,1105f74e,0.999
1456308121.0,bbe6dd3b,0.959
1456308121.0,0e14978e,0.949
1456308121.0,f94d8069,0.979
1456308121.0,bbc2b8d4,0.949
1456308121.0,ac284087,0.979
1456308121.0,e706722a,0.989
1456308121.0,8d9a1e0c,0.969
1456308121.0,654abfa9,1.009
1456308121.0,6e907110,0.969
1456308121.0,a69c9dfa,0.959
1456308121.0,5bbe0a9d,0.969
1456308121.0,12fc2a75,0.969
1456308121.0,b998b207,0.989
1456308121.0,b76eb8d7,0.989
1456308121.0,d872a109,0.939
1456308121.0,96f06602,0.969
1456308121.0,,0.959
1456308121.0,53680e05,0.989
1456308121.0,302e12a9,0.989
1456308121.0,f8d1d2e4,0.979
1456308121.0,5018e554,0.929
1456308121.0,fad136e0,0.939
1456308121.0,7f6effac,0.959
1456308121.0,fd334dae,0.959
1456308121.0,421e1370,0.949
1456308121.0,7156911f,0.989
1456308121.0,a24c7289,0.939
1456308121.0,d1bfa6c5,0.979
1456308121.0,67fb9f82,0.979
1456308121.0,073b7de4,0.999
1456308121.0,b0be9751,0.909
1456308121.0,21cc26f8,0.949
1456308121.0,76e85116,0.949
1456308121.0,e7ec8759,0.959
1456308121.0,597a414c,0.979
1456308121.0,97f7398e,0.959
1456308121.0,2c716111,0.989
1456308121.0,fa862834,0.939
1456308121.0,6ba205cd,0.939
1456308121.0,ac4a6914,0.969
1456308121.0,2132dc97,0.949
1456308121.0,759e3fcc,0.939
1456308121.0,4c0e3547,0.929
1456308121.0,3bb367b0,0.959
1456308121.0,e65042ca,0.949
1456308121.0,460a378a,0.969
1456308121.0,19e1ff00,0.959
1456308121.0,2dd2f741,0.939
1456308121.0,e4f7133f,0.959
1456308121.0,49f4ee4f,0.969
1456308121.0,e3e96875,0.959
1456308121.0,c78b7333,0.969
1456308121.0,b3fefca1,0.949
1456308121.0,d165a6a0,0.939
1456308121.0,0ae0fa71,0.969
1456308121.0,4a6264de,0.969
1456308121.0,a8086038,0.949
1456308121.0,bd03317d,0.949
1456308121.0,216f2e30,0.989
1456308121.0,7144e340,0.949
1456308121.0,876763f5,0.949
1456308121.0,054077ee,0.959
1456308121.0,8c39bac2,0.919
1456308121.0,997e716d,0.969
1456308121.0,ed221b09,0.969
1456308121.0,8b2b7d79,0.949
1456308121.0,929af7b6,0.929
1456308121.0,fa4b4bff,0.939
1456308121.0,050b15b6,0.959
1456308121.0,27eb52b2,0.979
1456308121.0,3275ca99,0.979
1456308121.0,0c07c233,0.919
1456308121.0,41225b43,0.979
1456308121.0,2d43a4bd,0.979
1456308121.0,a07eee38,0.999
1456308121.0,229d2673,0.959
1456308121.0,fa890292,0.929
1456308121.0,c7a00e1c,0.959
1456308121.0,f7ad88b8,0.929
1456308121.0,5dea9761,0.949
1456308121.0,5b60b9f6,0.959
1456308121.0,c19378b9,0.959
1456308121.0,b4a263f0,0.959
1456308121.0,e3667c9c,0.939
1456308121.0,efe3611d,0.969
1456308121.0,0451fc7d,0.959
1456308121.0,5001b72b,0.959
1456308121.0,3a2d39a0,0.949
1456308121.0,60f04d2f,0.969
1456308121.0,258838b1,0.939
1456308121.0,73d508f6,0.939
1456308121.0,d2fc2219,0.959
1456308121.0,637e523f,0.939
1456308121.0,d28733f8,0.959
1456308121.0,613352d7,0.969
1456308121.0,cae62627,1.059
1456308121.0,d0407554,0.949
1456308121.0,3ca3325c,0.989
1456308121.0,158221e0,0.939
1456308121.0,afafdf69,0.949
1456308121.0,55739310,0.969
1456308121.0,27d37db7,0.969
1456308121.0,da93bb21,0.939
1456308121.0,881e9700,0.989
1456308121.0,67ba0742,0.999
1456308121.0,88b90de7,1.009
1456308121.0,d3d9b662,0.989
1456308121.0,1fce6706,0.969
1456308121.0,0bc9e7ef,0.949
1456308121.0,bfc6b6eb,0.949
1456308121.0,84f19301,0.949
1456308121.0,ca58a63f,0.979
1456308121.0,4eea00cc,0.959
1456308121.0,5dd1bb39,0.964
1456308121.0,49d8f4c8,0.999
1456308121.0,da0a00ad,1.009
1456308121.0,a6b2a7c9,0.959
1456308121.0,1493c496,0.989
1456308121.0,b563f7fe,0.949
1456308121.0,dac2d51e,0.949
1456308121.0,59b6280c,0.929
1456308121.0,f625efde,1.019
1456308121.0,6e62772c,0.979
1456308121.0,14296800,0.949
1456308121.0,44984473,0.929
1456308121.0,4734ef79,0.959
1456308121.0,2da4b2d5,0.939
1456308121.0,3c2da6fc,0.959
1456308121.0,24e573e4,0.959
1456308121.0,42996534,0.949
1456308121.0,4cd470ad,0.939
1456308121.0,19ff419b,0.949
1456308121.0,d02c3a0e,0.969
1456308121.0,c00a63fa,0.989
1456308121.0,17c50748,1.009
1456308121.0,4f60f2d3,0.949
1456308121.0,8792c041,0.969
1456308121.0,b11dbf11,0.949
1456308121.0,2df3151b,0.989
1456308121.0,1d5b89e9,0.949
1456308121.0,07991b53,0.939
1456308121.0,5e6b1f04,0.909
1456308121.0,e05ee428,0.969
1456308121.0,77283132,0.959
1456308121.0,eb7b02bd,0.969
1456308121.0,d8154473,1.009
1456308121.0,1b359e8d,0.939
1456308121.0,b1579868,0.919
1456308121.0,5282e595,0.979
1456308121.0,8e4357a4,0.929
1456308121.0,aa2f1ae8,0.959
1456308121.0,6f7da555,0.979
1456308121.0,d1d61cfb,1.009
1456308121.0,d34ed29d,0.969
1456308121.0,cf4becee,0.959
1456308121.0,80049eb4,1.019
1456308121.0,544d8f74,0.949
1456308121.0,67b560d4,0.989
1456308121.0,33a1193c,0.979
1456308121.0,4c0bd4b5,0.969
1456308121.0,d2646278,0.979
1456308121.0,8fa55c72,0.989
1456308121.0,25a7d9dc,0.949
1456308121.0,a998716f,0.999
1456308121.0,42bfbcca,0.989
1456308121.0,864611cd,0.949
1456308121.0,da701b06,0.979
1456308121.0,0cd37e1e,0.939
1456308121.0,0dafb9e9,0.929
1456308121.0,66fb48c6,0.959
1456308121.0,88ec76d7,0.969
1456308121.0,bde563ae,0.989
1456308121.0,26058f82,0.979
1456308121.0,2660a5d2,0.949
1456308121.0,5d07df0f,0.959
1456308121.0,8068a1a0,0.939
1456308121.0,a302497e,0.959
1456308121.0,6f03c04e,0.939
1456308121.0,821f92f0,0.969
1456308121.0,72ecbc2d,0.989
1456308121.0,cc9281aa,0.959
1456308121.0,bd2f0f1c,0.989
1456308121.0,4a126c56,0.969
1456308121.0,8ef380b6,0.989
1456308121.0,54b81d07,0.959
1456308121.0,d4b2d77f,0.949
1456308121.0,8cd391f3,0.939
1456308121.0,830e3a6b,0.989
1456308121.0,ebb75b25,0.949
1456308121.0,c97403d4,0.959
1456308121.0,6de5506e,0.959
1456308121.0,e3556254,0.979
1456308121.0,6bac3115,0.949
1456308121.0,a335cad7,0.949
1456308121.0,101e2d9b,0.989
1456308121.0,1947b494,0.939
1456308121.0,2092821a,0.949
1456308121.0,b9c82901,0.969
1456308121.0,af2f9310,0.949
1456308121.0,a65d4e81,0.919
1456308121.0,c2b37551,0.989
1456308121.0,743a840f,0.959
1456308121.0,e5573fdc,0.969
1456308121.0,e50cc55b,0.969
1456308121.0,29bcdad5,0.949
1456308121.0,4c7d1e42,0.979
1456308121.0,4e459e38,0.929
1456308121.0,115ba3fe,0.969
1456308121.0,7f8a14da,0.959
1456308121.0,bf12232f,0.949
1456308121.0,ba35e551,0.919
1456308121.0,efc2fc1d,0.929
1456308121.0,8d45e432,0.989
1456308121.0,0d94f40b,0.979
1456308121.0,5abc5719,0.949
1456308121.0,4ca2fd5f,0.949
1456308121.0,f1832ad0,0.989
1456308121.0,325d4b8f,0.949
1456308121.0,31ae92da,0.969
1456308121.0,7390d2d3,1.019
1456308121.0,a35ffacf,0.969
1456308121.0,9004f49d,0.969
1456308121.0,bc4f26f3,0.959
1456308121.0,2fec3510,0.959
1456308121.0,9ec0aefd,1.019
1456308121.0,18c16fc4,0.989
1456308121.0,74148a57,0.969
1456308121.0,0fcfa459,0.919
1456308121.0,e78a8608,0.989
1456308121.0,82f98249,0.969
1456308121.0,8f9ca1ed,0.989
1456308121.0,48dfc338,0.939
1456308121.0,a0ea8015,0.969
1456308121.0,1718ae0b,0.999
1456308121.0,e600cf0f,0.949
1456308121.0,e8659100,0.989
1456308121.0,8ce1b5f8,0.969
1456308121.0,cbc2f9db,0.969
1456308121.0,4ffb64c8,0.969
1456308121.0,f4e43bf3,1.059
1456308121.0,a32bd6b9,0.919
1456308121.0,006248be,1.029
1456308121.0,e2800d44,0.959
1456308121.0,9499ceea,0.969
1456308121.0,33aa21fa,1.059
1456308121.0,27e302bc,0.969
1456308121.0,a518cf5f,0.979
1456308121.0,3c7c43a2,0.949
1456308121.0,36849264,0.939
1456308121.0,da37e830,0.939
1456308121.0,16ee4d80,0.949
1456308121.0,2abd710b,0.989
1456308121.0,b49d51d2,0.969
1456308121.0,cc350ace,0.969
1456308121.0,ab499e68,0.939
1456308121.0,efdee81f,0.949
1456308121.0,64e61e90,0.979
1456308121.0,7387afcd,0.949
1456308121.0,11eac3c2,0.959
1456308121.0,a18bcb80,0.989
1456308121.0,cef14abc,0.939
1456308121.0,49ea8294,0.989
1456308121.0,da670ade,0.969
1456308121.0,60acc87b,0.949
1456308121.0,05878847,0.969
1456308121.0,73086606,0.959
1456308121.0,ac8fbe39,0.969
1456308121.0,8c04c7d4,0.949
1456308121.0,421a6353,0.939
1456308121.0,3167769c,0.969
1456308121.0,8714c0df,0.949
1456308121.0,e89c4d58,0.969
1456308121.0,c7a5dad9,0.979
1456308121.0,cb67b2ff,0.989
1456308121.0,2d3711fd,0.969
1456308121.0,e49e0407,0.989
1456308121.0,0a0baf66,0.969
1456308121.0,f18057cd,0.938
1456308121.0,f9ec21b1,0.959
1456308121.0,111e657f,0.949
1456308121.0,a5d5884d,0.959
1456308121.0,03ed2a59,0.969
1456308121.0,5cbce85b,0.949
1456308121.0,07f1bf63,0.939
1456308121.0,298a8af2,0.949
1456308121.0,9f0519b8,0.999
1456308121.0,a452f12c,0.959
1456308121.0,2ce5573c,0.989
1456308121.0,07ca952f,0.979
1456308121.0,dda65020,0.969
1456308121.0,eb179375,0.959
1456308121.0,7e8947c2,0.989
1456308121.0,46bea8c9,0.969
1456308121.0,51aab8d5,0.939
1456308121.0,0913d5bd,0.929
1456308121.0,b1020387,0.939
1456308121.0,efb9b2b5,0.949
1456308121.0,83a4c48e,0.949
1456308121.0,3734af20,0.929
1456308121.0,8ddd7eaf,0.949
1456308121.0,cca094f8,0.939
1456308121.0,ae30d7e3,0.959
1456308121.0,6c90e89a,0.949
1456308121.0,471da9da,0.959
1456308121.0,b53fa888,0.939
1456308121.0,4b0cfdb6,0.949
1456308121.0,107d750c,0.959
1456308121.0,4d4b1ca0,0.939
1456308121.0,193d5fa7,0.939
1456308121.0,ee74bc99,0.929
1456308121.0,92eaccdc,0.929
1456308121.0,f1f57418,0.909
1456308121.0,c59b6311,0.969
1456308121.0,e567333d,0.959
1456308121.0,26664969,0.979
1456308121.0,511a1f46,0.949
1456308121.0,225eaacb,0.959
1456308121.0,a13f8970,0.949
1456308121.0,3ea2f9db,0.969
1456308121.0,ef7135fb,0.969
1456308121.0,548901d6,0.989
1456308121.0,574656d1,0.949
1456308121.0,075d1e16,0.949
1456308121.0,e17ac182,0.929
1456308121.0,81db3a9a,0.949
1456308121.0,3be6fb85,0.949
1456308121.0,46ad9f53,0.929
1456308121.0,c6b6f3fb,0.929
1456308121.0,8c7add3d,0.939
1456308121.0,2e474264,0.979
1456308121.0,447f2373,0.929
1456308121.0,4900212f,0.969
1456308121.0,3da96054,0.979
1456308121.0,30865e09,0.979
1456308121.0,dc387962,0.949
1456308121.0,4c13609c,0.969
1456308121.0,fe407811,0.939
1456308121.0,25990870,0.949
1456308121.0,a5b2c28c,0.969
1456308121.0,f8453096,0.929
1456308121.0,d6c505e9,0.979
1456308121.0,9901346d,0.949
1456308121.0,57ef5f09,0.909
1456308121.0,31dfb194,0.999
1456308121.0,107a6769,1.029
1456308121.0,38140856,0.959
1456308121.0,d8c7802e,0.959
1456308121.0,5b1dc219,0.969
1456308121.0,9a883b4c,0.949
1456308121.0,99d09a30,0.979
1456308121.0,d87652c8,0.979
1456308121.0,22b653b3,0.959
1456308121.0,bee45034,0.959
1456308121.0,a6ea6f37,0.979
1456308121.0,5b1a63ab,0.969
1456308121.0,a18277f9,0.959
1456308121.0,44f943cf,0.999
1456308121.0,ba815d55,0.949
1456308121.0,f4b0a53c,0.989
1456308121.0,e8ecece5,0.989
1456308121.0,e0e8a55b,1.009
1456308121.0,142082b9,0.949
1456308121.0,,0.989
1456308121.0,3306088b,0.979
1456308121.0,64e7e37c,0.939
1456308121.0,db096089,0.959
1456308121.0,6d97a497,0.999
1456308121.0,9dd2f35d,1.009
1456308121.0,5aad9bc8,1.019
1456308121.0,218fd480,0.969
1456308121.0,7ad9dcdf,0.979
1456308121.0,31d95abd,0.969
1456308362.0,684b2be8,0.959
1456308362.0,c9d6d32f,0.949
1456308362.0,7632d7b7,0.989
1456308362.0,fdedca23,0.929
1456308362.0,4c338d03,0.989
1456308362.0,acb06eaf,0.959
1456308362.0,dc352ea6,0.929
1456308362.0,588ff3f2,0.969
1456308362.0,fd7494bd,0.939
1456308362.0,d685db42,0.959
1456308362.0,de6c0c12,0.959
1456308362.0,52ff86b2,0.929
1456308362.0,00605faf,0.989
1456308362.0,d53e3a60,0.909
1456308362.0,08903b8c,0.929
1456308362.0,1e3d64de,0.919
1456308362.0,d0a0e33f,0.969
1456308362.0,735f3dba,0.969
1456308362.0,3f38fa55,0.929
1456308362.0,7f7f6b17,0.939
1456308362.0,7d989a39,0.949
1456308362.0,0bb2e1c5,0.949
1456308362.0,35fd3576,0.969
1456308362.0,d6a85f7b,0.969
1456308362.0,5164a758,0.949
1456308362.0,c45f047d,0.959
1456308362.0,53c616b9,0.949
1456308362.0,bd3ac554,0.989
1456308362.0,c0bff642,0.949
1456308362.0,7f555c9e,0.969
1456308362.0,412fc646,0.969
1456308362.0,f4a95cf0,0.929
1456308362.0,1e3a9784,0.959
1456308362.0,4e31aa8b,0.959
1456308362.0,c928ed36,0.909
1456308362.0,68f6b885,0.999
1456308362.0,0b293007,0.969
1456308362.0,35756296,0.999
1456308362.0,a39def90,0.939
1456308362.0,f6b43ef3,0.989
1456308362.0,872ca533,0.969
1456308362.0,c8fd7bd8,0.949
1456308362.0,e42f2550,0.949
1456308362.0,6fa8087e,0.959
1456308362.0,460c6eb9,0.949
1456308362.0,eedec9cc,0.929
1456308362.0,7473e055,0.969
1456308362.0,f3aefdfa,0.919
1456308362.0,27ea09b1,0.949
1456308362.0,52c1ccfa,0.949
1456308362.0,f26d37c8,0.959
1456308362.0,08311643,0.939
1456308362.0,a4d2bd28,0.949
1456308362.0,a8c5daba,0.969
1456308362.0,ebeb80cb,0.939
1456308362.0,a2ab785a,0.949
1456308362.0,f0cb2dbb,0.919
1456308362.0,b524582e,0.959
1456308362.0,0dc0d8d3,0.999
1456308362.0,a5164b6a,0.939
1456308362.0,72bd4b95,0.949
1456308362.0,f38a8116,0.949
1456308362.0,ca3dc497,0.969
1456308362.0,b60e1ffb,0.999
1456308362.0,655c57b5,0.939
1456308362.0,7d2e5c20,0.979
1456308362.0,6a471cde,0.929
1456308362.0,b7bc3e61,0.969
1456308362.0,2820e4a6,0.939
1456308362.0,ce3a31be,0.969
1456308362.0,2dc33c12,0.939
1456308362.0,8f3e0f32,0.999
1456308362.0,e31897db,0.929
1456308362.0,a634c773,0.979
1456308362.0,fbd5f329,0.969
1456308362.0,0670c33b,0.979
1456308362.0,c01a1b5d,0.989
1456308362.0,0c39b458,0.939
1456308362.0,77aab11d,0.949
1456308362.0,08f7db25,0.939
1456308362.0,1b3326f2,0.959
1456308362.0,bce22baa,0.939
1456308362.0,577be558,0.979
1456308362.0,9917cb8f,0.959
1456308362.0,bc467691,0.949
1456308362.0,10bf456f,0.979
1456308362.0,9795d6a5,0.939
1456308362.0,6823a8b2,0.959
1456308362.0,1ad0b27a,0.959
1456308362.0,297c749f,0.979
1456308362.0,da3e3f70,0.979
1456308362.0,ab89240b,0.999
1456308362.0,df7d4f7c,0.959
1456308362.0,41266bc4,0.979
1456308362.0,3285fd04,1.059
1456308362.0,6065d7c5,0.979
1456308362.0,95cc0772,0.959
1456308362.0,7faaef53,0.999
1456308362.0,be2d5691,0.989
1456308362.0,0f2f9c5f,0.969
1456308362.0,c3a379ab,0.939
1456308362.0,345d3b8a,1.009
1456308362.0,eaa4c30e,0.959
1456308362.0,55bdc634,1.009
1456308362.0,f5ddff39,0.949
1456308362.0,4a647add,0.974
1456308362.0,c6380930,0.929
1456308362.0,6735727d,0.929
1456308362.0,118d4934,1.009
1456308362.0,08a83db9,0.959
1456308362.0,037efd2a,1.059
1456308362.0,ee167171,0.989
1456308362.0,acc17656,0.939
1456308362.0,b59cf984,0.974
1456308362.0,06dc60dd,1.059
1456308362.0,59d94ded,1.009
1456308362.0,0aececa4,0.979
1456308362.0,64a911b5,0.939
1456308362.0,1bbcc3e6,0.959
1456308362.0,d570c239,0.969
1456308362.0,,0.999
1456308362.0,4f2880a9,0.989
1456308362.0,8dfeb73b,0.969
1456308362.0,0e6a4b4f,0.999
1456308362.0,191737f5,0.979
1456308362.0,9d2aa0e1,0.979
1456308362.0,400f9abd,0.949
1456308362.0,57636a29,0.949
1456308362.0,965dce20,0.989
1456308362.0,894d4a6d,0.929
1456308362.0,bd1e7435,0.969
1456308362.0,bc7c0216,0.989
1456308362.0,0c6176b8,0.969
1456308362.0,6e907110,0.969
1456308362.0,7a760845,0.949
1456308362.0,7aa7e8fe,0.979
1456308362.0,c5aaafc3,0.939
1456308362.0,e4436253,0.949
1456308362.0,9f4969b7,0.989
1456308362.0,57b4fcab,0.959
1456308362.0,64fe3583,0.979
1456308362.0,348f6171,0.979
1456308362.0,4ac089ef,0.949
1456308362.0,ef0bc256,0.969
1456308362.0,8c28af86,0.979
1456308362.0,cffd6e1f,1.019
1456308362.0,aaf971e5,0.969
1456308362.0,95761004,0.949
1456308362.0,235c0c8c,0.989
1456308362.0,575d8182,0.939
1456308362.0,c302d35e,0.939
1456308362.0,466c174a,0.959
1456308362.0,0e55eb67,0.949
1456308362.0,d5d9e64c,0.999
1456308362.0,566376d2,0.989
1456308362.0,bc38f274,0.949
1456308362.0,1f23d8f2,0.979
1456308362.0,5a12d25f,0.979
1456308362.0,6ba4e2d1,0.969
1456308362.0,31923c9d,0.939
1456308362.0,e8a8876f,0.959
1456308362.0,86f0ca05,0.959
1456308362.0,f8562e1c,0.929
1456308362.0,dfe1b885,0.989
1456308362.0,13247f37,0.939
1456308362.0,7674ea9d,0.959
1456308362.0,e0862fc2,0.969
1456308362.0,bce1fe2d,0.929
1456308362.0,71437915,0.989
1456308362.0,545c4117,0.929
1456308362.0,13532509,0.949
1456308362.0,24f09d82,0.939
1456308362.0,96ad35a6,0.949
1456308362.0,dfd511ab,0.949
1456308362.0,7709f8cb,0.919
1456308362.0,856fe499,0.929
1456308362.0,8d38052d,0.964
1456308362.0,83439be0,0.939
1456308362.0,874e2798,0.999
1456308362.0,29b24eee,0.959
1456308362.0,9d3b5cc6,0.969
1456308362.0,ab1a9bda,0.989
1456308362.0,bb23fbe2,0.999
1456308362.0,ce2492c0,0.959
1456308362.0,28dc9f41,0.989
1456308362.0,c6ce8e17,0.939
1456308362.0,c2648ee3,0.959
1456308362.0,841961d9,0.989
1456308362.0,b85a1ca3,0.959
1456308362.0,4a79d3d5,0.929
1456308362.0,a7c128b6,0.999
1456308362.0,3b5de5d2,0.959
1456308362.0,f34c3a36,0.979
1456308362.0,b01cf6f6,0.949
1456308362.0,059d55c9,0.939
1456308362.0,34664756,0.969
1456308362.0,dbdf18e8,0.979
1456308362.0,97aee551,0.949
1456308362.0,e8328929,0.979
1456308362.0,465ed67d,0.989
1456308362.0,1ea58c14,0.989
1456308362.0,09a0b63a,0.939
1456308362.0,f2458f35,0.989
1456308362.0,c9e76d96,0.939
1456308362.0,13cc1bf8,0.989
1456308362.0,c7d7314f,0.999
1456308362.0,cb2bffd6,0.969
1456308362.0,0a7394cb,1.029
1456308362.0,39c4256a,0.929
1456308362.0,346ffe81,0.954
1456308362.0,9d39ae37,0.939
1456308362.0,1f23d768,0.989
1456308362.0,,0.959
1456308362.0,c03f4ffa,0.969
1456308362.0,87c05c40,0.959
1456308362.0,001234ac,0.969
1456308362.0,1d5b89e9,0.949
1456308362.0,c17eb923,0.939
1456308362.0,4ba70eb8,0.989
1456308362.0,d63e056b,0.959
1456308362.0,b4c8d60e,0.939
1456308362.0,03436a85,0.969
1456308362.0,a9e224de,0.939
1456308362.0,df6b217b,0.949
1456308362.0,7bd23993,0.949
1456308362.0,d51a9b5e,0.969
1456308362.0,f7a5dd5a,0.999
1456308362.0,d3dc7d8c,0.989
1456308362.0,cd3a9dfc,0.969
1456308362.0,13cd1498,0.989
1456308362.0,49c222c8,0.979
1456308362.0,538559e0,0.959
1456308362.0,c33ca0b5,0.949
1456308362.0,fb6a534f,0.939
1456308362.0,c2bf8f60,0.929
1456308362.0,09f1de85,0.959
1456308362.0,3680125e,0.949
1456308362.0,ffbaf0fd,0.959
1456308362.0,e512031e,0.949
1456308362.0,edd1487d,1.019
1456308362.0,aebeb22e,0.979
1456308362.0,98a7af6d,0.999
1456308362.0,5ab60468,0.929
1456308362.0,a472716e,0.989
1456308362.0,49925c42,0.949
1456308362.0,6ea74d6f,0.939
1456308362.0,e766a873,0.989
1456308362.0,6eb2a769,0.949
1456308362.0,ebfecca5,0.919
1456308362.0,7e45a16f,0.959
1456308362.0,b4b8fb9d,0.949
1456308362.0,affbe2d3,1.059
1456308362.0,4c1bb47a,0.949
1456308362.0,1da52020,0.969
1456308362.0,ab4da979,0.969
1456308362.0,ff19a228,0.989
1456308362.0,4a7d41a5,0.969
1456308362.0,1a3b21e0,0.989
1456308362.0,6cd66c40,1.009
1456308362.0,1b39d7f7,0.969
1456308362.0,a7d43dc2,0.969
1456308362.0,12203554,0.959
1456308362.0,ea1b9e67,0.939
1456308362.0,1cb6edaf,0.929
1456308362.0,f0261559,0.949
1456308362.0,f7fc57ea,0.989
1456308362.0,ce73fb63,0.939
1456308362.0,cdb901b1,0.979
1456308362.0,7cdc9523,0.989
1456308362.0,e2eeab30,0.949
1456308362.0,4067a772,0.969
1456308362.0,184a38c3,0.959
1456308362.0,6264e826,0.949
1456308362.0,f9f28f31,0.959
1456308362.0,ce8d08fc,0.939
1456308362.0,f9512832,0.979
1456308362.0,37df3e29,0.979
1456308362.0,552017b2,0.989
1456308362.0,f5000af4,0.929
1456308362.0,00c62f03,0.979
1456308362.0,a807ecd5,1.059
1456308362.0,68e0a118,0.969
1456308362.0,179ba00b,0.979
1456308362.0,b6f2c106,0.969
1456308362.0,ae5d2bb7,0.989
1456308362.0,229bb6b8,0.969
1456308362.0,36f5bf63,0.929
1456308362.0,b12d4dc7,0.969
1456308362.0,757ed05d,1.019
1456308362.0,1553efff,0.959
1456308362.0,6e224d77,0.979
1456308362.0,753408e4,0.959
1456308362.0,4f913836,0.969
1456308362.0,48ae79a5,0.959
1456308362.0,fea5f4ce,1.009
1456308362.0,60ca3b5d,0.939
1456308362.0,a0e239a8,0.959
1456308362.0,fc93128d,1.009
1456308362.0,,0.979
1456308362.0,,0.969
1456308362.0,8167fa85,0.949
1456308362.0,506b3cd1,0.969
1456308362.0,,0.969
1456308362.0,4020de03,0.949
1456308362.0,85fc0347,0.989
1456308362.0,cece28cb,0.929
1456308362.0,a6631f18,0.949
1456308362.0,c24a4e37,0.949
1456308362.0,9d6f0c62,1.019
1456308362.0,a9061770,0.949
1456308362.0,0800eb0f,0.999
1456308362.0,2215a30b,1.009
1456308362.0,50e8deb3,0.959
1456308362.0,9199777f,0.999
1456308362.0,35cf8855,0.959
1456308362.0,f5774e0e,0.989
1456308362.0,987496d6,0.999
1456308362.0,9db34e97,1.019
1456308362.0,3ea4d9dc,0.969
1456308362.0,efb71c12,1.009
1456308362.0,4fdba90a,0.929
1456308362.0,e3c6260c,0.979
1456308362.0,71424e6c,0.959
1456308362.0,236e355f,0.939
1456308362.0,e291397b,0.979
1456308362.0,36f30de6,0.949
1456308362.0,1cc005a8,0.939
1456308362.0,2f3a2b7b,0.959
1456308362.0,f8c5b496,0.999
1456308362.0,614629e1,0.929
1456308362.0,8d0323d4,0.979
1456308362.0,8bdd5502,0.939
1456308362.0,976fb373,0.939
1456308362.0,0d6425bc,0.979
1456308362.0,adda6336,0.999
1456308362.0,1488066c,0.969
1456308362.0,1929bb2b,0.959
1456308362.0,0a356552,0.979
1456308362.0,c252c064,0.939
1456308362.0,1196a7d8,0.999
1456308362.0,5ac0914e,0.999
1456308362.0,a6971d57,0.989
1456308362.0,56ad714d,0.989
1456308362.0,53ae9528,0.939
1456308362.0,3124489d,0.959
1456308362.0,6c663a7b,1.019
1456308362.0,c8d4613a,0.919
1456308362.0,9b127d1f,0.969
1456308362.0,f73244c0,0.949
1456308362.0,3506918b,0.949
1456308362.0,e74667af,0.949
1456308362.0,1d777e62,0.949
1456308362.0,1a08fd43,0.989
1456308362.0,8ab03024,0.989
1456308362.0,15a546f5,0.959
1456308362.0,e8780170,0.989
1456308362.0,3f054566,0.949
1456308362.0,6041e2b6,0.969
1456308362.0,250c83be,0.939
1456308362.0,6587d030,0.949
1456308362.0,14295632,0.939
1456308362.0,5fede4f0,0.939
1456308362.0,f01bd5b6,0.999
1456308362.0,edde0c0f,1.019
1456308362.0,5505aa75,0.969
1456308362.0,befd1f24,1.019
1456308362.0,270ee8bf,0.969
1456308362.0,eb7de52f,0.939
1456308362.0,32c905a8,1.029
1456308362.0,aa2018b8,0.999
1456308362.0,849ac669,0.989
1456308362.0,87245b5d,0.979
1456308362.0,0f200738,0.979
1456308362.0,c74d8db0,1.009
1456308362.0,cb987f86,0.989
1456308362.0,a372d56c,0.949
1456308362.0,ab1efc67,0.959
1456308362.0,327ea807,1.009
1456308362.0,26562367,0.999
1456308362.0,4612acab,0.959
1456308362.0,6d9bd5ab,0.979
1456308362.0,a5312f3b,0.969
1456308362.0,4046b6ba,0.959
1456308362.0,6e966a1c,0.979
1456308362.0,76aa3b14,0.949
1456308362.0,ecf2754f,0.949
1456308362.0,62bd758c,0.939
1456308362.0,4dc315a0,0.969
1456308362.0,73b03911,0.979
1456308362.0,981fcdf6,0.999
1456308362.0,0b4a487b,0.989
1456308362.0,ea0a7462,0.919
1456308362.0,6d74a4f4,0.969
1456308362.0,ac7dd410,0.939
1456308362.0,961fadac,0.959
1456308362.0,e1936457,0.949
1456308362.0,7cefc69f,0.979
1456308362.0,c01aa13a,0.969
1456308362.0,d472efac,0.929
1456308362.0,94c0e547,0.969
1456308362.0,0aedc373,0.939
1456308362.0,9f42fd97,0.979
1456308362.0,89f88deb,0.979
1456308362.0,ce8b60a3,0.939
1456308362.0,ef7135fb,0.969
1456308362.0,b72ae868,0.979
1456308362.0,0ee7204e,0.939
1456308362.0,8ec1148e,0.959
1456308362.0,56d52752,0.959
1456308362.0,332ba2e4,0.929
1456308362.0,fc086bfa,0.939
1456308362.0,85e30d0e,0.969
1456308362.0,9eabd75a,0.969
1456308362.0,b4a13ec7,0.949
1456308362.0,c97d17c7,0.949
1456308362.0,9795e720,0.969
1456308362.0,2b2b7338,0.949
1456308362.0,72933f5e,0.929
1456308362.0,069947ad,0.939
1456308362.0,b8459cb6,0.949
1456308362.0,7121a112,0.969
1456308362.0,038eae7e,0.989
1456308362.0,75fc5799,0.969
1456308362.0,63a3fa08,0.979
1456308362.0,c31de946,0.949
1456308362.0,27612978,0.969
1456308362.0,896245aa,0.999
1456308362.0,f9e7f183,0.929
1456308362.0,0cc05186,0.979
1456308362.0,4eaad293,0.959
1456308362.0,87a23e83,0.979
1456308362.0,4500efc2,0.969
1456308362.0,65188032,1.009
1456308362.0,3af8e691,0.979
1456308362.0,4d67e241,0.949
1456308362.0,6a6b6015,0.979
1456308362.0,b7d1ee3a,0.999
1456308362.0,7b4a45e6,0.939
1456308362.0,893b4e64,0.959
1456308362.0,eeb96d2d,0.969
1456308362.0,93a21747,0.959
1456308362.0,2ae6578d,0.969
1456308362.0,5fc94f68,0.969
1456308601.0,a0fa9b20,0.969
1456308601.0,07aa2817,0.969
1456308601.0,0c56e9df,0.989
1456308601.0,5ae3b069,0.949
1456308601.0,4a51e02f,0.949
1456308601.0,2ae20e3b,0.969
1456308601.0,58dc4ce1,0.959
1456308601.0,4c338d03,0.939
1456308601.0,819eb542,0.949
1456308601.0,79e4f3bc,0.979
1456308601.0,c32a82d9,0.979
1456308601.0,58a1bfb9,0.959
1456308601.0,0bab7166,0.949
1456308601.0,0a06a5d3,0.949
1456308601.0,9d2b8d38,0.929
1456308601.0,d015fcf3,0.909
1456308601.0,0cc21315,0.999
1456308601.0,e1b4b7f3,0.959
1456308601.0,cdf67cac,0.939
1456308601.0,e2851b26,0.929
1456308601.0,2ec1e1ad,0.929
1456308601.0,e8f015ea,0.929
1456308601.0,d98cee9c,0.929
1456308601.0,f4e60d5a,0.939
1456308601.0,92512d7c,0.969
1456308601.0,58e4c668,0.969
1456308601.0,1af22ca6,0.939
1456308601.0,bc09577c,0.909
1456308601.0,abb42d56,0.929
1456308601.0,0297c11e,0.959
1456308601.0,42821895,0.959
1456308601.0,45924c70,0.909
1456308601.0,bd167c7d,0.959
1456308601.0,f85db113,0.939
1456308601.0,beb3b49b,0.929
1456308601.0,731a1055,0.939
1456308601.0,da9fe8af,0.949
1456308601.0,1686f694,0.929
1456308601.0,d54b3228,0.909
1456308601.0,62b52d6c,0.939
1456308601.0,64ac75f0,0.959
1456308601.0,82a52db3,0.939
1456308601.0,2c776012,0.939
1456308601.0,a5cf2a42,0.959
1456308601.0,18436369,0.939
1456308601.0,011401e5,0.929
1456308601.0,bd86f3ea,0.959
1456308601.0,d7f868f0,0.969
1456308601.0,91c611ad,0.949
1456308601.0,d52caa0c,0.969
1456308601.0,6a8dc69b,0.989
1456308601.0,e1daef8f,0.909
1456308601.0,aacc4471,0.939
1456308601.0,a3827856,0.919
1456308601.0,08311643,0.929
1456308601.0,375f0e67,0.969
1456308601.0,acf24033,0.939
1456308601.0,c5b39c57,0.949
1456308601.0,5bf5865e,0.959
1456308601.0,ef793ac8,0.989
1456308601.0,ad090099,0.979
1456308601.0,1247b810,0.969
1456308601.0,ddaef23c,0.969
1456308601.0,33a40844,0.959
1456308601.0,1d0dbcee,0.959
1456308601.0,ec60ed5f,0.959
1456308601.0,b1111566,0.959
1456308601.0,80835ea0,0.979
1456308601.0,186dc55a,0.989
1456308601.0,a51232d3,0.989
1456308601.0,0ea03633,0.949
1456308601.0,5bf4abd4,0.969
1456308601.0,7def65cf,0.959
1456308601.0,763d8dd8,0.989
1456308601.0,d00ee189,1.959
1456308601.0,a9d61346,0.949
1456308601.0,3b11c17c,0.999
1456308601.0,3e606994,0.969
1456308601.0,626c6699,0.949
1456308601.0,aa5b4d9a,0.959
1456308601.0,1bbf25c0,0.939
1456308601.0,5ae69800,0.979
1456308601.0,46c099d0,0.929
1456308601.0,010520ef,0.939
1456308601.0,f41e2fff,0.989
1456308601.0,2258db93,0.969
1456308601.0,c1db295a,0.969
1456308601.0,2ae36ba1,0.939
1456308601.0,2fe20e60,0.979
1456308601.0,386807be,0.969
1456308601.0,5a40cb90,0.939
1456308601.0,6148f9f1,0.949
1456308601.0,5a55ec8e,0.949
1456308601.0,49ea5327,0.949
1456308601.0,63aa7558,0.989
1456308601.0,5b93fb87,0.939
1456308601.0,5b5fec22,0.969
1456308601.0,a9ff2f34,0.939
1456308601.0,d2905129,0.959
1456308601.0,6d0d4e8a,0.989
1456308601.0,f7a267fc,0.979
1456308601.0,31f5cac5,0.979
1456308601.0,9537b003,0.979
1456308601.0,51fd157b,0.969
1456308601.0,ef6ce8ef,0.979
1456308601.0,2064ed3c,0.959
1456308601.0,543dd93c,0.939
1456308601.0,7ba5966e,0.959
1456308601.0,61c0df8b,0.979
1456308601.0,92d959c6,1.009
1456308601.0,249a69d6,0.959
1456308601.0,b948058a,0.929
1456308601.0,301f8f7b,0.989
1456308601.0,2890d1fb,0.989
1456308601.0,1bbcc3e6,0.959
1456308601.0,6aba67c5,0.959
1456308601.0,1cb7429a,0.969
1456308601.0,22d16d09,0.949
1456308601.0,a08d8ae6,0.949
1456308601.0,d854b7df,0.949
1456308601.0,02d3e7aa,0.959
1456308601.0,fe9290cc,0.959
1456308601.0,ff8e9e8e,0.959
1456308601.0,c1f003e3,0.969
1456308601.0,875e84f9,0.939
1456308601.0,05c01795,0.949
1456308601.0,ca13e033,0.919
1456308601.0,62ebae64,0.989
1456308601.0,d1ad7add,0.979
1456308601.0,f4a6d9ed,1.059
1456308601.0,e592b5d0,0.939
1456308601.0,1b6cee7c,0.979
1456308601.0,d261d6e0,0.959
1456308601.0,7f9a33f8,0.979
1456308601.0,6e610cb2,0.949
1456308601.0,e246da13,0.949
1456308601.0,bbc01d1b,0.929
1456308601.0,ddaccd3e,0.959
1456308601.0,f4084cef,0.939
1456308601.0,a376033a,0.959
1456308601.0,1a704d84,0.949
1456308601.0,d8d9760b,0.979
1456308601.0,fd3c454f,0.969
1456308601.0,97c3c089,0.939
1456308601.0,da6302b3,0.949
1456308601.0,3213e5d8,0.989
1456308601.0,5e56181c,0.939
1456308601.0,f7bef751,0.999
1456308601.0,b75272ba,0.969
1456308601.0,61d59ee9,0.979
1456308601.0,ead88417,0.979
1456308601.0,86466323,0.979
1456308601.0,b5dfdabd,0.989
1456308601.0,1c387dc6,0.979
1456308601.0,8848094a,0.939
1456308601.0,62e5651b,0.939
1456308601.0,f723b50e,0.949
1456308601.0,dee66d10,0.949
1456308601.0,279f7243,0.989
1456308601.0,51ff36bc,0.939
1456308601.0,98c12505,0.969
1456308601.0,3ae75c74,0.979
1456308601.0,a3599c26,0.949
1456308601.0,8ae5c667,0.979
1456308601.0,d342f583,0.939
1456308601.0,6c60b697,0.939
1456308601.0,c61bf054,0.964
1456308601.0,d8823f4b,0.939
1456308601.0,bc6ea7eb,0.949
1456308601.0,5f379a02,0.959
1456308601.0,263e0b44,0.989
1456308601.0,18791c83,0.999
1456308601.0,cc477c7c,0.959
1456308601.0,5082e3d6,0.989
1456308601.0,be8433cf,0.969
1456308601.0,9f7b3411,0.969
1456308601.0,8f7c069a,0.959
1456308601.0,09cfdaed,0.999
1456308601.0,865b080f,0.989
1456308601.0,d05c205a,0.949
1456308601.0,dc080c47,0.989
1456308601.0,d91c0f8d,1.009
1456308601.0,8ff83a00,0.969
1456308601.0,1629d59f,0.959
1456308601.0,2bcfc668,0.959
1456308601.0,e00e317c,1.009
1456308601.0,576e47d1,0.919
1456308601.0,e70bbd05,0.949
1456308601.0,c328902c,0.969
1456308601.0,,0.979
1456308601.0,4f8db0e1,0.969
1456308601.0,79e81a72,0.979
1456308601.0,d82d3ed0,0.959
1456308601.0,861a2709,0.949
1456308601.0,5022eb7f,0.939
1456308601.0,84190755,0.969
1456308601.0,471c7127,0.959
1456308601.0,14342e98,0.999
1456308601.0,9720bdd7,0.959
1456308601.0,1c551e1f,0.959
1456308601.0,42ad21c1,0.939
1456308601.0,05fa8b72,0.959
1456308601.0,01f93c7c,0.999
1456308601.0,6f118420,0.989
1456308601.0,5e6ec38a,0.959
1456308601.0,d47660a6,0.939
1456308601.0,bc85d300,0.949
1456308601.0,33a8b66f,0.939
1456308601.0,ad6f7aae,0.979
1456308601.0,0dd22df0,0.949
1456308601.0,864faff4,0.979
1456308601.0,179380b8,0.939
1456308601.0,a40e21ff,0.948
1456308601.0,,0.969
1456308601.0,ab7d8dd4,0.949
1456308601.0,2451ec23,0.959
1456308601.0,918e2883,0.949
1456308601.0,2b87f664,1.059
1456308601.0,50bbc649,0.959
1456308601.0,887915b9,0.949
1456308601.0,bc5fd80b,0.929
1456308601.0,2839dc7d,0.949
1456308601.0,1b4a9928,0.979
1456308601.0,57fbf14f,0.949
1456308601.0,182bd28a,0.949
1456308601.0,b8aae107,0.959
1456308601.0,bc723644,0.979
1456308601.0,e04ac56b,0.999
1456308601.0,7d7f9529,0.949
1456308601.0,d62c0561,0.949
1456308601.0,5a5bd833,0.939
1456308601.0,b82e8807,0.959
1456308601.0,77d95702,0.959
1456308601.0,b791cb2d,0.919
1456308601.0,ab11cdb9,0.969
1456308601.0,be9c118a,0.949
1456308601.0,26a6aed5,0.979
1456308601.0,422c3409,1.009
1456308601.0,23542a3f,0.989
1456308601.0,4b75217a,0.979
1456308601.0,7bfdb8c2,0.989
1456308601.0,53e9b1ac,0.979
1456308601.0,7333f093,0.949
1456308601.0,1a68318e,0.989
1456308601.0,cf6ad0e9,0.959
1456308601.0,b9204fb6,0.999
1456308601.0,c56babf8,0.959
1456308601.0,a715399f,0.979
1456308601.0,7d36a759,0.939
1456308601.0,89b25923,0.939
1456308601.0,7141f533,0.999
1456308601.0,fdf7f420,0.959
1456308601.0,456b0585,0.959
1456308601.0,c88259dc,0.969
1456308601.0,ab1af76d,0.979
1456308601.0,dd80a4bd,0.959
1456308601.0,7c06a27e,0.999
1456308601.0,5be837d4,0.969
1456308601.0,c17488ae,0.949
1456308601.0,afb05ae2,0.989
1456308601.0,52658688,0.959
1456308601.0,a0bca24c,0.969
1456308601.0,d3a16954,0.959
1456308601.0,04762b7c,1.009
1456308601.0,87750b0a,0.949
1456308601.0,830faf16,0.969
1456308601.0,c2d485ca,0.919
1456308601.0,22fc5ff0,1.039
1456308601.0,2212e62a,0.959
1456308601.0,a1e08fd2,0.919
1456308601.0,6e950c4a,0.969
1456308601.0,322c083e,0.949
1456308601.0,473b156d,0.964
1456308601.0,15b3db43,0.969
1456308601.0,2b8c12d2,0.979
1456308601.0,94d24f55,0.989
1456308601.0,c985912f,0.989
1456308601.0,54b31cf8,0.949
1456308601.0,39195ba2,0.979
1456308601.0,58a914d5,0.929
1456308601.0,e2cdf18c,0.979
1456308601.0,5cb6e8a5,0.979
1456308601.0,4687563d,0.949
1456308601.0,f5684ccb,0.979
1456308601.0,af131774,0.939
1456308601.0,155982b5,0.979
1456308601.0,3fc2e10c,0.929
1456308601.0,dcfdd6fc,0.969
1456308601.0,c9dc18ed,0.989
1456308601.0,400e5197,0.949
1456308601.0,72d26b77,0.969
1456308601.0,fa4d44ce,0.959
1456308601.0,d6e49931,0.979
1456308601.0,91636cd2,0.959
1456308601.0,26be2277,0.939
1456308601.0,d565fdf7,0.999
1456308601.0,58a7384f,0.989
1456308601.0,f29f4dbd,0.959
1456308601.0,cd78b99c,0.979
1456308601.0,3fc8e265,0.969
1456308601.0,fb44675e,0.939
1456308601.0,902d74e4,1.069
1456308601.0,cbc2f9db,0.969
1456308601.0,67b32df0,0.989
1456308601.0,0d730a98,0.994
1456308601.0,dc774502,0.929
1456308601.0,6fac4b39,0.979
1456308601.0,ece4dd56,0.999
1456308601.0,bd6492b8,0.969
1456308601.0,5e983c4b,0.949
1456308601.0,1d38e16e,0.949
1456308601.0,1b21d50b,0.949
1456308601.0,3344673e,0.959
1456308601.0,7c781a47,0.939
1456308601.0,5d9ba671,0.979
1456308601.0,968f2fb0,0.969
1456308601.0,260e3a4c,0.969
1456308601.0,3ef0b5d2,0.919
1456308601.0,7d1ee58e,0.939
1456308601.0,0f1a4e9a,0.999
1456308601.0,0339cb93,0.959
1456308601.0,65b91ff4,0.939
1456308601.0,ef081ec1,1.009
1456308601.0,d3a6a57e,0.929
1456308601.0,16259776,0.979
1456308601.0,f87bab74,0.959
1456308601.0,74bb761d,0.999
1456308601.0,8444156b,0.959
1456308601.0,7653cc6a,0.939
1456308601.0,6097ffe8,0.959
1456308601.0,5f695bd8,0.939
1456308601.0,7a165ba7,0.979
1456308601.0,f7e752c7,0.959
1456308601.0,3b37a294,0.989
1456308601.0,58e1a8b4,1.009
1456308601.0,1717d8ca,0.979
1456308601.0,bdc0736f,0.979
1456308601.0,88bde36e,0.969
1456308601.0,a2140381,1.059
1456308601.0,49119bd2,0.949
1456308601.0,017f1d73,0.959
1456308601.0,65788d91,0.939
1456308601.0,9afda374,0.999
1456308601.0,d5ced0b2,0.999
1456308601.0,a93262c3,0.949
1456308601.0,6f9eb627,0.944
1456308601.0,62595ff2,0.979
1456308601.0,580449f1,0.939
1456308601.0,b8fe1af4,0.929
1456308601.0,7d9700c4,0.949
1456308601.0,857545c7,0.999
1456308601.0,a0f41fbb,0.989
1456308601.0,0434e895,0.989
1456308601.0,f876e3e8,0.929
1456308601.0,6ca7f7c5,0.959
1456308601.0,5f27c859,0.939
1456308601.0,7b90d598,0.929
1456308601.0,73d6d267,0.949
1456308601.0,f1929c3e,0.979
1456308601.0,e9209897,0.979
1456308601.0,4622dd55,0.959
1456308601.0,fdca8735,0.969
1456308601.0,6b13020d,0.949
1456308601.0,fdd8eb18,0.939
1456308601.0,a42108f2,0.989
1456308601.0,2a82c08f,0.979
1456308601.0,8c9613bc,0.969
1456308601.0,c41ce805,0.979
1456308601.0,4f650c42,1.009
1456308601.0,6842cc4a,0.949
1456308601.0,c6c3a80a,1.029
1456308601.0,2a4f7cb1,0.959
1456308601.0,32f0b93e,0.939
1456308601.0,552e6bdb,0.959
1456308601.0,7cefc69f,0.929
1456308601.0,d472efac,0.929
1456308601.0,5054e21e,0.949
1456308601.0,5076e63c,0.959
1456308601.0,,0.949
1456308601.0,b1eaa840,0.999
1456308601.0,d74906d1,1.009
1456308601.0,9ebd92af,0.979
1456308601.0,b27d26fa,0.989
1456308601.0,6c109510,0.959
1456308601.0,d4817c1a,0.939
1456308601.0,8c4f6021,0.949
1456308601.0,da1fbd53,0.959
1456308601.0,2a7c4091,0.959
1456308601.0,982daa57,0.969
1456308601.0,7a0f0cd4,0.959
1456308601.0,1d50351d,0.989
1456308601.0,1a6fd67e,0.979
1456308601.0,bbdcf660,0.969
1456308601.0,35d91334,0.979
1456308601.0,26a76357,0.949
1456308601.0,75167b82,0.969
1456308601.0,896245aa,1.019
1456308601.0,33fb4cf3,0.969
1456308601.0,8fa20ff5,0.979
1456308601.0,65b05fee,0.989
1456308601.0,3f144301,0.969
1456308601.0,f2a2a323,0.979
1456308601.0,19fb2ffb,0.999
1456308601.0,1fb879cb,0.959
1456308601.0,146c8d31,1.009
1456308601.0,1720dec9,0.979
1456308601.0,c8bad2ad,0.979
1456308601.0,6d03a4f8,0.969
1456308601.0,84bb5636,0.949
1456308601.0,594fc2e9,0.979
1456308601.0,9a2b7600,0.929
1456308601.0,68781b4b,0.959
1456308601.0,a774140b,0.989
1456308601.0,64735bee,0.939
1456308601.0,c7eb5131,0.939
1456308601.0,df59b3f7,0.929
1456308601.0,a41abd0c,0.959
1456308601.0,2fab73d2,0.929
1456308601.0,53282654,0.979
1456308601.0,2052e025,0.939
1456308841.0,dfc32fdb,0.959
1456308841.0,ceed1c58,0.979
1456308841.0,09975f4d,0.969
1456308841.0,0aeed7ce,0.959
1456308841.0,5175d50a,0.959
1456308841.0,0c3d62f5,0.959
1456308841.0,cbe20a45,0.989
1456308841.0,87369318,0.939
1456308841.0,2e12dc58,0.999
1456308841.0,2073a897,0.919
1456308841.0,cfd74c18,0.959
1456308841.0,31a01e0e,0.989
1456308841.0,7de58c01,0.959
1456308841.0,38ac63b8,0.969
1456308841.0,9a11b9a9,0.949
1456308841.0,a557a7d1,0.959
1456308841.0,2cfa82fa,0.959
1456308841.0,922129f9,0.959
1456308841.0,ecfdcbbe,0.939
1456308841.0,4c77ea18,0.969
1456308841.0,87fbb61d,0.989
1456308841.0,3f147b18,0.909
1456308841.0,7d1cd9cd,0.939
1456308841.0,aacc4471,0.919
1456308841.0,3c5b5221,0.949
1456308841.0,681bcf47,0.939
1456308841.0,671d6e1d,0.969
1456308841.0,0dc0d8d3,0.989
1456308841.0,8e2183f6,0.999
1456308841.0,87fa15f1,0.979
1456308841.0,fa657190,0.959
1456308841.0,99d46a35,0.939
1456308841.0,00206126,0.949
1456308841.0,80e60cfc,0.949
1456308841.0,f09b1121,0.949
1456308841.0,1027f7e1,0.959
1456308841.0,9d51c1aa,0.999
1456308841.0,58e3ecab,0.979
1456308841.0,97d56680,0.999
1456308841.0,097b0d22,0.939
1456308841.0,4764c22b,1.009
1456308841.0,78566eaf,0.959
1456308841.0,e03848c6,1.059
1456308841.0,091ee9ad,0.999
1456308841.0,14dfafb1,1.009
1456308841.0,888f3033,0.949
1456308841.0,ee45ac15,0.969
1456308841.0,d4770cdf,0.979
1456308841.0,c449aa2a,0.969
1456308841.0,884a1646,0.959
1456308841.0,8e4d1e9d,0.989
1456308841.0,4af5893f,0.969
1456308841.0,a176d119,0.959
1456308841.0,7b3fcbc6,0.959
1456308841.0,4b36fa89,0.959
1456308841.0,dd62114c,0.979
1456308841.0,1185b737,0.959
1456308841.0,5af6e995,0.949
1456308841.0,24f83a95,0.959
1456308841.0,4782d6e5,0.989
1456308841.0,f1a2379b,0.948
1456308841.0,98860edd,0.939
1456308841.0,eefff0b8,0.979
1456308841.0,04364ad2,0.959
1456308841.0,c3a864db,1.059
1456308841.0,ed2deb3d,0.979
1456308841.0,b8bbf107,0.959
1456308841.0,41065536,0.944
1456308841.0,a618c589,0.989
1456308841.0,5f881538,0.959
1456308841.0,de376e73,0.949
1456308841.0,1e85a7ee,0.989
1456308841.0,5ff2bd7f,0.929
1456308841.0,e28599f0,0.979
1456308841.0,0a8fc55d,0.999
1456308841.0,ded1172c,0.939
1456308841.0,fef37507,0.969
1456308841.0,7053ce5b,1.029
1456308841.0,,0.979
1456308841.0,d3b39801,0.979
1456308841.0,d84e5b34,0.929
1456308841.0,7d7180f2,0.989
1456308841.0,c5772f6a,0.949
1456308841.0,6e5e525f,0.939
1456308841.0,8a4d8b45,0.949
1456308841.0,70900101,0.989
1456308841.0,b988bb8b,0.959
1456308841.0,ae779650,0.989
1456308841.0,70571d8c,0.929
1456308841.0,00cf8738,0.959
1456308841.0,f155a1eb,1.009
1456308841.0,7cf49500,0.969
1456308841.0,51fcda8d,0.959
1456308841.0,f86443f3,0.989
1456308841.0,12fa7f3d,0.979
1456308841.0,09a6cc4e,1.009
1456308841.0,db56e2a2,0.989
1456308841.0,eca8b228,0.979
1456308841.0,82fb994b,0.949
1456308841.0,0491309a,0.979
1456308841.0,bdc3a9dd,0.969
1456308841.0,4517cdd2,0.989
1456308841.0,8c94be49,0.959
1456308841.0,71a6b9f3,0.969
1456308841.0,249c81ea,0.919
1456308841.0,5384cd69,0.989
1456308841.0,efb9c112,0.959
1456308841.0,62ebae64,0.989
1456308841.0,feda8910,0.949
1456308841.0,e501a8d1,0.989
1456308841.0,72cc479b,0.979
1456308841.0,959e5dd8,0.969
1456308841.0,c69497b1,0.959
1456308841.0,9140f75b,0.949
1456308841.0,0c6176b8,0.949
1456308841.0,09798ba9,0.949
1456308841.0,4907b9ed,1.059
1456308841.0,5747e8a7,0.989
1456308841.0,4b64bcb3,0.949
1456308841.0,719aa84a,0.979
1456308841.0,784d4e2a,0.969
1456308841.0,74e674a6,0.979
1456308841.0,7a34bcb6,0.929
1456308841.0,33e1917c,0.969
1456308841.0,e0fd14c5,0.939
1456308841.0,f8c4c5f6,0.969
1456308841.0,b05147af,0.939
1456308841.0,0f1ef6bd,0.969
1456308841.0,c6388189,0.949
1456308841.0,a00c53b9,0.929
1456308841.0,559bd10e,0.979
1456308841.0,237d6474,0.969
1456308841.0,3a2ef803,0.999
1456308841.0,d48d3de5,0.929
1456308841.0,4aa385bb,0.939
1456308841.0,daecd82c,0.979
1456308841.0,373fd05a,0.919
1456308841.0,0c811233,0.919
1456308841.0,22ea287c,0.969
1456308841.0,2cb63a21,0.949
1456308841.0,f6301788,0.999
1456308841.0,3273810e,0.989
1456308841.0,24c9552e,0.989
1456308841.0,1a0f3e2b,0.979
1456308841.0,11364835,0.959
1456308841.0,ee5bb484,0.969
1456308841.0,20c6635d,0.969
1456308841.0,c19378b9,0.949
1456308841.0,9d3391d9,0.979
1456308841.0,d9adfaac,0.919
1456308841.0,6b0d6a0a,0.954
1456308841.0,631aa32c,0.939
1456308841.0,f7aa1ff1,0.949
1456308841.0,c74444b1,1.009
1456308841.0,,0.979
1456308841.0,063c7988,0.959
1456308841.0,ed8a5a8a,0.979
1456308841.0,84167b40,0.959
1456308841.0,6a80fe13,0.959
1456308841.0,5d73d979,0.959
1456308841.0,a1403540,0.949
1456308841.0,1c79df7a,0.929
1456308841.0,33c8c51e,0.949
1456308841.0,0bb04dd0,0.999
1456308841.0,fac91609,0.979
1456308841.0,31172c6e,0.949
1456308841.0,98e9a25d,0.969
1456308841.0,bfb7a4d6,0.969
1456308841.0,1629d59f,0.939
1456308841.0,846c2ab2,0.949
1456308841.0,17efd51c,1.009
1456308841.0,4432f96b,0.999
1456308841.0,2b8a1d9c,0.969
1456308841.0,d02ee7d1,0.959
1456308841.0,a82fd967,0.949
1456308841.0,6cf550c8,0.989
1456308841.0,0cc59c54,0.989
1456308841.0,4abb67a5,0.989
1456308841.0,,0.949
1456308841.0,6bf563af,0.959
1456308841.0,028572b1,0.939
1456308841.0,db8bff55,0.969
1456308841.0,5d132310,0.959
1456308841.0,,0.969
1456308841.0,96c236e7,0.979
1456308841.0,f1a1555c,0.989
1456308841.0,7aa8077e,0.959
1456308841.0,f645748d,0.969
1456308841.0,7bc87ccf,1.009
1456308841.0,999cd9a5,0.969
1456308841.0,c95ebb24,0.969
1456308841.0,b683841e,0.959
1456308841.0,4c24bd23,0.959
1456308841.0,70a38521,0.989
1456308841.0,f37029f1,0.969
1456308841.0,6039b8e3,0.959
1456308841.0,af82f4c3,0.949
1456308841.0,eebe0685,0.959
1456308841.0,4bd7866e,1.059
1456308841.0,d2575398,0.999
1456308841.0,4817b47e,0.949
1456308841.0,266713de,0.939
1456308841.0,5ca327ae,0.949
1456308841.0,,0.949
1456308841.0,802f8091,0.989
1456308841.0,5984eea4,0.969
1456308841.0,e837786a,0.979
1456308841.0,ded69fbb,0.969
1456308841.0,7e7b7769,0.929
1456308841.0,,0.929
1456308841.0,c13504fe,0.969
1456308841.0,d2cb3217,0.949
1456308841.0,c5d12e92,0.949
1456308841.0,,0.999
1456308841.0,691bf1db,0.949
1456308841.0,e4465e8e,0.939
1456308841.0,13683185,0.979
1456308841.0,6c0b296e,0.999
1456308841.0,7ddbfdc8,0.949
1456308841.0,a50be724,0.989
1456308841.0,a5e1310f,0.989
1456308841.0,15bd4d4c,0.969
1456308841.0,98648af6,0.939
1456308841.0,cf451fce,0.949
1456308841.0,d35f6224,1.059
1456308841.0,9520e162,0.969
1456308841.0,d3c31af6,0.969
1456308841.0,b7bf446d,0.939
1456308841.0,aac612fe,0.969
1456308841.0,4e3aa155,0.959
1456308841.0,cb8edd06,0.959
1456308841.0,6f394c33,0.979
1456308841.0,baef0398,0.959
1456308841.0,9e47d969,0.939
1456308841.0,d404277d,0.979
1456308841.0,959e4b35,0.989
1456308841.0,21cee5b9,0.969
1456308841.0,58d274cb,0.949
1456308841.0,129b7653,0.959
1456308841.0,04a6f941,0.989
1456308841.0,e539e257,0.989
1456308841.0,526f4c6d,0.989
1456308841.0,86ca3bf1,0.959
1456308841.0,ba78050b,0.969
1456308841.0,3f195c1b,0.979
1456308841.0,0fc44087,0.959
1456308841.0,d998872e,0.959
1456308841.0,e80747bb,0.969
1456308841.0,714eaded,0.949
1456308841.0,5a8b0e02,0.959
1456308841.0,06585eed,0.969
1456308841.0,33d0d5fb,0.959
1456308841.0,,0.989
1456308841.0,2dd4faf7,0.939
1456308841.0,9100dea8,0.959
1456308841.0,10a10358,0.989
1456308841.0,6162ba82,0.979
1456308841.0,8c087722,0.939
1456308841.0,db414715,0.999
1456308841.0,cd468df5,0.959
1456308841.0,7f05643c,0.969
1456308841.0,ba97bb47,0.979
1456308841.0,1b136bef,0.979
1456308841.0,88c2caef,0.999
1456308841.0,147959b5,0.959
1456308841.0,cb0f3fc8,0.979
1456308841.0,f85abf7d,0.959
1456308841.0,857beb4a,0.969
1456308841.0,12d2f4a6,0.959
1456308841.0,96d95521,0.979
1456308841.0,ee372f15,0.979
1456308841.0,a18aae3d,0.959
1456308841.0,f68a34f4,0.979
1456308841.0,a2f965eb,0.969
1456308841.0,89105f13,0.989
1456308841.0,6465956f,0.909
1456308841.0,f86a4e1f,1.009
1456308841.0,827dc8bb,0.979
1456308841.0,56afcb19,0.939
1456308841.0,06fb0c54,0.989
1456308841.0,de55d6cb,0.969
1456308841.0,d2e90d39,0.949
1456308841.0,1cdb45b5,0.969
1456308841.0,341d054c,0.999
1456308841.0,f51c98aa,0.969
1456308841.0,9c47cca4,0.969
1456308841.0,df7ac2b6,1.059
1456308841.0,16ff16ba,0.949
1456308841.0,ba94f47b,0.949
1456308841.0,e59f20ab,0.949
1456308841.0,7718e2fa,0.989
1456308841.0,d325d8aa,0.959
1456308841.0,bdd46409,0.969
1456308841.0,49fa8372,0.959
1456308841.0,5ff6d4e2,0.989
1456308841.0,0d730a98,0.969
1456308841.0,bfaaf354,0.959
1456308841.0,63e70cd3,0.989
1456308841.0,2ad0a689,0.969
1456308841.0,a5bfe3ce,0.939
1456308841.0,2b52627f,0.989
1456308841.0,96c2dcec,0.939
1456308841.0,33f1b5fe,0.979
1456308841.0,2096e49a,0.959
1456308841.0,057c5d18,0.939
1456308841.0,3be33cb4,0.959
1456308841.0,b75d609f,0.939
1456308841.0,a8f6f809,1.059
1456308841.0,8c5eeeac,0.969
1456308841.0,e2c0e5e5,0.939
1456308841.0,1929bb2b,0.949
1456308841.0,f3e6f0ea,0.979
1456308841.0,ec6f00be,0.939
1456308841.0,00574394,0.939
1456308841.0,beaffffe,1.009
1456308841.0,7d0e5e60,0.979
1456308841.0,9fe5444d,0.989
1456308841.0,15383da3,0.949
1456308841.0,77409cad,0.989
1456308841.0,3124489d,0.929
1456308841.0,1d853aae,0.949
1456308841.0,eb444eb7,0.959
1456308841.0,7fc3b34a,0.979
1456308841.0,855fc4f2,0.959
1456308841.0,6cf9c77a,0.969
1456308841.0,9e184682,0.969
1456308841.0,37bbaa9d,0.959
1456308841.0,2a8a850f,0.919
1456308841.0,3bc0aa63,0.929
1456308841.0,c4348493,0.979
1456308841.0,077aee0e,0.949
1456308841.0,d3549133,0.959
1456308841.0,066bec3d,0.939
1456308841.0,49119bd2,0.929
1456308841.0,3a9a5bc8,0.929
1456308841.0,8447198d,0.949
1456308841.0,8c6f1d05,0.989
1456308841.0,4d9a80e1,0.959
1456308841.0,c54c18c9,0.959
1456308841.0,0a297a27,0.959
1456308841.0,1c3b6ee2,0.939
1456308841.0,d428a044,0.949
1456308841.0,1543d9a2,0.949
1456308841.0,9628820d,0.969
1456308841.0,b82c12f6,0.918
1456308841.0,5c84d184,0.959
1456308841.0,f659a576,1.009
1456308841.0,0880a239,0.969
1456308841.0,8b18bb85,0.959
1456308841.0,0bcef4ad,0.939
1456308841.0,579ffc07,0.969
1456308841.0,2385c761,0.949
1456308841.0,bd3ee18d,0.939
1456308841.0,64ce1a2a,0.999
1456308841.0,00ae5b70,0.989
1456308841.0,c8b54491,0.949
1456308841.0,9f02c9d0,0.979
1456308841.0,a537b03c,0.929
1456308841.0,e07b502e,0.979
1456308841.0,aa4cdb22,0.969
1456308841.0,91823808,0.949
1456308841.0,c76359a4,0.939
1456308841.0,9758fc2a,0.989
1456308841.0,bccaf145,0.939
1456308841.0,f4b9f379,0.949
1456308841.0,56ea4a71,0.949
1456308841.0,66a925d6,0.979
1456308841.0,114606f9,0.929
1456308841.0,58452604,0.979
1456308841.0,73e22345,0.949
1456308841.0,16fa63dc,0.969
1456308841.0,00d6d029,0.939
1456308841.0,5df9b393,0.959
1456308841.0,6ee20bbd,0.929
1456308841.0,0d5cb1e5,0.949
1456308841.0,2dfe8082,0.939
1456308841.0,d2e84b49,0.949
1456308841.0,44c15478,0.959
1456308841.0,c29be0d7,0.944
1456308841.0,e8775be0,0.969
1456308841.0,434de2f2,0.979
1456308841.0,5dc4a0c1,0.999
1456308841.0,eecd4599,0.969
1456308841.0,4349fbc3,0.969
1456308841.0,0fc168e5,0.969
1456308841.0,2178a97e,0.949
1456308841.0,331cb87c,0.949
1456308841.0,2cbca1fc,0.939
1456308841.0,c57bb6b4,0.949
1456308841.0,e532c6da,0.989
1456308841.0,740b387e,0.949
1456308841.0,9cb41098,0.989
1456308841.0,a6ea6f37,0.959
1456308841.0,c1c6485d,0.959
1456308841.0,e3a2ddca,0.949
1456308841.0,372699d4,0.969
1456308841.0,70692280,0.989
1456308841.0,10fa0582,0.919
1456308841.0,f0c6ab59,0.999
1456308841.0,80099401,0.959
1456308841.0,e1920309,0.949
1456308841.0,1a48cf2f,1.009
1456308841.0,632d8c88,0.979
1456308841.0,7f0b245a,0.949
1456308841.0,1442104a,0.959
1456308841.0,23188c0a,1.009
1456308841.0,ea6d4e44,0.969
1456308841.0,2f5be2f4,0.999
1456308841.0,676ddd24,0.989
1456308841.0,a7b5f5e9,0.959
1456308841.0,5e128548,0.979
1456308841.0,c9d5e94d,0.979
1456308841.0,60b56507,0.969
1456308841.0,014adbc0,0.959
1456309081.0,7db0ea2e,0.959
1456309081.0,f7d2bcca,0.959
1456309081.0,5f00ab6a,0.959
1456309081.0,3d36e33a,0.929
1456309081.0,ec0fb2ce,0.989
1456309081.0,c391ee8f,0.989
1456309081.0,d2578b12,0.949
1456309081.0,78a7be14,0.939
1456309081.0,bd100d45,0.949
1456309081.0,f64d5154,0.959
1456309081.0,4dc57f20,0.969
1456309081.0,bcbe32bc,0.959
1456309081.0,90bfadfa,0.929
1456309081.0,bded4d61,0.929
1456309081.0,7c556e65,0.959
1456309081.0,4e31aa8b,0.929
1456309081.0,859ddb14,0.939
1456309081.0,ebd9a39f,0.929
1456309081.0,5a22f16c,0.929
1456309081.0,00d52b83,0.969
1456309081.0,ed9bb208,0.969
1456309081.0,1b369933,0.969
1456309081.0,6e67857f,0.989
1456309081.0,8730426e,0.949
1456309081.0,8175f3cb,0.979
1456309081.0,bb34b27f,0.959
1456309081.0,6ac0d50f,0.949
1456309081.0,c4f355fb,0.969
1456309081.0,f15b5390,0.949
1456309081.0,3bb20ba7,0.969
1456309081.0,8794cb26,0.969
1456309081.0,66c8a343,0.959
1456309081.0,15c2c195,0.979
1456309081.0,ea9720f2,0.944
1456309081.0,7b80d32c,0.969
1456309081.0,4015542f,0.979
1456309081.0,ddd15cbb,1.009
1456309081.0,2d591431,0.919
1456309081.0,5f7106c3,0.979
1456309081.0,,0.989
1456309081.0,f09b1121,0.949
1456309081.0,1d57ebaf,0.959
1456309081.0,87531960,0.999
1456309081.0,bb8fcfb2,0.939
1456309081.0,2c773ce0,0.959
1456309081.0,9bf65a40,0.949
1456309081.0,6fb67f4c,0.949
1456309081.0,157d06a5,0.989
1456309081.0,c060503d,0.989
1456309081.0,ce331290,0.949
1456309081.0,c62a443d,0.979
1456309081.0,190c7dc9,0.999
1456309081.0,2410740f,0.949
1456309081.0,1de97778,0.949
1456309081.0,012cf605,0.939
1456309081.0,f4eea80c,0.959
1456309081.0,2629c35e,0.999
1456309081.0,9481f21d,0.979
1456309081.0,5550eba8,0.949
1456309081.0,a41365eb,0.969
1456309081.0,ac4f6a54,0.949
1456309081.0,761dd171,0.959
1456309081.0,c3fac240,0.979
1456309081.0,d4770cdf,0.969
1456309081.0,112e83a5,0.969
1456309081.0,73e5c32d,0.949
1456309081.0,cfc34477,0.969
1456309081.0,80ba194b,0.949
1456309081.0,7e3ce0ca,0.959
1456309081.0,f6703dce,0.939
1456309081.0,2a7b6c27,0.934
1456309081.0,ae0b5aa6,0.959
1456309081.0,7d020a61,0.969
1456309081.0,60399455,0.959
1456309081.0,d52f4585,0.969
1456309081.0,f6351701,0.979
1456309081.0,bd45085f,0.949
1456309081.0,2778bb34,0.969
1456309081.0,89376981,0.949
1456309081.0,912d452f,0.939
1456309081.0,69c4db90,0.969
1456309081.0,796dcdf3,0.939
1456309081.0,6a55f2e9,0.969
1456309081.0,184b070d,0.949
1456309081.0,6d934eee,0.959
1456309081.0,572bb7e5,0.989
1456309081.0,0e1fdace,0.949
1456309081.0,d489f647,0.999
1456309081.0,6a8da366,0.949
1456309081.0,5d4a550d,0.949
1456309081.0,215c30e8,0.959
1456309081.0,4782d6e5,0.969
1456309081.0,9c389a21,0.979
1456309081.0,8e50b796,0.999
1456309081.0,9dff6f12,0.979
1456309081.0,faddd104,0.939
1456309081.0,55c76ce6,0.989
1456309081.0,19625574,0.999
1456309081.0,919c9f89,0.979
1456309081.0,0622b5eb,0.969
1456309081.0,0722a606,0.989
1456309081.0,f3608951,0.959
1456309081.0,7481989a,0.929
1456309081.0,9fad7fea,0.969
1456309081.0,592bb59f,0.969
1456309081.0,cb61d796,0.949
1456309081.0,1f897af1,0.939
1456309081.0,9baa546c,0.969
1456309081.0,64edaf71,0.969
1456309081.0,dd08505c,0.979
1456309081.0,42f2621b,0.999
1456309081.0,d500f94f,0.999
1456309081.0,e44ceca1,1.109
1456309081.0,30e25cec,0.959
1456309081.0,30ab5003,0.989
1456309081.0,6b347fa9,0.989
1456309081.0,0a8fc55d,0.979
1456309081.0,d2c61288,0.939
1456309081.0,92d99a98,0.989
1456309081.0,03cdbd16,0.979
1456309081.0,a5513d36,0.949
1456309081.0,708936ad,0.939
1456309081.0,af622e10,0.959
1456309081.0,d4857812,0.969
1456309081.0,37c4f1e4,0.979
1456309081.0,a280c8ce,0.959
1456309081.0,53a0f4e4,0.939
1456309081.0,f969dc08,0.949
1456309081.0,fbd74a9f,0.959
1456309081.0,8eb14afc,0.979
1456309081.0,,0.959
1456309081.0,ddd69a66,0.999
1456309081.0,3b5be616,0.979
1456309081.0,f30258dc,0.959
1456309081.0,f92b1138,0.969
1456309081.0,68a4ad40,0.989
1456309081.0,8c716afc,1.009
1456309081.0,0567b4b5,0.999
1456309081.0,8e8fc0d2,0.989
1456309081.0,c56a25e8,0.969
1456309081.0,e10f157c,0.979
1456309081.0,08a83db9,0.949
1456309081.0,e02c8254,0.989
1456309081.0,5056106a,0.939
1456309081.0,cf228ee3,0.969
1456309081.0,2aa06f6e,0.959
1456309081.0,b40d9546,0.989
1456309081.0,28bd26e0,0.989
1456309081.0,7cdcdb86,0.989
1456309081.0,bd333cd1,0.949
1456309081.0,5aede176,0.969
1456309081.0,41e7918d,0.999
1456309081.0,63b1377c,0.959
1456309081.0,64542f0d,0.969
1456309081.0,8b1f5a6f,0.949
1456309081.0,ed417fe5,0.999
1456309081.0,5ccd5966,0.939
1456309081.0,8eef6c32,0.959
1456309081.0,5d40a336,0.964
1456309081.0,3663fc5c,0.949
1456309081.0,796a098a,0.969
1456309081.0,66cc688a,0.969
1456309081.0,92e92fe0,0.919
1456309081.0,0f173106,0.999
1456309081.0,b916d3a8,0.929
1456309081.0,f9b056ba,0.969
1456309081.0,adf7bc54,0.949
1456309081.0,e5cb0020,0.959
1456309081.0,deb0665c,0.949
1456309081.0,14d00757,0.929
1456309081.0,f12b117d,0.949
1456309081.0,1330f736,0.939
1456309081.0,6b7777cb,0.929
1456309081.0,aff519f2,0.959
1456309081.0,9f28cd19,0.979
1456309081.0,305b11b7,0.989
1456309081.0,e1bc26f0,0.959
1456309081.0,c6306633,0.959
1456309081.0,121ea079,0.999
1456309081.0,c08e7742,0.949
1456309081.0,fc85f4ab,0.979
1456309081.0,f3165b36,0.969
1456309081.0,707f276b,0.949
1456309081.0,7d9fd3be,0.959
1456309081.0,0c2ddab7,0.969
1456309081.0,d9d4a6fe,0.959
1456309081.0,656a2566,0.989
1456309081.0,9ec908ec,0.999
1456309081.0,cadf2d6d,0.949
1456309081.0,f8ebbae1,0.969
1456309081.0,7ba8ceb3,0.939
1456309081.0,e1e7fd9f,0.949
1456309081.0,1b6cee7c,0.969
1456309081.0,52932f4e,0.939
1456309081.0,95712e33,0.999
1456309081.0,8c19e662,0.929
1456309081.0,3a349054,0.979
1456309081.0,15d15c6f,0.979
1456309081.0,c680f14f,0.969
1456309081.0,dd14d9c0,0.999
1456309081.0,3f710c08,1.019
1456309081.0,4c76dbcf,0.999
1456309081.0,c9d1727e,0.989
1456309081.0,b49fc8ed,0.989
1456309081.0,6866a590,0.939
1456309081.0,fb589379,0.989
1456309081.0,da00f579,0.979
1456309081.0,a753f001,0.969
1456309081.0,f6d88954,0.939
1456309081.0,2febafeb,0.989
1456309081.0,7ad9a6eb,0.989
1456309081.0,,0.949
1456309081.0,90df0b88,0.979
1456309081.0,70efa82e,0.969
1456309081.0,9612e9a3,0.969
1456309081.0,d9de1c75,0.969
1456309081.0,317db5c8,0.979
1456309081.0,f989aaff,0.939
1456309081.0,661c5630,0.979
1456309081.0,9dca124a,0.949
1456309081.0,64d3fea8,0.969
1456309081.0,b9bdc200,0.959
1456309081.0,6946f633,0.979
1456309081.0,a8918363,0.959
1456309081.0,74e674a6,0.969
1456309081.0,559cb7a2,0.979
1456309081.0,ec0f640c,0.969
1456309081.0,123a197a,0.949
1456309081.0,f8c4c5f6,0.949
1456309081.0,a3b2ea52,0.939
1456309081.0,e527ee65,0.959
1456309081.0,ead88417,0.969
1456309081.0,13de7212,0.949
1456309081.0,9852ddd5,0.969
1456309081.0,f84d262d,0.949
1456309081.0,,0.969
1456309081.0,9e654d43,0.929
1456309081.0,3094c3d0,1.069
1456309081.0,5a3e246d,0.999
1456309081.0,1445b4c6,0.979
1456309081.0,84953eae,0.959
1456309081.0,8c51a8b0,0.939
1456309081.0,a2806a38,0.949
1456309081.0,60a39e86,0.989
1456309081.0,2da54b83,0.949
1456309081.0,4cad0289,0.969
1456309081.0,9d98dcbb,0.979
1456309081.0,de1eff76,0.959
1456309081.0,7f90a219,0.939
1456309081.0,b2e44198,0.949
1456309081.0,776ee4f1,0.959
1456309081.0,bdd20cc3,0.969
1456309081.0,360ecf54,0.929
1456309081.0,c6d5ab7e,0.969
1456309081.0,6f2ba4ed,0.979
1456309081.0,469f3690,0.979
1456309081.0,a44434de,0.989
1456309081.0,7636eabf,0.939
1456309081.0,60429413,0.949
1456309081.0,1f57f9be,0.969
1456309081.0,c64e61d0,0.939
1456309081.0,de2c9edf,0.929
1456309081.0,dbad6afc,0.939
1456309081.0,6f11a226,0.959
1456309081.0,4837de5d,0.939
1456309081.0,93a0a521,0.984
1456309081.0,40a98fc9,0.949
1456309081.0,03f96d6c,0.979
1456309081.0,,0.939
1456309081.0,bc45bc13,1.059
1456309081.0,851acde1,0.989
1456309081.0,d623182f,0.979
1456309081.0,41d32756,0.979
1456309081.0,8642884a,0.989
1456309081.0,59005fdf,0.959
1456309081.0,919c9e96,0.989
1456309081.0,8b9c037d,0.939
1456309081.0,bef54869,0.939
1456309081.0,21ab2968,1.009
1456309081.0,e0d89735,1.019
1456309081.0,316995c6,0.969
1456309081.0,,0.959
1456309081.0,fc30928f,0.999
1456309081.0,a6fdc066,0.959
1456309081.0,8c1c23fb,0.929
1456309081.0,0b2f66ab,0.969
1456309081.0,ec99cf72,0.979
1456309081.0,ce45fa96,0.949
1456309081.0,e2edff7e,0.929
1456309081.0,369db971,0.949
1456309081.0,99b9ccd3,0.969
1456309081.0,a894c70b,0.979
1456309081.0,491a07d2,0.989
1456309081.0,edb0d416,0.949
1456309081.0,22bf0e3c,0.979
1456309081.0,70681f39,0.969
1456309081.0,36ce665f,0.949
1456309081.0,0e9418e2,1.059
1456309081.0,0220896d,0.959
1456309081.0,f7877ed7,0.949
1456309081.0,31172c6e,0.929
1456309081.0,5fb10ad5,0.949
1456309081.0,0b2dae68,0.929
1456309081.0,755c641f,0.959
1456309081.0,067693f6,0.959
1456309081.0,210ec430,0.979
1456309081.0,9086a5b2,0.969
1456309081.0,95a26ce2,0.949
1456309081.0,853a3988,0.959
1456309081.0,46bbffea,0.979
1456309081.0,ea9276b9,0.969
1456309081.0,f8d0cb27,0.989
1456309081.0,be70fae4,0.939
1456309081.0,152f198a,0.959
1456309081.0,16a9ef92,0.989
1456309081.0,5c093e22,0.969
1456309081.0,013daa88,0.949
1456309081.0,9581fe81,0.959
1456309081.0,f98eae96,0.989
1456309081.0,d64ff6b9,0.979
1456309081.0,c0e7740b,0.979
1456309081.0,7ac12ae4,0.929
1456309081.0,b30a9376,0.929
1456309081.0,55af4e12,0.929
1456309081.0,e76cb56f,0.979
1456309081.0,6d8d97a4,0.969
1456309081.0,54e1e6e2,0.959
1456309081.0,41d483a2,0.969
1456309081.0,8c0782e7,0.959
1456309081.0,b2b44530,0.989
1456309081.0,,0.989
1456309081.0,52628b2e,0.949
1456309081.0,83b18a20,0.959
1456309081.0,2d3b0c15,0.959
1456309081.0,da91fae8,0.949
1456309081.0,08f23eff,0.949
1456309081.0,70e22a28,0.969
1456309081.0,303e6b78,0.999
1456309081.0,0bd89a27,0.999
1456309081.0,e4e4bf18,0.929
1456309081.0,8babf7a8,0.969
1456309081.0,4ad60c88,0.989
1456309081.0,32065a23,0.949
1456309081.0,52a523f4,1.059
1456309081.0,48b393b2,0.979
1456309081.0,b0599356,0.949
1456309081.0,a7f164b3,0.979
1456309081.0,d0465699,0.949
1456309081.0,2a45cfbb,0.949
1456309081.0,e7aa0c08,0.979
1456309081.0,7bcda69c,0.969
1456309081.0,d64903d3,0.969
1456309081.0,badcf1ca,0.939
1456309081.0,60ccb68d,0.979
1456309081.0,44f80f34,0.959
1456309081.0,ff138580,0.969
1456309081.0,c4e17b93,0.939
1456309081.0,1bc36219,0.979
1456309081.0,61c492dd,0.939
1456309081.0,fe454b1d,0.949
1456309081.0,f37a54f6,0.939
1456309081.0,514a99f3,0.959
1456309081.0,01f8d023,0.979
1456309081.0,b0f4b28e,0.969
1456309081.0,7af9d9ad,1.019
1456309081.0,18429d44,0.979
1456309081.0,5e11d4e5,0.969
1456309081.0,ce969ca1,0.949
1456309081.0,930b627b,0.959
1456309081.0,f574fa00,0.999
1456309081.0,,0.959
1456309081.0,4b71d2b1,0.979
1456309081.0,,0.979
1456309081.0,9ee8e646,0.959
1456309081.0,5951b044,0.999
1456309081.0,a57d0d0e,0.969
1456309081.0,76ee34f4,0.939
1456309081.0,78962747,1.019
1456309081.0,81529fdc,0.969
1456309081.0,43206580,0.959
1456309081.0,81ffe4cd,0.959
1456309081.0,e57be742,0.969
1456309081.0,e181d5d0,0.959
1456309081.0,cedf23e6,0.969
1456309081.0,f268704b,1.099
1456309081.0,b026b716,0.959
1456309081.0,af766fc5,0.949
1456309081.0,25d0b512,0.989
1456309081.0,e0ff758f,0.969
1456309081.0,3b980bc9,0.989
1456309081.0,ba77d89e,0.979
1456309081.0,98a7af6d,0.989
1456309081.0,2b6463d1,0.979
1456309081.0,f654bb63,0.959
1456309081.0,630198f5,0.959
1456309081.0,25a832ea,0.949
1456309081.0,093ad451,0.969
1456309081.0,85d39803,0.979
1456309081.0,4cb2a111,0.969
1456309081.0,0d45e0bd,0.979
1456309081.0,dcb337e4,0.969
1456309081.0,e8a69269,0.999
1456309081.0,21fb52c4,0.979
1456309081.0,6174c30f,0.939
1456309081.0,645a5047,0.949
1456309081.0,b2a4889d,0.969
1456309081.0,190db56f,0.979
1456309081.0,4f704bb1,0.939
1456309081.0,fb54832a,0.979
1456309081.0,7b8d5b92,0.949
1456309081.0,a998716f,0.949
1456309081.0,496a23e0,0.949
1456309081.0,fe19868d,0.959
1456309081.0,76e411f5,0.939
1456309081.0,ae7d5dd1,0.959
1456309081.0,8fd505db,0.959
1456309081.0,a2459543,0.979
1456309081.0,2b7cf924,0.999
1456309081.0,1f52483c,0.979
1456309081.0,1f1e08d5,0.989
1456309081.0,11fd2741,0.939
1456309081.0,8bdbf457,0.999
1456309081.0,a50ae4a2,0.949
1456309081.0,46950b68,0.939
1456309081.0,8b6fe7ae,0.979
1456309081.0,a4c2cb8d,0.969
1456309081.0,c44abeea,0.989
1456309081.0,a260f4a5,0.949
1456309081.0,fb5125c0,0.949
1456309081.0,72ecbc2d,0.979
1456309081.0,b38002eb,0.969
1456309081.0,f1f7ae62,0.964
1456309081.0,0db94a7a,0.969
1456309081.0,9f51dbf4,0.939
1456309081.0,8fec22b9,0.989
1456309081.0,b70f82b5,0.969
1456309081.0,432fc77d,0.979
1456309081.0,3edff2fe,0.999
1456309081.0,4b42bb0a,0.959
1456309081.0,834ff98a,0.959
1456309081.0,8a0d026c,0.939
1456309081.0,b60ced65,0.929
1456309081.0,a2e94245,0.969
1456309081.0,71fc80a1,0.959
1456309081.0,fec908f7,0.979
1456309081.0,2e4b5644,0.939
1456309081.0,bec40c36,0.949
1456309081.0,3183a48d,0.949
1456309081.0,8acfd379,0.979
1456309081.0,ba78050b,0.959
1456309081.0,94d55606,0.989
1456309081.0,53cfbe4b,0.989
1456309081.0,ef80a9d5,0.969
1456309081.0,2d4ea0c1,0.949
1456309081.0,4abbc65e,0.959
1456309081.0,b7488969,0.989
1456309081.0,e466a86a,0.979
1456309081.0,98b996d3,0.959
1456309081.0,e82185b8,0.969
1456309081.0,dff89479,0.979
1456309081.0,0218a51d,0.949
1456309081.0,71e0a0d1,0.989
1456309081.0,59635b5d,0.959
1456309081.0,b6990863,0.999
1456309081.0,a43f17c4,0.959
1456309081.0,dd490099,0.949
1456309081.0,f8627d5e,0.939
1456309081.0,eabcfe38,0.984
1456309081.0,b4f10cda,0.939
1456309081.0,9ea3d2b6,0.929
1456309081.0,8035b52d,0.939
1456309081.0,48aac8e9,0.969
1456309081.0,7c5bbb7e,0.999
1456309081.0,62ae11f0,0.959
1456309081.0,af5a4fe6,0.949
1456309081.0,0bf731c0,0.969
1456309081.0,aad3e88a,0.949
1456309081.0,06de41d8,0.979
1456309081.0,df727d0c,1.009
1456309081.0,2d2c9c3f,0.939
1456309081.0,13037d15,0.959
1456309081.0,bacddc78,0.949
1456309081.0,6c1eda32,0.989
1456309081.0,,0.989
1456309081.0,90a21c47,1.019
1456309081.0,f9e46da5,0.939
1456309081.0,ab2a652e,0.959
1456309081.0,c1921151,0.969
1456309081.0,7aa37f95,0.929
1456309081.0,bcc9307a,0.999
1456309081.0,8d710f46,0.969
1456309081.0,1cc4daa8,0.979
1456309081.0,39614aa8,0.959
1456309081.0,f7f90554,0.929
1456309081.0,b1450a7d,0.999
1456309081.0,9da3a4c0,0.989
1456309081.0,f2ba4bc6,0.999
1456309081.0,2f559315,0.939
1456309081.0,4e905f58,0.989
1456309081.0,a7b1a4ab,0.939
1456309081.0,ad852670,0.959
1456309081.0,96d95521,0.969
1456309081.0,5b2284eb,0.999
1456309081.0,70879f72,0.969
1456309081.0,bf80d980,0.979
1456309081.0,dd7c2cef,0.979
1456309081.0,95dade99,0.979
1456309081.0,dd41b331,0.959
1456309081.0,be5dd10f,0.969
1456309081.0,aafab111,0.969
1456309081.0,01b26f60,0.979
1456309081.0,e2c6e599,0.989
1456309081.0,5c94a7d8,0.959
1456309081.0,b0cbad3f,0.969
1456309081.0,ff71148f,0.959
1456309081.0,dc6e88b0,0.979
1456309081.0,d2eebffb,0.959
1456309081.0,5ef62f10,0.969
1456309081.0,1e78351c,0.979
1456309081.0,9473c28b,0.949
1456309081.0,385d85e8,0.979
1456309081.0,a5547367,0.959
1456309081.0,9600cf84,0.959
1456309081.0,3893b380,0.959
1456309081.0,96378df9,1.009
1456309081.0,cd09a0d6,0.929
1456309081.0,93656c34,0.959
1456309081.0,fa3092ba,1.009
1456309081.0,,0.949
1456309081.0,0d730a98,0.969
1456309081.0,5ec35915,0.979
1456309081.0,22fb0e90,0.989
1456309081.0,68389c7f,0.969
1456309081.0,a2987081,0.989
1456309081.0,ae7c12ce,0.934
1456309081.0,a19cfb72,0.969
1456309081.0,1b21d50b,0.939
1456309081.0,a5998664,0.979
1456309081.0,3bed1f31,0.979
1456309081.0,1bc107ca,0.979
1456309081.0,7cce432f,0.959
1456309081.0,2445bcef,0.959
1456309081.0,e9ff4fd7,0.919
1456309081.0,422fbafa,0.989
1456309081.0,f2ef7300,0.949
1456309081.0,708c9a0d,0.999
1456309081.0,51c7bb55,0.949
1456309081.0,9f34d3c7,0.979
1456309081.0,1a70fd7f,0.959
1456309081.0,a971d6fb,0.939
1456309081.0,cfaa81ec,0.964
1456309081.0,0d6425bc,0.969
1456309081.0,b43ac946,0.959
1456309081.0,e73d5934,0.999
1456309081.0,bbf6435f,0.949
1456309081.0,d1002658,0.999
1456309081.0,ae9a3b9d,0.979
1456309081.0,1a839c73,0.959
1456309081.0,ec6f00be,0.939
1456309081.0,4719c036,0.939
1456309081.0,18a2553e,0.949
1456309081.0,c93058ac,0.999
1456309081.0,0b7d0a63,0.979
1456309081.0,f03c398a,0.949
1456309081.0,f28e5efe,0.949
1456309081.0,6f1953ac,0.989
1456309081.0,ec487980,0.949
1456309081.0,bb34de9c,0.959
1456309081.0,85676e8b,0.969
1456309081.0,ec2d257d,0.999
1456309081.0,350b5605,0.949
1456309081.0,62f495a7,0.929
1456309081.0,de8bd970,0.979
1456309081.0,c257e761,0.949
1456309081.0,81f221f2,0.939
1456309081.0,d351cb6a,0.949
1456309081.0,6232cf12,0.969
1456309081.0,3ebf0a56,0.999
1456309081.0,,0.999
1456309081.0,e3f9ebe0,0.959
1456309081.0,5eddffaf,0.989
1456309081.0,91677360,0.959
1456309081.0,9e80e5e2,0.969
1456309081.0,af6c3817,0.969
1456309081.0,72e91f24,0.949
1456309081.0,e2cc6025,0.949
1456309081.0,37bbaa9d,0.949
1456309081.0,e5232a6c,0.959
1456309081.0,40e47eaa,0.949
1456309081.0,baaf8b05,0.999
1456309081.0,4ae6afd6,0.959
1456309081.0,38d183bf,0.989
1456309081.0,b6bd8b96,0.929
1456309081.0,783b97cc,0.939
1456309081.0,2bde4cc0,0.959
1456309081.0,,0.959
1456309081.0,b5935794,0.969
1456309081.0,db97e7b4,0.939
1456309081.0,433cd102,0.959
1456309081.0,fca43092,0.989
1456309081.0,337484f4,0.919
1456309081.0,b350758d,0.959
1456309081.0,cb728243,0.969
1456309081.0,862d0257,0.959
1456309081.0,9ac3ac4d,0.949
1456309081.0,01668234,0.939
1456309081.0,2a753e23,0.949
1456309081.0,26d49c51,0.949
1456309081.0,1580fa52,0.979
1456309081.0,974d725c,0.999
1456309081.0,ea255676,0.989
1456309081.0,a0f41fbb,0.989
1456309081.0,3b58625d,0.949
1456309081.0,2358eb9a,0.959
1456309081.0,304a6497,0.979
1456309081.0,2a6e5bb1,0.959
1456309081.0,028d28be,0.959
1456309081.0,bcee3dc6,0.979
1456309081.0,4768200e,0.969
1456309081.0,af343ad6,0.959
1456309081.0,4bb19235,0.969
1456309081.0,c93210c8,0.989
1456309081.0,ca39cb77,0.979
1456309081.0,e5f52c88,0.999
1456309081.0,09851a39,0.989
1456309081.0,b718f9fa,0.979
1456309081.0,df7edd4e,0.959
1456309081.0,f5234ec2,0.969
1456309081.0,14b80428,0.979
1456309081.0,952e8670,0.979
1456309081.0,cadf0fec,0.969
1456309081.0,18db456a,0.999
1456309081.0,37f5ab7c,0.989
1456309081.0,1b481393,0.939
1456309081.0,3b38e104,0.959
1456309081.0,53e57ac2,0.999
1456309081.0,e173589c,0.949
1456309081.0,d1afa721,0.959
1456309081.0,32a9a0e5,0.959
1456309081.0,dadcaa77,0.959
1456309081.0,10f309c6,0.959
1456309081.0,c2c9a813,0.989
1456309081.0,be63db8b,0.949
1456309081.0,cc232225,0.939
1456309081.0,c76359a4,0.939
1456309081.0,1d6f1deb,0.979
1456309081.0,4cdbbbb9,0.929
1456309081.0,66a925d6,0.939
1456309081.0,abe52a6d,0.969
1456309081.0,8d437dd2,0.929
1456309081.0,740982ff,0.969
1456309081.0,5a549ff7,0.919
1456309081.0,b7acce06,0.949
1456309081.0,69a09fed,0.949
1456309081.0,128ef159,0.949
1456309081.0,1cedaf70,0.939
1456309081.0,186f9d64,0.959
1456309081.0,f867d11b,0.959
1456309081.0,9f62a2b2,0.969
1456309081.0,113fe84c,0.969
1456309081.0,94ce365f,0.949
1456309081.0,5a80a293,0.969
1456309081.0,549b0288,0.999
1456309081.0,19cfa34e,0.979
1456309081.0,c7cf7e3e,1.019
1456309081.0,0d366466,0.939
1456309081.0,9168991d,0.949
1456309081.0,0570dbe0,0.929
1456309081.0,99125e73,0.969
1456309081.0,467ac0ec,0.959
1456309081.0,80148308,0.989
1456309081.0,b894b272,1.009
1456309081.0,5c197824,0.979
1456309081.0,bc302c7c,0.969
1456309081.0,8de01e99,0.989
1456309081.0,82812943,0.949
1456309081.0,e64fba92,0.949
1456309081.0,5f3a075f,0.929
1456309081.0,87d1caf0,0.949
1456309081.0,bf816140,0.979
1456309081.0,974e4706,0.939
1456309081.0,fa216f55,0.979
1456309081.0,76ab87bf,0.929
1456309081.0,cdddf39e,0.949
1456309081.0,1489e7c1,0.949
1456309081.0,b6167e3e,0.999
1456309081.0,b57a6a63,0.949
1456309081.0,bd8bd0ef,0.979
1456309081.0,823e96f7,0.969
1456309081.0,2278ee7b,0.959
1456309081.0,ef21b674,0.939
1456309081.0,a9864022,0.939
1456309081.0,e68575c0,1.019
1456309081.0,5780923a,0.969
1456309081.0,974de11a,0.969
1456309081.0,72ec8a0d,0.959
1456309081.0,32e6abfd,0.989
1456309081.0,58cdd6dc,0.959
1456309081.0,0b1eb29a,0.949
1456309081.0,836023d3,0.999
1456309081.0,f50a208b,0.979
1456309081.0,a40495d3,0.929
1456309081.0,9aceebc5,0.949
1456309081.0,48772908,0.959
1456309081.0,6655797e,0.949
1456309081.0,d501c22d,0.959
1456309081.0,204c7d8c,0.979
1456309081.0,dd530bc1,0.939
1456309081.0,5800eb70,0.969
1456309081.0,1f59edd4,0.969
1456309081.0,08aa7fc0,0.949
1456309081.0,5763ef3b,0.929
1456309081.0,c330d63c,0.959
1456309081.0,129427de,0.969
1456309081.0,7fc72456,0.969
1456309081.0,59e2c5e0,1.009
1456309081.0,5c7976a7,0.989
1456309081.0,741f4fab,0.959
1456309081.0,c4655584,0.999
1456309081.0,cef089b3,0.929
1456309081.0,4fe4aa3c,0.949
1456309081.0,8fbe5276,0.989
1456309081.0,c6e11963,0.989
1456309081.0,bcdeefc3,0.989
1456309081.0,994f9854,0.959
1456309081.0,68bdb4cb,0.979
1456309081.0,5cbc21f8,0.969
1456309081.0,bc1f7e5b,0.939
1456309081.0,85711ea4,1.019
1456309081.0,773b1599,0.969
1456309081.0,6e42bec6,0.979
1456309081.0,0b152e4a,0.999
1456309321.0,2f03265e,0.939
1456309321.0,3cce768e,0.959
1456309321.0,3d36e33a,0.929
1456309321.0,c391ee8f,0.989
1456309321.0,1e3a9784,0.929
1456309321.0,12d36adb,0.979
1456309321.0,6894d9e7,0.959
1456309321.0,4a243585,0.929
1456309321.0,ff6209cb,0.989
1456309321.0,4ca12111,0.969
1456309321.0,fc64f929,0.979
1456309321.0,5426515a,0.989
1456309321.0,f5d1988d,1.059
1456309321.0,a6575e4e,0.939
1456309321.0,a1de4c4f,0.979
1456309321.0,baf6a6cd,0.959
1456309321.0,21a0bd76,0.999
1456309321.0,68002bd4,0.959
1456309321.0,9a52a6cd,0.949
1456309321.0,039cdb4d,1.009
1456309321.0,272049b7,1.009
1456309321.0,5f3ccc40,0.969
1456309321.0,c232241f,0.949
1456309321.0,655988e9,0.969
1456309321.0,d89d5f83,0.959
1456309321.0,f1736b62,0.929
1456309321.0,318fc332,0.969
1456309321.0,90c5a207,0.939
1456309321.0,602cea26,0.999
1456309321.0,cc6a0aeb,0.959
1456309321.0,139cc5da,0.969
1456309321.0,a176d119,0.949
1456309321.0,d00ee189,0.959
1456309321.0,fa3da430,0.919
1456309321.0,cb511574,0.929
1456309321.0,6c406288,0.969
1456309321.0,fc3fcf48,0.979
1456309321.0,ddce8cd4,0.939
1456309321.0,a470edc3,0.959
1456309321.0,ae472235,0.949
1456309321.0,7840ee28,0.989
1456309321.0,b787856a,0.969
1456309321.0,e1d95425,1.059
1456309321.0,b46b0917,0.969
1456309321.0,37427601,0.949
1456309321.0,84cd3ae4,0.989
1456309321.0,9f4abaf3,0.959
1456309321.0,cf184a67,0.929
1456309321.0,6268c2a7,0.949
1456309321.0,3b3e1ce0,0.969
1456309321.0,711d036b,0.959
1456309321.0,84b346b1,0.969
1456309321.0,720a51d5,1.009
1456309321.0,37e9ba19,0.989
1456309321.0,17d98ba9,0.949
1456309321.0,bca5b114,0.949
1456309321.0,3afb0fab,1.009
1456309321.0,7ac5212c,0.989
1456309321.0,3bbe7509,0.959
1456309321.0,abea714d,1.059
1456309321.0,eda96774,0.959
1456309321.0,835f9ec0,0.989
1456309321.0,2f0207af,1.009
1456309321.0,b3e6c96a,0.919
1456309321.0,010c74dd,0.969
1456309321.0,be2d5691,0.989
1456309321.0,02f94d04,0.959
1456309321.0,34adc4e3,0.989
1456309321.0,3d74c9d4,0.939
1456309321.0,31f5cac5,0.969
1456309321.0,80ebee07,0.999
1456309321.0,bc0ee536,0.949
1456309321.0,adb0e3b5,0.959
1456309321.0,c7316ab3,0.979
1456309321.0,05574660,0.959
1456309321.0,6568fb81,0.949
1456309321.0,f6d9b461,0.929
1456309321.0,6b1c47cf,0.959
1456309321.0,57bad7ea,0.929
1456309321.0,948a8512,0.989
1456309321.0,1d223722,1.019
1456309321.0,eaa98c1c,0.989
1456309321.0,e01a7247,0.959
1456309321.0,5e363c03,0.959
1456309321.0,ad338ffc,0.989
1456309321.0,6dd14a95,0.939
1456309321.0,df43a8b2,0.929
1456309321.0,89756dbc,0.969
1456309321.0,2b849c3c,0.939
1456309321.0,a676af82,0.989
1456309321.0,e5b18dec,0.949
1456309321.0,4b926ccb,0.939
1456309321.0,7d15e55f,0.989
1456309321.0,3dceca88,0.979
1456309321.0,e3f71be8,0.969
1456309321.0,1105f74e,0.969
1456309321.0,1223090e,0.969
1456309321.0,d04dc22d,0.989
1456309321.0,1efc20ca,0.949
1456309321.0,f4af1b17,0.999
1456309321.0,7ab8a6b9,0.989
1456309321.0,3b3dda8f,0.959
1456309321.0,22103849,0.939
1456309321.0,5f51bf27,0.959
1456309321.0,f9a14adc,0.949
1456309321.0,fbfbf15b,0.969
1456309321.0,c9f99a88,0.939
1456309321.0,f479c8f0,0.979
1456309321.0,9e5f97a3,0.979
1456309321.0,fcac67a0,0.979
1456309321.0,a950db45,1.059
1456309321.0,b6f82f10,0.959
1456309321.0,c6729739,0.959
1456309321.0,f735a69d,0.949
1456309321.0,cd2e6031,0.979
1456309321.0,48abfcff,0.959
1456309321.0,03719a0b,0.979
1456309321.0,e967d385,0.949
1456309321.0,e487e118,0.969
1456309321.0,9a1d105d,0.989
1456309321.0,34b00dee,0.959
1456309321.0,6f85f5da,0.929
1456309321.0,6b50c140,0.999
1456309321.0,73b32664,0.959
1456309321.0,7fa92b87,1.004
1456309321.0,addbc61c,0.979
1456309321.0,597a414c,0.959
1456309321.0,9593b2f6,0.929
1456309321.0,7674ea9d,0.949
1456309321.0,4f5899c2,0.939
1456309321.0,68492368,0.949
1456309321.0,4cd3d126,0.949
1456309321.0,19e65444,0.949
1456309321.0,6197a70d,0.989
1456309321.0,d9422725,0.939
1456309321.0,1a0f3e2b,0.949
1456309321.0,a7be9b25,0.949
1456309321.0,91c3f745,0.939
1456309321.0,25a151c2,0.979
1456309321.0,82c7766b,0.929
1456309321.0,110c184e,0.949
1456309321.0,bc509654,0.949
1456309321.0,0b1b5508,0.939
1456309321.0,787e80bd,0.979
1456309321.0,2a6c46a2,0.989
1456309321.0,2132dc97,0.939
1456309321.0,7e5a6d3f,0.939
1456309321.0,8a1713b6,1.019
1456309321.0,5cec73e9,0.949
1456309321.0,65efbc29,0.959
1456309321.0,cdf81365,0.979
1456309321.0,cc3dc9ec,0.929
1456309321.0,a7c266a1,0.979
1456309321.0,b45d7a66,0.969
1456309321.0,460a378a,0.949
1456309321.0,b27b4435,0.959
1456309321.0,e6b01768,0.909
1456309321.0,1b364f19,0.929
1456309321.0,911d629d,0.919
1456309321.0,5dbdb1ad,0.939
1456309321.0,110c83a7,0.989
1456309321.0,ab493d35,0.939
1456309321.0,c443c505,0.949
1456309321.0,7cf9c06f,0.959
1456309321.0,db623e54,0.929
1456309321.0,9124d12a,0.959
1456309321.0,d14d8358,0.969
1456309321.0,603e075c,0.949
1456309321.0,99079efc,0.979
1456309321.0,d74429a3,0.929
1456309321.0,9ffeb5ed,0.979
1456309321.0,cef28ece,0.979
1456309321.0,31d7c8d8,0.979
1456309321.0,9fd35589,0.969
1456309321.0,11b725ec,0.939
1456309321.0,55446f74,0.979
1456309321.0,72a57388,0.909
1456309321.0,11b2e08c,0.939
1456309321.0,cce3fded,0.979
1456309321.0,893de505,0.949
1456309321.0,c5bb659b,0.929
1456309321.0,b44d5d41,0.999
1456309321.0,39b11db0,0.979
1456309321.0,469cb2ca,0.939
1456309321.0,202ac153,0.949
1456309321.0,c86a322d,0.949
1456309321.0,12d210d8,0.939
1456309321.0,c7095984,0.969
1456309321.0,20c2b8e7,0.999
1456309321.0,e0808ce1,0.959
1456309321.0,48666ddb,0.929
1456309321.0,771baacf,0.989
1456309321.0,90bd0a2b,0.929
1456309321.0,d0af609e,0.989
1456309321.0,f65e3be6,0.959
1456309321.0,79470901,0.939
1456309321.0,fc451496,0.929
1456309321.0,ed3acf54,0.939
1456309321.0,0b4a5e48,0.939
1456309321.0,13532509,0.939
1456309321.0,140514a1,0.949
1456309321.0,485a4ee4,0.979
1456309321.0,0fb8b04e,0.989
1456309321.0,b6774f71,0.959
1456309321.0,cc367c32,0.989
1456309321.0,a4087b5f,0.929
1456309321.0,7301ae23,0.989
1456309321.0,44adf9c1,0.929
1456309321.0,72615718,0.919
1456309321.0,fc2ec0dc,0.989
1456309321.0,b2fa05f2,0.949
1456309321.0,ddc99e87,0.969
1456309321.0,4c7b82d0,0.999
1456309321.0,e5ead47b,0.939
1456309321.0,010fdae7,0.959
1456309321.0,83c02c47,0.949
1456309321.0,ed8f4b16,0.939
1456309321.0,f985130f,0.999
1456309321.0,5970db62,0.969
1456309321.0,88b83d81,0.949
1456309321.0,05de04c2,0.939
1456309321.0,80da2bc7,0.949
1456309321.0,41225b43,0.959
1456309321.0,,0.959
1456309321.0,a07eee38,0.989
1456309321.0,891c9c5c,0.949
1456309321.0,6934dd1a,0.979
1456309321.0,905563bb,0.929
1456309321.0,9dfbd4dd,0.939
1456309321.0,9daabce1,0.949
1456309321.0,f11f062c,0.969
1456309321.0,83c9051f,0.989
1456309321.0,3696709e,0.969
1456309321.0,f86f0531,0.929
1456309321.0,f5b117ef,0.969
1456309321.0,475024c4,0.919
1456309321.0,1ca78cac,0.929
1456309321.0,dc2d8878,0.949
1456309321.0,840dc1e3,0.929
1456309321.0,8b5242d3,0.979
1456309321.0,c7a00e1c,0.939
1456309321.0,857a97e0,0.979
1456309321.0,5dea9761,0.919
1456309321.0,2748662b,0.969
1456309321.0,11f3128c,0.979
1456309321.0,5d12f54e,0.939
1456309321.0,c47ae9d4,0.919
1456309321.0,5b0a88cf,0.959
1456309321.0,2c1a8318,0.969
1456309321.0,a9ac5dea,0.949
1456309321.0,b912a2af,0.959
1456309321.0,6a9ba9c7,0.939
1456309321.0,0b912035,0.949
1456309321.0,0d26cc8d,0.959
1456309321.0,054b98a5,0.949
1456309321.0,83748919,0.959
1456309321.0,bb39a843,0.929
1456309321.0,acd894be,0.919
1456309321.0,8a338e32,0.939
1456309321.0,2eccf490,0.929
1456309321.0,113f4e08,0.999
1456309321.0,a2b07888,0.929
1456309321.0,f26bfef4,0.979
1456309321.0,cd422423,0.999
1456309321.0,6c60b697,0.939
1456309321.0,ffb71aa8,0.929
1456309321.0,9e283f94,0.949
1456309321.0,eb783f5d,0.949
1456309321.0,3c2e16c2,0.959
1456309321.0,0264d325,0.969
1456309321.0,d3bb1de9,0.939
1456309321.0,0c514e6f,0.959
1456309321.0,adaf8fbc,0.959
1456309321.0,8f280c89,0.919
1456309321.0,cca8f84d,0.949
1456309321.0,8e306a91,0.949
1456309321.0,727a279d,0.979
1456309321.0,fb3a21ef,0.969
1456309321.0,065dc992,0.959
1456309321.0,9672aa1d,0.979
1456309321.0,fb17adac,0.969
1456309321.0,4ee36e5e,0.929
1456309321.0,b28c8a57,0.949
1456309321.0,263e0b44,0.929
1456309321.0,147d3858,1.019
1456309321.0,18b5f856,0.999
1456309321.0,0395f025,0.979
1456309321.0,8cfcff71,0.929
1456309321.0,946a6eb2,1.009
1456309321.0,0d721874,0.999
1456309321.0,1ed8d71f,0.939
1456309321.0,9ad361ad,0.999
1456309321.0,6dda6f67,0.989
1456309321.0,48d21f5a,0.979
1456309321.0,b338177f,0.959
1456309321.0,db68109c,0.969
1456309321.0,d8714e76,0.929
1456309321.0,0d245387,0.934
1456309321.0,0aad0d01,0.959
1456309321.0,b463b410,0.959
1456309321.0,6c6c9588,0.979
1456309321.0,18d8a792,0.979
1456309321.0,63cbf4ee,0.979
1456309321.0,04524480,0.969
1456309321.0,c40bc606,0.929
1456309321.0,e5561b2d,0.949
1456309321.0,a3cd819d,0.949
1456309321.0,f9580460,0.929
1456309321.0,316fd7de,0.929
1456309321.0,0e7a54cf,0.959
1456309321.0,a24bfa50,0.949
1456309321.0,a1605c07,0.939
1456309321.0,c17eb923,0.939
1456309321.0,04b4f43b,0.939
1456309321.0,e7442b52,0.969
1456309321.0,fa99c07b,0.969
1456309321.0,fc51c26e,0.969
1456309321.0,802f8091,0.979
1456309321.0,5984eea4,0.969
1456309321.0,f63ac751,0.969
1456309321.0,2a762595,0.979
1456309321.0,01ca69d4,0.929
1456309321.0,66571899,0.969
1456309321.0,930b627b,0.939
1456309321.0,cda8d3bf,1.009
1456309321.0,d3953243,0.989
1456309321.0,88a26674,0.969
1456309321.0,1037129e,0.994
1456309321.0,3b2ce948,0.979
1456309321.0,563c9041,0.929
1456309321.0,f6d63084,0.959
1456309321.0,5459c738,0.939
1456309321.0,4baeb9d6,0.969
1456309321.0,f7f4f1c0,0.959
1456309321.0,9d2a511e,0.989
1456309321.0,c9a50b4f,0.939
1456309321.0,9a246c9a,0.969
1456309321.0,5308f610,0.959
1456309321.0,a74299cc,0.949
1456309321.0,1c28bcf7,0.989
1456309321.0,f4333371,0.959
1456309321.0,3ad4d1ba,0.989
1456309321.0,d24c8b74,0.949
1456309321.0,3d45d1b9,0.979
1456309321.0,5626cf3c,0.989
1456309321.0,,0.949
1456309321.0,5d45148e,0.989
1456309321.0,a83e3faa,0.949
1456309321.0,466d909f,1.009
1456309321.0,00c551a1,0.979
1456309321.0,52e70aca,0.939
1456309321.0,1bae705e,0.989
1456309321.0,bc8d7f92,0.959
1456309321.0,ebce0132,0.949
1456309321.0,71afe6ef,0.989
1456309321.0,4f9d836e,0.969
1456309321.0,7dfe4528,0.959
1456309321.0,56550517,0.999
1456309321.0,68480e7b,0.999
1456309321.0,129b7653,0.919
1456309321.0,27825143,0.969
1456309321.0,ccecf336,0.949
1456309321.0,2c5f3e59,0.919
1456309321.0,e743f9ea,0.929
1456309321.0,6f988429,0.939
1456309321.0,80e97677,0.979
1456309321.0,80ba6950,0.949
1456309321.0,9f41a7c7,0.989
1456309321.0,4773dbd2,0.959
1456309321.0,95e23a71,0.989
1456309321.0,538bd786,0.929
1456309321.0,b445540d,0.969
1456309321.0,8d192dd1,0.959
1456309321.0,94be3c52,0.959
1456309321.0,9479cc1c,0.959
1456309321.0,2cf175a8,0.979
1456309321.0,4d916c9b,0.959
1456309321.0,287fc858,0.969
1456309321.0,4aa96079,0.989
1456309321.0,92b69eed,0.969
1456309321.0,5a77d43f,0.939
1456309321.0,aa42d9a3,0.969
1456309321.0,55c9b2b2,0.999
1456309321.0,8c81c551,0.969
1456309321.0,d51df2cb,0.959
1456309321.0,ca9bd89a,0.969
1456309321.0,5b70fdaa,0.999
1456309321.0,1edee463,0.999
1456309321.0,b6002806,0.969
1456309321.0,5c49f018,0.969
1456309321.0,084224e7,0.969
1456309321.0,3f1e04e5,0.969
1456309321.0,f68a34f4,0.959
1456309321.0,f56cecf3,0.989
1456309321.0,bdc7131f,0.949
1456309321.0,ffacc137,0.989
1456309321.0,47647d8f,0.979
1456309321.0,c8e00f1c,0.949
1456309321.0,28277250,0.969
1456309321.0,6bf6f02f,0.979
1456309321.0,ae45fd8e,0.969
1456309321.0,0fc58d33,0.919
1456309321.0,649461ec,0.949
1456309321.0,a0ea8015,0.959
1456309321.0,935f6e86,0.959
1456309321.0,4c5b25a6,0.939
1456309321.0,9a03cdbc,0.959
1456309321.0,8b4986e3,0.949
1456309321.0,948de924,1.009
1456309321.0,7e101351,0.959
1456309321.0,75290178,0.959
1456309321.0,e9c8afa0,0.999
1456309321.0,ddaa5083,0.949
1456309321.0,229400a7,0.959
1456309321.0,8c299260,0.939
1456309321.0,aa24cd60,0.959
1456309321.0,9c7eab32,1.019
1456309321.0,0ee68fe4,0.959
1456309321.0,b9bbf9ee,0.979
1456309321.0,20836cd8,0.979
1456309321.0,5f6019e0,0.959
1456309321.0,299d6edc,0.959
1456309321.0,88977ce9,0.989
1456309321.0,0e7f8607,0.969
1456309321.0,f09149cd,0.979
1456309321.0,48cc409e,0.959
1456309321.0,c0fe2d57,0.939
1456309321.0,e37dd80a,0.969
1456309321.0,33caf979,0.969
1456309321.0,8f6ac169,0.929
1456309321.0,e3330ca1,0.959
1456309321.0,bf1ede3b,0.959
1456309321.0,284c6af0,0.949
1456309321.0,941effa7,0.949
1456309321.0,,1.009
1456309321.0,f7989ae3,0.979
1456309321.0,308408ca,0.949
1456309321.0,0a48df72,0.979
1456309321.0,a4a7e146,0.935
1456309321.0,95256814,0.959
1456309321.0,14295632,0.929
1456309321.0,df7154f6,0.939
1456309321.0,d790573d,0.959
1456309321.0,b9535339,0.949
1456309321.0,75856052,0.929
1456309321.0,056cb40c,0.979
1456309321.0,80b92918,0.958
1456309321.0,7efa821a,0.959
1456309321.0,6a629c0f,0.949
1456309321.0,26a56374,0.919
1456309321.0,259823d7,0.959
1456309321.0,e458aaaf,0.969
1456309321.0,e5ccd3f7,0.969
1456309321.0,9755b499,0.999
1456309321.0,eaaeb33a,0.979
1456309321.0,cd84a2a9,0.969
1456309321.0,ecf2754f,0.949
1456309321.0,f7f51e72,0.959
1456309321.0,07ca952f,0.979
1456309321.0,1219a469,0.979
1456309321.0,4e37aaef,0.979
1456309321.0,29d690c6,0.999
1456309321.0,,0.949
1456309321.0,fc8f41b2,0.939
1456309321.0,02065938,0.989
1456309321.0,1d6f1deb,0.969
1456309321.0,5bb24e91,0.949
1456309321.0,05cd05cd,0.979
1456309321.0,6ed1ade4,0.939
1456309321.0,856ff254,0.979
1456309321.0,35c85b81,0.929
1456309321.0,d472efac,0.929
1456309321.0,a82fcd07,0.989
1456309321.0,0c74abc4,0.939
1456309321.0,4f91a79a,0.949
1456309321.0,90bcaabc,0.929
1456309321.0,d9461dd7,0.989
1456309321.0,b7acce06,0.929
1456309321.0,471d5cec,0.949
1456309321.0,688653f8,0.939
1456309321.0,1700f01a,0.929
1456309321.0,3c9479d6,0.929
1456309321.0,bf694984,0.929
1456309321.0,b6daf677,0.979
1456309321.0,8ec1148e,0.959
1456309321.0,dc4c222b,0.979
1456309321.0,1cedaf70,0.939
1456309321.0,e5cba29c,0.979
1456309321.0,484ff98d,0.969
1456309321.0,09d54524,0.959
1456309321.0,2e474264,0.969
1456309321.0,20fea5aa,1.029
1456309321.0,2bbb3f4f,1.019
1456309321.0,862d0831,0.969
1456309321.0,afb0335d,0.959
1456309321.0,661e8c68,0.959
1456309321.0,38f029e2,0.959
1456309321.0,63a3fa08,0.949
1456309321.0,e05d6984,0.959
1456309321.0,04a002fa,0.989
1456309321.0,11ab82be,1.009
1456309321.0,c1b38961,0.949
1456309321.0,d7213c3c,0.949
1456309321.0,672c6cfd,1.009
1456309321.0,12812efd,0.929
1456309321.0,24acb441,0.949
1456309321.0,25ce010c,0.939
1456309321.0,c9faeb03,0.949
1456309321.0,b2590879,0.969
1456309321.0,e9f34b51,0.979
1456309321.0,8838e6a7,0.979
1456309321.0,4d67e241,0.949
1456309321.0,1d3ab507,0.939
1456309321.0,04ea2134,0.939
1456309321.0,28a5d3b4,0.929
1456309321.0,159f07cc,0.979
1456309321.0,ddbf70bf,0.999
1456309321.0,cac011c0,0.939
1456309321.0,22609e3d,0.949
1456309321.0,a793fb91,0.999
1456309321.0,7dc477e0,0.939
1456309321.0,7d0753eb,0.949
1456309321.0,6754752f,0.989
1456309321.0,f1f120d5,0.939
1456309561.0,bf66734b,0.959
1456309561.0,09975f4d,0.959
1456309561.0,ea3de48b,0.979
1456309561.0,a8e7b6ec,0.929
1456309561.0,f5434e55,0.969
1456309561.0,317387f0,0.959
1456309561.0,85dec34a,0.959
1456309561.0,e8ce1950,0.959
1456309561.0,692e3609,0.949
1456309561.0,dfe43ff9,0.909
1456309561.0,e2851b26,0.929
1456309561.0,caff03c9,0.909
1456309561.0,e6ea469e,0.949
1456309561.0,9727ab3a,0.909
1456309561.0,aee75779,0.949
1456309561.0,37907db5,0.939
1456309561.0,5b042101,0.959
1456309561.0,8208358e,0.969
1456309561.0,264d6745,0.929
1456309561.0,c15538a6,1.029
1456309561.0,1d2b410a,0.979
1456309561.0,8bf505c8,0.939
1456309561.0,32167d7b,0.949
1456309561.0,b4032e28,0.949
1456309561.0,61638e00,0.989
1456309561.0,896f2819,0.989
1456309561.0,ed770a27,0.969
1456309561.0,ec60ed5f,0.959
1456309561.0,17e38b8d,0.949
1456309561.0,,0.959
1456309561.0,d09811d3,0.989
1456309561.0,8f084a2a,0.989
1456309561.0,5000f0c5,0.969
1456309561.0,75005b6a,0.989
1456309561.0,2aaf451f,0.929
1456309561.0,e47205b5,0.939
1456309561.0,515a767d,0.959
1456309561.0,77a337be,0.939
1456309561.0,1bd217db,1.109
1456309561.0,fae436b2,0.979
1456309561.0,884a1646,0.949
1456309561.0,05f9cd85,0.979
1456309561.0,0d662c07,0.969
1456309561.0,09638887,0.969
1456309561.0,72ceacae,0.959
1456309561.0,f044b2d1,0.999
1456309561.0,722bfb7b,0.989
1456309561.0,4bc4b71f,0.949
1456309561.0,6e72fd5e,0.969
1456309561.0,1829c766,0.949
1456309561.0,,0.929
1456309561.0,8cffa5f5,0.969
1456309561.0,2f9dd7f6,0.959
1456309561.0,7053ce5b,1.029
1456309561.0,7f667b18,0.929
1456309561.0,192ba8fb,0.949
1456309561.0,1d3c1b45,0.989
1456309561.0,8c7a089d,0.959
1456309561.0,65964ff0,0.979
1456309561.0,c7bec506,0.979
1456309561.0,623e9424,0.969
1456309561.0,e10f157c,0.959
1456309561.0,a825b9fa,0.949
1456309561.0,9b71f290,0.969
1456309561.0,b9331765,0.999
1456309561.0,27792a3d,0.959
1456309561.0,27707ee4,0.939
1456309561.0,ac1ca792,0.959
1456309561.0,b24e03a5,0.979
1456309561.0,41a0ce00,0.929
1456309561.0,785d1098,0.999
1456309561.0,3dbe97df,0.959
1456309561.0,a83de21c,0.959
1456309561.0,8d87181e,0.959
1456309561.0,0fd8b490,0.949
1456309561.0,c637f136,0.989
1456309561.0,87f30cbe,0.999
1456309561.0,17f41d4f,0.929
1456309561.0,35305598,0.959
1456309561.0,bf53dadd,0.909
1456309561.0,2736cca4,0.979
1456309561.0,2947866d,0.989
1456309561.0,980a858d,0.949
1456309561.0,130149c2,0.949
1456309561.0,3bf045f8,0.949
1456309561.0,97911c0d,0.939
1456309561.0,92667f30,0.989
1456309561.0,be6d21fe,1.019
1456309561.0,310e041a,1.009
1456309561.0,06abd985,0.929
1456309561.0,,0.979
1456309561.0,3cf0adec,0.949
1456309561.0,3d589997,0.979
1456309561.0,aa1ef023,0.959
1456309561.0,74f3df02,0.969
1456309561.0,c4ac8df0,0.999
1456309561.0,c32b7c81,0.949
1456309561.0,af7120b0,1.059
1456309561.0,6ebcf0bd,0.969
1456309561.0,1660ed2f,0.999
1456309561.0,1d06a6fd,0.989
1456309561.0,6cec7405,0.939
1456309561.0,7e3542f5,0.969
1456309561.0,860dceaa,0.959
1456309561.0,f2d1f1fa,0.909
1456309561.0,b47f33d8,0.989
1456309561.0,f05c17a0,0.919
1456309561.0,1d736429,0.959
1456309561.0,a8c6b173,0.969
1456309561.0,7970752a,0.969
1456309561.0,a6980904,0.989
1456309561.0,59698c83,0.959
1456309561.0,de66ae92,0.949
1456309561.0,855563c1,0.929
1456309561.0,c78b7333,0.969
1456309561.0,e48ca6d1,0.979
1456309561.0,a7f61984,0.959
1456309561.0,ab23cef1,0.979
1456309561.0,7d3ae9b0,0.989
1456309561.0,bf8c6324,0.939
1456309561.0,165068db,0.969
1456309561.0,cb601f93,0.929
1456309561.0,2d673aaf,0.949
1456309561.0,4e176577,0.959
1456309561.0,81fb03d2,0.909
1456309561.0,30eed8b6,0.949
1456309561.0,a89295ed,0.959
1456309561.0,18bddc12,0.949
1456309561.0,70ab0b09,0.929
1456309561.0,cc9dcdfc,0.939
1456309561.0,ad269c98,0.959
1456309561.0,cf429d6f,0.949
1456309561.0,eb4e983f,0.949
1456309561.0,03a8f542,0.969
1456309561.0,945346f0,0.929
1456309561.0,4aec94cc,0.949
1456309561.0,e206c1b6,0.949
1456309561.0,7bdc8aa9,0.929
1456309561.0,6135497e,0.939
1456309561.0,4442e246,0.949
1456309561.0,ad25712e,0.929
1456309561.0,7e7694a3,0.959
1456309561.0,ff94ad98,0.949
1456309561.0,f79eb5f9,0.929
1456309561.0,2bc0bc0e,0.959
1456309561.0,0c55457f,0.959
1456309561.0,fd9b3ee5,0.959
1456309561.0,3cb8640b,0.959
1456309561.0,a2557e83,0.939
1456309561.0,bde67b17,0.959
1456309561.0,7dedf4de,0.979
1456309561.0,5098a1d8,0.929
1456309561.0,4a9d5885,0.949
1456309561.0,95be882a,0.969
1456309561.0,25e13742,0.959
1456309561.0,d9749191,0.969
1456309561.0,ee54e371,0.949
1456309561.0,ee24a3c9,0.969
1456309561.0,c8df5f11,0.949
1456309561.0,e140b830,0.969
1456309561.0,ee4ab1fa,0.969
1456309561.0,74c9e802,0.959
1456309561.0,eace7a48,0.999
1456309561.0,07ff93d9,1.009
1456309561.0,622ea82b,0.989
1456309561.0,c74444b1,0.999
1456309561.0,d4024d48,0.989
1456309561.0,e335e0bc,0.959
1456309561.0,6f8f49f1,0.949
1456309561.0,70507c40,0.979
1456309561.0,aabec53c,0.969
1456309561.0,b39d969e,0.989
1456309561.0,c38cb4a1,0.949
1456309561.0,d443343e,0.999
1456309561.0,34832faa,0.979
1456309561.0,ebde5c50,0.979
1456309561.0,c4805f18,0.929
1456309561.0,b4be46ac,0.934
1456309561.0,e01dae0b,0.989
1456309561.0,58d54fd0,0.949
1456309561.0,48ebcec1,0.999
1456309561.0,ec810259,0.959
1456309561.0,40d8f838,0.909
1456309561.0,6d017696,0.989
1456309561.0,dad373d3,0.959
1456309561.0,7a64f89c,0.949
1456309561.0,b36bbe84,0.949
1456309561.0,5d0480fc,0.989
1456309561.0,db0dfab2,0.929
1456309561.0,27d7ba56,0.949
1456309561.0,5e6b1f04,0.909
1456309561.0,071ee1b4,1.009
1456309561.0,03436a85,0.959
1456309561.0,b0f4b28e,0.959
1456309561.0,fe85d975,0.939
1456309561.0,d8154473,0.959
1456309561.0,4de24a20,0.949
1456309561.0,5fb9dfa5,0.979
1456309561.0,d68d63c5,0.959
1456309561.0,,0.969
1456309561.0,917af1e0,0.939
1456309561.0,099e78c7,0.949
1456309561.0,c960300b,0.979
1456309561.0,5f71144d,0.969
1456309561.0,119b03dd,0.939
1456309561.0,0d0f23bd,0.949
1456309561.0,a1ca21f6,0.919
1456309561.0,b3457bb4,0.999
1456309561.0,9a0bacc1,0.949
1456309561.0,f3d19615,0.919
1456309561.0,f559d01a,0.969
1456309561.0,38cc0cb5,0.949
1456309561.0,9136fc55,0.959
1456309561.0,e99b762c,0.989
1456309561.0,c0debc06,0.934
1456309561.0,b760e17f,0.969
1456309561.0,8a3aa486,0.989
1456309561.0,b5d20065,0.979
1456309561.0,43ebfdc2,0.999
1456309561.0,f44d6f08,0.969
1456309561.0,b096f1e2,0.929
1456309561.0,538c9b65,0.989
1456309561.0,3ddefb60,1.059
1456309561.0,79bfc8e6,1.059
1456309561.0,5effda31,0.959
1456309561.0,a2e94245,0.959
1456309561.0,ab01842d,0.999
1456309561.0,312c3ed5,0.949
1456309561.0,a6cef350,0.979
1456309561.0,1d1829c8,0.939
1456309561.0,ae6758fc,0.944
1456309561.0,c4395b95,0.949
1456309561.0,1708f0d6,0.939
1456309561.0,8bce4624,0.959
1456309561.0,cec51495,0.959
1456309561.0,11db12fc,0.989
1456309561.0,73242acd,0.929
1456309561.0,989cb65d,0.959
1456309561.0,,0.969
1456309561.0,6a1dd3bb,0.949
1456309561.0,e109622e,0.959
1456309561.0,997cbfdf,0.969
1456309561.0,2e2669a6,0.989
1456309561.0,be572aa5,0.959
1456309561.0,07ccba78,0.979
1456309561.0,47f0950d,0.939
1456309561.0,ca9bd89a,0.979
1456309561.0,1872a79b,0.969
1456309561.0,1425b025,0.969
1456309561.0,,0.999
1456309561.0,8b2f9092,0.979
1456309561.0,d291a6c0,0.999
1456309561.0,c24a4e37,0.939
1456309561.0,,0.949
1456309561.0,acd225f7,0.979
1456309561.0,dac4fe2a,0.929
1456309561.0,f044fc49,0.989
1456309561.0,0800eb0f,0.999
1456309561.0,8ce27d1a,0.959
1456309561.0,0e995a71,0.939
1456309561.0,3a2ce890,0.959
1456309561.0,fe909c5b,0.969
1456309561.0,19b1edfc,0.959
1456309561.0,4b14d7f0,0.989
1456309561.0,,0.959
1456309561.0,97d3de54,0.959
1456309561.0,ee2e8a1d,0.969
1456309561.0,a5b8429f,0.969
1456309561.0,3ceab2dc,0.959
1456309561.0,1ee7bf79,0.949
1456309561.0,a33116a4,0.929
1456309561.0,a3beb05f,0.979
1456309561.0,,0.949
1456309561.0,4853f9f1,0.959
1456309561.0,0dbe7cbf,0.979
1456309561.0,7929baa2,0.999
1456309561.0,025d70e0,0.979
1456309561.0,c6f8f2a3,0.959
1456309561.0,e6c2b040,0.979
1456309561.0,9de40edf,0.959
1456309561.0,4e45a2b8,1.059
1456309561.0,eee03f6b,0.969
1456309561.0,67809b86,0.959
1456309561.0,7f2cf706,0.939
1456309561.0,5bf41255,0.969
1456309561.0,12b36b1c,0.959
1456309561.0,edde0c0f,1.009
1456309561.0,e00ca8bb,0.959
1456309561.0,,0.979
1456309561.0,40e47eaa,0.949
1456309561.0,fd9a80c1,0.924
1456309561.0,e6cf2bea,0.999
1456309561.0,db97e7b4,0.939
1456309561.0,6fe5086e,0.949
1456309561.0,eb3c6430,0.979
1456309561.0,5f724cd6,1.009
1456309561.0,0764c8b7,0.969
1456309561.0,b5883920,0.989
1456309561.0,33cd03d6,0.949
1456309561.0,a6d1a0c5,0.949
1456309561.0,dd329a1e,0.979
1456309561.0,d34f18ac,0.969
1456309561.0,6e966a1c,0.969
1456309561.0,10967cac,0.989
1456309561.0,07ca952f,0.969
1456309561.0,c5df532c,0.969
1456309561.0,8222952d,0.989
1456309561.0,078f0784,0.929
1456309561.0,20338fa9,0.949
1456309561.0,6f901805,0.969
1456309561.0,87298a04,0.969
1456309561.0,e5d7defc,0.949
1456309561.0,695d0dcc,0.959
1456309561.0,755ca81c,1.059
1456309561.0,9456d189,0.959
1456309561.0,74adc87d,0.949
1456309561.0,3851f5d5,0.949
1456309561.0,672c6cfd,0.999
1456309561.0,e544e8dc,1.039
1456309561.0,e34047b9,0.939
1456309561.0,b093e5e6,0.959
1456309561.0,484d9d04,0.969
1456309561.0,0cbee1b5,0.99
1456309561.0,aa9c7d7a,1.009
1456309561.0,7ec09a5a,0.979
1456309561.0,71e79520,0.939
1456309561.0,b927af62,0.969
1456309561.0,4ddf478c,0.989
1456309561.0,f061e4b5,0.899
1456309561.0,bc1f7e5b,0.939
1456309561.0,be7b9424,0.999
1456309561.0,ed57f511,0.929
1456309561.0,7680fb35,0.989
1456309561.0,5aad9bc8,0.969
1456309561.0,26dda5ba,0.979
1456309801.0,7d485af0,0.959
1456309801.0,e157590a,0.949
1456309801.0,,0.949
1456309801.0,73cecb0d,0.959
1456309801.0,ef735696,0.949
1456309801.0,0437ac58,0.959
1456309801.0,bfbbb2dd,0.959
1456309801.0,e050ed52,0.959
1456309801.0,e8fba845,0.949
1456309801.0,021612d8,0.939
1456309801.0,ec0fb2ce,0.949
1456309801.0,4af328a9,0.929
1456309801.0,c391ee8f,0.929
1456309801.0,70931d91,0.939
1456309801.0,a227c930,0.959
1456309801.0,ee22ef31,0.959
1456309801.0,e8173dad,0.929
1456309801.0,7f6a82d1,0.949
1456309801.0,b3aa51d6,0.959
1456309801.0,7ae877b2,0.959
1456309801.0,bcbe32bc,0.949
1456309801.0,bffe1a68,0.969
1456309801.0,3272290a,0.979
1456309801.0,d6a85f7b,0.939
1456309801.0,b38c29e8,0.929
1456309801.0,6bf76c78,0.939
1456309801.0,c2d8e386,0.939
1456309801.0,1a70a04d,0.949
1456309801.0,085b13da,0.939
1456309801.0,16a6da02,0.959
1456309801.0,bc572eb7,0.979
1456309801.0,eedec9cc,0.929
1456309801.0,b65176ae,0.949
1456309801.0,6bafd8aa,0.969
1456309801.0,9b9dfb22,0.979
1456309801.0,f2303a07,0.949
1456309801.0,fd135624,0.949
1456309801.0,417dc490,0.979
1456309801.0,9d6f620d,0.949
1456309801.0,ca5390ed,0.939
1456309801.0,54f6175e,0.929
1456309801.0,21168c26,0.929
1456309801.0,1a56d0e9,0.979
1456309801.0,cb7b59b6,0.969
1456309801.0,4f6de997,0.989
1456309801.0,dad17cc9,0.959
1456309801.0,1be36265,0.979
1456309801.0,b4032e28,0.949
1456309801.0,98d8519a,0.959
1456309801.0,6f9842b1,0.939
1456309801.0,8eea76a1,0.929
1456309801.0,ed84fb55,0.949
1456309801.0,fcf48a23,0.969
1456309801.0,b4a7b915,0.989
1456309801.0,e6c4cb15,0.939
1456309801.0,13b8b105,0.959
1456309801.0,ffde8249,0.929
1456309801.0,2a3fa9e1,0.929
1456309801.0,b18ffb73,0.979
1456309801.0,414229cf,0.999
1456309801.0,5bf4abd4,0.959
1456309801.0,01decbb4,0.939
1456309801.0,6598cfb9,0.949
1456309801.0,b51b98e9,0.979
1456309801.0,1f6a05c5,0.969
1456309801.0,6b162563,0.959
1456309801.0,5b68d8ad,0.939
1456309801.0,a9bfa2fb,0.989
1456309801.0,4d87940f,0.969
1456309801.0,696e88f4,0.939
1456309801.0,13266d18,0.969
1456309801.0,7a48e549,1.019
1456309801.0,e8f89f23,0.959
1456309801.0,3d3db611,0.969
1456309801.0,f41e2fff,0.989
1456309801.0,4b06da23,0.959
1456309801.0,763190d4,0.959
1456309801.0,5d832d02,0.999
1456309801.0,ea882fb1,0.979
1456309801.0,062cca99,0.939
1456309801.0,ae51cac4,0.929
1456309801.0,12aafa0c,0.949
1456309801.0,5e4600be,0.949
1456309801.0,0c091e76,0.949
1456309801.0,3a85d29b,0.959
1456309801.0,9f61347e,0.969
1456309801.0,06aae991,0.939
1456309801.0,8358c467,0.969
1456309801.0,3bb3ff25,0.929
1456309801.0,904d15e4,0.939
1456309801.0,ab4700c2,0.949
1456309801.0,7bdf8f15,0.959
1456309801.0,ef6ce8ef,0.969
1456309801.0,80218b02,0.969
1456309801.0,4cb94961,0.949
1456309801.0,34b4a600,0.939
1456309801.0,b191b282,0.949
1456309801.0,5697f128,0.969
1456309801.0,27792a3d,0.959
1456309801.0,d04338f7,0.969
1456309801.0,316a2f5b,0.969
1456309801.0,7a7219bc,0.959
1456309801.0,2b7e1a93,0.949
1456309801.0,0aececa4,0.969
1456309801.0,03199c21,0.979
1456309801.0,cead4e62,0.969
1456309801.0,6c18369e,0.999
1456309801.0,9b047271,0.989
1456309801.0,7a66bf28,0.979
1456309801.0,b42f77df,0.949
1456309801.0,eb4b87cc,0.949
1456309801.0,43a0a005,0.999
1456309801.0,916aaf2f,0.949
1456309801.0,4a2f0946,0.939
1456309801.0,5bcbe59f,0.959
1456309801.0,7904e674,0.958
1456309801.0,121e3dd1,0.969
1456309801.0,c73ee079,0.969
1456309801.0,507d25cf,1.019
1456309801.0,df264ce2,0.979
1456309801.0,92667f30,0.989
1456309801.0,2ff0d839,0.929
1456309801.0,102299ad,0.959
1456309801.0,da00f579,0.969
1456309801.0,1e7768a8,0.949
1456309801.0,adf7b918,0.949
1456309801.0,96eb851e,0.939
1456309801.0,d7932eeb,0.929
1456309801.0,766e7cd2,0.939
1456309801.0,259f0ed8,0.929
1456309801.0,055e54a6,1.009
1456309801.0,f4507e0e,0.939
1456309801.0,0d70fbb1,0.979
1456309801.0,3a2ef803,0.999
1456309801.0,5fcf7eea,0.969
1456309801.0,759c0ad5,0.939
1456309801.0,f1ba09c1,0.949
1456309801.0,f6301788,0.969
1456309801.0,39c4efe0,0.969
1456309801.0,3d5353b9,0.979
1456309801.0,6197a70d,0.979
1456309801.0,3d592311,0.939
1456309801.0,2af5e84b,0.939
1456309801.0,14a12755,0.919
1456309801.0,fac7adae,0.949
1456309801.0,99bcd97c,0.939
1456309801.0,fee64542,0.919
1456309801.0,238e8285,0.929
1456309801.0,5353d90f,0.999
1456309801.0,50c1aaef,0.989
1456309801.0,36317a57,0.929
1456309801.0,89255a1b,0.979
1456309801.0,622ea82b,0.989
1456309801.0,4b87f0df,0.959
1456309801.0,e335e0bc,0.979
1456309801.0,f426c965,0.939
1456309801.0,875ec97a,0.959
1456309801.0,b2f68bd2,0.969
1456309801.0,3981324c,0.949
1456309801.0,8cfcff71,0.929
1456309801.0,cc477c7c,0.949
1456309801.0,ae7c1497,0.969
1456309801.0,cacdc0ed,0.989
1456309801.0,1727b18d,0.949
1456309801.0,0b2dae68,0.929
1456309801.0,0df7c170,0.939
1456309801.0,048e9166,0.949
1456309801.0,8576f4a6,0.929
1456309801.0,d3b5995d,0.929
1456309801.0,b4a9375f,0.939
1456309801.0,e3654860,0.949
1456309801.0,eada05de,0.939
1456309801.0,13bb32b4,0.939
1456309801.0,1468aaa8,0.999
1456309801.0,64e9b77c,0.959
1456309801.0,6027b071,0.949
1456309801.0,6fc67d43,0.959
1456309801.0,0d20ed99,0.959
1456309801.0,74903af4,0.959
1456309801.0,365e9221,0.989
1456309801.0,44bf3174,0.939
1456309801.0,2adce28c,0.969
1456309801.0,781621cc,0.949
1456309801.0,d34df514,0.989
1456309801.0,8fc1cab3,0.959
1456309801.0,3ca42fdd,0.949
1456309801.0,651f23fd,0.969
1456309801.0,3b4ac733,0.989
1456309801.0,8d270840,0.969
1456309801.0,535e45c7,0.939
1456309801.0,abe05883,0.969
1456309801.0,d19b61da,0.949
1456309801.0,72c22a1e,1.009
1456309801.0,a162b47e,0.929
1456309801.0,18a9621c,0.949
1456309801.0,6e565eb4,0.949
1456309801.0,b80c5908,0.989
1456309801.0,3e5ecb79,0.959
1456309801.0,e4ad2bce,0.929
1456309801.0,f76fac88,0.969
1456309801.0,f2523c62,1.019
1456309801.0,fb2e36a4,0.959
1456309801.0,ab57f5d6,0.949
1456309801.0,c1bc3b48,0.959
1456309801.0,26d674df,0.929
1456309801.0,5951b044,0.959
1456309801.0,afa80a02,0.979
1456309801.0,09d9579a,0.959
1456309801.0,1d2442f5,0.959
1456309801.0,3f2e3b3e,0.969
1456309801.0,56db44d2,0.959
1456309801.0,49c3be27,0.939
1456309801.0,a3956c28,0.919
1456309801.0,08d4658c,0.929
1456309801.0,55c0201d,0.939
1456309801.0,bbbd1342,0.949
1456309801.0,d247620c,0.939
1456309801.0,f4333371,0.949
1456309801.0,4f704bb1,0.939
1456309801.0,54aa9266,0.939
1456309801.0,4dcce79a,0.939
1456309801.0,1aa7daeb,0.979
1456309801.0,324dc3f8,0.959
1456309801.0,9bccabe6,0.949
1456309801.0,c5f1c80c,0.949
1456309801.0,3d12dc1e,0.969
1456309801.0,65f79fe1,0.909
1456309801.0,c631958b,0.959
1456309801.0,5196f76a,0.949
1456309801.0,c05a0ef2,0.959
1456309801.0,88cccf93,0.939
1456309801.0,15807244,0.959
1456309801.0,03b3aa33,0.939
1456309801.0,0fe71322,0.979
1456309801.0,9beb1b98,0.959
1456309801.0,022de539,0.969
1456309801.0,8785401b,0.959
1456309801.0,d38f9f16,0.939
1456309801.0,4f7c5e0a,0.979
1456309801.0,bf0b9827,0.939
1456309801.0,1940a489,0.939
1456309801.0,038e6a0c,0.949
1456309801.0,5f650df4,0.959
1456309801.0,8662df6b,0.959
1456309801.0,c409c6b3,0.989
1456309801.0,0a6dec42,0.939
1456309801.0,de257006,0.969
1456309801.0,2d490ce5,0.969
1456309801.0,21362c5e,0.939
1456309801.0,123a41c8,0.959
1456309801.0,5e575550,0.989
1456309801.0,fbb2872c,0.939
1456309801.0,c21f352d,0.959
1456309801.0,9dd5a00c,0.939
1456309801.0,2237382a,0.979
1456309801.0,d98fe3f5,0.964
1456309801.0,df3a81a4,0.959
1456309801.0,7a9eef7e,0.939
1456309801.0,0fcfa459,0.909
1456309801.0,0b45563b,0.959
1456309801.0,b1184001,0.959
1456309801.0,b90dd2fb,0.939
1456309801.0,691d5ce3,0.959
1456309801.0,4272bb90,0.969
1456309801.0,02202a18,0.929
1456309801.0,9d64de92,0.949
1456309801.0,79534436,0.989
1456309801.0,1bfa13b3,0.929
1456309801.0,274be62b,0.979
1456309801.0,70f55e7f,1.059
1456309801.0,f25ee766,0.939
1456309801.0,3c7c43a2,0.939
1456309801.0,dcd3f71a,0.959
1456309801.0,f89f019c,0.979
1456309801.0,7906e124,0.939
1456309801.0,14a4c386,0.979
1456309801.0,,0.929
1456309801.0,7eb5a5a4,0.959
1456309801.0,e7cf315e,0.979
1456309801.0,7e388e10,0.999
1456309801.0,800691b2,0.939
1456309801.0,9efb9e6b,0.949
1456309801.0,265c7e5d,0.949
1456309801.0,0a787e26,1.059
1456309801.0,d8032a5b,0.969
1456309801.0,8dc0342e,0.959
1456309801.0,94013d10,0.989
1456309801.0,2bbe715d,1.009
1456309801.0,e9fcf416,0.929
1456309801.0,4829f4f6,0.979
1456309801.0,680fd459,0.969
1456309801.0,636ce33d,0.949
1456309801.0,bbb7883b,0.969
1456309801.0,069e66bc,0.929
1456309801.0,350465a6,0.949
1456309801.0,111e657f,0.939
1456309801.0,a0f41fbb,0.959
1456309801.0,75808ab7,0.939
1456309801.0,b6458958,0.949
1456309801.0,08e59639,0.949
1456309801.0,f0d226b8,0.929
1456309801.0,3c0f4b64,0.929
1456309801.0,2ac82f45,0.989
1456309801.0,b84f5be2,0.949
1456309801.0,b7d922c5,1.009
1456309801.0,0a224fb3,0.959
1456309801.0,152983d0,0.959
1456309801.0,0d6640ae,0.949
1456309801.0,035ff990,0.959
1456309801.0,cd860c0f,0.969
1456309801.0,293e1b9a,0.929
1456309801.0,b02d78c3,0.979
1456309801.0,91823808,0.939
1456309801.0,a07f50c4,0.949
1456309801.0,915f4559,0.949
1456309801.0,471da9da,0.959
1456309801.0,4cdbbbb9,0.919
1456309801.0,8c7525a6,0.949
1456309801.0,be2df1d8,0.929
1456309801.0,7d8f6829,0.989
1456309801.0,27824fdf,0.929
1456309801.0,b6daf677,0.969
1456309801.0,eeca31d3,0.979
1456309801.0,e5cba29c,0.939
1456309801.0,9022b426,0.939
1456309801.0,f6afdfd6,0.939
1456309801.0,271bd07b,0.939
1456309801.0,7142929d,0.959
1456309801.0,7818ad58,0.959
1456309801.0,8fdafbf6,0.929
1456309801.0,18f6cef8,0.959
1456309801.0,821e5bd3,0.929
1456309801.0,7c0f98f5,0.959
1456309801.0,ba2213e9,0.989
1456309801.0,2c831a38,0.949
1456309801.0,dff9a053,0.979
1456309801.0,e54e047f,1.009
1456309801.0,19c8f617,0.969
1456309801.0,e38fc560,0.949
1456309801.0,66444795,0.969
1456309801.0,b49ab0b4,0.999
1456309801.0,57135983,0.999
1456309801.0,c77607db,0.969
1456309801.0,9aa29c07,0.979
1456309801.0,fd4af1b0,1.009
1456309801.0,61eb5be2,0.939
1456309801.0,dea8af98,0.949
1456309801.0,d2672082,0.969
1456309801.0,72ed613b,0.949
1456309801.0,f02ffbd3,0.989
1456309801.0,e9971f1a,1.009
1456309801.0,ddb4781d,0.939
1456309801.0,5b1fabef,0.939
1456309801.0,537b151f,0.929
1456309801.0,5e128548,0.949
1456309801.0,6d97a497,0.999
1456309801.0,9f9d06bd,0.984
1456309801.0,fee1f686,0.949
1456309801.0,dbdba84f,0.889
1456309801.0,076da68e,0.949
1456309801.0,e5e6c292,0.929
1456309801.0,873f022b,0.969
1456309801.0,a59de654,0.969
1456309801.0,7269da44,0.969
1456309801.0,b299d8d7,0.949
1456309801.0,837ae634,0.969
1456310042.0,56808aa1,0.979
1456310042.0,6617dc3f,0.959
1456310042.0,ef2c1942,0.959
1456310042.0,0bab7166,0.939
1456310042.0,ec0fb945,0.969
1456310042.0,00605faf,0.959
1456310042.0,9837b0a0,0.959
1456310042.0,735f3dba,0.959
1456310042.0,0bb2e1c5,0.939
1456310042.0,1c8ada9b,0.959
1456310042.0,84556510,0.959
1456310042.0,f6b43ef3,0.959
1456310042.0,2145d038,0.959
1456310042.0,48085700,0.989
1456310042.0,a85e6b62,0.969
1456310042.0,9a006df7,0.989
1456310042.0,57b9cbf6,0.989
1456310042.0,8208358e,0.959
1456310042.0,8ac847f6,0.949
1456310042.0,d3835601,0.959
1456310042.0,14930886,0.939
1456310042.0,7828885e,0.929
1456310042.0,99d46a35,0.949
1456310042.0,472cc7af,0.939
1456310042.0,8bf505c8,0.939
1456310042.0,9423afb9,0.959
1456310042.0,0375f449,0.939
1456310042.0,baf6a6cd,0.949
1456310042.0,8cc8a7cc,0.989
1456310042.0,9a0afbbb,0.949
1456310042.0,b089244a,0.979
1456310042.0,21a0bd76,0.989
1456310042.0,f38a8116,0.949
1456310042.0,c65f2d75,0.979
1456310042.0,deb8505f,0.959
1456310042.0,bbf56463,0.939
1456310042.0,7a80054c,0.969
1456310042.0,bca31534,0.979
1456310042.0,557d2fc5,0.979
1456310042.0,967f436d,0.999
1456310042.0,bcd76ed0,0.979
1456310042.0,a14af66a,0.959
1456310042.0,0334f503,0.949
1456310042.0,a38344c9,0.939
1456310042.0,f0d6aa58,0.979
1456310042.0,,0.959
1456310042.0,07f5aeea,0.949
1456310042.0,3fdc1762,0.919
1456310042.0,5f0b3d94,0.969
1456310042.0,88ed2626,1.009
1456310042.0,c28f67a8,0.949
1456310042.0,6437efd0,0.939
1456310042.0,12434f8d,0.939
1456310042.0,4b06da23,0.959
1456310042.0,5c2d9a2c,1.019
1456310042.0,59bf4a11,0.919
1456310042.0,32c66e9a,0.949
1456310042.0,26d3d3cd,0.939
1456310042.0,5d832d02,0.949
1456310042.0,780043a9,0.939
1456310042.0,ef0ae2f2,0.969
1456310042.0,7053ce5b,1.019
1456310042.0,f2603ae2,0.979
1456310042.0,56858967,0.939
1456310042.0,58d71582,0.999
1456310042.0,aa57fbe1,0.959
1456310042.0,2e1bed62,0.989
1456310042.0,0d847386,0.959
1456310042.0,a280c8ce,0.959
1456310042.0,0f7d325c,0.989
1456310042.0,e68e5f87,0.979
1456310042.0,b4bef9a6,0.939
1456310042.0,fce0e5a7,0.939
1456310042.0,d0f9f901,0.979
1456310042.0,ab133851,0.979
1456310042.0,02797da2,0.969
1456310042.0,1c546ae2,0.969
1456310042.0,c2b3c7ad,0.959
1456310042.0,45dd43b7,0.959
1456310042.0,c1d5b129,0.969
1456310042.0,815252d2,0.939
1456310042.0,6579ef86,0.999
1456310042.0,e1dc56d2,0.919
1456310042.0,f6d52050,0.979
1456310042.0,6ef6d6cb,0.969
1456310042.0,b69db0fc,1.009
1456310042.0,3dbf1358,1.009
1456310042.0,1d1e053d,0.959
1456310042.0,d6e3342a,0.969
1456310042.0,226af5b1,0.959
1456310042.0,f64d1649,0.929
1456310042.0,cb0a8cc8,0.949
1456310042.0,2cf0bcd8,0.959
1456310042.0,03199c21,0.969
1456310042.0,cf72999d,0.959
1456310042.0,c219585c,0.989
1456310042.0,94b843d4,0.969
1456310042.0,a0f9d44d,1.029
1456310042.0,bd27cbdf,0.969
1456310042.0,fe905128,0.919
1456310042.0,414a4374,0.979
1456310042.0,8aaabcb9,0.939
1456310042.0,ab01d0f4,0.939
1456310042.0,ce736f1a,0.949
1456310042.0,10d616d9,0.969
1456310042.0,34c23076,0.949
1456310042.0,2934dabc,0.929
1456310042.0,63b23aaa,0.959
1456310042.0,da00f579,0.969
1456310042.0,6512b86c,0.949
1456310042.0,5559a0b4,0.969
1456310042.0,645c2661,0.959
1456310042.0,21dc0042,0.969
1456310042.0,2c82fe56,0.959
1456310042.0,b6de77a6,0.969
1456310042.0,fca1ea0f,0.959
1456310042.0,c7381288,0.989
1456310042.0,8ab710a0,0.949
1456310042.0,b646a001,0.969
1456310042.0,e3a298ff,0.959
1456310042.0,7f6effac,0.959
1456310042.0,122ff711,0.969
1456310042.0,a625042c,0.919
1456310042.0,83c03208,0.949
1456310042.0,72c5857a,0.969
1456310042.0,3f44e678,0.949
1456310042.0,980707a9,0.939
1456310042.0,70bc5eff,0.939
1456310042.0,2337ee59,0.969
1456310042.0,3e32f401,0.939
1456310042.0,7fa92b87,0.994
1456310042.0,addbc61c,0.969
1456310042.0,6f2ba4ed,0.969
1456310042.0,fb86982d,0.969
1456310042.0,e7ec8759,0.949
1456310042.0,2cd4012d,0.959
1456310042.0,79f785eb,0.989
1456310042.0,41c579d4,0.909
1456310042.0,53410888,0.929
1456310042.0,bce1fe2d,0.909
1456310042.0,445ead90,0.949
1456310042.0,759e3fcc,0.939
1456310042.0,4c0e3547,0.909
1456310042.0,a7c266a1,0.969
1456310042.0,ec85f8b2,0.939
1456310042.0,984855aa,0.939
1456310042.0,31d7c8d8,0.969
1456310042.0,11b2e08c,0.919
1456310042.0,dc2aecd3,0.939
1456310042.0,6bf68abb,0.939
1456310042.0,4a6264de,0.959
1456310042.0,bf8c6324,0.929
1456310042.0,202ac153,0.949
1456310042.0,165068db,0.969
1456310042.0,f19a2bc5,0.919
1456310042.0,62f01f83,0.969
1456310042.0,eecbf37e,0.969
1456310042.0,d27a3901,0.969
1456310042.0,f8bbef60,0.929
1456310042.0,d30449b6,0.929
1456310042.0,2a99bdaf,0.949
1456310042.0,f709d7cd,0.989
1456310042.0,d0af609e,0.989
1456310042.0,d6fc46e5,0.939
1456310042.0,0da71099,0.919
1456310042.0,a1a6a42b,0.929
1456310042.0,2ab02348,0.909
1456310042.0,9733a9c0,0.959
1456310042.0,f3b3c473,0.969
1456310042.0,c1342b0e,0.959
1456310042.0,,0.949
1456310042.0,e96c8f9b,0.949
1456310042.0,0757f54d,0.969
1456310042.0,929af7b6,0.929
1456310042.0,101c8b80,0.949
1456310042.0,45cfc4a3,0.939
1456310042.0,82e87a14,0.929
1456310042.0,476699aa,0.929
1456310042.0,18e554be,0.959
1456310042.0,f7ad88b8,0.929
1456310042.0,32e01564,0.979
1456310042.0,6a7aa1a0,0.909
1456310042.0,9aa6fe97,0.929
1456310042.0,d137631c,0.979
1456310042.0,32fc4e8c,0.919
1456310042.0,2d084788,0.929
1456310042.0,27b7f65f,0.929
1456310042.0,3f601b6c,0.939
1456310042.0,467edc58,0.949
1456310042.0,5001b72b,0.959
1456310042.0,fc9e9a16,0.959
1456310042.0,f26bfef4,0.969
1456310042.0,6c60b697,0.929
1456310042.0,81d8b241,0.979
1456310042.0,38a93153,0.939
1456310042.0,91f0a0fd,0.949
1456310042.0,0538e9ee,0.959
1456310042.0,cca8f84d,0.939
1456310042.0,637e523f,0.929
1456310042.0,418815f0,0.969
1456310042.0,0a60aaba,0.969
1456310042.0,efd0b72b,0.989
1456310042.0,874e2798,0.989
1456310042.0,cfdada1d,0.949
1456310042.0,c8ce828b,0.949
1456310042.0,aa9b2273,0.929
1456310042.0,f8b49237,0.969
1456310042.0,d4391500,0.969
1456310042.0,350e97c6,0.919
1456310042.0,881e9700,0.969
1456310042.0,ba79ed81,0.969
1456310042.0,6aa7f92d,1.029
1456310042.0,ebef875b,0.949
1456310042.0,54a44614,0.949
1456310042.0,b30ca48e,0.959
1456310042.0,b061fef9,0.949
1456310042.0,5fade9f9,0.949
1456310042.0,fac91609,0.959
1456310042.0,1727b18d,0.939
1456310042.0,7d1570f9,0.989
1456310042.0,26613c3a,0.979
1456310042.0,e7a0ae36,0.989
1456310042.0,75c86f5d,0.929
1456310042.0,3621af3f,0.939
1456310042.0,44565663,0.969
1456310042.0,4f8db0e1,0.949
1456310042.0,96407ff6,0.979
1456310042.0,8668e2e4,0.939
1456310042.0,5e1008fc,0.989
1456310042.0,3c83ccc5,0.939
1456310042.0,926a9855,0.969
1456310042.0,70e22a28,0.969
1456310042.0,4395666c,0.969
1456310042.0,32aa70e6,0.949
1456310042.0,f37029f1,0.979
1456310042.0,,0.989
1456310042.0,eebe0685,0.939
1456310042.0,ef5fb7f7,0.949
1456310042.0,8f0c450a,0.969
1456310042.0,c17eb923,0.929
1456310042.0,c5f7c662,0.919
1456310042.0,11e2fc79,0.969
1456310042.0,468267fb,0.939
1456310042.0,dadc3ef8,0.979
1456310042.0,cc1424f8,0.949
1456310042.0,29c7431a,0.969
1456310042.0,0716682f,0.959
1456310042.0,6ad0086e,0.959
1456310042.0,ded69fbb,0.979
1456310042.0,e31720af,0.939
1456310042.0,74addb95,0.959
1456310042.0,ec81af8f,0.999
1456310042.0,d2cb3217,0.939
1456310042.0,61173148,0.928
1456310042.0,c5820262,0.966
1456310042.0,c1bc3b48,0.939
1456310042.0,f7f61bfc,0.939
1456310042.0,f72a7ec2,0.959
1456310042.0,f6d63084,0.929
1456310042.0,1d76bf20,0.939
1456310042.0,c635730e,1.009
1456310042.0,9c72ec3a,1.059
1456310042.0,bb289d26,0.989
1456310042.0,5fc08dd5,0.949
1456310042.0,2ce7ea0e,0.969
1456310042.0,195fb3bd,0.949
1456310042.0,b699022b,0.989
1456310042.0,17893d95,0.989
1456310042.0,aac612fe,0.969
1456310042.0,6f5e3368,0.959
1456310042.0,5c5e9ece,1.059
1456310042.0,a7d43dc2,0.959
1456310042.0,4b53a6b2,0.989
1456310042.0,996d9a2e,0.969
1456310042.0,f8ed5739,0.999
1456310042.0,fb9f21b7,0.969
1456310042.0,48ef3fea,0.999
1456310042.0,626de707,0.989
1456310042.0,ab28d306,0.989
1456310042.0,e57ad6a0,0.949
1456310042.0,1cd14b72,0.939
1456310042.0,82cff99e,0.959
1456310042.0,9090ae53,0.999
1456310042.0,150a8031,0.969
1456310042.0,ce0bd00f,0.959
1456310042.0,b70f82b5,0.969
1456310042.0,7a630a93,0.949
1456310042.0,bb8487e5,0.949
1456310042.0,bf83ff8d,0.969
1456310042.0,bc0ec46f,0.969
1456310042.0,86fe7e76,0.969
1456310042.0,a093cd4b,0.939
1456310042.0,2e4b5644,0.924
1456310042.0,d717e4c7,0.969
1456310042.0,69154954,1.059
1456310042.0,23ffa8c7,0.904
1456310042.0,57525dc2,0.959
1456310042.0,b5e27e69,0.939
1456310042.0,5a8b0e02,0.959
1456310042.0,f59b1222,0.989
1456310042.0,538bd786,0.909
1456310042.0,28af0625,0.949
1456310042.0,a2367d31,0.929
1456310042.0,23ea2729,0.959
1456310042.0,764a9f1e,0.929
1456310042.0,ac9715c2,0.979
1456310042.0,7440fee4,0.939
1456310042.0,d525156e,0.919
1456310042.0,4ce21f31,0.959
1456310042.0,92f81808,0.989
1456310042.0,190ce429,0.949
1456310042.0,5bc4ff19,0.969
1456310042.0,45ae0804,0.984
1456310042.0,8a72c03e,0.929
1456310042.0,5ec2ab05,0.949
1456310042.0,d73f85dd,0.939
1456310042.0,790c4be8,0.969
1456310042.0,,0.979
1456310042.0,6d070a61,0.939
1456310042.0,d6831509,0.959
1456310042.0,1d6cc65c,0.969
1456310042.0,,0.969
1456310042.0,ff49e52d,0.969
1456310042.0,67fdfb0c,0.939
1456310042.0,81c9cec5,0.999
1456310042.0,dea57116,0.989
1456310042.0,,0.969
1456310042.0,a88bbc75,0.939
1456310042.0,3e8e99dc,0.949
1456310042.0,efb71c12,0.999
1456310042.0,98d977cb,0.979
1456310042.0,fff23df4,0.969
1456310042.0,a3813b89,0.949
1456310042.0,0d730a98,0.939
1456310042.0,921192f1,0.959
1456310042.0,bec87d80,0.959
1456310042.0,44d0cc01,0.969
1456310042.0,1cc005a8,0.929
1456310042.0,e3c90980,0.929
1456310042.0,ea971a7b,0.939
1456310042.0,b2c4b0c2,0.969
1456310042.0,5d9ba671,0.969
1456310042.0,34cd760d,0.949
1456310042.0,52303ab3,0.979
1456310042.0,3b4197b0,0.969
1456310042.0,d4f76c4a,0.989
1456310042.0,f11ba63d,0.939
1456310042.0,8c5eeeac,0.969
1456310042.0,cc350ace,0.959
1456310042.0,b6c365a0,0.979
1456310042.0,beaffffe,0.999
1456310042.0,f09149cd,0.969
1456310042.0,d14573c7,0.969
1456310042.0,901e7c74,0.989
1456310042.0,f3cc2d61,0.959
1456310042.0,c4088196,1.009
1456310042.0,d7a6a6c2,0.999
1456310042.0,576edbde,0.969
1456310042.0,77409cad,0.989
1456310042.0,30a98c10,0.939
1456310042.0,8dc0342e,0.959
1456310042.0,fb80b39a,0.959
1456310042.0,e89c4d58,0.959
1456310042.0,f13c64f2,0.959
1456310042.0,63f5a00a,0.979
1456310042.0,0846ce19,0.969
1456310042.0,,0.979
1456310042.0,bbb7883b,0.969
1456310042.0,ece022de,0.959
1456310042.0,ff6d2aed,0.939
1456310042.0,e4ce7a68,0.979
1456310042.0,65a0b74e,0.959
1456310042.0,7ead535b,0.929
1456310042.0,42bd32f3,0.969
1456310042.0,9410a8d1,0.999
1456310042.0,,0.919
1456310042.0,a8595817,0.959
1456310042.0,8f767099,0.989
1456310042.0,f1929c3e,0.969
1456310042.0,7fccdc2c,0.949
1456310042.0,4ab47d1a,0.929
1456310042.0,ed61f658,0.929
1456310042.0,f13a2469,0.989
1456310042.0,43396ca7,0.989
1456310042.0,05946741,0.959
1456310042.0,1f9d1ea6,0.989
1456310042.0,0c1688de,0.939
1456310042.0,1dad0cef,0.989
1456310042.0,6dca6f1b,0.979
1456310042.0,6a9cf044,0.989
1456310042.0,724b8382,0.969
1456310042.0,e526650e,0.929
1456310042.0,e0e02d9a,0.939
1456310042.0,40d7aa6e,0.949
1456310042.0,864a3cb2,0.959
1456310042.0,6cbdfb78,0.969
1456310042.0,dc944647,0.949
1456310042.0,ac7dd410,0.919
1456310042.0,74776924,0.929
1456310042.0,471da9da,0.949
1456310042.0,d1bc0e20,0.929
1456310042.0,981008e5,0.979
1456310042.0,bcdf1eb5,0.949
1456310042.0,92eaccdc,0.919
1456310042.0,939b3a38,0.949
1456310042.0,013f9d06,0.969
1456310042.0,042407e0,0.959
1456310042.0,8928a7d8,0.969
1456310042.0,cc3eddf4,0.959
1456310042.0,4f91a79a,0.939
1456310042.0,97e8ac48,0.939
1456310042.0,8af7e008,0.959
1456310042.0,2df557df,0.939
1456310042.0,0123e797,0.929
1456310042.0,957e19a6,0.929
1456310042.0,fb7ac0c9,0.989
1456310042.0,73e22345,0.949
1456310042.0,757cb5e7,0.939
1456310042.0,fdcc2a55,0.979
1456310042.0,3be6fb85,0.949
1456310042.0,a167f6d7,0.959
1456310042.0,7ae8737b,0.959
1456310042.0,c12acf8f,0.929
1456310042.0,decd254e,0.999
1456310042.0,f867d11b,0.929
1456310042.0,e7b29404,0.954
1456310042.0,f184201b,0.929
1456310042.0,5ac69ef8,0.989
1456310042.0,c6ca359a,0.959
1456310042.0,7142929d,0.959
1456310042.0,f4df3f30,0.969
1456310042.0,4900212f,0.959
1456310042.0,7818ad58,0.959
1456310042.0,6b47dc33,0.979
1456310042.0,bd27836d,0.979
1456310042.0,78a3ab05,0.969
1456310042.0,91db14ed,0.949
1456310042.0,29b468e1,0.959
1456310042.0,7b89feff,0.979
1456310042.0,828ee9a9,0.959
1456310042.0,741c727e,0.989
1456310042.0,9456d189,0.949
1456310042.0,68e1f6e3,0.939
1456310042.0,4ec9ba2c,0.949
1456310042.0,f3a1181b,0.959
1456310042.0,a5fbf851,0.939
1456310042.0,bee45034,0.949
1456310042.0,b2e5f301,0.979
1456310042.0,9c114417,1.059
1456310042.0,f8e5ba22,0.939
1456310042.0,3363f966,0.989
1456310042.0,9940dbfc,0.939
1456310042.0,c3803ef6,0.939
1456310042.0,312f1849,0.949
1456310042.0,0178dac8,0.949
1456310042.0,5800eb70,0.964
1456310042.0,23188c0a,0.999
1456310042.0,06a2513a,0.979
1456310042.0,4fe4aa3c,0.959
1456310042.0,55dd1874,0.929
1456310042.0,,0.979
1456310042.0,39376aa1,0.989
1456310042.0,2e745c93,0.969
1456310042.0,e8205f94,0.959
1456310042.0,a774140b,0.989
1456310042.0,218fd480,0.969
1456310042.0,ee573fd5,0.999
1456310042.0,7a952315,0.939
1456310042.0,9c4c0229,0.919
1456310281.0,35fcaeca,0.994
1456310281.0,f59ac186,0.959
1456310281.0,8f1b293d,0.984
1456310281.0,b5cf690e,0.949
1456310281.0,e1a9f11a,0.989
1456310281.0,5da50d00,0.949
1456310281.0,0bab7166,0.939
1456310281.0,da976067,0.969
1456310281.0,203367ea,0.979
1456310281.0,9dd86999,0.929
1456310281.0,6672f80b,0.999
1456310281.0,d3415f41,1.019
1456310281.0,6bf76c78,0.929
1456310281.0,5b11b517,0.959
1456310281.0,f2d26e3e,0.929
1456310281.0,922129f9,0.949
1456310281.0,87580f67,0.969
1456310281.0,18396fc2,0.979
1456310281.0,e396466d,0.929
1456310281.0,6785e982,0.999
1456310281.0,085b13da,0.929
1456310281.0,6e7d1516,0.979
1456310281.0,0b18086e,0.969
1456310281.0,f2925995,0.939
1456310281.0,bd86f3ea,0.959
1456310281.0,f324dab6,0.979
1456310281.0,c17b17c8,0.949
1456310281.0,0f755a63,0.979
1456310281.0,c6af1c49,0.949
1456310281.0,82781b7c,0.949
1456310281.0,15c2c195,0.969
1456310281.0,db49e9d2,0.969
1456310281.0,6a8257d5,0.989
1456310281.0,d3fff19d,0.939
1456310281.0,8bb0059b,0.939
1456310281.0,ff574b02,0.959
1456310281.0,be6a8603,0.979
1456310281.0,31105aa7,0.989
1456310281.0,7b51b5c3,0.979
1456310281.0,5798eb33,0.939
1456310281.0,eac0620e,0.969
1456310281.0,7d2a6e6a,0.969
1456310281.0,6a0de89a,0.959
1456310281.0,06f5dad2,0.989
1456310281.0,0d662c07,0.959
1456310281.0,a9bfa2fb,0.979
1456310281.0,ea6ba7ed,0.979
1456310281.0,0f4a41fc,0.939
1456310281.0,91cd34b3,0.989
1456310281.0,24f83a95,0.959
1456310281.0,d1b2ca43,0.969
1456310281.0,aa5b4d9a,0.949
1456310281.0,de920e08,0.949
1456310281.0,cb73d4f7,0.939
1456310281.0,04364ad2,0.949
1456310281.0,f0d7ea8a,0.949
1456310281.0,c20260d6,0.959
1456310281.0,75cdd5eb,0.959
1456310281.0,e7b24018,0.919
1456310281.0,8feda8b5,0.969
1456310281.0,5d0d89cf,0.969
1456310281.0,b79612a4,0.969
1456310281.0,936763a8,0.969
1456310281.0,91925b72,0.989
1456310281.0,f9b6f1ea,1.009
1456310281.0,1ad0b27a,0.959
1456310281.0,24696b6f,0.929
1456310281.0,da3e3f70,0.959
1456310281.0,9e1994dd,0.969
1456310281.0,b0a76bca,0.959
1456310281.0,59446250,0.959
1456310281.0,,0.959
1456310281.0,dcb4f731,0.979
1456310281.0,91d2ac21,0.964
1456310281.0,548c8c9c,0.979
1456310281.0,70c08251,0.949
1456310281.0,4838da54,0.999
1456310281.0,bff84a14,0.949
1456310281.0,31993f75,0.959
1456310281.0,2ca3372b,0.949
1456310281.0,93d1f437,0.959
1456310281.0,d02d7c58,0.939
1456310281.0,405af975,0.999
1456310281.0,2c9a2837,0.989
1456310281.0,12fa7f3d,0.989
1456310281.0,b154220c,0.999
1456310281.0,67830b76,0.959
1456310281.0,84985353,0.929
1456310281.0,a1f3fe7e,0.949
1456310281.0,8b7a46ae,0.949
1456310281.0,8067eaa3,0.999
1456310281.0,012d8a4c,0.959
1456310281.0,645b2898,0.949
1456310281.0,75bb0d76,0.969
1456310281.0,f897dc71,0.949
1456310281.0,e7dc4cd2,0.969
1456310281.0,050d62ae,0.949
1456310281.0,8b4029da,0.959
1456310281.0,1d0693d6,0.999
1456310281.0,1bfef5b8,0.949
1456310281.0,f3165b36,0.959
1456310281.0,cadc6575,0.989
1456310281.0,ad129baa,0.999
1456310281.0,5a88efab,0.929
1456310281.0,0e8c472c,1.009
1456310281.0,7a760845,0.949
1456310281.0,7f9a33f8,0.959
1456310281.0,1f310da9,0.939
1456310281.0,3b3b7c54,0.939
1456310281.0,c08bba33,0.999
1456310281.0,83cc51b1,0.969
1456310281.0,ddaccd3e,0.959
1456310281.0,b76eb8d7,0.959
1456310281.0,b41c70e9,0.969
1456310281.0,7448deb7,0.969
1456310281.0,29804b96,0.989
1456310281.0,6df00f1d,0.989
1456310281.0,78e80807,0.999
1456310281.0,8c6f4b89,0.979
1456310281.0,58419a90,0.979
1456310281.0,ef811cbc,0.969
1456310281.0,65b329e2,0.979
1456310281.0,72162ebe,0.959
1456310281.0,883007ed,0.969
1456310281.0,882af727,0.979
1456310281.0,c3aa0b78,0.949
1456310281.0,3f3762d6,0.969
1456310281.0,2f808001,1.129
1456310281.0,aecec7b2,0.989
1456310281.0,ff5d1617,0.959
1456310281.0,b0be9751,0.899
1456310281.0,d225b33f,0.979
1456310281.0,21cc26f8,0.949
1456310281.0,beb2cad8,0.969
1456310281.0,85f08836,0.979
1456310281.0,240e728f,0.909
1456310281.0,9da51b85,0.979
1456310281.0,ab23cef1,0.939
1456310281.0,cce3fded,0.969
1456310281.0,3b746ea0,0.919
1456310281.0,30eed8b6,0.939
1456310281.0,545c4117,0.919
1456310281.0,fcd1aad6,0.959
1456310281.0,cc367c32,0.979
1456310281.0,96a5f54a,0.959
1456310281.0,49e3bef7,0.929
1456310281.0,164a9a01,0.989
1456310281.0,eb0ad874,0.929
1456310281.0,45162ff3,0.969
1456310281.0,6a9f527e,0.939
1456310281.0,350879b3,0.969
1456310281.0,d9132efc,0.979
1456310281.0,8b77e169,0.939
1456310281.0,5ca22d34,0.939
1456310281.0,5486cb1a,0.959
1456310281.0,2721f198,0.979
1456310281.0,a8f01af7,0.949
1456310281.0,eaa8f83c,0.949
1456310281.0,81568252,0.949
1456310281.0,0a67fa6f,0.999
1456310281.0,87478a1e,0.989
1456310281.0,fd7ffd20,0.979
1456310281.0,4b09886e,0.959
1456310281.0,d604a294,0.989
1456310281.0,0d8ee6ff,0.959
1456310281.0,1e7c15e2,0.949
1456310281.0,e8478f56,0.989
1456310281.0,59182828,0.969
1456310281.0,c1fb8330,1.059
1456310281.0,048e9166,0.939
1456310281.0,1629d59f,0.919
1456310281.0,059fe229,1.059
1456310281.0,5c093e22,0.959
1456310281.0,b7f65739,0.969
1456310281.0,2f32ed4f,0.979
1456310281.0,79e81a72,0.959
1456310281.0,6c6c9588,0.979
1456310281.0,6100ae5a,0.979
1456310281.0,8b0d5192,0.979
1456310281.0,b1eee7a8,0.939
1456310281.0,85edb580,0.979
1456310281.0,0fc11a52,0.939
1456310281.0,102821f8,0.939
1456310281.0,0886ecde,0.959
1456310281.0,f245c083,0.979
1456310281.0,cdf2f211,0.969
1456310281.0,4ee0535e,0.979
1456310281.0,452d82ab,0.979
1456310281.0,bc6e8d35,0.989
1456310281.0,2dff1380,0.949
1456310281.0,6540cb14,0.949
1456310281.0,01f93c7c,0.989
1456310281.0,c17eb923,0.939
1456310281.0,334babb3,0.979
1456310281.0,8e2ad6dc,0.969
1456310281.0,dadc3ef8,0.969
1456310281.0,477465f0,0.979
1456310281.0,4d4039fd,0.939
1456310281.0,1e7f80e8,0.979
1456310281.0,43b0f319,0.949
1456310281.0,8dc9de7b,0.959
1456310281.0,088d1639,1.019
1456310281.0,0e752181,0.999
1456310281.0,f2523c62,1.019
1456310281.0,6b012e3a,0.929
1456310281.0,c713cfc0,0.999
1456310281.0,49c222c8,0.959
1456310281.0,1037129e,0.949
1456310281.0,733e2724,0.949
1456310281.0,465c84e0,0.919
1456310281.0,c8dd66ee,0.929
1456310281.0,e0ff758f,0.969
1456310281.0,ff608fc4,0.939
1456310281.0,1769c36a,0.979
1456310281.0,dd487ced,0.939
1456310281.0,7e0a1569,1.009
1456310281.0,4100c9dd,0.969
1456310281.0,4d70ed85,0.949
1456310281.0,bc58fcd6,0.989
1456310281.0,cf9993cb,0.979
1456310281.0,70afbb14,0.969
1456310281.0,997de382,0.969
1456310281.0,3f896bf8,0.919
1456310281.0,a4ab46ee,0.959
1456310281.0,eac2af55,0.949
1456310281.0,a2be7bcb,0.969
1456310281.0,6a5601b8,0.989
1456310281.0,5aab5487,0.979
1456310281.0,df74c4c4,0.949
1456310281.0,0b55b37e,0.979
1456310281.0,9ca777a2,0.979
1456310281.0,b84742db,1.009
1456310281.0,4347f862,0.939
1456310281.0,dd465a5d,0.999
1456310281.0,0a42099e,0.999
1456310281.0,56550517,0.989
1456310281.0,35de2e09,0.999
1456310281.0,7141f533,0.989
1456310281.0,fdf7f420,0.949
1456310281.0,e3a6c1d2,0.989
1456310281.0,c79adad0,0.989
1456310281.0,186a2106,0.969
1456310281.0,354f3556,0.989
1456310281.0,6cc83f71,0.949
1456310281.0,fd278e66,0.949
1456310281.0,a59df71b,0.989
1456310281.0,54b81d07,0.949
1456310281.0,bbd2a218,0.969
1456310281.0,1feea3c1,0.999
1456310281.0,531354ab,0.959
1456310281.0,14583564,0.989
1456310281.0,076cbc57,0.959
1456310281.0,1e5cdac4,0.924
1456310281.0,a0f3e216,0.999
1456310281.0,9f652a92,0.939
1456310281.0,9c308e5f,0.959
1456310281.0,a0b4fcec,0.949
1456310281.0,9bfdebe0,0.999
1456310281.0,d8e33d34,0.959
1456310281.0,3554bda4,0.969
1456310281.0,b12d4dc7,0.959
1456310281.0,f708be71,0.989
1456310281.0,9598f3ac,0.939
1456310281.0,b43aab28,0.969
1456310281.0,85ca4da6,0.989
1456310281.0,72ee9f2a,0.959
1456310281.0,02239e4c,0.979
1456310281.0,2b797ecc,0.939
1456310281.0,2df68795,0.969
1456310281.0,ab2a652e,0.949
1456310281.0,54e2cab0,0.969
1456310281.0,ddeeda43,0.939
1456310281.0,ed5cd338,0.939
1456310281.0,dac4fe2a,0.909
1456310281.0,99d4f63c,0.939
1456310281.0,1259d1b0,0.979
1456310281.0,db7cca98,0.979
1456310281.0,ace1257e,0.939
1456310281.0,52227bb2,0.999
1456310281.0,ae45fd8e,0.959
1456310281.0,40271791,0.959
1456310281.0,6bf6b199,0.979
1456310281.0,5a8f6bb5,0.969
1456310281.0,d69a2326,0.989
1456310281.0,64f5be3f,0.939
1456310281.0,faba1eea,0.989
1456310281.0,e291397b,0.979
1456310281.0,54ad26b8,0.959
1456310281.0,ddaa5083,0.939
1456310281.0,23e2d722,0.989
1456310281.0,c466d5fa,1.009
1456310281.0,1fdc64f7,0.949
1456310281.0,62704b8a,0.989
1456310281.0,a952ede9,0.949
1456310281.0,0ee68fe4,0.939
1456310281.0,1ff0ade7,0.968
1456310281.0,6e899248,0.939
1456310281.0,e52d40e7,0.959
1456310281.0,af4316ed,0.969
1456310281.0,922d7fa3,0.939
1456310281.0,adf9dd3f,0.999
1456310281.0,dc013155,0.949
1456310281.0,d20a9f5b,0.939
1456310281.0,48676749,0.979
1456310281.0,fd09c85a,0.939
1456310281.0,d7a6a6c2,0.979
1456310281.0,90cee554,0.969
1456310281.0,c4124a50,0.999
1456310281.0,00eb6334,0.949
1456310281.0,da19dfd3,0.959
1456310281.0,,0.999
1456310281.0,ece9cf3e,0.949
1456310281.0,bf1ede3b,0.959
1456310281.0,05878847,0.969
1456310281.0,e767706d,0.959
1456310281.0,2bbe715d,0.999
1456310281.0,a46de094,0.929
1456310281.0,b77ce910,0.929
1456310281.0,c6343770,0.949
1456310281.0,d790573d,0.949
1456310281.0,8e1179a4,0.959
1456310281.0,da75620f,0.979
1456310281.0,d33e9e56,0.959
1456310281.0,0e948ec0,0.969
1456310281.0,40e47eaa,0.949
1456310281.0,db97e7b4,0.939
1456310281.0,12d17fec,0.949
1456310281.0,c793eda5,0.934
1456310281.0,35cb7ed4,0.959
1456310281.0,0c2f7153,0.959
1456310281.0,29259211,0.979
1456310281.0,7e056bdf,0.989
1456310281.0,5f724cd6,0.999
1456310281.0,d3567757,0.979
1456310281.0,790cb266,0.979
1456310281.0,b893996a,0.949
1456310281.0,d45add49,0.979
1456310281.0,2b04db76,0.999
1456310281.0,95401194,0.959
1456310281.0,d32835d5,0.949
1456310281.0,57967011,0.939
1456310281.0,f9e89c40,0.929
1456310281.0,0f7beaca,0.979
1456310281.0,379a6719,0.949
1456310281.0,e4c3638f,0.959
1456310281.0,dc5ff7cf,0.949
1456310281.0,42b80e51,0.969
1456310281.0,1f9d1ea6,0.989
1456310281.0,c41ce805,0.969
1456310281.0,ae869c50,0.939
1456310281.0,cc3eddf4,0.959
1456310281.0,97e8ac48,0.939
1456310281.0,075d1e16,0.949
1456310281.0,fdcc2a55,0.959
1456310281.0,5daabe07,0.959
1456310281.0,7ae8737b,0.939
1456310281.0,e541cf19,0.969
1456310281.0,c313d773,0.949
1456310281.0,d74906d1,0.999
1456310281.0,ab829e65,0.989
1456310281.0,8d86cbc4,0.939
1456310281.0,e1cf4b4c,0.989
1456310281.0,69964900,0.979
1456310281.0,75c71a8b,0.959
1456310281.0,b07ee4ba,0.989
1456310281.0,9b4458a3,0.949
1456310281.0,07d4d93c,0.989
1456310281.0,2a7c4091,0.959
1456310281.0,a3480cfc,0.959
1456310281.0,606d52e3,0.959
1456310281.0,3ec9f041,0.979
1456310281.0,d8a16c26,0.959
1456310281.0,df1ba7d7,0.929
1456310281.0,46379d52,0.939
1456310281.0,c4906344,0.979
1456310281.0,f2e88219,0.949
1456310281.0,65b05fee,0.979
1456310281.0,e54e047f,1.009
1456310281.0,8e53fc38,0.999
1456310281.0,113fcda7,0.949
1456310281.0,e9b61dbc,0.959
1456310281.0,495cdb73,0.969
1456310281.0,f5d0841a,1.009
1456310281.0,303dd086,0.959
1456310281.0,3e71f6ea,0.939
1456310281.0,eac805c4,0.989
1456310281.0,3f2144a4,0.949
1456310281.0,b7d1ee3a,0.989
1456310281.0,1d5839f0,0.979
1456310281.0,488fcdf2,0.949
1456310281.0,2f5be2f4,0.999
1456310281.0,3de9352c,0.969
1456310281.0,71e79520,0.939
1456310281.0,799f1fd6,0.979
1456310281.0,1e155969,0.969
1456310281.0,cb7e73c0,0.979
1456310281.0,bc1f7e5b,0.939
1456310281.0,c7eb5131,0.929
1456310281.0,32dcc2c9,0.979
1456310281.0,9a16227b,0.999
1456310281.0,9cb727d2,0.959
1456310281.0,014adbc0,0.959
1456310521.0,684b2be8,0.949
1456310521.0,3ae6396e,0.925
1456310521.0,b25a734b,0.939
1456310521.0,fd71221d,0.994
1456310521.0,2623501c,0.959
1456310521.0,ad1f45e5,0.939
1456310521.0,ef6d9b93,0.989
1456310521.0,af6ce086,0.939
1456310521.0,f31ed257,0.929
1456310521.0,c476cc49,0.929
1456310521.0,408e52ea,0.959
1456310521.0,a557a7d1,0.949
1456310521.0,75b9849f,0.979
1456310521.0,b7dba17c,0.939
1456310521.0,51296782,0.949
1456310521.0,d52b5e19,0.959
1456310521.0,7cd1d3ec,0.979
1456310521.0,264d6745,0.929
1456310521.0,5236886a,0.959
1456310521.0,304be57d,0.979
1456310521.0,89b4dcbb,0.979
1456310521.0,e85f8007,0.979
1456310521.0,5bf5865e,0.949
1456310521.0,15c2c195,0.969
1456310521.0,148a7a27,1.029
1456310521.0,be11dd72,0.979
1456310521.0,24a41128,0.969
1456310521.0,b5464430,0.979
1456310521.0,dd52b873,1.009
1456310521.0,6168ea65,1.009
1456310521.0,172669b0,0.979
1456310521.0,10a68c90,0.964
1456310521.0,265ebd00,1.029
1456310521.0,25cdefd0,0.959
1456310521.0,47472e4f,0.949
1456310521.0,262f36ee,0.939
1456310521.0,a16c8d86,0.979
1456310521.0,9c38cf72,0.959
1456310521.0,a25aae71,0.939
1456310521.0,eecb0e50,0.979
1456310521.0,c5151d58,0.929
1456310521.0,aa53bc55,0.949
1456310521.0,a46b4f3d,0.939
1456310521.0,f0e3472f,0.979
1456310521.0,2d3bede8,0.949
1456310521.0,2bd60a02,0.989
1456310521.0,c6930db9,0.999
1456310521.0,85bcd8a9,0.959
1456310521.0,0001c9be,0.969
1456310521.0,8f6a43ef,0.959
1456310521.0,b79612a4,0.969
1456310521.0,1a20bec9,0.939
1456310521.0,21c418e3,0.949
1456310521.0,95402468,0.939
1456310521.0,bddf10a7,0.979
1456310521.0,bb0c12d3,0.929
1456310521.0,1650abb4,0.969
1456310521.0,728dbc4e,0.969
1456310521.0,59446250,0.949
1456310521.0,d2f8a338,0.949
1456310521.0,8609cc97,0.929
1456310521.0,d31ca38d,0.989
1456310521.0,02f94d04,0.959
1456310521.0,08df9d3b,0.959
1456310521.0,e77693ae,0.969
1456310521.0,0f2f9c5f,0.969
1456310521.0,af91cef3,0.969
1456310521.0,e391e28b,0.959
1456310521.0,a8ab206a,0.939
1456310521.0,2f92fadd,0.969
1456310521.0,ef6ce8ef,0.949
1456310521.0,0cd1139e,0.929
1456310521.0,861dd273,0.929
1456310521.0,8801e116,0.939
1456310521.0,a249b487,0.929
1456310521.0,33336ca6,0.949
1456310521.0,209105a0,0.959
1456310521.0,83cdf5cb,0.989
1456310521.0,9b71f290,0.959
1456310521.0,48c5b36c,0.969
1456310521.0,9cc23390,1.059
1456310521.0,f5815103,0.979
1456310521.0,0aececa4,0.959
1456310521.0,8bf8c324,0.969
1456310521.0,506ed98f,0.929
1456310521.0,1a88c0a3,0.938
1456310521.0,abac441c,1.019
1456310521.0,8db8c96c,0.979
1456310521.0,71df72f8,0.939
1456310521.0,5384cd69,0.979
1456310521.0,fda0147a,0.939
1456310521.0,34293664,0.929
1456310521.0,5c405f95,0.979
1456310521.0,e592b5d0,0.939
1456310521.0,4c7d9195,1.019
1456310521.0,fd43a211,0.969
1456310521.0,2af629f5,0.939
1456310521.0,00de5a7b,1.059
1456310521.0,2f1bf151,0.939
1456310521.0,ce0ea4c3,0.969
1456310521.0,74e674a6,0.959
1456310521.0,07b98643,0.979
1456310521.0,d97b6339,0.929
1456310521.0,e8a8876f,0.949
1456310521.0,288e33f2,0.959
1456310521.0,9f3e7014,0.979
1456310521.0,5fcf7eea,0.959
1456310521.0,a4c96d17,0.969
1456310521.0,4c906d12,0.959
1456310521.0,24c9552e,0.979
1456310521.0,,0.989
1456310521.0,0a4f03c9,0.969
1456310521.0,d1118ca6,0.949
1456310521.0,57610ffb,0.989
1456310521.0,ffdd96e7,0.969
1456310521.0,56277da5,0.959
1456310521.0,35137d6c,0.989
1456310521.0,cd48d6b6,0.979
1456310521.0,30007963,0.949
1456310521.0,e1f5b708,0.929
1456310521.0,aabcd7eb,0.979
1456310521.0,0bc9e7ef,0.929
1456310521.0,fb46bd6e,0.979
1456310521.0,49d8f4c8,0.969
1456310521.0,3b5de5d2,0.949
1456310521.0,f23e99d0,1.059
1456310521.0,,0.969
1456310521.0,fb9a8547,0.889
1456310521.0,cb37d4b9,0.979
1456310521.0,96d4afe8,0.959
1456310521.0,b7f65739,0.959
1456310521.0,6f5a8ce9,0.959
1456310521.0,38b5e14e,0.959
1456310521.0,4d9daac2,0.959
1456310521.0,62bff896,0.969
1456310521.0,f1a1555c,0.979
1456310521.0,f7de9c1d,0.949
1456310521.0,d046f0d3,0.969
1456310521.0,baf1ff57,0.969
1456310521.0,c2aa03cb,0.959
1456310521.0,44a2c936,1.009
1456310521.0,337bdfc2,0.969
1456310521.0,2606727d,0.949
1456310521.0,3813907a,0.949
1456310521.0,020c53c2,0.979
1456310521.0,1d5b89e9,0.939
1456310521.0,76c4a30b,0.969
1456310521.0,d9811c4e,0.979
1456310521.0,1fea6f98,0.959
1456310521.0,884f8926,0.979
1456310521.0,8d66ca64,0.949
1456310521.0,bf3faa63,0.959
1456310521.0,2844ce37,0.969
1456310521.0,fb867340,0.989
1456310521.0,6188876b,0.969
1456310521.0,15b53516,0.939
1456310521.0,63505806,0.969
1456310521.0,78390be0,0.949
1456310521.0,94ea8533,0.964
1456310521.0,2451ec23,0.939
1456310521.0,1037129e,0.994
1456310521.0,a5b2040e,0.989
1456310521.0,e579a4d2,0.979
1456310521.0,563f2b5a,0.959
1456310521.0,8b94eddf,0.989
1456310521.0,aebeb22e,0.959
1456310521.0,8fb53921,0.959
1456310521.0,a500d475,0.939
1456310521.0,1e41b091,0.979
1456310521.0,5c70351c,0.949
1456310521.0,2bb65033,0.969
1456310521.0,e04ac56b,1.349
1456310521.0,0e568db0,1.019
1456310521.0,f53d423d,1.009
1456310521.0,b1172c22,1.019
1456310521.0,5308f610,0.949
1456310521.0,,0.969
1456310521.0,7b13a550,1.009
1456310521.0,abb38991,1.059
1456310521.0,c4d9fd71,1.019
1456310521.0,466dfd41,0.989
1456310521.0,c17e5fca,0.939
1456310521.0,9272dad9,0.999
1456310521.0,b7bf446d,0.919
1456310521.0,95a133c8,0.939
1456310521.0,72d303e8,0.959
1456310521.0,8b5cc87c,0.939
1456310521.0,c8767aa3,0.949
1456310521.0,4389dbbf,0.959
1456310521.0,cfeeefb1,0.999
1456310521.0,75151463,0.969
1456310521.0,4ab13155,1.059
1456310521.0,5b430faa,0.969
1456310521.0,8149fe8b,0.979
1456310521.0,bb4e75d9,0.939
1456310521.0,ff263010,0.969
1456310521.0,b3d667a6,0.939
1456310521.0,d3e36a6e,0.939
1456310521.0,37df3e29,0.969
1456310521.0,864d06ee,0.949
1456310521.0,094edc06,0.989
1456310521.0,444fc3ef,0.989
1456310521.0,bc0ae2c6,1.109
1456310521.0,55a24e99,0.964
1456310521.0,3b1d17e6,0.969
1456310521.0,7950522d,0.989
1456310521.0,5ff01128,0.939
1456310521.0,e466a86a,0.979
1456310521.0,4721b010,0.959
1456310521.0,66e5052b,0.969
1456310521.0,d3a16954,0.949
1456310521.0,aca882da,0.938
1456310521.0,5709c9ed,0.949
1456310521.0,03261265,0.979
1456310521.0,538bd786,0.899
1456310521.0,058212e2,0.979
1456310521.0,4f97968a,0.949
1456310521.0,72ce5694,0.979
1456310521.0,6cc0c611,0.979
1456310521.0,1ab8e201,0.919
1456310521.0,aea9d5b4,0.959
1456310521.0,2dd4faf7,0.919
1456310521.0,2e3a283a,0.939
1456310521.0,58a914d5,0.929
1456310521.0,30a3ca97,0.959
1456310521.0,a813c756,1.009
1456310521.0,5083e533,0.959
1456310521.0,168168ee,1.009
1456310521.0,1555e8c5,0.969
1456310521.0,3fc2e10c,0.929
1456310521.0,c611aa66,0.989
1456310521.0,c8b41091,0.969
1456310521.0,793d12bc,0.944
1456310521.0,b6002806,0.939
1456310521.0,358a1773,0.969
1456310521.0,99c5c095,1.059
1456310521.0,19a4a1d9,0.969
1456310521.0,2e71dd07,0.959
1456310521.0,d98fe3f5,0.944
1456310521.0,147f3142,1.009
1456310521.0,6465956f,0.899
1456310521.0,56afcb19,0.929
1456310521.0,433a3c58,0.974
1456310521.0,531e3a5e,0.989
1456310521.0,53b7ad2a,0.969
1456310521.0,d565fdf7,0.939
1456310521.0,f29f4dbd,0.959
1456310521.0,01a2d8cf,0.999
1456310521.0,8706aa4c,0.949
1456310521.0,99409692,0.939
1456310521.0,e3c6260c,0.969
1456310521.0,c6a933fe,0.999
1456310521.0,c290efa7,0.959
1456310521.0,a32bd6b9,0.919
1456310521.0,450f3a21,0.959
1456310521.0,319cc820,0.949
1456310521.0,f8080a8e,1.009
1456310521.0,39abfbaf,0.919
1456310521.0,2e64cc2e,0.999
1456310521.0,3be33cb4,0.949
1456310521.0,3ef0b5d2,0.909
1456310521.0,c09f1e3e,0.989
1456310521.0,60625072,0.989
1456310521.0,299d6edc,0.949
1456310521.0,739c3107,0.969
1456310521.0,376c7260,0.989
1456310521.0,,0.969
1456310521.0,0a356552,0.969
1456310521.0,f494f0b9,0.979
1456310521.0,5b7c410e,0.939
1456310521.0,10b34f01,0.979
1456310521.0,6fc48997,0.959
1456310521.0,99d8c1e8,1.059
1456310521.0,7a4d72a4,0.979
1456310521.0,3a7aff39,0.959
1456310521.0,4e5b883c,0.969
1456310521.0,c2cdc545,0.919
1456310521.0,f4a20e89,1.059
1456310521.0,c5669e2f,0.919
1456310521.0,d4133fe8,1.059
1456310521.0,ed71c114,0.939
1456310521.0,5e8ffc69,0.969
1456310521.0,ca27eadd,1.059
1456310521.0,52c251bb,0.959
1456310521.0,54f751e5,0.949
1456310521.0,2771cba6,0.949
1456310521.0,4646068e,0.959
1456310521.0,f9a1f770,0.939
1456310521.0,5d9f0ce5,0.949
1456310521.0,9280f17b,0.929
1456310521.0,8d433ec5,0.929
1456310521.0,b24d84c3,0.979
1456310521.0,e26d9873,0.969
1456310521.0,5d9df6f0,0.979
1456310521.0,956c6d65,0.949
1456310521.0,d3722258,1.059
1456310521.0,a372d56c,0.929
1456310521.0,7d9700c4,0.949
1456310521.0,,0.969
1456310521.0,,0.999
1456310521.0,bfe9ba44,0.989
1456310521.0,d180cfeb,0.959
1456310521.0,d34f18ac,0.969
1456310521.0,175e5435,0.979
1456310521.0,b6972fc0,0.939
1456310521.0,73af7048,0.949
1456310521.0,6df8769f,0.989
1456310521.0,1636cb5c,0.999
1456310521.0,c776555a,0.949
1456310521.0,30f8c62f,0.989
1456310521.0,3db6506a,0.959
1456310521.0,1219a469,0.979
1456310521.0,ed90985b,1.059
1456310521.0,54c764d3,0.999
1456310521.0,6fefe9a7,0.999
1456310521.0,bae5af8d,0.939
1456310521.0,2ce60956,1.119
1456310521.0,726bbc28,0.949
1456310521.0,01e0d345,0.999
1456310521.0,b8705ff2,0.929
1456310521.0,ae30d7e3,0.949
1456310521.0,bcab79d7,0.939
1456310521.0,803beab6,0.929
1456310521.0,d96c180b,0.929
1456310521.0,d0c595a5,0.949
1456310521.0,d9bc9762,0.939
1456310521.0,f720cc81,0.949
1456310521.0,b3d69d8e,0.989
1456310521.0,0a0b5f30,0.929
1456310521.0,7d8f6829,0.989
1456310521.0,b72ae868,0.969
1456310521.0,688653f8,0.929
1456310521.0,8ec1148e,0.949
1456310521.0,dc4c222b,0.979
1456310521.0,7ba64cab,0.929
1456310521.0,b559c5aa,0.949
1456310521.0,2bb40266,0.969
1456310521.0,82ca9901,0.989
1456310521.0,2289b7d4,0.979
1456310521.0,447f2373,0.919
1456310521.0,94e717e5,0.979
1456310521.0,25990870,0.939
1456310521.0,267e21dd,0.929
1456310521.0,80f5f11b,1.059
1456310521.0,2fc85e52,0.959
1456310521.0,3089305b,0.989
1456310521.0,f185e887,0.969
1456310521.0,0ba3a7d1,1.059
1456310521.0,5c8ccf98,0.959
1456310521.0,8289e2d3,0.979
1456310521.0,aea3825a,0.969
1456310521.0,06e6f1e6,0.959
1456310521.0,cd2c8158,0.979
1456310521.0,15fe382d,0.969
1456310521.0,a07d5f54,0.959
1456310521.0,2583beeb,1.059
1456310521.0,a40495d3,0.939
1456310521.0,e9f34b51,0.969
1456310521.0,6bd698e2,0.989
1456310521.0,7062eb92,0.979
1456310521.0,22609e3d,0.939
1456310521.0,7cf2b30a,0.999
1456310521.0,9422b117,0.999
1456310521.0,57e77986,0.929
1456310521.0,69055d76,0.959
1456310521.0,9499ff78,0.939
1456310521.0,28b3e0b6,0.959
1456310521.0,6bbd3dc3,0.969
1456310521.0,,0.949
1456310521.0,91666de8,0.969
1456310521.0,f7a225a7,0.989
1456310521.0,79a38de4,1.059
1456310521.0,749d3c9d,1.059
1456310761.0,4f83b27e,0.949
1456310761.0,5d482860,0.959
1456310761.0,42045a7b,0.979
1456310761.0,0d102e85,0.939
1456310761.0,c8fad469,0.989
1456310761.0,d685db42,0.949
1456310761.0,de6c0c12,0.949
1456310761.0,4e2b483e,0.949
1456310761.0,dfe43ff9,0.909
1456310761.0,cfd74c18,0.949
1456310761.0,735f3dba,0.959
1456310761.0,19838731,0.939
1456310761.0,440eff71,0.939
1456310761.0,39213e3c,0.939
1456310761.0,c45f047d,0.949
1456310761.0,37649bcc,0.939
1456310761.0,98a85d4f,0.949
1456310761.0,0f141446,0.969
1456310761.0,902bbd1d,0.929
1456310761.0,22ec99c7,0.939
1456310761.0,175bcea1,0.989
1456310761.0,acfc25e6,0.949
1456310761.0,14033ffb,0.959
1456310761.0,9530b219,0.979
1456310761.0,4f6de997,0.979
1456310761.0,04fe94aa,0.989
1456310761.0,b8dfe46d,0.959
1456310761.0,7592b37a,0.969
1456310761.0,7387def2,0.949
1456310761.0,0ecd3674,0.969
1456310761.0,,0.969
1456310761.0,d0ecac7c,0.979
1456310761.0,2aaf451f,0.929
1456310761.0,baa200b9,0.969
1456310761.0,39852f86,0.949
1456310761.0,8371a1aa,0.969
1456310761.0,0c39b458,0.939
1456310761.0,17a062c5,0.949
1456310761.0,3fc9a04c,0.929
1456310761.0,,0.969
1456310761.0,9cff31f0,0.949
1456310761.0,2e991b23,0.939
1456310761.0,c25c5571,0.959
1456310761.0,2fe20e60,0.969
1456310761.0,18ff9945,0.969
1456310761.0,3c6b3035,0.929
1456310761.0,ed56981f,0.969
1456310761.0,aee6d168,0.989
1456310761.0,8012958f,0.959
1456310761.0,492796c0,0.969
1456310761.0,eda8c21c,0.949
1456310761.0,64e138c3,0.979
1456310761.0,e9ddb2b9,0.969
1456310761.0,653088f9,0.989
1456310761.0,8a4d8b45,0.949
1456310761.0,d902aea0,0.969
1456310761.0,92bebd84,0.979
1456310761.0,2759b04f,1.109
1456310761.0,4d40c826,0.939
1456310761.0,e29f148a,0.989
1456310761.0,4754c4ee,0.929
1456310761.0,5c5f6fc1,0.949
1456310761.0,35822dd5,0.969
1456310761.0,466bb8f2,0.979
1456310761.0,226af5b1,0.929
1456310761.0,,0.959
1456310761.0,adf7bc54,0.949
1456310761.0,145d5525,0.959
1456310761.0,bdc3a9dd,0.959
1456310761.0,ac67c489,0.969
1456310761.0,9b77de60,1.089
1456310761.0,df34af64,0.939
1456310761.0,2736cca4,0.949
1456310761.0,ca13e033,0.909
1456310761.0,5b46611d,0.989
1456310761.0,71b758db,0.979
1456310761.0,8855a699,0.999
1456310761.0,6551e91d,0.969
1456310761.0,32399d22,0.989
1456310761.0,0b91981b,0.979
1456310761.0,,0.939
1456310761.0,dbee4a44,0.959
1456310761.0,4724644a,0.949
1456310761.0,9b7becbc,0.969
1456310761.0,71ac0ba6,0.959
1456310761.0,95a3de9e,0.959
1456310761.0,e830fd7a,0.989
1456310761.0,ee0b2b76,0.969
1456310761.0,60531009,0.969
1456310761.0,33e40774,0.979
1456310761.0,d59d4bb4,0.949
1456310761.0,c7e1e757,0.929
1456310761.0,f8c4c5f6,0.949
1456310761.0,5e56181c,0.929
1456310761.0,b840a41d,0.989
1456310761.0,157fcdd4,0.979
1456310761.0,16faf672,0.959
1456310761.0,408faf33,0.949
1456310761.0,b5e413c4,0.959
1456310761.0,0051e069,0.969
1456310761.0,2b6d5808,0.939
1456310761.0,66da4817,0.979
1456310761.0,97f7398e,0.959
1456310761.0,9b66ed80,0.939
1456310761.0,68492368,0.949
1456310761.0,a7be9b25,0.949
1456310761.0,f05c17a0,0.909
1456310761.0,242f5c69,0.919
1456310761.0,911d629d,0.909
1456310761.0,2a937026,0.929
1456310761.0,e3e96875,0.959
1456310761.0,b3fefca1,0.949
1456310761.0,d165a6a0,0.919
1456310761.0,0ae0fa71,0.959
1456310761.0,11b2e08c,0.919
1456310761.0,cce3fded,0.949
1456310761.0,04583028,0.969
1456310761.0,10e899a5,0.939
1456310761.0,1dd5e241,0.959
1456310761.0,d27a3901,0.969
1456310761.0,03f6c531,0.929
1456310761.0,f65e3be6,0.949
1456310761.0,bccce565,0.939
1456310761.0,5bf247b1,0.969
1456310761.0,0f283ef6,0.929
1456310761.0,9c7e6b4f,0.929
1456310761.0,44adf9c1,0.929
1456310761.0,83c02c47,0.939
1456310761.0,ed8f4b16,0.939
1456310761.0,0757f54d,0.959
1456310761.0,f08235a1,0.939
1456310761.0,2f20611a,0.959
1456310761.0,050b15b6,0.949
1456310761.0,41d0e7f4,0.969
1456310761.0,fa890292,0.929
1456310761.0,8c85a27d,0.959
1456310761.0,bf44f1ab,0.949
1456310761.0,3f96a850,0.929
1456310761.0,bed52cfb,0.989
1456310761.0,dc2d8878,0.949
1456310761.0,99b5b897,0.969
1456310761.0,b4a263f0,0.949
1456310761.0,3f601b6c,0.929
1456310761.0,138b43bf,0.959
1456310761.0,53c0a7e5,0.959
1456310761.0,8127a62a,0.949
1456310761.0,054b98a5,0.939
1456310761.0,35e560ad,0.989
1456310761.0,6515c8c1,0.939
1456310761.0,aed09b0f,0.949
1456310761.0,18df3f49,0.949
1456310761.0,e4070c0e,0.929
1456310761.0,f136dec4,0.949
1456310761.0,d3bb1de9,0.929
1456310761.0,d2fc2219,0.949
1456310761.0,e85e990b,0.929
1456310761.0,4d655bc9,0.929
1456310761.0,8aa565b4,0.959
1456310761.0,0c558324,1.009
1456310761.0,c3910784,0.949
1456310761.0,e8cb3a6b,0.959
1456310761.0,26e6f2fe,0.989
1456310761.0,b387d3fa,0.939
1456310761.0,9cb577d8,0.969
1456310761.0,d21a57fd,0.959
1456310761.0,3f9db299,0.989
1456310761.0,0220896d,0.949
1456310761.0,39fe3076,0.989
1456310761.0,6809dfa8,0.959
1456310761.0,e87a6fdb,0.969
1456310761.0,a7fc7f1f,0.949
1456310761.0,15a5d68a,0.959
1456310761.0,cc4d2444,0.959
1456310761.0,6f59ab1a,0.964
1456310761.0,,0.959
1456310761.0,18ac93f2,0.929
1456310761.0,34108c3d,0.949
1456310761.0,788b07d6,0.949
1456310761.0,028572b1,0.939
1456310761.0,de079ca8,0.949
1456310761.0,f1f7bee8,0.949
1456310761.0,,0.969
1456310761.0,d02c3a0e,0.959
1456310761.0,aa2cc83b,0.979
1456310761.0,3c525f19,0.969
1456310761.0,d4310eb6,0.929
1456310761.0,59214d4e,0.979
1456310761.0,b0dc334c,0.969
1456310761.0,4d90c00c,0.969
1456310761.0,c17eb923,0.919
1456310761.0,18429d44,0.969
1456310761.0,90a8536c,0.969
1456310761.0,7bbd97a0,0.969
1456310761.0,e1aebaad,0.949
1456310761.0,afc2b240,0.949
1456310761.0,,0.949
1456310761.0,5bc7d850,0.969
1456310761.0,0a5b2682,0.979
1456310761.0,90789f94,0.929
1456310761.0,1037129e,0.934
1456310761.0,6aa3e966,0.959
1456310761.0,78e9f79a,0.959
1456310761.0,9c45c396,0.949
1456310761.0,8e940b00,0.959
1456310761.0,ca4047f3,0.949
1456310761.0,f960ce49,0.989
1456310761.0,f4788388,0.989
1456310761.0,743ae788,1.059
1456310761.0,4bdede16,0.969
1456310761.0,c1d4eea2,0.999
1456310761.0,ce519ed4,0.969
1456310761.0,f2b5514e,0.999
1456310761.0,6321db63,0.949
1456310761.0,2fe25570,0.949
1456310761.0,4c1bb47a,0.949
1456310761.0,d2b45043,0.969
1456310761.0,7ab85794,0.969
1456310761.0,37a893dc,0.969
1456310761.0,2ab14021,0.949
1456310761.0,6cf3fd28,0.949
1456310761.0,5fd232c2,0.949
1456310761.0,a5852f7d,0.939
1456310761.0,5d07df0f,0.959
1456310761.0,d3faff64,0.979
1456310761.0,4347f862,0.929
1456310761.0,6643d108,0.959
1456310761.0,f1f7ae62,0.944
1456310761.0,17b2ffe6,0.979
1456310761.0,75244431,0.959
1456310761.0,,0.959
1456310761.0,570b52de,0.989
1456310761.0,5effda31,0.959
1456310761.0,9ca722d6,0.969
1456310761.0,f530fb7b,0.979
1456310761.0,,0.989
1456310761.0,756b37e6,0.939
1456310761.0,680d2cb8,0.999
1456310761.0,29fe4cae,0.969
1456310761.0,022de539,0.959
1456310761.0,7c4a4d03,1.019
1456310761.0,af9c113d,0.989
1456310761.0,fcb53c89,0.959
1456310761.0,c46c7e06,0.959
1456310761.0,83e73636,0.989
1456310761.0,9479cc1c,0.949
1456310761.0,5222efd2,0.999
1456310761.0,9010dbc0,0.959
1456310761.0,1940a489,0.929
1456310761.0,d3063bdf,0.989
1456310761.0,302c9dc6,0.979
1456310761.0,54b31cf8,0.949
1456310761.0,07ccba78,0.979
1456310761.0,5e575550,0.979
1456310761.0,13fe91d4,0.979
1456310761.0,874bffae,1.009
1456310761.0,4a78586a,0.979
1456310761.0,109dc483,0.989
1456310761.0,0af09136,0.959
1456310761.0,db7cca98,0.939
1456310761.0,1cdb45b5,0.959
1456310761.0,691d5ce3,0.949
1456310761.0,7718e2fa,0.979
1456310761.0,768030e0,0.928
1456310761.0,35155576,0.979
1456310761.0,38a3a737,0.929
1456310761.0,5ec35915,0.969
1456310761.0,c0210272,0.969
1456310761.0,65995c53,0.959
1456310761.0,bd3a11a3,0.989
1456310761.0,e2800d44,0.939
1456310761.0,1dd35703,0.969
1456310761.0,1cc005a8,0.919
1456310761.0,54ad26b8,0.949
1456310761.0,eac5c61f,1.009
1456310761.0,2ccc4437,1.059
1456310761.0,b44f61b0,0.949
1456310761.0,5d9ba671,0.969
1456310761.0,f747cfc3,0.959
1456310761.0,b650cdbb,0.969
1456310761.0,057c5d18,0.929
1456310761.0,ffcde0bb,0.979
1456310761.0,935b74b4,0.969
1456310761.0,5580f197,0.989
1456310761.0,82d40753,0.969
1456310761.0,66c0ab43,0.969
1456310761.0,ee288062,0.999
1456310761.0,593279ef,0.949
1456310761.0,9f99b7ac,0.929
1456310761.0,1746d28b,0.979
1456310761.0,8b143527,0.999
1456310761.0,f56f3208,1.009
1456310761.0,f7989ae3,0.969
1456310761.0,3a0cbd9d,1.019
1456310761.0,474644ad,0.979
1456310761.0,421a6353,0.939
1456310761.0,2bbe715d,0.989
1456310761.0,d9686f25,0.989
1456310761.0,4829f4f6,0.979
1456310761.0,3e921ea2,0.959
1456310761.0,67f43dec,0.949
1456310761.0,ecf4342f,0.959
1456310761.0,f4217802,0.989
1456310761.0,22e6cf1d,0.939
1456310761.0,57a6c42b,0.929
1456310761.0,c92ed685,0.969
1456310761.0,8405466d,0.949
1456310761.0,84333954,0.929
1456310761.0,fdd8eb18,0.939
1456310761.0,6388b41c,0.949
1456310761.0,31cd43d6,0.949
1456310761.0,cba1718d,0.959
1456310761.0,bcab79d7,0.939
1456310761.0,670eaa88,0.959
1456310761.0,20338fa9,0.949
1456310761.0,c59b6311,0.959
1456310761.0,db21940b,0.949
1456310761.0,f720cc81,0.939
1456310761.0,13f4ef46,0.909
1456310761.0,b3d69d8e,0.989
1456310761.0,fdcc2a55,0.929
1456310761.0,5df9b393,0.959
1456310761.0,1cedaf70,0.939
1456310761.0,0f122625,0.969
1456310761.0,2e474264,0.959
1456310761.0,d01ea35a,0.939
1456310761.0,a5b2c28c,0.959
1456310761.0,48f835a8,0.929
1456310761.0,256e6d2f,0.979
1456310761.0,3ba3cf9a,0.959
1456310761.0,c74d25ee,0.949
1456310761.0,802fc822,0.999
1456310761.0,15b221c0,0.939
1456310761.0,6e0e837e,0.959
1456310761.0,76ab87bf,0.929
1456310761.0,2510a802,1.059
1456310761.0,4c6c04a6,0.999
1456310761.0,7cb03693,0.969
1456310761.0,6ba68e3c,0.979
1456310761.0,e54e047f,0.999
1456310761.0,85dcde4e,0.939
1456310761.0,f625c166,0.959
1456310761.0,7eb456fa,0.969
1456310761.0,8fe7f10d,0.949
1456311001.0,dfc32fdb,0.949
1456311001.0,838d57f9,0.969
1456311001.0,3d36e33a,0.919
1456311001.0,e07c0604,0.949
1456311001.0,363ab0d1,0.949
1456311001.0,0536c920,0.959
1456311001.0,90941e78,0.949
1456311001.0,d2578b12,0.929
1456311001.0,2f40868f,0.979
1456311001.0,1ad58c2b,0.959
1456311001.0,9e33ac5a,0.949
1456311001.0,a9b325ba,0.979
1456311001.0,e1b4b7f3,0.959
1456311001.0,2c9a6a74,0.949
1456311001.0,4e7b5ef6,0.949
1456311001.0,b51f0a61,0.929
1456311001.0,1b611c60,0.929
1456311001.0,6e66567c,0.939
1456311001.0,0297c11e,0.959
1456311001.0,a93143e5,0.949
1456311001.0,f4a95cf0,0.929
1456311001.0,be7b97ad,0.969
1456311001.0,cc7ffbf9,0.989
1456311001.0,ff4bec86,0.959
1456311001.0,7006be5d,0.929
1456311001.0,f6f5bf47,0.959
1456311001.0,e71f194a,0.989
1456311001.0,4da4802c,0.959
1456311001.0,a46f6f07,0.979
1456311001.0,fbe17e11,0.959
1456311001.0,0a8d1b89,0.939
1456311001.0,6e67857f,0.969
1456311001.0,134cefdf,0.939
1456311001.0,6ed73676,0.979
1456311001.0,d051170d,0.959
1456311001.0,ce75f1ed,1.009
1456311001.0,e399a8ea,0.959
1456311001.0,8730426e,0.949
1456311001.0,23e41d8c,0.969
1456311001.0,ebcd22e7,0.949
1456311001.0,ac22a573,0.929
1456311001.0,4e54ae8f,0.969
1456311001.0,3133beb1,0.959
1456311001.0,50b27f80,0.959
1456311001.0,00206126,0.939
1456311001.0,ea571d68,0.949
1456311001.0,f09b1121,0.939
1456311001.0,7dfddaf9,0.949
1456311001.0,824f7fcf,0.939
1456311001.0,d4ef4661,0.949
1456311001.0,69bda9c6,0.999
1456311001.0,13b8b105,0.949
1456311001.0,4a2e604f,0.979
1456311001.0,5110f142,0.959
1456311001.0,28071dbd,0.949
1456311001.0,85edcdf5,0.924
1456311001.0,7b5e3751,0.969
1456311001.0,d5291b45,0.989
1456311001.0,4af5893f,0.949
1456311001.0,248d1f5e,0.969
1456311001.0,2753be9b,0.939
1456311001.0,d5843ecf,0.939
1456311001.0,31d8b133,0.979
1456311001.0,c465775f,0.989
1456311001.0,bc235ee2,0.939
1456311001.0,f41e2fff,0.969
1456311001.0,9cff31f0,0.949
1456311001.0,,0.919
1456311001.0,8f3896e1,0.959
1456311001.0,9f61347e,0.969
1456311001.0,15a0fe59,0.959
1456311001.0,fdd7a859,0.959
1456311001.0,09be7dd3,0.989
1456311001.0,8977de4b,0.994
1456311001.0,dda7560a,0.969
1456311001.0,9d9e60c3,0.947
1456311001.0,cc2f81e2,0.969
1456311001.0,df4fadef,0.969
1456311001.0,68a5df04,0.959
1456311001.0,61f59311,0.949
1456311001.0,b154220c,0.969
1456311001.0,bf2623d5,0.989
1456311001.0,a9b672c3,0.959
1456311001.0,7573fd74,0.969
1456311001.0,41d7fd8c,0.939
1456311001.0,059e6005,0.989
1456311001.0,4fdca23f,0.939
1456311001.0,4e1fa698,0.959
1456311001.0,4d248889,0.959
1456311001.0,9e448914,0.939
1456311001.0,130149c2,0.949
1456311001.0,65c13d89,0.939
1456311001.0,e307b347,0.939
1456311001.0,4c092b15,0.929
1456311001.0,24e3af46,0.989
1456311001.0,7ba8ceb3,0.929
1456311001.0,4abd2f17,0.959
1456311001.0,1ad30a9a,0.999
1456311001.0,,0.969
1456311001.0,8983a3f5,0.949
1456311001.0,c2cbc81c,0.969
1456311001.0,6fc8bedc,0.949
1456311001.0,94d5e6b7,0.979
1456311001.0,2f6a5cea,0.949
1456311001.0,7e91d1f8,0.949
1456311001.0,a09958dd,0.939
1456311001.0,8d6ec707,0.929
1456311001.0,8ab710a0,0.929
1456311001.0,5018e554,0.929
1456311001.0,fdfab0b9,0.959
1456311001.0,c3aa0b78,0.939
1456311001.0,a65b0645,0.969
1456311001.0,,0.939
1456311001.0,504da010,0.959
1456311001.0,fc8b3633,0.999
1456311001.0,e537497e,0.939
1456311001.0,7a876cfb,0.949
1456311001.0,5fcf7eea,0.949
1456311001.0,aa75d7c1,0.989
1456311001.0,ffb2584e,0.939
1456311001.0,469f3690,0.969
1456311001.0,4e74bd65,0.999
1456311001.0,8bbde82e,0.939
1456311001.0,b619b05f,0.949
1456311001.0,493b6369,0.939
1456311001.0,ca3364fa,0.929
1456311001.0,878b98a2,0.929
1456311001.0,56995334,0.919
1456311001.0,29626b91,0.939
1456311001.0,eb79ce7f,0.979
1456311001.0,1dfe7e94,0.939
1456311001.0,3bb367b0,0.939
1456311001.0,a3ff8022,0.939
1456311001.0,65efbc29,0.949
1456311001.0,d3bf8582,0.969
1456311001.0,de0b1b58,0.939
1456311001.0,19e1ff00,0.919
1456311001.0,91170ebc,0.949
1456311001.0,119cb795,0.939
1456311001.0,d14d8358,0.969
1456311001.0,603e075c,0.939
1456311001.0,8caf6dad,0.959
1456311001.0,c6d44191,0.949
1456311001.0,495247fc,0.949
1456311001.0,d64a25e0,0.929
1456311001.0,165068db,0.959
1456311001.0,9c16f557,0.919
1456311001.0,cd0b941e,0.939
1456311001.0,6eb8cb33,0.969
1456311001.0,f3b3c473,0.969
1456311001.0,485a4ee4,0.969
1456311001.0,9d522e7b,0.949
1456311001.0,b6774f71,0.949
1456311001.0,1c5f0504,0.939
1456311001.0,44144ccf,0.969
1456311001.0,475801e2,0.979
1456311001.0,1c38d39c,0.939
1456311001.0,1fb2da5d,0.929
1456311001.0,a409f033,0.979
1456311001.0,101c8b80,0.949
1456311001.0,5dbe10ef,0.929
1456311001.0,a099cd62,0.979
1456311001.0,ff0bb7ad,0.929
1456311001.0,e53c0a3d,0.929
1456311001.0,03b45f42,0.969
1456311001.0,1ea1e147,0.969
1456311001.0,b067bcf6,0.939
1456311001.0,443a0042,0.989
1456311001.0,25e78288,0.949
1456311001.0,d137631c,0.969
1456311001.0,dfd511ab,0.939
1456311001.0,94642f21,0.949
1456311001.0,9ecc2084,0.969
1456311001.0,fd9b3ee5,0.949
1456311001.0,5f365e75,0.959
1456311001.0,f0da030f,0.979
1456311001.0,0b912035,0.939
1456311001.0,c7a70dd8,0.959
1456311001.0,a2b07888,0.919
1456311001.0,1dc8cdb7,0.919
1456311001.0,413f1831,0.979
1456311001.0,258838b1,0.919
1456311001.0,fa179beb,0.949
1456311001.0,21a92259,0.929
1456311001.0,662f41b7,0.959
1456311001.0,d326a791,0.949
1456311001.0,25e13742,0.949
1456311001.0,d165c2c6,0.979
1456311001.0,4370ed3a,0.959
1456311001.0,a7f53ccb,0.959
1456311001.0,ae03a260,0.989
1456311001.0,75515814,0.999
1456311001.0,0b0a4614,0.969
1456311001.0,f76f3d3a,0.929
1456311001.0,8c1c23fb,0.929
1456311001.0,c648217d,0.939
1456311001.0,c0d663b4,0.979
1456311001.0,0aed8034,0.969
1456311001.0,3d9b4dc8,0.934
1456311001.0,391a56de,0.929
1456311001.0,f847749e,0.929
1456311001.0,8f7c069a,0.949
1456311001.0,02c0b252,0.939
1456311001.0,8fe50322,0.989
1456311001.0,671cf752,0.964
1456311001.0,7e83311b,0.939
1456311001.0,08c3c4e6,0.959
1456311001.0,6c8423e1,0.939
1456311001.0,7e4b74b7,0.999
1456311001.0,6840a8a6,0.909
1456311001.0,c7e28f54,0.939
1456311001.0,450ed4aa,0.939
1456311001.0,bcfb8220,0.979
1456311001.0,d64ff6b9,0.969
1456311001.0,4c962a80,0.989
1456311001.0,0bd9645c,0.979
1456311001.0,8e6d4b8d,0.969
1456311001.0,f2458f35,0.989
1456311001.0,90bdfe5b,0.959
1456311001.0,,0.969
1456311001.0,4d01f5f7,0.999
1456311001.0,13cc1bf8,0.989
1456311001.0,cdf2f211,0.959
1456311001.0,4c24bd23,0.939
1456311001.0,69d749f5,0.949
1456311001.0,fcbae89e,0.949
1456311001.0,0f7cfab9,0.939
1456311001.0,07d1cb29,0.929
1456311001.0,4e13229f,0.939
1456311001.0,313314f6,0.979
1456311001.0,c1dfd045,0.989
1456311001.0,f76fac88,0.969
1456311001.0,f2523c62,1.009
1456311001.0,bf7ae178,0.949
1456311001.0,e6ebe240,0.939
1456311001.0,57c3f6b1,0.969
1456311001.0,edd1487d,0.969
1456311001.0,64bb101c,0.959
1456311001.0,b32694b6,0.959
1456311001.0,1b4a9928,0.969
1456311001.0,ed71cccb,0.999
1456311001.0,d83a98ce,0.959
1456311001.0,52698fc2,0.949
1456311001.0,69539d07,0.929
1456311001.0,6c0b296e,0.989
1456311001.0,0d28fb9e,1.009
1456311001.0,314a511a,0.959
1456311001.0,c27cff48,0.979
1456311001.0,9aff86f3,0.959
1456311001.0,57d05ba7,0.989
1456311001.0,171447e0,0.929
1456311001.0,38624de7,0.949
1456311001.0,ca089b70,0.969
1456311001.0,b632c5ee,0.949
1456311001.0,b5b5497e,0.989
1456311001.0,374e91b4,0.959
1456311001.0,c2a07e5c,0.969
1456311001.0,821f92f0,0.959
1456311001.0,49cc8698,0.939
1456311001.0,3d12dc1e,0.959
1456311001.0,b685aa76,0.949
1456311001.0,,0.969
1456311001.0,21045357,0.959
1456311001.0,cf213ad2,0.979
1456311001.0,2337f9ca,0.959
1456311001.0,0bcc45f5,0.989
1456311001.0,2042ed0f,0.959
1456311001.0,fdc55c51,0.999
1456311001.0,b7b6386b,0.969
1456311001.0,7a03b89d,0.969
1456311001.0,85a43300,0.969
1456311001.0,43b2838d,0.949
1456311001.0,4799ae79,0.949
1456311001.0,d4602afc,0.929
1456311001.0,d620afe2,0.989
1456311001.0,fea5f4ce,0.999
1456311001.0,77cb599d,0.969
1456311001.0,7dde6783,0.959
1456311001.0,170a4510,0.999
1456311001.0,c1921151,0.959
1456311001.0,13fe91d4,0.959
1456311001.0,c21f352d,0.929
1456311001.0,4a78586a,0.969
1456311001.0,6670147b,0.979
1456311001.0,,0.979
1456311001.0,62085a5f,0.979
1456311001.0,4c2d2225,0.979
1456311001.0,18df2d1d,0.979
1456311001.0,07a1d058,0.979
1456311001.0,7d5b56a3,0.969
1456311001.0,2d973990,0.969
1456311001.0,6fbcc336,0.929
1456311001.0,69f7d4d7,0.949
1456311001.0,b2c3faec,0.969
1456311001.0,2ae61bab,0.969
1456311001.0,,0.969
1456311001.0,63645f4e,0.989
1456311001.0,779d347d,0.949
1456311001.0,409b2b7e,0.969
1456311001.0,4c74fdcc,0.939
1456311001.0,ebbb598c,0.949
1456311001.0,32a8caa1,0.949
1456311001.0,9aad8e12,0.949
1456311001.0,8536a14e,0.959
1456311001.0,6770a660,0.959
1456311001.0,dde85d42,0.949
1456311001.0,d73f9554,0.959
1456311001.0,4e694e7a,0.969
1456311001.0,1ffbed87,0.949
1456311001.0,d7ee03a5,0.959
1456311001.0,1170df4a,0.949
1456311001.0,8478addd,0.974
1456311001.0,c4088196,0.999
1456311001.0,f7e752c7,0.949
1456311001.0,e657e4ae,0.989
1456311001.0,5ab36501,0.939
1456311001.0,85a8d903,0.939
1456311001.0,f47e8638,0.949
1456311001.0,dedc2342,0.939
1456311001.0,fb54ae4c,0.919
1456311001.0,2a5e6e74,0.959
1456311001.0,c05855cb,0.929
1456311001.0,98e26149,0.929
1456311001.0,78daa5b5,0.949
1456311001.0,59c3c78c,0.969
1456311001.0,4b2b710a,0.979
1456311001.0,8714c0df,0.939
1456311001.0,f47f4232,0.929
1456311001.0,b9535339,0.919
1456311001.0,4f0a1aa8,0.949
1456311001.0,5321252a,0.969
1456311001.0,c5b26ed2,0.959
1456311001.0,f8f041cb,0.979
1456311001.0,59238304,0.939
1456311001.0,e2fdcbf3,0.949
1456311001.0,350465a6,0.949
1456311001.0,5f724cd6,1.009
1456311001.0,cd1bf135,1.129
1456311001.0,309a250b,0.929
1456311001.0,24398b7a,0.949
1456311001.0,49878878,0.999
1456311001.0,4ab47d1a,0.929
1456311001.0,4622dd55,0.949
1456311001.0,f9e89c40,0.919
1456311001.0,0a224fb3,0.959
1456311001.0,930998e2,0.969
1456311001.0,bad87216,0.959
1456311001.0,724b8382,0.969
1456311001.0,76a48cbe,0.949
1456311001.0,27ed450f,0.929
1456311001.0,cca094f8,0.929
1456311001.0,bcab79d7,0.939
1456311001.0,b7496873,0.939
1456311001.0,981008e5,0.969
1456311001.0,5d0bbc06,0.939
1456311001.0,35c85b81,0.929
1456311001.0,ee74bc99,0.929
1456311001.0,db21940b,0.939
1456311001.0,2a684001,0.949
1456311001.0,109f53f9,0.929
1456311001.0,12081217,0.959
1456311001.0,8d30c99a,0.969
1456311001.0,76a02736,0.969
1456311001.0,bba9fe67,0.909
1456311001.0,90bcaabc,0.929
1456311001.0,58452604,0.969
1456311001.0,b9d3793b,0.929
1456311001.0,f6955150,0.909
1456311001.0,075d1e16,0.939
1456311001.0,1f311bb3,0.909
1456311001.0,fdcc2a55,0.929
1456311001.0,006407b4,0.949
1456311001.0,dc4c222b,0.969
1456311001.0,677b8f35,0.909
1456311001.0,79b4bdb6,0.989
1456311001.0,fc486af7,0.969
1456311001.0,a07be25b,0.959
1456311001.0,bb8d0742,0.949
1456311001.0,7818ad58,0.959
1456311001.0,9ebd92af,0.959
1456311001.0,75c71a8b,0.959
1456311001.0,37179b6c,0.989
1456311001.0,7a0f0cd4,0.949
1456311001.0,68a6a16a,0.969
1456311001.0,b4c63b76,0.929
1456311001.0,2b043615,0.929
1456311001.0,2139100d,0.979
1456311001.0,eae89db3,0.999
1456311001.0,6bc9b007,0.969
1456311001.0,48772908,0.959
1456311001.0,4d5f25c7,0.949
1456311001.0,3d600548,0.959
1456311001.0,f3d8409b,0.989
1456311001.0,efe39034,0.949
1456311001.0,cb7e73c0,0.969
1456311001.0,aee35b92,0.929
1456311241.0,f8a9a11e,0.979
1456311241.0,5175d50a,0.949
1456311241.0,7db0ea2e,0.949
1456311241.0,e5abf377,0.959
1456311241.0,6474f616,0.989
1456311241.0,35cce7bf,0.959
1456311241.0,6853fb18,0.989
1456311241.0,e99e5f77,0.929
1456311241.0,b6867cd0,0.939
1456311241.0,820d9924,0.929
1456311241.0,9fa10842,0.939
1456311241.0,d0a0e33f,0.959
1456311241.0,843c0434,0.959
1456311241.0,a557a7d1,0.949
1456311241.0,ad7e1163,0.939
1456311241.0,922129f9,0.949
1456311241.0,ed5ad0df,0.979
1456311241.0,8e0ec690,0.929
1456311241.0,0b293007,0.959
1456311241.0,bc11a9fb,0.939
1456311241.0,0accabdc,0.939
1456311241.0,872ca533,0.959
1456311241.0,bf5b9c36,0.939
1456311241.0,bd86f3ea,0.939
1456311241.0,59e65cb9,0.949
1456311241.0,27ea09b1,0.939
1456311241.0,52c1ccfa,0.939
1456311241.0,e9eeb033,0.919
1456311241.0,6f9fee8c,0.969
1456311241.0,7828885e,0.929
1456311241.0,bd4fc874,0.969
1456311241.0,91632530,0.939
1456311241.0,f448cc0a,0.959
1456311241.0,234c6f7e,0.939
1456311241.0,bf738133,0.949
1456311241.0,587132ed,0.929
1456311241.0,d89d5f83,0.959
1456311241.0,01decbb4,0.939
1456311241.0,f53a8f17,0.979
1456311241.0,e1b2f9c0,0.939
1456311241.0,c56f813d,0.949
1456311241.0,e401b629,0.979
1456311241.0,230a1a24,0.979
1456311241.0,f0d6aa58,0.949
1456311241.0,5d4a550d,0.939
1456311241.0,e53f989c,0.959
1456311241.0,71b8eaae,0.999
1456311241.0,e73846ae,0.944
1456311241.0,d95bf294,0.969
1456311241.0,2731c4c9,0.939
1456311241.0,24696b6f,0.929
1456311241.0,0a8fc55d,0.979
1456311241.0,f0359f5c,0.979
1456311241.0,412f8103,0.999
1456311241.0,d1b70ad0,0.939
1456311241.0,b0a76bca,0.949
1456311241.0,e03f4572,0.939
1456311241.0,a1c28fee,0.959
1456311241.0,b09942f7,0.959
1456311241.0,cc29c87a,0.914
1456311241.0,cd3580e7,0.969
1456311241.0,7244640d,0.929
1456311241.0,fb5abec8,0.959
1456311241.0,3d74c9d4,0.929
1456311241.0,,0.979
1456311241.0,b2825105,0.919
1456311241.0,1f635eb5,0.979
1456311241.0,70571d8c,0.919
1456311241.0,fad81120,0.939
1456311241.0,9537b003,0.949
1456311241.0,c1eb66c5,0.959
1456311241.0,6e12c790,0.939
1456311241.0,03d07967,0.969
1456311241.0,a825b9fa,0.959
1456311241.0,cb70fbd6,0.939
1456311241.0,ffaebdb9,0.989
1456311241.0,ef3ecd77,0.929
1456311241.0,114290a9,0.934
1456311241.0,35822dd5,0.959
1456311241.0,df43a8b2,0.929
1456311241.0,421aabe4,0.959
1456311241.0,e9edf509,0.989
1456311241.0,251b8d8a,0.979
1456311241.0,012d8a4c,0.949
1456311241.0,c5931a7d,0.949
1456311241.0,c0e39558,0.939
1456311241.0,f4accce7,0.969
1456311241.0,,0.999
1456311241.0,beb106ec,0.969
1456311241.0,aff519f2,0.949
1456311241.0,d7d438ac,0.989
1456311241.0,121ea079,0.989
1456311241.0,7d9fd3be,0.949
1456311241.0,959e5dd8,0.959
1456311241.0,3b3dda8f,0.949
1456311241.0,7f9a33f8,0.949
1456311241.0,7aa7e8fe,0.969
1456311241.0,251d80d6,0.959
1456311241.0,60531009,0.959
1456311241.0,65c65682,0.969
1456311241.0,860a70dd,0.999
1456311241.0,3213e5d8,0.979
1456311241.0,575d8182,0.929
1456311241.0,72162ebe,0.949
1456311241.0,0f1ef6bd,0.959
1456311241.0,48abfcff,0.939
1456311241.0,2158a603,0.969
1456311241.0,,0.959
1456311241.0,a585805d,0.949
1456311241.0,4aa385bb,0.939
1456311241.0,bef1c266,0.979
1456311241.0,0945bafb,0.959
1456311241.0,4c906efb,0.949
1456311241.0,3273810e,0.979
1456311241.0,14a12755,0.909
1456311241.0,1da77d0b,0.979
1456311241.0,a612d3c6,0.969
1456311241.0,ce6487d7,0.979
1456311241.0,f44172d4,0.929
1456311241.0,ef95782d,0.929
1456311241.0,034b845e,0.979
1456311241.0,acd894be,0.909
1456311241.0,d560f27c,0.999
1456311241.0,fabaa853,0.969
1456311241.0,de2c9edf,0.929
1456311241.0,d265fb7c,0.939
1456311241.0,9672aa1d,0.969
1456311241.0,26f14416,0.939
1456311241.0,8a1616d4,0.989
1456311241.0,e0d89735,1.009
1456311241.0,74ebac9f,0.979
1456311241.0,063c7988,0.949
1456311241.0,db856260,0.979
1456311241.0,2df8fc01,0.939
1456311241.0,2276c640,0.939
1456311241.0,04ca9ed8,0.929
1456311241.0,a5c5f9b2,0.969
1456311241.0,8746be38,0.954
1456311241.0,953976b2,0.969
1456311241.0,d96a698b,0.959
1456311241.0,8fe50322,0.959
1456311241.0,486e56d0,0.939
1456311241.0,abda856d,0.959
1456311241.0,053eb345,0.969
1456311241.0,eb751c39,0.959
1456311241.0,2a5a0676,0.959
1456311241.0,,0.959
1456311241.0,b4fd97c1,0.979
1456311241.0,c03f4ffa,0.959
1456311241.0,5ec85307,0.969
1456311241.0,c95ebb24,0.949
1456311241.0,a24bfa50,0.939
1456311241.0,f4aa351e,0.949
1456311241.0,a664a217,0.929
1456311241.0,e8789a9a,0.969
1456311241.0,4a2d620a,0.949
1456311241.0,3baa59d3,0.994
1456311241.0,58ef2865,0.979
1456311241.0,0d686aad,0.959
1456311241.0,041032df,1.009
1456311241.0,49c222c8,0.949
1456311241.0,06865c2e,0.989
1456311241.0,95df3aa8,0.959
1456311241.0,57c3f6b1,0.959
1456311241.0,a2312d54,0.989
1456311241.0,7b0ff594,0.999
1456311241.0,68af1b90,0.928
1456311241.0,5985a6df,0.949
1456311241.0,b1dd859f,0.969
1456311241.0,d2585bd9,0.949
1456311241.0,868d1b66,0.939
1456311241.0,69539d07,0.929
1456311241.0,6bc9c96a,0.899
1456311241.0,8b68e5d5,0.989
1456311241.0,8bdb8e4d,0.969
1456311241.0,f14d7030,0.929
1456311241.0,c8767aa3,0.939
1456311241.0,ed56f7ed,0.949
1456311241.0,cfeeefb1,0.979
1456311241.0,d556f79b,0.939
1456311241.0,8de1f3e4,0.929
1456311241.0,433a5787,0.969
1456311241.0,36dc6ea5,0.929
1456311241.0,1ac2cf31,0.979
1456311241.0,f2abb84b,0.969
1456311241.0,e5e2bf67,0.939
1456311241.0,17b2ffe6,0.979
1456311241.0,840368fb,0.979
1456311241.0,1f1e2904,0.939
1456311241.0,88cccf93,0.939
1456311241.0,3af55c11,0.969
1456311241.0,72c39ba1,0.929
1456311241.0,,0.979
1456311241.0,3e1f426f,0.969
1456311241.0,87750b0a,0.939
1456311241.0,5709c9ed,0.939
1456311241.0,95e23a71,0.979
1456311241.0,59635b5d,0.949
1456311241.0,35d2c9ad,0.969
1456311241.0,8d192dd1,0.949
1456311241.0,01170a5d,0.969
1456311241.0,5ed50ecc,0.929
1456311241.0,d620afe2,0.959
1456311241.0,6162ba82,0.969
1456311241.0,4e459e38,0.929
1456311241.0,90a21c47,0.989
1456311241.0,168168ee,1.004
1456311241.0,88c2caef,0.989
1456311241.0,8f4cf94f,0.989
1456311241.0,ad852670,0.949
1456311241.0,df98ca08,0.969
1456311241.0,1c087491,0.949
1456311241.0,1259d1b0,0.969
1456311241.0,06fb0c54,0.979
1456311241.0,459e8360,0.959
1456311241.0,01a2d8cf,0.989
1456311241.0,ce6b83b7,0.979
1456311241.0,00496bce,0.939
1456311241.0,19631699,0.989
1456311241.0,,0.939
1456311241.0,f747cfc3,0.949
1456311241.0,e6d83666,0.959
1456311241.0,4ea69365,0.959
1456311241.0,dc76e214,0.979
1456311241.0,cebd8559,0.999
1456311241.0,39cc6655,0.969
1456311241.0,aef0d8b9,0.979
1456311241.0,7d84b7ec,0.969
1456311241.0,9ab966b7,0.969
1456311241.0,9fe5444d,0.979
1456311241.0,95564cf1,0.939
1456311241.0,ec2d257d,0.989
1456311241.0,62f495a7,0.919
1456311241.0,6860f6a1,0.929
1456311241.0,2771cba6,0.939
1456311241.0,da19dfd3,0.949
1456311241.0,6cf9c77a,0.959
1456311241.0,092457e4,0.959
1456311241.0,fab2186a,0.949
1456311241.0,38a55267,0.949
1456311241.0,95256814,0.949
1456311241.0,d3549133,0.949
1456311241.0,cd9d922f,0.969
1456311241.0,a16adda9,0.949
1456311241.0,2d3711fd,0.959
1456311241.0,f02aba4d,0.949
1456311241.0,fe4b1f4a,0.929
1456311241.0,9425b86b,0.979
1456311241.0,7487945f,0.929
1456311241.0,e2fdcbf3,0.939
1456311241.0,0967fa61,0.939
1456311241.0,b6458958,0.939
1456311241.0,cef8a5ba,0.939
1456311241.0,c25699b5,0.979
1456311241.0,196b11c0,0.969
1456311241.0,14b80428,0.969
1456311241.0,7c245713,0.949
1456311241.0,069afd75,0.949
1456311241.0,a373cdfc,0.939
1456311241.0,6a27f09d,0.949
1456311241.0,01e0d345,0.949
1456311241.0,f856d6e0,0.959
1456311241.0,8ddd7eaf,0.939
1456311241.0,abc596af,0.959
1456311241.0,bcdf1eb5,0.939
1456311241.0,2a684001,0.949
1456311241.0,029c6a16,0.949
1456311241.0,b3d69d8e,0.939
1456311241.0,17b40c62,0.999
1456311241.0,55a8bcfb,0.929
1456311241.0,88c383bc,0.969
1456311241.0,73e22345,0.939
1456311241.0,5cb13083,0.949
1456311241.0,dc4c222b,0.949
1456311241.0,973748fa,0.949
1456311241.0,dd3f23e4,0.957
1456311241.0,c6ca359a,0.949
1456311241.0,9168991d,0.939
1456311241.0,47a742a7,0.959
1456311241.0,d2c2433a,0.959
1456311241.0,238a9662,0.969
1456311241.0,3168ab53,0.959
1456311241.0,560ee759,0.949
1456311241.0,89d5bd42,0.949
1456311241.0,741f3aab,0.989
1456311241.0,4dc8718a,0.949
1456311241.0,5b1dc219,0.959
1456311241.0,1510f5e1,0.999
1456311241.0,171f6dc3,0.979
1456311241.0,5eb29de6,0.949
1456311241.0,823e96f7,0.959
1456311241.0,70692280,0.979
1456311241.0,702a8264,0.929
1456311241.0,d00be129,0.969
1456311241.0,60d3d6ee,0.939
1456311241.0,5bb89bd2,0.959
1456311241.0,82a2717a,0.969
1456311241.0,16295be3,0.939
1456311241.0,9abcad1c,0.979
1456311241.0,61074f89,0.929
1456311241.0,7dc477e0,0.939
1456311241.0,85711ea4,1.009
1456311241.0,aee35b92,0.929
1456311241.0,26dda5ba,0.949
1456311241.0,37a8af42,0.989
1456311241.0,31d95abd,0.959
1456311241.0,8f6f71cb,0.959
1456311481.0,,1.009
1456311481.0,bf66734b,0.959
1456311481.0,6e1c0c2c,0.999
1456311481.0,39b9a4d8,0.949
1456311481.0,59c2e6d6,0.929
1456311481.0,53bdc202,0.929
1456311481.0,f0d132f4,1.024
1456311481.0,d355e704,0.939
1456311481.0,9e687000,0.949
1456311481.0,e9776f5d,0.949
1456311481.0,716f400f,0.959
1456311481.0,d4bbb0ba,0.919
1456311481.0,7c556e65,0.959
1456311481.0,a75efbf5,0.949
1456311481.0,a6b83ee4,0.959
1456311481.0,354d360a,0.949
1456311481.0,4a4c4dca,0.969
1456311481.0,d531567b,0.949
1456311481.0,460c6eb9,0.949
1456311481.0,afd8c999,0.949
1456311481.0,6894d9e7,0.929
1456311481.0,8175f3cb,0.969
1456311481.0,bb34b27f,0.949
1456311481.0,e76cdeb7,0.939
1456311481.0,ab7cf567,0.939
1456311481.0,c4f355fb,0.949
1456311481.0,71dd6cb9,0.969
1456311481.0,f15b5390,0.939
1456311481.0,c6d2e518,0.949
1456311481.0,7b80d32c,0.959
1456311481.0,0f456c18,0.979
1456311481.0,2d591431,0.919
1456311481.0,3855d1bc,0.979
1456311481.0,8a2d62ff,0.939
1456311481.0,87531960,0.949
1456311481.0,8a9d0035,0.979
1456311481.0,6fb67f4c,0.939
1456311481.0,c060503d,0.979
1456311481.0,06c32dfe,0.999
1456311481.0,190c7dc9,0.969
1456311481.0,2410740f,0.939
1456311481.0,2a00611c,0.949
1456311481.0,acb93b88,0.999
1456311481.0,292cfe23,0.959
1456311481.0,302b9338,0.959
1456311481.0,80835ea0,0.969
1456311481.0,5550eba8,0.939
1456311481.0,d991f8d3,0.939
1456311481.0,1e9c1caa,0.959
1456311481.0,ac4f6a54,0.929
1456311481.0,5f3ccc40,0.959
1456311481.0,228b1c39,0.959
1456311481.0,eca6ad54,0.949
1456311481.0,ac828437,0.969
1456311481.0,d17204b8,0.979
1456311481.0,dd1126e0,0.979
1456311481.0,b2c67780,0.989
1456311481.0,60399455,0.949
1456311481.0,01decbb4,0.979
1456311481.0,76b80c65,0.979
1456311481.0,c952f3ae,0.969
1456311481.0,89376981,0.949
1456311481.0,c1c31623,0.959
1456311481.0,572bb7e5,0.949
1456311481.0,008b0fac,0.989
1456311481.0,daa4d1d7,0.969
1456311481.0,93da27ed,0.949
1456311481.0,696e88f4,0.939
1456311481.0,6a8da366,0.949
1456311481.0,f1a2379b,0.938
1456311481.0,55c2b2eb,0.959
1456311481.0,19625574,0.999
1456311481.0,0622b5eb,0.959
1456311481.0,7e01bac4,0.999
1456311481.0,603c4e8c,0.979
1456311481.0,6938babb,0.979
1456311481.0,2c58ecc7,0.939
1456311481.0,f3608951,0.949
1456311481.0,5a8fcce2,0.959
1456311481.0,9fad7fea,0.959
1456311481.0,75cdd5eb,0.959
1456311481.0,5b7092cb,0.959
1456311481.0,84cd3ae4,0.989
1456311481.0,ac54aab9,0.979
1456311481.0,b90ce0f4,0.979
1456311481.0,9baa546c,0.959
1456311481.0,59bf4a11,0.909
1456311481.0,a55049e5,0.959
1456311481.0,84b346b1,0.959
1456311481.0,5a5b83e5,0.969
1456311481.0,85e51241,0.979
1456311481.0,9b358c84,0.939
1456311481.0,da3e3f70,0.949
1456311481.0,982ef9d8,0.939
1456311481.0,27e6396b,0.934
1456311481.0,728dbc4e,0.959
1456311481.0,12d8b2e2,0.969
1456311481.0,63aa7558,0.979
1456311481.0,af622e10,0.949
1456311481.0,44dd8de5,1.009
1456311481.0,9c044e4f,0.989
1456311481.0,b09942f7,0.999
1456311481.0,64e138c3,0.969
1456311481.0,d39098c4,1.009
1456311481.0,1d86aff5,0.979
1456311481.0,8f3896e1,0.959
1456311481.0,,0.949
1456311481.0,7244640d,0.929
1456311481.0,91d2ac21,0.954
1456311481.0,68a4ad40,0.979
1456311481.0,5110d453,0.989
1456311481.0,c515316c,0.939
1456311481.0,8e8fc0d2,0.959
1456311481.0,c56a25e8,0.949
1456311481.0,2f92fadd,0.959
1456311481.0,4204f478,0.949
1456311481.0,d0d137e8,0.959
1456311481.0,deadb46b,0.999
1456311481.0,a825b9fa,0.949
1456311481.0,118d4934,0.999
1456311481.0,b95b2152,0.969
1456311481.0,df1d2009,0.979
1456311481.0,db56e2a2,0.979
1456311481.0,1d223722,1.009
1456311481.0,073f010e,0.979
1456311481.0,9bf2ca69,0.989
1456311481.0,64542f0d,0.969
1456311481.0,ed417fe5,0.939
1456311481.0,316a2f5b,0.969
1456311481.0,0c1d9c42,0.979
1456311481.0,466bb8f2,0.969
1456311481.0,c6a133a0,0.969
1456311481.0,e5b18dec,0.929
1456311481.0,5318f3a8,0.989
1456311481.0,41d7fd8c,0.919
1456311481.0,0e6a4b4f,0.989
1456311481.0,88113d35,0.959
1456311481.0,fea3781d,0.949
1456311481.0,b42f77df,0.939
1456311481.0,9830928e,0.979
1456311481.0,d478cbe7,0.979
1456311481.0,0d9f89b8,0.959
1456311481.0,9f28cd19,0.949
1456311481.0,e3b8e203,0.919
1456311481.0,b615461b,0.939
1456311481.0,193a59df,0.969
1456311481.0,,0.949
1456311481.0,65d0c0de,0.979
1456311481.0,9ae1a88f,0.969
1456311481.0,d04dc22d,0.979
1456311481.0,b4618121,0.959
1456311481.0,b54a85b1,0.929
1456311481.0,f8ebbae1,0.959
1456311481.0,,0.959
1456311481.0,29291727,0.959
1456311481.0,4917f7ee,0.959
1456311481.0,410ba324,0.929
1456311481.0,82198727,0.949
1456311481.0,c9d1727e,0.959
1456311481.0,5e1a19db,0.929
1456311481.0,6866a590,0.929
1456311481.0,bd1e659d,0.969
1456311481.0,32bf0348,0.949
1456311481.0,f479c8f0,0.959
1456311481.0,901b3dc2,1.009
1456311481.0,c33f8f41,0.979
1456311481.0,ef0bc256,0.939
1456311481.0,9612e9a3,0.969
1456311481.0,026ce3d1,0.979
1456311481.0,661c5630,0.969
1456311481.0,9dca124a,0.919
1456311481.0,0ee1a63f,0.969
1456311481.0,1c370637,0.969
1456311481.0,58419a90,0.969
1456311481.0,acf2a6b8,0.949
1456311481.0,6d978c2b,0.969
1456311481.0,,0.949
1456311481.0,b75272ba,0.959
1456311481.0,f141ff6e,0.949
1456311481.0,1f23d8f2,0.969
1456311481.0,9dce1619,0.959
1456311481.0,689197d2,0.939
1456311481.0,7f6effac,0.949
1456311481.0,dd2ff1a4,0.989
1456311481.0,e537497e,0.929
1456311481.0,6b90433e,0.999
1456311481.0,5d1b2141,0.979
1456311481.0,776ee4f1,0.949
1456311481.0,73b32664,0.949
1456311481.0,6d24e5fe,0.969
1456311481.0,520a4a19,0.959
1456311481.0,76e85116,0.939
1456311481.0,9b0b4894,0.939
1456311481.0,68e5bc6e,0.939
1456311481.0,91f136df,0.939
1456311481.0,54ba3e2f,0.924
1456311481.0,99bcd97c,0.939
1456311481.0,2f20611a,0.949
1456311481.0,8b5242d3,0.969
1456311481.0,148c8e58,0.939
1456311481.0,6f11a226,0.949
1456311481.0,b67ae9fe,0.949
1456311481.0,8642884a,0.979
1456311481.0,5d8781bf,0.949
1456311481.0,21ab2968,0.989
1456311481.0,c7b29cc5,0.979
1456311481.0,67ba0742,0.959
1456311481.0,e335e0bc,0.939
1456311481.0,563059fb,0.959
1456311481.0,ce45fa96,0.939
1456311481.0,8cfcff71,0.929
1456311481.0,c9c1fe89,0.939
1456311481.0,3f9db299,0.979
1456311481.0,c699c115,0.979
1456311481.0,5082e3d6,0.979
1456311481.0,5dd1bb39,0.964
1456311481.0,5ba0908f,0.979
1456311481.0,fe21fda2,0.969
1456311481.0,b721ae36,0.959
1456311481.0,0b2dae68,0.919
1456311481.0,3e13dc7c,0.949
1456311481.0,210ec430,0.959
1456311481.0,af12e3b6,0.999
1456311481.0,0df7c170,0.929
1456311481.0,95a26ce2,0.929
1456311481.0,db68109c,0.959
1456311481.0,1ce7b691,0.929
1456311481.0,fce7ca5c,0.959
1456311481.0,6f59ab1a,0.964
1456311481.0,49644a9b,0.979
1456311481.0,c0e7740b,0.974
1456311481.0,98624c5c,0.979
1456311481.0,6d8d97a4,0.949
1456311481.0,8c0782e7,0.949
1456311481.0,91757ae2,0.919
1456311481.0,476fa607,0.949
1456311481.0,7c6725e1,0.959
1456311481.0,74903af4,0.929
1456311481.0,c7d7314f,0.999
1456311481.0,e8ebd286,0.969
1456311481.0,8020e532,0.959
1456311481.0,d3db6e64,0.979
1456311481.0,73025102,0.969
1456311481.0,83b18a20,0.939
1456311481.0,2d3b0c15,0.959
1456311481.0,54fc2b4c,0.959
1456311481.0,316fd7de,0.929
1456311481.0,48b393b2,0.969
1456311481.0,0e7a54cf,0.939
1456311481.0,8792c041,0.969
1456311481.0,b0dc334c,0.939
1456311481.0,552250d6,0.959
1456311481.0,89c96863,0.979
1456311481.0,64cf2668,0.989
1456311481.0,e58aa567,0.989
1456311481.0,72c6e33b,0.939
1456311481.0,70370c43,0.959
1456311481.0,a2283cb3,1.009
1456311481.0,ff138580,0.959
1456311481.0,2cbd6d3c,0.949
1456311481.0,1bc36219,0.939
1456311481.0,33a8b66f,0.919
1456311481.0,802f8091,0.959
1456311481.0,f37a54f6,0.939
1456311481.0,7af9d9ad,1.009
1456311481.0,bbe091e3,0.929
1456311481.0,5e11d4e5,0.949
1456311481.0,66571899,0.939
1456311481.0,2278471b,0.939
1456311481.0,0a20dd73,0.979
1456311481.0,313314f6,0.969
1456311481.0,,0.939
1456311481.0,,0.969
1456311481.0,88a26674,0.949
1456311481.0,fb2e36a4,0.949
1456311481.0,d1d61cfb,0.969
1456311481.0,81529fdc,0.969
1456311481.0,ee1e8107,0.959
1456311481.0,83e564c6,0.999
1456311481.0,544d8f74,0.939
1456311481.0,151efb9f,0.939
1456311481.0,bc5fd80b,0.929
1456311481.0,25d0b512,0.969
1456311481.0,85a2d988,0.949
1456311481.0,3b980bc9,0.979
1456311481.0,dc06e82c,0.999
1456311481.0,3f2e3b3e,0.969
1456311481.0,7b0e8c8c,0.989
1456311481.0,868d1b66,0.939
1456311481.0,6c0b296e,0.989
1456311481.0,f7f4f1c0,0.939
1456311481.0,5c70351c,0.949
1456311481.0,55c0201d,0.939
1456311481.0,ba7cab9b,0.989
1456311481.0,4cb2a111,0.959
1456311481.0,6f6329ff,0.969
1456311481.0,93407b90,0.959
1456311481.0,094e5a20,0.969
1456311481.0,94f69df7,1.019
1456311481.0,3ad4d1ba,0.979
1456311481.0,54aa9266,0.929
1456311481.0,74d77c58,0.964
1456311481.0,8a3aa486,0.979
1456311481.0,1d01b950,0.959
1456311481.0,3b6590c2,0.939
1456311481.0,286eacff,0.979
1456311481.0,422c3409,0.979
1456311481.0,6479b534,0.959
1456311481.0,43ebfdc2,0.949
1456311481.0,60deaffb,0.969
1456311481.0,a7d43dc2,0.949
1456311481.0,2b7cf924,0.959
1456311481.0,1f52483c,0.969
1456311481.0,600fd4b6,0.979
1456311481.0,6f30727c,0.979
1456311481.0,9a4568c6,0.949
1456311481.0,15afd395,0.959
1456311481.0,460a08a3,0.939
1456311481.0,46950b68,0.919
1456311481.0,ef03dcfa,0.969
1456311481.0,a63774ee,0.959
1456311481.0,a4c2cb8d,0.969
1456311481.0,a64e2d63,0.979
1456311481.0,c5f1c80c,0.939
1456311481.0,3c41d6ca,0.949
1456311481.0,c56babf8,0.949
1456311481.0,f060b95e,0.979
1456311481.0,7ed2f8ec,0.939
1456311481.0,c3e10c01,0.989
1456311481.0,68480e7b,0.979
1456311481.0,95ab5a1d,0.939
1456311481.0,27fede19,0.939
1456311481.0,8a0d026c,0.929
1456311481.0,54b81d07,0.939
1456311481.0,a182ab0c,0.979
1456311481.0,e5a3d8f9,0.939
1456311481.0,b8091458,0.969
1456311481.0,ef80a9d5,0.959
1456311481.0,bc3ec897,0.959
1456311481.0,afb05ae2,0.979
1456311481.0,cfbd6d9d,0.959
1456311481.0,95e23a71,0.979
1456311481.0,c88375ec,0.969
1456311481.0,2651ccb9,0.939
1456311481.0,48314cda,0.959
1456311481.0,33d0d5fb,0.939
1456311481.0,62ae11f0,0.959
1456311481.0,5fcd0ac6,0.969
1456311481.0,8c231795,0.939
1456311481.0,322c083e,0.949
1456311481.0,2cf175a8,0.969
1456311481.0,179709d6,0.989
1456311481.0,13037d15,0.949
1456311481.0,564ef774,0.949
1456311481.0,b2a8b4b9,0.929
1456311481.0,27544315,0.949
1456311481.0,eca21f05,0.959
1456311481.0,810ecb7a,0.949
1456311481.0,0a6dec42,0.929
1456311481.0,aa42d9a3,0.969
1456311481.0,f6bf784e,0.959
1456311481.0,02d10a00,0.979
1456311481.0,efc2fc1d,0.929
1456311481.0,dcbbade5,0.949
1456311481.0,4687563d,0.939
1456311481.0,5e575550,0.959
1456311481.0,bcc9307a,0.969
1456311481.0,530cc62e,0.969
1456311481.0,39614aa8,0.939
1456311481.0,bc6a3d8b,0.999
1456311481.0,f7f90554,0.929
1456311481.0,b1450a7d,0.989
1456311481.0,8ff3cfbc,0.999
1456311481.0,2f559315,0.939
1456311481.0,857beb4a,0.949
1456311481.0,b18611aa,0.959
1456311481.0,80267da5,1.039
1456311481.0,731e56e7,0.979
1456311481.0,bdc7131f,0.939
1456311481.0,769eb8e0,0.989
1456311481.0,844296bd,0.979
1456311481.0,b8088ed5,0.999
1456311481.0,bd4bb0e4,0.989
1456311481.0,5c94a7d8,0.959
1456311481.0,1d63d5a1,0.939
1456311481.0,1685cf9c,0.994
1456311481.0,39edd173,0.979
1456311481.0,1e78351c,0.969
1456311481.0,8325fe97,0.959
1456311481.0,d325d8aa,0.939
1456311481.0,943913cb,0.959
1456311481.0,f55f0649,0.959
1456311481.0,cbc2f9db,0.959
1456311481.0,cd09a0d6,0.919
1456311481.0,fa3092ba,0.979
1456311481.0,,0.939
1456311481.0,8b4986e3,0.939
1456311481.0,368b0430,0.949
1456311481.0,7e63be59,0.979
1456311481.0,84839580,0.989
1456311481.0,0c1335db,0.989
1456311481.0,e183f4cf,0.969
1456311481.0,4579a85c,0.969
1456311481.0,be48bbf9,1.009
1456311481.0,6770a660,0.959
1456311481.0,649d4623,0.949
1456311481.0,80d7d85e,0.969
1456311481.0,62704b8a,0.989
1456311481.0,ee2e8a1d,0.959
1456311481.0,48038048,0.989
1456311481.0,ac5fa96a,0.979
1456311481.0,f2ef7300,0.949
1456311481.0,d375e9a2,0.989
1456311481.0,df5c751f,0.989
1456311481.0,d361902b,0.959
1456311481.0,51c7bb55,0.939
1456311481.0,c9333668,0.989
1456311481.0,79d27478,0.959
1456311481.0,7db23301,0.979
1456311481.0,009091bb,0.999
1456311481.0,ae9a3b9d,0.969
1456311481.0,64abbe63,0.949
1456311481.0,95434626,0.989
1456311481.0,f3e6f0ea,0.969
1456311481.0,5921c872,0.939
1456311481.0,054cfa5d,0.959
1456311481.0,e340b28d,0.939
1456311481.0,dca8997b,0.969
1456311481.0,e24d8cab,0.939
1456311481.0,612f96e1,0.969
1456311481.0,f03c398a,0.939
1456311481.0,6204496e,0.979
1456311481.0,e46e4bee,0.949
1456311481.0,c98807b3,0.959
1456311481.0,bb34de9c,0.949
1456311481.0,e8b2cb64,0.949
1456311481.0,82d7fda1,0.949
1456311481.0,e37dd80a,0.959
1456311481.0,13e237c2,0.959
1456311481.0,6232cf12,0.959
1456311481.0,71afb3c0,0.939
1456311481.0,,0.999
1456311481.0,e3f9ebe0,0.959
1456311481.0,,0.959
1456311481.0,,0.959
1456311481.0,c7ec58cd,0.939
1456311481.0,,0.989
1456311481.0,72e91f24,0.939
1456311481.0,98677b5e,0.969
1456311481.0,37bbaa9d,0.939
1456311481.0,f9265ab5,0.949
1456311481.0,388c693e,0.969
1456311481.0,8c04c7d4,0.939
1456311481.0,7ba3471a,0.939
1456311481.0,421a6353,0.939
1456311481.0,6ec42145,0.939
1456311481.0,dacc3a3f,0.939
1456311481.0,1595cde4,0.999
1456311481.0,9e78816a,0.999
1456311481.0,5d5f21ff,0.999
1456311481.0,ea96763b,1.009
1456311481.0,ce43b17e,0.989
1456311481.0,baaf8b05,0.959
1456311481.0,6ad7e90e,0.969
1456311481.0,5ca04097,1.059
1456311481.0,b156c7a5,0.939
1456311481.0,,0.949
1456311481.0,8c6f1d05,0.979
1456311481.0,1e7aac59,0.979
1456311481.0,44daa76b,0.959
1456311481.0,481c090b,0.949
1456311481.0,862d0257,0.959
1456311481.0,c6cff611,0.979
1456311481.0,823f1901,0.949
1456311481.0,9755b499,0.959
1456311481.0,26d49c51,0.939
1456311481.0,19e1cad6,0.989
1456311481.0,eaaeb33a,0.969
1456311481.0,a372d56c,0.929
1456311481.0,b82c12f6,0.908
1456311481.0,974d725c,0.939
1456311481.0,304a6497,0.969
1456311481.0,8405466d,0.949
1456311481.0,c93210c8,0.979
1456311481.0,a5312f3b,0.939
1456311481.0,33fa60b9,0.999
1456311481.0,402dea62,0.959
1456311481.0,ac9a449a,0.969
1456311481.0,f5234ec2,0.939
1456311481.0,50e125b9,0.969
1456311481.0,43396ca7,0.989
1456311481.0,136c3dcd,0.939
1456311481.0,a42108f2,0.979
1456311481.0,cadf0fec,0.959
1456311481.0,,0.979
1456311481.0,eb179375,0.969
1456311481.0,1dad0cef,0.969
1456311481.0,5a271ac1,0.929
1456311481.0,4e37aaef,0.969
1456311481.0,53988e6f,0.979
1456311481.0,5bdf1cdf,0.999
1456311481.0,6842cc4a,0.929
1456311481.0,64171ce8,0.939
1456311481.0,ffeb88c9,1.019
1456311481.0,09d54524,0.949
1456311481.0,f4070bfa,0.989
1456311481.0,186f9d64,0.949
1456311481.0,72054327,0.949
1456311481.0,74b98eac,0.939
1456311481.0,c7cf7e3e,1.009
1456311481.0,0570dbe0,0.909
1456311481.0,6e520560,1.009
1456311481.0,d99ae405,0.989
1456311481.0,3da96054,0.969
1456311481.0,7f6c2062,0.959
1456311481.0,467ac0ec,0.959
1456311481.0,26e8cf72,0.959
1456311481.0,73f7d503,0.929
1456311481.0,8de01e99,0.969
1456311481.0,f8fc52b4,0.949
1456311481.0,bbdcf660,0.959
1456311481.0,26a76357,0.939
1456311481.0,3cdb5b8f,0.979
1456311481.0,576c1f5f,0.979
1456311481.0,1489e7c1,0.929
1456311481.0,990b3bf9,0.939
1456311481.0,86515341,0.959
1456311481.0,3851f5d5,0.939
1456311481.0,bd8bd0ef,0.979
1456311481.0,cf09734d,0.959
1456311481.0,ef21b674,0.939
1456311481.0,58d29ccf,0.919
1456311481.0,f9f836d8,0.999
1456311481.0,838f2221,0.989
1456311481.0,a40495d3,0.929
1456311481.0,6d03a4f8,0.959
1456311481.0,63f74b4d,0.979
1456311481.0,950d79ab,0.959
1456311481.0,c03e39ca,0.939
1456311481.0,b9b3ea8d,0.959
1456311481.0,fd4af1b0,0.989
1456311481.0,7b4a45e6,0.939
1456311481.0,df8d090e,0.919
1456311481.0,3a65963d,0.979
1456311481.0,7fc72456,0.959
1456311481.0,82c54482,0.959
1456311481.0,53635853,0.949
1456311481.0,3306088b,0.979
1456311481.0,4ddf478c,0.959
1456311481.0,68bdb4cb,0.969
1456311481.0,3106c23c,0.979
1456311481.0,7d0753eb,0.939
1456311481.0,08f59b41,0.959
1456311481.0,3e1191fb,0.969
1456311481.0,,0.969
1456311481.0,076da68e,0.939
1456311481.0,9cb727d2,0.949
1456311481.0,f8289047,0.939
1456311481.0,a35401af,0.979
1456311481.0,8a3f89ed,0.989
1456311721.0,2fbb9c5a,0.949
1456311721.0,b208a709,0.964
1456311721.0,93d146a0,0.969
1456311721.0,04ef222e,1.029
1456311721.0,cc6d6eb2,1.039
1456311721.0,2ae20e3b,1.009
1456311721.0,3cce768e,0.999
1456311721.0,3318e0c6,1.029
1456311721.0,ea1e491b,1.049
1456311721.0,42045a7b,0.949
1456311721.0,85dec34a,0.999
1456311721.0,f0d132f4,1.014
1456311721.0,b064c9f5,1.049
1456311721.0,19284bc1,1.009
1456311721.0,d6f30aff,1.039
1456311721.0,3c5b5221,0.989
1456311721.0,609e4eb1,1.039
1456311721.0,583435e5,1.029
1456311721.0,b5404f51,1.079
1456311721.0,87d550b4,1.029
1456311721.0,549a242e,1.019
1456311721.0,4a262cc4,0.999
1456311721.0,6cfd795c,1.009
1456311721.0,ff6209cb,1.029
1456311721.0,464f5c00,1.009
1456311721.0,a4d2bd28,0.989
1456311721.0,d52b5e19,0.999
1456311721.0,911d9371,1.019
1456311721.0,91ebab1c,1.029
1456311721.0,a8c5daba,1.009
1456311721.0,03892e91,1.039
1456311721.0,7cd1d3ec,1.019
1456311721.0,50585854,0.989
1456311721.0,ebeb80cb,0.979
1456311721.0,6d7e72b2,1.039
1456311721.0,23e41d8c,1.009
1456311721.0,a2ab785a,0.989
1456311721.0,4ebf7b5b,0.999
1456311721.0,8c0b2fab,0.999
1456311721.0,f032f387,1.049
1456311721.0,df009d5a,0.989
1456311721.0,6ac0d50f,0.989
1456311721.0,d62b675f,1.009
1456311721.0,286c1902,1.049
1456311721.0,4887bf4e,1.119
1456311721.0,838d5c60,1.009
1456311721.0,815c5703,0.989
1456311721.0,5236886a,0.999
1456311721.0,ebcd22e7,0.939
1456311721.0,acf24033,0.979
1456311721.0,74b270e2,1.009
1456311721.0,cb17fa8d,1.009
1456311721.0,c15538a6,1.069
1456311721.0,1d2b410a,1.019
1456311721.0,483e25f7,1.009
1456311721.0,1febf6ac,0.959
1456311721.0,c5627012,1.069
1456311721.0,09f3e38a,1.029
1456311721.0,6769da06,1.039
1456311721.0,89b4dcbb,1.009
1456311721.0,ba9a540e,1.009
1456311721.0,1ed95260,1.039
1456311721.0,1aa24614,1.029
1456311721.0,054eaec2,0.999
1456311721.0,5eb5db1f,1.069
1456311721.0,cea10ab0,0.999
1456311721.0,b524582e,0.999
1456311721.0,a447b2ea,0.989
1456311721.0,756325f1,0.999
1456311721.0,568f7193,0.999
1456311721.0,b46341ba,1.019
1456311721.0,9f4127f4,1.059
1456311721.0,85d0e643,1.009
1456311721.0,bcaf4920,1.049
1456311721.0,8e2183f6,1.039
1456311721.0,9694fac5,1.039
1456311721.0,d56a4712,1.019
1456311721.0,3f809e45,1.039
1456311721.0,0ed0bca9,1.009
1456311721.0,3f2ba968,0.989
1456311721.0,dad17cc9,0.999
1456311721.0,7c8cc75b,0.989
1456311721.0,c2c059ad,1.029
1456311721.0,e0ca8158,1.029
1456311721.0,3133beb1,0.999
1456311721.0,de115c83,0.999
1456311721.0,87fa15f1,1.019
1456311721.0,186db07d,0.999
1456311721.0,f5d1988d,1.099
1456311721.0,09bc3f2e,1.019
1456311721.0,a23b6ab7,1.019
1456311721.0,7a5a5f94,1.059
1456311721.0,d1cb3372,1.009
1456311721.0,33d56fd4,0.989
1456311721.0,601bbb50,1.059
1456311721.0,ef793ac8,1.029
1456311721.0,80e60cfc,0.989
1456311721.0,c74b9c21,0.989
1456311721.0,e64f148b,1.059
1456311721.0,b48db3d0,1.019
1456311721.0,909782ef,1.069
1456311721.0,1a2a17d8,0.989
1456311721.0,2181a96b,0.999
1456311721.0,8bf505c8,0.979
1456311721.0,4015542f,1.019
1456311721.0,ea571d68,0.949
1456311721.0,32167d7b,0.989
1456311721.0,84028c7a,1.039
1456311721.0,9e517882,1.029
1456311721.0,fb553435,1.019
1456311721.0,ca466dce,1.019
1456311721.0,00c44ff5,0.939
1456311721.0,4ffe2958,1.039
1456311721.0,0375f449,0.929
1456311721.0,5f67b593,0.979
1456311721.0,7c0392d5,1.039
1456311721.0,19a4dc27,1.009
1456311721.0,7787058a,1.029
1456311721.0,74767a2c,1.009
1456311721.0,26e44f69,1.039
1456311721.0,1489c235,1.079
1456311721.0,78e71612,1.019
1456311721.0,4aaa267e,0.989
1456311721.0,5ce9d453,0.979
1456311721.0,db49e9d2,1.009
1456311721.0,09aa1a8b,1.039
1456311721.0,ff49d861,1.039
1456311721.0,630f5fa3,1.009
1456311721.0,384c3465,1.049
1456311721.0,f889436a,1.009
1456311721.0,06f8b9dc,1.019
1456311721.0,0feab2d6,1.029
1456311721.0,baf6a6cd,0.989
1456311721.0,e32371df,1.039
1456311721.0,09576ba9,1.009
1456311721.0,255a4603,0.999
1456311721.0,49230def,1.069
1456311721.0,f754cf3e,0.999
1456311721.0,697d8735,1.009
1456311721.0,ddaef23c,1.009
1456311721.0,22e23737,1.049
1456311721.0,2a7a2a42,1.049
1456311721.0,9a0afbbb,0.919
1456311721.0,8b42f488,1.039
1456311721.0,bf4ccf7b,1.039
1456311721.0,340e9b8b,1.029
1456311721.0,1027f7e1,0.999
1456311721.0,0d9ac59b,0.989
1456311721.0,518317d2,1.049
1456311721.0,,1.039
1456311721.0,c9b6490b,1.039
1456311721.0,5597ee18,0.989
1456311721.0,3aecb034,1.009
1456311721.0,ef9d6356,1.009
1456311721.0,20d94201,0.949
1456311721.0,7a8bfc02,1.029
1456311721.0,43bfc6b5,1.029
1456311721.0,61817e2c,0.989
1456311721.0,0a1259e1,1.029
1456311721.0,bdd895df,1.029
1456311721.0,b9cf4218,0.999
1456311721.0,6ecefdf4,1.059
1456311721.0,84705f45,1.039
1456311721.0,7b9e88e2,1.039
1456311721.0,77dec945,1.039
1456311721.0,58e3ecab,1.019
1456311721.0,7771824e,0.979
1456311721.0,24a41128,1.009
1456311721.0,bd52c7bf,0.989
1456311721.0,03c6bccb,1.009
1456311721.0,02f94ae2,1.029
1456311721.0,d2f10be7,1.009
1456311721.0,b60e1ffb,1.039
1456311721.0,2917587e,0.989
1456311721.0,73ae4422,1.039
1456311721.0,1262b7a3,1.009
1456311721.0,de1ded73,1.029
1456311721.0,fe18c405,1.029
1456311721.0,655c57b5,0.979
1456311721.0,06958edb,1.049
1456311721.0,c65f2d75,1.019
1456311721.0,b5464430,1.019
1456311721.0,4f0a94f9,0.979
1456311721.0,fcf48a23,0.949
1456311721.0,7387def2,0.989
1456311721.0,f785fb75,1.019
1456311721.0,deb8505f,0.999
1456311721.0,b86ca5b3,0.989
1456311721.0,edcf5ae9,1.019
1456311721.0,5ef22064,1.039
1456311721.0,,1.009
1456311721.0,b3a02a90,0.989
1456311721.0,06c6d7b1,0.989
1456311721.0,e33ec07a,1.009
1456311721.0,79957fd7,1.069
1456311721.0,bd9e200b,1.029
1456311721.0,1f6e5e51,1.069
1456311721.0,d5b6651a,0.989
1456311721.0,f6c7ffc6,1.039
1456311721.0,dd52b873,1.049
1456311721.0,2629c35e,1.039
1456311721.0,,0.999
1456311721.0,039cdb4d,1.049
1456311721.0,9481f21d,1.019
1456311721.0,f5c448cd,1.009
1456311721.0,272049b7,1.049
1456311721.0,b7bc3e61,1.009
1456311721.0,56207684,0.989
1456311721.0,2228d8bc,1.009
1456311721.0,190a2749,1.009
1456311721.0,24e62803,0.979
1456311721.0,1569342b,1.009
1456311721.0,4764c22b,1.049
1456311721.0,d09811d3,1.029
1456311721.0,2820e4a6,0.979
1456311721.0,332c6cef,1.079
1456311721.0,d93d5579,1.029
1456311721.0,83bbc321,1.009
1456311721.0,0afb21d0,1.029
1456311721.0,cb6f9df2,1.069
1456311721.0,bb3f103e,1.009
1456311721.0,069bf848,0.969
1456311721.0,bbf56463,0.979
1456311721.0,136e5310,1.029
1456311721.0,c6dcc020,0.989
1456311721.0,e03848c6,1.099
1456311721.0,c5f97974,1.079
1456311721.0,7b125f4e,0.989
1456311721.0,786f2950,1.199
1456311721.0,7b51b5c3,1.019
1456311721.0,d7bb7cbb,0.989
1456311721.0,4b229f4e,1.029
1456311721.0,091ee9ad,1.039
1456311721.0,14dfafb1,1.049
1456311721.0,0eaf6606,1.009
1456311721.0,888f3033,0.989
1456311721.0,5087513f,1.049
1456311721.0,61f78d05,0.999
1456311721.0,c232241f,0.989
1456311721.0,d5a86b4b,1.119
1456311721.0,297818d7,1.039
1456311721.0,af8d1232,1.039
1456311721.0,4a2e604f,1.019
1456311721.0,963a5d2e,1.009
1456311721.0,5ecab051,1.039
1456311721.0,3c01d155,1.009
1456311721.0,c3fac240,1.019
1456311721.0,eed6c533,1.029
1456311721.0,9f236f48,1.089
1456311721.0,6a9a24d9,1.029
1456311721.0,d0ecac7c,1.019
1456311721.0,e790ca88,0.939
1456311721.0,971048ac,1.039
1456311721.0,75005b6a,1.029
1456311721.0,ed5d2ad9,0.999
1456311721.0,c3ff1b21,0.989
1456311721.0,249f3b9d,0.989
1456311721.0,493bde6c,1.009
1456311721.0,e1307a34,1.019
1456311721.0,eba73bce,0.999
1456311721.0,265ebd00,1.069
1456311721.0,a271e835,1.039
1456311721.0,0fc08209,0.999
1456311721.0,53db0fe7,1.039
1456311721.0,318fc332,1.009
1456311721.0,f10a7896,1.029
1456311721.0,83cf5969,1.009
1456311721.0,34f8b648,1.029
1456311721.0,8b02d213,0.989
1456311721.0,01117f28,0.979
1456311721.0,ba9bb9e7,1.009
1456311721.0,12f330d3,0.999
1456311721.0,e1c57a67,0.989
1456311721.0,5ce35089,1.009
1456311721.0,4f72fca5,1.039
1456311721.0,515a767d,0.999
1456311721.0,,1.029
1456311721.0,9a8f9943,1.049
1456311721.0,967f436d,1.039
1456311721.0,414229cf,1.039
1456311721.0,,1.039
1456311721.0,b2a7fde4,1.009
1456311721.0,a16c8d86,1.019
1456311721.0,56ce5673,1.009
1456311721.0,902ccc5b,0.999
1456311721.0,baa200b9,1.009
1456311721.0,d55bad5b,0.989
1456311721.0,0943a46e,0.949
1456311721.0,7cd126ee,0.929
1456311721.0,9c49f636,0.999
1456311721.0,7e3ce0ca,0.999
1456311721.0,9278d791,0.989
1456311721.0,dc36cd86,1.009
1456311721.0,c595c849,0.979
1456311721.0,cc6a0aeb,0.999
1456311721.0,ae0b5aa6,0.999
1456311721.0,02f5834c,0.989
1456311721.0,1bd217db,1.149
1456311721.0,2cd4a5d5,0.979
1456311721.0,f4ba9484,1.059
1456311721.0,77a71659,1.049
1456311721.0,c449aa2a,0.959
1456311721.0,e6aa9001,1.039
1456311721.0,a72d491e,0.989
1456311721.0,b1df20da,0.989
1456311721.0,3e081642,0.999
1456311721.0,3870ca4c,1.009
1456311721.0,305c755c,0.989
1456311721.0,65e795cc,0.979
1456311721.0,efacbc65,0.989
1456311721.0,a25aae71,0.979
1456311721.0,ae47fcf2,0.999
1456311721.0,84b4d9e4,1.059
1456311721.0,f6351701,1.019
1456311721.0,e85fcc79,1.049
1456311721.0,1fb105e7,1.059
1456311721.0,5fb581f7,0.989
1456311721.0,63b76619,1.019
1456311721.0,8e4d1e9d,1.029
1456311721.0,bb79fa75,1.009
1456311721.0,a47c6f9f,0.979
1456311721.0,fbd5f329,1.009
1456311721.0,7def65cf,0.999
1456311721.0,ac3c5f1a,1.019
1456311721.0,43b030ef,1.019
1456311721.0,0965f28c,1.059
1456311721.0,139cc5da,1.009
1456311721.0,763d8dd8,1.029
1456311721.0,d3b57fc9,1.009
1456311721.0,84524e63,1.019
1456311721.0,161691b3,1.019
1456311721.0,,1.039
1456311721.0,12077d15,1.029
1456311721.0,05076f05,1.039
1456311721.0,8547b6b8,1.029
1456311721.0,556f2f94,1.069
1456311721.0,2c0b3549,1.029
1456311721.0,7395c363,1.019
1456311721.0,95321d2a,0.979
1456311721.0,a14af66a,0.999
1456311721.0,06f5dad2,1.029
1456311721.0,3e301f60,1.079
1456311721.0,a176d119,0.989
1456311721.0,4d87be41,1.019
1456311721.0,822f88d8,1.039
1456311721.0,86a500f1,1.009
1456311721.0,c7042a91,0.989
1456311721.0,9f8e2486,0.999
1456311721.0,d33634e3,0.979
1456311721.0,eecb0e50,1.019
1456311721.0,,1.039
1456311721.0,7bc75eb5,1.049
1456311721.0,8371a1aa,1.009
1456311721.0,66e25ec6,1.029
1456311721.0,a27aa278,1.049
1456311721.0,e401b629,1.019
1456311721.0,d36374e8,0.999
1456311721.0,8aefbe17,1.039
1456311721.0,d69a14de,0.989
1456311721.0,b21e0b80,1.069
1456311721.0,d161f15f,1.019
1456311721.0,d34c2ebc,0.934
1456311721.0,daf5b359,0.989
1456311721.0,d3913b4a,1.029
1456311721.0,23e9a491,1.029
1456311721.0,a9d61346,0.989
1456311721.0,4a523aab,0.989
1456311721.0,86cc51ec,0.999
1456311721.0,3b11c17c,1.039
1456311721.0,c01a1b5d,1.019
1456311721.0,1276acff,1.079
1456311721.0,3fcb4cf6,0.969
1456311721.0,81e03bde,1.069
1456311721.0,a0b68564,1.039
1456311721.0,a1add909,1.029
1456311721.0,6a686e72,1.009
1456311721.0,8720b933,1.039
1456311721.0,30546742,0.989
1456311721.0,afa8e37d,1.039
1456311721.0,2371f256,1.009
1456311721.0,f6308e2a,1.009
1456311721.0,6c406288,1.009
1456311721.0,55a8333b,1.049
1456311721.0,d0abe7db,1.029
1456311721.0,117e8bca,1.009
1456311721.0,17a062c5,0.989
1456311721.0,3cb139bc,1.039
1456311721.0,1815e4b9,0.989
1456311721.0,12fda0fa,1.069
1456311721.0,e37ae88a,0.999
1456311721.0,ebba1d3e,1.019
1456311721.0,c6463fb6,1.009
1456311721.0,cb4c397b,1.039
1456311721.0,2680f30f,1.009
1456311721.0,19bab6ff,0.989
1456311721.0,8be22ce1,0.989
1456311721.0,1c5ed232,1.009
1456311721.0,6904580a,0.999
1456311721.0,e02ad3ff,1.049
1456311721.0,6670ab73,1.039
1456311721.0,ddce8cd4,0.979
1456311721.0,8e50b796,1.039
1456311721.0,0db4d96c,0.999
1456311721.0,67c4f219,1.079
1456311721.0,9cad2f94,0.969
1456311721.0,,1.009
1456311721.0,22455ce3,1.029
1456311721.0,07f5aeea,0.989
1456311721.0,aaf0a483,1.049
1456311721.0,136065e7,1.039
1456311721.0,c349e5a2,1.039
1456311721.0,b0f0f3c3,1.009
1456311721.0,0f76eceb,1.009
1456311721.0,8dbae4c1,0.959
1456311721.0,c5cb9d46,0.999
1456311721.0,34021125,0.989
1456311721.0,cf6cd137,1.039
1456311721.0,b769a655,0.979
1456311721.0,d6832363,0.999
1456311721.0,8efe111b,1.009
1456311721.0,26dc2927,1.009
1456311721.0,d60a08fc,1.029
1456311721.0,55c76ce6,1.029
1456311721.0,fd3d8f28,0.999
1456311721.0,254d26d3,0.989
1456311721.0,3e1f509e,0.999
1456311721.0,f044b2d1,1.039
1456311721.0,b961310a,1.009
1456311721.0,ce5e8238,1.039
1456311721.0,7a018377,0.979
1456311721.0,577be558,1.019
1456311721.0,7ef38273,0.999
1456311721.0,e2266b20,1.009
1456311721.0,f6746552,0.999
1456311721.0,1ab747ac,0.989
1456311721.0,6f5fb6ba,1.019
1456311721.0,9dab0bd8,1.009
1456311721.0,1b5ef1d1,1.029
1456311721.0,f0e3472f,1.019
1456311721.0,faa85b47,1.019
1456311721.0,43f8de50,1.049
1456311721.0,323627e3,0.989
1456311721.0,be63e7a4,1.059
1456311721.0,4cbd5ec1,1.049
1456311721.0,88ed2626,1.049
1456311721.0,ad7b7c05,1.039
1456311721.0,df3fd5ef,1.039
1456311721.0,14013752,1.069
1456311721.0,c3a864db,1.099
1456311721.0,41618289,1.039
1456311721.0,97c49975,1.019
1456311721.0,dacaa91d,1.019
1456311721.0,5ae69800,1.019
1456311721.0,a77ad37d,1.009
1456311721.0,b3141223,1.049
1456311721.0,a08b0e98,0.989
1456311721.0,6f6a8c9c,0.999
1456311721.0,eccadaa3,1.049
1456311721.0,971ff457,0.989
1456311721.0,722bfb7b,1.029
1456311721.0,e827975b,1.009
1456311721.0,010520ef,0.979
1456311721.0,453bb6b1,1.049
1456311721.0,9c43f621,1.019
1456311721.0,e8c3f262,1.029
1456311721.0,2bd60a02,1.029
1456311721.0,b7502504,1.019
1456311721.0,c28f67a8,0.989
1456311721.0,29f0b62e,0.979
1456311721.0,b8bbf107,0.999
1456311721.0,e1d95425,1.099
1456311721.0,4bc4b71f,0.989
1456311721.0,c6930db9,1.039
1456311721.0,1db561d0,1.049
1456311721.0,9e051c13,1.009
1456311721.0,3c7bc366,1.029
1456311721.0,85a9ebeb,1.049
1456311721.0,06eb0513,1.019
1456311721.0,8feda8b5,1.009
1456311721.0,7d4cb90b,1.019
1456311721.0,4220c4a0,1.019
1456311721.0,9f7d89ff,0.979
1456311721.0,cc6976b2,1.019
1456311721.0,9e990cfe,0.969
1456311721.0,2258db93,1.009
1456311721.0,4f1ec633,1.049
1456311721.0,6e72fd5e,0.969
1456311721.0,4146a204,0.999
1456311721.0,815ef624,1.009
1456311721.0,93b5b301,1.009
1456311721.0,67b9bbe5,0.999
1456311721.0,5ae6dfd2,1.039
1456311721.0,a300968d,1.039
1456311721.0,6aeae29e,1.089
1456311721.0,a618c589,1.029
1456311721.0,0f29b89a,1.029
1456311721.0,6268c2a7,0.989
1456311721.0,d7e428bf,1.029
1456311721.0,095187b4,1.009
1456311721.0,5c2d9a2c,1.059
1456311721.0,2861d5a0,0.989
1456311721.0,7dc32cd3,0.989
1456311721.0,07971b4b,1.049
1456311721.0,2195c038,0.999
1456311721.0,980060a7,1.019
1456311721.0,2ae36ba1,0.979
1456311721.0,64edaf71,1.009
1456311721.0,90004d8a,0.989
1456311721.0,59a378e4,1.009
1456311721.0,1e85a7ee,1.029
1456311721.0,208f7301,1.009
1456311721.0,32c66e9a,0.989
1456311721.0,af468490,1.049
1456311721.0,1388fe07,1.039
1456311721.0,fe0b6fc9,1.059
1456311721.0,d2a9c0a1,1.019
1456311721.0,06594e01,1.009
1456311721.0,e28599f0,1.019
1456311721.0,18ff9945,1.009
1456311721.0,b55aba69,1.019
1456311721.0,8f6a43ef,0.999
1456311721.0,136fdac8,0.999
1456311721.0,ce5f4f85,1.009
1456311721.0,2cb5ba1b,1.009
1456311721.0,8d5a6091,1.039
1456311721.0,88034757,0.989
1456311721.0,97ba0d32,1.039
1456311721.0,3aba7e15,1.019
1456311721.0,0c5920e5,0.929
1456311721.0,6362d058,1.029
1456311721.0,3eb1b356,1.039
1456311721.0,c22091a3,0.999
1456311721.0,e44ceca1,1.149
1456311721.0,fcdeda3e,0.949
1456311721.0,69d23d4e,1.009
1456311721.0,b37f9c11,1.029
1456311721.0,2a4db9c0,1.049
1456311721.0,c4c2ead1,1.039
1456311721.0,,1.009
1456311721.0,3ad50a81,1.029
1456311721.0,f86a6ea1,0.999
1456311721.0,be428e6e,0.989
1456311721.0,a64ec2ce,1.019
1456311721.0,d0fef588,1.029
1456311721.0,85e51241,1.019
1456311721.0,386807be,1.009
1456311721.0,5d832d02,0.989
1456311721.0,f868a6b6,1.029
1456311721.0,35dcdb61,1.029
1456311721.0,354f6a44,1.019
1456311721.0,f8e15df3,1.009
1456311721.0,9300020e,1.009
1456311721.0,89394d4f,0.979
1456311721.0,ed56981f,1.009
1456311721.0,e571ac33,1.039
1456311721.0,c060c224,1.039
1456311721.0,75db1286,1.039
1456311721.0,07709e8f,1.029
1456311721.0,bddf10a7,1.019
1456311721.0,bae5bc24,1.029
1456311721.0,428929ab,1.019
1456311721.0,7a719de4,1.069
1456311721.0,00b1da66,1.009
1456311721.0,ab89240b,0.989
1456311721.0,bca5b114,0.989
1456311721.0,4397d974,1.049
1456311721.0,60a41d4c,1.039
1456311721.0,113d0a42,1.019
1456311721.0,c4d4fdc6,0.979
1456311721.0,3afb0fab,1.049
1456311721.0,7bcf3535,1.029
1456311721.0,7ac5212c,1.029
1456311721.0,9c3caa26,1.019
1456311721.0,43605438,1.039
1456311721.0,7053ce5b,1.059
1456311721.0,6148f9f1,0.989
1456311721.0,df7d4f7c,0.999
1456311721.0,8012958f,0.999
1456311721.0,9bde8003,1.009
1456311721.0,3fa1622b,1.039
1456311721.0,20fa2e02,1.039
1456311721.0,3bbe7509,0.999
1456311721.0,06881b45,1.009
1456311721.0,abea714d,1.099
1456311721.0,ea942936,0.969
1456311721.0,92d99a98,1.029
1456311721.0,b82cdd94,1.069
1456311721.0,075322ca,0.999
1456311721.0,6a19a25a,0.999
1456311721.0,cb98fbad,1.009
1456311721.0,db407393,0.989
1456311721.0,56858967,0.979
1456311721.0,22869ab1,1.039
1456311721.0,78676005,1.009
1456311721.0,9803f589,0.989
1456311721.0,3466d43f,1.039
1456311721.0,159f8b0e,1.029
1456311721.0,1650abb4,1.009
1456311721.0,37034115,1.019
1456311721.0,8f3d810d,1.039
1456311721.0,ce063fd7,1.009
1456311721.0,3285fd04,1.099
1456311721.0,462fde27,1.039
1456311721.0,58d71582,1.039
1456311721.0,fa92cd9b,1.019
1456311721.0,025d09a7,0.979
1456311721.0,10a613d1,1.029
1456311721.0,fb66374e,1.039
1456311721.0,9238f031,0.989
1456311721.0,63616f1f,0.989
1456311721.0,6065d7c5,1.019
1456311721.0,47dc373a,1.029
1456311721.0,192ba8fb,0.989
1456311721.0,b066103f,0.989
1456311721.0,bce781d3,1.069
1456311721.0,108a3669,1.039
1456311721.0,49a12bf4,1.009
1456311721.0,9f1a6e1f,0.989
1456311721.0,76a9774c,1.039
1456311721.0,6f53ff69,1.039
1456311721.0,6f589bf0,0.999
1456311721.0,1e85ec4f,1.059
1456311721.0,69a8b3d2,0.989
1456311721.0,8a0db953,1.019
1456311721.0,f873156d,0.989
1456311721.0,ad949c4b,0.969
1456311721.0,2f0207af,1.049
1456311721.0,be3c20ef,1.039
1456311721.0,0d847386,0.949
1456311721.0,980d97ef,0.999
1456311721.0,c5f0fecb,0.979
1456311721.0,efd8315d,0.989
1456311721.0,45752743,1.039
1456311721.0,aea8331e,1.029
1456311721.0,92a71bb7,1.029
1456311721.0,a990e1a1,1.009
1456311721.0,45d8dea2,1.059
1456311721.0,20772809,1.029
1456311721.0,a1b6608c,1.029
1456311721.0,0f7d325c,0.989
1456311721.0,e7b78fcf,0.999
1456311721.0,851f334c,0.999
1456311721.0,533ac141,0.999
1456311721.0,a3b7ebf8,1.049
1456311721.0,862dbd5b,1.059
1456311721.0,39b9ba7f,1.049
1456311721.0,4da99a4e,0.989
1456311721.0,010c74dd,1.009
1456311721.0,e6c42bec,0.999
1456311721.0,1d3c1b45,1.029
1456311721.0,bc02464b,0.989
1456311721.0,,0.999
1456311721.0,7027d1cc,0.999
1456311721.0,d65d6aba,1.049
1456311721.0,cca00c58,1.009
1456311721.0,f2d58e5e,1.039
1456311721.0,87959c0c,0.979
1456311721.0,d31ca38d,1.029
1456311721.0,d5eb41ec,0.979
1456311721.0,9592640d,1.029
1456311721.0,8eb14afc,1.019
1456311721.0,ab133851,0.969
1456311721.0,9f61347e,0.949
1456311721.0,5b5fec22,1.009
1456311721.0,c198217b,0.989
1456311721.0,be8fa131,1.049
1456311721.0,45b5a310,0.999
1456311721.0,e5a12873,1.019
1456311721.0,3564f546,1.019
1456311721.0,e251ae8a,1.059
1456311721.0,392c6ac7,0.989
1456311721.0,06aae991,0.979
1456311721.0,0346b908,1.009
1456311721.0,ddd69a66,1.039
1456311721.0,930fbc1c,1.039
1456311721.0,49467b62,1.049
1456311721.0,6d44f87b,0.999
1456311721.0,dbce00b6,1.019
1456311721.0,6d0d4e8a,1.029
1456311721.0,02797da2,1.009
1456311721.0,76308147,1.009
1456311721.0,b00dd683,1.039
1456311721.0,d8a919a3,1.009
1456311721.0,3b5be616,1.019
1456311721.0,,1.049
1456311721.0,cc9e6849,1.009
1456311721.0,0a9ae940,1.029
1456311721.0,53f9f79f,1.039
1456311721.0,15a0fe59,0.999
1456311721.0,43b50967,1.039
1456311721.0,b4b8fe99,0.999
1456311721.0,bd469a6d,1.019
1456311721.0,31f5cac5,1.009
1456311721.0,28f0e708,0.999
1456311721.0,d902aea0,1.009
1456311721.0,610a0f34,0.969
1456311721.0,53c6c605,1.039
1456311721.0,a10531f9,0.999
1456311721.0,7d9e71ad,1.019
1456311721.0,afa3da28,1.029
1456311721.0,d0cff5c1,1.049
1456311721.0,efbeec26,1.049
1456311721.0,9fa8d44e,1.009
1456311721.0,ed327e9c,1.039
1456311721.0,55bdc634,1.049
1456311721.0,3cbc3531,1.039
1456311721.0,65964ff0,1.019
1456311721.0,e448c44d,0.989
1456311721.0,0567b4b5,1.039
1456311721.0,fc8981fc,0.989
1456311721.0,6560327b,1.049
1456311721.0,1a441427,0.939
1456311721.0,058f886a,0.999
1456311721.0,21d78be4,0.999
1456311721.0,ef878178,1.019
1456311721.0,08506b59,0.999
1456311721.0,7f4e0339,1.039
1456311721.0,2759b04f,1.149
1456311721.0,21b0fe98,1.029
1456311721.0,4d705805,1.049
1456311721.0,4e4e1a16,1.009
1456311721.0,48a40a0d,1.029
1456311721.0,d63f2c51,0.989
1456311721.0,ace7c36e,1.029
1456311721.0,77bdf3c5,1.059
1456311721.0,4b6d11ce,1.009
1456311721.0,04ba07e6,0.989
1456311721.0,,0.979
1456311721.0,00cf8738,0.999
1456311721.0,7534fa3e,0.989
1456311721.0,9b0605bd,1.009
1456311721.0,0aa181fc,1.009
1456311721.0,a7a5f25b,0.939
1456311721.0,67c2a2b3,0.989
1456311721.0,1cd02c26,1.029
1456311721.0,e01507d6,1.049
1456311721.0,6195bd29,1.009
1456311721.0,deadb46b,1.039
1456311721.0,8a577495,1.019
1456311721.0,d16fca8a,1.039
1456311721.0,174df2ec,1.059
1456311721.0,51fcda8d,0.999
1456311721.0,c00964ae,1.009
1456311721.0,a8085b3d,1.019
1456311721.0,3abee862,1.019
1456311721.0,bb9f0bc7,1.029
1456311721.0,a3a74fcc,1.049
1456311721.0,79c94d83,1.039
1456311721.0,ce204e86,1.029
1456311721.0,fbc6af74,1.009
1456311721.0,99101bcc,1.049
1456311721.0,98d8fb7a,1.029
1456311721.0,23b2b0b7,1.029
1456311721.0,405af975,1.039
1456311721.0,eeb36e25,1.049
1456311721.0,f0dde5e2,1.029
1456311721.0,e7e474b4,1.019
1456311721.0,c6771c57,1.019
1456311721.0,4fee3e6d,1.029
1456311721.0,4778e8a1,1.029
1456311721.0,e878527c,0.989
1456311721.0,16b0be39,0.999
1456311721.0,08a83db9,0.989
1456311721.0,0108f899,0.999
1456311721.0,2c9a2837,1.029
1456311721.0,c92339a1,1.019
1456311721.0,778c7dfa,1.039
1456311721.0,f9dd3c36,1.039
1456311721.0,b6387436,1.009
1456311721.0,209105a0,0.999
1456311721.0,7f79215f,1.009
1456311721.0,668ec837,1.009
1456311721.0,31bc02c2,1.059
1456311721.0,ffaebdb9,0.979
1456311721.0,d596df4f,1.049
1456311721.0,ef61acd1,1.049
1456311721.0,a004fbaa,1.069
1456311721.0,1ef6f99b,1.029
1456311721.0,6d37e962,0.999
1456311721.0,eca8b228,1.019
1456311721.0,c78085b8,1.009
1456311721.0,83cdf5cb,1.029
1456311721.0,81342b13,1.009
1456311721.0,3fd4709d,1.049
1456311721.0,037efd2a,1.099
1456311721.0,28bd26e0,1.029
1456311721.0,5697f128,1.009
1456311721.0,80072a71,1.039
1456311721.0,018136eb,1.019
1456311721.0,f4098695,1.039
1456311721.0,993479c7,1.049
1456311721.0,27f84426,0.979
1456311721.0,bd333cd1,0.989
1456311721.0,92d959c6,1.049
1456311721.0,5aede176,1.009
1456311721.0,0f76854a,0.999
1456311721.0,219ec5d8,0.989
1456311721.0,bdda7ca8,1.009
1456311721.0,ee167171,1.029
1456311721.0,90057d6c,0.999
1456311721.0,966a7f4d,1.049
1456311721.0,fd3cde5f,1.059
1456311721.0,ffa82d76,1.009
1456311721.0,b9331765,1.039
1456311721.0,35e9dc97,1.049
1456311721.0,249a69d6,0.999
1456311721.0,185c6827,1.019
1456311721.0,a8dbe3f9,1.009
1456311721.0,acc17656,0.979
1456311721.0,f1b1a06d,0.999
1456311721.0,27792a3d,0.999
1456311721.0,3dbf1358,1.049
1456311721.0,d0e7222d,1.059
1456311721.0,6881e83e,1.039
1456311721.0,8eef6c32,0.999
1456311721.0,e01a7247,0.999
1456311721.0,11450a74,1.019
1456311721.0,27917288,1.029
1456311721.0,c9b21507,1.009
1456311721.0,e3d91258,1.049
1456311721.0,82fb994b,0.989
1456311721.0,9d49a53b,1.029
1456311721.0,1357de7e,1.019
1456311721.0,6797c38e,1.039
1456311721.0,521b2ae0,1.009
1456311721.0,06dc60dd,1.099
1456311721.0,189a4381,1.029
1456311721.0,4130795c,1.029
1456311721.0,6c7a5ec7,1.029
1456311721.0,959760d1,1.029
1456311721.0,e4653a83,0.979
1456311721.0,bf2623d5,1.029
1456311721.0,d2b9e2a3,0.989
1456311721.0,9cc23390,1.099
1456311721.0,59d94ded,1.049
1456311721.0,6430d951,1.029
1456311721.0,ac1ca792,0.999
1456311721.0,e93a322c,1.049
1456311721.0,c8efbe00,1.059
1456311721.0,3ca3cce3,1.009
1456311721.0,a8b30b85,1.049
1456311721.0,6259b60b,1.029
1456311721.0,811659c7,0.999
1456311721.0,d9e1665f,1.009
1456311721.0,ebd5c64b,1.039
1456311721.0,a07f741f,1.039
1456311721.0,e9edf509,0.999
1456311721.0,8bd77566,1.039
1456311721.0,085661ca,1.009
1456311721.0,b24e03a5,1.019
1456311721.0,261be2f5,1.049
1456311721.0,99c7ace3,1.049
1456311721.0,89756dbc,1.009
1456311721.0,2a57a759,0.999
1456311721.0,51ff7488,1.009
1456311721.0,cb0a8cc8,0.989
1456311721.0,8bf8c324,0.969
1456311721.0,cbb111f4,1.069
1456311721.0,4fbbcd3f,0.989
1456311721.0,26faab3e,1.039
1456311721.0,2890d1fb,1.029
1456311721.0,ba07cf1e,1.039
1456311721.0,f601405f,0.949
1456311721.0,785d1098,1.039
1456311721.0,4586c365,1.029
1456311721.0,1b9cc9e7,1.049
1456311721.0,71d4dca2,1.009
1456311721.0,cf68ef20,1.009
1456311721.0,c66eeb5b,0.999
1456311721.0,d7cf6845,0.989
1456311721.0,08f6024d,1.039
1456311721.0,0b46b912,0.989
1456311721.0,f1894033,0.999
1456311721.0,dc57dd3e,1.029
1456311721.0,8b7a46ae,0.989
1456311721.0,a02bf729,1.009
1456311721.0,abac441c,1.059
1456311721.0,5d78b25e,0.999
1456311721.0,8b0f07ad,1.049
1456311721.0,6aba67c5,0.999
1456311721.0,a332486b,1.009
1456311721.0,b79abfef,1.049
1456311721.0,204c6f01,1.039
1456311721.0,6b69df8f,1.039
1456311721.0,e8ad44f5,1.019
1456311721.0,3047d3f5,1.039
1456311721.0,716b6235,1.029
1456311721.0,102d2e04,1.059
1456311721.0,,1.039
1456311721.0,398f397d,1.029
1456311721.0,dbca9739,1.039
1456311721.0,97738c26,1.029
1456311721.0,08ee2078,1.029
1456311721.0,3796fed2,1.049
1456311721.0,0c379bda,1.059
1456311721.0,be8c65ec,1.049
1456311721.0,8db8c96c,1.019
1456311721.0,f389a9e7,1.029
1456311721.0,990318d3,1.039
1456311721.0,b2a7f637,0.979
1456311721.0,3589a5bc,1.009
1456311721.0,aae85374,1.029
1456311721.0,f84b6775,1.009
1456311721.0,34740e34,1.019
1456311721.0,2168c0a1,1.049
1456311721.0,1da01d32,1.039
1456311721.0,c0bda7a3,0.929
1456311721.0,f1def287,1.009
1456311721.0,cb619856,1.019
1456311721.0,0b069a72,1.019
1456311721.0,0fd8b490,0.989
1456311721.0,fc6311f1,1.049
1456311721.0,4c08fdd1,1.069
1456311721.0,36a53250,1.039
1456311721.0,51885ea3,0.979
1456311721.0,4f2880a9,1.029
1456311721.0,0de2cbad,1.009
1456311721.0,c14319fd,1.009
1456311721.0,4f6c20ab,1.029
1456311721.0,7d15e55f,1.029
1456311721.0,88ae9f44,1.049
1456311721.0,145d5525,0.959
1456311721.0,87f30cbe,1.039
1456311721.0,ee84886f,1.029
1456311721.0,c372d047,0.979
1456311721.0,3dceca88,1.019
1456311721.0,d854b7df,0.989
1456311721.0,8b6fae1c,1.179
1456311721.0,b29751cb,1.019
1456311721.0,4a978308,1.029
1456311721.0,02d3e7aa,0.939
1456311721.0,e8c6402f,1.029
1456311721.0,4517cdd2,1.029
1456311721.0,1b9ef516,1.019
1456311721.0,12ad7001,1.019
1456311721.0,15e431dd,0.999
1456311721.0,21f51b7d,1.039
1456311721.0,cdf636ca,0.999
1456311721.0,,1.039
1456311721.0,e823f51f,1.049
1456311721.0,17f41d4f,0.969
1456311721.0,b8f60770,1.039
1456311721.0,7a74beb2,1.029
1456311721.0,a40a6e44,1.009
1456311721.0,87969b95,0.999
1456311721.0,50cb7778,1.019
1456311721.0,e8b48aba,1.019
1456311721.0,fe9290cc,0.999
1456311721.0,270e05c1,1.019
1456311721.0,97311a78,0.999
1456311721.0,fe905128,0.959
1456311721.0,e57dfb90,1.049
1456311721.0,2ef17053,1.069
1456311721.0,ae9b302a,0.989
1456311721.0,9b77de60,1.129
1456311721.0,f83dda73,1.059
1456311721.0,a5f231ee,1.059
1456311721.0,9653483f,1.069
1456311721.0,d224cc8c,0.999
1456311721.0,47db384b,1.009
1456311721.0,,1.049
1456311721.0,553fb461,1.029
1456311721.0,e1bc26f0,0.999
1456311721.0,9789b717,0.989
1456311721.0,0cae0d02,1.069
1456311721.0,916aaf2f,0.989
1456311721.0,8a3d4726,0.959
1456311721.0,374b5919,0.949
1456311721.0,7bf1b975,1.039
1456311721.0,a448f8aa,1.029
1456311721.0,2f7eea5b,1.049
1456311721.0,,1.039
1456311721.0,0c2b92ac,1.049
1456311721.0,4be880d0,0.999
1456311721.0,e3f71be8,1.009
1456311721.0,1fbcfe52,0.999
1456311721.0,b1ebea76,0.979
1456311721.0,875e84f9,0.979
1456311721.0,048e7fdc,1.049
1456311721.0,12aba19d,1.079
1456311721.0,57636a29,0.989
1456311721.0,687cd7ef,1.029
1456311721.0,414a4374,1.019
1456311721.0,e7ea0c12,1.009
1456311721.0,0f0135ae,1.009
1456311721.0,325a3e8f,1.039
1456311721.0,4c9a5839,1.039
1456311721.0,a4b3856b,1.009
1456311721.0,75a5bed7,1.029
1456311721.0,d7523cd4,1.059
1456311721.0,81be7dbb,0.999
1456311721.0,e20c7066,1.029
1456311721.0,ff894f80,1.049
1456311721.0,aca2d2bc,0.999
1456311721.0,2397e1c5,0.999
1456311721.0,05c01795,0.989
1456311721.0,d07a0e73,0.999
1456311721.0,1c4078e5,1.019
1456311721.0,1a5348cf,1.039
1456311721.0,bf0b9427,1.079
1456311721.0,e88430a3,1.019
1456311721.0,01735f50,0.959
1456311721.0,2d4023ea,1.009
1456311721.0,5aa86555,0.989
1456311721.0,53f24788,1.049
1456311721.0,d8497cfd,1.019
1456311721.0,1223090e,0.969
1456311721.0,b0854990,0.999
1456311721.0,0e14978e,0.989
1456311721.0,a8028e6b,1.059
1456311721.0,bd0953f8,1.009
1456311721.0,d8beccb1,1.059
1456311721.0,ce736f1a,0.989
1456311721.0,5b46611d,1.029
1456311721.0,5ca2e06e,0.979
1456311721.0,d1ad7add,1.019
1456311721.0,f94d8069,0.969
1456311721.0,0d7322ac,1.009
1456311721.0,bd1e7435,1.009
1456311721.0,fc85f4ab,1.019
1456311721.0,ac995a23,1.039
1456311721.0,bbc2b8d4,0.939
1456311721.0,4aa4382f,1.039
1456311721.0,5fe1d57e,1.009
1456311721.0,a9b88996,1.039
1456311721.0,c5208f75,1.029
1456311721.0,e501a8d1,1.029
1456311721.0,612ed46e,1.009
1456311721.0,cd0841fe,1.049
1456311721.0,a6f38b75,1.009
1456311721.0,3b4c70df,0.939
1456311721.0,6e8e3ed0,1.049
1456311721.0,0c2ddab7,1.009
1456311721.0,7abeb499,0.989
1456311721.0,5a0fb607,1.019
1456311721.0,8e5f2dc6,1.039
1456311721.0,7391a07f,1.009
1456311721.0,f006b34b,1.009
1456311721.0,c737cf1c,1.049
1456311721.0,8f922896,1.019
1456311721.0,ac284087,1.019
1456311721.0,1d039583,1.019
1456311721.0,0320429a,1.039
1456311721.0,6551e91d,1.009
1456311721.0,29e73a19,1.039
1456311721.0,98e92f6f,1.069
1456311721.0,71fdd7b4,1.019
1456311721.0,1efc20ca,0.989
1456311721.0,f4af1b17,1.039
1456311721.0,9b1f0c3c,1.009
1456311721.0,396b08fd,0.989
1456311721.0,9d244fa5,1.009
1456311721.0,b24a2efc,1.049
1456311721.0,32399d22,0.979
1456311721.0,f4a6d9ed,1.099
1456311721.0,9d5d8b0d,1.009
1456311721.0,b8c6494d,1.009
1456311721.0,a0622dfc,1.069
1456311721.0,3a316bec,1.009
1456311721.0,b553e369,0.989
1456311721.0,fd92c61e,1.009
1456311721.0,899f46c2,0.939
1456311721.0,227099c3,1.059
1456311721.0,c59ede00,0.989
1456311721.0,2d75151c,1.059
1456311721.0,85f13a6c,0.989
1456311721.0,27b29fcc,0.999
1456311721.0,9140f75b,0.989
1456311721.0,131436f2,0.979
1456311721.0,036e385d,0.989
1456311721.0,c5e5d152,1.049
1456311721.0,4fe003ba,1.049
1456311721.0,d5e3ccf5,1.009
1456311721.0,9520ba7c,0.999
1456311721.0,058b068a,0.989
1456311721.0,685b81fa,1.049
1456311721.0,654abfa9,0.959
1456311721.0,0b91981b,1.019
1456311721.0,95712e33,1.039
1456311721.0,11b5806d,1.049
1456311721.0,aade08a5,1.009
1456311721.0,8d590271,1.019
1456311721.0,4907b9ed,1.099
1456311721.0,cbaf22db,1.009
1456311721.0,09d4eccb,1.009
1456311721.0,e7e4d4a0,1.019
1456311721.0,ca3e36c7,1.029
1456311721.0,3a349054,1.019
1456311721.0,3f0d0273,1.039
1456311721.0,c86f3c0f,1.039
1456311721.0,c8216f55,0.989
1456311721.0,5747e8a7,1.029
1456311721.0,0399244a,1.009
1456311721.0,6d6ba0fc,1.019
1456311721.0,f3a6a0c8,1.029
1456311721.0,40eead28,0.989
1456311721.0,028c59d7,0.999
1456311721.0,1e1599d6,0.989
1456311721.0,b037d703,1.019
1456311721.0,9e6ada8a,1.039
1456311721.0,f903d8b7,1.009
1456311721.0,92667f30,1.029
1456311721.0,80c4f678,1.009
1456311721.0,be6d21fe,1.059
1456311721.0,3b561556,0.999
1456311721.0,0a059049,1.029
1456311721.0,310e041a,1.049
1456311721.0,4c7d9195,1.059
1456311721.0,4b64bcb3,0.989
1456311721.0,719aa84a,1.019
1456311721.0,bcc54274,1.039
1456311721.0,5e2800be,0.999
1456311721.0,5bbe0a9d,1.009
1456311721.0,5bec6b46,1.049
1456311721.0,e946aba1,1.009
1456311721.0,1922bce9,0.979
1456311721.0,26b1d7b1,1.049
1456311721.0,2f3e857f,0.979
1456311721.0,bdd98662,1.239
1456311721.0,c3450ec5,1.029
1456311721.0,3b3b7c54,0.979
1456311721.0,dd14d9c0,1.039
1456311721.0,86e62d91,0.959
1456311721.0,4e5b5da4,1.029
1456311721.0,f5d3bc3a,0.979
1456311721.0,9b7becbc,1.009
1456311721.0,4bf0dfb0,1.049
1456311721.0,b7dc9356,1.019
1456311721.0,86e62d3e,1.079
1456311721.0,0441d227,0.999
1456311721.0,3f710c08,1.059
1456311721.0,e2feb644,1.049
1456311721.0,8215d943,1.099
1456311721.0,f3951d31,1.039
1456311721.0,b998b207,1.029
1456311721.0,79a16c41,1.059
1456311721.0,1398c802,1.009
1456311721.0,2463cb36,1.029
1456311721.0,00a4579d,0.989
1456311721.0,7e67d294,0.989
1456311721.0,f43bc6b9,1.029
1456311721.0,3b59a143,1.039
1456311721.0,61da3eca,1.009
1456311721.0,8cf36275,1.049
1456311721.0,40369596,1.009
1456311721.0,829de252,0.999
1456311721.0,e830fd7a,1.029
1456311721.0,c0b30328,1.029
1456311721.0,e4436253,0.989
1456311721.0,acbfa560,1.009
1456311721.0,9f4969b7,1.029
1456311721.0,39c4abbc,1.009
1456311721.0,103ca42c,1.039
1456311721.0,3d589997,1.019
1456311721.0,910ecd45,0.949
1456311721.0,47c14a5e,1.069
1456311721.0,64fe3583,1.019
1456311721.0,15c74866,1.039
1456311721.0,1a704d84,0.989
1456311721.0,aa1ef023,0.999
1456311721.0,00de5a7b,1.099
1456311721.0,3ff39a76,1.019
1456311721.0,410d90fe,1.039
1456311721.0,2976f46b,1.029
1456311721.0,cf25dcdb,1.039
1456311721.0,7cb1bbc0,1.039
1456311721.0,d20d5219,0.999
1456311721.0,682bb15c,1.039
1456311721.0,98a945b9,0.989
1456311721.0,74f3df02,1.009
1456311721.0,4ac089ef,0.989
1456311721.0,0edfca49,1.039
1456311721.0,b72a502f,0.989
1456311721.0,ab3bff5d,1.049
1456311721.0,317db5c8,1.019
1456311721.0,4d6144cb,1.059
1456311721.0,c2c88ae8,1.019
1456311721.0,9e5f97a3,1.019
1456311721.0,ddefb778,1.049
1456311721.0,249fa6e1,1.009
1456311721.0,2f1bf151,0.979
1456311721.0,bcdd8796,1.009
1456311721.0,a950db45,1.099
1456311721.0,34c26d04,1.049
1456311721.0,fe88606f,1.019
1456311721.0,b9d2597b,0.989
1456311721.0,a4a196e4,1.029
1456311721.0,64d3fea8,1.009
1456311721.0,287b8e5b,0.999
1456311721.0,b5f637aa,1.039
1456311721.0,2bb1e7cb,1.039
1456311721.0,0dc5ec60,1.009
1456311721.0,b6f82f10,0.999
1456311721.0,412e24b5,0.969
1456311721.0,cffd6e1f,1.059
1456311721.0,ce0ea4c3,1.009
1456311721.0,c4ac8df0,1.039
1456311721.0,edd40aaa,1.049
1456311721.0,b159aa41,1.039
1456311721.0,6946f633,1.019
1456311721.0,8b1e2d4f,1.069
1456311721.0,2f7c96af,1.009
1456311721.0,96f06602,1.009
1456311721.0,7fc3def3,1.019
1456311721.0,e87c38cc,1.019
1456311721.0,5f092464,1.029
1456311721.0,b3088432,1.039
1456311721.0,11c55079,0.979
1456311721.0,aaf971e5,1.009
1456311721.0,993df4e5,1.109
1456311721.0,d7932eeb,0.919
1456311721.0,9087534b,1.029
1456311721.0,bebb76d2,0.999
1456311721.0,,0.939
1456311721.0,53680e05,1.029
1456311721.0,86b711fa,0.989
1456311721.0,ca3dd4d1,0.999
1456311721.0,b8b97fc1,0.989
1456311721.0,54b567d4,1.049
1456311721.0,3dbfb213,1.029
1456311721.0,860a70dd,1.039
1456311721.0,ed74a070,1.029
1456311721.0,f6648caf,1.019
1456311721.0,61b974e5,1.039
1456311721.0,98e2efcd,1.009
1456311721.0,235c0c8c,1.029
1456311721.0,e7277618,1.059
1456311721.0,241a49d8,1.019
1456311721.0,2c4dd6f0,1.009
1456311721.0,17003e91,0.999
1456311721.0,a05c9bbf,1.059
1456311721.0,e0fd14c5,0.979
1456311721.0,c32b7c81,0.989
1456311721.0,780114cd,1.009
1456311721.0,806bbb49,0.999
1456311721.0,43a3039d,1.039
1456311721.0,c302d35e,0.979
1456311721.0,8737cde9,1.019
1456311721.0,466c174a,0.999
1456311721.0,b0eedb32,1.049
1456311721.0,78300ca0,0.979
1456311721.0,aa28e876,1.019
1456311721.0,af7120b0,1.099
1456311721.0,14b2ac02,1.029
1456311721.0,332fe278,0.989
1456311721.0,b646a001,1.009
1456311721.0,f7bef751,1.039
1456311721.0,fa88e7e3,1.029
1456311721.0,a09a844e,1.049
1456311721.0,f8d1d2e4,1.019
1456311721.0,4be768df,0.959
1456311721.0,a3b2ea52,0.979
1456311721.0,e527ee65,0.999
1456311721.0,c6388189,0.989
1456311721.0,4d77b026,0.989
1456311721.0,3271e76a,1.029
1456311721.0,b258c197,1.049
1456311721.0,bc38f274,0.989
1456311721.0,096706c3,0.989
1456311721.0,62b199da,1.029
1456311721.0,5a12d25f,1.019
1456311721.0,b7e06233,1.059
1456311721.0,2e4ef56a,0.989
1456311721.0,61d59ee9,1.019
1456311721.0,cb5cc628,0.989
1456311721.0,5f817b41,0.959
1456311721.0,801653fe,1.049
1456311721.0,13de7212,0.989
1456311721.0,9852ddd5,0.959
1456311721.0,1d06a6fd,1.029
1456311721.0,bd5a8e8c,0.989
1456311721.0,fad136e0,0.979
1456311721.0,87d167da,1.019
1456311721.0,ab706620,0.989
1456311721.0,03719a0b,0.959
1456311721.0,626fbfc1,1.029
1456311721.0,4c7f88c9,0.999
1456311721.0,734783d7,1.029
1456311721.0,623f93b8,0.999
1456311721.0,fe2084ca,0.999
1456311721.0,237d6474,1.009
1456311721.0,bb24af7d,0.979
1456311721.0,66691780,0.999
1456311721.0,9dd61d06,0.979
1456311721.0,9a1d105d,1.029
1456311721.0,693441d5,1.029
1456311721.0,badafb9a,0.999
1456311721.0,2eea7b6b,0.989
1456311721.0,fd334dae,0.949
1456311721.0,bbd94150,1.009
1456311721.0,454f4a05,0.989
1456311721.0,afba3b1b,0.989
1456311721.0,fedb2736,0.999
1456311721.0,504da010,0.999
1456311721.0,f6e51b33,1.049
1456311721.0,772cd349,0.979
1456311721.0,42043d80,1.029
1456311721.0,fc8b3633,1.039
1456311721.0,3a2ef803,1.039
1456311721.0,b840a41d,1.029
1456311721.0,3094c3d0,1.109
1456311721.0,9e334e1e,1.029
1456311721.0,37af09a8,1.019
1456311721.0,28f4a8a5,1.019
1456311721.0,f9466962,1.039
1456311721.0,a441d45c,0.979
1456311721.0,acc860ed,0.999
1456311721.0,8abb2725,1.009
1456311721.0,14b98d5e,0.989
1456311721.0,705aeee8,0.969
1456311721.0,e8b13926,0.999
1456311721.0,581713fc,1.019
1456311721.0,7156911f,1.029
1456311721.0,0fdbf750,1.009
1456311721.0,78c4502d,1.029
1456311721.0,edf38f90,0.999
1456311721.0,0fddeb66,1.009
1456311721.0,84953eae,0.999
1456311721.0,225d6797,1.039
1456311721.0,2f808001,1.169
1456311721.0,85c72b71,1.039
1456311721.0,6b90433e,1.039
1456311721.0,ce366998,1.039
1456311721.0,25f73f25,1.009
1456311721.0,c7df902b,1.009
1456311721.0,1880338d,1.019
1456311721.0,67fb9f82,0.959
1456311721.0,e17eccc4,1.059
1456311721.0,72c5857a,1.009
1456311721.0,98acaed1,0.969
1456311721.0,aa75d7c1,1.029
1456311721.0,dfe1b885,1.029
1456311721.0,70be42f6,1.029
1456311721.0,c89b1391,1.019
1456311721.0,7895f019,1.009
1456311721.0,f1ba09c1,0.989
1456311721.0,bdd20cc3,1.009
1456311721.0,fa6ffdb7,1.009
1456311721.0,279f7243,1.029
1456311721.0,224db9ea,0.999
1456311721.0,a4c96d17,1.009
1456311721.0,ad0bf4e5,1.039
1456311721.0,408faf33,0.989
1456311721.0,7d589b96,0.989
1456311721.0,51ff36bc,0.979
1456311721.0,04ca4472,1.059
1456311721.0,073b7de4,1.039
1456311721.0,98c12505,1.009
1456311721.0,45374890,1.029
1456311721.0,b5e413c4,0.999
1456311721.0,b6ef86a2,0.989
1456311721.0,13247f37,0.979
1456311721.0,02e29940,1.059
1456311721.0,fc7209ce,1.029
1456311721.0,cff9e937,1.009
1456311721.0,70bc5eff,0.979
1456311721.0,124fa87c,1.019
1456311721.0,f74c5752,0.979
1456311721.0,3e32f401,0.979
1456311721.0,c43140bc,1.049
1456311721.0,d4b5646a,1.019
1456311721.0,575bb735,1.049
1456311721.0,078ea69e,1.039
1456311721.0,1fcf6368,1.049
1456311721.0,0051e069,1.009
1456311721.0,2d22d73a,1.049
1456311721.0,f6301788,1.009
1456311721.0,d13de972,0.979
1456311721.0,532a5017,0.989
1456311721.0,a37cd3e6,1.019
1456311721.0,39c4efe0,1.009
1456311721.0,0e949251,1.059
1456311721.0,860dceaa,0.999
1456311721.0,030fbae5,1.069
1456311721.0,07656553,1.049
1456311721.0,63ded480,1.009
1456311721.0,5900ebe4,0.979
1456311721.0,5aa76680,0.999
1456311721.0,3ae75c74,1.019
1456311721.0,1b2eb583,1.009
1456311721.0,c3f05449,0.989
1456311721.0,fb86982d,1.009
1456311721.0,00b2809d,0.959
1456311721.0,7674ea9d,0.939
1456311721.0,97f7398e,0.949
1456311721.0,51ebd486,0.939
1456311721.0,6ba205cd,0.929
1456311721.0,6cc0c30a,0.929
1456311721.0,8bbde82e,0.939
1456311721.0,3a3fcab7,0.919
1456311721.0,ac4a6914,0.969
1456311721.0,23728172,0.959
1456311721.0,1d736429,0.939
1456311721.0,185ab0a1,0.949
1456311721.0,5dbdb1ad,0.929
1456311721.0,ecd45a38,0.929
1456311721.0,dc3f469b,0.929
1456311721.0,9ffeb5ed,0.969
1456311721.0,897a7af7,0.969
1456311721.0,55446f74,0.969
1456311721.0,f1ad771b,0.929
1456311721.0,bd03317d,0.939
1456311721.0,c7095984,0.959
1456311721.0,48666ddb,0.919
1456311721.0,3056759f,0.939
1456311721.0,ed221b09,0.949
1456311721.0,,0.949
1456311721.0,38aa9352,0.979
1456311721.0,b2fa05f2,0.949
1456311721.0,ca724a33,0.969
1456311721.0,ab6aed65,0.959
1456311721.0,8ee67957,0.949
1456311721.0,27eb52b2,0.969
1456311721.0,b884bbc1,0.929
1456311721.0,ad1b0b58,0.939
1456311721.0,83c9051f,0.979
1456311721.0,3696709e,0.959
1456311721.0,dc2d8878,0.929
1456311721.0,32e01564,0.969
1456311721.0,857a97e0,0.959
1456311721.0,d137631c,0.949
1456311721.0,dbc1bba3,0.929
1456311721.0,2eccf490,0.919
1456311721.0,96ed6341,0.959
1456311721.0,da84e1ef,0.939
1456311721.0,6c60b697,0.929
1456311721.0,0b790115,0.939
1456311721.0,34e3a079,0.999
1456311721.0,fdb2c58e,0.989
1456311721.0,232a4a6a,1.009
1456311721.0,6499badf,1.039
1456311721.0,8eaac040,1.019
1456311721.0,4683ed0e,1.029
1456311721.0,d7fbc628,0.989
1456311721.0,d7530e7f,1.039
1456311721.0,178c1416,1.019
1456311721.0,1eb0d0e5,1.009
1456311721.0,d8823f4b,0.979
1456311721.0,6d76c77e,1.039
1456311721.0,d9cff4b8,1.049
1456311721.0,5036bf9f,1.049
1456311721.0,77017769,1.039
1456311721.0,0c558324,1.049
1456311721.0,d560f27c,1.039
1456311721.0,78c97f05,1.009
1456311721.0,bd986553,1.049
1456311721.0,cae62627,1.099
1456311721.0,cfdada1d,0.989
1456311721.0,77c7b043,1.039
1456311721.0,a484c61a,1.009
1456311721.0,26dbefc0,1.049
1456311721.0,c64e61d0,0.979
1456311721.0,32ba58a5,1.049
1456311721.0,a8329ca7,1.029
1456311721.0,ee24a3c9,1.009
1456311721.0,7a05b007,0.959
1456311721.0,d9132efc,1.019
1456311721.0,a99fe7eb,0.989
1456311721.0,3a474dd3,1.009
1456311721.0,6805990d,1.039
1456311721.0,48b70727,1.009
1456311721.0,5f32b37f,1.039
1456311721.0,3ca3325c,1.029
1456311721.0,8749442d,1.059
1456311721.0,36728450,1.009
1456311721.0,0a7d02af,1.029
1456311721.0,8469fbc7,1.039
1456311721.0,83c3c3bf,1.049
1456311721.0,fb3a21ef,1.009
1456311721.0,c39273d5,1.019
1456311721.0,afafdf69,0.949
1456311721.0,f8423c6c,1.039
1456311721.0,9d2005fa,0.959
1456311721.0,bc6ea7eb,0.989
1456311721.0,367978ca,1.039
1456311721.0,c9a19301,1.019
1456311721.0,8b3f44b0,1.039
1456311721.0,57610ffb,1.029
1456311721.0,df7589ae,1.019
1456311721.0,70276361,0.979
1456311721.0,9189e6dc,1.009
1456311721.0,a73bef5e,1.009
1456311721.0,23dfefb8,1.009
1456311721.0,a9a62b06,1.039
1456311721.0,5353d90f,1.039
1456311721.0,ee4ab1fa,1.009
1456311721.0,8068124c,1.039
1456311721.0,90c8ee01,1.009
1456311721.0,128ea457,1.029
1456311721.0,74c9e802,0.999
1456311721.0,33fc971c,1.009
1456311721.0,27d37db7,1.009
1456311721.0,544b9eb3,1.009
1456311721.0,bc45bc13,1.099
1456311721.0,eaf89b64,1.029
1456311721.0,851acde1,1.029
1456311721.0,79b68d4c,1.059
1456311721.0,9d3b5cc6,1.009
1456311721.0,d36f6c02,1.009
1456311721.0,8f313f44,1.039
1456311721.0,17651816,1.049
1456311721.0,b6510a87,1.039
1456311721.0,41d32756,1.019
1456311721.0,89255a1b,1.019
1456311721.0,259e7e2b,1.039
1456311721.0,58d78a43,0.989
1456311721.0,5d8781bf,0.989
1456311721.0,c2400430,1.009
1456311721.0,bef54869,0.979
1456311721.0,103696f9,0.999
1456311721.0,80340164,1.029
1456311721.0,622ea82b,1.029
1456311721.0,881e9700,1.009
1456311721.0,f7aa1ff1,0.989
1456311721.0,9822514a,1.009
1456311721.0,c74444b1,1.039
1456311721.0,d4024d48,1.029
1456311721.0,077be4df,1.009
1456311721.0,e47eb76f,0.999
1456311721.0,4e56b21e,0.979
1456311721.0,ccf6a6c3,1.029
1456311721.0,32cdea2d,1.029
1456311721.0,9cb577d8,1.009
1456311721.0,ae03a260,1.029
1456311721.0,57881875,1.019
1456311721.0,3dde29b4,1.009
1456311721.0,4880519d,0.949
1456311721.0,3563be5a,0.989
1456311721.0,0cce0f70,1.009
1456311721.0,74ebac9f,1.019
1456311721.0,fc30928f,1.039
1456311721.0,cd48d6b6,1.019
1456311721.0,bb23fbe2,1.039
1456311721.0,0bf8686a,0.999
1456311721.0,5963169b,1.019
1456311721.0,3781a133,0.999
1456311721.0,b1d87758,0.989
1456311721.0,5d3d8db3,0.989
1456311721.0,28dc9f41,1.029
1456311721.0,78dd6fcc,0.999
1456311721.0,fc1c731b,0.999
1456311721.0,147d3858,1.059
1456311721.0,1c2ecd95,1.069
1456311721.0,35b3e2a2,0.969
1456311721.0,6f8f49f1,0.989
1456311721.0,1f37368c,0.979
1456311721.0,f6e29329,0.989
1456311721.0,769a446c,1.019
1456311721.0,c6ce8e17,0.979
1456311721.0,5991ce93,1.029
1456311721.0,20021fca,1.009
1456311721.0,24c052f2,1.029
1456311721.0,88b90de7,1.049
1456311721.0,18b5f856,1.039
1456311721.0,ed8a5a8a,1.019
1456311721.0,2212e6eb,0.999
1456311721.0,d1dcee78,1.179
1456311721.0,d3d9b662,0.979
1456311721.0,8de146cf,1.039
1456311721.0,9a4aa177,1.029
1456311721.0,0395f025,1.019
1456311721.0,6aa7f92d,1.069
1456311721.0,d9f10362,0.999
1456311721.0,cf4759e8,1.019
1456311721.0,9719805f,1.029
1456311721.0,8aa5540e,1.059
1456311721.0,25a653d4,0.999
1456311721.0,52c8263e,1.069
1456311721.0,de5a8b31,1.049
1456311721.0,aaed4223,1.039
1456311721.0,dcf12c2f,0.999
1456311721.0,99b9ccd3,1.009
1456311721.0,3c3f5bfb,1.029
1456311721.0,9ce4798d,1.029
1456311721.0,5d5ce6c9,0.999
1456311721.0,a1403540,0.989
1456311721.0,a5647053,1.049
1456311721.0,a24a3320,1.059
1456311721.0,f53c5155,1.029
1456311721.0,8ca1f59e,0.999
1456311721.0,285b781f,1.049
1456311721.0,c743acd1,0.989
1456311721.0,d4936377,1.039
1456311721.0,1fce6706,1.009
1456311721.0,794a868c,1.009
1456311721.0,0bc9e7ef,0.929
1456311721.0,d7cd0f44,0.989
1456311721.0,028b67f7,0.979
1456311721.0,fb417046,1.029
1456311721.0,84f19301,0.989
1456311721.0,b30ca48e,0.999
1456311721.0,946a6eb2,1.049
1456311721.0,ae7c1497,1.009
1456311721.0,9121921b,1.029
1456311721.0,2a167286,0.999
1456311721.0,6a39da51,1.039
1456311721.0,9279854d,0.999
1456311721.0,4eea00cc,0.999
1456311721.0,0d721874,1.039
1456311721.0,841961d9,1.029
1456311721.0,33c8c51e,0.989
1456311721.0,51e1327b,0.989
1456311721.0,f93d7536,0.989
1456311721.0,c72ef065,1.029
1456311721.0,5e79f556,0.939
1456311721.0,4a79d3d5,0.969
1456311721.0,344ab5b8,1.029
1456311721.0,24ee36a0,1.009
1456311721.0,60a05f95,0.989
1456311721.0,0bb04dd0,1.039
1456311721.0,3d340b37,1.009
1456311721.0,551bcdc0,1.039
1456311721.0,a6a91c87,1.049
1456311721.0,0e9418e2,1.099
1456311721.0,b39d969e,1.029
1456311721.0,5325ade4,1.009
1456311721.0,97c3022d,1.059
1456311721.0,a0d4181c,1.009
1456311721.0,12967a7f,1.039
1456311721.0,e5e2ac35,1.029
1456311721.0,0fafd241,1.009
1456311721.0,4287c54a,1.059
1456311721.0,42fc2804,1.069
1456311721.0,cacdc0ed,1.029
1456311721.0,457bd3fb,0.989
1456311721.0,782c1225,1.039
1456311721.0,26f4791b,1.009
1456311721.0,5fade9f9,0.989
1456311721.0,cc0830cf,1.009
1456311721.0,06eb2140,1.069
1456311721.0,a6b2a7c9,0.999
1456311721.0,1493c496,1.029
1456311721.0,fac91609,0.999
1456311721.0,0b708f81,1.019
1456311721.0,e0d2c90f,1.049
1456311721.0,5c33525a,0.999
1456311721.0,7294c364,0.999
1456311721.0,34832faa,1.019
1456311721.0,f23e99d0,1.099
1456311721.0,a58775a0,0.989
1456311721.0,5e9aaf1c,1.039
1456311721.0,f8b10f81,1.019
1456311721.0,db462146,1.039
1456311721.0,98e9a25d,1.009
1456311721.0,f625efde,1.059
1456311721.0,48a48e67,0.979
1456311721.0,4769e054,1.019
1456311721.0,09cfdaed,1.039
1456311721.0,67b209f1,1.049
1456311721.0,9ad361ad,1.039
1456311721.0,e5b98666,0.999
1456311721.0,391179ed,1.019
1456311721.0,2725d7d3,0.999
1456311721.0,9256a6d6,1.049
1456311721.0,1098a163,1.039
1456311721.0,0b15fb2a,0.989
1456311721.0,067693f6,0.999
1456311721.0,74ddd640,1.189
1456311721.0,c92bf6e3,0.979
1456311721.0,cfe370d6,1.069
1456311721.0,0eb17bed,1.009
1456311721.0,50cbdca4,1.029
1456311721.0,cd2bd6ee,1.009
1456311721.0,f57077f3,1.049
1456311721.0,33972c60,1.009
1456311721.0,1c239584,1.009
1456311721.0,02917849,1.029
1456311721.0,9cf73813,0.989
1456311721.0,ee57ce17,1.009
1456311721.0,c1fb8330,1.099
1456311721.0,1cf625f0,0.999
1456311721.0,8309ecb0,1.039
1456311721.0,da7aac12,0.999
1456311721.0,9a0d6d83,1.059
1456311721.0,8da197a5,1.009
1456311721.0,9707b24c,1.039
1456311721.0,c7cc37d7,1.069
1456311721.0,6a276ef2,0.989
1456311721.0,30895e60,1.039
1456311721.0,92e96565,1.039
1456311721.0,ae6ec1fd,1.029
1456311721.0,eec8c179,1.039
1456311721.0,39fe3076,1.029
1456311721.0,18175a0a,1.009
1456311721.0,6809dfa8,0.999
1456311721.0,4b7e86ba,1.059
1456311721.0,467c21a8,1.049
1456311721.0,2c0cf8f5,1.039
1456311721.0,cb37d4b9,1.019
1456311721.0,444273fb,1.009
1456311721.0,a063011a,1.029
1456311721.0,56f54684,1.019
1456311721.0,6c8423e1,0.979
1456311721.0,fd19fab6,1.029
1456311721.0,dc080c47,1.029
1456311721.0,9e80ff49,1.049
1456311721.0,bfb7a4d6,1.009
1456311721.0,14af5c6e,1.039
1456311721.0,d91c0f8d,1.049
1456311721.0,8ff83a00,1.009
1456311721.0,fbcad1cd,0.989
1456311721.0,b338177f,0.949
1456311721.0,49783e5a,1.039
1456311721.0,4d19c697,0.969
1456311721.0,9cda0ed4,1.049
1456311721.0,7b2a5f7c,0.989
1456311721.0,76f44572,0.999
1456311721.0,26613c3a,1.019
1456311721.0,baa66b57,1.029
1456311721.0,753356e0,1.059
1456311721.0,f8d0cb27,1.029
1456311721.0,6edd64cb,1.039
1456311721.0,846c2ab2,0.989
1456311721.0,056edfd2,0.999
1456311721.0,17efd51c,1.049
1456311721.0,878510cb,1.009
1456311721.0,,1.039
1456311721.0,586ea323,0.999
1456311721.0,0d37d37b,0.919
1456311721.0,a9fd24ed,1.009
1456311721.0,8b0687ba,1.039
1456311721.0,5aaeb8a3,1.049
1456311721.0,acca0be9,0.939
1456311721.0,059d55c9,0.979
1456311721.0,059fe229,1.099
1456311721.0,c7b90ec6,1.029
1456311721.0,663b1f4b,1.079
1456311721.0,199f5310,0.989
1456311721.0,26f7c61c,0.939
1456311721.0,16a9ef92,1.029
1456311721.0,8cc39ecd,1.049
1456311721.0,a97b419d,0.989
1456311721.0,6cf550c8,1.029
1456311721.0,8c92cd65,0.989
1456311721.0,cea7fb15,1.009
1456311721.0,a253f17e,1.019
1456311721.0,6603174b,1.049
1456311721.0,3c2da6fc,0.999
1456311721.0,97aee551,0.989
1456311721.0,235dd814,1.029
1456311721.0,c9e05214,1.049
1456311721.0,bcce0991,1.019
1456311721.0,fc1fc595,0.999
1456311721.0,0fa96932,0.939
1456311721.0,8c44d237,1.059
1456311721.0,b8ede601,0.979
1456311721.0,f78f34d4,1.049
1456311721.0,cca85b57,1.059
1456311721.0,432f9102,0.999
1456311721.0,8bad9db5,1.019
1456311721.0,e70bbd05,0.989
1456311721.0,64e9b77c,0.999
1456311721.0,34f054d7,1.039
1456311721.0,3e3ac396,1.019
1456311721.0,,1.019
1456311721.0,dc6dee32,1.019
1456311721.0,4abb67a5,1.029
1456311721.0,0088407b,1.049
1456311721.0,727b3a12,1.019
1456311721.0,e8328929,1.019
1456311721.0,3f3da6de,0.979
1456311721.0,83079e85,1.009
1456311721.0,cd36fb24,1.029
1456311721.0,f125a348,1.009
1456311721.0,066bd102,1.019
1456311721.0,db26ca9c,1.029
1456311721.0,363fd593,0.969
1456311721.0,bd5e0804,0.979
1456311721.0,4d2618e5,0.999
1456311721.0,a1eb62eb,1.009
1456311721.0,c1802a5a,1.009
1456311721.0,e9a10aef,1.009
1456311721.0,b546c000,1.039
1456311721.0,971090e7,0.999
1456311721.0,3dbec780,0.989
1456311721.0,936bc3be,1.009
1456311721.0,ec2af182,1.049
1456311721.0,670003ee,1.049
1456311721.0,4f8db0e1,0.989
1456311721.0,094c7293,1.039
1456311721.0,c8df6e1a,0.979
1456311721.0,fee45b54,1.009
1456311721.0,6c6c9588,1.019
1456311721.0,558fc57e,1.069
1456311721.0,92e54876,1.039
1456311721.0,42e838c7,1.009
1456311721.0,861a2709,0.989
1456311721.0,54dcc913,1.019
1456311721.0,d6485ff3,0.979
1456311721.0,32fde081,1.049
1456311721.0,6bf563af,0.999
1456311721.0,ec810259,0.999
1456311721.0,609d7ab5,1.019
1456311721.0,ac6e085e,1.049
1456311721.0,6d017696,1.029
1456311721.0,b2b44530,1.029
1456311721.0,082f2eb7,1.059
1456311721.0,09f8dfad,1.029
1456311721.0,4da65c5a,1.019
1456311721.0,a919a056,0.979
1456311721.0,a5b00954,1.039
1456311721.0,972f9ee7,0.989
1456311721.0,bb0418d7,0.989
1456311721.0,43d5cbaa,0.999
1456311721.0,215d680b,1.049
1456311721.0,4d9daac2,0.999
1456311721.0,ba6f9de2,1.009
1456311721.0,63cbf4ee,1.019
1456311721.0,5d132310,0.949
1456311721.0,54255515,1.039
1456311721.0,3c83ccc5,0.979
1456311721.0,4cd470ad,0.929
1456311721.0,677b887d,1.049
1456311721.0,c3707f0b,1.079
1456311721.0,2c93cd27,1.029
1456311721.0,0a876636,0.989
1456311721.0,5b2750c6,1.069
1456311721.0,a8a8c5b1,1.079
1456311721.0,af07b81f,0.989
1456311721.0,e003a827,1.109
1456311721.0,96c236e7,1.019
1456311721.0,91e45e6a,1.019
1456311721.0,ef1844cf,1.019
1456311721.0,b5ead699,0.999
1456311721.0,682a7b74,0.979
1456311721.0,4d01f5f7,1.039
1456311721.0,de079ca8,0.989
1456311721.0,d0e41b74,0.999
1456311721.0,ff922650,0.999
1456311721.0,100b6cf2,1.009
1456311721.0,868165bf,1.009
1456311721.0,920f6cbb,1.019
1456311721.0,6f27a50f,1.019
1456311721.0,dd4af19d,1.039
1456311721.0,a9050e49,1.019
1456311721.0,365e9221,1.029
1456311721.0,256da341,0.999
1456311721.0,0eba39cf,1.029
1456311721.0,f885a3d3,1.029
1456311721.0,cd5c4fc2,1.029
1456311721.0,cc85d8a3,1.029
1456311721.0,99148d2d,0.999
1456311721.0,cfc3caef,1.029
1456311721.0,a8338c14,0.989
1456311721.0,02516583,0.999
1456311721.0,2397b3e4,1.019
1456311721.0,cb2bffd6,1.009
1456311721.0,0a7394cb,1.069
1456311721.0,7aff909e,1.049
1456311721.0,cac2d933,0.989
1456311721.0,33f1db85,0.999
1456311721.0,0fa50e56,0.999
1456311721.0,30ac5a0c,0.989
1456311721.0,5908f0ae,1.089
1456311721.0,a98772fc,1.009
1456311721.0,b9456e15,1.019
1456311721.0,235541b4,1.019
1456311721.0,7aa8077e,0.999
1456311721.0,8716bc8f,0.989
1456311721.0,,1.009
1456311721.0,f7de9c1d,0.989
1456311721.0,ebecf1c6,1.009
1456311721.0,c4af3f8d,1.039
1456311721.0,5d843d6e,1.029
1456311721.0,e9187171,1.009
1456311721.0,4263f1be,1.039
1456311721.0,b3c78089,1.009
1456311721.0,f645748d,1.009
1456311721.0,0ad1807b,1.049
1456311721.0,14342e98,1.039
1456311721.0,c558dd18,1.049
1456311721.0,d327c1d7,1.059
1456311721.0,08f23eff,0.989
1456311721.0,17c50748,1.049
1456311721.0,31487663,0.999
1456311721.0,54c2232b,1.069
1456311721.0,26e8a3e0,0.999
1456311721.0,f5a51e57,0.989
1456311721.0,d046f0d3,1.009
1456311721.0,effb6af0,1.049
1456311721.0,b706633d,1.009
1456311721.0,e4b56a05,0.989
1456311721.0,04d9d4a8,0.989
1456311721.0,91013e76,1.029
1456311721.0,14e03a1d,1.029
1456311721.0,fca5511b,1.019
1456311721.0,9720bdd7,0.999
1456311721.0,3435fb8d,1.059
1456311721.0,9dc9d249,1.009
1456311721.0,456165e6,0.989
1456311721.0,17bc7e07,0.969
1456311721.0,4fadcb9d,1.019
1456311721.0,f312c960,1.039
1456311721.0,ceea64c5,0.999
1456311721.0,793eb726,1.009
1456311721.0,ed986aff,0.989
1456311721.0,e854b79b,1.039
1456311721.0,,0.989
1456311721.0,96fed1a2,0.999
1456311721.0,52a523f4,1.099
1456311721.0,890c4fe1,1.009
1456311721.0,,0.999
1456311721.0,7ec3390e,0.979
1456311721.0,999cd9a5,0.959
1456311721.0,ae09ed04,0.999
1456311721.0,17a1e834,1.029
1456311721.0,bf6500cb,1.019
1456311721.0,d0465699,0.989
1456311721.0,4056a9ce,0.989
1456311721.0,b99abf38,1.049
1456311721.0,c26a49db,1.039
1456311721.0,c3722176,0.959
1456311721.0,9705cfe5,1.009
1456311721.0,70a38521,1.029
1456311721.0,c1bc16cb,1.029
1456311721.0,a1a54361,1.019
1456311721.0,3da2bd95,1.029
1456311721.0,65aa334d,1.039
1456311721.0,6039b8e3,0.999
1456311721.0,b5d935e1,0.989
1456311721.0,7c246f5c,1.069
1456311721.0,b11dbf11,0.989
1456311721.0,5d0480fc,1.029
1456311721.0,6d10aa30,1.049
1456311721.0,4307435a,0.999
1456311721.0,ccd1f9f2,1.009
1456311721.0,f2a783d7,1.029
1456311721.0,82962945,1.019
1456311721.0,6cf5b38f,1.019
1456311721.0,705ebafa,0.999
1456311721.0,c4c8b56b,0.989
1456311721.0,2df3151b,1.029
1456311721.0,552250d6,0.959
1456311721.0,268d8ff7,1.019
1456311721.0,1c551e1f,0.999
1456311721.0,291c62c4,1.039
1456311721.0,c16682b0,1.029
1456311721.0,d338e293,1.039
1456311721.0,2ead543c,1.069
1456311721.0,8de805ba,0.989
1456311721.0,2ee62167,1.049
1456311721.0,4f2bb69c,1.009
1456311721.0,369b5326,1.019
1456311721.0,0535a64d,1.029
1456311721.0,074c9a19,1.019
1456311721.0,4bd7866e,1.099
1456311721.0,72c22a1e,1.049
1456311721.0,d87d8186,1.009
1456311721.0,64658758,1.039
1456311721.0,e22b9886,1.039
1456311721.0,427f1026,1.019
1456311721.0,fc298e57,1.199
1456311721.0,9443935d,1.029
1456311721.0,46691d06,1.029
1456311721.0,bba7ec32,0.999
1456311721.0,3e7ce5dd,1.029
1456311721.0,ef5fb7f7,0.949
1456311721.0,a40e1f56,1.039
1456311721.0,3c00613f,1.029
1456311721.0,612d4614,0.979
1456311721.0,a35aac09,0.999
1456311721.0,8551d143,1.029
1456311721.0,3bee1311,1.039
1456311721.0,ba0a2255,1.019
1456311721.0,aecb2a58,1.019
1456311721.0,25c5b561,0.989
1456311721.0,a6ffe7e6,1.039
1456311721.0,6bbc54b6,1.039
1456311721.0,aa7e6b7c,0.989
1456311721.0,e4de6238,1.049
1456311721.0,9d4b63bb,1.039
1456311721.0,,1.029
1456311721.0,dc340ac0,0.999
1456311721.0,2e25253e,1.039
1456311721.0,cf27197f,0.989
1456311721.0,20015b2d,1.029
1456311721.0,940dcd62,1.029
1456311721.0,d63e056b,0.999
1456311721.0,03436a85,0.999
1456311721.0,e1df3a0f,0.999
1456311721.0,4604844c,1.039
1456311721.0,eb7b02bd,1.009
1456311721.0,507bacc5,1.019
1456311721.0,affb443e,1.049
1456311721.0,884f8926,1.019
1456311721.0,57caca32,1.029
1456311721.0,25604f87,0.999
1456311721.0,00f37a56,1.029
1456311721.0,5e128c51,1.039
1456311721.0,8d66ca64,0.989
1456311721.0,4d541f34,0.989
1456311721.0,34226dec,0.999
1456311721.0,a43c3b90,1.029
1456311721.0,8e300fb3,0.979
1456311721.0,529f6f9b,1.009
1456311721.0,b5259455,0.969
1456311721.0,01877c6b,0.989
1456311721.0,7b73b743,1.029
1456311721.0,8b3b52bb,1.039
1456311721.0,d811c7b5,1.039
1456311721.0,6727ef58,1.019
1456311721.0,e4ea9e93,1.039
1456311721.0,fb867340,1.029
1456311721.0,e3ed55ca,0.969
1456311721.0,2a762595,1.019
1456311721.0,d8154473,0.999
1456311721.0,79eb6d1c,0.969
1456311721.0,4331b36c,0.999
1456311721.0,49a6b4d3,0.999
1456311721.0,df6b217b,0.989
1456311721.0,8b13f9ae,1.049
1456311721.0,90a8536c,1.009
1456311721.0,bfefaf34,0.939
1456311721.0,37768192,1.019
1456311721.0,b38a715c,0.949
1456311721.0,7bbd97a0,1.009
1456311721.0,a3b115d1,0.939
1456311721.0,c569cea2,0.999
1456311721.0,62d0fb5f,1.039
1456311721.0,cbc79cc7,1.029
1456311721.0,7683a8c0,1.039
1456311721.0,2ed18a58,0.999
1456311721.0,29c7431a,1.009
1456311721.0,68f59abb,0.989
1456311721.0,c0508b12,1.059
1456311721.0,dae657d5,1.039
1456311721.0,72874a88,1.029
1456311721.0,986ab52a,1.019
1456311721.0,3983dfd0,0.999
1456311721.0,0716682f,0.999
1456311721.0,6fb61b09,1.019
1456311721.0,2ee6700c,1.009
1456311721.0,c390d56a,1.039
1456311721.0,dbb755da,1.039
1456311721.0,0e237692,1.019
1456311721.0,41170479,1.019
1456311721.0,7bd23993,0.989
1456311721.0,6256f51b,1.059
1456311721.0,179380b8,0.979
1456311721.0,1168f57c,1.069
1456311721.0,e63c7432,0.999
1456311721.0,f5610fa8,1.039
1456311721.0,d51a9b5e,1.009
1456311721.0,d97d5b77,0.939
1456311721.0,bd925387,0.999
1456311721.0,e38f46f2,1.029
1456311721.0,774ee61f,1.039
1456311721.0,f7a5dd5a,1.039
1456311721.0,c980bb7e,1.029
1456311721.0,61149352,1.029
1456311721.0,3ff7f5f2,1.009
1456311721.0,278329af,0.999
1456311721.0,8051f241,0.949
1456311721.0,e3e4bea8,0.999
1456311721.0,74439aaa,1.019
1456311721.0,ce2cb57e,0.999
1456311721.0,11e04c6a,1.019
1456311721.0,256dd9bf,0.999
1456311721.0,c1dfd045,1.029
1456311721.0,530591a4,0.954
1456311721.0,69b3e99c,1.039
1456311721.0,75b73329,1.059
1456311721.0,ec81af8f,1.039
1456311721.0,5c152248,1.049
1456311721.0,d85e66c0,1.019
1456311721.0,1e734ea9,1.019
1456311721.0,07e15eec,1.009
1456311721.0,e93f71a6,1.029
1456311721.0,88e14741,0.989
1456311721.0,0e752181,1.039
1456311721.0,8845e1a5,1.019
1456311721.0,5282e595,1.019
1456311721.0,13cd1498,1.029
1456311721.0,7fa657a5,1.049
1456311721.0,76e0688e,0.999
1456311721.0,56db8c22,1.019
1456311721.0,c13504fe,1.009
1456311721.0,3232f3f2,1.059
1456311721.0,aaa29d7c,0.969
1456311721.0,6f7da555,1.019
1456311721.0,5ed7343e,1.049
1456311721.0,9fb6a9f8,1.019
1456311721.0,8538f0f5,1.089
1456311721.0,b25b4ab0,1.009
1456311721.0,db1d08fc,1.059
1456311721.0,51266623,1.009
1456311721.0,88a26674,0.989
1456311721.0,f105f24c,0.989
1456311721.0,bf276ef6,0.999
1456311721.0,c5820262,0.959
1456311721.0,c960300b,1.019
1456311721.0,c085267d,1.029
1456311721.0,8f8b3ebe,0.979
1456311721.0,c5d12e92,0.989
1456311721.0,c33ca0b5,0.989
1456311721.0,06865c2e,1.029
1456311721.0,330ca499,1.059
1456311721.0,be03744e,0.989
1456311721.0,2c9d609d,1.049
1456311721.0,55b1a563,0.929
1456311721.0,d4659823,1.009
1456311721.0,2b00ce60,1.059
1456311721.0,da18f772,0.959
1456311721.0,1b2253f6,0.999
1456311721.0,bef29304,0.999
1456311721.0,4ff9d49d,1.029
1456311721.0,242f7b9b,1.039
1456311721.0,e1b4e808,1.009
1456311721.0,a5b2040e,1.029
1456311721.0,c2a87587,1.039
1456311721.0,c0312794,1.019
1456311721.0,c4b99997,0.989
1456311721.0,09f1de85,0.999
1456311721.0,5f71144d,1.009
1456311721.0,6aa3e966,0.999
1456311721.0,918e2883,0.989
1456311721.0,ac8fe45c,0.999
1456311721.0,2b87f664,1.099
1456311721.0,6e1fafd5,0.999
1456311721.0,f56256a9,1.029
1456311721.0,,0.999
1456311721.0,119b03dd,0.979
1456311721.0,e57be742,1.009
1456311721.0,cf4fcc7d,1.049
1456311721.0,e21625af,1.069
1456311721.0,bbbc6ece,1.029
1456311721.0,322b4a46,0.989
1456311721.0,80049eb4,1.059
1456311721.0,7961ef76,1.009
1456311721.0,f268704b,1.139
1456311721.0,9acf7952,0.979
1456311721.0,550acd6a,0.959
1456311721.0,2e852031,1.009
1456311721.0,18547ba1,1.029
1456311721.0,9bb8a377,1.029
1456311721.0,5b0a2fcf,0.979
1456311721.0,c1f62db6,1.029
1456311721.0,300d7670,1.029
1456311721.0,7b424e1c,1.049
1456311721.0,,1.029
1456311721.0,784f069a,1.039
1456311721.0,f22bbd79,0.979
1456311721.0,a55edb00,0.989
1456311721.0,e9c48a65,1.029
1456311721.0,f72a7ec2,0.999
1456311721.0,7858e931,0.989
1456311721.0,ede4801f,1.069
1456311721.0,4514d1c7,0.999
1456311721.0,f2eb270f,0.989
1456311721.0,19447be6,1.009
1456311721.0,0d0f23bd,0.989
1456311721.0,eba7894d,0.989
1456311721.0,9c45c396,0.989
1456311721.0,6c001085,0.919
1456311721.0,7fb54fbf,0.989
1456311721.0,b273d286,1.049
1456311721.0,0c12a1f2,1.029
1456311721.0,a2312d54,1.029
1456311721.0,7776be9f,0.979
1456311721.0,b3d2e1c5,0.989
1456311721.0,e2227d47,1.029
1456311721.0,eb3b36ff,1.009
1456311721.0,6decf6c4,0.999
1456311721.0,356493b9,0.999
1456311721.0,93a15b8e,1.019
1456311721.0,ba2ae41b,1.029
1456311721.0,01b60b00,1.049
1456311721.0,b32694b6,0.959
1456311721.0,8b04f514,1.009
1456311721.0,67b560d4,1.029
1456311721.0,1d76bf20,0.979
1456311721.0,b63aab01,1.039
1456311721.0,b3457bb4,1.039
1456311721.0,b1d84f35,1.049
1456311721.0,6a2035ad,0.999
1456311721.0,59affa92,1.029
1456311721.0,ba77d89e,1.019
1456311721.0,9bea2bd1,1.019
1456311721.0,de567861,1.029
1456311721.0,21358755,1.009
1456311721.0,66e3c96f,0.989
1456311721.0,f48460b9,1.029
1456311721.0,5fc4c82d,1.009
1456311721.0,5629e39c,1.049
1456311721.0,b1eebb11,0.999
1456311721.0,ac0c8eee,1.009
1456311721.0,e35dbbb3,1.009
1456311721.0,082d29ca,1.039
1456311721.0,2fc8ca29,1.049
1456311721.0,f960ce49,1.029
1456311721.0,0e8115b4,1.039
1456311721.0,7c6a2023,1.049
1456311721.0,7b702829,1.029
1456311721.0,f507ce06,1.059
1456311721.0,65600788,1.039
1456311721.0,4baeb9d6,1.009
1456311721.0,d83a98ce,0.949
1456311721.0,cfda167d,0.999
1456311721.0,9a0bacc1,0.989
1456311721.0,1f215746,1.069
1456311721.0,47a5253e,1.029
1456311721.0,2b03c896,1.039
1456311721.0,5928fc5b,1.029
1456311721.0,60ad081f,1.039
1456311721.0,bc723644,1.019
1456311721.0,,0.929
1456311721.0,9a1acee3,0.979
1456311721.0,7e0a1569,1.049
1456311721.0,6ae406fe,0.979
1456311721.0,743ae788,1.099
1456311721.0,cfea1db9,1.009
1456311721.0,ee6a2a3c,0.999
1456311721.0,1e866267,1.049
1456311721.0,200f98db,1.019
1456311721.0,6a2bab6d,1.019
1456311721.0,e25fe2d7,1.009
1456311721.0,1fef1b51,1.019
1456311721.0,38b9ab66,1.039
1456311721.0,988da765,0.999
1456311721.0,4b92e661,1.049
1456311721.0,7d7f9529,0.989
1456311721.0,bf552ee6,0.999
1456311721.0,0243f1d9,1.009
1456311721.0,284b19f5,1.009
1456311721.0,36d6fa9e,1.029
1456311721.0,6b72bc31,1.029
1456311721.0,c1d4eea2,1.039
1456311721.0,efcf22b5,1.069
1456311721.0,0e568db0,1.059
1456311721.0,d8c4e623,1.039
1456311721.0,63763e17,0.999
1456311721.0,f53d423d,1.049
1456311721.0,181dcd43,1.009
1456311721.0,3d5d3cef,0.989
1456311721.0,a472716e,1.029
1456311721.0,b518e445,1.019
1456311721.0,6ea74d6f,0.979
1456311721.0,27536df6,1.069
1456311721.0,c1154259,0.999
1456311721.0,ba7d4f54,0.989
1456311721.0,acd5644c,0.959
1456311721.0,02d133f6,1.049
1456311721.0,6f6329ff,1.009
1456311721.0,004e3e89,1.069
1456311721.0,f559d01a,1.009
1456311721.0,c635730e,1.049
1456311721.0,f2b5514e,1.039
1456311721.0,886129d6,0.999
1456311721.0,71f647de,0.999
1456311721.0,a10d5095,0.999
1456311721.0,2e72931a,1.019
1456311721.0,f39dbcda,1.039
1456311721.0,5e6a8982,1.049
1456311721.0,e8a69269,1.039
1456311721.0,41c3b887,0.989
1456311721.0,a74299cc,0.949
1456311721.0,6eb2a769,0.989
1456311721.0,c97cc7c4,1.059
1456311721.0,f5bd997d,0.989
1456311721.0,d6fe953b,0.989
1456311721.0,f93d41bc,1.019
1456311721.0,2b3ab72c,1.039
1456311721.0,ce714a39,1.059
1456311721.0,423f33ac,1.009
1456311721.0,6f92e401,1.049
1456311721.0,086d076b,1.039
1456311721.0,645a5047,0.989
1456311721.0,6325417f,1.099
1456311721.0,b1bae9b8,0.989
1456311721.0,59c464b8,0.989
1456311721.0,b2a4889d,1.009
1456311721.0,d0445c11,0.989
1456311721.0,ceb2372e,0.999
1456311721.0,5ab833c5,1.019
1456311721.0,22c97836,1.049
1456311721.0,9e3fd3b1,0.979
1456311721.0,b7bd3267,0.979
1456311721.0,15bd4d4c,1.009
1456311721.0,5d693719,1.029
1456311721.0,ebfecca5,0.959
1456311721.0,261381d7,1.049
1456311721.0,9136fc55,0.999
1456311721.0,49c93205,1.039
1456311721.0,9c72ec3a,1.099
1456311721.0,b4b8fb9d,0.989
1456311721.0,fb54832a,1.019
1456311721.0,8fa55c72,1.029
1456311721.0,d24c8b74,0.989
1456311721.0,4110a4d8,1.029
1456311721.0,bbf4ea1f,0.989
1456311721.0,e99b762c,1.029
1456311721.0,abb38991,1.099
1456311721.0,4527646d,0.979
1456311721.0,4817973e,0.989
1456311721.0,77d95702,0.999
1456311721.0,602ec85f,1.019
1456311721.0,c85c34c2,1.019
1456311721.0,b760e17f,1.009
1456311721.0,e6fdbd0c,1.049
1456311721.0,a998716f,0.989
1456311721.0,93d189cf,1.059
1456311721.0,,1.039
1456311721.0,affbe2d3,1.099
1456311721.0,36da90c6,1.029
1456311721.0,307b02ce,0.999
1456311721.0,5fc08dd5,0.989
1456311721.0,94d84ba4,0.999
1456311721.0,f7f36fa4,1.069
1456311721.0,cf451fce,0.989
1456311721.0,7f9596ee,1.049
1456311721.0,45e9feb7,0.989
1456311721.0,d35f6224,1.099
1456311721.0,28932cab,0.989
1456311721.0,1da52020,1.009
1456311721.0,10c41b90,1.029
1456311721.0,19b72b96,1.009
1456311721.0,de5f4ef7,1.039
1456311721.0,ab11cdb9,1.009
1456311721.0,42bfbcca,1.029
1456311721.0,9520e162,1.009
1456311721.0,5cf89d62,1.039
1456311721.0,0e565dc4,1.009
1456311721.0,c4d9fd71,1.059
1456311721.0,921c7c82,1.069
1456311721.0,69e52004,1.039
1456311721.0,850f168b,1.029
1456311721.0,5626cf3c,1.029
1456311721.0,da701b06,1.019
1456311721.0,db4ed6aa,1.049
1456311721.0,d2b45043,1.009
1456311721.0,0061e71a,1.029
1456311721.0,9f816ba2,0.969
1456311721.0,0e9a7f93,1.009
1456311721.0,0cd37e1e,0.979
1456311721.0,e74e26f5,1.019
1456311721.0,c33a7e9f,1.029
1456311721.0,ff19a228,1.029
1456311721.0,8e302603,1.019
1456311721.0,b5d20065,1.019
1456311721.0,fff62873,0.929
1456311721.0,,0.989
1456311721.0,9042df2b,1.009
1456311721.0,7eec6311,0.989
1456311721.0,5f962ce2,1.019
1456311721.0,45c5436a,0.959
1456311721.0,d54da67a,0.979
1456311721.0,66fb48c6,0.999
1456311721.0,d8b005cb,0.959
1456311721.0,58439a69,1.009
1456311721.0,8c6a9ff5,1.019
1456311721.0,1a3b21e0,1.029
1456311721.0,2ef6b1d5,0.989
1456311721.0,805943eb,0.989
1456311721.0,e7b70c57,1.069
1456311721.0,669b7d94,1.019
1456311721.0,b699022b,1.029
1456311721.0,806c0af2,1.009
1456311721.0,9272dad9,1.039
1456311721.0,1d287189,0.989
1456311721.0,3bafbbfc,0.999
1456311721.0,b9b3646f,1.069
1456311721.0,ee2ba444,1.049
1456311721.0,0ddddfa0,0.989
1456311721.0,3920b5a4,1.059
1456311721.0,6d20a7b6,1.029
1456311721.0,ce5281ae,0.999
1456311721.0,2cb80e16,0.999
1456311721.0,5180eda7,1.039
1456311721.0,6282bbac,1.049
1456311721.0,6cd66c40,1.049
1456311721.0,38624de7,0.989
1456311721.0,b42a4f26,0.979
1456311721.0,1249f58e,1.019
1456311721.0,5f9e44dd,1.039
1456311721.0,62e0bf83,1.049
1456311721.0,1b39d7f7,1.009
1456311721.0,40f78b64,1.059
1456311721.0,796a3cec,0.979
1456311721.0,aac612fe,1.009
1456311721.0,2703d1c4,1.029
1456311721.0,b8682312,1.009
1456311721.0,dbdc1743,1.039
1456311721.0,a2459543,1.019
1456311721.0,a8334abd,1.019
1456311721.0,364c49b5,1.039
1456311721.0,5c5e9ece,1.099
1456311721.0,5982a304,1.019
1456311721.0,6a1fadd6,0.979
1456311721.0,f4281f38,0.959
1456311721.0,f14a4629,0.999
1456311721.0,2a2dae94,1.029
1456311721.0,85f4421b,0.979
1456311721.0,543855ac,1.039
1456311721.0,78eacf4a,0.959
1456311721.0,51bb4991,1.009
1456311721.0,ac1a5d1b,0.989
1456311721.0,daae231d,1.019
1456311721.0,b84742db,1.049
1456311721.0,fbb19847,0.999
1456311721.0,23c736d7,0.989
1456311721.0,be34191b,1.049
1456311721.0,476279a4,1.009
1456311721.0,a1c3be4b,0.999
1456311721.0,a4bdfecc,1.009
1456311721.0,a9ad29e3,1.009
1456311721.0,9d74578a,0.999
1456311721.0,1557ee20,1.019
1456311721.0,72567073,0.989
1456311721.0,a302497e,0.999
1456311721.0,a20ae2e0,1.009
1456311721.0,1d513400,1.069
1456311721.0,e068e0ba,1.019
1456311721.0,9867054e,1.009
1456311721.0,94fba20b,0.999
1456311721.0,2ab71a71,1.069
1456311721.0,e3792bc9,1.049
1456311721.0,9e0e4f3e,1.049
1456311721.0,882951be,1.019
1456311721.0,a100fb36,1.049
1456311721.0,4389dbbf,0.999
1456311721.0,f84d3d37,1.059
1456311721.0,4a9b4bb1,0.989
1456311721.0,374e91b4,0.999
1456311721.0,ed56f7ed,0.989
1456311721.0,4bb3c1ba,0.979
1456311721.0,86ef5966,1.049
1456311721.0,1aa38dcc,1.049
1456311721.0,bc8d7f92,0.999
1456311721.0,f0261559,0.989
1456311721.0,6643d108,0.999
1456311721.0,f7fc57ea,1.029
1456311721.0,ffc9d841,1.029
1456311721.0,ebce0132,0.989
1456311721.0,9c1e716a,1.079
1456311721.0,1a68318e,1.029
1456311721.0,8d3023de,1.019
1456311721.0,71afe6ef,1.029
1456311721.0,13f73565,1.019
1456311721.0,d4f50f76,1.059
1456311721.0,4ab13155,1.099
1456311721.0,dfde85fc,1.059
1456311721.0,baef0398,0.999
1456311721.0,e57ad6a0,0.989
1456311721.0,6d3f757f,1.039
1456311721.0,49633dc8,1.009
1456311721.0,16c01a01,1.049
1456311721.0,d88c2313,0.999
1456311721.0,ed23637d,0.989
1456311721.0,a975f508,1.029
1456311721.0,4cd127d6,1.039
1456311721.0,ebb6637d,0.989
1456311721.0,6c260eb8,0.989
1456311721.0,202abd50,0.979
1456311721.0,80e8cb89,1.039
1456311721.0,cc9281aa,0.999
1456311721.0,1087e8a7,1.009
1456311721.0,d78a5a29,0.989
1456311721.0,820ce6ed,1.009
1456311721.0,22521c52,1.009
1456311721.0,a715399f,1.019
1456311721.0,67a88200,0.999
1456311721.0,8fec22b9,1.029
1456311721.0,cdb901b1,0.959
1456311721.0,c360e760,0.959
1456311721.0,150a8031,1.009
1456311721.0,2cd83fd1,1.019
1456311721.0,463dc57b,1.049
1456311721.0,cb409a1c,1.029
1456311721.0,519422ae,0.999
1456311721.0,432fc77d,0.969
1456311721.0,04d2538c,1.029
1456311721.0,32669d3d,1.039
1456311721.0,3ddefb60,1.099
1456311721.0,959e4b35,1.029
1456311721.0,add1235c,1.069
1456311721.0,c2f64bdc,0.999
1456311721.0,38ec146a,0.999
1456311721.0,4067a772,1.009
1456311721.0,acae2da4,0.999
1456311721.0,e3669521,1.029
1456311721.0,da4f51da,1.049
1456311721.0,92a7a6a9,0.989
1456311721.0,990f2a08,1.019
1456311721.0,5048cff6,1.039
1456311721.0,5ef11225,1.049
1456311721.0,f6884200,1.009
1456311721.0,7a630a93,0.989
1456311721.0,0463664c,0.999
1456311721.0,32073d45,1.009
1456311721.0,097d5277,1.029
1456311721.0,cbe160e3,0.989
1456311721.0,4a7395cf,1.009
1456311721.0,4d470b9f,1.029
1456311721.0,,0.939
1456311721.0,aa647893,1.079
1456311721.0,82dfbbfb,1.039
1456311721.0,75ed1160,1.039
1456311721.0,570b52de,1.029
1456311721.0,c88259dc,1.009
1456311721.0,,1.049
1456311721.0,79bfc8e6,1.099
1456311721.0,f5a1aba3,1.159
1456311721.0,6f40a7c4,0.969
1456311721.0,b342eb0d,0.989
1456311721.0,f9f28f31,0.999
1456311721.0,92eb0a93,0.989
1456311721.0,38b019be,0.999
1456311721.0,c3efdbea,1.019
1456311721.0,8fd408b7,0.959
1456311721.0,39c2a91f,0.979
1456311721.0,275898da,1.049
1456311721.0,d3e36a6e,0.939
1456311721.0,987c1347,1.009
1456311721.0,e743f9ea,0.929
1456311721.0,d5a420b3,1.029
1456311721.0,7c91739b,1.039
1456311721.0,5effda31,0.959
1456311721.0,,0.979
1456311721.0,a65b986b,1.079
1456311721.0,257e72cc,1.029
1456311721.0,6499e58a,1.019
1456311721.0,a59df71b,1.029
1456311721.0,8ef380b6,1.029
1456311721.0,f92266c5,1.009
1456311721.0,efb43212,1.029
1456311721.0,a0bdc489,0.959
1456311721.0,06f2f6c0,1.039
1456311721.0,0e367b40,1.009
1456311721.0,ac8e61fe,1.009
1456311721.0,f7b78f12,0.979
1456311721.0,f9512832,1.019
1456311721.0,c0bb7774,1.039
1456311721.0,c3c0fce5,1.009
1456311721.0,09925d9d,1.019
1456311721.0,5aed436b,1.119
1456311721.0,76f75d37,1.039
1456311721.0,ea2476b3,1.039
1456311721.0,efc6fe63,0.959
1456311721.0,d64dcb15,0.999
1456311721.0,17c70718,1.049
1456311721.0,a1456bb3,1.039
1456311721.0,552017b2,1.029
1456311721.0,27d11827,1.069
1456311721.0,fec908f7,1.019
1456311721.0,c36c0090,1.079
1456311721.0,6b00e1be,1.039
1456311721.0,6f988429,0.979
1456311721.0,86b9d04d,0.999
1456311721.0,06e56593,1.039
1456311721.0,5be837d4,1.009
1456311721.0,0f24e30a,1.049
1456311721.0,d717e4c7,1.009
1456311721.0,830e3a6b,1.029
1456311721.0,c9d0b757,0.969
1456311721.0,86ca3bf1,0.999
1456311721.0,1feea3c1,1.039
1456311721.0,9ba26da7,0.989
1456311721.0,d1ac10cc,0.999
1456311721.0,9c59b375,1.039
1456311721.0,ba2fdbe6,0.979
1456311721.0,5b35d3e9,0.969
1456311721.0,01fb21d8,1.029
1456311721.0,5aeee11f,0.989
1456311721.0,ba78050b,0.999
1456311721.0,42d0c2aa,1.049
1456311721.0,835a8691,1.029
1456311721.0,96d89e86,0.989
1456311721.0,a0d61ab8,1.049
1456311721.0,6de5506e,0.939
1456311721.0,69154954,1.099
1456311721.0,d5a11ce9,1.039
1456311721.0,53cfbe4b,1.029
1456311721.0,a2346f9b,1.019
1456311721.0,bc0ae2c6,1.149
1456311721.0,15807244,0.999
1456311721.0,a807ecd5,1.099
1456311721.0,b75d9830,0.989
1456311721.0,345de47d,1.069
1456311721.0,fdc55c51,1.039
1456311721.0,243cd548,1.039
1456311721.0,3f195c1b,1.019
1456311721.0,8cba3640,1.059
1456311721.0,6dc3c176,0.949
1456311721.0,7f03066f,0.989
1456311721.0,2a365ba8,1.009
1456311721.0,332d02ad,0.989
1456311721.0,6bac3115,0.989
1456311721.0,c4395b95,0.989
1456311721.0,dab2adef,0.989
1456311721.0,bb839a02,0.989
1456311721.0,c3606f90,0.989
1456311721.0,7b9e5f97,1.059
1456311721.0,f6eddbb3,0.989
1456311721.0,4c83adf3,1.009
1456311721.0,201b87a9,0.979
1456311721.0,,1.039
1456311721.0,52658688,0.999
1456311721.0,4abbc65e,0.999
1456311721.0,a335cad7,0.989
1456311721.0,553d46ea,1.009
1456311721.0,4a6fab59,1.009
1456311721.0,1708f0d6,0.979
1456311721.0,09c3b83f,1.019
1456311721.0,e80747bb,1.009
1456311721.0,b7b6386b,0.969
1456311721.0,e2a68953,1.009
1456311721.0,cfb1df3e,1.039
1456311721.0,0fe71322,1.019
1456311721.0,fb77e994,1.049
1456311721.0,82130afe,0.979
1456311721.0,7d6631ad,0.989
1456311721.0,57525dc2,0.999
1456311721.0,9d7fe73c,1.019
1456311721.0,66e5052b,1.009
1456311721.0,349ae420,0.989
1456311721.0,8f5cffb0,1.049
1456311721.0,f85e7c2f,1.029
1456311721.0,04543b56,1.019
1456311721.0,b9c86ec7,1.029
1456311721.0,18ecad37,1.039
1456311721.0,11ed7bd3,1.029
1456311721.0,04762b7c,1.049
1456311721.0,35825f4b,1.009
1456311721.0,8bce4624,0.999
1456311721.0,b6f2c106,1.009
1456311721.0,7490aa54,1.029
1456311721.0,fecd7c64,1.019
1456311721.0,cec51495,0.949
1456311721.0,1947b494,0.979
1456311721.0,5a5daf30,1.029
1456311721.0,30176a30,1.029
1456311721.0,ae5d2bb7,1.029
1456311721.0,437a065e,0.959
1456311721.0,830faf16,1.009
1456311721.0,9f41a7c7,1.029
1456311721.0,aa7a4e3a,1.039
1456311721.0,714eaded,0.989
1456311721.0,de0d13cd,1.009
1456311721.0,93b3dc63,1.009
1456311721.0,b9c82901,1.009
1456311721.0,1b1894a9,1.039
1456311721.0,a3fd285b,1.029
1456311721.0,8785401b,0.999
1456311721.0,5a8b0e02,0.999
1456311721.0,b13eb8fa,1.049
1456311721.0,989cb65d,0.999
1456311721.0,9e91033c,0.989
1456311721.0,f59b1222,1.029
1456311721.0,1e13d4f8,0.979
1456311721.0,22fc5ff0,1.079
1456311721.0,,1.009
1456311721.0,a315fcdc,0.989
1456311721.0,708eea9d,1.029
1456311721.0,07404fa2,0.999
1456311721.0,69cf448c,1.049
1456311721.0,f8627d5e,0.979
1456311721.0,a9fbf376,1.059
1456311721.0,ed5d3dbd,0.989
1456311721.0,47196a5d,1.069
1456311721.0,c62b5500,0.959
1456311721.0,9354b0fc,1.009
1456311721.0,16e0fe75,1.079
1456311721.0,e6b1064f,1.009
1456311721.0,1762464c,0.989
1456311721.0,c2b37551,1.029
1456311721.0,14e4cad9,1.029
1456311721.0,e5658344,1.009
1456311721.0,b4f10cda,0.979
1456311721.0,b71fea96,1.039
1456311721.0,b0c0a395,1.039
1456311721.0,1d295295,1.079
1456311721.0,2212e62a,0.959
1456311721.0,53bde5da,1.019
1456311721.0,99e5cb1b,1.069
1456311721.0,a5382b59,1.019
1456311721.0,94be3c52,0.999
1456311721.0,6a1dd3bb,0.989
1456311721.0,70cfddc2,1.029
1456311721.0,6cc0c611,0.979
1456311721.0,d881269d,1.039
1456311721.0,7f2c7280,1.029
1456311721.0,743a840f,0.999
1456311721.0,6e950c4a,1.009
1456311721.0,8e7cb537,1.049
1456311721.0,53d2ed19,1.039
1456311721.0,603bc731,0.989
1456311721.0,1d10714b,1.049
1456311721.0,726fb61b,1.019
1456311721.0,e109622e,0.999
1456311721.0,caf4c5e5,1.019
1456311721.0,86622959,1.039
1456311721.0,ece6b02f,1.019
1456311721.0,9bf3cbf5,1.059
1456311721.0,8e8b8a63,0.979
1456311721.0,9e8d8571,1.009
1456311721.0,15d36622,1.029
1456311721.0,b12d4dc7,0.959
1456311721.0,2b508314,1.029
1456311721.0,0a3bb4b4,0.989
1456311721.0,757ed05d,1.059
1456311721.0,3fa62bf3,1.029
1456311721.0,993296db,1.019
1456311721.0,e600b76d,0.999
1456311721.0,59e71e77,1.029
1456311721.0,0daf2906,0.989
1456311721.0,df727d0c,1.049
1456311721.0,5ec70894,1.009
1456311721.0,2323e5c3,1.009
1456311721.0,378a8437,0.989
1456311721.0,057738a5,0.989
1456311721.0,1553efff,0.999
1456311721.0,ecf85bf9,1.039
1456311721.0,88ebdb6d,1.009
1456311721.0,5cb012ef,1.029
1456311721.0,94d24f55,1.029
1456311721.0,14c7e96d,1.069
1456311721.0,e50cc55b,1.009
1456311721.0,204d8d56,1.019
1456311721.0,2e2669a6,1.029
1456311721.0,80a74921,1.049
1456311721.0,,1.049
1456311721.0,d002e8e7,1.059
1456311721.0,f29cadc1,1.039
1456311721.0,d5d87feb,1.039
1456311721.0,ee9b9dc5,0.999
1456311721.0,13ca0d8f,1.029
1456311721.0,8d8152a0,1.019
1456311721.0,8e68c7c0,1.049
1456311721.0,4f913836,1.009
1456311721.0,4c7d1e42,1.019
1456311721.0,81352631,0.979
1456311721.0,3321fa98,1.009
1456311721.0,3753e98b,0.999
1456311721.0,9010dbc0,0.999
1456311721.0,287fc858,1.009
1456311721.0,1858a39e,1.049
1456311721.0,115ba3fe,1.009
1456311721.0,41d19376,1.009
1456311721.0,8af66ed4,1.009
1456311721.0,c985912f,1.029
1456311721.0,0f245a0f,1.009
1456311721.0,c1d8eb68,1.019
1456311721.0,5f650df4,0.999
1456311721.0,6105a562,1.009
1456311721.0,e60668f4,1.069
1456311721.0,2eeb1496,0.959
1456311721.0,6f8ba6b1,0.999
1456311721.0,48ae79a5,0.989
1456311721.0,fe9c0e02,1.059
1456311721.0,ea7a855b,1.019
1456311721.0,6394ee8c,1.029
1456311721.0,01dd1b6f,1.049
1456311721.0,73df71fc,1.029
1456311721.0,fee47ded,1.029
1456311721.0,47019357,1.009
1456311721.0,1fa4f36e,1.019
1456311721.0,528fe9d2,1.029
1456311721.0,fd045743,1.049
1456311721.0,b1600fca,1.049
1456311721.0,7f8a14da,0.999
1456311721.0,39c2af9c,0.999
1456311721.0,47338686,0.989
1456311721.0,8686166f,1.049
1456311721.0,4986d1aa,0.989
1456311721.0,30da56b7,0.999
1456311721.0,f7f8ab67,0.999
1456311721.0,e1d422e6,1.049
1456311721.0,068a30eb,0.989
1456311721.0,7b709283,1.049
1456311721.0,4ce21f31,0.999
1456311721.0,bf12232f,0.939
1456311721.0,ba35e551,0.959
1456311721.0,559fcfde,1.029
1456311721.0,c1a93b91,0.999
1456311721.0,ab49a3d7,0.939
1456311721.0,a1d24452,0.999
1456311721.0,fbddd358,0.999
1456311721.0,5d25b0e7,0.999
1456311721.0,170a4510,1.039
1456311721.0,55c9b2b2,1.039
1456311721.0,06ac238a,1.019
1456311721.0,5cb6e8a5,1.019
1456311721.0,47f0950d,0.979
1456311721.0,e821cf4d,1.009
1456311721.0,d45b556e,1.019
1456311721.0,fab361d0,1.059
1456311721.0,207c13df,1.029
1456311721.0,48cd0b07,0.999
1456311721.0,efc2fc1d,0.919
1456311721.0,9fbde140,1.039
1456311721.0,71a34e9b,1.039
1456311721.0,8c81c551,1.009
1456311721.0,689f962f,1.019
1456311721.0,272828c5,1.029
1456311721.0,7232ac4c,0.999
1456311721.0,2601854e,0.999
1456311721.0,3fb149fc,0.989
1456311721.0,7433201e,0.999
1456311721.0,190ce429,0.989
1456311721.0,5ea93ccf,1.049
1456311721.0,77690552,1.039
1456311721.0,123a41c8,0.999
1456311721.0,5daf9270,1.019
1456311721.0,89aea340,0.979
1456311721.0,1b97a3ad,0.999
1456311721.0,37350fbc,1.009
1456311721.0,155982b5,1.019
1456311721.0,524ca315,1.009
1456311721.0,8342a4d9,1.039
1456311721.0,ffa36ea0,1.019
1456311721.0,6fec83f8,0.999
1456311721.0,8b79452e,1.039
1456311721.0,2925337f,1.009
1456311721.0,43556abc,1.049
1456311721.0,b25c9e2a,1.019
1456311721.0,4604fb62,1.039
1456311721.0,0683e641,0.989
1456311721.0,5ec2ab05,0.989
1456311721.0,40dc7ae9,1.029
1456311721.0,c611aa66,1.029
1456311721.0,b572b144,0.969
1456311721.0,a0497116,1.039
1456311721.0,d73f85dd,0.979
1456311721.0,0d94f40b,1.019
1456311721.0,bc55dda5,0.999
1456311721.0,9ad11a57,1.009
1456311721.0,147959b5,0.999
1456311721.0,a4deb49e,0.989
1456311721.0,ab22dac4,0.969
1456311721.0,bc6a3d8b,1.039
1456311721.0,874bffae,1.049
1456311721.0,32fa34ed,0.999
1456311721.0,e8770e69,0.969
1456311721.0,1425b025,1.009
1456311721.0,fe599048,1.029
1456311721.0,9171a74f,0.969
1456311721.0,2867337b,1.039
1456311721.0,,1.019
1456311721.0,02bea987,0.989
1456311721.0,15566f60,1.039
1456311721.0,2dca7c1d,1.199
1456311721.0,70a1919d,1.009
1456311721.0,a668a335,1.179
1456311721.0,bcca3d12,1.029
1456311721.0,9da3a4c0,1.029
1456311721.0,15629b2c,1.009
1456311721.0,17475683,1.029
1456311721.0,7390d2d3,1.059
1456311721.0,779b5eda,0.999
1456311721.0,fd921c70,0.999
1456311721.0,07effad4,1.029
1456311721.0,7b5e0499,1.029
1456311721.0,7163665c,1.039
1456311721.0,9c89b79d,1.029
1456311721.0,f8d71c41,1.029
1456311721.0,fa56fc6e,1.009
1456311721.0,e1811d4f,1.029
1456311721.0,5652b1d3,1.009
1456311721.0,358a1773,1.009
1456311721.0,f85abf7d,0.999
1456311721.0,754da3ab,1.059
1456311721.0,a35ffacf,1.009
1456311721.0,0ec71297,0.979
1456311721.0,5fd380ef,1.039
1456311721.0,b14bb16f,0.989
1456311721.0,6514f251,0.999
1456311721.0,d291a6c0,1.039
1456311721.0,5b2284eb,1.039
1456311721.0,084224e7,1.009
1456311721.0,8b3bfbbc,0.989
1456311721.0,895ceaef,0.999
1456311721.0,d2e178a4,1.039
1456311721.0,bc4f26f3,0.999
1456311721.0,2be28aa5,1.049
1456311721.0,99c5c095,1.099
1456311721.0,54151b0d,1.029
1456311721.0,82d9d2c3,1.029
1456311721.0,3bea1c7f,1.069
1456311721.0,b1551833,1.069
1456311721.0,d076e461,1.049
1456311721.0,0c247382,1.049
1456311721.0,85fc0347,1.029
1456311721.0,dddb4fe2,1.009
1456311721.0,897af169,1.079
1456311721.0,51129db6,1.049
1456311721.0,bf80d980,1.019
1456311721.0,f1bb9540,1.049
1456311721.0,f56cecf3,1.029
1456311721.0,1464ac8a,0.989
1456311721.0,0b7da931,1.009
1456311721.0,a1a059cc,1.029
1456311721.0,dd7c2cef,1.019
1456311721.0,f91506c7,1.049
1456311721.0,4e8aa2e9,1.039
1456311721.0,abba0a2d,1.029
1456311721.0,0f155e0a,0.989
1456311721.0,d6e49931,1.019
1456311721.0,f06e40a6,1.019
1456311721.0,8087a244,1.009
1456311721.0,39409a93,1.049
1456311721.0,b7752118,1.029
1456311721.0,be5dd10f,1.009
1456311721.0,684e26a4,1.029
1456311721.0,882f175b,0.989
1456311721.0,38716c97,1.039
1456311721.0,8c24cc40,0.989
1456311721.0,147f3142,1.049
1456311721.0,6fbcc336,0.909
1456311721.0,6459c68c,1.049
1456311721.0,a0df1a9c,1.049
1456311721.0,a76feaa2,0.999
1456311721.0,6465956f,0.899
1456311721.0,7a9eef7e,0.979
1456311721.0,dfad7b08,0.989
1456311721.0,1acb5863,0.999
1456311721.0,a5ef49c6,1.019
1456311721.0,9d6f0c62,1.059
1456311721.0,9ec0aefd,1.059
1456311721.0,c449f1b5,1.019
1456311721.0,18c16fc4,1.029
1456311721.0,ffacc137,1.029
1456311721.0,b9472cd0,1.009
1456311721.0,0c58647e,1.059
1456311721.0,c2039560,1.029
1456311721.0,9aadb3f4,1.059
1456311721.0,fe2e5d6e,1.019
1456311721.0,8e01ef34,1.069
1456311721.0,bdd70033,0.989
1456311721.0,a9061770,0.989
1456311721.0,162fc7b8,1.009
1456311721.0,b862e775,1.029
1456311721.0,47647d8f,1.019
1456311721.0,f044fc49,1.029
1456311721.0,849a27f2,1.039
1456311721.0,6f3fab69,1.019
1456311721.0,d2e90d39,0.989
1456311721.0,0675dfd1,1.009
1456311721.0,032e8b57,1.039
1456311721.0,46dba843,1.009
1456311721.0,b2c3faec,1.009
1456311721.0,f57033cf,1.039
1456311721.0,b8563039,0.989
1456311721.0,7a6dcdb0,1.009
1456311721.0,4352ae26,0.999
1456311721.0,85813afe,1.199
1456311721.0,9eebc5a7,0.989
1456311721.0,c366f7fc,0.979
1456311721.0,1f9519cf,1.029
1456311721.0,e6176ad3,1.039
1456311721.0,531e3a5e,1.029
1456311721.0,958542ce,0.989
1456311721.0,341d054c,1.039
1456311721.0,ed0445b8,0.959
1456311721.0,38ad9bbf,0.989
1456311721.0,63645f4e,1.029
1456311721.0,8ce27d1a,0.999
1456311721.0,5e5886b8,1.039
1456311721.0,0e995a71,0.979
1456311721.0,bdc12d8e,0.989
1456311721.0,9c47cca4,1.009
1456311721.0,61a6d2eb,1.009
1456311721.0,f0710c08,1.059
1456311721.0,d97e33d2,0.989
1456311721.0,9199777f,1.039
1456311721.0,8cc37d2e,1.039
1456311721.0,df7ac2b6,1.099
1456311721.0,7e0e3f65,1.009
1456311721.0,79a7959f,1.029
1456311721.0,74d89e9b,1.029
1456311721.0,4ff77c54,1.069
1456311721.0,b87b1fe6,1.049
1456311721.0,b0cbad3f,1.009
1456311721.0,18bb0375,1.069
1456311721.0,6202734a,1.049
1456311721.0,2d2c8e81,1.029
1456311721.0,19ff993e,0.959
1456311721.0,6170e6c3,1.019
1456311721.0,16ff16ba,0.989
1456311721.0,dc6e88b0,1.019
1456311721.0,ebdb10e8,1.029
1456311721.0,1b01cb62,1.099
1456311721.0,bf7d7adb,0.989
1456311721.0,73b5d3b6,0.999
1456311721.0,e42847f6,1.049
1456311721.0,46e5123e,1.029
1456311721.0,f5774e0e,1.029
1456311721.0,174ab84b,0.989
1456311721.0,8f9ca1ed,1.029
1456311721.0,03629d62,1.009
1456311721.0,e9ef6088,1.019
1456311721.0,0fc58d33,0.959
1456311721.0,f74fad88,0.989
1456311721.0,a2c55ea4,1.029
1456311721.0,cd78b99c,1.019
1456311721.0,2a5c512c,1.059
1456311721.0,4a590311,1.019
1456311721.0,01a2d8cf,0.979
1456311721.0,3a2ce890,0.999
1456311721.0,81038dd7,1.009
1456311721.0,5ef62f10,1.009
1456311721.0,075244ea,1.019
1456311721.0,3fc8e265,1.009
1456311721.0,1698d005,1.009
1456311721.0,edc52f30,0.999
1456311721.0,4a5ba0e5,0.989
1456311721.0,da2a28a0,1.019
1456311721.0,8706aa4c,0.989
1456311721.0,0311c6ae,1.019
1456311721.0,987496d6,1.039
1456311721.0,982ba5cc,0.989
1456311721.0,210e805d,1.029
1456311721.0,47c5f8f7,1.009
1456311721.0,ae0c09ce,1.029
1456311721.0,48dfc338,0.979
1456311721.0,9b1003bd,0.959
1456311721.0,9db34e97,1.059
1456311721.0,85e1584b,1.039
1456311721.0,9636dbe4,0.989
1456311721.0,a0ea8015,0.999
1456311721.0,09534857,1.019
1456311721.0,b1a6f7cf,1.039
1456311721.0,3e8e99dc,0.989
1456311721.0,935f6e86,0.949
1456311721.0,49fa8372,0.999
1456311721.0,10adc414,1.049
1456311721.0,ca757f3f,1.029
1456311721.0,9600cf84,0.999
1456311721.0,efb71c12,1.039
1456311721.0,1718ae0b,1.039
1456311721.0,1c33ec7e,1.019
1456311721.0,6bf6b199,1.019
1456311721.0,ee7c2d70,1.009
1456311721.0,3346c58a,1.029
1456311721.0,ce6b83b7,1.019
1456311721.0,0d779f5e,1.069
1456311721.0,2cdfc56f,0.989
1456311721.0,643b65de,1.009
1456311721.0,96378df9,1.049
1456311721.0,93157d05,1.029
1456311721.0,d69a2326,1.029
1456311721.0,d9de4b56,1.039
1456311721.0,e8659100,1.029
1456311721.0,8ce1b5f8,1.009
1456311721.0,161cb545,1.049
1456311721.0,91cac178,0.979
1456311721.0,a3932df8,1.049
1456311721.0,71405ff7,1.009
1456311721.0,1588da36,1.079
1456311721.0,714dc178,1.029
1456311721.0,f4e43bf3,1.099
1456311721.0,eb8fef56,1.059
1456311721.0,9d64de92,0.989
1456311721.0,9e7d95ec,1.049
1456311721.0,c290efa7,0.999
1456311721.0,67b32df0,1.029
1456311721.0,64f5be3f,0.979
1456311721.0,19631699,1.029
1456311721.0,a9f47df0,1.029
1456311721.0,94f34687,0.989
1456311721.0,b24fd72d,1.019
1456311721.0,ad1c95ab,1.029
1456311721.0,4917afaa,1.029
1456311721.0,bfaaf354,0.999
1456311721.0,13fdcfbe,1.029
1456311721.0,2965e148,0.989
1456311721.0,79b3e9cf,1.039
1456311721.0,68389c7f,1.009
1456311721.0,a2987081,1.029
1456311721.0,cbd96815,1.019
1456311721.0,dc5b8dc2,1.049
1456311721.0,8c2be7ba,1.159
1456311721.0,48ef33bf,0.999
1456311721.0,bd3a11a3,1.029
1456311721.0,006248be,1.069
1456311721.0,a601b597,1.019
1456311721.0,da20711a,0.999
1456311721.0,44d0cc01,0.969
1456311721.0,450f3a21,0.999
1456311721.0,5533e7bf,1.039
1456311721.0,2ad0a689,1.009
1456311721.0,ca804af5,0.989
1456311721.0,54bf86d1,0.959
1456311721.0,d47bc4c5,1.049
1456311721.0,7e101351,0.999
1456311721.0,ae3c2fda,1.039
1456311721.0,75290178,0.999
1456311721.0,eb885b64,1.009
1456311721.0,7f80fb50,1.039
1456311721.0,353d2391,0.999
1456311721.0,734c23a5,0.939
1456311721.0,a19cfb72,1.009
1456311721.0,551c6932,0.969
1456311721.0,5e983c4b,0.989
1456311721.0,2d58a414,0.979
1456311721.0,5204d6df,1.029
1456311721.0,5f6ca326,1.059
1456311721.0,9499ceea,1.009
1456311721.0,ffce6baf,0.989
1456311721.0,3b1a99c0,1.019
1456311721.0,6a7beb86,1.029
1456311721.0,f11235cb,0.989
1456311721.0,c466d5fa,1.049
1456311721.0,bb091511,1.049
1456311721.0,16a73c7d,1.009
1456311721.0,1d38e16e,0.989
1456311721.0,2907236c,1.029
1456311721.0,97d3de54,0.999
1456311721.0,d5fda8a5,1.069
1456311721.0,834f6271,0.999
1456311721.0,0d1c8f35,0.989
1456311721.0,2f70ad86,1.039
1456311721.0,8dbbf765,0.999
1456311721.0,092ea244,0.999
1456311721.0,1f790c2c,1.039
1456311721.0,6ce97072,1.059
1456311721.0,319cc820,0.989
1456311721.0,70f55e7f,1.099
1456311721.0,58cb2ae4,0.979
1456311721.0,54344f7f,1.039
1456311721.0,33aa21fa,1.089
1456311721.0,6bd74eed,1.049
1456311721.0,2ccc4437,1.099
1456311721.0,5984119a,1.079
1456311721.0,523156b3,1.009
1456311721.0,2380bb04,1.039
1456311721.0,c393d3fc,0.989
1456311721.0,ceda1d43,0.989
1456311721.0,f8080a8e,1.049
1456311721.0,75bc1c25,1.039
1456311721.0,1bc107ca,1.019
1456311721.0,27e302bc,1.009
1456311721.0,d983cd5e,1.009
1456311721.0,18641c7f,1.069
1456311721.0,c98acfc1,1.019
1456311721.0,5b2c0b33,0.979
1456311721.0,e0c1778e,1.009
1456311721.0,f25ee766,0.979
1456311721.0,7cce432f,0.999
1456311721.0,cfc7df71,1.029
1456311721.0,11288ef5,1.059
1456311721.0,9efa2ed6,1.009
1456311721.0,945ced86,1.049
1456311721.0,2096e49a,0.999
1456311721.0,7e7117c5,1.029
1456311721.0,260b8710,0.989
1456311721.0,d5b64c05,1.029
1456311721.0,a45c4dc1,0.989
1456311721.0,9c7eab32,1.059
1456311721.0,210d7aa0,1.039
1456311721.0,dc7739ef,1.039
1456311721.0,0baaf637,0.989
1456311721.0,3e211f86,1.009
1456311721.0,2e1573c2,1.019
1456311721.0,883f2551,1.009
1456311721.0,968f2fb0,1.009
1456311721.0,dfb76cf3,1.019
1456311721.0,a5b8429f,1.009
1456311721.0,909a22a4,0.989
1456311721.0,17bbc60e,0.989
1456311721.0,3ceab2dc,0.999
1456311721.0,c06606c4,1.009
1456311721.0,2e64cc2e,1.039
1456311721.0,e256d75b,1.019
1456311721.0,f8c5b496,1.039
1456311721.0,a459b6b0,1.039
1456311721.0,c4ede5e6,0.999
1456311721.0,64d06130,1.019
1456311721.0,bd227bfb,1.039
1456311721.0,96bf62ca,1.049
1456311721.0,003e03fc,1.049
1456311721.0,9fdff1e2,1.049
1456311721.0,05b24372,0.999
1456311721.0,df95008a,0.989
1456311721.0,a870af34,1.049
1456311721.0,a2d8eda4,1.039
1456311721.0,84944aec,1.009
1456311721.0,efadda78,1.029
1456311721.0,8d0323d4,1.019
1456311721.0,f4105cbc,1.009
1456311721.0,f25babad,0.999
1456311721.0,a3beb05f,1.019
1456311721.0,16ee4d80,0.989
1456311721.0,984a99c0,1.039
1456311721.0,0980ddb6,1.049
1456311721.0,250c9baa,0.999
1456311721.0,77c9f305,0.999
1456311721.0,dd192f15,0.999
1456311721.0,72fef334,0.979
1456311721.0,ac02a968,1.029
1456311721.0,37741f9a,1.049
1456311721.0,89923e95,0.989
1456311721.0,d4f76c4a,1.029
1456311721.0,f5ccc280,1.009
1456311721.0,0c03d863,1.019
1456311721.0,a580c6ad,1.009
1456311721.0,0d6425bc,1.009
1456311721.0,cb0a9a47,1.009
1456311721.0,6e899248,0.979
1456311721.0,adda6336,1.039
1456311721.0,aa0cc0ae,0.989
1456311721.0,a48343d6,0.999
1456311721.0,82d40753,1.009
1456311721.0,b49d51d2,0.959
1456311721.0,9c586989,1.039
1456311721.0,a8f6f809,1.099
1456311721.0,0339cb93,0.999
1456311721.0,3e198165,0.999
1456311721.0,4d5c23ec,1.019
1456311721.0,e73d5934,1.039
1456311721.0,ecaa161e,1.039
1456311721.0,70cb8cb9,0.979
1456311721.0,b54ce38d,1.019
1456311721.0,573b539e,1.039
1456311721.0,7ebce3f0,1.019
1456311721.0,d643ef3d,0.989
1456311721.0,d1002658,1.039
1456311721.0,080b1017,0.999
1456311721.0,d3a6a57e,0.969
1456311721.0,31de5758,1.029
1456311721.0,39cc6655,1.009
1456311721.0,16259776,1.019
1456311721.0,9200bb2c,1.039
1456311721.0,1a839c73,0.999
1456311721.0,f87bab74,0.999
1456311721.0,19c801a7,1.049
1456311721.0,88977ce9,1.029
1456311721.0,3d61eab1,1.079
1456311721.0,10ae4031,1.049
1456311721.0,317cd4e0,0.979
1456311721.0,beaffffe,1.039
1456311721.0,bff6865c,1.019
1456311721.0,f494f0b9,1.019
1456311721.0,7929baa2,1.039
1456311721.0,8620fb27,0.999
1456311721.0,352d964c,1.159
1456311721.0,53da2dce,1.009
1456311721.0,a395cb1b,1.029
1456311721.0,be031347,0.999
1456311721.0,35e384e6,1.039
1456311721.0,5c59a043,0.989
1456311721.0,76cc63cc,1.019
1456311721.0,29f85de3,1.039
1456311721.0,716baf59,0.999
1456311721.0,034c5ff6,0.999
1456311721.0,449f9515,1.019
1456311721.0,694cd654,1.029
1456311721.0,43a05b46,1.039
1456311721.0,c1e95d8d,0.999
1456311721.0,219c5d83,1.029
1456311721.0,2dcd1fcb,1.059
1456311721.0,b0c8723c,1.009
1456311721.0,a84b87d8,1.009
1456311721.0,c1d22562,1.039
1456311721.0,c252c064,0.979
1456311721.0,8444156b,0.999
1456311721.0,6582ce6e,0.984
1456311721.0,db7d175d,1.039
1456311721.0,0b37cd71,1.019
1456311721.0,75aa9617,1.079
1456311721.0,c38e01fd,0.989
1456311721.0,1196a7d8,1.039
1456311721.0,64784ae8,1.029
1456311721.0,c4eb2874,1.009
1456311721.0,efdee81f,0.989
1456311721.0,257b4f91,0.999
1456311721.0,48cc409e,0.999
1456311721.0,99d8c1e8,1.099
1456311721.0,3746716c,1.049
1456311721.0,84d426fd,1.049
1456311721.0,9acedda4,1.009
1456311721.0,f4f5e1d8,1.009
1456311721.0,cb7a19f8,1.009
1456311721.0,fbb672d6,0.979
1456311721.0,c897fba4,0.999
1456311721.0,4d79856a,0.989
1456311721.0,5ac0914e,1.039
1456311721.0,2edd040a,1.059
1456311721.0,2faaffd9,1.039
1456311721.0,aea5cadc,1.019
1456311721.0,6f1953ac,1.029
1456311721.0,b8e3788a,1.029
1456311721.0,a6971d57,1.029
1456311721.0,7b5f8374,1.029
1456311721.0,28cedc00,1.039
1456311721.0,7e388e10,1.039
1456311721.0,3b0fb08c,1.019
1456311721.0,c0fe2d57,0.979
1456311721.0,11eac3c2,0.949
1456311721.0,19317a43,1.039
1456311721.0,6db00370,1.049
1456311721.0,df543f1f,0.979
1456311721.0,ce40795f,1.079
1456311721.0,b2157446,0.999
1456311721.0,4e45a2b8,1.099
1456311721.0,ed3dcd2f,1.009
1456311721.0,f1206565,0.989
1456311721.0,2357ec98,1.029
1456311721.0,ddb539ed,1.039
1456311721.0,e21e887d,1.029
1456311721.0,333d1cac,1.009
1456311721.0,f04e168f,1.009
1456311721.0,c9aa5793,0.999
1456311721.0,8c7470e4,1.009
1456311721.0,dac20891,1.019
1456311721.0,f573d9de,1.019
1456311721.0,aa10726f,0.989
1456311721.0,76d6a2a2,0.979
1456311721.0,7dc2c962,1.029
1456311721.0,0e7f0bd4,1.029
1456311721.0,51683daa,0.989
1456311721.0,bd3ce4cc,1.029
1456311721.0,41b2d714,1.039
1456311721.0,f4a20e89,1.099
1456311721.0,d1ff19d3,1.049
1456311721.0,bf7f79ce,0.989
1456311721.0,8098495e,1.039
1456311721.0,e1eebe52,0.959
1456311721.0,d4133fe8,1.099
1456311721.0,576d4884,0.989
1456311721.0,9aa3b9ad,1.089
1456311721.0,da3bfceb,1.009
1456311721.0,b4154d71,1.019
1456311721.0,cef14abc,0.979
1456311721.0,d0e10ca9,0.999
1456311721.0,04bc5ae6,1.009
1456311721.0,de8bd970,0.969
1456311721.0,5e8ffc69,1.009
1456311721.0,77409cad,1.029
1456311721.0,49ea8294,1.029
1456311721.0,da4a42a1,1.059
1456311721.0,926509ae,1.069
1456311721.0,88dd7fc5,0.989
1456311721.0,4158664a,1.049
1456311721.0,da1464b2,1.059
1456311721.0,5bba111d,0.969
1456311721.0,5982ef09,1.039
1456311721.0,7edfe29f,1.029
1456311721.0,1d853aae,0.989
1456311721.0,199fdffc,1.049
1456311721.0,81f221f2,0.939
1456311721.0,ca27eadd,1.099
1456311721.0,e491b6d7,0.939
1456311721.0,8f806f27,0.989
1456311721.0,bfce3f9b,0.979
1456311721.0,aa642af9,1.039
1456311721.0,6c663a7b,1.059
1456311721.0,9efb9e6b,0.939
1456311721.0,a3b4b0af,1.029
1456311721.0,6da23946,1.039
1456311721.0,d6f1e726,1.039
1456311721.0,f73244c0,0.939
1456311721.0,52c251bb,0.999
1456311721.0,294a09dc,1.049
1456311721.0,14c3a02f,1.069
1456311721.0,00eb6334,0.989
1456311721.0,8c545197,1.049
1456311721.0,b0332bd3,0.979
1456311721.0,bce0d2a3,1.059
1456311721.0,eb444eb7,0.999
1456311721.0,3506918b,0.949
1456311721.0,31c83690,0.999
1456311721.0,b81c2aae,1.069
1456311721.0,7b17379c,1.039
1456311721.0,ab899df0,1.039
1456311721.0,f19e24dc,1.029
1456311721.0,3365e596,1.009
1456311721.0,1fa84ca6,1.009
1456311721.0,e74667af,0.989
1456311721.0,8b143527,1.039
1456311721.0,209e8416,1.009
1456311721.0,8a8346fc,0.979
1456311721.0,568d33c2,1.059
1456311721.0,eee03f6b,1.009
1456311721.0,5edb91a5,0.979
1456311721.0,855fc4f2,0.999
1456311721.0,e037a798,1.049
1456311721.0,0a787e26,1.099
1456311721.0,1a08fd43,1.029
1456311721.0,26e74126,1.059
1456311721.0,91604c03,0.989
1456311721.0,24bf40f3,0.989
1456311721.0,c3bfe078,0.989
1456311721.0,aeef5cf2,1.039
1456311721.0,9e80e5e2,1.009
1456311721.0,f56f3208,1.049
1456311721.0,8ab03024,1.029
1456311721.0,da670ade,1.009
1456311721.0,fb804097,0.969
1456311721.0,10f4b8f5,1.029
1456311721.0,4cfb1a89,1.049
1456311721.0,6d10b873,1.009
1456311721.0,142ed653,1.049
1456311721.0,f9fbac11,1.009
1456311721.0,558f57a1,1.049
1456311721.0,acf3fb4b,1.059
1456311721.0,df070324,1.039
1456311721.0,6193821d,1.039
1456311721.0,941effa7,0.989
1456311721.0,dc07718c,0.989
1456311721.0,af6c3817,1.009
1456311721.0,0fcc99fa,1.059
1456311721.0,44e030ce,1.039
1456311721.0,0ba0dd13,1.009
1456311721.0,60acc87b,0.989
1456311721.0,474644ad,1.019
1456311721.0,d8601954,1.009
1456311721.0,3f054566,0.989
1456311721.0,539e7513,0.979
1456311721.0,b0b0be19,0.979
1456311721.0,3ab2d959,1.049
1456311721.0,682145e8,1.039
1456311721.0,73086606,0.999
1456311721.0,ad29f10c,0.939
1456311721.0,db2c1d84,1.009
1456311721.0,86e12f55,0.979
1456311721.0,41ea449e,1.029
1456311721.0,2ccce8c3,0.989
1456311721.0,07e5acfb,1.019
1456311721.0,fdda2a1f,1.029
1456311721.0,1717d8ca,1.019
1456311721.0,6c9a5e04,0.999
1456311721.0,0a48df72,1.019
1456311721.0,b6d22753,0.999
1456311721.0,71618bdc,1.049
1456311721.0,3167769c,1.009
1456311721.0,fb80b39a,0.999
1456311721.0,6041e2b6,1.009
1456311721.0,411533c8,0.989
1456311721.0,0ab7f18e,1.029
1456311721.0,ec22cdab,1.049
1456311721.0,fb54ae4c,0.919
1456311721.0,4c70c97c,1.049
1456311721.0,2a7cdc44,0.999
1456311721.0,a6a9676b,1.069
1456311721.0,42aa3fce,0.999
1456311721.0,c8898ee2,1.019
1456311721.0,7771a21d,1.049
1456311721.0,1b5356f1,1.009
1456311721.0,621f191f,0.999
1456311721.0,5fede4f0,0.939
1456311721.0,8e1179a4,0.959
1456311721.0,b4a05b7f,1.019
1456311721.0,d33e9e56,0.999
1456311721.0,d56413d1,1.039
1456311721.0,f01bd5b6,1.039
1456311721.0,2f6edad9,1.049
1456311721.0,b713df6a,1.019
1456311721.0,bdc0736f,1.019
1456311721.0,c7a5dad9,1.019
1456311721.0,edde0c0f,1.049
1456311721.0,ca71f476,1.069
1456311721.0,220f070d,1.009
1456311721.0,befd1f24,1.059
1456311721.0,286dd7d9,0.999
1456311721.0,481140af,0.979
1456311721.0,6bbab4fd,1.019
1456311721.0,fffcb866,0.989
1456311721.0,cb67b2ff,1.029
1456311721.0,c0a9edc8,1.049
1456311721.0,a8e52643,0.999
1456311721.0,85e45131,0.979
1456311721.0,3c227dc2,1.049
1456311721.0,3b50751f,1.029
1456311721.0,57b493fa,1.019
1456311721.0,5e9a17e7,0.979
1456311721.0,c4348493,1.019
1456311721.0,a2140381,1.099
1456311721.0,38d183bf,1.029
1456311721.0,24755427,1.019
1456311721.0,9264eade,1.029
1456311721.0,0ad7f620,1.049
1456311721.0,e076eba6,1.009
1456311721.0,a6339a0a,1.049
1456311721.0,8a4440a7,1.009
1456311721.0,57b36972,1.039
1456311721.0,f13c64f2,0.999
1456311721.0,7a475c04,1.049
1456311721.0,22ed3351,0.989
1456311721.0,32c905a8,1.069
1456311721.0,5db56b1d,0.999
1456311721.0,49119bd2,0.969
1456311721.0,2e65af60,1.029
1456311721.0,be99051f,1.039
1456311721.0,4c925894,1.009
1456311721.0,7efa821a,0.999
1456311721.0,b24d84c3,1.019
1456311721.0,6a629c0f,0.989
1456311721.0,8d39e4b4,0.979
1456311721.0,aa2018b8,1.039
1456311721.0,f9befed0,1.039
1456311721.0,4530e328,1.009
1456311721.0,48c3f251,1.059
1456311721.0,259823d7,0.999
1456311721.0,3a9a5bc8,0.969
1456311721.0,e6cf2bea,1.039
1456311721.0,017f1d73,0.999
1456311721.0,8e0d1caa,1.079
1456311721.0,0fb24e7d,1.029
1456311721.0,8447198d,0.989
1456311721.0,44222522,0.949
1456311721.0,65788d91,0.979
1456311721.0,ee19e026,1.009
1456311721.0,9cb98281,1.159
1456311721.0,40e0779e,1.009
1456311721.0,fa2e9d72,1.049
1456311721.0,e458aaaf,1.009
1456311721.0,b5935794,1.009
1456311721.0,54cd733f,0.999
1456311721.0,33edb985,1.029
1456311721.0,48a1176e,0.999
1456311721.0,dcca746a,1.049
1456311721.0,636ce33d,0.989
1456311721.0,ff20eed6,1.019
1456311721.0,9afda374,1.039
1456311721.0,ba76fc84,1.039
1456311721.0,2eb47ed3,1.009
1456311721.0,44daa76b,0.959
1456311721.0,792ef841,1.049
1456311721.0,d0e02780,1.029
1456311721.0,d1deaf7f,1.019
1456311721.0,e49e0407,1.029
1456311721.0,0af8f0f1,0.989
1456311721.0,8c5ae0bd,0.989
1456311721.0,b869515f,1.059
1456311721.0,eb3c6430,1.019
1456311721.0,06f357b3,0.979
1456311721.0,a3409eaf,1.029
1456311721.0,87245b5d,1.019
1456311721.0,5fc37dfd,1.019
1456311721.0,4b7b3dd3,1.039
1456311721.0,74775b0d,1.039
1456311721.0,ddef27e6,1.029
1456311721.0,f3d6a03f,0.989
1456311721.0,8cb60ffa,1.019
1456311721.0,fca43092,1.029
1456311721.0,542fbb56,1.049
1456311721.0,987b9a76,1.019
1456311721.0,14da1401,1.019
1456311721.0,3e921ea2,0.999
1456311721.0,06282a1f,1.019
1456311721.0,8f62454a,0.989
1456311721.0,67f43dec,0.989
1456311721.0,f0bce0a6,1.019
1456311721.0,ed0f06c1,1.019
1456311721.0,47bf3acc,1.039
1456311721.0,0f200738,1.019
1456311721.0,d5ced0b2,1.039
1456311721.0,69c73a78,0.989
1456311721.0,b45fce81,0.929
1456311721.0,3463f37f,1.009
1456311721.0,02e413b6,0.999
1456311721.0,d0b8a1f7,0.989
1456311721.0,cb47b300,1.029
1456311721.0,45f451b5,1.069
1456311721.0,7a9373b8,0.999
1456311721.0,5192889f,1.019
1456311721.0,7a411a95,1.019
1456311721.0,f9ec21b1,0.949
1456311721.0,b9cdf061,1.039
1456311721.0,d3052d2c,1.009
1456311721.0,932359af,0.989
1456311721.0,69137adc,1.009
1456311721.0,461b2a68,0.999
1456311721.0,1c3b6ee2,0.979
1456311721.0,c6c05a1d,0.999
1456311721.0,1161f67d,0.999
1456311721.0,9672cfaf,1.039
1456311721.0,d3722258,1.099
1456311721.0,aef9c468,1.059
1456311721.0,768def48,0.999
1456311721.0,50f115af,1.059
1456311721.0,9eb9c031,1.039
1456311721.0,d428a044,0.989
1456311721.0,70e52ee2,0.989
1456311721.0,622ea8b5,0.989
1456311721.0,62595ff2,1.019
1456311721.0,abf09942,1.199
1456311721.0,22d0db61,1.069
1456311721.0,580449f1,0.979
1456311721.0,40dffb00,1.019
1456311721.0,6ff38393,1.029
1456311721.0,a042f697,1.029
1456311721.0,abb8ccea,1.039
1456311721.0,216f7e87,1.039
1456311721.0,0764c8b7,1.009
1456311721.0,dcdc6c10,1.009
1456311721.0,f0610621,1.029
1456311721.0,ba30d526,1.049
1456311721.0,86d6d36f,1.049
1456311721.0,5afecce4,1.059
1456311721.0,a4338625,1.029
1456311721.0,1580fa52,1.019
1456311721.0,5363d71f,0.979
1456311721.0,909f02fa,1.039
1456311721.0,635564fa,1.019
1456311721.0,b5883920,1.029
1456311721.0,9410a8d1,1.039
1456311721.0,eddc0315,1.069
1456311721.0,ecf4342f,0.949
1456311721.0,5037ab0b,0.999
1456311721.0,926c754c,0.999
1456311721.0,74b6c8cb,1.049
1456311721.0,adcf8443,1.009
1456311721.0,59c7e20b,0.979
1456311721.0,8337e967,1.029
1456311721.0,9259e081,0.999
1456311721.0,a0f41fbb,0.999
1456311721.0,3ff7884f,0.999
1456311721.0,90f0ff20,1.039
1456311721.0,e9b0b14e,1.049
1456311721.0,6e065b53,0.979
1456311721.0,0434e895,1.029
1456311721.0,33f25c75,1.039
1456311721.0,a86c0a1f,1.029
1456311721.0,327ea807,1.049
1456311721.0,a70de662,1.029
1456311721.0,26562367,1.039
1456311721.0,f14d6045,1.039
1456311721.0,a03e4bfc,1.049
1456311721.0,6ca7f7c5,0.999
1456311721.0,ef67a83b,1.059
1456311721.0,ae505f44,1.009
1456311721.0,a05a18cd,1.019
1456311721.0,fd5c987c,0.989
1456311721.0,c1548059,1.049
1456311721.0,c35029f0,1.039
1456311721.0,c269e5db,1.019
1456311721.0,a8605009,1.039
1456311721.0,,1.009
1456311721.0,028d28be,0.999
1456311721.0,f7bd1199,1.039
1456311721.0,fc9dc8e5,1.029
1456311721.0,cd6facd7,1.039
1456311721.0,294ed3f5,1.019
1456311721.0,6d257c8c,0.999
1456311721.0,f2c8e01a,1.039
1456311721.0,f659a576,1.049
1456311721.0,82376744,1.019
1456311721.0,73d6d267,0.989
1456311721.0,0e7628ed,1.019
1456311721.0,63a9da40,1.019
1456311721.0,eaff9064,0.989
1456311721.0,8b18bb85,0.999
1456311721.0,242eb552,1.019
1456311721.0,6e781ba8,1.009
1456311721.0,5cbce85b,0.989
1456311721.0,4951f110,1.039
1456311721.0,bcee3dc6,1.019
1456311721.0,b2ad3bc8,0.999
1456311721.0,8563b305,1.039
1456311721.0,c92ed685,1.009
1456311721.0,8e9233ee,1.009
1456311721.0,04aefaad,1.029
1456311721.0,95401194,0.959
1456311721.0,dd329a1e,1.019
1456311721.0,4aeeebe8,0.999
1456311721.0,579ffc07,1.009
1456311721.0,175e5435,1.019
1456311721.0,8e5758d4,0.999
1456311721.0,f1929c3e,1.009
1456311721.0,b4684d80,1.069
1456311721.0,19f036ce,1.069
1456311721.0,298a8af2,0.939
1456311721.0,624ba629,0.999
1456311721.0,3ce106d3,1.019
1456311721.0,311d43c9,0.989
1456311721.0,7fccdc2c,0.989
1456311721.0,76f9948e,0.989
1456311721.0,53668235,0.979
1456311721.0,2c3fb747,1.049
1456311721.0,548aceef,1.199
1456311721.0,8e0fdf79,1.029
1456311721.0,6e966a1c,1.009
1456311721.0,853debfa,1.009
1456311721.0,2a8d8f74,1.049
1456311721.0,2385c761,0.989
1456311721.0,76aa3b14,0.989
1456311721.0,64ce1a2a,1.039
1456311721.0,c0862a83,0.999
1456311721.0,e196e62c,1.009
1456311721.0,5446812c,1.049
1456311721.0,ecf2754f,0.989
1456311721.0,a9b8fb74,1.019
1456311721.0,2c882c96,1.009
1456311721.0,26623c9d,0.979
1456311721.0,0f7cd5d5,0.979
1456311721.0,6b13020d,0.989
1456311721.0,3ad0cccc,1.019
1456311721.0,cb758bb7,1.029
1456311721.0,39dabb89,0.989
1456311721.0,a6fe89c8,1.009
1456311721.0,ac12c84c,1.049
1456311721.0,04359025,1.009
1456311721.0,7f358136,1.119
1456311721.0,6df8769f,1.029
1456311721.0,c1b6be0d,0.989
1456311721.0,6c1e7a7a,1.049
1456311721.0,90b15783,1.029
1456311721.0,e4c3638f,0.999
1456311721.0,73b03911,1.019
1456311721.0,539144f8,1.009
1456311721.0,c8b54491,0.989
1456311721.0,847fdc50,1.029
1456311721.0,3bf46d9b,0.999
1456311721.0,c9d2b9cb,0.979
1456311721.0,981fcdf6,1.039
1456311721.0,dda65020,1.009
1456311721.0,152983d0,0.999
1456311721.0,2bbc2767,1.069
1456311721.0,9bff6895,1.019
1456311721.0,c0f54c09,1.009
1456311721.0,b8fe6383,1.069
1456311721.0,3f2c1a7b,0.989
1456311721.0,aa45910c,1.049
1456311721.0,d195f0c9,1.019
1456311721.0,0e392bbd,0.999
1456311721.0,78565e39,1.019
1456311721.0,37f5ab7c,1.029
1456311721.0,0d046d70,1.049
1456311721.0,cf017ad5,0.939
1456311721.0,ec60ccb8,1.009
1456311721.0,43474152,1.009
1456311721.0,3e2d7201,1.009
1456311721.0,dd81b30a,1.029
1456311721.0,c9564c67,1.059
1456311721.0,06277f60,0.979
1456311721.0,b694f783,1.049
1456311721.0,483ffbcb,1.039
1456311721.0,eb3bf9c1,0.979
1456311721.0,8fdd1c16,1.009
1456311721.0,8c9613bc,1.009
1456311721.0,3db6506a,0.999
1456311721.0,08654386,0.999
1456311721.0,aed2f04c,1.029
1456311721.0,d6d2e0fe,1.009
1456311721.0,9f82b029,1.039
1456311721.0,ed90985b,1.099
1456311721.0,b7d8dff7,1.059
1456311721.0,,0.959
1456311721.0,cada2616,0.999
1456311721.0,5f0ea8ff,1.009
1456311721.0,a231278b,1.009
1456311721.0,29d690c6,1.039
1456311721.0,e074abb1,1.039
1456311721.0,a1338d18,1.019
1456311721.0,4f650c42,1.049
1456311721.0,2ebde489,1.049
1456311721.0,aa4cdb22,1.009
1456311721.0,f36b3182,1.019
1456311721.0,3429a55d,1.009
1456311721.0,a9ba3d99,1.009
1456311721.0,b598078e,1.029
1456311721.0,9eb320c2,1.039
1456311721.0,4a8ba2e5,1.199
1456311721.0,01739f46,0.979
1456311721.0,5f6eaa74,1.059
1456311721.0,caaa0b46,1.039
1456311721.0,8117afb7,0.989
1456311721.0,3335bb20,1.009
1456311721.0,2ac71882,1.019
1456311721.0,e05f9010,1.029
1456311721.0,97ca12f9,1.009
1456311721.0,1db152f7,1.009
1456311721.0,676ac223,1.039
1456311721.0,d371719e,0.999
1456311721.0,85e6cd0f,1.029
1456311721.0,9b77fa3c,1.049
1456311721.0,2ce60956,1.159
1456311721.0,c43ed044,1.009
1456311721.0,1b2716b3,0.949
1456311721.0,2a4f7cb1,0.949
1456311721.0,c0a4ac06,0.929
1456311721.0,fbe424bb,0.949
1456311721.0,ac6ccf5d,0.949
1456311721.0,5132fe1c,0.939
1456311721.0,961fadac,0.949
1456311721.0,1c504132,0.939
1456311721.0,1d6f1deb,0.959
1456311721.0,efdbec8f,0.949
1456311721.0,9a2903a3,0.979
1456311721.0,b53fa888,0.929
1456311721.0,5e068b6e,0.959
1456311721.0,d472efac,0.929
1456311721.0,66a925d6,0.939
1456311721.0,939b3a38,0.919
1456311721.0,8d30c99a,0.969
1456311721.0,abe52a6d,0.949
1456311721.0,adc8589f,0.939
1456311721.0,b3d69d8e,0.929
1456311721.0,a13f8970,0.939
1456311721.0,8af7e008,0.949
1456311721.0,0123e797,0.919
1456311721.0,92dfb6d0,0.949
1456311721.0,bc4de9b2,0.959
1456311721.0,7144f556,0.939
1456311721.0,8c7add3d,0.929
1456311721.0,494f6481,0.939
1456311721.0,0f122625,0.969
1456311721.0,fc486af7,0.969
1456311721.0,973748fa,0.939
1456311721.0,ea2f710b,1.039
1456311721.0,87298a04,1.009
1456311721.0,ead165dc,1.059
1456311721.0,955c334e,0.989
1456311721.0,83981d2d,1.049
1456311721.0,b3843814,1.059
1456311721.0,c2725526,1.029
1456311721.0,6a5b57f4,1.069
1456311721.0,44c15478,0.999
1456311721.0,d080aa8b,1.019
1456311721.0,b215d388,0.989
1456311721.0,053f1320,0.989
1456311721.0,fc086bfa,0.979
1456311721.0,,0.999
1456311721.0,0110af37,1.009
1456311721.0,feb45cd9,1.009
1456311721.0,57679b79,1.049
1456311721.0,66651818,0.989
1456311721.0,c83af05f,0.989
1456311721.0,8c27b2e6,1.019
1456311721.0,fb428d4f,1.039
1456311721.0,75d9d944,0.989
1456311721.0,d6703157,0.979
1456311721.0,c5b214ef,1.089
1456311721.0,b1adab9c,0.989
1456311721.0,8841cebf,1.019
1456311721.0,fc59259b,1.049
1456311721.0,66fb2a79,1.109
1456311721.0,d01ea35a,0.979
1456311721.0,2ab0fae2,1.039
1456311721.0,5718b51b,0.999
1456311721.0,79f769b8,1.059
1456311721.0,c5cfc7a6,1.119
1456311721.0,a0088371,1.049
1456311721.0,7eb51d57,1.019
1456311721.0,8a7526b9,1.009
1456311721.0,e8775be0,1.009
1456311721.0,158ed0df,0.989
1456311721.0,fa5f29ac,1.079
1456311721.0,48194f3c,1.009
1456311721.0,2335fb5f,0.979
1456311721.0,be936d1c,1.019
1456311721.0,5ac69ef8,1.029
1456311721.0,c6d24a24,0.989
1456311721.0,e05e8acf,1.049
1456311721.0,b8fee3a4,1.049
1456311721.0,768d2bfe,1.019
1456311721.0,ccdbe1c1,1.009
1456311721.0,fd7d736f,1.029
1456311721.0,e2064e64,1.039
1456311721.0,7b5a8540,1.019
1456311721.0,21a51aa6,1.019
1456311721.0,a74e1057,1.059
1456311721.0,bb8d0742,0.939
1456311721.0,a53100f4,0.989
1456311721.0,4f55919e,1.009
1456311721.0,7142929d,0.999
1456311721.0,124a48e9,1.019
1456311721.0,7b8e3478,1.019
1456311721.0,64e31076,1.069
1456311721.0,549b0288,1.039
1456311721.0,b4a13ec7,0.989
1456311721.0,844861f9,0.999
1456311721.0,0f5578bb,1.009
1456311721.0,56a0a7dc,0.979
1456311721.0,92dbd199,1.039
1456311721.0,f8f516ae,1.009
1456311721.0,df7786ea,0.999
1456311721.0,f7ff0975,1.019
1456311721.0,22491a38,0.989
1456311721.0,6f65a418,1.049
1456311721.0,045fdfdf,0.999
1456311721.0,7a9d4c97,1.059
1456311721.0,b27d26fa,1.029
1456311721.0,5594ce0b,1.039
1456311721.0,5c451464,0.999
1456311721.0,6c109510,0.999
1456311721.0,469d3f8c,1.019
1456311721.0,67ac9fc0,1.019
1456311721.0,5f8076ef,0.979
1456311721.0,9af812fc,1.009
1456311721.0,dc387962,0.989
1456311721.0,29eed38e,0.989
1456311721.0,e1cf4b4c,1.029
1456311721.0,bd27836d,1.019
1456311721.0,7ffa235a,1.019
1456311721.0,89b78f49,0.999
1456311721.0,39f9c0aa,1.029
1456311721.0,2bbb3f4f,1.059
1456311721.0,9eec96b9,1.009
1456311721.0,eb32d6b5,1.049
1456311721.0,94ca27a8,0.989
1456311721.0,364779b4,1.069
1456311721.0,69877eac,0.989
1456311721.0,d8382d2b,1.039
1456311721.0,d2c2433a,0.999
1456311721.0,fe407811,0.979
1456311721.0,530fa955,1.019
1456311721.0,bf7e9cdf,1.049
1456311721.0,5678d2c5,1.049
1456311721.0,b894b272,1.049
1456311721.0,83c94fc4,0.999
1456311721.0,e2a5f261,0.999
1456311721.0,07d4d93c,1.029
1456311721.0,888142ae,1.059
1456311721.0,7ab95e95,0.999
1456311721.0,5cb0b08c,0.989
1456311721.0,5693dbae,1.009
1456311721.0,eefafe37,1.049
1456311721.0,0ff89a05,1.009
1456311721.0,241c63b0,0.999
1456311721.0,eecd4599,1.009
1456311721.0,f33d10dd,1.009
1456311721.0,0d27caae,0.979
1456311721.0,09e77dd9,1.059
1456311721.0,f0910caa,0.999
1456311721.0,e8812318,1.049
1456311721.0,b050d780,0.999
1456311721.0,e4ff2e3f,0.999
1456311721.0,085f0fd3,0.979
1456311721.0,3473636a,1.009
1456311721.0,0fc168e5,1.009
1456311721.0,256e6d2f,1.019
1456311721.0,fd3e8c64,1.019
1456311721.0,a23d5fdf,1.039
1456311721.0,c96b90cb,1.059
1456311721.0,97588053,0.999
1456311721.0,6768f241,1.029
1456311721.0,72933f5e,0.919
1456311721.0,4922811e,1.019
1456311721.0,0028e6e8,1.019
1456311721.0,2178a97e,0.989
1456311721.0,755ca81c,1.099
1456311721.0,31dfb194,1.039
1456311721.0,107a6769,1.069
1456311721.0,80f5f11b,1.099
1456311721.0,d8bbe2c4,1.039
1456311721.0,b8459cb6,0.989
1456311721.0,bc09f6c1,1.029
1456311721.0,9557f893,1.009
1456311721.0,661e8c68,0.999
1456311721.0,c97f1f02,0.949
1456311721.0,91742e49,1.039
1456311721.0,910dca6c,1.019
1456311721.0,10c81160,1.089
1456311721.0,6912da2f,0.999
1456311721.0,6ad5396e,0.989
1456311721.0,c7e8775e,0.999
1456311721.0,198d543d,0.969
1456311721.0,331cb87c,0.989
1456311721.0,75e0a1f1,1.029
1456311721.0,560ee759,0.989
1456311721.0,34b739ce,1.039
1456311721.0,6b248588,0.969
1456311721.0,87d1caf0,0.989
1456311721.0,1a6fd67e,1.019
1456311721.0,c74d25ee,0.989
1456311721.0,d8c7802e,0.919
1456311721.0,4c5ddfb7,1.049
1456311721.0,84491c5b,1.009
1456311721.0,23afb420,0.999
1456311721.0,fe0014ec,1.029
1456311721.0,35d91334,1.019
1456311721.0,1403b858,1.069
1456311721.0,741c727e,1.029
1456311721.0,b685ec66,1.029
1456311721.0,e395d76d,1.009
1456311721.0,f88288ac,1.009
1456311721.0,3089305b,1.029
1456311721.0,83a3b810,1.009
1456311721.0,68e1f6e3,0.979
1456311721.0,2cbca1fc,0.929
1456311721.0,8401f134,1.059
1456311721.0,83e1a999,0.999
1456311721.0,f185e887,1.009
1456311721.0,be5a4a27,1.039
1456311721.0,5fd30b48,1.029
1456311721.0,91fe985a,0.929
1456311721.0,a39811f3,1.029
1456311721.0,887a8518,0.999
1456311721.0,6e0e837e,0.999
1456311721.0,c31de946,0.989
1456311721.0,f9294b46,1.009
1456311721.0,f3a1181b,0.999
1456311721.0,0ba3a7d1,1.099
1456311721.0,a5fbf851,0.919
1456311721.0,1bccc529,1.049
1456311721.0,9cd1b58f,1.019
1456311721.0,b287272b,1.029
1456311721.0,37020abb,1.009
1456311721.0,aca99357,1.039
1456311721.0,9a883b4c,0.939
1456311721.0,688e8d82,1.039
1456311721.0,99d09a30,1.019
1456311721.0,8289e2d3,1.019
1456311721.0,9544a82b,1.059
1456311721.0,a60237e8,1.049
1456311721.0,cf98a394,0.999
1456311721.0,92f8fe19,1.069
1456311721.0,81b7d9e6,1.019
1456311721.0,46d1ac1a,0.979
1456311721.0,2510a802,1.099
1456311721.0,592095a9,0.979
1456311721.0,5be10874,1.049
1456311721.0,1510f5e1,1.039
1456311721.0,1247a204,1.059
1456311721.0,20931f17,1.029
1456311721.0,f912f47a,1.049
1456311721.0,fcb3f0ac,1.009
1456311721.0,d639792f,1.019
1456311721.0,06c6ad62,1.019
1456311721.0,ee131d1e,1.029
1456311721.0,04486e6c,1.009
1456311721.0,0a1ab9f7,1.039
1456311721.0,5c335fc8,0.979
1456311721.0,4c6c04a6,1.039
1456311721.0,06f5e166,0.979
1456311721.0,01a1e47b,1.039
1456311721.0,cd7095cd,1.009
1456311721.0,ab241125,1.039
1456311721.0,740b387e,0.989
1456311721.0,8ac12153,1.029
1456311721.0,6b365c9c,1.049
1456311721.0,e1dcdd8e,1.009
1456311721.0,33fb4cf3,1.009
1456311721.0,7cb03693,1.009
1456311721.0,c1b38961,0.989
1456311721.0,de5d8f7a,1.009
1456311721.0,6798b5d8,0.979
1456311721.0,b68ce153,0.999
1456311721.0,e3a2ddca,0.989
1456311721.0,9170b9cb,1.019
1456311721.0,5efe91dc,1.029
1456311721.0,7a875bfd,1.069
1456311721.0,5b1a63ab,1.009
1456311721.0,f1a9cf2a,0.939
1456311721.0,372699d4,1.009
1456311721.0,574bc6fc,1.019
1456311721.0,21b965d9,1.059
1456311721.0,4eaad293,0.999
1456311721.0,07908b66,0.999
1456311721.0,4c715086,1.009
1456311721.0,829cb453,1.029
1456311721.0,b2e5f301,1.019
1456311721.0,8fa20ff5,0.969
1456311721.0,65c5fcbe,1.049
1456311721.0,1f1403a7,1.039
1456311721.0,a18277f9,0.999
1456311721.0,10603241,1.039
1456311721.0,ed7d2122,1.049
1456311721.0,b76902b4,0.999
1456311721.0,44f943cf,1.039
1456311721.0,0290e578,1.029
1456311721.0,415c90aa,0.989
1456311721.0,6c2fb45c,0.999
1456311721.0,ea850711,0.939
1456311721.0,e68575c0,1.059
1456311721.0,1b8d2640,0.969
1456311721.0,a07db53f,1.069
1456311721.0,d3508125,1.009
1456311721.0,bea1993d,1.029
1456311721.0,21a9251c,1.039
1456311721.0,9c114417,1.099
1456311721.0,0d0459d7,1.079
1456311721.0,524b14cc,0.989
1456311721.0,99144e06,1.059
1456311721.0,652a7261,1.029
1456311721.0,8e53fc38,1.039
1456311721.0,f2a2a323,1.019
1456311721.0,59b332e8,1.009
1456311721.0,19fb2ffb,1.039
1456311721.0,e9f37fb2,1.049
1456311721.0,1fb879cb,0.999
1456311721.0,f8e5ba22,0.919
1456311721.0,2c83c3c5,1.009
1456311721.0,915ee14c,0.999
1456311721.0,c0ab948d,1.039
1456311721.0,93d44ba8,1.039
1456311721.0,1b7f7503,1.049
1456311721.0,9975506f,1.029
1456311721.0,11c799de,0.989
1456311721.0,4c14d834,1.029
1456311721.0,6bca438d,1.039
1456311721.0,00fa08de,1.009
1456311721.0,0da9043c,1.059
1456311721.0,eae89db3,1.039
1456311721.0,4500efc2,1.009
1456311721.0,607d89d2,1.049
1456311721.0,2583beeb,1.099
1456311721.0,50f68290,1.019
1456311721.0,53567364,0.989
1456311721.0,10753208,1.019
1456311721.0,c37638ee,1.069
1456311721.0,996dd733,1.009
1456311721.0,e4e43cad,1.049
1456311721.0,c73ee0fc,1.049
1456311721.0,0b1eb29a,0.989
1456311721.0,e1920309,0.989
1456311721.0,08911c61,0.989
1456311721.0,e34047b9,0.979
1456311721.0,146c8d31,1.049
1456311721.0,836023d3,0.989
1456311721.0,a388f36b,0.929
1456311721.0,cbf2e960,1.009
1456311721.0,e8ecece5,0.969
1456311721.0,a462d05b,1.029
1456311721.0,98ba3c6d,1.039
1456311721.0,3b5ee4d1,1.059
1456311721.0,b8ab8097,1.009
1456311721.0,dbb6df9e,1.049
1456311721.0,b2590879,1.009
1456311721.0,a23f1295,0.979
1456311721.0,65188032,1.049
1456311721.0,b8b66437,0.999
1456311721.0,b093e5e6,0.999
1456311721.0,e38fc560,0.989
1456311721.0,8784631f,1.199
1456311721.0,3af8e691,1.019
1456311721.0,f2be6718,0.979
1456311721.0,1a48cf2f,1.049
1456311721.0,303dd086,0.999
1456311721.0,96d9319b,0.999
1456311721.0,cf3dfe31,1.019
1456311721.0,60d3d6ee,0.979
1456311721.0,66444795,1.009
1456311721.0,af91c953,1.039
1456311721.0,9940dbfc,0.979
1456311721.0,881b7fb8,1.009
1456311721.0,6e44cd2d,1.029
1456311721.0,0eeb22de,1.049
1456311721.0,bed994ff,1.029
1456311721.0,e034bbd0,0.999
1456311721.0,049b2af8,1.019
1456311721.0,484d9d04,1.009
1456311721.0,6db0e332,0.989
1456311721.0,312f1849,0.989
1456311721.0,7406d60c,1.039
1456311721.0,eac805c4,1.029
1456311721.0,3fb5dad7,1.009
1456311721.0,f7dcd56c,0.989
1456311721.0,631cd0c7,1.029
1456311721.0,142082b9,0.989
1456311721.0,42ac1f52,0.969
1456311721.0,8f8ade78,1.059
1456311721.0,24248782,1.009
1456311721.0,30466612,0.999
1456311721.0,c29d02a5,0.999
1456311721.0,a6ab5dd8,0.979
1456311721.0,7f0b245a,0.989
1456311721.0,4a0efe4c,1.019
1456311721.0,9aa29c07,1.019
1456311721.0,7c8784c0,1.049
1456311721.0,bb7226f1,0.999
1456311721.0,b2fe44c9,1.049
1456311721.0,41453b7f,1.029
1456311721.0,3f2144a4,0.989
1456311721.0,7a49343f,0.999
1456311721.0,794d6351,1.029
1456311721.0,71772573,1.009
1456311721.0,46d6bf0a,1.009
1456311721.0,84bb5636,0.989
1456311721.0,fb363438,1.019
1456311721.0,502fb54b,1.039
1456311721.0,8f2afdd4,1.069
1456311721.0,c1599ca9,1.059
1456311721.0,28a5d3b4,0.919
1456311721.0,02e680f9,1.019
1456311721.0,c2e96d64,0.979
1456311721.0,5dd52cfc,1.019
1456311721.0,23188c0a,1.039
1456311721.0,aaadef5f,1.059
1456311721.0,159f07cc,1.019
1456311721.0,cdf95c47,1.059
1456311721.0,dea8af98,0.929
1456311721.0,543a4871,1.069
1456311721.0,3e4dabe9,1.039
1456311721.0,68bce29e,1.059
1456311721.0,9845e20e,1.009
1456311721.0,360e9fbc,1.049
1456311721.0,bfe1fb46,1.029
1456311721.0,90f776c5,0.999
1456311721.0,c327932b,1.029
1456311721.0,6dbdc4a2,0.989
1456311721.0,096893a3,1.009
1456311721.0,5270f932,1.049
1456311721.0,cf3782fe,1.029
1456311721.0,2a953aa3,1.029
1456311721.0,b48a36b2,1.019
1456311721.0,7423e9d0,1.039
1456311721.0,7ec09a5a,1.019
1456311721.0,d7f4cb8b,1.049
1456311721.0,3ad0e13e,1.079
1456311721.0,8a365533,1.169
1456311721.0,16a70ba2,1.039
1456311721.0,b927af62,1.009
1456311721.0,fd36fe3a,1.039
1456311721.0,57c3de2f,0.989
1456311721.0,583ed604,1.039
1456311721.0,799875f1,1.059
1456311721.0,0664aa97,1.039
1456311721.0,014078e4,0.989
1456311721.0,c8a16513,1.089
1456311721.0,03c6addd,1.039
1456311721.0,0f96b386,1.009
1456311721.0,a8f38887,1.029
1456311721.0,ac94744b,1.019
1456311721.0,565eeda5,1.059
1456311721.0,1365e671,1.009
1456311721.0,a4c6b2cc,1.059
1456311721.0,32806aee,0.979
1456311721.0,19223eff,0.999
1456311721.0,ad827347,1.019
1456311721.0,7ff76277,1.009
1456311721.0,6ebc2d88,1.009
1456311721.0,e9971f1a,1.049
1456311721.0,ddb4781d,0.979
1456311721.0,b91e259c,1.069
1456311721.0,4f57cc33,1.069
1456311721.0,ec2a5548,0.989
1456311721.0,a489065a,1.039
1456311721.0,4f2ced03,1.039
1456311721.0,630f211d,0.989
1456311721.0,ed1587ed,0.989
1456311721.0,5d4d46b3,1.049
1456311721.0,39376aa1,1.029
1456311721.0,d25d3d18,1.049
1456311721.0,28b3e0b6,0.999
1456311721.0,2616645b,1.029
1456311721.0,09c4d8a3,1.009
1456311721.0,30bed2b3,1.009
1456311721.0,dae6ec80,1.009
1456311721.0,8962a152,1.009
1456311721.0,406bce1e,1.039
1456311721.0,be7b9424,1.039
1456311721.0,3e8ffe66,0.989
1456311721.0,d667f2fb,0.989
1456311721.0,0c0befd3,1.119
1456311721.0,a056e347,0.989
1456311721.0,2ae6578d,1.009
1456311721.0,5fc94f68,1.009
1456311721.0,af7679c0,0.989
1456311721.0,91012236,1.059
1456311721.0,94b09940,1.029
1456311721.0,fabbbb00,1.049
1456311721.0,db096089,0.999
1456311721.0,6d97a497,1.039
1456311721.0,79ee5792,1.039
1456311721.0,f0fd118b,1.009
1456311721.0,9dd2f35d,1.049
1456311721.0,8de1231e,1.029
1456311721.0,44f0df58,1.009
1456311721.0,67a0637d,0.979
1456311721.0,5aad9bc8,1.009
1456311721.0,2ab8cee3,0.999
1456311721.0,70f30d88,1.019
1456311721.0,c26e2bbb,0.929
1456311721.0,218fd480,1.009
1456311721.0,dce99b82,1.069
1456311721.0,cd52f1cb,1.039
1456311721.0,ac7163ca,0.989
1456311721.0,5d11fd07,0.989
1456311721.0,6754752f,1.029
1456311721.0,fc42b1f2,1.029
1456311721.0,5fab2045,0.999
1456311721.0,809b9631,1.039
1456311721.0,8938be00,1.049
1456311721.0,ee573fd5,1.039
1456311721.0,91666de8,1.009
1456311721.0,8ca3a1ef,1.079
1456311721.0,441f2c5b,0.999
1456311721.0,a8bb8cc7,0.999
1456311721.0,37a8af42,1.029
1456311721.0,e9cebbe4,0.959
1456311721.0,8979e403,0.989
1456311721.0,7ad9dcdf,1.019
1456311721.0,79a38de4,1.099
1456311721.0,6e42bec6,1.019
1456311721.0,afed3ef4,0.979
1456311721.0,4657a318,0.989
1456311721.0,24e4f125,1.019
1456311721.0,2a4d5e67,1.019
1456311721.0,bd50e8e2,1.009
1456311721.0,08da0ec0,1.029
1456311721.0,c1819b96,1.009
1456311721.0,4b0b0867,1.019
1456311721.0,749d3c9d,1.099
1456311721.0,69c5d24a,1.059
1456311721.0,7f42a07f,0.989
1456311721.0,53282654,1.019
1456311721.0,89c3b080,0.979
1456311721.0,d3755983,1.019
1456311961.0,20351c65,0.929
1456311961.0,0aeed7ce,0.949
1456311961.0,e8fba845,0.989
1456311961.0,930a4c50,0.979
1456311961.0,b81b8885,0.939
1456311961.0,cf4010a3,0.959
1456311961.0,c391ee8f,0.929
1456311961.0,bebb6d12,0.959
1456311961.0,a6e1038f,0.929
1456311961.0,e6289f57,0.929
1456311961.0,e1b4b7f3,0.949
1456311961.0,d109e19e,0.969
1456311961.0,68d5e021,0.959
1456311961.0,0297c11e,0.949
1456311961.0,42821895,0.929
1456311961.0,2a879abf,0.959
1456311961.0,607a5b45,0.989
1456311961.0,bd167c7d,0.929
1456311961.0,dfb47eed,0.929
1456311961.0,a790f6d4,0.939
1456311961.0,00e94972,0.929
1456311961.0,a6b83ee4,0.959
1456311961.0,bfcfe44e,0.959
1456311961.0,64ac75f0,0.929
1456311961.0,62fbc07f,0.909
1456311961.0,d531567b,0.949
1456311961.0,7e0a33b2,0.969
1456311961.0,55da4d14,0.939
1456311961.0,87fbb61d,0.969
1456311961.0,7d1cd9cd,0.929
1456311961.0,19284bc1,0.999
1456311961.0,ae48b914,0.999
1456311961.0,6cfd795c,1.009
1456311961.0,a4d2bd28,0.979
1456311961.0,91ebab1c,0.989
1456311961.0,690132ab,0.939
1456311961.0,03892e91,0.989
1456311961.0,6d7e72b2,1.029
1456311961.0,f032f387,1.019
1456311961.0,6ac0d50f,0.969
1456311961.0,286c1902,1.009
1456311961.0,4e905761,0.969
1456311961.0,f131e26a,0.929
1456311961.0,4f6de997,0.969
1456311961.0,1aa24614,1.019
1456311961.0,5ac9ec5a,1.009
1456311961.0,b46341ba,0.999
1456311961.0,,0.969
1456311961.0,5e0f74ed,1.009
1456311961.0,0ed0bca9,1.009
1456311961.0,fbf71c0b,0.999
1456311961.0,7a5a5f94,1.029
1456311961.0,98d8519a,0.949
1456311961.0,74767a2c,0.999
1456311961.0,3201c40b,0.949
1456311961.0,0feab2d6,0.999
1456311961.0,61638e00,0.979
1456311961.0,697d8735,1.009
1456311961.0,22e23737,1.029
1456311961.0,bf4ccf7b,1.029
1456311961.0,cfe72b95,0.969
1456311961.0,43bfc6b5,1.009
1456311961.0,bdd895df,1.009
1456311961.0,7b9e88e2,1.029
1456311961.0,7771824e,0.979
1456311961.0,73ae4422,1.029
1456311961.0,,1.009
1456311961.0,13ac9af6,0.939
1456311961.0,b86ca5b3,0.969
1456311961.0,ec60ed5f,0.949
1456311961.0,0521e7ef,1.019
1456311961.0,5bb4e610,0.979
1456311961.0,1569342b,0.999
1456311961.0,4764c22b,1.049
1456311961.0,80835ea0,0.949
1456311961.0,332c6cef,0.999
1456311961.0,bb3f103e,0.999
1456311961.0,61f78d05,0.999
1456311961.0,557d2fc5,0.969
1456311961.0,75005b6a,1.019
1456311961.0,34f8b648,1.009
1456311961.0,12f330d3,0.989
1456311961.0,3959f076,0.949
1456311961.0,98cb49b1,1.039
1456311961.0,cc6a0aeb,0.989
1456311961.0,237a7aef,0.999
1456311961.0,84b4d9e4,1.049
1456311961.0,1fb105e7,1.029
1456311961.0,91e0ee78,1.009
1456311961.0,fbd5f329,1.009
1456311961.0,,1.029
1456311961.0,12077d15,0.989
1456311961.0,86a500f1,0.979
1456311961.0,b21e0b80,1.029
1456311961.0,4d87940f,0.959
1456311961.0,a0b68564,1.009
1456311961.0,c9a2c4b6,1.059
1456311961.0,2a8702e9,0.949
1456311961.0,de77f6c5,0.999
1456311961.0,ab80b6f7,1.019
1456311961.0,117e8bca,0.979
1456311961.0,3cb139bc,0.999
1456311961.0,cb4c397b,0.999
1456311961.0,6670ab73,0.999
1456311961.0,67c4f219,1.049
1456311961.0,22455ce3,0.979
1456311961.0,aaf0a483,1.009
1456311961.0,0f76eceb,0.999
1456311961.0,603c4e8c,0.979
1456311961.0,faa85b47,0.999
1456311961.0,41618289,1.029
1456311961.0,,1.039
1456311961.0,e827975b,0.999
1456311961.0,e8c3f262,0.979
1456311961.0,b7502504,0.989
1456311961.0,c8c9912f,0.989
1456311961.0,cc6976b2,1.009
1456311961.0,4f1ec633,1.049
1456311961.0,815ef624,0.999
1456311961.0,5c2d9a2c,1.059
1456311961.0,980060a7,1.009
1456311961.0,1388fe07,0.969
1456311961.0,d2a9c0a1,1.009
1456311961.0,06594e01,0.999
1456311961.0,6a99b356,0.999
1456311961.0,3eb1b356,1.019
1456311961.0,b289e557,1.049
1456311961.0,3ad50a81,1.009
1456311961.0,a64ec2ce,0.989
1456311961.0,d0fef588,1.009
1456311961.0,c060c224,1.029
1456311961.0,00b1da66,0.999
1456311961.0,4397d974,1.009
1456311961.0,4b788d2a,1.009
1456311961.0,43605438,1.009
1456311961.0,df7d4f7c,0.989
1456311961.0,20fa2e02,1.039
1456311961.0,43e08abb,1.029
1456311961.0,10a613d1,1.019
1456311961.0,95cc0772,0.959
1456311961.0,49ea5327,0.949
1456311961.0,a2729b52,0.949
1456311961.0,980d97ef,0.979
1456311961.0,45d8dea2,1.049
1456311961.0,1fcd9128,0.979
1456311961.0,862dbd5b,1.039
1456311961.0,d2f8a338,0.949
1456311961.0,4b23821f,1.009
1456311961.0,930fbc1c,1.029
1456311961.0,0f2f9c5f,1.009
1456311961.0,,1.039
1456311961.0,53f9f79f,0.979
1456311961.0,c065b81d,0.944
1456311961.0,bd469a6d,1.009
1456311961.0,814d74ac,0.939
1456311961.0,4f9ccf16,0.989
1456311961.0,6342ed9b,1.039
1456311961.0,139724a5,0.979
1456311961.0,47fd3799,0.999
1456311961.0,4a647add,0.974
1456311961.0,f155a1eb,0.979
1456311961.0,c52fae08,0.989
1456311961.0,0aa181fc,0.999
1456311961.0,a7a5f25b,0.929
1456311961.0,174df2ec,1.039
1456311961.0,c00964ae,0.999
1456311961.0,fbc6af74,0.999
1456311961.0,e7e474b4,1.009
1456311961.0,4fee3e6d,1.019
1456311961.0,4778e8a1,1.019
1456311961.0,c92339a1,0.999
1456311961.0,778c7dfa,1.019
1456311961.0,a2459b61,1.019
1456311961.0,993479c7,0.989
1456311961.0,5aede176,0.989
1456311961.0,249a69d6,0.989
1456311961.0,a9f75b32,1.009
1456311961.0,5d40a336,1.004
1456311961.0,4130795c,1.029
1456311961.0,ccd8aac4,0.939
1456311961.0,e93a322c,1.019
1456311961.0,c8efbe00,1.059
1456311961.0,66cc688a,0.959
1456311961.0,085661ca,0.999
1456311961.0,4d917f63,0.949
1456311961.0,cbb111f4,1.059
1456311961.0,05c633c8,0.989
1456311961.0,4586c365,1.019
1456311961.0,0b46b912,0.989
1456311961.0,3a04ab7b,0.959
1456311961.0,b79abfef,1.039
1456311961.0,6b69df8f,1.029
1456311961.0,716b6235,1.019
1456311961.0,d570c239,0.969
1456311961.0,08ee2078,1.019
1456311961.0,3796fed2,1.039
1456311961.0,e6d32ea4,0.979
1456311961.0,a0f9d44d,1.019
1456311961.0,2168c0a1,1.039
1456311961.0,0b069a72,1.009
1456311961.0,c637f136,0.979
1456311961.0,8dfeb73b,1.009
1456311961.0,e8c6402f,0.989
1456311961.0,15e431dd,0.999
1456311961.0,21f51b7d,1.029
1456311961.0,e823f51f,1.049
1456311961.0,eb4b87cc,0.949
1456311961.0,d478cbe7,0.969
1456311961.0,f83dda73,1.019
1456311961.0,,1.009
1456311961.0,2947866d,0.979
1456311961.0,2f7eea5b,1.039
1456311961.0,,0.999
1456311961.0,0c2b92ac,1.039
1456311961.0,0f0135ae,0.999
1456311961.0,75a5bed7,1.019
1456311961.0,02771ac8,0.999
1456311961.0,1c4078e5,1.009
1456311961.0,1a5348cf,1.029
1456311961.0,3bf045f8,0.939
1456311961.0,2d4023ea,0.989
1456311961.0,c2952252,0.959
1456311961.0,0e14978e,0.979
1456311961.0,d8beccb1,1.029
1456311961.0,ac995a23,0.989
1456311961.0,c5208f75,1.019
1456311961.0,c737cf1c,1.049
1456311961.0,8f922896,1.019
1456311961.0,b4618121,0.949
1456311961.0,71fdd7b4,1.009
1456311961.0,396b08fd,0.979
1456311961.0,2d75151c,1.019
1456311961.0,d1cab319,1.019
1456311961.0,c5e5d152,1.019
1456311961.0,9520ba7c,0.989
1456311961.0,11b5806d,1.039
1456311961.0,8d590271,1.009
1456311961.0,e7e4d4a0,0.979
1456311961.0,ca3e36c7,1.009
1456311961.0,3a349054,0.989
1456311961.0,c86f3c0f,0.989
1456311961.0,6d6ba0fc,1.009
1456311961.0,f3a6a0c8,1.019
1456311961.0,9e6ada8a,1.039
1456311961.0,3b561556,0.999
1456311961.0,310e041a,1.039
1456311961.0,5f51bf27,0.999
1456311961.0,bcc54274,0.999
1456311961.0,e946aba1,0.999
1456311961.0,2f3e857f,0.979
1456311961.0,4bf0dfb0,1.049
1456311961.0,3f710c08,1.049
1456311961.0,95a3de9e,0.959
1456311961.0,61da3eca,0.969
1456311961.0,829de252,0.989
1456311961.0,103ca42c,0.999
1456311961.0,7cb1bbc0,1.029
1456311961.0,313e84fe,0.979
1456311961.0,249fa6e1,0.999
1456311961.0,b9d2597b,0.979
1456311961.0,edd40aaa,1.039
1456311961.0,adf7b918,0.989
1456311961.0,6946f633,1.009
1456311961.0,8b1e2d4f,1.059
1456311961.0,2f7c96af,1.009
1456311961.0,7fc3def3,0.999
1456311961.0,b3088432,1.019
1456311961.0,d7932eeb,0.909
1456311961.0,ca3dd4d1,1.019
1456311961.0,b8b97fc1,0.989
1456311961.0,61b974e5,1.029
1456311961.0,98e2efcd,0.999
1456311961.0,a05c9bbf,1.049
1456311961.0,6819963e,0.949
1456311961.0,bb4f2dca,0.959
1456311961.0,b52679e9,0.949
1456311961.0,6ebcf0bd,0.949
1456311961.0,cb5cc628,0.989
1456311961.0,1660ed2f,0.989
1456311961.0,87d167da,1.009
1456311961.0,4c7f88c9,0.999
1456311961.0,08d22af2,1.009
1456311961.0,42043d80,0.999
1456311961.0,37af09a8,1.009
1456311961.0,f9466962,1.009
1456311961.0,6c528360,1.019
1456311961.0,78c4502d,0.999
1456311961.0,225d6797,0.989
1456311961.0,25f73f25,0.999
1456311961.0,d1bfa6c5,0.969
1456311961.0,c7b9d409,1.009
1456311961.0,7895f019,0.999
1456311961.0,b347d1b0,0.979
1456311961.0,e983031d,1.029
1456311961.0,45374890,1.029
1456311961.0,fc7209ce,1.009
1456311961.0,cff9e937,0.989
1456311961.0,c791d886,0.999
1456311961.0,a37cd3e6,0.999
1456311961.0,0e949251,1.049
1456311961.0,07656553,0.999
1456311961.0,b47f33d8,0.979
1456311961.0,1dfe7e94,0.939
1456311961.0,9da51b85,0.969
1456311961.0,b3fefca1,0.939
1456311961.0,3d026101,0.929
1456311961.0,165068db,0.949
1456311961.0,876763f5,0.939
1456311961.0,79470901,0.929
1456311961.0,da3bff43,0.949
1456311961.0,5fc20a3d,0.929
1456311961.0,96ad35a6,0.939
1456311961.0,c19378b9,0.939
1456311961.0,d33b9af4,0.949
1456311961.0,113f4e08,0.989
1456311961.0,f435573a,0.989
1456311961.0,0538e9ee,0.949
1456311961.0,d7530e7f,0.979
1456311961.0,178c1416,1.019
1456311961.0,d9749191,0.949
1456311961.0,d8823f4b,0.979
1456311961.0,1674b9be,0.999
1456311961.0,26dbefc0,1.039
1456311961.0,32ba58a5,1.039
1456311961.0,a8329ca7,0.959
1456311961.0,ee24a3c9,1.009
1456311961.0,6805990d,0.969
1456311961.0,0a7d02af,1.009
1456311961.0,727a279d,1.019
1456311961.0,f8423c6c,0.999
1456311961.0,367978ca,1.039
1456311961.0,555992c9,0.949
1456311961.0,8068124c,0.999
1456311961.0,74c9e802,0.999
1456311961.0,33fc971c,0.979
1456311961.0,da93bb21,0.929
1456311961.0,c2400430,0.999
1456311961.0,8f545eb0,0.939
1456311961.0,1df9dc01,1.039
1456311961.0,3563be5a,0.979
1456311961.0,28dc9f41,1.019
1456311961.0,563059fb,0.959
1456311961.0,20021fca,0.989
1456311961.0,18b5f856,1.019
1456311961.0,9a4aa177,0.999
1456311961.0,cf4759e8,1.009
1456311961.0,9719805f,1.019
1456311961.0,aaed4223,1.019
1456311961.0,3c3f5bfb,0.999
1456311961.0,9ce4798d,1.029
1456311961.0,a5647053,1.019
1456311961.0,8ca1f59e,0.989
1456311961.0,aabec53c,0.959
1456311961.0,1c79df7a,0.969
1456311961.0,d51ef3f5,0.979
1456311961.0,0d721874,1.009
1456311961.0,348737ad,1.019
1456311961.0,a6a91c87,0.999
1456311961.0,1c043412,0.939
1456311961.0,5325ade4,1.009
1456311961.0,4287c54a,1.019
1456311961.0,a58775a0,0.989
1456311961.0,5e9aaf1c,1.039
1456311961.0,db462146,1.039
1456311961.0,98e9a25d,1.009
1456311961.0,391179ed,1.009
1456311961.0,2214026d,0.989
1456311961.0,9256a6d6,1.049
1456311961.0,cd2bd6ee,0.999
1456311961.0,9cf73813,0.979
1456311961.0,e55033ae,0.939
1456311961.0,1b7b3aab,0.939
1456311961.0,8309ecb0,1.029
1456311961.0,6a276ef2,0.989
1456311961.0,18175a0a,0.999
1456311961.0,4b7e86ba,1.029
1456311961.0,48d21f5a,0.969
1456311961.0,56f54684,1.009
1456311961.0,dc080c47,0.999
1456311961.0,8ff83a00,1.009
1456311961.0,b01cf6f6,0.939
1456311961.0,586ea323,0.979
1456311961.0,8b0687ba,1.029
1456311961.0,cea7fb15,0.989
1456311961.0,bcce0991,1.009
1456311961.0,fc1fc595,0.989
1456311961.0,8c44d237,0.999
1456311961.0,,1.019
1456311961.0,a1eb62eb,1.009
1456311961.0,670003ee,1.039
1456311961.0,,0.989
1456311961.0,558fc57e,1.029
1456311961.0,42e838c7,0.989
1456311961.0,bde06776,1.019
1456311961.0,54dcc913,1.009
1456311961.0,5cdcf2a5,0.999
1456311961.0,ec810259,0.999
1456311961.0,0bd9645c,1.019
1456311961.0,1ea58c14,0.979
1456311961.0,91757ae2,0.919
1456311961.0,082f2eb7,1.049
1456311961.0,4da65c5a,1.009
1456311961.0,5da4505e,0.979
1456311961.0,677b887d,1.039
1456311961.0,2234b79f,0.999
1456311961.0,a8a8c5b1,1.009
1456311961.0,dfd4b295,1.059
1456311961.0,bd8f68d2,0.969
1456311961.0,91e45e6a,1.009
1456311961.0,dd4af19d,1.019
1456311961.0,6e41593c,1.019
1456311961.0,636fe15d,0.969
1456311961.0,cd5c4fc2,1.009
1456311961.0,cc85d8a3,1.009
1456311961.0,f8874753,0.989
1456311961.0,2397b3e4,0.979
1456311961.0,adfdc7d5,0.969
1456311961.0,83f521f0,1.119
1456311961.0,e9187171,0.989
1456311961.0,0ad1807b,1.029
1456311961.0,26e8a3e0,0.989
1456311961.0,7bc87ccf,0.979
1456311961.0,14e03a1d,1.029
1456311961.0,41dc9205,0.989
1456311961.0,44a2c936,1.049
1456311961.0,32aa70e6,0.989
1456311961.0,d0465699,0.989
1456311961.0,,1.019
1456311961.0,b99abf38,1.039
1456311961.0,c26a49db,1.009
1456311961.0,65aa334d,1.009
1456311961.0,c16682b0,1.019
1456311961.0,8de805ba,0.989
1456311961.0,2ee62167,1.029
1456311961.0,369b5326,1.019
1456311961.0,6cda24f6,0.969
1456311961.0,710d9693,0.939
1456311961.0,3f9273de,1.009
1456311961.0,a709f6ca,0.989
1456311961.0,88128993,0.959
1456311961.0,57caca32,1.009
1456311961.0,a9e224de,0.979
1456311961.0,01f8d023,1.019
1456311961.0,8b3b52bb,0.999
1456311961.0,df6b217b,0.989
1456311961.0,986ab52a,1.009
1456311961.0,4e13229f,0.939
1456311961.0,afc2b240,0.939
1456311961.0,,0.989
1456311961.0,69b3e99c,0.989
1456311961.0,d85e66c0,0.999
1456311961.0,1e734ea9,0.989
1456311961.0,917af1e0,0.929
1456311961.0,5ed7343e,1.039
1456311961.0,b25b4ab0,0.999
1456311961.0,db1d08fc,1.049
1456311961.0,d4659823,0.999
1456311961.0,09d9579a,0.949
1456311961.0,e57be742,0.989
1456311961.0,aa65bfee,1.039
1456311961.0,edd1487d,1.009
1456311961.0,bbbc6ece,1.009
1456311961.0,7858e931,0.989
1456311961.0,78e9f79a,0.949
1456311961.0,6c001085,0.959
1456311961.0,d4fe6b6d,0.929
1456311961.0,ba77d89e,1.009
1456311961.0,3784c135,0.969
1456311961.0,5fc4c82d,0.999
1456311961.0,1d71d64c,1.009
1456311961.0,7b702829,1.009
1456311961.0,7f46e3b9,1.099
1456311961.0,dcab2d5d,0.939
1456311961.0,65600788,1.039
1456311961.0,b8aae107,0.949
1456311961.0,60ad081f,0.999
1456311961.0,e04ac56b,1.049
1456311961.0,49925c42,0.939
1456311961.0,c9a50b4f,0.979
1456311961.0,ba7d4f54,0.979
1456311961.0,477e21c8,1.029
1456311961.0,5e6a8982,1.039
1456311961.0,c97cc7c4,1.049
1456311961.0,2b3ab72c,0.989
1456311961.0,423f33ac,0.999
1456311961.0,6f92e401,1.019
1456311961.0,22c97836,1.029
1456311961.0,7e45a16f,0.939
1456311961.0,f7f36fa4,1.009
1456311961.0,7f9596ee,1.039
1456311961.0,f9347e34,0.959
1456311961.0,45e9feb7,0.979
1456311961.0,d35f6224,1.099
1456311961.0,0061e71a,1.009
1456311961.0,0e9a7f93,0.999
1456311961.0,c33a7e9f,1.009
1456311961.0,,0.969
1456311961.0,f6c091f9,0.959
1456311961.0,e30bdaa0,1.109
1456311961.0,c629a598,1.029
1456311961.0,9babce8b,0.959
1456311961.0,b9b3646f,1.059
1456311961.0,286eacff,0.979
1456311961.0,6d20a7b6,1.009
1456311961.0,6282bbac,0.989
1456311961.0,40f78b64,1.049
1456311961.0,a8334abd,1.009
1456311961.0,5982a304,1.009
1456311961.0,f4281f38,0.929
1456311961.0,f14a4629,0.999
1456311961.0,daae231d,1.009
1456311961.0,cb8edd06,0.949
1456311961.0,476279a4,0.999
1456311961.0,fb9f21b7,0.959
1456311961.0,a1c3be4b,0.999
1456311961.0,a302497e,0.989
1456311961.0,1d513400,1.049
1456311961.0,04f94792,1.029
1456311961.0,e3792bc9,1.039
1456311961.0,a100fb36,1.039
1456311961.0,,1.049
1456311961.0,d4f50f76,1.039
1456311961.0,baef0398,0.999
1456311961.0,49633dc8,0.999
1456311961.0,1cd14b72,0.939
1456311961.0,82cff99e,0.959
1456311961.0,80e8cb89,1.029
1456311961.0,,1.019
1456311961.0,d0fb35a1,0.989
1456311961.0,1de33a76,0.939
1456311961.0,21f78260,0.959
1456311961.0,ce0bd00f,0.949
1456311961.0,04d2538c,1.019
1456311961.0,da4f51da,1.039
1456311961.0,82dfbbfb,1.029
1456311961.0,97f194f9,1.019
1456311961.0,424834c6,0.959
1456311961.0,7fdd64dc,0.919
1456311961.0,bf83ff8d,1.009
1456311961.0,987c1347,0.999
1456311961.0,a4dec78a,1.049
1456311961.0,5196f76a,0.989
1456311961.0,257e72cc,1.019
1456311961.0,6499e58a,1.019
1456311961.0,dd700b9a,0.969
1456311961.0,864d06ee,0.939
1456311961.0,d64dcb15,0.989
1456311961.0,337fe4d9,1.199
1456311961.0,c36c0090,1.019
1456311961.0,c9d0b757,0.959
1456311961.0,9ba26da7,0.979
1456311961.0,42d0c2aa,1.039
1456311961.0,96d89e86,0.979
1456311961.0,345de47d,1.059
1456311961.0,4367b614,0.969
1456311961.0,8cba3640,1.039
1456311961.0,6bac3115,0.979
1456311961.0,d4a3f247,0.979
1456311961.0,,1.019
1456311961.0,fb77e994,1.039
1456311961.0,9d7fe73c,1.009
1456311961.0,2b57a135,0.959
1456311961.0,1947b494,0.979
1456311961.0,30176a30,1.019
1456311961.0,c85470f1,0.929
1456311961.0,93b3dc63,0.989
1456311961.0,b6990863,0.999
1456311961.0,1e13d4f8,0.979
1456311961.0,616bd931,0.939
1456311961.0,c46c7e06,0.949
1456311961.0,99e5cb1b,1.009
1456311961.0,a5296298,0.999
1456311961.0,603bc731,0.989
1456311961.0,8c231795,0.969
1456311961.0,e50cc55b,0.999
1456311961.0,204d8d56,0.999
1456311961.0,8e68c7c0,1.019
1456311961.0,4f913836,0.999
1456311961.0,3321fa98,0.999
1456311961.0,942087ca,0.949
1456311961.0,115ba3fe,0.999
1456311961.0,b2a8b4b9,0.919
1456311961.0,9679655e,1.019
1456311961.0,48ae79a5,0.979
1456311961.0,fe9c0e02,1.059
1456311961.0,068a30eb,0.989
1456311961.0,7b709283,1.039
1456311961.0,2d490ce5,1.009
1456311961.0,e010375a,0.979
1456311961.0,60ca3b5d,0.929
1456311961.0,7433201e,0.989
1456311961.0,77690552,0.989
1456311961.0,8342a4d9,1.009
1456311961.0,dec55aa1,0.949
1456311961.0,40dc7ae9,1.019
1456311961.0,0d94f40b,0.999
1456311961.0,2867337b,0.989
1456311961.0,a668a335,1.049
1456311961.0,8c1e3878,1.009
1456311961.0,8b2f9092,0.969
1456311961.0,506b3cd1,0.959
1456311961.0,17475683,1.019
1456311961.0,,1.009
1456311961.0,fd921c70,0.989
1456311961.0,07effad4,1.009
1456311961.0,7163665c,1.029
1456311961.0,f06281fb,0.969
1456311961.0,e1811d4f,1.019
1456311961.0,0ec71297,0.979
1456311961.0,895ceaef,0.989
1456311961.0,61a9a23e,0.959
1456311961.0,2be28aa5,1.009
1456311961.0,0c247382,0.989
1456311961.0,f56cecf3,1.019
1456311961.0,a6631f18,0.939
1456311961.0,,0.989
1456311961.0,b7752118,0.979
1456311961.0,be5dd10f,1.009
1456311961.0,38716c97,1.019
1456311961.0,6459c68c,1.029
1456311961.0,2275e3bb,1.039
1456311961.0,9d6f0c62,1.049
1456311961.0,0c58647e,1.039
1456311961.0,9aadb3f4,1.039
1456311961.0,b8563039,0.989
1456311961.0,f2054fb8,1.049
1456311961.0,1f1eaa0f,0.969
1456311961.0,d565fdf7,0.939
1456311961.0,5e5886b8,1.039
1456311961.0,79a7959f,1.019
1456311961.0,4ff77c54,1.009
1456311961.0,b0cbad3f,0.989
1456311961.0,2d2c8e81,1.029
1456311961.0,adfff05a,1.019
1456311961.0,a2c55ea4,1.019
1456311961.0,edc52f30,0.989
1456311961.0,da2a28a0,0.999
1456311961.0,210e805d,0.999
1456311961.0,47c5f8f7,0.999
1456311961.0,9db34e97,1.019
1456311961.0,85e1584b,1.019
1456311961.0,7c5c81e2,1.009
1456311961.0,35155576,1.019
1456311961.0,b1a6f7cf,0.989
1456311961.0,3346c58a,1.009
1456311961.0,9a03cdbc,0.949
1456311961.0,0d779f5e,1.019
1456311961.0,d9de4b56,1.019
1456311961.0,e8659100,1.009
1456311961.0,a5ce2de1,0.989
1456311961.0,161cb545,0.999
1456311961.0,79534436,1.019
1456311961.0,36f30de6,0.939
1456311961.0,,1.009
1456311961.0,e2800d44,0.939
1456311961.0,16a73c7d,0.999
1456311961.0,2907236c,1.009
1456311961.0,2f70ad86,0.979
1456311961.0,3344673e,0.959
1456311961.0,54344f7f,1.009
1456311961.0,5984119a,0.999
1456311961.0,27e302bc,1.009
1456311961.0,d983cd5e,0.999
1456311961.0,18641c7f,1.019
1456311961.0,9efa2ed6,1.009
1456311961.0,945ced86,1.039
1456311961.0,883f2551,0.999
1456311961.0,17bbc60e,0.989
1456311961.0,f8c5b496,1.019
1456311961.0,a2d8eda4,1.029
1456311961.0,efadda78,1.019
1456311961.0,0980ddb6,1.049
1456311961.0,e645d618,0.979
1456311961.0,ac02a968,0.989
1456311961.0,aa0cc0ae,0.989
1456311961.0,9c586989,1.009
1456311961.0,0339cb93,0.989
1456311961.0,1488066c,1.009
1456311961.0,d7ee03a5,0.999
1456311961.0,,1.029
1456311961.0,76cc63cc,1.009
1456311961.0,025d70e0,0.969
1456311961.0,43a05b46,0.979
1456311961.0,219c5d83,1.009
1456311961.0,f05206bf,0.979
1456311961.0,84d426fd,1.029
1456311961.0,5ac0914e,0.979
1456311961.0,2faaffd9,0.999
1456311961.0,aea5cadc,0.999
1456311961.0,3b0fb08c,0.999
1456311961.0,909c21e3,1.029
1456311961.0,df543f1f,0.969
1456311961.0,b2157446,0.969
1456311961.0,ed3dcd2f,0.999
1456311961.0,d1ff19d3,1.009
1456311961.0,d97307ab,0.969
1456311961.0,d0e10ca9,0.979
1456311961.0,4158664a,0.999
1456311961.0,6da23946,1.019
1456311961.0,b81c2aae,1.049
1456311961.0,7b17379c,1.029
1456311961.0,209e8416,0.989
1456311961.0,e037a798,1.029
1456311961.0,18bd42e9,1.029
1456311961.0,24bf40f3,0.969
1456311961.0,6d10b873,0.999
1456311961.0,142ed653,1.009
1456311961.0,acf3fb4b,0.999
1456311961.0,af6c3817,0.979
1456311961.0,b0b0be19,0.979
1456311961.0,73086606,0.989
1456311961.0,41ea449e,1.009
1456311961.0,2ccce8c3,0.969
1456311961.0,07e5acfb,1.009
1456311961.0,d7d071dd,0.949
1456311961.0,71618bdc,0.999
1456311961.0,0ab7f18e,0.999
1456311961.0,c8898ee2,1.009
1456311961.0,7f2cf706,0.929
1456311961.0,e5e737e8,0.969
1456311961.0,d790573d,0.949
1456311961.0,cfaad8a4,0.969
1456311961.0,d56413d1,0.999
1456311961.0,f28edad2,0.959
1456311961.0,38d183bf,1.009
1456311961.0,5321252a,1.009
1456311961.0,f9befed0,1.029
1456311961.0,4530e328,0.979
1456311961.0,65788d91,0.979
1456311961.0,1e7aac59,0.979
1456311961.0,5c2e3a01,0.949
1456311961.0,54cd733f,0.989
1456311961.0,dcca746a,0.999
1456311961.0,433cd102,0.929
1456311961.0,d0e02780,1.019
1456311961.0,d1deaf7f,1.009
1456311961.0,b869515f,1.049
1456311961.0,87245b5d,1.009
1456311961.0,aa01c225,1.009
1456311961.0,a3b8eb3b,1.019
1456311961.0,14da1401,0.999
1456311961.0,47bf3acc,0.999
1456311961.0,3463f37f,1.009
1456311961.0,c31190a4,1.089
1456311961.0,461b2a68,0.989
1456311961.0,ebe777f4,0.969
1456311961.0,216f7e87,1.009
1456311961.0,2fb3a6c8,1.249
1456311961.0,909f02fa,1.029
1456311961.0,926c754c,0.989
1456311961.0,a86c0a1f,1.009
1456311961.0,a05a18cd,1.009
1456311961.0,fd5c987c,0.979
1456311961.0,,1.039
1456311961.0,6d257c8c,0.989
1456311961.0,f2c8e01a,1.019
1456311961.0,aeb92729,0.979
1456311961.0,8e5758d4,0.989
1456311961.0,f3860d8d,1.049
1456311961.0,9f0519b8,0.949
1456311961.0,2c882c96,1.009
1456311961.0,7e304939,1.009
1456311961.0,3a0a2d0d,0.939
1456311961.0,4dc315a0,0.969
1456311961.0,b8fe6383,1.049
1456311961.0,aa45910c,1.039
1456311961.0,0e392bbd,0.999
1456311961.0,46bea8c9,1.009
1456311961.0,43474152,0.999
1456311961.0,b694f783,1.029
1456311961.0,ccbd9cdd,1.009
1456311961.0,f36b3182,0.999
1456311961.0,b598078e,1.029
1456311961.0,8117afb7,0.989
1456311961.0,3335bb20,0.999
1456311961.0,9b77fa3c,1.039
1456311961.0,5470379e,0.999
1456311961.0,d3a7aabc,0.929
1456311961.0,6cbdfb78,0.949
1456311961.0,1d6f1deb,0.949
1456311961.0,6c90e89a,0.939
1456311961.0,62d05b95,0.979
1456311961.0,d472efac,0.909
1456311961.0,abe52a6d,0.949
1456311961.0,b4666217,0.949
1456311961.0,3ea2f9db,0.959
1456311961.0,ce8b60a3,0.929
1456311961.0,c08ff843,0.939
1456311961.0,2e275f6e,0.929
1456311961.0,decd254e,0.989
1456311961.0,b215d388,0.979
1456311961.0,20ac7ec9,0.949
1456311961.0,79f769b8,1.039
1456311961.0,a66e3813,0.979
1456311961.0,fa5f29ac,1.009
1456311961.0,e05e8acf,1.039
1456311961.0,b8fee3a4,0.979
1456311961.0,fd7d736f,1.019
1456311961.0,27c6fcd5,1.019
1456311961.0,f4df3f30,0.959
1456311961.0,237e0152,0.959
1456311961.0,469d3f8c,1.009
1456311961.0,5f8076ef,0.979
1456311961.0,36ba87a1,0.949
1456311961.0,530fa955,0.999
1456311961.0,e551966a,0.979
1456311961.0,bf7e9cdf,1.029
1456311961.0,07d4d93c,1.009
1456311961.0,38ead0e8,1.019
1456311961.0,676f4e53,0.929
1456311961.0,f33d10dd,0.969
1456311961.0,09e77dd9,1.049
1456311961.0,a23d5fdf,1.009
1456311961.0,c96b90cb,0.999
1456311961.0,c3e9fea8,0.974
1456311961.0,0028e6e8,0.999
1456311961.0,10c81160,1.079
1456311961.0,6ad5396e,0.989
1456311961.0,e410897d,1.049
1456311961.0,3a3def5d,0.949
1456311961.0,8401f134,1.019
1456311961.0,be5a4a27,1.019
1456311961.0,f02e1c4e,0.939
1456311961.0,6d2bdf55,0.989
1456311961.0,f600b327,0.969
1456311961.0,592095a9,0.959
1456311961.0,873835b6,0.959
1456311961.0,f912f47a,1.029
1456311961.0,04486e6c,0.999
1456311961.0,1809b397,0.939
1456311961.0,ab241125,1.029
1456311961.0,33fb4cf3,0.999
1456311961.0,9170b9cb,0.999
1456311961.0,5efe91dc,1.009
1456311961.0,d3508125,1.009
1456311961.0,a7a2a72e,1.009
1456311961.0,652a7261,0.979
1456311961.0,e9f37fb2,1.019
1456311961.0,1fb879cb,0.999
1456311961.0,c0ab948d,1.039
1456311961.0,9514a2c3,0.999
1456311961.0,12812efd,0.939
1456311961.0,1b7f7503,1.039
1456311961.0,3363f966,1.029
1456311961.0,6bca438d,0.979
1456311961.0,e4e43cad,1.029
1456311961.0,3b5ee4d1,1.019
1456311961.0,b8b66437,0.999
1456311961.0,1a48cf2f,1.039
1456311961.0,944ee682,1.009
1456311961.0,cf3dfe31,0.999
1456311961.0,66444795,1.009
1456311961.0,bed994ff,0.989
1456311961.0,c3803ef6,0.929
1456311961.0,35d60303,0.959
1456311961.0,631cd0c7,0.999
1456311961.0,2b5433ca,1.029
1456311961.0,0a9446f2,0.999
1456311961.0,7c8784c0,1.039
1456311961.0,23f3fdd2,0.959
1456311961.0,bb7226f1,0.959
1456311961.0,8f2afdd4,1.059
1456311961.0,aaadef5f,1.039
1456311961.0,543a4871,1.009
1456311961.0,360e9fbc,1.009
1456311961.0,ecaab335,0.989
1456311961.0,7423e9d0,1.009
1456311961.0,583ed604,1.019
1456311961.0,13cfdfb2,1.039
1456311961.0,0664aa97,1.029
1456311961.0,03c6addd,0.989
1456311961.0,ac94744b,1.009
1456311961.0,6ebc2d88,0.999
1456311961.0,4f2ced03,1.009
1456311961.0,eeb96d2d,0.969
1456311961.0,1f721c24,0.939
1456311961.0,16b7ada0,0.984
1456311961.0,2ae6578d,0.999
1456311961.0,2ab8cee3,0.999
1456311961.0,43624917,1.019
1456311961.0,26dda5ba,0.949
1456311961.0,c96c8fe4,1.249
1456311961.0,7ad9dcdf,1.019
1456311961.0,b03e55fa,0.929
1456311961.0,c1819b96,0.999
1456311961.0,53282654,1.019
1456312201.0,88a429db,0.959
1456312201.0,56808aa1,0.969
1456312201.0,1248a8aa,0.959
1456312201.0,c1c42ec6,1.019
1456312201.0,c2bef439,0.959
1456312201.0,28ed1025,0.959
1456312201.0,cd0a3f67,0.929
1456312201.0,2ae20e3b,0.999
1456312201.0,ef2c1942,0.949
1456312201.0,acb06eaf,0.939
1456312201.0,473c3055,0.929
1456312201.0,588ff3f2,0.959
1456312201.0,d256c19e,0.919
1456312201.0,1ad58c2b,0.949
1456312201.0,1962a412,0.929
1456312201.0,e1320330,0.949
1456312201.0,d66e3405,0.949
1456312201.0,86700cdc,0.949
1456312201.0,05b184bf,0.979
1456312201.0,e2851b26,0.929
1456312201.0,caff03c9,0.909
1456312201.0,7de58c01,0.949
1456312201.0,35fd3576,0.959
1456312201.0,e0d2b4fe,0.989
1456312201.0,5b737243,0.969
1456312201.0,6672f80b,0.989
1456312201.0,412fc646,0.959
1456312201.0,f822968e,0.939
1456312201.0,7715f72c,0.999
1456312201.0,7c556e65,0.939
1456312201.0,9727ab3a,0.909
1456312201.0,e10ccff9,0.949
1456312201.0,790f62f3,0.929
1456312201.0,6785e982,0.989
1456312201.0,f366e8d4,0.939
1456312201.0,e40086e8,0.929
1456312201.0,175bcea1,0.979
1456312201.0,09da3c04,0.919
1456312201.0,6fa8087e,0.939
1456312201.0,618beb09,0.929
1456312201.0,b65176ae,0.949
1456312201.0,f527efec,0.929
1456312201.0,7473e055,0.959
1456312201.0,effc0f5f,0.979
1456312201.0,583bd0d6,0.909
1456312201.0,ebd3c375,0.989
1456312201.0,9d6f620d,0.949
1456312201.0,ed94db5a,1.019
1456312201.0,aacc4471,0.909
1456312201.0,f26d37c8,0.939
1456312201.0,9b76dd1d,1.029
1456312201.0,ef80204b,1.059
1456312201.0,1be36265,0.969
1456312201.0,9e517882,1.029
1456312201.0,9423afb9,0.959
1456312201.0,ee305546,0.999
1456312201.0,abcdcbad,0.969
1456312201.0,52f801fe,1.009
1456312201.0,cc1b41c2,1.029
1456312201.0,4f5b6b22,0.979
1456312201.0,f38a8116,0.989
1456312201.0,7d2e5c20,1.019
1456312201.0,ee75d139,0.959
1456312201.0,be189140,0.929
1456312201.0,ce3a31be,1.009
1456312201.0,2afeabea,0.989
1456312201.0,e50f5b31,0.979
1456312201.0,2cd62c9f,1.039
1456312201.0,b18ffb73,0.969
1456312201.0,39175664,0.939
1456312201.0,7d020a61,0.959
1456312201.0,684f8459,1.029
1456312201.0,bb79fa75,0.989
1456312201.0,4af5893f,0.939
1456312201.0,6b162563,0.959
1456312201.0,eb5d6331,1.019
1456312201.0,7b3fcbc6,0.999
1456312201.0,2371f256,0.999
1456312201.0,4fe1e4cc,1.009
1456312201.0,a770daf6,0.999
1456312201.0,9cad2f94,0.969
1456312201.0,5f0b3d94,0.939
1456312201.0,b48ba10e,0.969
1456312201.0,faddd104,0.929
1456312201.0,406de9bb,0.929
1456312201.0,4b634f44,0.999
1456312201.0,78c59dfc,0.939
1456312201.0,f41e2fff,0.969
1456312201.0,8e3599bc,1.009
1456312201.0,86041d34,0.959
1456312201.0,67b9bbe5,0.999
1456312201.0,9f4abaf3,0.999
1456312201.0,5f881538,0.959
1456312201.0,208f7301,1.009
1456312201.0,08919b22,0.949
1456312201.0,96300c44,0.979
1456312201.0,447dba6a,0.969
1456312201.0,f8e15df3,1.009
1456312201.0,d242c421,0.959
1456312201.0,,1.019
1456312201.0,63616f1f,0.969
1456312201.0,a8266115,0.949
1456312201.0,0b3fd25f,1.029
1456312201.0,9592640d,1.029
1456312201.0,c2b3c7ad,0.949
1456312201.0,43b50967,1.039
1456312201.0,a10531f9,0.979
1456312201.0,0567b4b5,1.019
1456312201.0,93d1f437,0.969
1456312201.0,815252d2,0.929
1456312201.0,50ccc5eb,0.969
1456312201.0,e3d91258,1.039
1456312201.0,b3a96696,0.929
1456312201.0,21f6f55f,0.979
1456312201.0,909da1d9,0.999
1456312201.0,be8c65ec,1.009
1456312201.0,3589a5bc,1.009
1456312201.0,7a66bf28,0.969
1456312201.0,91b59473,1.019
1456312201.0,f4e77bcd,1.029
1456312201.0,6baeb328,1.019
1456312201.0,507cdfac,0.949
1456312201.0,6b7777cb,0.919
1456312201.0,97311a78,0.979
1456312201.0,e20c7066,1.029
1456312201.0,612ed46e,0.999
1456312201.0,4be2e87c,0.969
1456312201.0,f813fdc9,0.929
1456312201.0,06f39bb4,0.999
1456312201.0,7ab8a6b9,1.029
1456312201.0,8c5d615e,0.999
1456312201.0,3b3dda8f,0.949
1456312201.0,703cb794,0.949
1456312201.0,e7e4d4a0,0.969
1456312201.0,6006af67,0.979
1456312201.0,27f88bd4,0.959
1456312201.0,ab4840e2,0.959
1456312201.0,de18aa7d,0.949
1456312201.0,ec8e7daa,0.949
1456312201.0,d5062706,0.964
1456312201.0,d7932eeb,0.919
1456312201.0,f6648caf,1.009
1456312201.0,aa28e876,1.009
1456312201.0,d5d9e64c,1.039
1456312201.0,68d28369,0.949
1456312201.0,6ba4e2d1,1.009
1456312201.0,34b00dee,0.949
1456312201.0,d67b3850,0.939
1456312201.0,d3d96d55,0.949
1456312201.0,2d149d2f,0.949
1456312201.0,6e416e85,0.999
1456312201.0,5fcf7eea,0.989
1456312201.0,ff5d1617,0.959
1456312201.0,d887646b,0.979
1456312201.0,2d204d17,0.989
1456312201.0,a73bef5e,0.989
1456312201.0,4824bf4c,0.949
1456312201.0,ec80fbc7,0.964
1456312201.0,259e7e2b,0.999
1456312201.0,4b87f0df,0.949
1456312201.0,867ec7f3,1.029
1456312201.0,0bf8686a,0.989
1456312201.0,c648217d,0.979
1456312201.0,24c052f2,1.019
1456312201.0,61637c84,0.989
1456312201.0,491a07d2,0.969
1456312201.0,b1ca0ed3,0.959
1456312201.0,be60701b,0.999
1456312201.0,8f1f8544,1.019
1456312201.0,1ae63c31,1.009
1456312201.0,,1.009
1456312201.0,4c2d3e35,1.029
1456312201.0,02f7b616,0.999
1456312201.0,14af5c6e,1.029
1456312201.0,91713a4d,0.979
1456312201.0,2b8a1d9c,0.969
1456312201.0,663b1f4b,1.029
1456312201.0,32bea9c7,0.919
1456312201.0,9d62bf3b,0.939
1456312201.0,90bdfe5b,0.939
1456312201.0,04524480,0.959
1456312201.0,5a8b71b2,0.939
1456312201.0,8e8a5274,0.969
1456312201.0,7ced45b7,0.949
1456312201.0,4263f1be,0.979
1456312201.0,dbb88534,0.969
1456312201.0,14e91513,1.039
1456312201.0,f649936e,1.039
1456312201.0,b523f362,0.939
1456312201.0,0535a64d,1.029
1456312201.0,d19b61da,0.939
1456312201.0,6cda24f6,0.969
1456312201.0,5f65589e,0.989
1456312201.0,e1071f74,0.969
1456312201.0,2e25253e,1.019
1456312201.0,071ee1b4,0.999
1456312201.0,7b73b743,1.009
1456312201.0,76e0e2ad,0.979
1456312201.0,e8befa14,1.029
1456312201.0,43b0f319,0.939
1456312201.0,a40e21ff,0.948
1456312201.0,d3dc7d8c,0.989
1456312201.0,3bb9d5ac,0.999
1456312201.0,f76fac88,0.959
1456312201.0,88a26674,0.989
1456312201.0,2b00ce60,1.019
1456312201.0,c2a87587,1.039
1456312201.0,76ee34f4,0.939
1456312201.0,5f71144d,0.999
1456312201.0,50bbc649,0.949
1456312201.0,f7f61bfc,0.939
1456312201.0,691bf1db,0.939
1456312201.0,ca4047f3,0.989
1456312201.0,ac0c8eee,0.999
1456312201.0,3f2e3b3e,0.949
1456312201.0,ff58f7ef,1.029
1456312201.0,d9a504fe,0.949
1456312201.0,47a5253e,1.029
1456312201.0,8e25d9aa,0.969
1456312201.0,cfea1db9,0.999
1456312201.0,b212ad4b,0.969
1456312201.0,046da538,0.999
1456312201.0,2e72931a,1.019
1456312201.0,38cc0cb5,0.939
1456312201.0,b760e17f,0.999
1456312201.0,18b93d5d,0.979
1456312201.0,94d84ba4,0.979
1456312201.0,72fbc81a,0.979
1456312201.0,5d8dcd1a,0.999
1456312201.0,ab4da979,1.009
1456312201.0,669b7d94,1.009
1456312201.0,1aa7daeb,1.019
1456312201.0,ae7d5dd1,0.949
1456312201.0,b863dc49,0.939
1456312201.0,6479b534,0.949
1456312201.0,22bd0a6a,0.969
1456312201.0,12203554,0.999
1456312201.0,1f1e08d5,0.979
1456312201.0,b632c5ee,0.939
1456312201.0,476279a4,0.989
1456312201.0,4d930ee5,0.939
1456312201.0,1aa38dcc,1.049
1456312201.0,324dc3f8,0.999
1456312201.0,53e9b1ac,0.959
1456312201.0,9bccabe6,0.939
1456312201.0,48ef3fea,0.959
1456312201.0,e9fe3dfb,0.979
1456312201.0,6d3f757f,1.029
1456312201.0,b38002eb,0.959
1456312201.0,3d12dc1e,0.999
1456312201.0,67a88200,0.989
1456312201.0,150a8031,0.999
1456312201.0,7cdc9523,0.989
1456312201.0,bc342274,0.959
1456312201.0,d44b5cfb,0.959
1456312201.0,c0911b94,0.949
1456312201.0,186a2106,0.969
1456312201.0,95d6571c,1.029
1456312201.0,76f75d37,1.009
1456312201.0,0acb65ea,1.039
1456312201.0,4e30bdf2,0.969
1456312201.0,c083a2d4,1.009
1456312201.0,835a8691,1.029
1456312201.0,076cbc57,0.999
1456312201.0,03b3aa33,0.929
1456312201.0,4d7be304,0.949
1456312201.0,a453e0de,0.939
1456312201.0,2e047349,0.989
1456312201.0,ea01675f,0.939
1456312201.0,faaa1fe7,0.989
1456312201.0,9c308e5f,0.959
1456312201.0,71b846ff,0.939
1456312201.0,ed5d3dbd,0.989
1456312201.0,94be3c52,0.999
1456312201.0,1ab8e201,0.959
1456312201.0,4c6fce6c,0.949
1456312201.0,346a1694,0.989
1456312201.0,abf7041a,0.949
1456312201.0,41d19376,0.999
1456312201.0,038e6a0c,0.939
1456312201.0,01dd1b6f,0.999
1456312201.0,,1.029
1456312201.0,9be01fd7,1.009
1456312201.0,48cd0b07,0.989
1456312201.0,272828c5,1.029
1456312201.0,190ce429,0.979
1456312201.0,dfed207f,0.979
1456312201.0,775487a4,0.939
1456312201.0,b471c98a,0.949
1456312201.0,f06281fb,0.969
1456312201.0,93ef3495,1.019
1456312201.0,85ae0b90,0.959
1456312201.0,54151b0d,1.029
1456312201.0,92401764,0.969
1456312201.0,fff1f639,0.949
1456312201.0,bf80d980,0.999
1456312201.0,1464ac8a,0.979
1456312201.0,07de256c,0.979
1456312201.0,89105f13,0.979
1456312201.0,47647d8f,1.009
1456312201.0,f57033cf,1.029
1456312201.0,2ae61bab,1.009
1456312201.0,ae26bf83,1.009
1456312201.0,58a7384f,0.969
1456312201.0,b04f3f69,1.039
1456312201.0,c290efa7,0.999
1456312201.0,da20711a,0.979
1456312201.0,966a40ae,0.949
1456312201.0,ae3c2fda,1.039
1456312201.0,c5094307,0.969
1456312201.0,75bc1c25,0.999
1456312201.0,8536a14e,0.939
1456312201.0,210d7aa0,1.029
1456312201.0,391e14ca,0.979
1456312201.0,6cacebf5,1.009
1456312201.0,c9974d8f,0.999
1456312201.0,e7b6ab01,0.969
1456312201.0,a48343d6,0.989
1456312201.0,cc350ace,0.939
1456312201.0,228ecb81,0.999
1456312201.0,d1002658,1.039
1456312201.0,034c5ff6,0.989
1456312201.0,7eb5a5a4,0.999
1456312201.0,c4088196,0.989
1456312201.0,332fb1ba,0.939
1456312201.0,d0f6968c,0.939
1456312201.0,f28d04f5,1.009
1456312201.0,b88f7241,0.969
1456312201.0,9b127d1f,1.009
1456312201.0,d6f1e726,0.999
1456312201.0,94c17036,1.029
1456312201.0,265c7e5d,0.949
1456312201.0,d8032a5b,0.959
1456312201.0,941effa7,0.979
1456312201.0,a03824da,1.009
1456312201.0,a46de094,0.919
1456312201.0,5505aa75,1.009
1456312201.0,270ee8bf,0.949
1456312201.0,80b92918,0.918
1456312201.0,d5289a25,0.979
1456312201.0,0846ce19,0.959
1456312201.0,c7f22027,1.049
1456312201.0,48c3f251,1.039
1456312201.0,b2b29318,0.999
1456312201.0,4a9b9c71,0.979
1456312201.0,b9cdf061,1.029
1456312201.0,3adfecf0,0.999
1456312201.0,6ffcaa16,0.969
1456312201.0,,1.009
1456312201.0,,1.009
1456312201.0,2c3fb747,1.019
1456312201.0,d99f8c72,0.979
1456312201.0,0a224fb3,0.949
1456312201.0,42b80e51,0.969
1456312201.0,035ff990,0.949
1456312201.0,476429df,0.959
1456312201.0,a949a310,1.029
1456312201.0,24b936ef,0.939
1456312201.0,ac6ccf5d,0.939
1456312201.0,2d4a2d35,0.929
1456312201.0,3b68a541,0.939
1456312201.0,d472efac,0.909
1456312201.0,511a1f46,0.939
1456312201.0,73e22345,0.939
1456312201.0,c674dd96,0.939
1456312201.0,e5cba29c,0.939
1456312201.0,87298a04,1.009
1456312201.0,fc59259b,1.019
1456312201.0,2ab0fae2,1.039
1456312201.0,c404557e,0.939
1456312201.0,47c753f1,0.979
1456312201.0,2492502b,0.969
1456312201.0,78a3ab05,0.959
1456312201.0,351dd222,0.919
1456312201.0,eb32d6b5,1.029
1456312201.0,36ba87a1,0.949
1456312201.0,331cb87c,0.979
1456312201.0,fab43cd7,0.989
1456312201.0,85e1d8aa,0.969
1456312201.0,802fc822,1.039
1456312201.0,9cc2158c,0.969
1456312201.0,39ff66f8,0.989
1456312201.0,40fe1f50,1.019
1456312201.0,b29e1284,0.994
1456312201.0,b2fe027e,0.999
1456312201.0,75167b82,0.969
1456312201.0,0cca58b4,0.999
1456312201.0,57970dd5,0.959
1456312201.0,27612978,0.949
1456312201.0,1510f5e1,1.019
1456312201.0,11ab82be,0.959
1456312201.0,e578a879,0.979
1456312201.0,06170933,1.019
1456312201.0,e4f15ee0,1.039
1456312201.0,dff9a053,0.969
1456312201.0,5780923a,0.969
1456312201.0,036b80ad,0.939
1456312201.0,a4a288ce,0.969
1456312201.0,58cdd6dc,0.999
1456312201.0,c37638ee,1.069
1456312201.0,f5d0841a,0.979
1456312201.0,48772908,0.939
1456312201.0,881b7fb8,0.999
1456312201.0,f8abf94c,0.939
1456312201.0,cdf95c47,1.039
1456312201.0,f230f25c,0.979
1456312201.0,c327932b,1.009
1456312201.0,1881d983,1.029
1456312201.0,c042fdd9,0.969
1456312201.0,ee9738ce,0.989
1456312201.0,799875f1,1.029
1456312201.0,f625c166,0.949
1456312201.0,833241cf,0.989
1456312201.0,f05874bd,0.973
1456312201.0,28664934,1.019
1456312201.0,8b5466e6,0.949
1456312201.0,32dcc2c9,0.969
1456312201.0,9f9d06bd,0.964
1456312201.0,ed46fdb9,0.939
1456312201.0,0c473f0d,0.919
1456312201.0,b03e55fa,0.929
1456312201.0,911569db,0.959
1456312201.0,c6ad410f,0.949
1456312441.0,1e57f412,1.059
1456312441.0,66fc21d2,1.029
1456312441.0,,0.999
1456312441.0,8f921904,0.959
1456312441.0,bf66734b,0.969
1456312441.0,800f2ca2,1.029
1456312441.0,b8c5de33,0.939
1456312441.0,5f00ab6a,0.989
1456312441.0,cf18b057,0.969
1456312441.0,6894d9e7,0.959
1456312441.0,6a74be04,1.019
1456312441.0,375f0e67,0.959
1456312441.0,2ddaec8d,0.929
1456312441.0,4ca12111,0.999
1456312441.0,8175f3cb,0.999
1456312441.0,bb34b27f,0.979
1456312441.0,e76cdeb7,0.969
1456312441.0,4cee5beb,0.989
1456312441.0,c4f355fb,0.979
1456312441.0,885b2e54,1.049
1456312441.0,ac22a573,0.969
1456312441.0,f15b5390,0.969
1456312441.0,debd4594,0.979
1456312441.0,24c10ff0,1.009
1456312441.0,9cdd4f3a,0.969
1456312441.0,33c885cc,0.969
1456312441.0,c8fac997,0.949
1456312441.0,c6d2e518,0.979
1456312441.0,7b80d32c,0.989
1456312441.0,605da2e4,1.009
1456312441.0,472cc7af,0.929
1456312441.0,ae71af81,0.979
1456312441.0,3909e8e8,0.989
1456312441.0,ddd15cbb,1.029
1456312441.0,2d591431,0.949
1456312441.0,806e5051,0.999
1456312441.0,5f7106c3,1.009
1456312441.0,09aa1a8b,1.039
1456312441.0,8a33170f,1.039
1456312441.0,1d57ebaf,0.989
1456312441.0,fbbb030d,1.049
1456312441.0,87531960,0.979
1456312441.0,2c773ce0,0.989
1456312441.0,7ad9844c,0.959
1456312441.0,6fb67f4c,0.969
1456312441.0,0c728d01,0.969
1456312441.0,c060503d,1.009
1456312441.0,25f9d419,0.939
1456312441.0,ce331290,0.939
1456312441.0,be11dd72,1.019
1456312441.0,9d51c1aa,0.979
1456312441.0,d9de1886,0.979
1456312441.0,b089244a,0.969
1456312441.0,957f9612,0.999
1456312441.0,bd52c7bf,0.979
1456312441.0,,0.969
1456312441.0,190c7dc9,0.999
1456312441.0,2410740f,0.969
1456312441.0,1de97778,0.979
1456312441.0,8d7cf3c9,1.029
1456312441.0,017c730c,1.009
1456312441.0,2a00611c,0.979
1456312441.0,acb93b88,1.029
1456312441.0,097b0d22,0.929
1456312441.0,292cfe23,0.989
1456312441.0,87532816,1.034
1456312441.0,302b9338,0.989
1456312441.0,d98c0af9,0.969
1456312441.0,d6e5c3f0,0.989
1456312441.0,d09811d3,1.029
1456312441.0,5550eba8,0.969
1456312441.0,d991f8d3,0.969
1456312441.0,ac4f6a54,0.959
1456312441.0,c1772f1e,1.009
1456312441.0,5f3ccc40,0.989
1456312441.0,f88a40bc,1.009
1456312441.0,761dd171,0.989
1456312441.0,d4770cdf,0.999
1456312441.0,dd1126e0,1.009
1456312441.0,112e83a5,0.999
1456312441.0,b2c67780,1.019
1456312441.0,602cea26,1.029
1456312441.0,ad0995a1,0.959
1456312441.0,4f72fca5,1.019
1456312441.0,cfc34477,0.999
1456312441.0,902ccc5b,0.999
1456312441.0,f6703dce,0.969
1456312441.0,3b937318,1.029
1456312441.0,60399455,0.979
1456312441.0,b9930116,1.009
1456312441.0,76b80c65,1.009
1456312441.0,,0.989
1456312441.0,2778bb34,0.999
1456312441.0,8d7db884,0.999
1456312441.0,8547b6b8,1.019
1456312441.0,06f5dad2,1.029
1456312441.0,89376981,0.979
1456312441.0,eb5d6331,0.999
1456312441.0,69c4db90,0.999
1456312441.0,c0ad4417,0.989
1456312441.0,d5843ecf,0.939
1456312441.0,572bb7e5,0.979
1456312441.0,008b0fac,1.019
1456312441.0,49c15bc9,0.989
1456312441.0,0e1fdace,0.979
1456312441.0,daa4d1d7,0.999
1456312441.0,d489f647,1.029
1456312441.0,8720b933,1.029
1456312441.0,6a8da366,0.979
1456312441.0,f0d6aa58,1.029
1456312441.0,215c30e8,0.989
1456312441.0,7b9f0ef9,1.029
1456312441.0,b6583eaf,0.959
1456312441.0,fc3fcf48,1.009
1456312441.0,a470edc3,0.989
1456312441.0,d367f64c,1.039
1456312441.0,19625574,1.029
1456312441.0,0622b5eb,0.989
1456312441.0,eefff0b8,1.009
1456312441.0,e8f89f23,0.999
1456312441.0,2c58ecc7,0.969
1456312441.0,bdb44643,0.969
1456312441.0,ed2deb3d,0.979
1456312441.0,0722a606,1.019
1456312441.0,19413372,0.999
1456312441.0,f3608951,0.979
1456312441.0,4484bbef,1.009
1456312441.0,9dc599bb,0.959
1456312441.0,bc235ee2,0.969
1456312441.0,5a8fcce2,0.959
1456312441.0,2bd60a02,1.029
1456312441.0,c67cc2dd,0.999
1456312441.0,9fad7fea,0.989
1456312441.0,b46b0917,0.959
1456312441.0,37427601,0.979
1456312441.0,84cd3ae4,1.019
1456312441.0,4146a204,1.029
1456312441.0,ddd25787,1.039
1456312441.0,cb61d796,0.949
1456312441.0,2f231204,0.959
1456312441.0,9baa546c,0.989
1456312441.0,de376e73,0.979
1456312441.0,2fe20e60,0.969
1456312441.0,3b3e1ce0,0.949
1456312441.0,b79612a4,0.939
1456312441.0,c307725e,0.979
1456312441.0,d500f94f,1.029
1456312441.0,711d036b,0.989
1456312441.0,fcdeda3e,0.929
1456312441.0,84b346b1,0.989
1456312441.0,14d6c87e,1.029
1456312441.0,47647764,0.999
1456312441.0,5a5b83e5,0.999
1456312441.0,37e9ba19,1.019
1456312441.0,30ab5003,1.019
1456312441.0,6b347fa9,1.019
1456312441.0,05976f26,1.019
1456312441.0,780043a9,0.929
1456312441.0,982ef9d8,0.969
1456312441.0,99c10f15,1.119
1456312441.0,bb2d140b,1.039
1456312441.0,41266bc4,1.009
1456312441.0,03cdbd16,1.009
1456312441.0,45edf39e,0.969
1456312441.0,eda96774,0.949
1456312441.0,025d09a7,0.979
1456312441.0,3df4abe9,0.969
1456312441.0,af622e10,0.979
1456312441.0,f873156d,0.989
1456312441.0,be8e21ab,1.019
1456312441.0,1f7b82e5,0.979
1456312441.0,44dd8de5,1.039
1456312441.0,9c044e4f,1.019
1456312441.0,b3e6c96a,0.949
1456312441.0,d0f9f901,0.969
1456312441.0,b4c00a25,0.999
1456312441.0,,0.979
1456312441.0,68a4ad40,1.009
1456312441.0,1f635eb5,1.009
1456312441.0,8c716afc,1.039
1456312441.0,22b994a8,1.009
1456312441.0,af91cef3,0.949
1456312441.0,2f8220df,1.029
1456312441.0,70c08251,0.939
1456312441.0,8e8fc0d2,0.989
1456312441.0,c56a25e8,0.979
1456312441.0,adb0e3b5,0.989
1456312441.0,c7316ab3,1.009
1456312441.0,91385da7,1.039
1456312441.0,632dad6b,1.019
1456312441.0,7ea9e64e,0.969
1456312441.0,d0d137e8,0.989
1456312441.0,6e12c790,0.929
1456312441.0,29551811,0.969
1456312441.0,50acf721,0.979
1456312441.0,6568fb81,0.979
1456312441.0,bd7cef0f,1.009
1456312441.0,cb70fbd6,0.969
1456312441.0,d586ebeb,0.979
1456312441.0,cf228ee3,0.999
1456312441.0,df1d2009,1.009
1456312441.0,2aa06f6e,0.989
1456312441.0,09a6cc4e,1.039
1456312441.0,1d223722,1.039
1456312441.0,f38a8e26,1.019
1456312441.0,9b71f290,0.959
1456312441.0,7cdcdb86,1.019
1456312441.0,9bf2ca69,1.019
1456312441.0,41e7918d,1.029
1456312441.0,64542f0d,0.999
1456312441.0,ee167171,1.029
1456312441.0,8b1f5a6f,0.979
1456312441.0,eabde0e7,0.989
1456312441.0,f79bb7dd,0.979
1456312441.0,ed417fe5,0.969
1456312441.0,eaa98c1c,1.019
1456312441.0,615801d6,0.999
1456312441.0,2cdb8a62,0.999
1456312441.0,b3fe373b,0.989
1456312441.0,5e363c03,0.989
1456312441.0,6781fe81,1.009
1456312441.0,ab11e935,0.969
1456312441.0,b59cf984,0.954
1456312441.0,75a26cab,1.119
1456312441.0,f3ffc72b,1.009
1456312441.0,03199c21,0.949
1456312441.0,92e92fe0,0.949
1456312441.0,a676af82,1.019
1456312441.0,fc998162,0.989
1456312441.0,e5b18dec,0.959
1456312441.0,0657e6a3,1.019
1456312441.0,0f173106,1.029
1456312441.0,cf72999d,0.939
1456312441.0,251b8d8a,1.009
1456312441.0,f9b056ba,0.999
1456312441.0,e25e53b1,1.019
1456312441.0,e5cb0020,0.949
1456312441.0,deb0665c,0.979
1456312441.0,5318f3a8,1.019
1456312441.0,149d33f0,0.979
1456312441.0,4f2880a9,1.029
1456312441.0,f4accce7,0.999
1456312441.0,3c4c7ab9,0.979
1456312441.0,de4dfcb8,1.019
1456312441.0,bf87bcf0,1.009
1456312441.0,c4a22935,0.989
1456312441.0,aff519f2,0.979
1456312441.0,d7d438ac,1.019
1456312441.0,7f8ae480,1.089
1456312441.0,0d9f89b8,0.989
1456312441.0,9f28cd19,0.979
1456312441.0,305b11b7,1.019
1456312441.0,71a6b9f3,0.959
1456312441.0,c6306633,0.989
1456312441.0,b615461b,0.969
1456312441.0,f9ce73b2,1.009
1456312441.0,121ea079,1.019
1456312441.0,,0.979
1456312441.0,c575cb16,0.989
1456312441.0,ffbeb4cc,1.119
1456312441.0,efb9c112,0.989
1456312441.0,ce736f1a,0.989
1456312441.0,d04dc22d,1.009
1456312441.0,d9d4a6fe,0.989
1456312441.0,656a2566,1.019
1456312441.0,9ec908ec,1.029
1456312441.0,9b209e8a,0.959
1456312441.0,4be2e87c,0.969
1456312441.0,959e5dd8,0.989
1456312441.0,fd92c61e,1.009
1456312441.0,f8ebbae1,0.989
1456312441.0,c69497b1,0.989
1456312441.0,09798ba9,0.979
1456312441.0,e1e7fd9f,0.979
1456312441.0,64da7e72,1.029
1456312441.0,dc9da122,0.969
1456312441.0,52932f4e,0.969
1456312441.0,d088285e,0.999
1456312441.0,1ad30a9a,0.949
1456312441.0,c680f14f,0.999
1456312441.0,c2cbc81c,1.009
1456312441.0,410ba324,0.959
1456312441.0,4c7d9195,1.019
1456312441.0,6f96e265,1.029
1456312441.0,adf8dffc,0.979
1456312441.0,732a1178,0.989
1456312441.0,86e62d91,0.989
1456312441.0,c9d1727e,0.989
1456312441.0,b49fc8ed,1.019
1456312441.0,6866a590,0.959
1456312441.0,598ebfd8,1.039
1456312441.0,fb589379,1.019
1456312441.0,a7eae27d,1.019
1456312441.0,bdf78206,0.989
1456312441.0,ee0b2b76,0.959
1456312441.0,f6d88954,0.969
1456312441.0,4afaa787,1.019
1456312441.0,f479c8f0,0.989
1456312441.0,2febafeb,1.019
1456312441.0,44479fee,0.969
1456312441.0,7ad9a6eb,1.019
1456312441.0,70111ec9,0.999
1456312441.0,3b06308c,1.039
1456312441.0,,0.979
1456312441.0,70efa82e,0.999
1456312441.0,31b711f3,1.119
1456312441.0,,1.019
1456312441.0,fcac67a0,1.009
1456312441.0,f989aaff,0.969
1456312441.0,9dca124a,0.949
1456312441.0,7cf55a33,0.999
1456312441.0,c6944b24,0.989
1456312441.0,efc3cb20,0.949
1456312441.0,0ee1a63f,0.999
1456312441.0,1c370637,0.999
1456312441.0,c6729739,0.989
1456312441.0,a8918363,0.989
1456312441.0,19584345,1.029
1456312441.0,f735a69d,0.979
1456312441.0,f084458d,0.999
1456312441.0,ec0f640c,0.999
1456312441.0,f96eb228,0.959
1456312441.0,123a197a,0.979
1456312441.0,,0.949
1456312441.0,6bd14210,0.979
1456312441.0,e7848d8d,0.969
1456312441.0,0f1ef6bd,0.989
1456312441.0,d3e4d9b9,1.099
1456312441.0,f141ff6e,0.979
1456312441.0,6647542f,0.999
1456312441.0,63796bb7,0.969
1456312441.0,03719a0b,0.989
1456312441.0,7964974d,0.999
1456312441.0,f84d262d,0.979
1456312441.0,b5dfdabd,1.019
1456312441.0,,0.989
1456312441.0,0ec0905b,0.999
1456312441.0,5f59e3c7,1.009
1456312441.0,dd2ff1a4,1.019
1456312441.0,e8a8876f,0.989
1456312441.0,772cd349,1.009
1456312441.0,bd131e65,0.989
1456312441.0,0d5b98eb,1.039
1456312441.0,3fe74e61,0.989
1456312441.0,1445b4c6,1.009
1456312441.0,4aa385bb,0.969
1456312441.0,8c51a8b0,0.969
1456312441.0,a2806a38,0.979
1456312441.0,60a39e86,1.019
1456312441.0,d64706be,0.999
1456312441.0,4cad0289,0.999
1456312441.0,7f3123c2,0.989
1456312441.0,693a4986,0.979
1456312441.0,5d1b2141,1.009
1456312441.0,c7df902b,1.009
1456312441.0,de1eff76,0.949
1456312441.0,7f90a219,0.969
1456312441.0,b84fb396,1.029
1456312441.0,b2e44198,0.979
1456312441.0,776ee4f1,0.979
1456312441.0,556b6079,1.009
1456312441.0,55167147,0.979
1456312441.0,22ea287c,0.959
1456312441.0,759c0ad5,0.979
1456312441.0,f4387d6e,0.999
1456312441.0,0945bafb,0.989
1456312441.0,c6d5ab7e,0.999
1456312441.0,6acdb3a0,0.989
1456312441.0,adf56fc9,1.029
1456312441.0,4c906efb,0.979
1456312441.0,0051e069,1.009
1456312441.0,3273810e,1.009
1456312441.0,9b0b4894,0.969
1456312441.0,91f136df,0.969
1456312441.0,469f3690,0.959
1456312441.0,b83dae63,0.959
1456312441.0,99b5b897,0.969
1456312441.0,94642f21,0.939
1456312441.0,c61bf054,0.994
1456312441.0,6a4ad02d,0.999
1456312441.0,cf235e84,0.999
1456312441.0,740b965a,1.029
1456312441.0,8e01dbc3,1.029
1456312441.0,60429413,0.979
1456312441.0,148c8e58,0.969
1456312441.0,6a3c7f9e,1.109
1456312441.0,047946f0,1.109
1456312441.0,de2c9edf,0.959
1456312441.0,dbad6afc,0.969
1456312441.0,c27724b2,0.989
1456312441.0,6f11a226,0.979
1456312441.0,40a98fc9,0.979
1456312441.0,49098718,1.059
1456312441.0,7dfbe965,0.989
1456312441.0,7f6c5ae2,1.039
1456312441.0,9672aa1d,0.999
1456312441.0,03f96d6c,1.009
1456312441.0,fb17adac,0.999
1456312441.0,20bf2483,0.999
1456312441.0,97f555af,0.999
1456312441.0,d623182f,1.009
1456312441.0,5f379a02,0.949
1456312441.0,0660fa74,1.059
1456312441.0,8642884a,1.009
1456312441.0,59005fdf,0.989
1456312441.0,d2661e86,0.989
1456312441.0,919c9e96,1.019
1456312441.0,8b9c037d,0.969
1456312441.0,21ab2968,1.019
1456312441.0,475377c3,0.959
1456312441.0,f7aa1ff1,0.989
1456312441.0,a06397bf,0.999
1456312441.0,e0d89735,1.039
1456312441.0,316995c6,0.999
1456312441.0,,0.989
1456312441.0,1b9c9285,1.019
1456312441.0,a6fdc066,0.989
1456312441.0,907c9e39,1.009
1456312441.0,2df8fc01,0.969
1456312441.0,35b3e2a2,0.969
1456312441.0,0b2f66ab,0.999
1456312441.0,ec99cf72,1.009
1456312441.0,5991ce93,1.019
1456312441.0,ce45fa96,0.969
1456312441.0,38b12dcf,1.019
1456312441.0,6a0d1e37,1.059
1456312441.0,04ca9ed8,0.919
1456312441.0,6a80fe13,0.999
1456312441.0,369db971,0.979
1456312441.0,6b388a21,0.989
1456312441.0,5d73d979,0.939
1456312441.0,7b487a7f,0.979
1456312441.0,a894c70b,1.009
1456312441.0,3d9b4dc8,0.944
1456312441.0,c699c115,1.009
1456312441.0,edb0d416,0.979
1456312441.0,181a93a7,0.969
1456312441.0,b0e18943,0.979
1456312441.0,522b4780,0.969
1456312441.0,f80439bc,1.019
1456312441.0,a438cba7,1.009
1456312441.0,9f7b3411,0.949
1456312441.0,dac3b9fb,0.999
1456312441.0,5ba0908f,1.009
1456312441.0,f7877ed7,0.979
1456312441.0,a2943eb8,0.969
1456312441.0,f847749e,0.969
1456312441.0,3e13dc7c,0.979
1456312441.0,6dda6f67,1.019
1456312441.0,0b15fb2a,0.989
1456312441.0,210ec430,0.989
1456312441.0,fbe659ab,0.999
1456312441.0,e80ba165,0.979
1456312441.0,4c2d3e35,0.929
1456312441.0,fb9a8547,0.879
1456312441.0,f75e28b0,1.029
1456312441.0,f529efe8,1.009
1456312441.0,af12e3b6,1.029
1456312441.0,95a26ce2,0.959
1456312441.0,853a3988,0.989
1456312441.0,46bbffea,1.009
1456312441.0,ea9276b9,0.999
1456312441.0,ffe4ba98,0.959
1456312441.0,a3af7ef1,0.969
1456312441.0,6c8423e1,0.979
1456312441.0,fbcad1cd,0.979
1456312441.0,e0758377,1.009
1456312441.0,5288c0b4,0.949
1456312441.0,db68109c,0.989
1456312441.0,e60f2fb7,1.049
1456312441.0,4432f96b,1.029
1456312441.0,1e2441ce,0.969
1456312441.0,9ef0d290,1.039
1456312441.0,acca0be9,0.999
1456312441.0,6eaed040,1.009
1456312441.0,a82fd967,0.939
1456312441.0,443ae02b,0.959
1456312441.0,49644a9b,1.009
1456312441.0,013daa88,0.979
1456312441.0,b8ede601,1.009
1456312441.0,0aad0d01,0.989
1456312441.0,c8dc6d04,0.969
1456312441.0,98624c5c,1.009
1456312441.0,19dd6ffa,0.979
1456312441.0,521538f8,0.999
1456312441.0,10d64a25,0.989
1456312441.0,6d8d97a4,0.979
1456312441.0,154a309d,0.979
1456312441.0,54e1e6e2,0.989
1456312441.0,a446fffa,0.959
1456312441.0,41d483a2,0.999
1456312441.0,f9e19175,0.979
1456312441.0,ec810259,0.989
1456312441.0,18d8a792,0.979
1456312441.0,ac6e085e,1.029
1456312441.0,85a27935,0.969
1456312441.0,0d20ed99,0.999
1456312441.0,2a5a0676,0.989
1456312441.0,476fa607,0.979
1456312441.0,0f574058,1.029
1456312441.0,,0.989
1456312441.0,b7361158,0.989
1456312441.0,,0.979
1456312441.0,adf8d23a,0.969
1456312441.0,170c9bf0,1.009
1456312441.0,256da341,0.989
1456312441.0,d3db6e64,1.009
1456312441.0,f4e35d1f,1.029
1456312441.0,dc639d24,1.129
1456312441.0,4369b2a7,0.989
1456312441.0,73025102,0.999
1456312441.0,52628b2e,0.979
1456312441.0,83b18a20,0.969
1456312441.0,2d3b0c15,0.989
1456312441.0,64d3ba48,0.999
1456312441.0,,0.969
1456312441.0,f7e2f65d,0.999
1456312441.0,9c5b140c,1.019
1456312441.0,303e6b78,1.029
1456312441.0,c9c72865,0.999
1456312441.0,df9cde99,0.969
1456312441.0,48b393b2,0.999
1456312441.0,0e7a54cf,0.969
1456312441.0,c95ebb24,0.979
1456312441.0,3a67bc28,0.969
1456312441.0,b683841e,0.989
1456312441.0,a7f164b3,1.009
1456312441.0,2a45cfbb,0.979
1456312441.0,8d2a1873,0.969
1456312441.0,f37029f1,0.969
1456312441.0,af82f4c3,0.979
1456312441.0,a1605c07,0.969
1456312441.0,90f5114b,0.969
1456312441.0,4d90c00c,0.969
1456312441.0,bba7ec32,0.989
1456312441.0,bcb00f3f,1.009
1456312441.0,e7aa0c08,1.009
1456312441.0,d64903d3,0.999
1456312441.0,9e5a10db,0.969
1456312441.0,72c6e33b,0.969
1456312441.0,badcf1ca,0.969
1456312441.0,60ccb68d,1.009
1456312441.0,44f80f34,0.989
1456312441.0,,0.979
1456312441.0,e71f7bdd,0.979
1456312441.0,ff138580,0.989
1456312441.0,c5f7c662,0.909
1456312441.0,626cfc2a,0.939
1456312441.0,4604844c,1.029
1456312441.0,c4e17b93,0.969
1456312441.0,2cbd6d3c,0.979
1456312441.0,1bc36219,0.969
1456312441.0,61c492dd,0.969
1456312441.0,fe454b1d,0.979
1456312441.0,f37a54f6,0.969
1456312441.0,514a99f3,0.989
1456312441.0,f63ac751,0.999
1456312441.0,8b20c3e0,0.959
1456312441.0,7af9d9ad,1.039
1456312441.0,bbe091e3,0.959
1456312441.0,b445b16a,0.999
1456312441.0,5e11d4e5,0.979
1456312441.0,4a1fb5a4,1.009
1456312441.0,39bd20ff,1.019
1456312441.0,66571899,0.969
1456312441.0,b42c9802,0.999
1456312441.0,1c358963,0.979
1456312441.0,fc062d47,0.969
1456312441.0,2278471b,0.969
1456312441.0,c2405c51,0.989
1456312441.0,5fb9dfa5,0.959
1456312441.0,0abf9cad,0.999
1456312441.0,f574fa00,1.029
1456312441.0,,0.969
1456312441.0,58ef2865,1.009
1456312441.0,4b71d2b1,1.009
1456312441.0,c13504fe,1.009
1456312441.0,,0.999
1456312441.0,d9e58766,1.059
1456312441.0,041032df,1.039
1456312441.0,9ee8e646,0.989
1456312441.0,07f603f1,0.949
1456312441.0,81529fdc,0.999
1456312441.0,81ffe4cd,0.989
1456312441.0,bef35d30,0.969
1456312441.0,546336fa,0.979
1456312441.0,70f57512,0.979
1456312441.0,cedf23e6,0.999
1456312441.0,b026b716,0.989
1456312441.0,4d15a2cc,0.959
1456312441.0,af766fc5,0.979
1456312441.0,6c2590c1,0.989
1456312441.0,151efb9f,0.969
1456312441.0,fa49aabc,0.989
1456312441.0,25d0b512,0.999
1456312441.0,356493b9,0.999
1456312441.0,5a819f8f,0.979
1456312441.0,ccb88791,0.969
1456312441.0,1db779ce,0.969
1456312441.0,3b980bc9,1.009
1456312441.0,24afea5b,0.969
1456312441.0,24797e98,0.999
1456312441.0,f654bb63,0.989
1456312441.0,5d04b2ad,1.009
1456312441.0,868d1b66,0.969
1456312441.0,25a832ea,0.979
1456312441.0,f7f4f1c0,0.969
1456312441.0,093ad451,0.999
1456312441.0,82ca3bd9,1.019
1456312441.0,1bfb4c20,1.049
1456312441.0,e04ac56b,0.949
1456312441.0,36d6fa9e,0.989
1456312441.0,6b72bc31,1.029
1456312441.0,70afbb14,0.959
1456312441.0,4cb2a111,0.989
1456312441.0,1a23b0f9,0.969
1456312441.0,8b68e5d5,1.019
1456312441.0,0d45e0bd,1.009
1456312441.0,974e5578,0.979
1456312441.0,ab937a23,0.999
1456312441.0,9a246c9a,0.999
1456312441.0,dcb337e4,0.999
1456312441.0,8fcd6088,0.989
1456312441.0,7ddbfdc8,0.979
1456312441.0,fe29bb22,1.119
1456312441.0,e766a873,1.029
1456312441.0,21fb52c4,1.009
1456312441.0,550ebfc1,1.019
1456312441.0,6174c30f,0.969
1456312441.0,3ad4d1ba,1.009
1456312441.0,46649254,0.989
1456312441.0,98f928d6,0.969
1456312441.0,9eb48657,1.029
1456312441.0,602ec85f,1.019
1456312441.0,86eb854d,0.969
1456312441.0,7b018030,1.069
1456312441.0,7b8d5b92,0.979
1456312441.0,d83809d0,0.999
1456312441.0,496a23e0,0.979
1456312441.0,f9660ed1,1.099
1456312441.0,ed93716a,1.019
1456312441.0,19b72b96,1.009
1456312441.0,d319e0cd,1.039
1456312441.0,c4d9fd71,1.019
1456312441.0,3e4faa99,1.019
1456312441.0,8a3aa486,1.009
1456312441.0,47d3a82e,0.949
1456312441.0,b5d20065,1.019
1456312441.0,1d01b950,0.989
1456312441.0,5d45148e,1.019
1456312441.0,83be7215,1.009
1456312441.0,3920b5a4,1.029
1456312441.0,a83e3faa,0.979
1456312441.0,8bdb8e4d,0.999
1456312441.0,2b428719,0.979
1456312441.0,7549bbf6,1.019
1456312441.0,68519520,0.979
1456312441.0,2b7cf924,0.989
1456312441.0,1f52483c,0.999
1456312441.0,5260998a,0.999
1456312441.0,91b891b8,1.019
1456312441.0,dc9494a5,0.999
1456312441.0,15afd395,0.989
1456312441.0,460a08a3,0.969
1456312441.0,46950b68,0.949
1456312441.0,197f9f1a,0.979
1456312441.0,70d7dc75,1.099
1456312441.0,8f644357,0.989
1456312441.0,a63774ee,0.989
1456312441.0,1bae705e,0.979
1456312441.0,a4c2cb8d,0.999
1456312441.0,fb5125c0,0.979
1456312441.0,e57ad6a0,0.989
1456312441.0,d26f4ccf,1.019
1456312441.0,b38002eb,0.959
1456312441.0,f060b95e,1.009
1456312441.0,d1749881,1.059
1456312441.0,7ed2f8ec,0.969
1456312441.0,9f51dbf4,0.969
1456312441.0,e2eeab30,0.929
1456312441.0,bb4e75d9,0.929
1456312441.0,3edff2fe,1.029
1456312441.0,68480e7b,1.009
1456312441.0,0f93d061,1.049
1456312441.0,27fede19,0.969
1456312441.0,0762c9c0,0.999
1456312441.0,6f40a7c4,0.999
1456312441.0,ccecf336,0.979
1456312441.0,90e6d279,1.059
1456312441.0,2c5f3e59,0.949
1456312441.0,0e6789c0,0.969
1456312441.0,fd278e66,0.939
1456312441.0,71fc80a1,0.989
1456312441.0,c0bb7774,1.029
1456312441.0,a182ab0c,1.009
1456312441.0,9f4bb5cf,1.019
1456312441.0,0e61862e,1.019
1456312441.0,04a6f941,1.019
1456312441.0,c05a0ef2,0.949
1456312441.0,526f4c6d,1.019
1456312441.0,3183a48d,0.939
1456312441.0,0eef2037,0.999
1456312441.0,8acfd379,1.009
1456312441.0,80e97677,1.009
1456312441.0,293f7598,0.989
1456312441.0,ef80a9d5,0.989
1456312441.0,72c39ba1,0.919
1456312441.0,b6930305,1.049
1456312441.0,bc3ec897,0.989
1456312441.0,2d4ea0c1,0.979
1456312441.0,7950522d,1.029
1456312441.0,3e1f426f,0.999
1456312441.0,16cc4c6d,0.989
1456312441.0,d998872e,0.949
1456312441.0,9b8b3fcc,1.019
1456312441.0,b7488969,1.019
1456312441.0,cfbd6d9d,0.989
1456312441.0,0ea9619d,0.979
1456312441.0,7e9106b6,1.019
1456312441.0,48a1c30a,0.989
1456312441.0,03261265,0.979
1456312441.0,2735badd,1.029
1456312441.0,ae5d2bb7,1.029
1456312441.0,4773dbd2,0.989
1456312441.0,94686fc0,0.999
1456312441.0,714eaded,0.989
1456312441.0,95e23a71,1.009
1456312441.0,71e0a0d1,1.019
1456312441.0,3bcc58f2,1.019
1456312441.0,,0.949
1456312441.0,1388562b,1.039
1456312441.0,5a8b0e02,0.999
1456312441.0,35d2c9ad,0.999
1456312441.0,b445540d,0.999
1456312441.0,dd490099,0.979
1456312441.0,f4299aa3,1.039
1456312441.0,c88375ec,0.999
1456312441.0,2651ccb9,0.969
1456312441.0,48314cda,0.989
1456312441.0,33d0d5fb,0.969
1456312441.0,7c5bbb7e,1.029
1456312441.0,62ae11f0,0.989
1456312441.0,35ef9d63,0.999
1456312441.0,8e7cb537,1.039
1456312441.0,5fcd0ac6,0.999
1456312441.0,af5a4fe6,0.979
1456312441.0,99fbfc30,0.999
1456312441.0,42c34934,0.999
1456312441.0,06de41d8,1.009
1456312441.0,ac9715c2,0.969
1456312441.0,2cf175a8,0.999
1456312441.0,aadb880b,1.019
1456312441.0,d33a84e0,0.979
1456312441.0,2d2c9c3f,0.969
1456312441.0,c0fe932e,0.959
1456312441.0,6162ba82,0.999
1456312441.0,179709d6,1.019
1456312441.0,c1f4955f,1.039
1456312441.0,13037d15,0.979
1456312441.0,c55ed271,0.999
1456312441.0,4aa96079,1.019
1456312441.0,54b31cf8,0.989
1456312441.0,698d5fbc,0.979
1456312441.0,db414715,1.029
1456312441.0,776d3e19,0.999
1456312441.0,a1766ee6,1.039
1456312441.0,f9e46da5,0.969
1456312441.0,d65cfd6c,1.009
1456312441.0,84c3c7a8,1.009
1456312441.0,31d0c179,0.929
1456312441.0,cd468df5,0.989
1456312441.0,7f05643c,0.999
1456312441.0,aa42d9a3,0.999
1456312441.0,de257006,1.009
1456312441.0,e010375a,0.979
1456312441.0,d00a147b,0.979
1456312441.0,fab361d0,1.059
1456312441.0,2df68795,0.959
1456312441.0,dcbbade5,0.979
1456312441.0,95845353,0.969
1456312441.0,39f820cc,0.999
1456312441.0,9558140d,1.039
1456312441.0,88c2caef,1.019
1456312441.0,bcc9307a,0.999
1456312441.0,ffa36ea0,1.009
1456312441.0,58617d48,1.099
1456312441.0,1cc4daa8,1.009
1456312441.0,d279ee07,0.989
1456312441.0,39614aa8,0.969
1456312441.0,d7ca536d,1.029
1456312441.0,f7f90554,0.959
1456312441.0,5b70fdaa,1.029
1456312441.0,b1450a7d,1.019
1456312441.0,f2ba4bc6,1.029
1456312441.0,2f559315,0.969
1456312441.0,1edee463,1.029
1456312441.0,a7b1a4ab,0.969
1456312441.0,ad852670,0.979
1456312441.0,857beb4a,0.979
1456312441.0,12d2f4a6,0.989
1456312441.0,4aba346d,0.999
1456312441.0,754da3ab,1.029
1456312441.0,96d95521,0.999
1456312441.0,ee372f15,1.009
1456312441.0,5c49f018,0.999
1456312441.0,f6ac0e85,0.999
1456312441.0,3f1e04e5,0.999
1456312441.0,df98ca08,0.999
1456312441.0,b913c112,1.029
1456312441.0,dfb29247,0.959
1456312441.0,52c09ceb,0.959
1456312441.0,b414428f,0.989
1456312441.0,086cb9a9,0.989
1456312441.0,cfeaab1a,1.009
1456312441.0,f68a34f4,0.989
1456312441.0,a622d33e,0.949
1456312441.0,3b675bd6,1.059
1456312441.0,b18611aa,0.989
1456312441.0,80267da5,1.069
1456312441.0,acd225f7,0.969
1456312441.0,d98fe3f5,0.984
1456312441.0,bdc7131f,0.969
1456312441.0,a9ac5f0c,0.938
1456312441.0,3de6c3ca,0.989
1456312441.0,6411aa60,0.979
1456312441.0,56be011a,0.989
1456312441.0,812f5a36,0.989
1456312441.0,769eb8e0,1.019
1456312441.0,844296bd,1.009
1456312441.0,8f4c771c,1.099
1456312441.0,415092bd,1.059
1456312441.0,ec2d78c3,1.009
1456312441.0,de55d6cb,0.999
1456312441.0,aafab111,0.999
1456312441.0,b8088ed5,1.029
1456312441.0,b2c3faec,1.009
1456312441.0,90f06420,0.919
1456312441.0,c0a4aa92,0.989
1456312441.0,b3898d20,0.979
1456312441.0,01b26f60,1.009
1456312441.0,a54d4e57,0.979
1456312441.0,77906f99,0.989
1456312441.0,9426443b,1.019
1456312441.0,5c94a7d8,0.989
1456312441.0,28277250,0.999
1456312441.0,74d89e9b,1.029
1456312441.0,1d63d5a1,0.969
1456312441.0,72975548,0.989
1456312441.0,ff71148f,0.989
1456312441.0,1effdd9e,1.059
1456312441.0,0c37347b,0.999
1456312441.0,ce2ccf2c,0.999
1456312441.0,ba94f47b,0.939
1456312441.0,6357dca2,1.009
1456312441.0,b2a8f247,1.019
1456312441.0,174ab84b,0.989
1456312441.0,39edd173,1.009
1456312441.0,d2eebffb,0.989
1456312441.0,ea00d8f0,0.989
1456312441.0,aa9ca821,0.989
1456312441.0,1e78351c,0.999
1456312441.0,029bff95,0.989
1456312441.0,d325d8aa,0.969
1456312441.0,00960a86,1.009
1456312441.0,0fcd5944,0.969
1456312441.0,943913cb,0.989
1456312441.0,57393752,1.039
1456312441.0,17548179,0.989
1456312441.0,1bf91998,0.999
1456312441.0,fe909c5b,0.999
1456312441.0,cd09a0d6,0.949
1456312441.0,93656c34,0.989
1456312441.0,fa3092ba,1.009
1456312441.0,714dc178,1.029
1456312441.0,,0.969
1456312441.0,c37b5d5b,1.039
1456312441.0,,0.989
1456312441.0,856e9b60,1.119
1456312441.0,a32bd6b9,0.909
1456312441.0,22fb0e90,1.019
1456312441.0,50b6cf61,0.979
1456312441.0,2b4f9432,1.029
1456312441.0,72056682,1.009
1456312441.0,8b4986e3,0.969
1456312441.0,bd6492b8,0.949
1456312441.0,e9c8afa0,1.029
1456312441.0,74e89a36,0.979
1456312441.0,7e63be59,1.009
1456312441.0,d81a826a,0.999
1456312441.0,392b75a8,0.989
1456312441.0,84839580,1.019
1456312441.0,0c1335db,0.989
1456312441.0,6ce97072,1.049
1456312441.0,e183f4cf,0.999
1456312441.0,a5998664,1.009
1456312441.0,704bc7f2,0.989
1456312441.0,f8080a8e,0.999
1456312441.0,1bc107ca,0.989
1456312441.0,be48bbf9,1.039
1456312441.0,aa24cd60,0.989
1456312441.0,80d7d85e,0.999
1456312441.0,ea5a9904,0.949
1456312441.0,ee2e8a1d,0.989
1456312441.0,2445bcef,0.989
1456312441.0,dc7fb76c,0.989
1456312441.0,0cef0607,0.959
1456312441.0,48038048,1.019
1456312441.0,ac5fa96a,1.009
1456312441.0,e9ff4fd7,0.949
1456312441.0,e6d83666,0.989
1456312441.0,6279da87,0.979
1456312441.0,422fbafa,1.019
1456312441.0,708c9a0d,1.029
1456312441.0,05b24372,0.989
1456312441.0,d375e9a2,1.019
1456312441.0,d73f9554,0.989
1456312441.0,25a4e3ad,0.979
1456312441.0,d361902b,0.989
1456312441.0,20836cd8,1.009
1456312441.0,51c7bb55,0.969
1456312441.0,9f34d3c7,1.009
1456312441.0,c9333668,1.019
1456312441.0,a48343d6,0.989
1456312441.0,ab141bc6,1.119
1456312441.0,79d27478,0.989
1456312441.0,7029afbd,0.979
1456312441.0,dce30980,0.979
1456312441.0,bbf6435f,0.979
1456312441.0,7db23301,1.009
1456312441.0,69e0d4ed,0.949
1456312441.0,ae9a3b9d,0.999
1456312441.0,3f241a2c,0.999
1456312441.0,95434626,1.019
1456312441.0,4853f9f1,0.979
1456312441.0,1170df4a,0.979
1456312441.0,4719c036,0.969
1456312441.0,9a0a078c,0.958
1456312441.0,f8ab4e9f,0.959
1456312441.0,d2ffce1f,0.999
1456312441.0,18a2553e,0.979
1456312441.0,1ce91205,1.049
1456312441.0,d923719a,1.029
1456312441.0,054cfa5d,0.989
1456312441.0,e433bf13,0.989
1456312441.0,e340b28d,0.969
1456312441.0,e24d8cab,0.969
1456312441.0,66a1358d,0.999
1456312441.0,612f96e1,0.999
1456312441.0,0b7d0a63,1.009
1456312441.0,f03c398a,0.969
1456312441.0,2e5cae9f,0.999
1456312441.0,f28e5efe,0.979
1456312441.0,83e7f124,0.989
1456312441.0,e46e4bee,0.979
1456312441.0,243c29de,1.019
1456312441.0,44aa767f,0.979
1456312441.0,85676e8b,0.999
1456312441.0,ec2d257d,1.019
1456312441.0,a9b4d8a2,0.999
1456312441.0,350b5605,0.979
1456312441.0,7117e5bf,0.979
1456312441.0,576d4884,0.989
1456312441.0,62f495a7,0.949
1456312441.0,c82dccc8,0.979
1456312441.0,e37dd80a,0.989
1456312441.0,e5dd54d4,1.119
1456312441.0,30389cde,0.999
1456312441.0,c257e761,0.979
1456312441.0,33caf979,0.999
1456312441.0,6a49dcf0,0.989
1456312441.0,034f42f5,1.009
1456312441.0,d351cb6a,0.979
1456312441.0,978bcc85,0.989
1456312441.0,6232cf12,0.989
1456312441.0,3ebf0a56,1.029
1456312441.0,,1.029
1456312441.0,e3f9ebe0,0.989
1456312441.0,5eddffaf,1.019
1456312441.0,eee03f6b,0.969
1456312441.0,73af6d41,1.019
1456312441.0,196134a5,0.989
1456312441.0,6cf9c77a,0.989
1456312441.0,0e5d84cd,0.999
1456312441.0,e4b1c6fb,0.999
1456312441.0,284c6af0,0.979
1456312441.0,c7ec58cd,0.969
1456312441.0,,1.019
1456312441.0,7662cc12,1.039
1456312441.0,f1adb6c9,0.999
1456312441.0,3e574cd0,0.969
1456312441.0,20df8dd2,0.989
1456312441.0,72e91f24,0.969
1456312441.0,98677b5e,0.999
1456312441.0,747fbf01,0.989
1456312441.0,388c693e,0.999
1456312441.0,7ba3471a,0.969
1456312441.0,e57877ff,0.999
1456312441.0,38a55267,0.949
1456312441.0,e2e13a04,0.999
1456312441.0,dacc3a3f,0.969
1456312441.0,9e78816a,1.029
1456312441.0,57cc552a,0.989
1456312441.0,1443c8f6,1.009
1456312441.0,baaf8b05,0.989
1456312441.0,c4348493,1.019
1456312441.0,d3549133,0.979
1456312441.0,b6bd8b96,0.959
1456312441.0,a0239e5c,0.969
1456312441.0,6ad7e90e,0.999
1456312441.0,8d39e4b4,0.979
1456312441.0,e3fcda3f,1.019
1456312441.0,0879f78d,1.149
1456312441.0,367e0536,0.989
1456312441.0,2bde4cc0,0.989
1456312441.0,,0.979
1456312441.0,8c6f1d05,1.009
1456312441.0,44f748b5,1.029
1456312441.0,c54c18c9,0.949
1456312441.0,481c090b,0.979
1456312441.0,1a8a222a,0.979
1456312441.0,9425b86b,1.009
1456312441.0,b350758d,0.989
1456312441.0,862d0257,0.989
1456312441.0,3f290ee2,0.949
1456312441.0,441c3937,0.999
1456312441.0,d1832039,0.979
1456312441.0,5ba385a2,1.069
1456312441.0,7e056bdf,0.949
1456312441.0,e5ccd3f7,0.999
1456312441.0,9755b499,0.989
1456312441.0,2a753e23,0.979
1456312441.0,04b38cb5,0.939
1456312441.0,26d49c51,0.969
1456312441.0,d983a1c7,0.949
1456312441.0,538edcf9,0.979
1456312441.0,b5883920,1.029
1456312441.0,974d725c,0.969
1456312441.0,8c5e2a02,0.989
1456312441.0,7d9700c4,0.989
1456312441.0,cd84a2a9,0.959
1456312441.0,369fd22f,1.009
1456312441.0,304a6497,0.999
1456312441.0,2a6e5bb1,0.999
1456312441.0,4d47a676,1.009
1456312441.0,22e6cf1d,0.969
1456312441.0,2cf8ea35,0.949
1456312441.0,38fda503,1.029
1456312441.0,4768200e,0.999
1456312441.0,af343ad6,0.989
1456312441.0,4bb19235,0.999
1456312441.0,c93210c8,1.009
1456312441.0,33fa60b9,1.029
1456312441.0,e305ccae,0.989
1456312441.0,ca39cb77,1.019
1456312441.0,459be729,1.044
1456312441.0,402dea62,0.989
1456312441.0,f7f51e72,0.989
1456312441.0,df7edd4e,0.989
1456312441.0,f5234ec2,0.969
1456312441.0,196b11c0,0.999
1456312441.0,cc29a3a6,0.999
1456312441.0,14b80428,0.999
1456312441.0,136c3dcd,0.969
1456312441.0,cadf0fec,0.989
1456312441.0,41fc3133,0.979
1456312441.0,,1.009
1456312441.0,18db456a,1.029
1456312441.0,57d1fddc,0.949
1456312441.0,a537b03c,0.929
1456312441.0,3b38e104,0.989
1456312441.0,d497f4b5,0.979
1456312441.0,9e4a151c,0.989
1456312441.0,4e37aaef,0.999
1456312441.0,39f6d678,1.019
1456312441.0,e173589c,0.979
1456312441.0,32a9a0e5,0.949
1456312441.0,aa4cdb22,1.009
1456312441.0,dadcaa77,0.989
1456312441.0,10f309c6,0.989
1456312441.0,5bdf1cdf,1.029
1456312441.0,c2c9a813,1.019
1456312441.0,6842cc4a,0.919
1456312441.0,64171ce8,0.969
1456312441.0,ffeb88c9,1.049
1456312441.0,e0e02d9a,0.929
1456312441.0,f856d6e0,0.959
1456312441.0,ae30d7e3,0.939
1456312441.0,5bb24e91,0.949
1456312441.0,4b0cfdb6,0.939
1456312441.0,107d750c,0.949
1456312441.0,25afe900,0.959
1456312441.0,e567333d,0.949
1456312441.0,8d30c99a,0.959
1456312441.0,9f4967c5,0.929
1456312441.0,ce8b60a3,0.929
1456312441.0,075d1e16,0.939
1456312441.0,38f5a01f,0.949
1456312441.0,733cb25c,0.949
1456312441.0,d2e84b49,0.939
1456312441.0,484ff98d,0.999
1456312441.0,09d54524,0.979
1456312441.0,f4070bfa,1.019
1456312441.0,d61494fe,0.979
1456312441.0,186f9d64,0.979
1456312441.0,fb428d4f,0.989
1456312441.0,3be89cc4,0.999
1456312441.0,113fe84c,0.999
1456312441.0,1cdbfafd,0.959
1456312441.0,74b98eac,0.969
1456312441.0,94ce365f,0.979
1456312441.0,5b8f7949,1.129
1456312441.0,c404557e,0.969
1456312441.0,0030aa59,1.119
1456312441.0,5a80a293,0.999
1456312441.0,f4df3f30,0.959
1456312441.0,c7cf7e3e,1.039
1456312441.0,aa506433,1.009
1456312441.0,2ebe0a5d,1.019
1456312441.0,99125e73,0.999
1456312441.0,d99ae405,1.019
1456312441.0,85b5c3d8,0.989
1456312441.0,6b47dc33,0.969
1456312441.0,042a624d,0.929
1456312441.0,0d1f648e,0.999
1456312441.0,467ac0ec,0.989
1456312441.0,26e8cf72,0.989
1456312441.0,80148308,1.019
1456312441.0,6e9357c6,1.039
1456312441.0,e212dd80,1.019
1456312441.0,dcde1f7c,0.979
1456312441.0,db680fc7,1.009
1456312441.0,d6c505e9,0.969
1456312441.0,5c197824,1.009
1456312441.0,bc302c7c,0.999
1456312441.0,238a9662,0.999
1456312441.0,8de01e99,0.999
1456312441.0,0fc168e5,0.999
1456312441.0,5a4ca547,0.929
1456312441.0,97588053,0.969
1456312441.0,82812943,0.979
1456312441.0,ecaf9af2,1.029
1456312441.0,5f3a075f,0.959
1456312441.0,7c85d6ed,1.029
1456312441.0,f8fc52b4,0.979
1456312441.0,50e4f2c0,1.029
1456312441.0,034d1d51,0.969
1456312441.0,498c4e0f,1.009
1456312441.0,5f9ac3b1,0.989
1456312441.0,974e4706,0.969
1456312441.0,fa216f55,1.009
1456312441.0,f9294b46,1.009
1456312441.0,8b273d28,0.929
1456312441.0,c2e9c850,0.979
1456312441.0,e532c6da,1.019
1456312441.0,1489e7c1,0.959
1456312441.0,617ff48b,1.009
1456312441.0,b6167e3e,1.029
1456312441.0,86515341,0.989
1456312441.0,e1dcdd8e,1.009
1456312441.0,503c695b,0.949
1456312441.0,c1c6485d,0.989
1456312441.0,2ab4115c,0.979
1456312441.0,b57a6a63,0.979
1456312441.0,bd8bd0ef,1.009
1456312441.0,823e96f7,0.989
1456312441.0,cf09734d,0.989
1456312441.0,2278ee7b,0.989
1456312441.0,ef21b674,0.969
1456312441.0,58d29ccf,0.949
1456312441.0,,1.019
1456312441.0,70692280,1.009
1456312441.0,a9864022,0.969
1456312441.0,6d0c8ba1,1.029
1456312441.0,4d2f0ccd,1.089
1456312441.0,72ec8a0d,0.989
1456312441.0,12812efd,0.969
1456312441.0,24acb441,0.979
1456312441.0,32e6abfd,1.019
1456312441.0,eae89db3,1.039
1456312441.0,9aceebc5,0.979
1456312441.0,5d5a9bdb,0.989
1456312441.0,0bae1b96,0.979
1456312441.0,f6694dbe,0.969
1456312441.0,8838e6a7,1.009
1456312441.0,d501c22d,0.989
1456312441.0,2f28dcdf,1.019
1456312441.0,b9b3ea8d,0.989
1456312441.0,747529c4,0.949
1456312441.0,1d3ab507,0.929
1456312441.0,dd530bc1,0.969
1456312441.0,96a28302,1.119
1456312441.0,8236d188,0.999
1456312441.0,08aa7fc0,0.979
1456312441.0,16295be3,0.969
1456312441.0,b65f17d4,0.999
1456312441.0,7a78b9d0,0.969
1456312441.0,df8d090e,0.949
1456312441.0,ceb1fd3e,0.949
1456312441.0,c330d63c,0.949
1456312441.0,7fc72456,0.989
1456312441.0,e2724c55,0.979
1456312441.0,4d5d9361,1.019
1456312441.0,59e2c5e0,1.039
1456312441.0,d7f4cb8b,1.009
1456312441.0,575ddc06,1.019
1456312441.0,53635853,0.979
1456312441.0,4f807f9a,0.999
1456312441.0,f02ffbd3,0.959
1456312441.0,69055d76,0.949
1456312441.0,a711b7d5,1.039
1456312441.0,c6e11963,1.019
1456312441.0,bcdeefc3,1.019
1456312441.0,994f9854,0.989
1456312441.0,68bdb4cb,0.999
1456312441.0,ddb4781d,0.979
1456312441.0,7af18d81,1.029
1456312441.0,a9c635a6,1.119
1456312441.0,87767ef4,0.999
1456312441.0,08f59b41,0.989
1456312441.0,85711ea4,1.039
1456312441.0,7ae317da,1.009
1456312441.0,d1780d08,1.009
1456312441.0,46c0cc5b,0.939
1456312441.0,218fd480,1.009
1456312441.0,33d673e1,1.009
1456312441.0,f8289047,0.969
1456312441.0,8979e403,0.979
1456312441.0,5d151192,1.119
1456312441.0,0b152e4a,1.029
1456312441.0,0b617cbb,0.979
1456312441.0,a35401af,1.009
1456312681.0,23cb4077,0.969
1456312681.0,d9a3e681,0.929
1456312681.0,f8dd9f46,0.969
1456312681.0,b5cf690e,0.939
1456312681.0,5ae3b069,0.939
1456312681.0,4a51e02f,0.939
1456312681.0,5da50d00,0.989
1456312681.0,d68ef316,0.999
1456312681.0,aacc4471,0.909
1456312681.0,609e4eb1,1.009
1456312681.0,549a242e,0.999
1456312681.0,d0f5a113,0.999
1456312681.0,4e905761,1.009
1456312681.0,74282c9f,0.929
1456312681.0,3ccd631d,0.989
1456312681.0,1e846991,1.019
1456312681.0,04fe94aa,0.979
1456312681.0,b26e91af,0.979
1456312681.0,8794cb26,0.959
1456312681.0,66c8a343,0.999
1456312681.0,01574e74,0.939
1456312681.0,897fceb5,1.034
1456312681.0,1be36265,0.959
1456312681.0,4b649587,0.979
1456312681.0,07a30a7e,0.978
1456312681.0,9bf65a40,0.989
1456312681.0,9df734df,0.929
1456312681.0,148a7a27,1.069
1456312681.0,43bfc6b5,0.979
1456312681.0,d8aacecc,0.919
1456312681.0,b1111566,0.949
1456312681.0,48ee050c,0.969
1456312681.0,170daeaf,1.049
1456312681.0,5087513f,1.049
1456312681.0,ee45ac15,0.959
1456312681.0,b18ffb73,0.959
1456312681.0,cbeda884,0.949
1456312681.0,34f8b648,0.999
1456312681.0,d52f4585,0.999
1456312681.0,bd45085f,0.979
1456312681.0,05076f05,0.999
1456312681.0,796dcdf3,0.969
1456312681.0,bedbc8dd,1.009
1456312681.0,93da27ed,0.979
1456312681.0,9a249d55,0.969
1456312681.0,12fda0fa,1.049
1456312681.0,13266d18,0.959
1456312681.0,7a48e549,1.059
1456312681.0,1c2d1949,1.049
1456312681.0,6f5fb6ba,1.019
1456312681.0,38d1fafb,1.099
1456312681.0,4f1ec633,1.029
1456312681.0,1829c766,0.989
1456312681.0,9b358c84,0.969
1456312681.0,17d98ba9,0.989
1456312681.0,ea882fb1,1.009
1456312681.0,fef37507,0.989
1456312681.0,3bbe7509,0.989
1456312681.0,075322ca,0.989
1456312681.0,ce063fd7,1.009
1456312681.0,5a55ec8e,0.989
1456312681.0,492796c0,0.959
1456312681.0,49ea5327,0.989
1456312681.0,708936ad,0.929
1456312681.0,d4857812,0.959
1456312681.0,0d847386,0.959
1456312681.0,a8266115,0.989
1456312681.0,f5b0ba52,1.019
1456312681.0,8f3896e1,0.949
1456312681.0,61ee6f5a,1.049
1456312681.0,8358c467,0.959
1456312681.0,53c6c605,0.999
1456312681.0,c6d444e1,0.979
1456312681.0,663bd568,1.029
1456312681.0,b0a6c8a3,0.999
1456312681.0,4d1eb476,0.939
1456312681.0,,0.929
1456312681.0,45427090,1.019
1456312681.0,4b6d11ce,0.999
1456312681.0,ec4683cf,1.039
1456312681.0,2f92fadd,0.999
1456312681.0,1cd02c26,1.029
1456312681.0,51fd157b,1.009
1456312681.0,29551811,0.969
1456312681.0,e1f35c29,0.939
1456312681.0,118d4934,1.039
1456312681.0,e02c8254,1.019
1456312681.0,83cdf5cb,1.029
1456312681.0,8a3a3f10,1.009
1456312681.0,61f59311,0.939
1456312681.0,9281365e,1.039
1456312681.0,8591bcbf,0.999
1456312681.0,e01a7247,0.989
1456312681.0,ce942bef,0.919
1456312681.0,48198db0,0.0
1456312681.0,22bd49d5,1.059
1456312681.0,c66eeb5b,0.999
1456312681.0,37f61ca4,1.009
1456312681.0,a08d8ae6,0.939
1456312681.0,8d87181e,0.959
1456312681.0,36a53250,1.039
1456312681.0,8b6fae1c,1.019
1456312681.0,77b7abe7,0.999
1456312681.0,2736cca4,0.989
1456312681.0,a94524d9,0.939
1456312681.0,3601c357,0.979
1456312681.0,d8497cfd,0.999
1456312681.0,403a1c86,0.989
1456312681.0,1168538d,0.969
1456312681.0,acf0a7d7,0.999
1456312681.0,9d205788,0.949
1456312681.0,61a8a961,0.989
1456312681.0,ca2862c6,0.999
1456312681.0,21c136e4,0.969
1456312681.0,4d691ffa,1.039
1456312681.0,4b64bcb3,0.979
1456312681.0,4e5b5da4,1.019
1456312681.0,4c76dbcf,0.979
1456312681.0,13228d53,1.009
1456312681.0,829de252,0.979
1456312681.0,dd12b2b6,1.059
1456312681.0,901b3dc2,1.039
1456312681.0,658748ac,1.009
1456312681.0,682bb15c,1.029
1456312681.0,fd3c454f,1.009
1456312681.0,9612e9a3,0.999
1456312681.0,455166b9,0.959
1456312681.0,b6f82f10,0.989
1456312681.0,c4ac8df0,1.039
1456312681.0,6df00f1d,0.979
1456312681.0,6be455b0,1.019
1456312681.0,78e80807,0.989
1456312681.0,da6302b3,0.989
1456312681.0,c0cca6dc,0.909
1456312681.0,98e2efcd,0.999
1456312681.0,4fe7c8a5,0.957
1456312681.0,b71681a4,0.979
1456312681.0,78300ca0,0.989
1456312681.0,f7bef751,1.029
1456312681.0,1660ed2f,1.029
1456312681.0,0fddeb66,0.999
1456312681.0,2da54b83,0.979
1456312681.0,d9e01646,0.989
1456312681.0,d16d0a6e,1.009
1456312681.0,7e3542f5,1.009
1456312681.0,73b32664,0.979
1456312681.0,0720fedb,0.949
1456312681.0,d225b33f,0.959
1456312681.0,ea80ce64,0.929
1456312681.0,b45d7a66,0.959
1456312681.0,0ef5bf4d,0.949
1456312681.0,4683ed0e,0.979
1456312681.0,8e306a91,0.979
1456312681.0,fabaa853,0.969
1456312681.0,50c1aaef,0.979
1456312681.0,5f379a02,0.989
1456312681.0,78767dc5,0.999
1456312681.0,e335e0bc,1.019
1456312681.0,5c39d395,1.009
1456312681.0,9b0e2c1d,0.959
1456312681.0,88b90de7,1.029
1456312681.0,292f3ea8,0.939
1456312681.0,0395f025,1.009
1456312681.0,d20f8501,0.969
1456312681.0,dcf12c2f,0.989
1456312681.0,eea64b3d,1.039
1456312681.0,a3e4145b,1.009
1456312681.0,9279854d,0.989
1456312681.0,c2648ee3,0.949
1456312681.0,,0.979
1456312681.0,36ce665f,0.939
1456312681.0,5e0befb2,0.929
1456312681.0,12967a7f,1.009
1456312681.0,35d8c725,1.009
1456312681.0,863245a5,0.979
1456312681.0,7f2dbefe,1.029
1456312681.0,d96a698b,0.969
1456312681.0,067693f6,0.989
1456312681.0,14296800,0.989
1456312681.0,d05c205a,0.939
1456312681.0,48d21f5a,0.959
1456312681.0,8ff83a00,0.999
1456312681.0,6307df0c,1.019
1456312681.0,e7a0ae36,1.019
1456312681.0,6603174b,1.039
1456312681.0,03ca5dbc,1.029
1456312681.0,ee5d8408,1.029
1456312681.0,1a45c6ef,0.959
1456312681.0,662b7063,0.939
1456312681.0,f91caef6,0.949
1456312681.0,0fc11a52,0.939
1456312681.0,4f58556c,0.929
1456312681.0,b2baa0fb,0.929
1456312681.0,4fea3631,1.029
1456312681.0,5d843d6e,1.009
1456312681.0,1cbb92e5,0.949
1456312681.0,568af640,1.059
1456312681.0,0bd89a27,0.979
1456312681.0,4ad60c88,1.019
1456312681.0,b0599356,0.989
1456312681.0,3b4ac733,0.979
1456312681.0,8d270840,0.999
1456312681.0,8792c041,1.009
1456312681.0,39ee1e11,0.979
1456312681.0,0b36f9ce,1.029
1456312681.0,ef5fb7f7,0.989
1456312681.0,76c4a30b,0.949
1456312681.0,a2283cb3,1.039
1456312681.0,662b3491,0.989
1456312681.0,a6ffe7e6,1.039
1456312681.0,9d4b63bb,0.979
1456312681.0,b4c8d60e,0.929
1456312681.0,11e2fc79,1.009
1456312681.0,fc51c26e,0.999
1456312681.0,bd525580,1.019
1456312681.0,e4ea9e93,1.029
1456312681.0,9cd02b8c,0.989
1456312681.0,6188876b,0.949
1456312681.0,80e3422f,0.999
1456312681.0,ce969ca1,0.979
1456312681.0,63505806,0.999
1456312681.0,c288a0c4,0.929
1456312681.0,fbcaa7f6,0.919
1456312681.0,78390be0,0.989
1456312681.0,75b73329,1.039
1456312681.0,bdd3f5c9,0.989
1456312681.0,0a5b2682,1.019
1456312681.0,7f2d651e,0.939
1456312681.0,33565053,0.969
1456312681.0,26d674df,0.929
1456312681.0,a5b2040e,1.029
1456312681.0,74a97362,0.979
1456312681.0,cf4becee,0.949
1456312681.0,9e46459f,0.989
1456312681.0,712e5646,0.969
1456312681.0,887915b9,0.939
1456312681.0,2e852031,1.009
1456312681.0,ff608fc4,0.939
1456312681.0,d18613bf,0.989
1456312681.0,384af07c,0.989
1456312681.0,ab473015,1.019
1456312681.0,8e25d9aa,0.969
1456312681.0,4100c9dd,1.009
1456312681.0,200f98db,1.009
1456312681.0,33d5d488,1.009
1456312681.0,08d73b70,0.959
1456312681.0,7d7f9529,0.979
1456312681.0,31a9b6e7,1.009
1456312681.0,bbbd1342,0.989
1456312681.0,b1172c22,1.059
1456312681.0,88348828,1.009
1456312681.0,4f704bb1,0.939
1456312681.0,e30164f0,1.069
1456312681.0,36da90c6,0.989
1456312681.0,7cf7e16b,1.019
1456312681.0,195401ef,1.019
1456312681.0,3bfabc79,1.039
1456312681.0,c33a7e9f,0.979
1456312681.0,47d3a82e,0.989
1456312681.0,,0.959
1456312681.0,1b33191e,0.979
1456312681.0,bde563ae,1.019
1456312681.0,55344490,0.989
1456312681.0,68c15014,0.979
1456312681.0,1249f58e,0.989
1456312681.0,bf861b98,0.959
1456312681.0,6f5e3368,0.999
1456312681.0,543855ac,1.029
1456312681.0,11fd2741,0.929
1456312681.0,fb9f21b7,0.999
1456312681.0,f44d6f08,1.009
1456312681.0,c4b1a3a1,0.979
1456312681.0,882951be,1.019
1456312681.0,a260f4a5,0.939
1456312681.0,212dc31a,0.949
1456312681.0,ad4337a9,0.949
1456312681.0,d78a5a29,0.979
1456312681.0,0db94a7a,0.999
1456312681.0,89b25923,0.919
1456312681.0,1c1b5783,0.969
1456312681.0,b22e443b,0.989
1456312681.0,c631958b,0.949
1456312681.0,8a0d026c,0.959
1456312681.0,09925d9d,1.019
1456312681.0,d6d4b842,0.989
1456312681.0,bec40c36,0.939
1456312681.0,f322d52b,0.989
1456312681.0,444fc3ef,0.989
1456312681.0,3af55c11,0.999
1456312681.0,4e131669,0.999
1456312681.0,e40ec31e,0.939
1456312681.0,aca882da,0.978
1456312681.0,9beb1b98,0.949
1456312681.0,f1ccda26,1.059
1456312681.0,0218a51d,0.939
1456312681.0,e628dd10,0.929
1456312681.0,,1.009
1456312681.0,b71fea96,1.029
1456312681.0,8035b52d,0.969
1456312681.0,2a639c5a,0.979
1456312681.0,50b4fb9f,0.969
1456312681.0,6169c430,1.029
1456312681.0,9e8d8571,1.009
1456312681.0,15d36622,1.009
1456312681.0,753408e4,0.999
1456312681.0,3ecb2b24,1.009
1456312681.0,2e589edd,0.979
1456312681.0,f708be71,0.979
1456312681.0,6384651f,0.959
1456312681.0,bacddc78,0.939
1456312681.0,b43aab28,0.959
1456312681.0,6105a562,0.989
1456312681.0,6c1eda32,0.969
1456312681.0,29c5c2e2,0.979
1456312681.0,58a914d5,0.969
1456312681.0,8686166f,0.989
1456312681.0,7dde6783,0.959
1456312681.0,92f81808,1.029
1456312681.0,a813c756,1.049
1456312681.0,b25c9e2a,0.989
1456312681.0,c94456d2,0.999
1456312681.0,8d45e432,1.019
1456312681.0,,1.009
1456312681.0,c9dc18ed,0.979
1456312681.0,08e08bee,0.969
1456312681.0,3e8fcd0f,0.959
1456312681.0,d0b2a106,0.959
1456312681.0,e2e2bd54,0.959
1456312681.0,b28fedb7,0.939
1456312681.0,7124c657,0.969
1456312681.0,91636cd2,0.999
1456312681.0,,0.939
1456312681.0,a278bd43,0.969
1456312681.0,a2f965eb,1.009
1456312681.0,dd41b331,0.949
1456312681.0,f86a4e1f,1.049
1456312681.0,beaae59a,0.959
1456312681.0,ddc6b3b1,0.979
1456312681.0,536d9ac3,1.059
1456312681.0,2215a30b,1.049
1456312681.0,50e8deb3,0.999
1456312681.0,1e348fb0,0.989
1456312681.0,4272bb90,0.959
1456312681.0,990757d8,0.999
1456312681.0,882076f4,1.049
1456312681.0,1ff45876,0.989
1456312681.0,46e5123e,1.029
1456312681.0,97c6460d,0.979
1456312681.0,779d347d,0.949
1456312681.0,6bf6b199,1.019
1456312681.0,e3c6260c,1.009
1456312681.0,236e355f,0.929
1456312681.0,c6a933fe,1.009
1456312681.0,9e7d95ec,1.029
1456312681.0,6a5c522a,1.019
1456312681.0,fec7d478,0.989
1456312681.0,42917976,1.059
1456312681.0,5533e7bf,1.029
1456312681.0,bfadc236,1.059
1456312681.0,a0bc57ce,0.959
1456312681.0,2b52627f,1.009
1456312681.0,5103112e,0.979
1456312681.0,9499ceea,0.999
1456312681.0,3bed1f31,1.009
1456312681.0,6770a660,0.949
1456312681.0,cfc7df71,1.019
1456312681.0,34cd760d,0.939
1456312681.0,bd227bfb,1.029
1456312681.0,0afde6c7,0.989
1456312681.0,df5c751f,1.019
1456312681.0,eb9dfa86,0.989
1456312681.0,5695114d,0.949
1456312681.0,b43ac946,0.989
1456312681.0,d18dd289,0.989
1456312681.0,af4316ed,0.929
1456312681.0,e73d5934,1.039
1456312681.0,,0.979
1456312681.0,7edaa7ac,0.949
1456312681.0,e939fab3,1.019
1456312681.0,06931b13,0.979
1456312681.0,c93058ac,1.029
1456312681.0,dca8997b,0.999
1456312681.0,5c0dc2e6,0.989
1456312681.0,7a4d72a4,1.019
1456312681.0,2357ec98,1.029
1456312681.0,1746d28b,1.019
1456312681.0,52c251bb,0.989
1456312681.0,26bf1a80,1.049
1456312681.0,1f1aef8f,0.999
1456312681.0,e8a25ade,1.019
1456312681.0,9e184682,0.999
1456312681.0,a596413e,0.999
1456312681.0,5dcd5582,0.989
1456312681.0,092457e4,0.999
1456312681.0,f47e8638,0.939
1456312681.0,,0.998
1456312681.0,9b0f9cb3,0.949
1456312681.0,40e47eaa,0.939
1456312681.0,50c51301,1.019
1456312681.0,8597e067,0.959
1456312681.0,f9befed0,1.019
1456312681.0,8e0d1caa,1.039
1456312681.0,ff20eed6,0.989
1456312681.0,db97e7b4,0.929
1456312681.0,eb3c6430,1.009
1456312681.0,59c1c98e,1.039
1456312681.0,f18057cd,0.978
1456312681.0,ece022de,0.939
1456312681.0,7a9373b8,0.989
1456312681.0,5192889f,1.009
1456312681.0,a93262c3,0.939
1456312681.0,441c3937,0.969
1456312681.0,3784589f,0.939
1456312681.0,ea255676,1.019
1456312681.0,7c0d469a,1.034
1456312681.0,2358eb9a,0.949
1456312681.0,8b66ac81,0.989
1456312681.0,2b04db76,0.989
1456312681.0,0d4c6469,0.929
1456312681.0,8405466d,0.989
1456312681.0,3e32276d,0.989
1456312681.0,941624d0,0.909
1456312681.0,e9a7ff5d,1.029
1456312681.0,3ad0cccc,1.019
1456312681.0,7a8eaed9,1.029
1456312681.0,1636cb5c,1.039
1456312681.0,d3a45b84,0.939
1456312681.0,a9ec9678,0.989
1456312681.0,cd860c0f,0.959
1456312681.0,3e4c89c9,0.969
1456312681.0,bad87216,0.989
1456312681.0,b36ed3e1,1.049
1456312681.0,e4d02e08,0.989
1456312681.0,c6c3a80a,1.069
1456312681.0,d7f9f13e,1.049
1456312681.0,fbe424bb,0.939
1456312681.0,ce8b60a3,0.939
1456312681.0,024c1344,0.989
1456312681.0,5054e21e,0.939
1456312681.0,ce55c12b,0.949
1456312681.0,f7e10e7b,0.989
1456312681.0,,0.989
1456312681.0,7586849a,0.999
1456312681.0,6c109510,0.989
1456312681.0,b563d649,1.049
1456312681.0,a3dd230b,0.999
1456312681.0,7a0f0cd4,0.939
1456312681.0,69174994,0.979
1456312681.0,1d50351d,0.979
1456312681.0,e64fba92,0.949
1456312681.0,198d543d,0.999
1456312681.0,606d52e3,0.949
1456312681.0,4c5ddfb7,1.039
1456312681.0,577368de,0.979
1456312681.0,bf816140,1.009
1456312681.0,7f40cac3,1.009
1456312681.0,75167b82,0.939
1456312681.0,4465e992,0.969
1456312681.0,d8a16c26,0.939
1456312681.0,2af3ad73,0.959
1456312681.0,991367ac,0.989
1456312681.0,04a002fa,1.029
1456312681.0,fcb3f0ac,1.009
1456312681.0,0a1ab9f7,0.999
1456312681.0,b32ae972,1.009
1456312681.0,9987c547,0.999
1456312681.0,4eaad293,0.999
1456312681.0,,0.989
1456312681.0,bd9f0dd9,0.979
1456312681.0,f93a1db7,1.009
1456312681.0,5780923a,0.939
1456312681.0,30e60f32,0.969
1456312681.0,c1082f5e,0.939
1456312681.0,6f93e9a4,1.019
1456312681.0,c9faeb03,0.979
1456312681.0,c8bad2ad,0.959
1456312681.0,6655797e,0.979
1456312681.0,4d5f25c7,0.989
1456312681.0,204c7d8c,1.009
1456312681.0,4e43cf44,0.959
1456312681.0,ecb99613,0.999
1456312681.0,ddbf70bf,1.029
1456312681.0,842da93a,1.029
1456312681.0,,0.989
1456312681.0,610132a0,1.049
1456312681.0,7867dbe8,1.059
1456312681.0,200bc827,0.979
1456312681.0,014078e4,0.989
1456312681.0,8fbe5276,1.019
1456312681.0,a793fb91,1.029
1456312681.0,7ff76277,0.999
1456312681.0,488ad6ad,1.049
1456312681.0,,1.009
1456312681.0,a489065a,1.009
1456312681.0,bc1f7e5b,0.929
1456312681.0,8b5466e6,0.949
1456312681.0,6bbd3dc3,0.969
1456312681.0,fabbbb00,0.999
1456312681.0,cd52f1cb,1.019
1456312681.0,9a16227b,1.009
1456312681.0,0b8d29ea,1.029
1456312681.0,91666de8,1.009
1456312681.0,d72800fe,1.029
1456312681.0,a41abd0c,0.959
1456312681.0,c2fe2847,0.919
1456312681.0,,0.969
1456312681.0,8f6f71cb,0.999
1456312921.0,f168ac15,1.029
1456312921.0,07aa2817,1.009
1456312921.0,ea3de48b,1.019
1456312921.0,0f01b9c8,0.999
1456312921.0,c58eee91,0.999
1456312921.0,838d57f9,0.969
1456312921.0,0c3d62f5,0.999
1456312921.0,f7d2bcca,0.999
1456312921.0,cc6d6eb2,1.039
1456312921.0,da976067,0.959
1456312921.0,3c5b5221,0.979
1456312921.0,bb503078,0.959
1456312921.0,6ac0d50f,0.959
1456312921.0,1d2b410a,1.009
1456312921.0,01a42eea,0.989
1456312921.0,6769da06,1.029
1456312921.0,b524582e,0.989
1456312921.0,85d0e643,1.009
1456312921.0,b7fdbb95,0.989
1456312921.0,e0ca8158,1.029
1456312921.0,fa657190,0.969
1456312921.0,c5b39c57,0.989
1456312921.0,d1cb3372,1.009
1456312921.0,415ad4d0,1.039
1456312921.0,a6575e4e,0.929
1456312921.0,8bf505c8,0.979
1456312921.0,9423afb9,0.939
1456312921.0,00c44ff5,0.939
1456312921.0,0375f449,0.959
1456312921.0,8fc85062,0.989
1456312921.0,f09b1121,0.969
1456312921.0,b7218e20,0.989
1456312921.0,7d5bf573,0.929
1456312921.0,f889436a,0.999
1456312921.0,fbbb030d,1.009
1456312921.0,f754cf3e,0.989
1456312921.0,,1.019
1456312921.0,,1.029
1456312921.0,61817e2c,0.979
1456312921.0,ed770a27,0.959
1456312921.0,58e3ecab,1.019
1456312921.0,21a0bd76,1.029
1456312921.0,d2f10be7,1.009
1456312921.0,fe18c405,1.019
1456312921.0,655c57b5,0.979
1456312921.0,b5464430,0.999
1456312921.0,06c6d7b1,0.989
1456312921.0,71f3b1d9,1.019
1456312921.0,be6a8603,1.019
1456312921.0,b7bc3e61,0.999
1456312921.0,4764c22b,1.009
1456312921.0,2820e4a6,0.979
1456312921.0,0afb21d0,1.029
1456312921.0,7b125f4e,0.989
1456312921.0,01169ddb,1.059
1456312921.0,14dfafb1,1.039
1456312921.0,297818d7,1.029
1456312921.0,4a2e604f,1.009
1456312921.0,5ecab051,1.029
1456312921.0,ef9fe1fc,0.949
1456312921.0,265ebd00,1.069
1456312921.0,c94cdc6e,1.029
1456312921.0,414229cf,0.989
1456312921.0,b2a7fde4,0.999
1456312921.0,a16c8d86,1.009
1456312921.0,5bf4abd4,0.999
1456312921.0,a634c773,1.019
1456312921.0,6b162563,0.999
1456312921.0,7395c363,1.019
1456312921.0,d36374e8,0.989
1456312921.0,230a1a24,1.019
1456312921.0,daf5b359,0.989
1456312921.0,a1add909,1.019
1456312921.0,6a686e72,0.999
1456312921.0,8fc0b78f,1.019
1456312921.0,696e88f4,0.969
1456312921.0,f0d6aa58,0.949
1456312921.0,fb686be7,1.019
1456312921.0,7840ee28,0.999
1456312921.0,1b3326f2,0.999
1456312921.0,f6746552,0.999
1456312921.0,cb61d796,0.989
1456312921.0,b37f9c11,0.989
1456312921.0,f86a6ea1,0.999
1456312921.0,0b96eaac,0.979
1456312921.0,e571ac33,1.019
1456312921.0,60a41d4c,1.009
1456312921.0,7ac5212c,1.009
1456312921.0,06881b45,1.009
1456312921.0,92d99a98,1.019
1456312921.0,3fafd99a,0.999
1456312921.0,835f9ec0,1.029
1456312921.0,1650abb4,1.009
1456312921.0,ce063fd7,0.999
1456312921.0,58d71582,0.999
1456312921.0,d1b70ad0,0.919
1456312921.0,192ba8fb,0.979
1456312921.0,e50a3733,0.949
1456312921.0,f873156d,0.979
1456312921.0,45752743,1.029
1456312921.0,92a71bb7,1.029
1456312921.0,da976c9d,0.989
1456312921.0,8609cc97,0.919
1456312921.0,e68e5f87,1.019
1456312921.0,8eb14afc,0.989
1456312921.0,3a85d29b,0.999
1456312921.0,e77693ae,0.969
1456312921.0,d8a919a3,0.999
1456312921.0,345d3b8a,1.029
1456312921.0,b4b8fe99,0.999
1456312921.0,e448c44d,0.989
1456312921.0,ab4700c2,0.989
1456312921.0,c6317552,0.989
1456312921.0,51fcda8d,0.999
1456312921.0,df5fc4c4,0.979
1456312921.0,ef3ecd77,0.929
1456312921.0,eca8b228,1.009
1456312921.0,c78085b8,0.999
1456312921.0,5697f128,0.979
1456312921.0,35822dd5,0.949
1456312921.0,19eaaa8f,0.969
1456312921.0,185c6827,1.009
1456312921.0,018c0b0e,1.039
1456312921.0,59d94ded,1.049
1456312921.0,f5815103,0.959
1456312921.0,ac1ca792,0.999
1456312921.0,9a4d188a,1.019
1456312921.0,b24e03a5,1.009
1456312921.0,b7281837,1.029
1456312921.0,2a57a759,0.989
1456312921.0,2b849c3c,0.979
1456312921.0,785d1098,0.989
1456312921.0,e16e5312,0.969
1456312921.0,3a04ab7b,0.999
1456312921.0,e2c6b885,0.989
1456312921.0,22d16d09,0.989
1456312921.0,e6d32ea4,1.019
1456312921.0,f84b6775,1.009
1456312921.0,7785d660,0.999
1456312921.0,c0a3d1e4,0.959
1456312921.0,b29751cb,1.009
1456312921.0,17f41d4f,0.969
1456312921.0,87969b95,0.979
1456312921.0,fe9290cc,0.989
1456312921.0,b899de50,1.039
1456312921.0,a94524d9,0.939
1456312921.0,c441e36d,1.049
1456312921.0,c1f003e3,1.009
1456312921.0,d1008b23,0.979
1456312921.0,5aa86555,1.029
1456312921.0,502b4b71,1.059
1456312921.0,c5208f75,1.009
1456312921.0,c76945cf,1.009
1456312921.0,f903d8b7,0.989
1456312921.0,719aa84a,1.019
1456312921.0,5bbe0a9d,0.989
1456312921.0,93d0d0da,1.039
1456312921.0,9bc2e863,0.964
1456312921.0,61da3eca,0.959
1456312921.0,e4436253,0.979
1456312921.0,3d589997,0.999
1456312921.0,da9f2014,0.979
1456312921.0,74f3df02,0.989
1456312921.0,b6de77a6,0.969
1456312921.0,ab3bff5d,1.049
1456312921.0,a03c9b78,1.049
1456312921.0,93f963de,0.989
1456312921.0,33e1917c,0.959
1456312921.0,eca01ef8,1.039
1456312921.0,466c174a,0.999
1456312921.0,e487e118,0.959
1456312921.0,badafb9a,0.989
1456312921.0,3a2ef803,1.039
1456312921.0,94698ee8,0.989
1456312921.0,5773d9f5,0.989
1456312921.0,c7df902b,0.989
1456312921.0,f723b50e,0.989
1456312921.0,42863645,1.029
1456312921.0,e983031d,1.009
1456312921.0,d2a69e6d,1.009
1456312921.0,98c12505,0.999
1456312921.0,70bc5eff,0.979
1456312921.0,575bb735,1.049
1456312921.0,1fcf6368,1.039
1456312921.0,f6301788,0.999
1456312921.0,ba0d3095,0.989
1456312921.0,5900ebe4,0.979
1456312921.0,7001785d,0.989
1456312921.0,fb86982d,0.989
1456312921.0,c08c0585,1.039
1456312921.0,78c97f05,0.999
1456312921.0,b511f34b,1.009
1456312921.0,5f32b37f,1.019
1456312921.0,aa9b2273,0.919
1456312921.0,e8cb3a6b,0.989
1456312921.0,57610ffb,1.029
1456312921.0,29b24eee,0.999
1456312921.0,5353d90f,1.009
1456312921.0,79b68d4c,1.019
1456312921.0,75341878,0.999
1456312921.0,631aa32c,0.979
1456312921.0,b6510a87,1.039
1456312921.0,622ea82b,1.019
1456312921.0,4e56b21e,0.969
1456312921.0,ae03a260,0.999
1456312921.0,0cce0f70,0.989
1456312921.0,cd48d6b6,1.009
1456312921.0,5740ab7b,0.939
1456312921.0,23328c7a,1.019
1456312921.0,ed8a5a8a,1.009
1456312921.0,0a1db8aa,1.049
1456312921.0,2a167286,0.989
1456312921.0,33c8c51e,0.979
1456312921.0,c72ef065,1.019
1456312921.0,24ee36a0,1.009
1456312921.0,1ed8d71f,0.979
1456312921.0,782c1225,1.029
1456312921.0,34832faa,1.019
1456312921.0,a44224fe,0.999
1456312921.0,98e9a25d,0.989
1456312921.0,b3c3d798,0.999
1456312921.0,e5b98666,0.989
1456312921.0,0b15fb2a,0.979
1456312921.0,72536881,0.979
1456312921.0,671cf752,1.004
1456312921.0,92e96565,1.019
1456312921.0,cb37d4b9,1.019
1456312921.0,444273fb,0.999
1456312921.0,49783e5a,1.039
1456312921.0,17efd51c,1.029
1456312921.0,e8ee4568,0.979
1456312921.0,d02ee7d1,0.999
1456312921.0,443ae02b,0.969
1456312921.0,6af75028,1.069
1456312921.0,64e9b77c,0.989
1456312921.0,eb751c39,0.959
1456312921.0,066bd102,1.009
1456312921.0,a2eb34d1,0.939
1456312921.0,e9a10aef,0.999
1456312921.0,6c6c9588,1.009
1456312921.0,5022eb7f,0.979
1456312921.0,a2d171ec,1.019
1456312921.0,555c0035,0.969
1456312921.0,af07b81f,0.989
1456312921.0,96c236e7,1.009
1456312921.0,cac2d933,0.979
1456312921.0,17c50748,1.029
1456312921.0,effb6af0,1.029
1456312921.0,8fc1cab3,0.989
1456312921.0,ceea64c5,0.989
1456312921.0,41dc9205,0.969
1456312921.0,337bdfc2,1.009
1456312921.0,,0.989
1456312921.0,2606727d,0.989
1456312921.0,5ec85307,1.009
1456312921.0,4056a9ce,0.979
1456312921.0,6d10aa30,1.009
1456312921.0,59214d4e,0.999
1456312921.0,0535a64d,1.009
1456312921.0,d19b61da,0.989
1456312921.0,64cf2668,1.019
1456312921.0,3e7ce5dd,1.009
1456312921.0,c17eb923,0.939
1456312921.0,9d4b63bb,0.979
1456312921.0,1fea6f98,0.959
1456312921.0,4d541f34,1.029
1456312921.0,f5acb0ce,0.949
1456312921.0,fdce6bd4,1.019
1456312921.0,e837786a,1.009
1456312921.0,bfefaf34,0.939
1456312921.0,a4b11e87,0.979
1456312921.0,dbb755da,1.029
1456312921.0,f7a5dd5a,1.019
1456312921.0,61149352,1.019
1456312921.0,3ff7f5f2,0.999
1456312921.0,deed609f,0.969
1456312921.0,11e04c6a,1.009
1456312921.0,cd3a9dfc,0.979
1456312921.0,ec81af8f,0.999
1456312921.0,8a5cd800,1.019
1456312921.0,330ca499,1.009
1456312921.0,1037129e,0.934
1456312921.0,f56256a9,1.009
1456312921.0,838df899,0.989
1456312921.0,e181d5d0,0.949
1456312921.0,5e8d6563,0.939
1456312921.0,322b4a46,0.989
1456312921.0,6982586c,0.999
1456312921.0,8bd3b9de,1.009
1456312921.0,a55edb00,0.989
1456312921.0,a1ca21f6,0.949
1456312921.0,86b4e823,0.989
1456312921.0,c408f13e,0.959
1456312921.0,9a0bacc1,0.979
1456312921.0,bc723644,0.989
1456312921.0,7e0a1569,1.039
1456312921.0,f028637b,1.029
1456312921.0,a1949b24,1.019
1456312921.0,0243f1d9,0.999
1456312921.0,c1154259,0.989
1456312921.0,f559d01a,0.999
1456312921.0,a10d5095,0.989
1456312921.0,ce714a39,1.009
1456312921.0,38cc0cb5,0.969
1456312921.0,b7bd3267,1.019
1456312921.0,,1.019
1456312921.0,a998716f,0.989
1456312921.0,2ce7ea0e,0.969
1456312921.0,b5d20065,1.009
1456312921.0,f6c091f9,0.999
1456312921.0,5aab5487,1.019
1456312921.0,4446050c,0.989
1456312921.0,1d287189,0.979
1456312921.0,98c5755b,1.039
1456312921.0,29a14f86,1.039
1456312921.0,d473e239,0.959
1456312921.0,6f9b604d,1.159
1456312921.0,4a451b1d,1.019
1456312921.0,b84742db,1.039
1456312921.0,23542a3f,1.029
1456312921.0,6f30727c,1.049
1456312921.0,9bccabe6,0.989
1456312921.0,9c1e716a,1.069
1456312921.0,9e47d969,0.979
1456312921.0,e2eeab30,0.959
1456312921.0,41815ba2,0.989
1456312921.0,cb409a1c,1.009
1456312921.0,1144e996,1.019
1456312921.0,959e4b35,1.029
1456312921.0,066fd5f7,1.009
1456312921.0,bb8487e5,0.969
1456312921.0,c88259dc,0.999
1456312921.0,c3efdbea,0.999
1456312921.0,d5a420b3,1.029
1456312921.0,a4dec78a,1.039
1456312921.0,f9512832,0.999
1456312921.0,09925d9d,1.009
1456312921.0,212fd8e9,1.029
1456312921.0,fec908f7,1.019
1456312921.0,1feea3c1,1.029
1456312921.0,d1ac10cc,0.999
1456312921.0,444fc3ef,1.029
1456312921.0,5aeee11f,0.989
1456312921.0,a2346f9b,0.999
1456312921.0,243cd548,1.029
1456312921.0,14583564,0.979
1456312921.0,1708f0d6,0.969
1456312921.0,e80747bb,0.999
1456312921.0,0fe71322,1.009
1456312921.0,e466a86a,1.019
1456312921.0,18ecad37,0.989
1456312921.0,ea01675f,0.979
1456312921.0,4e359e7b,0.939
1456312921.0,b6f2c106,0.989
1456312921.0,7490aa54,0.999
1456312921.0,ae5d2bb7,0.999
1456312921.0,830faf16,0.999
1456312921.0,714eaded,0.969
1456312921.0,11db12fc,1.029
1456312921.0,93f35a10,1.019
1456312921.0,989cb65d,0.999
1456312921.0,61ebbc40,0.939
1456312921.0,9354b0fc,0.999
1456312921.0,1762464c,0.979
1456312921.0,4f97968a,0.989
1456312921.0,e40925fd,0.939
1456312921.0,3f20997c,1.019
1456312921.0,997cbfdf,0.969
1456312921.0,662ae541,1.039
1456312921.0,bc4dffd2,1.029
1456312921.0,1858a39e,1.009
1456312921.0,c985912f,1.019
1456312921.0,038e6a0c,0.969
1456312921.0,ab49a3d7,0.979
1456312921.0,f5268ec9,1.059
1456312921.0,9fbde140,1.039
1456312921.0,123a41c8,0.979
1456312921.0,1b97a3ad,0.989
1456312921.0,129f9511,1.029
1456312921.0,d73f85dd,0.979
1456312921.0,147959b5,0.999
1456312921.0,d606d463,0.989
1456312921.0,793d12bc,0.974
1456312921.0,e8770e69,0.999
1456312921.0,1425b025,0.999
1456312921.0,3d10cfa0,0.979
1456312921.0,d6831509,0.999
1456312921.0,7d76b1c0,0.999
1456312921.0,b6002806,0.939
1456312921.0,e613bc2b,0.979
1456312921.0,5fd380ef,1.039
1456312921.0,b14bb16f,0.979
1456312921.0,d2e178a4,1.039
1456312921.0,1c54aea2,0.959
1456312921.0,82d9d2c3,1.019
1456312921.0,4270cadf,0.999
1456312921.0,10ffd5b9,0.949
1456312921.0,f06e40a6,0.999
1456312921.0,ff49e52d,0.959
1456312921.0,3d47f506,0.999
1456312921.0,a7987242,1.009
1456312921.0,7a6dcdb0,0.999
1456312921.0,d96f8933,0.979
1456312921.0,d565fdf7,0.979
1456312921.0,0e995a71,0.969
1456312921.0,9c47cca4,0.999
1456312921.0,dea57116,1.029
1456312921.0,1ef95412,0.989
1456312921.0,e59f20ab,0.989
1456312921.0,4a5ba0e5,0.989
1456312921.0,e600cf0f,0.939
1456312921.0,6bf6b199,1.009
1456312921.0,bfaaf354,0.989
1456312921.0,d5c5e431,0.989
1456312921.0,6a7beb86,1.019
1456312921.0,1d38e16e,0.989
1456312921.0,92740284,0.979
1456312921.0,8dbbf765,0.989
1456312921.0,ceda1d43,0.989
1456312921.0,b44f61b0,0.949
1456312921.0,d5b64c05,1.019
1456312921.0,968f2fb0,1.009
1456312921.0,a5b8429f,1.009
1456312921.0,bedf720e,1.049
1456312921.0,963911cc,1.049
1456312921.0,0980ddb6,1.029
1456312921.0,250c9baa,0.999
1456312921.0,77c9f305,0.989
1456312921.0,2263d9ed,1.009
1456312921.0,4d5c23ec,1.009
1456312921.0,a59c4cfa,0.979
1456312921.0,83f13659,1.069
1456312921.0,58ec06f1,0.979
1456312921.0,d010f6f4,1.019
1456312921.0,aef0d8b9,1.019
1456312921.0,bd396f56,0.999
1456312921.0,7b5f8374,1.019
1456312921.0,4f8a6ea2,1.039
1456312921.0,e8b2cb64,0.939
1456312921.0,bf7f79ce,0.979
1456312921.0,8098495e,1.039
1456312921.0,aa642af9,1.029
1456312921.0,6c663a7b,1.059
1456312921.0,d5be29d1,1.039
1456312921.0,eb444eb7,0.989
1456312921.0,e74667af,0.979
1456312921.0,,1.029
1456312921.0,da670ade,0.999
1456312921.0,eb863f50,1.009
1456312921.0,1717d8ca,1.009
1456312921.0,1744da60,0.969
1456312921.0,b4a05b7f,0.999
1456312921.0,f01bd5b6,1.029
1456312921.0,befd1f24,1.059
1456312921.0,,0.989
1456312921.0,c4348493,1.009
1456312921.0,9264eade,1.009
1456312921.0,f13c64f2,0.989
1456312921.0,2e65af60,1.019
1456312921.0,aa2018b8,1.029
1456312921.0,3a9a5bc8,0.969
1456312921.0,fa2e9d72,1.039
1456312921.0,b5935794,0.979
1456312921.0,3b9a2c70,0.959
1456312921.0,9bc16c2e,0.949
1456312921.0,3e921ea2,0.999
1456312921.0,69137adc,1.009
1456312921.0,9628820d,0.999
1456312921.0,6ff38393,1.029
1456312921.0,635564fa,0.999
1456312921.0,b5883920,0.989
1456312921.0,f98afd49,1.049
1456312921.0,a5d5884d,0.949
1456312921.0,327ea807,1.039
1456312921.0,386796b0,0.999
1456312921.0,26562367,1.029
1456312921.0,f14d6045,1.029
1456312921.0,a03e4bfc,1.039
1456312921.0,c35029f0,1.019
1456312921.0,,0.989
1456312921.0,87513076,0.999
1456312921.0,63a9da40,0.999
1456312921.0,6e781ba8,0.999
1456312921.0,0bcef4ad,0.979
1456312921.0,04aefaad,1.019
1456312921.0,f90e119d,1.039
1456312921.0,579ffc07,0.999
1456312921.0,f1929c3e,0.999
1456312921.0,fcfe3bbf,0.959
1456312921.0,6e966a1c,0.999
1456312921.0,2385c761,0.989
1456312921.0,64ce1a2a,1.019
1456312921.0,459be729,1.004
1456312921.0,930998e2,0.959
1456312921.0,539144f8,1.009
1456312921.0,c8b54491,0.979
1456312921.0,42b80e51,1.009
1456312921.0,dd81b30a,1.019
1456312921.0,c99b3a87,0.949
1456312921.0,d25a0585,0.999
1456312921.0,9eb320c2,1.009
1456312921.0,5bb24e91,0.939
1456312921.0,94df3c4a,1.029
1456312921.0,,0.949
1456312921.0,44c15478,0.999
1456312921.0,053f1320,0.979
1456312921.0,c6d24a24,0.979
1456312921.0,e2064e64,1.029
1456312921.0,7b5a8540,0.999
1456312921.0,0f5578bb,0.999
1456312921.0,69877eac,0.979
1456312921.0,d2c2433a,0.989
1456312921.0,29b468e1,0.949
1456312921.0,5693dbae,0.999
1456312921.0,f33d10dd,0.959
1456312921.0,bc09f6c1,1.019
1456312921.0,7de31d71,1.039
1456312921.0,6df631ee,0.959
1456312921.0,35d91334,1.009
1456312921.0,9d4458f3,0.949
1456312921.0,741c727e,1.029
1456312921.0,3089305b,1.029
1456312921.0,83a3b810,0.999
1456312921.0,74adc87d,0.979
1456312921.0,f9294b46,0.999
1456312921.0,f3a1181b,0.989
1456312921.0,a5fbf851,0.919
1456312921.0,9cd1b58f,1.009
1456312921.0,ce90c05e,0.969
1456312921.0,fcb3f0ac,0.999
1456312921.0,b32ae972,1.059
1456312921.0,2ab4115c,1.039
1456312921.0,e3a2ddca,0.979
1456312921.0,c7df12d5,1.029
1456312921.0,5b1a63ab,0.999
1456312921.0,a07d5f54,0.969
1456312921.0,f2a2a323,1.009
1456312921.0,8fc52727,0.959
1456312921.0,91baebbc,0.989
1456312921.0,d361cee8,0.989
1456312921.0,66444795,0.999
1456312921.0,bb457334,0.949
1456312921.0,049b2af8,1.009
1456312921.0,484d9d04,0.999
1456312921.0,6db0e332,0.979
1456312921.0,ef38b8ce,0.989
1456312921.0,eac805c4,1.009
1456312921.0,8f8ade78,1.009
1456312921.0,3f2144a4,0.989
1456312921.0,c089a061,0.969
1456312921.0,4d8df4a1,0.999
1456312921.0,f8abf94c,0.979
1456312921.0,4bb18de7,1.019
1456312921.0,159f07cc,0.999
1456312921.0,f230f25c,0.979
1456312921.0,95832b86,1.009
1456312921.0,096893a3,0.999
1456312921.0,2f5be2f4,0.999
1456312921.0,7fc72456,0.959
1456312921.0,6b4ba54d,1.019
1456312921.0,e9971f1a,1.039
1456312921.0,f625c166,0.999
1456312921.0,39376aa1,1.009
1456312921.0,28b3e0b6,0.999
1456312921.0,2616645b,1.019
1456312921.0,8962a152,1.009
1456312921.0,7680fb35,1.029
1456312921.0,db096089,0.979
1456312921.0,5a76daff,0.989
1456312921.0,9dd2f35d,1.039
1456312921.0,9f9d06bd,1.024
1456312921.0,70f30d88,0.989
1456312921.0,5d11fd07,0.989
1456312921.0,7ad9dcdf,1.009
1456312921.0,01e3af77,0.949
1456312921.0,89c3b080,0.969
1456313161.0,7d485af0,0.989
1456313161.0,8e3832ce,1.009
1456313161.0,935f7120,0.979
1456313161.0,ef0301c2,1.009
1456313161.0,f5434e55,0.999
1456313161.0,317387f0,0.949
1456313161.0,26db6e6e,1.029
1456313161.0,6bfedfb9,1.019
1456313161.0,c6af1c49,0.989
1456313161.0,6cfd795c,0.989
1456313161.0,464f5c00,0.979
1456313161.0,a4d2bd28,0.969
1456313161.0,d88f7597,1.049
1456313161.0,720d6cbc,1.009
1456313161.0,09f3e38a,1.029
1456313161.0,3ccd631d,1.029
1456313161.0,de115c83,0.989
1456313161.0,0b19d5fe,0.949
1456313161.0,1176658b,0.999
1456313161.0,e64f148b,1.039
1456313161.0,0f456c18,1.019
1456313161.0,995401c6,1.019
1456313161.0,974b1cae,1.029
1456313161.0,8a9d0035,1.009
1456313161.0,1650734b,1.009
1456313161.0,7a8bfc02,0.999
1456313161.0,84705f45,1.019
1456313161.0,86f33ae2,0.939
1456313161.0,1898c240,0.989
1456313161.0,bf738133,0.979
1456313161.0,d5fd7f0e,0.979
1456313161.0,9a52a6cd,0.979
1456313161.0,5bb4e610,1.019
1456313161.0,6168ea65,1.039
1456313161.0,f893c068,1.049
1456313161.0,d09811d3,1.009
1456313161.0,f9191716,1.029
1456313161.0,50ef3c42,1.019
1456313161.0,a51232d3,1.029
1456313161.0,e57509bb,0.999
1456313161.0,d981d17c,1.019
1456313161.0,e1307a34,1.009
1456313161.0,0fc08209,0.989
1456313161.0,25cdefd0,0.999
1456313161.0,0e6ac101,0.979
1456313161.0,902ccc5b,0.979
1456313161.0,fae436b2,1.019
1456313161.0,bb7a74ed,1.039
1456313161.0,4818d4dd,1.009
1456313161.0,9d0cdff7,1.019
1456313161.0,5b68d8ad,0.979
1456313161.0,248d1f5e,1.009
1456313161.0,e401b629,1.009
1456313161.0,4b36fa89,0.959
1456313161.0,c1c31623,0.989
1456313161.0,04da5ab2,1.009
1456313161.0,30546742,0.989
1456313161.0,c003352f,1.009
1456313161.0,f6308e2a,1.009
1456313161.0,3cb139bc,0.989
1456313161.0,5ef14445,0.999
1456313161.0,1c5ed232,1.009
1456313161.0,0e025df7,1.049
1456313161.0,c8c692b0,1.009
1456313161.0,c5cb9d46,0.989
1456313161.0,cf40d91b,0.989
1456313161.0,577be558,1.009
1456313161.0,1ab747ac,0.979
1456313161.0,9917cb8f,0.999
1456313161.0,4190ae32,1.009
1456313161.0,2b39ff64,0.999
1456313161.0,7e846ee6,1.009
1456313161.0,fb81e05e,1.019
1456313161.0,2bd60a02,0.999
1456313161.0,c392588c,0.999
1456313161.0,93b5b301,0.999
1456313161.0,c25c5571,0.999
1456313161.0,b0f08049,1.009
1456313161.0,8f6a43ef,0.999
1456313161.0,d95bf294,0.979
1456313161.0,2a6983b6,0.939
1456313161.0,06a21d8f,0.989
1456313161.0,788fd9ec,0.969
1456313161.0,e8aac149,0.999
1456313161.0,d2c61288,0.959
1456313161.0,6148f9f1,0.989
1456313161.0,880fa3fb,0.999
1456313161.0,c5772f6a,0.939
1456313161.0,73a454de,0.939
1456313161.0,817bcf9d,1.029
1456313161.0,d39098c4,1.039
1456313161.0,d65d6aba,1.039
1456313161.0,dcb4f731,0.949
1456313161.0,45b5a310,0.999
1456313161.0,e77693ae,1.019
1456313161.0,e251ae8a,1.029
1456313161.0,06aae991,0.959
1456313161.0,71c8efd1,1.049
1456313161.0,431a576a,0.979
1456313161.0,c2b3c7ad,0.979
1456313161.0,65964ff0,1.009
1456313161.0,4f9ccf16,0.999
1456313161.0,ace7c36e,0.999
1456313161.0,bff84a14,0.989
1456313161.0,9b0605bd,1.009
1456313161.0,0200140f,1.009
1456313161.0,3104967c,0.999
1456313161.0,623e9424,1.009
1456313161.0,e10f157c,0.999
1456313161.0,fbeaeec8,1.019
1456313161.0,a825b9fa,0.979
1456313161.0,b7b730d9,0.989
1456313161.0,f86443f3,1.029
1456313161.0,dca009fd,0.938
1456313161.0,12fa7f3d,0.979
1456313161.0,c4b30834,0.929
1456313161.0,35822dd5,0.949
1456313161.0,1d1e053d,0.989
1456313161.0,c0aa824a,0.989
1456313161.0,0c1d9c42,1.019
1456313161.0,6797c38e,1.039
1456313161.0,4d917f63,0.989
1456313161.0,d821f222,1.019
1456313161.0,1b9cc9e7,1.039
1456313161.0,abac441c,1.049
1456313161.0,657c5e72,0.999
1456313161.0,a83de21c,0.989
1456313161.0,1d3d3ee8,0.989
1456313161.0,34740e34,0.999
1456313161.0,33554d6c,1.069
1456313161.0,88ae9f44,1.039
1456313161.0,f12b117d,0.979
1456313161.0,3c701ea8,0.989
1456313161.0,35305598,0.989
1456313161.0,374b5919,0.979
1456313161.0,130149c2,0.989
1456313161.0,d1008b23,1.009
1456313161.0,,1.009
1456313161.0,01735f50,0.999
1456313161.0,53f24788,1.039
1456313161.0,75d484dc,0.939
1456313161.0,182d46ad,0.999
1456313161.0,ad129baa,1.029
1456313161.0,d261d6e0,0.999
1456313161.0,cbaf22db,0.979
1456313161.0,da6cfb62,1.019
1456313161.0,7a760845,0.989
1456313161.0,9e6ada8a,1.029
1456313161.0,de18aa7d,0.979
1456313161.0,eea98c31,1.019
1456313161.0,438b0f85,0.989
1456313161.0,dbaf66ec,0.959
1456313161.0,1b24bc6c,0.959
1456313161.0,9aa047ac,1.009
1456313161.0,e8716217,0.979
1456313161.0,ae88cb1f,0.989
1456313161.0,6d3ab5f8,0.929
1456313161.0,f320c081,1.009
1456313161.0,2bb1e7cb,1.019
1456313161.0,ce0ea4c3,1.009
1456313161.0,b159aa41,1.019
1456313161.0,9087534b,0.999
1456313161.0,2d9b1245,1.029
1456313161.0,4d77b026,0.989
1456313161.0,b7e06233,1.059
1456313161.0,61d59ee9,1.019
1456313161.0,801653fe,1.029
1456313161.0,fdfab0b9,0.999
1456313161.0,693441d5,0.999
1456313161.0,6b50c140,1.039
1456313161.0,a585805d,0.979
1456313161.0,581713fc,1.019
1456313161.0,5e86ff24,0.979
1456313161.0,4c029f46,0.979
1456313161.0,dee66d10,0.989
1456313161.0,d662b253,1.019
1456313161.0,bb41a6c9,0.989
1456313161.0,f052c9f4,1.009
1456313161.0,245efbad,1.009
1456313161.0,,1.019
1456313161.0,addbc61c,1.009
1456313161.0,d28733f8,0.939
1456313161.0,178c1416,0.999
1456313161.0,a53c10c6,0.999
1456313161.0,77c7b043,1.009
1456313161.0,ffdd96e7,1.009
1456313161.0,8f313f44,0.979
1456313161.0,c74444b1,1.039
1456313161.0,d4024d48,1.019
1456313161.0,990356d6,1.009
1456313161.0,b083b74e,0.999
1456313161.0,ccf6a6c3,1.029
1456313161.0,9cb577d8,0.999
1456313161.0,511114cf,1.009
1456313161.0,cdf74228,0.969
1456313161.0,2864a863,0.999
1456313161.0,61637c84,0.999
1456313161.0,a625d115,0.979
1456313161.0,87478a1e,0.979
1456313161.0,cc477c7c,0.939
1456313161.0,a3e4145b,0.969
1456313161.0,9f7b3411,0.979
1456313161.0,fe21fda2,0.999
1456313161.0,fb46bd6e,1.019
1456313161.0,49d8f4c8,1.009
1456313161.0,d9b08f78,0.999
1456313161.0,a7c128b6,1.029
1456313161.0,5fb10ad5,0.979
1456313161.0,9ad361ad,1.029
1456313161.0,baa66b57,1.019
1456313161.0,dd78438d,1.019
1456313161.0,8c92cd65,0.979
1456313161.0,623aaf90,0.989
1456313161.0,129ccfd3,0.999
1456313161.0,79e81a72,0.999
1456313161.0,094c7293,1.039
1456313161.0,13579cfd,0.989
1456313161.0,2843ab89,0.979
1456313161.0,9d62bf3b,0.969
1456313161.0,d88d8a20,1.039
1456313161.0,f0af9cc2,0.979
1456313161.0,2be7d0b2,1.019
1456313161.0,37c87f5e,0.999
1456313161.0,f7de9c1d,0.979
1456313161.0,a3cd819d,0.959
1456313161.0,f39d03d7,0.989
1456313161.0,00daa2b4,0.979
1456313161.0,4f60f2d3,0.959
1456313161.0,5463fafc,0.989
1456313161.0,a1a54361,0.999
1456313161.0,20dcb5cd,0.979
1456313161.0,c16682b0,0.999
1456313161.0,074c9a19,1.009
1456313161.0,72c22a1e,1.039
1456313161.0,75d9dd17,0.929
1456313161.0,266713de,0.929
1456313161.0,70370c43,0.989
1456313161.0,6bbc54b6,1.009
1456313161.0,6f118420,1.029
1456313161.0,20015b2d,1.029
1456313161.0,f60a2c42,1.009
1456313161.0,d811c7b5,1.029
1456313161.0,84d84a54,0.999
1456313161.0,4331b36c,0.999
1456313161.0,cbc79cc7,1.019
1456313161.0,986ab52a,0.969
1456313161.0,4de24a20,0.989
1456313161.0,6ad0086e,0.949
1456313161.0,cda8d3bf,1.039
1456313161.0,5fb9dfa5,0.999
1456313161.0,c1dfd045,1.019
1456313161.0,d2823b8f,1.049
1456313161.0,3c497123,0.979
1456313161.0,8a5cd800,0.999
1456313161.0,7fa657a5,1.029
1456313161.0,a5b2040e,1.019
1456313161.0,712e5646,0.989
1456313161.0,c0ccdcc4,1.009
1456313161.0,76176c12,0.989
1456313161.0,8ac64b4e,1.019
1456313161.0,e0ff758f,1.009
1456313161.0,a1df5d1b,1.009
1456313161.0,0f6f38a4,0.949
1456313161.0,d56999f7,1.029
1456313161.0,dcab2d5d,0.979
1456313161.0,537fac20,0.989
1456313161.0,57fbf14f,0.979
1456313161.0,f4788388,0.979
1456313161.0,bc75cb58,1.009
1456313161.0,2b9c0c23,1.019
1456313161.0,bc514af8,0.999
1456313161.0,b518e445,1.009
1456313161.0,ba5edf8a,1.009
1456313161.0,93407b90,0.989
1456313161.0,997de382,1.009
1456313161.0,f4333371,0.989
1456313161.0,086d076b,1.019
1456313161.0,7b13a550,1.039
1456313161.0,28c16e42,0.989
1456313161.0,864611cd,0.939
1456313161.0,69e52004,1.029
1456313161.0,c33a7e9f,0.969
1456313161.0,37a893dc,1.009
1456313161.0,be9c118a,0.989
1456313161.0,88ec76d7,0.999
1456313161.0,c629a598,1.029
1456313161.0,ee2ba444,1.039
1456313161.0,ce5281ae,0.989
1456313161.0,2703d1c4,0.999
1456313161.0,9fde81ae,1.029
1456313161.0,96735449,1.029
1456313161.0,466d909f,1.039
1456313161.0,72d303e8,0.989
1456313161.0,ea1b9e67,0.979
1456313161.0,813a6cd1,1.049
1456313161.0,197f9f1a,1.009
1456313161.0,76379735,1.029
1456313161.0,cfeeefb1,0.969
1456313161.0,75151463,1.009
1456313161.0,626de707,1.029
1456313161.0,4f9d836e,1.009
1456313161.0,9a40848b,1.069
1456313161.0,1cd14b72,0.979
1456313161.0,1de33a76,0.979
1456313161.0,5048cff6,1.029
1456313161.0,82dfbbfb,1.019
1456313161.0,570b52de,1.019
1456313161.0,0345dfe7,0.989
1456313161.0,cf213ad2,1.019
1456313161.0,5effda31,0.959
1456313161.0,bc47d203,1.009
1456313161.0,822601b1,1.019
1456313161.0,312c3ed5,0.979
1456313161.0,c05a0ef2,0.979
1456313161.0,c126260f,0.999
1456313161.0,d717e4c7,1.009
1456313161.0,aacd7080,0.959
1456313161.0,4663920f,0.979
1456313161.0,ae6758fc,0.984
1456313161.0,a4ba2fb9,0.979
1456313161.0,80ba6950,0.989
1456313161.0,792fb82d,1.009
1456313161.0,7c4a4d03,1.059
1456313161.0,8785401b,0.999
1456313161.0,69cf448c,1.039
1456313161.0,14e4cad9,1.009
1456313161.0,48aac8e9,0.959
1456313161.0,86622959,1.029
1456313161.0,e5573fdc,0.999
1456313161.0,80a74921,1.039
1456313161.0,8a2bccd1,0.989
1456313161.0,cae9afe7,0.969
1456313161.0,8e8fcbca,0.999
1456313161.0,e60668f4,1.039
1456313161.0,7d63776b,0.999
1456313161.0,fb34a733,1.029
1456313161.0,fee47ded,1.019
1456313161.0,ba97bb47,0.979
1456313161.0,5d25b0e7,0.999
1456313161.0,06ac238a,1.019
1456313161.0,1b136bef,0.979
1456313161.0,5083e533,0.999
1456313161.0,1f82b6fb,1.029
1456313161.0,0496cd5a,1.019
1456313161.0,1872a79b,1.009
1456313161.0,dce58b64,0.999
1456313161.0,790c4be8,1.009
1456313161.0,02540c78,1.029
1456313161.0,4ca2fd5f,0.989
1456313161.0,325d4b8f,0.989
1456313161.0,4a78586a,1.009
1456313161.0,8365b918,1.009
1456313161.0,e613bc2b,0.999
1456313161.0,9004f49d,0.999
1456313161.0,f1bb9540,0.989
1456313161.0,ecc75f2c,0.979
1456313161.0,2d973990,1.009
1456313161.0,c2039560,0.999
1456313161.0,ddc6b3b1,0.989
1456313161.0,0800eb0f,1.039
1456313161.0,371bd3e6,1.019
1456313161.0,52492fd5,1.009
1456313161.0,1f1eaa0f,1.009
1456313161.0,691d5ce3,0.989
1456313161.0,a6d4d300,1.019
1456313161.0,987496d6,1.019
1456313161.0,40271791,0.989
1456313161.0,fd6b00bc,0.929
1456313161.0,efb71c12,1.039
1456313161.0,5ff6d4e2,0.979
1456313161.0,fff23df4,1.009
1456313161.0,71424e6c,0.999
1456313161.0,,0.969
1456313161.0,36f30de6,0.979
1456313161.0,2d58a414,0.979
1456313161.0,969b9276,1.009
1456313161.0,0c1335db,1.009
1456313161.0,2380bb04,1.029
1456313161.0,,0.969
1456313161.0,1e05521d,0.979
1456313161.0,1bc107ca,0.989
1456313161.0,e0c1778e,0.999
1456313161.0,504126f8,1.029
1456313161.0,52303ab3,0.979
1456313161.0,ffe8f0be,0.999
1456313161.0,d14859a1,1.029
1456313161.0,558b1611,0.999
1456313161.0,82d40753,0.999
1456313161.0,a3f28e84,0.939
1456313161.0,d1002658,1.009
1456313161.0,a1f3d679,1.019
1456313161.0,0ccf9d49,0.979
1456313161.0,6e9a95db,0.979
1456313161.0,54352ce8,1.009
1456313161.0,b1342e4a,1.009
1456313161.0,06931b13,1.039
1456313161.0,2fa6d835,0.999
1456313161.0,cbb493e1,0.989
1456313161.0,f09149cd,1.009
1456313161.0,cb7a19f8,0.999
1456313161.0,a5b43fe1,0.999
1456313161.0,fd09c85a,0.959
1456313161.0,c7922998,0.989
1456313161.0,333d1cac,0.999
1456313161.0,89911292,0.989
1456313161.0,6f4273c4,1.019
1456313161.0,8b143527,1.029
1456313161.0,5cfe2697,0.969
1456313161.0,e8780170,0.979
1456313161.0,5ab36501,0.959
1456313161.0,3a0cbd9d,1.059
1456313161.0,ac8fbe39,0.999
1456313161.0,95256814,0.939
1456313161.0,e89c4d58,0.989
1456313161.0,8d433ec5,0.969
1456313161.0,e00ca8bb,0.979
1456313161.0,69e811f1,0.989
1456313161.0,fffcb866,0.989
1456313161.0,5e9a17e7,1.009
1456313161.0,be946965,0.969
1456313161.0,54e207d2,1.019
1456313161.0,32c905a8,1.029
1456313161.0,6a629c0f,0.979
1456313161.0,8d39e4b4,0.959
1456313161.0,c2ed0986,0.959
1456313161.0,44daa76b,0.989
1456313161.0,bbc1d831,0.989
1456313161.0,f97a19ce,1.009
1456313161.0,0c2f7153,0.999
1456313161.0,a042f697,0.999
1456313161.0,5f724cd6,0.999
1456313161.0,5181eba5,0.989
1456313161.0,0be30200,1.029
1456313161.0,b82c12f6,0.898
1456313161.0,d3730b6f,1.019
1456313161.0,857545c7,1.029
1456313161.0,b893996a,0.989
1456313161.0,f09abf51,1.009
1456313161.0,bfe9ba44,0.969
1456313161.0,bcc28a0d,0.969
1456313161.0,d34f18ac,0.959
1456313161.0,d5ed0ac8,0.989
1456313161.0,9f0519b8,0.989
1456313161.0,e196e62c,0.999
1456313161.0,ecf2754f,0.979
1456313161.0,0f7beaca,1.019
1456313161.0,d9c57dad,0.949
1456313161.0,fdd8eb18,0.979
1456313161.0,fed67d30,1.029
1456313161.0,eb179375,0.979
1456313161.0,069afd75,0.989
1456313161.0,b02d78c3,1.009
1456313161.0,cada2616,0.989
1456313161.0,398b6ec7,1.019
1456313161.0,b870f094,1.009
1456313161.0,e07b502e,1.019
1456313161.0,53988e6f,1.009
1456313161.0,138ce0cc,0.979
1456313161.0,5f4d5496,1.059
1456313161.0,7f870dfd,0.979
1456313161.0,2bb40266,1.009
1456313161.0,78f2b451,1.019
1456313161.0,b215d388,0.979
1456313161.0,66651818,0.989
1456313161.0,3573c1c1,1.029
1456313161.0,ab3fb92f,0.979
1456313161.0,053b7fd8,0.969
1456313161.0,d74906d1,1.039
1456313161.0,6c9830ee,1.029
1456313161.0,9ebd92af,0.999
1456313161.0,716fcfe5,0.999
1456313161.0,0955d064,1.039
1456313161.0,baff6152,1.009
1456313161.0,e2a5f261,0.989
1456313161.0,4c67dc1a,1.019
1456313161.0,f36f4393,0.999
1456313161.0,1377ad59,0.969
1456313161.0,56878753,0.979
1456313161.0,68e1f6e3,0.969
1456313161.0,effeb23b,0.999
1456313161.0,6e731ae8,1.009
1456313161.0,c57bb6b4,0.989
1456313161.0,bee45034,0.979
1456313161.0,7cb03693,0.999
1456313161.0,b32ae972,1.009
1456313161.0,a937e574,1.009
1456313161.0,eae702bd,0.959
1456313161.0,447b405d,1.019
1456313161.0,974de11a,1.009
1456313161.0,c1082f5e,1.009
1456313161.0,65ab6225,1.029
1456313161.0,b5741ecf,1.009
1456313161.0,08911c61,0.979
1456313161.0,3c0b225f,1.009
1456313161.0,98b24e11,1.029
1456313161.0,6a6b6015,1.019
1456313161.0,2e89adbb,1.029
1456313161.0,2a00b312,0.989
1456313161.0,6244903c,0.999
1456313161.0,53c036d3,1.009
1456313161.0,a8f38887,1.009
1456313161.0,d25d3d18,1.039
1456313161.0,5d2ae7b8,0.989
1456313161.0,46c0cc5b,0.969
1456313161.0,218fd480,0.999
1456313161.0,,0.999
1456313161.0,9cb727d2,0.989
1456313161.0,a41abd0c,0.999
1456313161.0,d411def2,1.029
1456313401.0,f3834b4f,0.959
1456313401.0,dcb25a3c,1.019
1456313401.0,f59ac186,0.989
1456313401.0,7632d7b7,0.959
1456313401.0,dc4873f6,1.029
1456313401.0,12437a10,1.019
1456313401.0,9e96bd97,1.019
1456313401.0,1a56d0e9,1.009
1456313401.0,dbe06a06,1.089
1456313401.0,0f755a63,1.009
1456313401.0,8730426e,0.979
1456313401.0,55100d94,1.019
1456313401.0,c6cd3146,1.009
1456313401.0,264d6745,0.929
1456313401.0,166e7f73,0.989
1456313401.0,f131e26a,0.969
1456313401.0,ebcd22e7,0.939
1456313401.0,410d799f,1.039
1456313401.0,7fcb9629,0.999
1456313401.0,04fe94aa,1.009
1456313401.0,71dd6cb9,0.999
1456313401.0,70dce2c3,0.969
1456313401.0,3bb20ba7,0.999
1456313401.0,,0.999
1456313401.0,b8dfe46d,0.989
1456313401.0,8794cb26,0.989
1456313401.0,4e54ae8f,0.999
1456313401.0,01574e74,0.969
1456313401.0,2db0e1c7,0.969
1456313401.0,dd239a42,1.019
1456313401.0,a1de4c4f,1.009
1456313401.0,bd4fc874,0.999
1456313401.0,1be36265,0.989
1456313401.0,3009a412,1.024
1456313401.0,98d8519a,0.979
1456313401.0,7592b37a,0.999
1456313401.0,3855d1bc,1.009
1456313401.0,65cb0157,1.019
1456313401.0,61638e00,1.009
1456313401.0,abcdcbad,0.999
1456313401.0,6a8257d5,1.019
1456313401.0,fc127178,1.019
1456313401.0,157d06a5,1.019
1456313401.0,06c32dfe,1.029
1456313401.0,cfe72b95,0.999
1456313401.0,c095b991,1.019
1456313401.0,b089244a,0.999
1456313401.0,86f33ae2,0.969
1456313401.0,d4ef4661,0.979
1456313401.0,265fe188,1.029
1456313401.0,ed84fb55,0.979
1456313401.0,16b53bbf,1.029
1456313401.0,d3fff19d,0.969
1456313401.0,ff574b02,0.949
1456313401.0,332127f3,0.969
1456313401.0,b4a7b915,1.019
1456313401.0,ce2f1007,1.029
1456313401.0,595a2321,0.969
1456313401.0,48ee050c,0.999
1456313401.0,e1e9b42f,0.999
1456313401.0,587132ed,0.929
1456313401.0,2afeabea,0.979
1456313401.0,e50f5b31,1.009
1456313401.0,186dc55a,1.019
1456313401.0,e6c4cb15,0.969
1456313401.0,5798eb33,0.969
1456313401.0,eca6ad54,0.979
1456313401.0,ffde8249,0.959
1456313401.0,eb058e2c,0.969
1456313401.0,d6f2eeec,0.989
1456313401.0,2a3fa9e1,0.959
1456313401.0,,0.999
1456313401.0,bf024497,1.029
1456313401.0,fa4b70b0,1.059
1456313401.0,5110f142,0.989
1456313401.0,5000f0c5,0.969
1456313401.0,ca8f532f,0.969
1456313401.0,cd7f824c,1.029
1456313401.0,44e801f0,0.989
1456313401.0,b18ffb73,0.989
1456313401.0,c4f10d73,0.979
1456313401.0,e055b194,0.999
1456313401.0,477c7bcf,0.959
1456313401.0,8d4cbfeb,1.009
1456313401.0,9a8f9943,1.019
1456313401.0,eaadc508,1.029
1456313401.0,39175664,0.969
1456313401.0,7d020a61,0.989
1456313401.0,65e795cc,0.969
1456313401.0,884a1646,0.979
1456313401.0,7b5e3751,0.999
1456313401.0,2498b287,1.019
1456313401.0,1543d7ff,0.989
1456313401.0,1f6a05c5,0.969
1456313401.0,4c3e0377,1.009
1456313401.0,c952f3ae,0.999
1456313401.0,09638887,0.999
1456313401.0,8aefbe17,1.019
1456313401.0,2753be9b,0.959
1456313401.0,ea6ba7ed,1.009
1456313401.0,0f4a41fc,0.969
1456313401.0,5355dd4f,0.979
1456313401.0,dc8781a2,1.019
1456313401.0,157e2a55,0.979
1456313401.0,5d4a550d,0.969
1456313401.0,222b778e,0.999
1456313401.0,13266d18,0.989
1456313401.0,98860edd,0.969
1456313401.0,e3705385,1.019
1456313401.0,faddd104,0.959
1456313401.0,a46b4f3d,0.929
1456313401.0,365236e8,1.059
1456313401.0,7e01bac4,1.029
1456313401.0,6938babb,1.009
1456313401.0,eed2b29b,0.989
1456313401.0,319fa503,0.989
1456313401.0,62e58d1d,1.019
1456313401.0,c20260d6,0.989
1456313401.0,3f58dc20,0.989
1456313401.0,3d6465d9,0.999
1456313401.0,592bb59f,0.999
1456313401.0,2b88e2db,1.019
1456313401.0,5b7092cb,0.989
1456313401.0,d338b0f2,1.039
1456313401.0,c1db295a,0.999
1456313401.0,93b5b301,0.999
1456313401.0,e541a3b3,0.989
1456313401.0,b90ce0f4,1.009
1456313401.0,1f897af1,0.969
1456313401.0,25ed90f7,0.999
1456313401.0,aae7e937,1.009
1456313401.0,5fbe505b,1.019
1456313401.0,07d22eab,1.014
1456313401.0,47396921,0.969
1456313401.0,459eef9d,0.989
1456313401.0,96300c44,1.009
1456313401.0,30e25cec,0.989
1456313401.0,91925b72,1.019
1456313401.0,c482433b,1.009
1456313401.0,7e69e0ea,1.029
1456313401.0,720a51d5,1.049
1456313401.0,ef847136,1.029
1456313401.0,,0.999
1456313401.0,cc1a0922,1.029
1456313401.0,447dba6a,0.999
1456313401.0,8e20b783,1.009
1456313401.0,f21843f7,0.989
1456313401.0,8d3bf964,1.039
1456313401.0,60a41d4c,0.999
1456313401.0,ea2d6eca,1.009
1456313401.0,ef0ae2f2,0.999
1456313401.0,c4d4fdc6,1.009
1456313401.0,12aafa0c,0.979
1456313401.0,fbe6e575,1.019
1456313401.0,3a244657,1.029
1456313401.0,00d41319,0.959
1456313401.0,d26548b6,0.989
1456313401.0,5c22ef82,0.999
1456313401.0,6949ed4a,1.039
1456313401.0,0c091e76,0.979
1456313401.0,7efc6d8f,0.989
1456313401.0,edd2f7b6,1.009
1456313401.0,9a1a2584,0.979
1456313401.0,a5513d36,0.979
1456313401.0,492796c0,0.989
1456313401.0,3df4abe9,0.999
1456313401.0,811b6a32,0.999
1456313401.0,d4857812,0.989
1456313401.0,37c4f1e4,1.009
1456313401.0,a280c8ce,0.989
1456313401.0,a1c28fee,0.999
1456313401.0,bf54e94e,1.009
1456313401.0,7b47d35b,0.989
1456313401.0,1d86aff5,1.009
1456313401.0,8f3896e1,0.979
1456313401.0,d0f9f901,0.979
1456313401.0,a9ff2f34,0.939
1456313401.0,be95bdc3,0.969
1456313401.0,8358c467,0.989
1456313401.0,f30258dc,0.989
1456313401.0,c3a379ab,0.969
1456313401.0,70900101,1.019
1456313401.0,9827c099,0.999
1456313401.0,e727162d,1.039
1456313401.0,0998aab1,0.989
1456313401.0,548c8c9c,1.009
1456313401.0,c515316c,0.969
1456313401.0,688487a8,0.999
1456313401.0,4838da54,1.029
1456313401.0,fdd7a859,0.989
1456313401.0,09be7dd3,1.019
1456313401.0,fdce782f,0.999
1456313401.0,02b40ec3,0.959
1456313401.0,c184854c,0.999
1456313401.0,d02c5bf4,0.969
1456313401.0,8b2d18f9,0.969
1456313401.0,9d98d36c,1.059
1456313401.0,c1d5b129,0.999
1456313401.0,84d195a7,1.029
1456313401.0,75e4d61f,1.029
1456313401.0,4204f478,0.979
1456313401.0,00bb9689,0.969
1456313401.0,904d15e4,0.969
1456313401.0,2ca3372b,0.979
1456313401.0,9537b003,0.979
1456313401.0,20330ee3,0.969
1456313401.0,7bdf8f15,0.989
1456313401.0,4ccb2bae,1.039
1456313401.0,f7345a16,1.039
1456313401.0,dda7560a,0.999
1456313401.0,afdd844a,0.979
1456313401.0,80218b02,0.999
1456313401.0,9602e1b1,0.979
1456313401.0,543dd93c,0.969
1456313401.0,e1f35c29,0.969
1456313401.0,9db07996,0.999
1456313401.0,8f84a914,0.989
1456313401.0,61c0df8b,1.009
1456313401.0,36ceb401,1.029
1456313401.0,f2ac2fd2,0.979
1456313401.0,6835d405,0.989
1456313401.0,9d888387,1.019
1456313401.0,b95b2152,0.999
1456313401.0,2c835e88,0.999
1456313401.0,36a033f9,0.989
1456313401.0,e446361e,1.009
1456313401.0,68c7b059,0.969
1456313401.0,8f5e2757,0.989
1456313401.0,61907898,1.039
1456313401.0,61f59311,0.969
1456313401.0,171ebb74,0.979
1456313401.0,ee167171,0.999
1456313401.0,5ccd5966,0.969
1456313401.0,f1b1a06d,0.969
1456313401.0,6306053f,0.969
1456313401.0,d04338f7,0.999
1456313401.0,b154220c,0.999
1456313401.0,67830b76,0.989
1456313401.0,7a7219bc,0.989
1456313401.0,b948058a,0.959
1456313401.0,8cec6d32,0.989
1456313401.0,549d95e1,0.999
1456313401.0,226af5b1,0.959
1456313401.0,a4af82a5,1.039
1456313401.0,f64d1649,0.959
1456313401.0,48198db0,0.944
1456313401.0,6cc392bc,1.059
1456313401.0,ac8396c4,0.979
1456313401.0,cead4e62,0.999
1456313401.0,c66eeb5b,0.989
1456313401.0,0696d69c,1.019
1456313401.0,a9b672c3,0.989
1456313401.0,cf72999d,0.969
1456313401.0,7573fd74,0.999
1456313401.0,3580f1ac,1.019
1456313401.0,2ebdf5e8,1.019
1456313401.0,8067eaa3,1.029
1456313401.0,e07b08d4,0.989
1456313401.0,8d87181e,0.959
1456313401.0,a0f9d44d,1.049
1456313401.0,6c18369e,1.029
1456313401.0,41d7fd8c,0.949
1456313401.0,c637f136,1.009
1456313401.0,7a66bf28,0.999
1456313401.0,2024d5d7,0.979
1456313401.0,bb738427,1.009
1456313401.0,059e6005,1.019
1456313401.0,645b2898,0.979
1456313401.0,bdc3a9dd,0.989
1456313401.0,1330f736,0.969
1456313401.0,88113d35,0.989
1456313401.0,b42f77df,0.969
1456313401.0,beb106ec,0.989
1456313401.0,fb2de244,0.999
1456313401.0,9547004b,0.979
1456313401.0,41182762,0.989
1456313401.0,f897dc71,0.979
1456313401.0,8f9e2fa1,1.019
1456313401.0,4e41baa5,0.999
1456313401.0,43a0a005,1.019
1456313401.0,e7dc4cd2,0.999
1456313401.0,4fdca23f,0.969
1456313401.0,2947866d,0.969
1456313401.0,a82ec43f,0.979
1456313401.0,d8c88922,0.989
1456313401.0,2ffbebf3,0.989
1456313401.0,9a88a460,0.969
1456313401.0,5bcbe59f,0.989
1456313401.0,1fbcfe52,0.989
1456313401.0,875e84f9,0.969
1456313401.0,9e448914,0.969
1456313401.0,236e2f71,1.009
1456313401.0,c940a0c3,1.019
1456313401.0,e307b347,0.969
1456313401.0,a3e876da,0.989
1456313401.0,f72df52e,1.009
1456313401.0,c2952252,0.989
1456313401.0,2efa9b7e,0.999
1456313401.0,4359dc60,1.019
1456313401.0,9ae1a88f,0.999
1456313401.0,8b4029da,0.989
1456313401.0,121e3dd1,0.999
1456313401.0,71b758db,1.009
1456313401.0,ca9db570,1.029
1456313401.0,f3165b36,0.989
1456313401.0,707f276b,0.979
1456313401.0,10d616d9,0.999
1456313401.0,7da0a752,1.029
1456313401.0,d15d1648,1.009
1456313401.0,cadf2d6d,0.979
1456313401.0,f813fdc9,0.959
1456313401.0,c77e2863,0.979
1456313401.0,b54a85b1,0.959
1456313401.0,1a2274d4,0.989
1456313401.0,8c5d615e,1.029
1456313401.0,703cb794,0.979
1456313401.0,507d25cf,1.049
1456313401.0,9d205788,0.979
1456313401.0,1b6cee7c,0.999
1456313401.0,6e05b79b,0.989
1456313401.0,546992ee,0.969
1456313401.0,4abd2f17,0.989
1456313401.0,27f88bd4,0.989
1456313401.0,5a52067f,0.999
1456313401.0,192552f2,0.999
1456313401.0,15d15c6f,1.009
1456313401.0,b85957cd,0.969
1456313401.0,102299ad,0.989
1456313401.0,82198727,0.979
1456313401.0,6e610cb2,0.979
1456313401.0,74d7ab64,0.999
1456313401.0,ba7651f8,0.969
1456313401.0,27de662e,0.979
1456313401.0,82360936,0.989
1456313401.0,c08bba33,1.029
1456313401.0,7aa7e8fe,0.999
1456313401.0,71ac0ba6,0.989
1456313401.0,4c76dbcf,1.009
1456313401.0,3ba3d773,0.979
1456313401.0,6fc8bedc,0.979
1456313401.0,da00f579,0.999
1456313401.0,32bf0348,0.979
1456313401.0,d36c0bc0,1.009
1456313401.0,5fcd0f7a,1.029
1456313401.0,18b20a61,1.029
1456313401.0,aaf8d479,1.029
1456313401.0,a753f001,0.999
1456313401.0,d5062706,0.994
1456313401.0,6567da70,0.969
1456313401.0,18984cb5,1.029
1456313401.0,44479fee,0.999
1456313401.0,3c1f03c0,0.999
1456313401.0,90df0b88,1.009
1456313401.0,ef0bc256,0.969
1456313401.0,b6de77a6,0.949
1456313401.0,d9de1c75,0.999
1456313401.0,fa97f78a,1.009
1456313401.0,455166b9,0.989
1456313401.0,470345fb,1.029
1456313401.0,7cf55a33,0.969
1456313401.0,9cd2e129,0.979
1456313401.0,6df00f1d,1.009
1456313401.0,78e80807,1.019
1456313401.0,7e91d1f8,0.989
1456313401.0,99929b71,1.029
1456313401.0,f248b38b,0.959
1456313401.0,a09958dd,0.969
1456313401.0,58419a90,0.999
1456313401.0,766e7cd2,0.969
1456313401.0,6d978c2b,0.999
1456313401.0,ef811cbc,0.999
1456313401.0,d59d4bb4,0.979
1456313401.0,ad4d142d,0.989
1456313401.0,3985622e,0.999
1456313401.0,055e54a6,1.039
1456313401.0,65b329e2,1.009
1456313401.0,b258c197,1.019
1456313401.0,86466323,1.009
1456313401.0,bd5a8e8c,0.969
1456313401.0,a65b0645,0.999
1456313401.0,0cebd045,1.009
1456313401.0,2eea7b6b,0.979
1456313401.0,,0.969
1456313401.0,38cbcd42,1.049
1456313401.0,0d70fbb1,1.009
1456313401.0,31923c9d,0.969
1456313401.0,d3d96d55,0.979
1456313401.0,b840a41d,1.009
1456313401.0,d5b8a8fd,0.969
1456313401.0,5a3e246d,1.029
1456313401.0,dde1b45b,1.009
1456313401.0,157fcdd4,1.009
1456313401.0,2d149d2f,0.979
1456313401.0,62e5651b,0.969
1456313401.0,8a3c1b82,0.959
1456313401.0,a1904e6e,0.989
1456313401.0,16faf672,0.999
1456313401.0,aecec7b2,1.019
1456313401.0,360ecf54,0.959
1456313401.0,ff5d1617,0.989
1456313401.0,6d24e5fe,0.999
1456313401.0,7969d4f3,1.019
1456313401.0,910c6a77,0.979
1456313401.0,ffb2584e,0.969
1456313401.0,c8c94822,0.969
1456313401.0,48bf5afb,0.989
1456313401.0,860dceaa,0.989
1456313401.0,85f08836,1.009
1456313401.0,6f2ba4ed,1.009
1456313401.0,b1cca41e,0.959
1456313401.0,597a414c,0.979
1456313401.0,9593b2f6,0.949
1456313401.0,602a9d95,0.989
1456313401.0,66da4817,0.999
1456313401.0,8f268946,0.939
1456313401.0,fa862834,0.959
1456313401.0,d824e03a,0.979
1456313401.0,,0.979
1456313401.0,cf8764e5,0.999
1456313401.0,53df0ec3,0.999
1456313401.0,b2f45931,0.969
1456313401.0,67c6aa2e,0.939
1456313401.0,53410888,0.949
1456313401.0,f2d1f1fa,0.929
1456313401.0,e904bee6,0.959
1456313401.0,5c0d42b0,0.969
1456313401.0,91c3f745,0.959
1456313401.0,25a151c2,0.999
1456313401.0,15200152,0.939
1456313401.0,534bd2b7,0.989
1456313401.0,a0f09d1a,0.989
1456313401.0,3a3fcab7,0.939
1456313401.0,29552de4,0.989
1456313401.0,82c7766b,0.949
1456313401.0,110c184e,0.969
1456313401.0,ea80ce64,0.949
1456313401.0,7e5a6d3f,0.959
1456313401.0,242f5c69,0.939
1456313401.0,a7c266a1,0.989
1456313401.0,1b364f19,0.949
1456313401.0,ec85f8b2,0.959
1456313401.0,911d629d,0.929
1456313401.0,3da081b6,0.969
1456313401.0,5dbdb1ad,0.949
1456313401.0,3dfd3678,0.969
1456313401.0,f54d187e,0.979
1456313401.0,54ba3e2f,0.944
1456313401.0,ff8a65f2,0.959
1456313401.0,ecd45a38,0.949
1456313401.0,c443c505,0.969
1456313401.0,05ab806f,0.999
1456313401.0,e4f7133f,0.979
1456313401.0,82d0b907,0.969
1456313401.0,4f434ea1,0.969
1456313401.0,dc3f469b,0.949
1456313401.0,1bdb889f,0.949
1456313401.0,9ffeb5ed,0.989
1456313401.0,11364835,0.979
1456313401.0,d165a6a0,0.939
1456313401.0,55446f74,0.989
1456313401.0,10e899a5,0.959
1456313401.0,1dd5e241,0.979
1456313401.0,4a6264de,0.979
1456313401.0,bf8c6324,0.949
1456313401.0,c6d44191,0.969
1456313401.0,3b746ea0,0.939
1456313401.0,a8086038,0.969
1456313401.0,202ac153,0.969
1456313401.0,e39a2c78,0.989
1456313401.0,258c7298,0.969
1456313401.0,f7b92fac,0.939
1456313401.0,9c16f557,0.939
1456313401.0,2d673aaf,0.969
1456313401.0,52aedb7d,0.929
1456313401.0,f19a2bc5,0.939
1456313401.0,62f01f83,0.989
1456313401.0,48666ddb,0.939
1456313401.0,ae578482,0.969
1456313401.0,61508d3c,0.969
1456313401.0,f65e3be6,0.969
1456313401.0,545c4117,0.939
1456313401.0,7250f4a7,0.959
1456313401.0,1378b671,0.969
1456313401.0,bccce565,0.959
1456313401.0,5bf247b1,0.989
1456313401.0,fc451496,0.949
1456313401.0,d6fc46e5,0.959
1456313401.0,eaa7c105,0.939
1456313401.0,4141a0aa,0.939
1456313401.0,054077ee,0.979
1456313401.0,8c39bac2,0.939
1456313401.0,ed9d46be,0.929
1456313401.0,ed3acf54,0.959
1456313401.0,0da71099,0.939
1456313401.0,54c3da9c,0.939
1456313401.0,abf096af,0.939
1456313401.0,9733a9c0,0.979
1456313401.0,6933007f,0.989
1456313401.0,253ddd10,0.939
1456313401.0,13532509,0.959
1456313401.0,ed221b09,0.969
1456313401.0,a4087b5f,0.949
1456313401.0,44adf9c1,0.949
1456313401.0,72615718,0.939
1456313401.0,95fbf71d,0.939
1456313401.0,ed8f4b16,0.959
1456313401.0,8b2b7d79,0.969
1456313401.0,929af7b6,0.949
1456313401.0,70ab0b09,0.949
1456313401.0,fa4b4bff,0.959
1456313401.0,2f20611a,0.969
1456313401.0,78563886,0.949
1456313401.0,e9e1dabb,0.979
1456313401.0,5970db62,0.989
1456313401.0,2359a629,0.939
1456313401.0,8ee67957,0.969
1456313401.0,88b83d81,0.969
1456313401.0,0ecf4b78,0.989
1456313401.0,ed63a8a7,0.989
1456313401.0,cc42928d,0.999
1456313401.0,82e87a14,0.949
1456313401.0,c43d10a3,0.979
1456313401.0,5fc20a3d,0.949
1456313401.0,41d0e7f4,0.989
1456313401.0,9dfbd4dd,0.959
1456313401.0,c687a4a1,0.949
1456313401.0,2205a893,0.999
1456313401.0,9d5f359b,0.999
1456313401.0,3f96a850,0.949
1456313401.0,693a0585,0.979
1456313401.0,bd0ac826,0.959
1456313401.0,f5b117ef,0.989
1456313401.0,475024c4,0.939
1456313401.0,a656288b,0.979
1456313401.0,1ca78cac,0.949
1456313401.0,c9f023c6,0.929
1456313401.0,dc2d8878,0.949
1456313401.0,18e554be,0.979
1456313401.0,658cce02,0.959
1456313401.0,29ebe1f6,0.999
1456313401.0,7a781cc2,0.939
1456313401.0,d5118031,0.989
1456313401.0,840dc1e3,0.949
1456313401.0,44454521,0.939
1456313401.0,8b5242d3,0.989
1456313401.0,5dea9761,0.939
1456313401.0,9aa6fe97,0.949
1456313401.0,4ef36239,0.989
1456313401.0,32fc4e8c,0.939
1456313401.0,11f3128c,0.999
1456313401.0,dfd511ab,0.959
1456313401.0,dbc1bba3,0.949
1456313401.0,2d084788,0.949
1456313401.0,3b9765f2,0.949
1456313401.0,27b7f65f,0.949
1456313401.0,94642f21,0.959
1456313401.0,f79eb5f9,0.949
1456313401.0,9d3391d9,0.999
1456313401.0,0c83befd,0.959
1456313401.0,7709f8cb,0.939
1456313401.0,9ecc2084,0.989
1456313401.0,138b43bf,0.979
1456313401.0,e3667c9c,0.959
1456313401.0,1e16b905,0.969
1456313401.0,e4d30463,0.959
1456313401.0,a9ac5dea,0.969
1456313401.0,a7984b2a,0.999
1456313401.0,5001b72b,0.979
1456313401.0,3a2d39a0,0.969
1456313401.0,d342f583,0.959
1456313401.0,acd894be,0.929
1456313401.0,cd422423,0.999
1456313401.0,18df3f49,0.969
1456313401.0,e4070c0e,0.949
1456313401.0,6c60b697,0.949
1456313401.0,85f12dca,0.959
1456313401.0,ffb71aa8,0.949
1456313401.0,a5d6f2dd,0.939
1456313401.0,1dc8cdb7,0.939
1456313401.0,9e283f94,0.969
1456313401.0,81d8b241,0.999
1456313401.0,eb783f5d,0.969
1456313401.0,3c2e16c2,0.979
1456313401.0,c8eaf4a4,0.979
1456313401.0,8f280c89,0.939
1456313401.0,91f0a0fd,0.969
1456313401.0,a244f9b0,1.009
1456313401.0,f47b98eb,1.019
1456313401.0,d165c2c6,1.009
1456313401.0,1f57f9be,0.999
1456313401.0,bc81a8ae,0.969
1456313401.0,3a474dd3,0.999
1456313401.0,2efa85d4,0.979
1456313401.0,44166963,1.019
1456313401.0,7cad2e85,0.999
1456313401.0,4f3f8f5e,1.009
1456313401.0,b375596b,1.059
1456313401.0,50c1aaef,1.009
1456313401.0,36317a57,0.959
1456313401.0,143e78de,0.969
1456313401.0,4824bf4c,0.979
1456313401.0,acd58708,0.964
1456313401.0,fae20634,0.979
1456313401.0,ec80fbc7,0.994
1456313401.0,b67ae9fe,0.979
1456313401.0,e2914261,1.009
1456313401.0,5486cb1a,0.989
1456313401.0,a7f53ccb,0.989
1456313401.0,c7b29cc5,1.009
1456313401.0,4b87f0df,0.979
1456313401.0,865c84ca,1.049
1456313401.0,75515814,1.029
1456313401.0,f76f3d3a,0.959
1456313401.0,fd835d6e,1.059
1456313401.0,a8f01af7,0.979
1456313401.0,f426c965,0.969
1456313401.0,5c39d395,0.979
1456313401.0,995615f7,0.999
1456313401.0,8c1c23fb,0.959
1456313401.0,eaa8f83c,0.979
1456313401.0,35b3e2a2,0.959
1456313401.0,0a67fa6f,1.029
1456313401.0,18791c83,1.029
1456313401.0,d1dcee78,1.009
1456313401.0,292f3ea8,0.969
1456313401.0,d21a57fd,0.999
1456313401.0,ed69ae34,0.999
1456313401.0,c0d663b4,1.009
1456313401.0,3981324c,0.979
1456313401.0,0aed8034,0.999
1456313401.0,9eabd7c9,0.959
1456313401.0,7ef423c0,1.029
1456313401.0,42bca5e0,1.039
1456313401.0,aabec53c,0.989
1456313401.0,977ac60e,0.999
1456313401.0,ab583e1e,1.029
1456313401.0,6b5b80c3,0.979
1456313401.0,7fd3e47e,0.999
1456313401.0,a3e4145b,0.999
1456313401.0,7e1ad2f6,0.969
1456313401.0,be60701b,1.029
1456313401.0,391a56de,0.959
1456313401.0,,1.009
1456313401.0,3050301a,1.029
1456313401.0,a3c5ca6f,1.009
1456313401.0,a2cbf4a6,1.009
1456313401.0,8f7c069a,0.979
1456313401.0,1e7c15e2,0.979
1456313401.0,e8478f56,1.019
1456313401.0,1727b18d,0.969
1456313401.0,0b2dae68,0.949
1456313401.0,59182828,0.999
1456313401.0,865b080f,1.019
1456313401.0,4c2d3e35,0.959
1456313401.0,271f6d48,0.969
1456313401.0,8fe50322,0.989
1456313401.0,9086a5b2,0.959
1456313401.0,0df7c170,0.959
1456313401.0,18dbb515,0.969
1456313401.0,8cdff641,0.969
1456313401.0,c4805f18,0.959
1456313401.0,6b2baaee,0.999
1456313401.0,53758d2b,0.989
1456313401.0,d05c205a,0.969
1456313401.0,048e9166,0.969
1456313401.0,7de5339f,0.969
1456313401.0,430cbb77,1.009
1456313401.0,1629d59f,0.949
1456313401.0,91713a4d,1.009
1456313401.0,42bd894d,0.949
1456313401.0,a470ddc2,0.979
1456313401.0,b23e37d9,1.009
1456313401.0,13afa0e9,0.969
1456313401.0,34664756,0.999
1456313401.0,c7e28f54,0.969
1456313401.0,1468aaa8,1.029
1456313401.0,80d93018,0.979
1456313401.0,15bbe4b6,1.029
1456313401.0,450ed4aa,0.969
1456313401.0,9581fe81,0.989
1456313401.0,3621af3f,0.979
1456313401.0,35c4d397,0.989
1456313401.0,f98eae96,1.019
1456313401.0,d64ff6b9,0.999
1456313401.0,c0e7740b,1.004
1456313401.0,69ce0c69,0.999
1456313401.0,c3e2b41a,0.929
1456313401.0,21d0f81c,1.019
1456313401.0,9f33f062,1.009
1456313401.0,5a3d51b4,0.989
1456313401.0,48ebcec1,1.019
1456313401.0,b71b2d23,0.989
1456313401.0,6fc67d43,0.989
1456313401.0,8b0d5192,1.009
1456313401.0,dca18dd2,1.019
1456313401.0,8668e2e4,0.969
1456313401.0,8e6d4b8d,0.999
1456313401.0,662b7063,0.969
1456313401.0,6390097a,1.029
1456313401.0,7c6725e1,0.989
1456313401.0,93f20e30,1.029
1456313401.0,c4953ffa,1.029
1456313401.0,93d95943,0.989
1456313401.0,bda6612d,1.009
1456313401.0,5a8b71b2,0.969
1456313401.0,0290389c,0.969
1456313401.0,c7d7314f,1.029
1456313401.0,8020e532,0.989
1456313401.0,b2baa0fb,0.959
1456313401.0,0a7394cb,1.049
1456313401.0,cdf2f211,0.989
1456313401.0,7ced45b7,0.979
1456313401.0,b5940e7d,1.029
1456313401.0,58f2498c,0.989
1456313401.0,da91fae8,0.979
1456313401.0,c558dd18,1.029
1456313401.0,eea64d8a,1.029
1456313401.0,0bd89a27,1.009
1456313401.0,2fc28014,0.989
1456313401.0,f1405292,1.019
1456313401.0,dbb88534,0.999
1456313401.0,ccaf0017,0.979
1456313401.0,c03f4ffa,0.989
1456313401.0,1a497a4b,1.039
1456313401.0,17127e8d,0.979
1456313401.0,397db294,0.979
1456313401.0,bc6e8d35,1.019
1456313401.0,790402b3,0.939
1456313401.0,186a1294,0.989
1456313401.0,28e3481f,1.009
1456313401.0,bed26785,0.959
1456313401.0,57a33e46,0.999
1456313401.0,89c96863,1.009
1456313401.0,5f65589e,1.019
1456313401.0,07991b53,0.939
1456313401.0,e1071f74,0.999
1456313401.0,f04fe50a,1.019
1456313401.0,2cf05648,0.969
1456313401.0,69d749f5,0.979
1456313401.0,e7442b52,0.939
1456313401.0,d47660a6,0.969
1456313401.0,d63e5150,0.979
1456313401.0,202af8f9,1.009
1456313401.0,bc85d300,0.979
1456313401.0,aeb12459,0.989
1456313401.0,92dce960,0.989
1456313401.0,468267fb,0.969
1456313401.0,fcbae89e,0.979
1456313401.0,faf03f8f,1.009
1456313401.0,a5de0540,0.999
1456313401.0,690fedaf,0.928
1456313401.0,010a1240,0.969
1456313401.0,c30f5865,0.979
1456313401.0,56ca8f0b,1.029
1456313401.0,b80c5908,1.019
1456313401.0,77c875bb,0.999
1456313401.0,43b0f319,0.969
1456313401.0,ad6f7aae,1.009
1456313401.0,0716682f,0.999
1456313401.0,864faff4,1.009
1456313401.0,5c3d3863,1.029
1456313401.0,e63c7432,0.969
1456313401.0,d97d5b77,0.979
1456313401.0,ae8b60e9,1.019
1456313401.0,313314f6,0.999
1456313401.0,afc2b240,0.969
1456313401.0,d3dc7d8c,1.019
1456313401.0,5271a4f6,0.979
1456313401.0,c288a0c4,0.959
1456313401.0,5bc7d850,0.959
1456313401.0,fbcaa7f6,0.949
1456313401.0,9db8f5e1,0.969
1456313401.0,f76fac88,0.989
1456313401.0,8845e1a5,1.009
1456313401.0,f2523c62,1.039
1456313401.0,d3953243,1.009
1456313401.0,613ea133,1.029
1456313401.0,6b012e3a,0.959
1456313401.0,c713cfc0,1.029
1456313401.0,80e1c626,0.969
1456313401.0,fb2e36a4,0.979
1456313401.0,164df318,1.039
1456313401.0,ab57f5d6,0.979
1456313401.0,d15d75b3,1.029
1456313401.0,c1bc3b48,0.969
1456313401.0,55b1a563,0.989
1456313401.0,7f2d651e,0.969
1456313401.0,7adf8914,0.989
1456313401.0,26d674df,0.959
1456313401.0,5951b044,0.989
1456313401.0,465c84e0,0.949
1456313401.0,76ee34f4,0.969
1456313401.0,78962747,1.049
1456313401.0,43206580,0.989
1456313401.0,e579a4d2,0.959
1456313401.0,34df7d57,1.039
1456313401.0,f34c51f1,1.009
1456313401.0,dee5637c,1.029
1456313401.0,e512031e,0.979
1456313401.0,ee1e8107,0.989
1456313401.0,e181d5d0,0.969
1456313401.0,887915b9,0.969
1456313401.0,4dc73eb8,1.014
1456313401.0,96c588c8,0.989
1456313401.0,2e852031,0.989
1456313401.0,78e9f79a,0.979
1456313401.0,e71144f3,1.009
1456313401.0,401db24e,0.989
1456313401.0,85a2d988,0.939
1456313401.0,3219cb04,0.969
1456313401.0,2d4e58b5,1.029
1456313401.0,162f1e57,1.014
1456313401.0,1dcc8077,0.979
1456313401.0,b1d84f35,1.019
1456313401.0,9f01dc28,1.029
1456313401.0,3784c135,0.999
1456313401.0,6313d441,0.999
1456313401.0,6bc29395,1.029
1456313401.0,dc06e82c,1.029
1456313401.0,2839dc7d,0.979
1456313401.0,98a7af6d,1.019
1456313401.0,2b6463d1,1.009
1456313401.0,ed71cccb,1.029
1456313401.0,182bd28a,0.979
1456313401.0,52698fc2,0.979
1456313401.0,8b485c5e,0.999
1456313401.0,8e25d9aa,0.949
1456313401.0,f4788388,1.019
1456313401.0,85d39803,1.019
1456313401.0,08d73b70,0.989
1456313401.0,4d70ed85,0.979
1456313401.0,bc58fcd6,1.019
1456313401.0,15b8b7e7,0.989
1456313401.0,7bed0473,1.019
1456313401.0,776f095d,1.029
1456313401.0,acd5644c,0.959
1456313401.0,eb970b3f,0.989
1456313401.0,19afbee8,0.939
1456313401.0,6e65545d,0.994
1456313401.0,bfd9d768,1.029
1456313401.0,94f69df7,1.049
1456313401.0,575ae8b7,1.049
1456313401.0,67f771de,1.009
1456313401.0,ccc808c9,0.979
1456313401.0,d247620c,0.969
1456313401.0,ae2f47a9,0.999
1456313401.0,0852c1a9,1.039
1456313401.0,5a5bd833,0.969
1456313401.0,26ae107e,0.969
1456313401.0,aa7bb382,0.979
1456313401.0,b82e8807,0.989
1456313401.0,7da93d4e,0.969
1456313401.0,190db56f,1.009
1456313401.0,4f704bb1,0.969
1456313401.0,6321db63,0.979
1456313401.0,153762cf,0.999
1456313401.0,566fa8fb,1.019
1456313401.0,f83e7349,0.959
1456313401.0,a4ab46ee,0.989
1456313401.0,63904947,1.019
1456313401.0,8025debd,1.019
1456313401.0,d46cba13,1.019
1456313401.0,7eb76101,1.039
1456313401.0,f00b592d,0.999
1456313401.0,90a018b4,1.019
1456313401.0,54aa9266,0.959
1456313401.0,9aff86f3,0.989
1456313401.0,180c401e,1.019
1456313401.0,7ab85794,0.999
1456313401.0,fe19868d,0.989
1456313401.0,1b33191e,1.009
1456313401.0,ec19c93a,1.029
1456313401.0,4dcce79a,0.969
1456313401.0,76e411f5,0.969
1456313401.0,6a5601b8,1.019
1456313401.0,9c250156,1.019
1456313401.0,d8b005cb,0.959
1456313401.0,ae7d5dd1,0.979
1456313401.0,0ddddfa0,0.989
1456313401.0,6c0bfd68,1.019
1456313401.0,422c3409,1.009
1456313401.0,bf861b98,0.989
1456313401.0,0ec80a86,0.969
1456313401.0,62d5be65,1.059
1456313401.0,ca089b70,0.999
1456313401.0,8a7ae372,0.989
1456313401.0,43ebfdc2,0.979
1456313401.0,4b53a6b2,1.019
1456313401.0,44959c83,1.049
1456313401.0,0b55b37e,1.009
1456313401.0,1f1e08d5,1.009
1456313401.0,11fd2741,0.959
1456313401.0,a50ae4a2,0.979
1456313401.0,c6b47de7,0.979
1456313401.0,bbc20221,0.999
1456313401.0,4b75217a,1.009
1456313401.0,4d930ee5,0.969
1456313401.0,4347f862,0.959
1456313401.0,f8947f1b,1.029
1456313401.0,882951be,1.009
1456313401.0,e6322e78,1.009
1456313401.0,3f09175f,0.999
1456313401.0,2660c764,1.019
1456313401.0,53e9b1ac,0.989
1456313401.0,51011eb5,0.999
1456313401.0,0900dfb0,1.009
1456313401.0,e576fe06,1.019
1456313401.0,c2a07e5c,0.999
1456313401.0,a260f4a5,0.969
1456313401.0,ab28d306,1.019
1456313401.0,212dc31a,0.939
1456313401.0,e9fe3dfb,1.009
1456313401.0,ad4337a9,0.979
1456313401.0,c5f1c80c,0.969
1456313401.0,dd465a5d,1.029
1456313401.0,b9204fb6,1.019
1456313401.0,3c41d6ca,0.979
1456313401.0,c57c6085,1.009
1456313401.0,c56babf8,0.979
1456313401.0,36dc6ea5,0.959
1456313401.0,202abd50,0.959
1456313401.0,b934f66f,0.989
1456313401.0,2945d488,0.999
1456313401.0,9090ae53,1.029
1456313401.0,279cc342,0.919
1456313401.0,e5e2bf67,0.969
1456313401.0,7cdc9523,1.019
1456313401.0,bc342274,0.989
1456313401.0,35de2e09,1.029
1456313401.0,7141f533,1.019
1456313401.0,75244431,0.989
1456313401.0,410bb594,1.009
1456313401.0,21045357,0.989
1456313401.0,b22e443b,1.019
1456313401.0,4b42bb0a,0.989
1456313401.0,f73b5de2,1.029
1456313401.0,58d274cb,0.979
1456313401.0,186a2106,0.999
1456313401.0,354f3556,1.019
1456313401.0,c631958b,0.979
1456313401.0,2337f9ca,0.989
1456313401.0,7934cb40,0.999
1456313401.0,2bd2ffb1,1.009
1456313401.0,a093cd4b,0.969
1456313401.0,ab01842d,1.029
1456313401.0,67c0cb5c,1.029
1456313401.0,0bcc45f5,1.019
1456313401.0,afc58f9d,1.009
1456313401.0,4e30bdf2,0.999
1456313401.0,c2123d31,0.979
1456313401.0,2e4b5644,0.954
1456313401.0,c7f1eb71,0.999
1456313401.0,2042ed0f,0.989
1456313401.0,7c06a27e,1.029
1456313401.0,800fab5c,1.039
1456313401.0,74004306,0.969
1456313401.0,f322d52b,1.019
1456313401.0,41095c7b,0.969
1456313401.0,88cccf93,0.969
1456313401.0,94d55606,1.019
1456313401.0,b8091458,0.999
1456313401.0,468066ad,1.049
1456313401.0,,1.019
1456313401.0,680d2cb8,1.029
1456313401.0,2a365ba8,0.999
1456313401.0,59304ef4,1.029
1456313401.0,63fe8dd4,0.989
1456313401.0,919fe547,0.989
1456313401.0,31b11e9e,1.019
1456313401.0,afb05ae2,1.009
1456313401.0,0fc44087,0.989
1456313401.0,5d4e52c0,1.009
1456313401.0,85a43300,0.999
1456313401.0,73ad722d,0.989
1456313401.0,a0bca24c,0.999
1456313401.0,a8310af0,0.999
1456313401.0,a453e0de,0.969
1456313401.0,efb267f7,1.029
1456313401.0,98b996d3,0.989
1456313401.0,edb096b5,1.029
1456313401.0,d02509ed,1.019
1456313401.0,a0f3e216,1.029
1456313401.0,9beb1b98,0.979
1456313401.0,faaa1fe7,1.019
1456313401.0,9f652a92,0.969
1456313401.0,9c308e5f,0.989
1456313401.0,29fe4cae,0.999
1456313401.0,12389609,0.999
1456313401.0,43b2838d,0.979
1456313401.0,714eaded,0.969
1456313401.0,cb04d9ea,1.009
1456313401.0,476837aa,0.999
1456313401.0,59635b5d,0.979
1456313401.0,cc3a718f,1.009
1456313401.0,b003d766,1.019
1456313401.0,0c3d5570,0.999
1456313401.0,a43f17c4,0.989
1456313401.0,a0b4fcec,0.979
1456313401.0,d38f9f16,0.969
1456313401.0,619e3c7f,0.969
1456313401.0,616bd931,0.969
1456313401.0,058212e2,0.939
1456313401.0,cbe823ba,0.959
1456313401.0,135c7773,1.009
1456313401.0,9bfdebe0,1.029
1456313401.0,9ea3d2b6,0.959
1456313401.0,23ea2729,0.989
1456313401.0,d8e33d34,0.989
1456313401.0,4f7c5e0a,1.009
1456313401.0,6000fe5e,0.989
1456313401.0,3554bda4,0.999
1456313401.0,d4602afc,0.959
1456313401.0,55fc2c6d,0.969
1456313401.0,50b4fb9f,0.999
1456313401.0,15b3db43,0.999
1456313401.0,020dac80,1.029
1456313401.0,0fe8b05e,0.969
1456313401.0,2b8c12d2,1.009
1456313401.0,4c6fce6c,0.979
1456313401.0,d620afe2,0.989
1456313401.0,48f1eeb3,0.999
1456313401.0,6df6da28,1.039
1456313401.0,f708be71,1.009
1456313401.0,9598f3ac,0.969
1456313401.0,346a1694,1.019
1456313401.0,6384651f,0.989
1456313401.0,b43aab28,0.989
1456313401.0,b2a8b4b9,0.949
1456313401.0,2e77c5e7,0.979
1456313401.0,734b43c2,0.979
1456313401.0,729dc678,1.029
1456313401.0,0e72a56a,1.019
1456313401.0,27544315,0.979
1456313401.0,6c1eda32,0.999
1456313401.0,be6ae742,1.029
1456313401.0,72ee9f2a,0.989
1456313401.0,c409c6b3,1.019
1456313401.0,783f4b92,0.999
1456313401.0,810ecb7a,0.979
1456313401.0,51cb8b8e,0.989
1456313401.0,0a6dec42,0.959
1456313401.0,7dde6783,0.989
1456313401.0,e2cdf18c,1.009
1456313401.0,449d3ddf,0.999
1456313401.0,2a241874,1.019
1456313401.0,07ccba78,1.009
1456313401.0,bdf0a3dc,0.989
1456313401.0,d00a147b,1.009
1456313401.0,07aab62d,0.969
1456313401.0,f5268ec9,1.019
1456313401.0,efc2fc1d,0.949
1456313401.0,ab2a652e,0.979
1456313401.0,4687563d,0.979
1456313401.0,c1921151,0.989
1456313401.0,168168ee,0.999
1456313401.0,7aa37f95,0.959
1456313401.0,c53a45b7,1.019
1456313401.0,6bbf6dea,0.999
1456313401.0,dfed207f,1.009
1456313401.0,c843ae37,1.019
1456313401.0,32ba3943,1.029
1456313401.0,b3701dfd,0.979
1456313401.0,530cc62e,0.999
1456313401.0,3df2304c,0.999
1456313401.0,59f961f5,0.989
1456313401.0,fbb2872c,0.969
1456313401.0,43d54d96,0.999
1456313401.0,dcfdd6fc,0.999
1456313401.0,53070d21,0.999
1456313401.0,fc93128d,1.039
1456313401.0,f224f5b7,0.979
1456313401.0,a630f96a,1.049
1456313401.0,775487a4,0.969
1456313401.0,234744ea,0.989
1456313401.0,c9dc18ed,1.009
1456313401.0,3d10cfa0,0.979
1456313401.0,b471c98a,0.979
1456313401.0,08e08bee,0.999
1456313401.0,8ff3cfbc,1.029
1456313401.0,9dd5a00c,0.969
1456313401.0,40b29863,0.969
1456313401.0,93ef3495,1.049
1456313401.0,eb8520ef,1.019
1456313401.0,72d26b77,0.999
1456313401.0,87856e5d,1.009
1456313401.0,70879f72,0.999
1456313401.0,ddeeda43,0.969
1456313401.0,fff1f639,0.979
1456313401.0,757d5670,1.019
1456313401.0,07de256c,1.009
1456313401.0,14c0148e,1.009
1456313401.0,dd7c2cef,0.999
1456313401.0,315928ce,0.989
1456313401.0,,0.969
1456313401.0,1fa4b26a,1.019
1456313401.0,570306b1,1.009
1456313401.0,67fdfb0c,0.969
1456313401.0,4bbcb4db,0.979
1456313401.0,f333e2b9,0.969
1456313401.0,69f7d4d7,0.979
1456313401.0,beaae59a,0.989
1456313401.0,c6a1b911,1.004
1456313401.0,264508a9,0.949
1456313401.0,fbb0ba26,0.979
1456313401.0,3893ca3e,0.969
1456313401.0,bd4bb0e4,1.019
1456313401.0,b8461f7b,0.979
1456313401.0,1cdb45b5,0.989
1456313401.0,342d1420,1.039
1456313401.0,8b47b275,1.009
1456313401.0,b1184001,0.989
1456313401.0,9199777f,0.999
1456313401.0,0c9168e0,0.979
1456313401.0,58a7384f,0.999
1456313401.0,8977f83b,0.999
1456313401.0,52227bb2,1.029
1456313401.0,b6e44119,0.979
1456313401.0,6877801d,1.029
1456313401.0,c3905824,0.929
1456313401.0,33fb9f1a,1.009
1456313401.0,3fdc528a,0.999
1456313401.0,fb94863a,1.029
1456313401.0,a40e9c55,0.969
1456313401.0,476b265b,1.039
1456313401.0,385d85e8,1.009
1456313401.0,fb44675e,0.969
1456313401.0,9572e9cf,1.039
1456313401.0,bdd46409,0.999
1456313401.0,925e5435,0.989
1456313401.0,779d347d,0.979
1456313401.0,ef29f3a1,0.949
1456313401.0,f55f0649,0.989
1456313401.0,b8c293ba,1.029
1456313401.0,409b2b7e,0.999
1456313401.0,fbd93087,0.979
1456313401.0,6e9e301f,0.979
1456313401.0,cbc2f9db,0.949
1456313401.0,1929517b,0.999
1456313401.0,a12b880b,1.009
1456313401.0,0ebd49bf,1.029
1456313401.0,32a8caa1,0.989
1456313401.0,0d730a98,0.969
1456313401.0,48713f51,1.019
1456313401.0,e291397b,1.009
1456313401.0,ed996a11,0.979
1456313401.0,668a9de0,0.959
1456313401.0,ece4dd56,1.029
1456313401.0,368b0430,0.979
1456313401.0,ca804af5,0.979
1456313401.0,1bfa13b3,0.959
1456313401.0,bd6492b8,0.979
1456313401.0,966a40ae,0.979
1456313401.0,9ab54d52,1.019
1456313401.0,5103112e,1.009
1456313401.0,23e2d722,1.019
1456313401.0,f11235cb,0.979
1456313401.0,274be62b,1.009
1456313401.0,6f79337c,1.019
1456313401.0,3344673e,0.989
1456313401.0,c5094307,0.999
1456313401.0,f8d94280,1.029
1456313401.0,6770a660,0.979
1456313401.0,649d4623,0.979
1456313401.0,7c781a47,0.969
1456313401.0,62704b8a,1.019
1456313401.0,39040b75,1.019
1456313401.0,ee2e8a1d,0.959
1456313401.0,c706a4de,1.019
1456313401.0,e95e6a2a,0.979
1456313401.0,3ceab2dc,0.989
1456313401.0,37b5d60a,0.969
1456313401.0,260e3a4c,0.999
1456313401.0,2f349c74,0.999
1456313401.0,5d637168,1.019
1456313401.0,05b24372,0.989
1456313401.0,4ebc6df3,0.939
1456313401.0,c90ddd1c,1.019
1456313401.0,597ada5a,0.999
1456313401.0,dcd3f71a,0.989
1456313401.0,76b10566,0.969
1456313401.0,26906f78,1.039
1456313401.0,65bf913d,1.019
1456313401.0,c9974d8f,1.029
1456313401.0,ae934bd5,1.019
1456313401.0,1a70fd7f,0.989
1456313401.0,e7b6ab01,0.999
1456313401.0,86712e60,1.019
1456313401.0,7906e124,0.969
1456313401.0,922d7fa3,0.969
1456313401.0,66c0ab43,0.999
1456313401.0,a90392b0,0.979
1456313401.0,1ffbed87,0.979
1456313401.0,ef081ec1,1.039
1456313401.0,03325fa4,0.949
1456313401.0,16259776,1.009
1456313401.0,376c7260,1.029
1456313401.0,0dbe7cbf,1.009
1456313401.0,,0.999
1456313401.0,dc013155,0.979
1456313401.0,,0.959
1456313401.0,5c0dc2e6,1.019
1456313401.0,064f5bd1,1.029
1456313401.0,10b34f01,1.039
1456313401.0,ab6f459b,0.999
1456313401.0,4c59d12d,0.959
1456313401.0,e7cf315e,1.009
1456313401.0,cb7a19f8,0.999
1456313401.0,f7f13c47,1.009
1456313401.0,bab71d7a,0.999
1456313401.0,c4088196,1.019
1456313401.0,6204496e,1.009
1456313401.0,5953f6dc,0.949
1456313401.0,d0e23872,0.999
1456313401.0,e532f970,0.969
1456313401.0,c98807b3,0.989
1456313401.0,ec487980,0.979
1456313401.0,888c0d95,0.989
1456313401.0,bb34de9c,0.979
1456313401.0,44aa767f,1.009
1456313401.0,f6f661ae,1.029
1456313401.0,d7a6a6c2,1.019
1456313401.0,77f11204,0.979
1456313401.0,d6243610,0.989
1456313401.0,d0f6968c,0.969
1456313401.0,7653cc6a,0.969
1456313401.0,6097ffe8,0.989
1456313401.0,dde804b5,1.009
1456313401.0,f8646d30,0.959
1456313401.0,f7e752c7,0.979
1456313401.0,576edbde,0.999
1456313401.0,efd124a1,0.999
1456313401.0,07874667,1.019
1456313401.0,3124489d,0.959
1456313401.0,99279e16,0.999
1456313401.0,2249d84a,1.029
1456313401.0,456d2310,0.959
1456313401.0,3b37a294,1.019
1456313401.0,83fa6876,0.989
1456313401.0,800691b2,0.969
1456313401.0,84558d7a,0.999
1456313401.0,e657e4ae,1.019
1456313401.0,58e1a8b4,1.039
1456313401.0,71afb3c0,0.969
1456313401.0,9fc9a999,1.029
1456313401.0,,0.989
1456313401.0,7d502fbb,0.969
1456313401.0,8c2198f0,1.029
1456313401.0,c460ad8e,1.009
1456313401.0,,0.989
1456313401.0,265c7e5d,0.979
1456313401.0,4bd28877,0.989
1456313401.0,6b867ae3,0.979
1456313401.0,1848de21,1.009
1456313401.0,1948ba16,0.979
1456313401.0,10f4b8f5,0.999
1456313401.0,67809b86,0.989
1456313401.0,8c41eda4,1.039
1456313401.0,1d65a34f,0.989
1456313401.0,d72d099c,1.009
1456313401.0,e2cc6025,0.979
1456313401.0,26d58413,0.969
1456313401.0,c1a5c3a6,0.969
1456313401.0,85a8d903,0.969
1456313401.0,f47e8638,0.969
1456313401.0,28eb51aa,1.029
1456313401.0,,0.979
1456313401.0,dedc2342,0.969
1456313401.0,9b0f9cb3,0.979
1456313401.0,2a5e6e74,0.989
1456313401.0,1595cde4,1.029
1456313401.0,250c83be,0.969
1456313401.0,cf0f7009,0.999
1456313401.0,4f0a1aa8,0.989
1456313401.0,0e948ec0,0.999
1456313401.0,0e7d2ef5,1.019
1456313401.0,b4c7a5ed,0.969
1456313401.0,40e47eaa,0.969
1456313401.0,ce43b17e,1.029
1456313401.0,083297f9,1.029
1456313401.0,fd9a80c1,0.954
1456313401.0,72b223b1,0.969
1456313401.0,5c88c29d,0.969
1456313401.0,f010f0a1,1.029
1456313401.0,c5b26ed2,0.989
1456313401.0,a16adda9,0.989
1456313401.0,5ce80f96,1.039
1456313401.0,84fcbe9f,0.969
1456313401.0,b20731bb,1.014
1456313401.0,4401812d,1.009
1456313401.0,a0fab520,1.029
1456313401.0,4a9b9c71,1.009
1456313401.0,d6d166bf,0.999
1456313401.0,dcca746a,0.989
1456313401.0,db97e7b4,0.959
1456313401.0,bbb7883b,0.999
1456313401.0,81adfc57,1.029
1456313401.0,f8f041cb,1.009
1456313401.0,c54c18c9,0.979
1456313401.0,ce7f3f9b,1.029
1456313401.0,0f0331a5,0.969
1456313401.0,166ca755,1.029
1456313401.0,35730766,0.969
1456313401.0,ae948682,1.039
1456313401.0,ac394be0,0.969
1456313401.0,b2dce7a0,1.009
1456313401.0,ba9fb6db,1.009
1456313401.0,c74d8db0,1.039
1456313401.0,c6cff611,1.009
1456313401.0,16e01aa0,1.069
1456313401.0,35cb7ed4,0.989
1456313401.0,a93262c3,0.969
1456313401.0,823f1901,0.979
1456313401.0,f010f044,0.999
1456313401.0,aaa58622,1.039
1456313401.0,0967fa61,0.969
1456313401.0,1543d9a2,0.979
1456313401.0,a76bbf53,0.979
1456313401.0,04b38cb5,0.979
1456313401.0,30c4e2b1,1.019
1456313401.0,d3567757,1.009
1456313401.0,1c52e235,0.979
1456313401.0,19e1cad6,1.019
1456313401.0,58d65b27,1.019
1456313401.0,c8cff199,0.989
1456313401.0,f876e3e8,0.959
1456313401.0,2358eb9a,0.979
1456313401.0,a514041e,1.039
1456313401.0,7b90d598,0.959
1456313401.0,d45add49,1.009
1456313401.0,97c7cfca,0.999
1456313401.0,2b04db76,1.019
1456313401.0,08e59639,0.979
1456313401.0,4ea41fde,0.969
1456313401.0,95bbbe2f,1.029
1456313401.0,3c0f4b64,0.959
1456313401.0,39116d5f,0.979
1456313401.0,49878878,1.029
1456313401.0,2ac82f45,1.019
1456313401.0,e2c5c4f3,0.989
1456313401.0,b84f5be2,0.979
1456313401.0,a5312f3b,0.969
1456313401.0,e9209897,1.009
1456313401.0,41f89d4b,0.969
1456313401.0,57967011,0.969
1456313401.0,256e2f5b,1.039
1456313401.0,d99f8c72,1.009
1456313401.0,4622dd55,0.979
1456313401.0,ed61f658,0.959
1456313401.0,0dd8ba4c,1.059
1456313401.0,ac9a449a,0.999
1456313401.0,b7d922c5,1.039
1456313401.0,0a224fb3,0.979
1456313401.0,41ca6c6a,1.039
1456313401.0,03633a4d,0.969
1456313401.0,0748225f,1.019
1456313401.0,5543a9fd,1.029
1456313401.0,16fbfac7,0.979
1456313401.0,dc5ff7cf,0.979
1456313401.0,21ccc86d,0.969
1456313401.0,a42108f2,1.009
1456313401.0,952e8670,1.009
1456313401.0,d3a45b84,0.969
1456313401.0,035ff990,0.979
1456313401.0,cd860c0f,0.989
1456313401.0,94b48398,1.019
1456313401.0,836bcdaa,0.989
1456313401.0,1dad0cef,0.999
1456313401.0,5e11ffcc,0.979
1456313401.0,160addff,0.989
1456313401.0,0da2e486,0.979
1456313401.0,06277f60,1.009
1456313401.0,f92bdf7c,0.999
1456313401.0,c41ce805,0.999
1456313401.0,ea0a7462,0.949
1456313401.0,d85ccd5e,0.999
1456313401.0,53e57ac2,1.029
1456313401.0,58c2b34c,1.029
1456313401.0,81c26764,0.979
1456313401.0,d1afa721,0.989
1456313401.0,cba1718d,0.999
1456313401.0,6fe947de,0.989
1456313401.0,24b936ef,0.969
1456313401.0,9dff86f1,0.999
1456313401.0,c43ed044,0.979
1456313401.0,9022b426,0.969
1456313401.0,c07076c6,0.969
1456313401.0,5054e21e,0.969
1456313401.0,0bb28765,0.959
1456313401.0,d37974e1,0.989
1456313401.0,86e7b77c,0.989
1456313401.0,ce55c12b,0.979
1456313401.0,72054327,0.979
1456313401.0,97eccc29,1.039
1456313401.0,2ecadcf6,0.989
1456313401.0,f6936d02,1.009
1456313401.0,2638af68,1.009
1456313401.0,9eabd75a,0.999
1456313401.0,47c753f1,1.009
1456313401.0,87c19f02,0.989
1456313401.0,0d366466,0.969
1456313401.0,9168991d,0.969
1456313401.0,0570dbe0,0.939
1456313401.0,46cbebe3,1.019
1456313401.0,7818ad58,0.989
1456313401.0,6e520560,1.039
1456313401.0,cf57d1bf,1.029
1456313401.0,7b417f71,0.959
1456313401.0,a20bc7a4,0.999
1456313401.0,b5fd05ce,1.039
1456313401.0,73f7d503,0.959
1456313401.0,d587eb93,1.029
1456313401.0,8c4f6021,0.979
1456313401.0,1b10d043,1.039
1456313401.0,806052b0,0.979
1456313401.0,a3dd230b,1.029
1456313401.0,676f4e53,0.969
1456313401.0,e2825c07,0.999
1456313401.0,9ab681ea,1.039
1456313401.0,7a0f0cd4,0.969
1456313401.0,94600741,1.009
1456313401.0,1d50351d,1.009
1456313401.0,13596539,1.019
1456313401.0,68a6a16a,0.999
1456313401.0,b4c63b76,0.959
1456313401.0,3ba3cf9a,0.989
1456313401.0,fab43cd7,1.019
1456313401.0,4235a8fd,0.969
1456313401.0,6fa2467f,1.059
1456313401.0,f41a8a6d,0.989
1456313401.0,85e1d8aa,0.999
1456313401.0,56548677,1.069
1456313401.0,7c0f98f5,0.989
1456313401.0,9cc2158c,0.999
1456313401.0,c48df784,1.029
1456313401.0,577368de,1.009
1456313401.0,8d7a014c,0.989
1456313401.0,52bd7863,1.009
1456313401.0,3ec9f041,1.009
1456313401.0,d92a0847,1.059
1456313401.0,b29e1284,1.024
1456313401.0,1b140b5b,0.989
1456313401.0,75167b82,0.969
1456313401.0,0cca58b4,1.029
1456313401.0,57970dd5,0.989
1456313401.0,d8a16c26,0.969
1456313401.0,f12a9542,0.999
1456313401.0,8a52d816,1.029
1456313401.0,576c1f5f,1.009
1456313401.0,ba2213e9,1.019
1456313401.0,9d668c87,0.989
1456313401.0,c82a22de,0.989
1456313401.0,1809b397,0.969
1456313401.0,01a1e47b,1.029
1456313401.0,46379d52,0.969
1456313401.0,2139100d,1.009
1456313401.0,8d47e406,1.019
1456313401.0,9e1d1354,1.009
1456313401.0,4eaad293,0.989
1456313401.0,dff9a053,0.999
1456313401.0,e544e8dc,1.069
1456313401.0,e54e047f,1.029
1456313401.0,a94a336f,0.969
1456313401.0,5780923a,0.969
1456313401.0,30e60f32,0.999
1456313401.0,6f55f694,1.039
1456313401.0,f9f836d8,1.029
1456313401.0,113fcda7,0.979
1456313401.0,d2690695,1.019
1456313401.0,577ae214,0.999
1456313401.0,838f2221,1.019
1456313401.0,dd6f9c1c,0.999
1456313401.0,495cdb73,0.999
1456313401.0,e0973b4a,0.979
1456313401.0,43e34126,1.029
1456313401.0,f50a208b,1.009
1456313401.0,c8bad2ad,0.989
1456313401.0,5dc3decc,1.009
1456313401.0,f1e93609,0.989
1456313401.0,f5d0841a,1.009
1456313401.0,1e17f92c,0.989
1456313401.0,6e409c53,0.979
1456313401.0,950d79ab,0.989
1456313401.0,d5f0bacd,0.954
1456313401.0,c03e39ca,0.969
1456313401.0,33358700,0.979
1456313401.0,d766c910,0.999
1456313401.0,4d4ddfe6,1.039
1456313401.0,b49ab0b4,1.029
1456313401.0,a3a8caec,0.989
1456313401.0,2c3a5362,0.969
1456313401.0,adaeaab7,0.989
1456313401.0,b712cdad,1.049
1456313401.0,57135983,1.029
1456313401.0,960bd28e,1.039
1456313401.0,82b0380b,0.979
1456313401.0,6222a80d,0.989
1456313401.0,c77607db,1.009
1456313401.0,4e43cf44,0.989
1456313401.0,7f6e5cbd,0.979
1456313401.0,23f3fdd2,0.989
1456313401.0,b2fe44c9,1.029
1456313401.0,a54c76e8,0.989
1456313401.0,594fc2e9,1.009
1456313401.0,247b4cda,1.019
1456313401.0,d7552124,1.029
1456313401.0,5763ef3b,0.959
1456313401.0,d2672082,0.999
1456313401.0,488fcdf2,0.979
1456313401.0,3a65963d,1.009
1456313401.0,823a371f,1.009
1456313401.0,def62512,1.019
1456313401.0,c042fdd9,0.999
1456313401.0,3de9352c,0.999
1456313401.0,aa9c7d7a,1.039
1456313401.0,5c7976a7,1.019
1456313401.0,741f4fab,0.989
1456313401.0,799f1fd6,1.009
1456313401.0,6c11a054,0.999
1456313401.0,f3d8409b,1.019
1456313401.0,cef089b3,0.959
1456313401.0,87cd0504,0.999
1456313401.0,565eeda5,1.039
1456313401.0,cb7e73c0,0.999
1456313401.0,8404a707,0.999
1456313401.0,833241cf,1.019
1456313401.0,47e03c5b,1.049
1456313401.0,68781b4b,0.989
1456313401.0,7dc477e0,0.969
1456313401.0,2dc40154,0.999
1456313401.0,f05874bd,1.003
1456313401.0,5cbc21f8,0.999
1456313401.0,bc1f7e5b,0.959
1456313401.0,85db4cd5,1.039
1456313401.0,aae7bd53,0.989
1456313401.0,8b5466e6,0.979
1456313401.0,473de136,1.009
1456313401.0,a03a811d,0.989
1456313401.0,6fd1563c,0.969
1456313401.0,32dcc2c9,0.999
1456313401.0,32ecd8d4,1.029
1456313401.0,fee1f686,0.979
1456313401.0,a8f9e25b,1.039
1456313401.0,e3586265,1.029
1456313401.0,773b1599,0.999
1456313401.0,076da68e,0.969
1456313401.0,26e1a0a7,1.029
1456313401.0,f7a225a7,1.019
1456313401.0,a5e3beef,0.979
1456313401.0,f8203036,1.039
1456313401.0,c2fe2847,0.949
1456313401.0,b299d8d7,0.979
1456313401.0,,0.999
1456313401.0,762cedec,0.989
1456313401.0,c6ad410f,0.979
1456313401.0,59be95b5,1.039
1456313401.0,fe41844a,1.029
1456313641.0,6c5a28c6,0.989
1456313641.0,09975f4d,0.999
1456313641.0,7632d7b7,0.989
1456313641.0,b8c5de33,0.969
1456313641.0,fbbd6af8,0.959
1456313641.0,39b9a4d8,0.979
1456313641.0,e07c0604,0.979
1456313641.0,f72fa144,1.009
1456313641.0,982b4a02,1.019
1456313641.0,af6ce086,0.969
1456313641.0,312353ed,0.949
1456313641.0,3f9ee0ff,0.969
1456313641.0,f64d5154,0.989
1456313641.0,d355e704,0.969
1456313641.0,2073a897,0.949
1456313641.0,52ff86b2,0.959
1456313641.0,ee22ef31,0.989
1456313641.0,43be7e31,0.969
1456313641.0,0efd5423,0.989
1456313641.0,4dc57f20,0.999
1456313641.0,e8173dad,0.959
1456313641.0,6853fb18,1.019
1456313641.0,55adeb92,1.029
1456313641.0,c476cc49,0.959
1456313641.0,65d316f1,0.979
1456313641.0,ec0fb945,0.999
1456313641.0,dfa3f4f3,0.969
1456313641.0,da976067,0.999
1456313641.0,cea20e68,0.979
1456313641.0,76dccd6f,0.969
1456313641.0,e99e5f77,0.959
1456313641.0,a5ca89e4,1.019
1456313641.0,b3aa51d6,0.989
1456313641.0,e1320330,0.979
1456313641.0,1e0a9b4e,0.949
1456313641.0,f18a39be,0.969
1456313641.0,dfe43ff9,0.939
1456313641.0,7ae877b2,0.989
1456313641.0,30797552,0.939
1456313641.0,d66e3405,0.979
1456313641.0,a6cf9c73,1.009
1456313641.0,78d86c64,1.009
1456313641.0,86700cdc,0.979
1456313641.0,d53e3a60,0.939
1456313641.0,190c77e7,0.959
1456313641.0,dd270564,0.979
1456313641.0,ac852c45,0.959
1456313641.0,e624a815,0.949
1456313641.0,b86da903,1.009
1456313641.0,f9a28385,0.949
1456313641.0,9e687000,0.979
1456313641.0,a49ea2ee,0.979
1456313641.0,fb0b1dcf,0.979
1456313641.0,08903b8c,0.959
1456313641.0,bcbe32bc,0.979
1456313641.0,2a7d911f,0.979
1456313641.0,4818c908,0.979
1456313641.0,b6867cd0,0.969
1456313641.0,82148954,0.959
1456313641.0,820d9924,0.959
1456313641.0,4c36fcd5,1.009
1456313641.0,9fa10842,0.969
1456313641.0,1e3d64de,0.949
1456313641.0,05b184bf,1.009
1456313641.0,203367ea,1.009
1456313641.0,cfd74c18,0.979
1456313641.0,2a554c81,1.009
1456313641.0,e9776f5d,0.979
1456313641.0,57012344,1.029
1456313641.0,a6e1038f,0.959
1456313641.0,107383fd,0.959
1456313641.0,8626815a,0.959
1456313641.0,69a62773,0.969
1456313641.0,4e6ab199,0.989
1456313641.0,e6289f57,0.959
1456313641.0,d0a0e33f,0.989
1456313641.0,d015fcf3,0.939
1456313641.0,0cc21315,1.029
1456313641.0,31a01e0e,1.019
1456313641.0,d64909aa,0.989
1456313641.0,a3a3361e,1.009
1456313641.0,cdf67cac,0.969
1456313641.0,735f3dba,0.989
1456313641.0,e2851b26,0.959
1456313641.0,716f400f,0.989
1456313641.0,19838731,0.969
1456313641.0,2ec1e1ad,0.959
1456313641.0,440eff71,0.969
1456313641.0,90bfadfa,0.959
1456313641.0,3a826c9e,0.979
1456313641.0,6d6576d8,1.039
1456313641.0,d109e19e,0.999
1456313641.0,e8f015ea,0.959
1456313641.0,d3bbcf3a,0.959
1456313641.0,3e50dc0d,0.969
1456313641.0,82e05795,0.989
1456313641.0,ee0b813f,1.019
1456313641.0,7f7f6b17,0.969
1456313641.0,3c8508a5,0.959
1456313641.0,e6b8819f,0.949
1456313641.0,9dd86999,0.959
1456313641.0,3272290a,1.009
1456313641.0,ef4f86ab,1.019
1456313641.0,38ac63b8,0.999
1456313641.0,0bb2e1c5,0.969
1456313641.0,d98cee9c,0.959
1456313641.0,9a59f347,0.979
1456313641.0,3b40de08,0.959
1456313641.0,f4e60d5a,0.969
1456313641.0,7b0b6a1b,0.969
1456313641.0,e0d2b4fe,1.019
1456313641.0,d6a85f7b,0.969
1456313641.0,f4ec7ff4,0.969
1456313641.0,58d48103,1.019
1456313641.0,5b737243,0.999
1456313641.0,e72628ad,0.949
1456313641.0,655c4244,1.019
1456313641.0,6a8c75fd,1.029
1456313641.0,2c9a6a74,0.979
1456313641.0,4e7b5ef6,0.979
1456313641.0,b51f0a61,0.959
1456313641.0,6672f80b,1.019
1456313641.0,82444c93,1.019
1456313641.0,58e4c668,0.999
1456313641.0,d3415f41,1.049
1456313641.0,62b18fb8,0.959
1456313641.0,b38c29e8,0.959
1456313641.0,1b611c60,0.959
1456313641.0,5164a758,0.979
1456313641.0,b8fa7f55,0.979
1456313641.0,53c616b9,0.979
1456313641.0,28e7f835,0.989
1456313641.0,1af22ca6,0.969
1456313641.0,0622e30b,1.019
1456313641.0,bc09577c,0.939
1456313641.0,9a11b9a9,0.979
1456313641.0,bd3ac554,1.019
1456313641.0,6e66567c,0.969
1456313641.0,6bf76c78,0.959
1456313641.0,1509b860,0.979
1456313641.0,83cf7d34,0.989
1456313641.0,939e85bc,0.959
1456313641.0,68d5e021,0.989
1456313641.0,48d20717,0.999
1456313641.0,abb42d56,0.959
1456313641.0,329aad11,1.029
1456313641.0,0297c11e,0.979
1456313641.0,42821895,0.959
1456313641.0,018fafee,1.029
1456313641.0,b9b8051a,1.009
1456313641.0,e474e52b,0.989
1456313641.0,2a879abf,0.989
1456313641.0,bded4d61,0.959
1456313641.0,1c83ff33,1.009
1456313641.0,7bbf0d9c,0.979
1456313641.0,45924c70,0.939
1456313641.0,3a3a0afe,1.019
1456313641.0,045578a1,1.029
1456313641.0,c0b82c6f,0.939
1456313641.0,3f539c39,1.019
1456313641.0,607a5b45,1.019
1456313641.0,bd167c7d,0.959
1456313641.0,37649bcc,0.969
1456313641.0,0f3e781e,1.059
1456313641.0,f85db113,0.969
1456313641.0,1c8ada9b,0.989
1456313641.0,a16736fc,0.959
1456313641.0,7f555c9e,0.999
1456313641.0,412fc646,0.989
1456313641.0,04d64488,0.949
1456313641.0,21dc7e61,0.979
1456313641.0,beb3b49b,0.959
1456313641.0,4b841e5b,0.949
1456313641.0,6977fd5c,0.969
1456313641.0,f822968e,0.969
1456313641.0,98a85d4f,0.979
1456313641.0,dfb47eed,0.959
1456313641.0,d4bbb0ba,0.949
1456313641.0,893b96a5,1.029
1456313641.0,7715f72c,1.029
1456313641.0,c77b8785,0.969
1456313641.0,a93143e5,0.979
1456313641.0,84556510,0.989
1456313641.0,7c556e65,0.969
1456313641.0,2cfa82fa,0.989
1456313641.0,731a1055,0.969
1456313641.0,ad7e1163,0.969
1456313641.0,e6ea469e,0.979
1456313641.0,9b79f246,0.939
1456313641.0,9727ab3a,0.939
1456313641.0,f4a95cf0,0.959
1456313641.0,c2d8e386,0.969
1456313641.0,2295e162,0.939
1456313641.0,5b11b517,0.989
1456313641.0,922129f9,0.979
1456313641.0,ed5ad0df,1.009
1456313641.0,7571a6bb,1.019
1456313641.0,8690af1b,0.989
1456313641.0,be7b97ad,0.999
1456313641.0,e10ccff9,0.979
1456313641.0,b3d1f607,0.949
1456313641.0,69152a7b,0.949
1456313641.0,790f62f3,0.959
1456313641.0,fb73e5e4,0.959
1456313641.0,1e3a9784,0.959
1456313641.0,4e31aa8b,0.959
1456313641.0,b6364ec3,0.989
1456313641.0,1686f694,0.959
1456313641.0,885c23aa,0.979
1456313641.0,3fc372ae,1.029
1456313641.0,8e0ec690,0.959
1456313641.0,c928ed36,0.939
1456313641.0,5ff2f593,1.039
1456313641.0,8e6c3c82,0.949
1456313641.0,c23345b4,0.959
1456313641.0,68f6b885,1.029
1456313641.0,0b293007,0.989
1456313641.0,87580f67,0.999
1456313641.0,0335180a,1.029
1456313641.0,9b59c5b0,0.949
1456313641.0,cc7ffbf9,1.019
1456313641.0,1a70a04d,0.979
1456313641.0,d54b3228,0.939
1456313641.0,a75efbf5,0.979
1456313641.0,317e0347,0.959
1456313641.0,b41309f8,0.959
1456313641.0,0c3bcbe7,0.969
1456313641.0,62b52d6c,0.969
1456313641.0,a278d48e,0.979
1456313641.0,35756296,1.029
1456313641.0,00e94972,0.959
1456313641.0,b8ddb5a8,0.969
1456313641.0,a6b83ee4,0.989
1456313641.0,7eac0db9,0.949
1456313641.0,570dabcb,0.969
1456313641.0,68a6f582,0.999
1456313641.0,18396fc2,1.009
1456313641.0,bfcfe44e,0.989
1456313641.0,f0e00fe9,0.969
1456313641.0,64ac75f0,0.959
1456313641.0,e396466d,0.959
1456313641.0,ecfdcbbe,0.969
1456313641.0,6785e982,1.019
1456313641.0,3f1cb112,0.999
1456313641.0,085b13da,0.959
1456313641.0,bc11a9fb,0.969
1456313641.0,f366e8d4,0.969
1456313641.0,82a52db3,0.969
1456313641.0,f7665440,1.019
1456313641.0,210f8a85,0.969
1456313641.0,739b04c0,0.949
1456313641.0,6e7d1516,1.009
1456313641.0,62fbc07f,0.939
1456313641.0,0f141446,0.999
1456313641.0,a39def90,0.969
1456313641.0,d50f75c4,1.009
1456313641.0,859ddb14,0.969
1456313641.0,3d8adc15,1.009
1456313641.0,d8834ec2,1.009
1456313641.0,7006be5d,0.959
1456313641.0,81eb1428,0.959
1456313641.0,902bbd1d,0.959
1456313641.0,ebd9a39f,0.959
1456313641.0,0b18086e,0.999
1456313641.0,2c776012,0.969
1456313641.0,d0ad460e,0.959
1456313641.0,85e6dacf,0.979
1456313641.0,f6b43ef3,0.989
1456313641.0,05bcda3c,0.949
1456313641.0,aee75779,0.979
1456313641.0,2145d038,0.989
1456313641.0,872ca533,0.989
1456313641.0,4c77ea18,0.999
1456313641.0,d6ae9903,0.989
1456313641.0,e86bda6e,0.979
1456313641.0,2239a830,1.009
1456313641.0,354d360a,0.979
1456313641.0,175bcea1,1.019
1456313641.0,8732a111,0.999
1456313641.0,16a6da02,0.989
1456313641.0,09da3c04,0.949
1456313641.0,a5cf2a42,0.989
1456313641.0,4a4c4dca,0.999
1456313641.0,a7983bc2,0.959
1456313641.0,c05d0f34,0.949
1456313641.0,9c8152bc,0.989
1456313641.0,b45ba0f1,1.029
1456313641.0,7ccc3654,0.959
1456313641.0,285cf254,1.029
1456313641.0,6f473b11,1.029
1456313641.0,0c475d4b,1.009
1456313641.0,48085700,1.019
1456313641.0,e71f194a,1.019
1456313641.0,72d94c9d,1.019
1456313641.0,f2925995,0.969
1456313641.0,cd64024f,0.979
1456313641.0,b583c190,1.029
1456313641.0,e42f2550,0.979
1456313641.0,011401e5,0.959
1456313641.0,6fa8087e,0.969
1456313641.0,fd627db5,0.969
1456313641.0,c0f22ef5,1.009
1456313641.0,427c61e9,0.979
1456313641.0,ba074c78,0.989
1456313641.0,7999ba62,0.969
1456313641.0,7ef2369b,0.979
1456313641.0,55da4d14,0.969
1456313641.0,bd86f3ea,0.969
1456313641.0,6e77b649,0.969
1456313641.0,5b75cc8d,0.999
1456313641.0,30ac4ee7,1.019
1456313641.0,5a22f16c,0.959
1456313641.0,85b6788a,1.009
1456313641.0,37907db5,0.969
1456313641.0,3daf455c,1.029
1456313641.0,618beb09,0.959
1456313641.0,b65176ae,0.979
1456313641.0,c1b0a4e8,1.019
1456313641.0,a85e6b62,0.999
1456313641.0,7b247260,0.939
1456313641.0,85037928,0.999
1456313641.0,,0.979
1456313641.0,4e65762e,1.029
1456313641.0,00d52b83,0.999
1456313641.0,ed9bb208,0.999
1456313641.0,58dfb803,1.019
1456313641.0,24c0c404,1.029
1456313641.0,79da1dfc,0.989
1456313641.0,4da4802c,0.989
1456313641.0,6bafd8aa,0.999
1456313641.0,96629300,1.009
1456313641.0,5ac34503,1.019
1456313641.0,effc0f5f,1.009
1456313641.0,9a006df7,1.019
1456313641.0,57b9cbf6,1.019
1456313641.0,671a83b1,0.989
1456313641.0,646811ac,0.979
1456313641.0,f324dab6,1.009
1456313641.0,59e24118,1.019
1456313641.0,d7f868f0,0.999
1456313641.0,aeba8c59,0.989
1456313641.0,74eff60f,0.999
1456313641.0,2fbced23,0.989
1456313641.0,1b369933,0.999
1456313641.0,cd7581b6,0.979
1456313641.0,a46f6f07,1.009
1456313641.0,f704c239,1.029
1456313641.0,91c611ad,0.979
1456313641.0,c17b17c8,0.979
1456313641.0,fbe17e11,0.989
1456313641.0,14033ffb,0.989
1456313641.0,9b9dfb22,1.009
1456313641.0,f2303a07,0.979
1456313641.0,0a8d1b89,0.969
1456313641.0,ef296ca3,0.999
1456313641.0,caf99587,1.039
1456313641.0,0934ee5b,1.019
1456313641.0,6e67857f,0.999
1456313641.0,68a4c69f,0.989
1456313641.0,87fbb61d,0.999
1456313641.0,9530b219,1.009
1456313641.0,fd135624,0.979
1456313641.0,134cefdf,0.969
1456313641.0,d52caa0c,0.999
1456313641.0,061deeda,0.999
1456313641.0,953452fa,1.039
1456313641.0,0ecdddfa,0.979
1456313641.0,eaf5b8e2,0.999
1456313641.0,59e65cb9,0.979
1456313641.0,42b1b318,1.029
1456313641.0,761fd77f,0.999
1456313641.0,b22e5b8a,0.979
1456313641.0,afd8c999,0.979
1456313641.0,77b1b0cd,0.979
1456313641.0,caaf83c5,0.959
1456313641.0,64a186d2,0.929
1456313641.0,aacc4471,0.939
1456313641.0,a3827856,0.919
1456313641.0,4423f9a9,0.999
1456313641.0,51296782,0.979
1456313641.0,271e2be1,1.019
1456313641.0,325a8ac2,1.009
1456313641.0,f82da33f,0.949
1456313641.0,21168c26,0.929
1456313641.0,669db224,0.959
1456313641.0,976e4795,1.029
1456313641.0,375f0e67,0.989
1456313641.0,2261c811,0.979
1456313641.0,c968d61e,0.949
1456313641.0,2ddaec8d,0.969
1456313641.0,264d6745,0.959
1456313641.0,667e0f37,0.959
1456313641.0,337b7102,1.009
1456313641.0,304be57d,1.009
1456313641.0,1bfa0edf,1.009
1456313641.0,7828885e,0.959
1456313641.0,99d46a35,0.979
1456313641.0,48c665d2,0.979
1456313641.0,72bd4b95,0.979
1456313641.0,9423afb9,0.969
1456313641.0,4281b5d2,0.969
1456313641.0,4aaa267e,0.989
1456313641.0,42a9168f,1.019
1456313641.0,3201c40b,0.959
1456313641.0,57813c32,0.969
1456313641.0,8cc8a7cc,1.019
1456313641.0,7dfddaf9,0.979
1456313641.0,977ad3ab,0.979
1456313641.0,25f9d419,0.969
1456313641.0,824f7fcf,0.929
1456313641.0,6df2a6aa,1.019
1456313641.0,99a0f87e,1.009
1456313641.0,fcf48a23,0.979
1456313641.0,ec60ed5f,0.979
1456313641.0,000f12ff,1.039
1456313641.0,b1111566,0.979
1456313641.0,be6a8603,1.009
1456313641.0,d10d6c8d,0.979
1456313641.0,80835ea0,0.979
1456313641.0,31105aa7,1.019
1456313641.0,2dc33c12,0.969
1456313641.0,57842eba,0.969
1456313641.0,228b1c39,0.989
1456313641.0,0ecd3674,0.999
1456313641.0,655988e9,0.999
1456313641.0,9b5b616a,0.989
1456313641.0,6a8a4a7e,0.989
1456313641.0,ff6b208a,0.969
1456313641.0,5000f0c5,1.009
1456313641.0,ef9fe1fc,0.979
1456313641.0,c3ff1b21,0.979
1456313641.0,eee1b640,1.029
1456313641.0,90c5a207,0.969
1456313641.0,73e5c32d,0.979
1456313641.0,2aaf451f,0.959
1456313641.0,44e9da67,0.959
1456313641.0,0ea03633,0.979
1456313641.0,2a7b6c27,0.964
1456313641.0,485c7940,0.969
1456313641.0,9c38cf72,0.989
1456313641.0,28071dbd,0.979
1456313641.0,2cd4a5d5,1.009
1456313641.0,c449aa2a,0.989
1456313641.0,eac0620e,0.999
1456313641.0,e9abc101,1.009
1456313641.0,a66ed93a,0.989
1456313641.0,a9ae74bd,0.999
1456313641.0,85edcdf5,0.974
1456313641.0,6598cfb9,0.979
1456313641.0,d5291b45,1.019
1456313641.0,22878111,0.969
1456313641.0,2c0b3549,1.009
1456313641.0,b09088a6,1.019
1456313641.0,4d87be41,1.009
1456313641.0,7bc75eb5,1.039
1456313641.0,0670c33b,1.009
1456313641.0,0c39b458,0.969
1456313641.0,dd62114c,1.009
1456313641.0,b4c34df5,1.019
1456313641.0,f0d6aa58,0.989
1456313641.0,82e6ae00,0.939
1456313641.0,f6308e2a,0.999
1456313641.0,,0.989
1456313641.0,f27854f0,0.959
1456313641.0,626c6699,0.979
1456313641.0,3fdc1762,0.949
1456313641.0,68efde5b,0.969
1456313641.0,e53f989c,0.989
1456313641.0,aa5b4d9a,0.959
1456313641.0,5f0b3d94,0.969
1456313641.0,ad5167f7,1.109
1456313641.0,de920e08,0.989
1456313641.0,1bbf25c0,0.969
1456313641.0,1831ac4f,1.009
1456313641.0,f0dcfc81,0.989
1456313641.0,a2a310e7,0.989
1456313641.0,6f5fb6ba,1.009
1456313641.0,e70ecea8,0.989
1456313641.0,46c099d0,0.959
1456313641.0,bc467691,0.989
1456313641.0,c465775f,1.039
1456313641.0,e43cd622,1.049
1456313641.0,5a8fcce2,0.989
1456313641.0,0618ae27,1.019
1456313641.0,3d3db611,0.999
1456313641.0,f41e2fff,0.949
1456313641.0,71b8eaae,1.029
1456313641.0,3f6704e5,1.029
1456313641.0,e7b24018,0.949
1456313641.0,b787856a,0.999
1456313641.0,c8c9912f,1.019
1456313641.0,6687aab3,0.989
1456313641.0,41065536,0.974
1456313641.0,ac54aab9,1.009
1456313641.0,0001c9be,0.999
1456313641.0,07971b4b,1.009
1456313641.0,2e991b23,0.969
1456313641.0,59bf4a11,0.939
1456313641.0,dd08505c,1.009
1456313641.0,2fe20e60,0.999
1456313641.0,a55049e5,0.989
1456313641.0,4418fdab,0.979
1456313641.0,26d3d3cd,0.969
1456313641.0,42f2621b,1.029
1456313641.0,2f9dd7f6,0.989
1456313641.0,1a20bec9,0.969
1456313641.0,0eb21c86,1.019
1456313641.0,e3776f3c,0.949
1456313641.0,5ca5b340,1.059
1456313641.0,24696b6f,0.959
1456313641.0,5a40cb90,0.969
1456313641.0,c1526cfd,0.959
1456313641.0,ab89240b,1.019
1456313641.0,062cca99,0.959
1456313641.0,f0430871,1.029
1456313641.0,f0359f5c,1.009
1456313641.0,6a79b20f,0.919
1456313641.0,4f3c1b39,0.979
1456313641.0,8f4fb8f1,0.989
1456313641.0,69206b79,1.009
1456313641.0,d1b70ad0,0.969
1456313641.0,728dbc4e,0.989
1456313641.0,10337302,0.969
1456313641.0,95cc0772,0.989
1456313641.0,2e1bed62,1.019
1456313641.0,7faaef53,1.029
1456313641.0,eda8c21c,0.979
1456313641.0,63aa7558,1.009
1456313641.0,55993013,1.009
1456313641.0,c5772f6a,0.979
1456313641.0,a1c28fee,0.989
1456313641.0,0f7d325c,1.019
1456313641.0,1fcd9128,0.939
1456313641.0,64e138c3,0.999
1456313641.0,293b9125,1.039
1456313641.0,859fc025,0.989
1456313641.0,dcb4f731,1.009
1456313641.0,653088f9,1.019
1456313641.0,34adc4e3,1.019
1456313641.0,8c7a089d,0.989
1456313641.0,d2905129,0.989
1456313641.0,,1.019
1456313641.0,c065b81d,0.974
1456313641.0,82f09d4f,0.989
1456313641.0,8a4d8b45,0.989
1456313641.0,5110d453,1.019
1456313641.0,af91cef3,0.979
1456313641.0,92bebd84,1.009
1456313641.0,814d74ac,0.959
1456313641.0,70571d8c,0.949
1456313641.0,4f9ccf16,0.999
1456313641.0,f5c869d0,1.009
1456313641.0,7ea9e64e,0.999
1456313641.0,4a647add,1.004
1456313641.0,d02d7c58,0.969
1456313641.0,deadb46b,1.029
1456313641.0,ef6ce8ef,0.979
1456313641.0,7ada6968,0.979
1456313641.0,efdf01c1,0.989
1456313641.0,98d8fb7a,0.999
1456313641.0,e1dc56d2,0.949
1456313641.0,7581214d,0.989
1456313641.0,7ba5966e,0.989
1456313641.0,4754c4ee,0.959
1456313641.0,33336ca6,0.979
1456313641.0,df4fadef,0.999
1456313641.0,5056106a,0.969
1456313641.0,6b1c47cf,0.989
1456313641.0,f6d52050,1.009
1456313641.0,b40d9546,0.979
1456313641.0,db56e2a2,0.959
1456313641.0,35822dd5,0.979
1456313641.0,69e0cb90,0.979
1456313641.0,fd70cdfd,0.999
1456313641.0,316a2f5b,0.999
1456313641.0,466bb8f2,0.999
1456313641.0,b59cf984,1.004
1456313641.0,ccd8aac4,0.969
1456313641.0,84985353,0.959
1456313641.0,fdef9afa,0.999
1456313641.0,41a0ce00,0.959
1456313641.0,f601405f,0.979
1456313641.0,3c9e1eb4,0.989
1456313641.0,9609842a,0.969
1456313641.0,41f0bb18,0.999
1456313641.0,4cbdb1d8,1.019
1456313641.0,c6e90545,0.999
1456313641.0,b6b05490,0.989
1456313641.0,a83de21c,0.949
1456313641.0,012d8a4c,0.979
1456313641.0,990318d3,1.019
1456313641.0,e5cb0020,0.979
1456313641.0,9b047271,1.019
1456313641.0,0e6a4b4f,1.019
1456313641.0,75bb0d76,0.999
1456313641.0,14d00757,0.959
1456313641.0,fea3781d,0.979
1456313641.0,dccd21cb,0.969
1456313641.0,6b7777cb,0.949
1456313641.0,9830928e,1.009
1456313641.0,e8b48aba,1.019
1456313641.0,9d2aa0e1,1.009
1456313641.0,4cd75c68,0.959
1456313641.0,df34af64,0.969
1456313641.0,35305598,0.949
1456313641.0,e3b8e203,0.949
1456313641.0,71a6b9f3,0.989
1456313641.0,27613fe7,1.029
1456313641.0,050d62ae,0.979
1456313641.0,4a2f0946,0.969
1456313641.0,4d248889,0.989
1456313641.0,193a59df,0.999
1456313641.0,e3f71be8,0.989
1456313641.0,965dce20,1.019
1456313641.0,3bf045f8,0.969
1456313641.0,5384cd69,1.009
1456313641.0,ca13e033,0.939
1456313641.0,1bfef5b8,0.959
1456313641.0,8a4f9b54,0.989
1456313641.0,7d9fd3be,0.979
1456313641.0,1168538d,0.999
1456313641.0,4c092b15,0.959
1456313641.0,dafe4162,1.019
1456313641.0,b4618121,0.979
1456313641.0,34293664,0.959
1456313641.0,98e92f6f,1.029
1456313641.0,32399d22,1.009
1456313641.0,ff9beead,0.989
1456313641.0,899f46c2,0.969
1456313641.0,7ba8ceb3,0.959
1456313641.0,d6c38103,0.999
1456313641.0,0c6176b8,0.979
1456313641.0,61a8a961,1.019
1456313641.0,8c19e662,0.959
1456313641.0,c1923e8f,1.019
1456313641.0,dbee4a44,0.989
1456313641.0,90a1ad01,0.969
1456313641.0,ef3c7f93,0.984
1456313641.0,b6553c9c,0.949
1456313641.0,29bd5a9a,0.959
1456313641.0,5e1a19db,0.959
1456313641.0,7bed69b1,0.959
1456313641.0,c5aaafc3,0.969
1456313641.0,bbc01d1b,0.959
1456313641.0,af6137bf,1.019
1456313641.0,f4084cef,0.969
1456313641.0,c9f99a88,0.969
1456313641.0,94d5e6b7,1.009
1456313641.0,60531009,0.989
1456313641.0,1b24bc6c,0.989
1456313641.0,910ecd45,0.979
1456313641.0,e8d9a107,0.979
1456313641.0,33e40774,1.009
1456313641.0,1e7768a8,0.979
1456313641.0,25a36592,0.969
1456313641.0,784d4e2a,0.999
1456313641.0,05babe25,1.009
1456313641.0,8c28af86,1.009
1456313641.0,bf64b735,0.989
1456313641.0,d0498c7a,0.989
1456313641.0,fca1ea0f,0.989
1456313641.0,ac3b0cb7,0.969
1456313641.0,2f6a5cea,0.979
1456313641.0,c7381288,1.019
1456313641.0,68be5dbf,1.039
1456313641.0,8c6f4b89,0.989
1456313641.0,89f0cfb7,0.989
1456313641.0,e82ffdb7,0.969
1456313641.0,216b96ab,0.999
1456313641.0,78128a2a,0.979
1456313641.0,575d8182,0.959
1456313641.0,,0.979
1456313641.0,8ab710a0,0.959
1456313641.0,5e56181c,0.959
1456313641.0,d97b6339,0.959
1456313641.0,488e0fcf,0.969
1456313641.0,566376d2,1.019
1456313641.0,b75272ba,0.989
1456313641.0,5018e554,0.959
1456313641.0,ead88417,0.999
1456313641.0,e3a298ff,0.999
1456313641.0,2ec70998,0.959
1456313641.0,7f6effac,0.979
1456313641.0,cd5312ba,0.999
1456313641.0,1ba4d2a5,0.969
1456313641.0,d48d3de5,0.959
1456313641.0,05b48929,1.009
1456313641.0,581713fc,1.009
1456313641.0,daecd82c,1.009
1456313641.0,ce366998,1.029
1456313641.0,7a876cfb,0.979
1456313641.0,67fb9f82,0.989
1456313641.0,2f3717cf,1.019
1456313641.0,251d5667,0.999
1456313641.0,bef1c266,1.019
1456313641.0,8700c374,0.979
1456313641.0,980707a9,0.969
1456313641.0,7ec4fa7d,0.999
1456313641.0,e1fb8011,0.949
1456313641.0,beb2cad8,0.999
1456313641.0,24c9552e,1.009
1456313641.0,7c4e6cc9,0.959
1456313641.0,9bd2d468,0.939
1456313641.0,6aa8dde2,1.009
1456313641.0,5d026f62,0.959
1456313641.0,68e5bc6e,0.969
1456313641.0,91f136df,0.939
1456313641.0,00b2809d,0.979
1456313641.0,e7ec8759,0.969
1456313641.0,11c55ae3,0.999
1456313641.0,7674ea9d,0.959
1456313641.0,7eed54a8,1.009
1456313641.0,b6a47707,0.989
1456313641.0,2b6d5808,0.959
1456313641.0,1e041b07,0.969
1456313641.0,97f7398e,0.969
1456313641.0,51ebd486,0.959
1456313641.0,2c716111,1.009
1456313641.0,4f5899c2,0.959
1456313641.0,b83dae63,0.979
1456313641.0,2cd4012d,0.979
1456313641.0,9b66ed80,0.959
1456313641.0,78b3ccb1,0.989
1456313641.0,,0.929
1456313641.0,4e74bd65,1.009
1456313641.0,557f7d87,0.959
1456313641.0,867677f2,0.959
1456313641.0,703564df,0.959
1456313641.0,e6b2872b,0.959
1456313641.0,79f785eb,1.009
1456313641.0,fa3c7cd8,0.979
1456313641.0,763d4744,1.009
1456313641.0,0380a17c,0.949
1456313641.0,68492368,0.969
1456313641.0,b6ba34e1,0.959
1456313641.0,19e65444,0.969
1456313641.0,3d5353b9,0.999
1456313641.0,6197a70d,0.999
1456313641.0,d9422725,0.959
1456313641.0,1a0f3e2b,0.969
1456313641.0,a7be9b25,0.969
1456313641.0,c95d532b,1.009
1456313641.0,6cc0c30a,0.949
1456313641.0,e0862fc2,0.989
1456313641.0,41c579d4,0.929
1456313641.0,82c69685,0.999
1456313641.0,67ffc54d,0.959
1456313641.0,8bbde82e,0.959
1456313641.0,bce1fe2d,0.929
1456313641.0,b619b05f,0.969
1456313641.0,cc9fe40d,1.009
1456313641.0,b47f33d8,0.999
1456313641.0,493b6369,0.959
1456313641.0,ca3364fa,0.949
1456313641.0,ae3ec7b1,0.989
1456313641.0,878b98a2,0.949
1456313641.0,bc509654,0.969
1456313641.0,5762e9a9,1.009
1456313641.0,445ead90,0.969
1456313641.0,0b1b5508,0.959
1456313641.0,240e728f,0.929
1456313641.0,787e80bd,0.999
1456313641.0,45b03d62,0.969
1456313641.0,f05c17a0,0.929
1456313641.0,1ac7a349,0.989
1456313641.0,65d912cc,0.969
1456313641.0,29626b91,0.959
1456313641.0,eb79ce7f,0.999
1456313641.0,47fbea4a,0.999
1456313641.0,ac4a6914,0.989
1456313641.0,66ef9bdc,0.969
1456313641.0,8a924c37,0.959
1456313641.0,2132dc97,0.959
1456313641.0,37e841fa,0.969
1456313641.0,d921f4ce,0.969
1456313641.0,1d736429,0.959
1456313641.0,8a1713b6,1.019
1456313641.0,1aa6752d,0.969
1456313641.0,a8c6b173,0.989
1456313641.0,9f7a9267,0.979
1456313641.0,4c0e3547,0.929
1456313641.0,b1628a80,0.959
1456313641.0,5cec73e9,0.969
1456313641.0,3bb367b0,0.959
1456313641.0,a3ff8022,0.959
1456313641.0,e65042ca,0.969
1456313641.0,4b507efb,0.979
1456313641.0,7174859c,0.989
1456313641.0,7f3fc915,0.999
1456313641.0,cdf81365,0.999
1456313641.0,211adcfd,0.979
1456313641.0,cc3dc9ec,0.949
1456313641.0,b45d7a66,0.979
1456313641.0,d3bf8582,0.989
1456313641.0,185ab0a1,0.969
1456313641.0,f58df524,1.009
1456313641.0,925f335a,0.999
1456313641.0,460a378a,0.969
1456313641.0,e546cc05,1.009
1456313641.0,b27b4435,0.979
1456313641.0,e6b01768,0.929
1456313641.0,27c16d5b,0.939
1456313641.0,de0b1b58,0.959
1456313641.0,7970752a,0.989
1456313641.0,110c83a7,1.009
1456313641.0,ab493d35,0.959
1456313641.0,a314e8b8,1.009
1456313641.0,a6980904,1.009
1456313641.0,2dd2f741,0.959
1456313641.0,91170ebc,0.969
1456313641.0,411372b9,0.999
1456313641.0,7cf9c06f,0.979
1456313641.0,984855aa,0.959
1456313641.0,38f800d8,0.949
1456313641.0,119cb795,0.959
1456313641.0,59698c83,0.979
1456313641.0,db623e54,0.949
1456313641.0,2a937026,0.949
1456313641.0,de66ae92,0.969
1456313641.0,9124d12a,0.979
1456313641.0,bc29eda7,0.959
1456313641.0,d14d8358,0.989
1456313641.0,9da51b85,0.989
1456313641.0,49f4ee4f,0.989
1456313641.0,855563c1,0.949
1456313641.0,e3e96875,0.979
1456313641.0,b0471346,0.959
1456313641.0,71437915,1.009
1456313641.0,603e075c,0.959
1456313641.0,99079efc,0.999
1456313641.0,e6fe3770,0.929
1456313641.0,ed65aebc,0.949
1456313641.0,68f4a74c,0.959
1456313641.0,c78b7333,0.989
1456313641.0,e48ca6d1,0.999
1456313641.0,c330a48b,0.949
1456313641.0,d74429a3,0.949
1456313641.0,a7f61984,0.979
1456313641.0,45e18000,0.979
1456313641.0,cef28ece,0.999
1456313641.0,dafee924,0.959
1456313641.0,dd4866c8,0.999
1456313641.0,897a7af7,0.989
1456313641.0,31d7c8d8,0.989
1456313641.0,9fd35589,0.989
1456313641.0,11b725ec,0.959
1456313641.0,b3fefca1,0.959
1456313641.0,082564ba,0.959
1456313641.0,72a57388,0.929
1456313641.0,ab23cef1,0.959
1456313641.0,3d592311,0.959
1456313641.0,ee5bb484,0.989
1456313641.0,0ae0fa71,0.979
1456313641.0,a493ee6c,0.959
1456313641.0,3d026101,0.949
1456313641.0,2af5e84b,0.959
1456313641.0,11b2e08c,0.939
1456313641.0,cce3fded,0.969
1456313641.0,7d3ae9b0,1.009
1456313641.0,dc2aecd3,0.959
1456313641.0,14a12755,0.929
1456313641.0,e792e7d9,0.929
1456313641.0,2771327d,0.959
1456313641.0,893de505,0.969
1456313641.0,c5bb659b,0.949
1456313641.0,54d2b984,0.949
1456313641.0,26190b19,0.939
1456313641.0,39b11db0,0.999
1456313641.0,469cb2ca,0.959
1456313641.0,197e1542,0.949
1456313641.0,fec5bce2,0.959
1456313641.0,9d16cf9e,0.969
1456313641.0,8caf6dad,0.979
1456313641.0,6bf68abb,0.959
1456313641.0,2d204d17,1.009
1456313641.0,c86a322d,0.969
1456313641.0,9a95dc46,0.959
1456313641.0,dbba73c9,0.979
1456313641.0,495247fc,0.969
1456313641.0,cbc5f7c3,0.969
1456313641.0,f1ad771b,0.949
1456313641.0,a5b19cba,0.989
1456313641.0,e4d3e8f1,0.999
1456313641.0,bd03317d,0.959
1456313641.0,12d210d8,0.959
1456313641.0,165068db,0.969
1456313641.0,7694edff,0.969
1456313641.0,cb601f93,0.949
1456313641.0,727b85d9,0.969
1456313641.0,c7095984,0.979
1456313641.0,1da77d0b,0.999
1456313641.0,fac7adae,0.969
1456313641.0,7ccb6541,0.969
1456313641.0,68487393,0.999
1456313641.0,aa86d47e,0.989
1456313641.0,0590ef3a,1.019
1456313641.0,4e176577,0.979
1456313641.0,62d555b9,0.979
1456313641.0,eecbf37e,0.989
1456313641.0,81fb03d2,0.929
1456313641.0,b015481a,0.949
1456313641.0,39dc218a,0.969
1456313641.0,9d8369d3,0.979
1456313641.0,20c2b8e7,1.009
1456313641.0,99bcd97c,0.959
1456313641.0,e0808ce1,0.979
1456313641.0,d27a3901,0.989
1456313641.0,65154942,0.999
1456313641.0,f9cd1d8c,0.999
1456313641.0,f8bbef60,0.949
1456313641.0,6e3aab0e,0.999
1456313641.0,216f2e30,1.009
1456313641.0,771baacf,1.009
1456313641.0,514e885f,0.979
1456313641.0,cd0b941e,0.959
1456313641.0,30eed8b6,0.959
1456313641.0,03f6c531,0.949
1456313641.0,bb827240,0.979
1456313641.0,2ede932c,1.009
1456313641.0,a426c65f,1.009
1456313641.0,2a99bdaf,0.969
1456313641.0,6e407997,0.939
1456313641.0,f709d7cd,1.009
1456313641.0,2815cfa2,0.979
1456313641.0,7144e340,0.969
1456313641.0,90bd0a2b,0.949
1456313641.0,d0af609e,1.009
1456313641.0,876763f5,0.959
1456313641.0,0f283ef6,0.949
1456313641.0,e02ea09b,1.009
1456313641.0,398e7989,1.009
1456313641.0,0eb0bb77,0.959
1456313641.0,6cd5cdf8,0.949
1456313641.0,2ab02348,0.929
1456313641.0,60962481,0.979
1456313641.0,c2d5f6c8,0.949
1456313641.0,0b4a5e48,0.959
1456313641.0,997e716d,0.989
1456313641.0,6eb8cb33,0.989
1456313641.0,0b7c0786,1.009
1456313641.0,75dd982a,0.969
1456313641.0,a89295ed,0.979
1456313641.0,a82492d6,1.009
1456313641.0,a5f3a822,0.979
1456313641.0,3056759f,0.959
1456313641.0,6d9dcb86,0.989
1456313641.0,140514a1,0.969
1456313641.0,a44434de,1.009
1456313641.0,485a4ee4,0.989
1456313641.0,9d522e7b,0.969
1456313641.0,0fb8b04e,1.009
1456313641.0,2b8e75ca,0.969
1456313641.0,b6774f71,0.969
1456313641.0,fcd1aad6,0.979
1456313641.0,c1342b0e,0.979
1456313641.0,2207feed,0.949
1456313641.0,662e48ec,0.979
1456313641.0,,0.969
1456313641.0,9c7e6b4f,0.949
1456313641.0,1c5f0504,0.959
1456313641.0,7301ae23,1.009
1456313641.0,aa822d7f,0.969
1456313641.0,7b66aa84,0.989
1456313641.0,38aa9352,0.999
1456313641.0,22bbd2e9,0.959
1456313641.0,d78b438e,0.959
1456313641.0,fc2ec0dc,1.009
1456313641.0,b2fa05f2,0.969
1456313641.0,e96c8f9b,0.969
1456313641.0,ddc99e87,0.989
1456313641.0,d1b50fc2,0.979
1456313641.0,44144ccf,0.989
1456313641.0,4c7b82d0,1.009
1456313641.0,18bddc12,0.969
1456313641.0,de8b3026,0.969
1456313641.0,ca724a33,0.989
1456313641.0,010fdae7,0.979
1456313641.0,9bd9827c,0.979
1456313641.0,475801e2,0.999
1456313641.0,a0f3c4eb,0.969
1456313641.0,83c02c47,0.959
1456313641.0,63f573eb,0.969
1456313641.0,6a9f29fb,0.999
1456313641.0,1c38d39c,0.959
1456313641.0,0757f54d,0.979
1456313641.0,ab6aed65,0.979
1456313641.0,1fb2da5d,0.949
1456313641.0,f08235a1,0.959
1456313641.0,da53e9ba,0.969
1456313641.0,a409f033,0.999
1456313641.0,101c8b80,0.969
1456313641.0,2ddad231,1.009
1456313641.0,24523b3b,0.999
1456313641.0,a099cd62,0.999
1456313641.0,27eb52b2,0.989
1456313641.0,05de04c2,0.959
1456313641.0,92ea5ddf,0.969
1456313641.0,80da2bc7,0.969
1456313641.0,96a5f54a,0.979
1456313641.0,04c55c68,0.979
1456313641.0,45cfc4a3,0.959
1456313641.0,8dbc9e66,0.969
1456313641.0,3275ca99,0.999
1456313641.0,ff0bb7ad,0.949
1456313641.0,1017cdb3,0.959
1456313641.0,acc75705,0.979
1456313641.0,c1d8560d,1.009
1456313641.0,da3bff43,0.969
1456313641.0,fee64542,0.939
1456313641.0,1dba321b,0.949
1456313641.0,0c07c233,0.939
1456313641.0,7de438fa,1.009
1456313641.0,67fb32f7,1.009
1456313641.0,5466334e,0.989
1456313641.0,41225b43,0.979
1456313641.0,ad269c98,0.979
1456313641.0,2d43a4bd,0.999
1456313641.0,,0.979
1456313641.0,a07eee38,1.009
1456313641.0,60187048,0.949
1456313641.0,a612d3c6,0.989
1456313641.0,891c9c5c,0.969
1456313641.0,c8da9d10,0.969
1456313641.0,6934dd1a,0.999
1456313641.0,b2b56b82,1.009
1456313641.0,78562f9b,0.979
1456313641.0,cf429d6f,0.969
1456313641.0,440673be,1.009
1456313641.0,cb40cd62,0.949
1456313641.0,905563bb,0.949
1456313641.0,229d2673,0.979
1456313641.0,eb4e983f,0.969
1456313641.0,03a8f542,0.989
1456313641.0,945346f0,0.949
1456313641.0,7df2f7b0,0.939
1456313641.0,0ef5bf4d,0.969
1456313641.0,fa890292,0.949
1456313641.0,1f6ccf56,0.959
1456313641.0,37a4ac8d,0.949
1456313641.0,8c85a27d,0.979
1456313641.0,b884bbc1,0.949
1456313641.0,9daabce1,0.969
1456313641.0,42ad8b68,0.979
1456313641.0,ad1b0b58,0.959
1456313641.0,8ae5c667,0.999
1456313641.0,8976ce99,0.969
1456313641.0,24982c56,0.949
1456313641.0,c52d9727,0.999
1456313641.0,24f09d82,0.959
1456313641.0,476699aa,0.949
1456313641.0,e705c307,0.939
1456313641.0,5dd99d7f,0.979
1456313641.0,ce6487d7,0.999
1456313641.0,83c9051f,0.999
1456313641.0,3696709e,0.979
1456313641.0,f86f0531,0.949
1456313641.0,49e3bef7,0.949
1456313641.0,bf44f1ab,0.969
1456313641.0,ad2972b3,0.959
1456313641.0,bed52cfb,1.009
1456313641.0,5d362644,0.999
1456313641.0,8f94226a,0.989
1456313641.0,d15144fb,0.979
1456313641.0,7636eabf,0.959
1456313641.0,e206c1b6,0.969
1456313641.0,e53c0a3d,0.949
1456313641.0,03b45f42,0.989
1456313641.0,36949e64,0.999
1456313641.0,c7a00e1c,0.959
1456313641.0,9a8bc1fb,0.939
1456313641.0,be84ceff,1.009
1456313641.0,7bdc8aa9,0.949
1456313641.0,6135497e,0.959
1456313641.0,6ac179bc,0.959
1456313641.0,4e48e1df,0.949
1456313641.0,e9a8e0dc,0.959
1456313641.0,4442e246,0.969
1456313641.0,f7ad88b8,0.949
1456313641.0,32e01564,0.989
1456313641.0,da28f05d,0.949
1456313641.0,305d8693,0.959
1456313641.0,c296d5cd,0.969
1456313641.0,d21f882f,0.979
1456313641.0,1ea1e147,0.989
1456313641.0,5165f4e5,0.969
1456313641.0,91a5c341,0.979
1456313641.0,8c807692,0.999
1456313641.0,6a7aa1a0,0.929
1456313641.0,b067bcf6,0.959
1456313641.0,443a0042,1.009
1456313641.0,25e78288,0.969
1456313641.0,5b60b9f6,0.979
1456313641.0,96ad35a6,0.959
1456313641.0,164a9a01,1.009
1456313641.0,3b9fb083,1.009
1456313641.0,2748662b,0.989
1456313641.0,e4e801a1,0.929
1456313641.0,176e9b96,0.949
1456313641.0,ad25712e,0.949
1456313641.0,3a19f7bb,0.979
1456313641.0,68477221,0.949
1456313641.0,916b15ba,0.949
1456313641.0,d137631c,0.969
1456313641.0,99b5b897,0.989
1456313641.0,f44172d4,0.949
1456313641.0,7e7694a3,0.979
1456313641.0,ff94ad98,0.969
1456313641.0,ef95782d,0.949
1456313641.0,7d24179d,0.989
1456313641.0,3ac6b934,0.969
1456313641.0,e2aee352,1.009
1456313641.0,cb7fae49,0.969
1456313641.0,cc4e0122,0.969
1456313641.0,eb0ad874,0.949
1456313641.0,f67b6a8f,0.969
1456313641.0,c19378b9,0.959
1456313641.0,945202a2,0.979
1456313641.0,77c17dde,0.959
1456313641.0,b4a263f0,0.969
1456313641.0,b61b4b10,0.949
1456313641.0,3f601b6c,0.949
1456313641.0,2bc0bc0e,0.979
1456313641.0,2917c697,0.959
1456313641.0,53c0a7e5,0.979
1456313641.0,dfda908c,0.999
1456313641.0,c47ae9d4,0.939
1456313641.0,8127a62a,0.969
1456313641.0,0c55457f,0.979
1456313641.0,f5f69c31,0.979
1456313641.0,5b0a88cf,0.979
1456313641.0,56c42334,0.959
1456313641.0,efe3611d,0.989
1456313641.0,2c1a8318,0.989
1456313641.0,fd9b3ee5,0.969
1456313641.0,3cb8640b,0.979
1456313641.0,0451fc7d,0.979
1456313641.0,5a24bfe1,0.949
1456313641.0,f4d0450c,0.959
1456313641.0,7e6fd376,0.929
1456313641.0,decc5fc7,0.949
1456313641.0,b912a2af,0.979
1456313641.0,467edc58,0.969
1456313641.0,6a9ba9c7,0.959
1456313641.0,5f365e75,0.979
1456313641.0,238e8285,0.949
1456313641.0,2fbedc98,0.959
1456313641.0,250f245f,0.999
1456313641.0,f0da030f,0.999
1456313641.0,0b912035,0.959
1456313641.0,0d26cc8d,0.979
1456313641.0,ad0d24dc,0.959
1456313641.0,054b98a5,0.959
1456313641.0,c03c60b1,1.009
1456313641.0,033ff634,0.969
1456313641.0,fc9e9a16,0.979
1456313641.0,6304ec3a,0.999
1456313641.0,c7a70dd8,0.979
1456313641.0,a2557e83,0.959
1456313641.0,856fe499,0.949
1456313641.0,d33b9af4,0.969
1456313641.0,0cdf8545,0.979
1456313641.0,a48cec43,0.959
1456313641.0,7f44346f,0.959
1456313641.0,bde67b17,0.979
1456313641.0,83748919,0.979
1456313641.0,e9e141d7,1.009
1456313641.0,bb39a843,0.949
1456313641.0,89a0ee54,0.959
1456313641.0,35e560ad,1.009
1456313641.0,657861bc,0.949
1456313641.0,60f04d2f,0.989
1456313641.0,6515c8c1,0.959
1456313641.0,8a338e32,0.959
1456313641.0,6d3828b0,0.979
1456313641.0,2eccf490,0.939
1456313641.0,96ed6341,0.979
1456313641.0,dd784264,0.979
1456313641.0,da84e1ef,0.959
1456313641.0,aed09b0f,0.969
1456313641.0,b0777eff,1.009
1456313641.0,21ffc684,0.969
1456313641.0,2e51dede,0.939
1456313641.0,113f4e08,1.009
1456313641.0,fc60a1e0,1.009
1456313641.0,a2b07888,0.939
1456313641.0,801ccbc6,1.009
1456313641.0,f26bfef4,0.989
1456313641.0,d6aad50a,0.969
1456313641.0,ee122c11,0.999
1456313641.0,38c0a12d,0.969
1456313641.0,0b790115,0.959
1456313641.0,a9f2eece,0.969
1456313641.0,e27ca798,0.979
1456313641.0,9f37e0a2,0.989
1456313641.0,94a8272b,0.989
1456313641.0,d9adfaac,0.939
1456313641.0,9e81ec36,0.989
1456313641.0,413f1831,0.999
1456313641.0,0264d325,0.989
1456313641.0,258838b1,0.939
1456313641.0,f136dec4,0.969
1456313641.0,174ac356,0.929
1456313641.0,d31bbfba,0.999
1456313641.0,8481831d,0.949
1456313641.0,131b8ba4,0.959
1456313641.0,35c5c2f1,0.949
1456313641.0,d023c7ae,1.009
1456313641.0,73d508f6,0.959
1456313641.0,f435573a,1.009
1456313641.0,d3bb1de9,0.949
1456313641.0,0c514e6f,0.979
1456313641.0,adaf8fbc,0.979
1456313641.0,fa179beb,0.969
1456313641.0,38a93153,0.959
1456313641.0,75e3e514,0.969
1456313641.0,21a92259,0.949
1456313641.0,c31f354d,0.989
1456313641.0,d2fc2219,0.969
1456313641.0,796e138b,0.949
1456313641.0,0538e9ee,0.969
1456313641.0,e85e990b,0.949
1456313641.0,5098a1d8,0.949
1456313641.0,0b54afc6,0.989
1456313641.0,662f41b7,0.979
1456313641.0,fe45add5,1.009
1456313641.0,613352d7,0.989
1456313641.0,350879b3,0.989
1456313641.0,4a9d5885,0.969
1456313641.0,d326a791,0.969
1456313641.0,c08c0585,1.009
1456313641.0,25e13742,0.969
1456313641.0,d22fa3c4,0.949
1456313641.0,4d655bc9,0.949
1456313641.0,a9e7d486,1.009
1456313641.0,ec934b69,0.959
1456313641.0,418815f0,0.989
1456313641.0,1c7a02ad,0.999
1456313641.0,d9749191,0.969
1456313641.0,ee54e371,0.949
1456313641.0,8aa565b4,0.989
1456313641.0,8a440ea4,0.999
1456313641.0,e99f823b,0.979
1456313641.0,4e998f6d,0.999
1456313641.0,d0407554,0.969
1456313641.0,c8df5f11,0.979
1456313641.0,8b77e169,0.959
1456313641.0,fabaa853,0.949
1456313641.0,8983b1fe,0.999
1456313641.0,c8ce828b,0.979
1456313641.0,35b614c4,0.979
1456313641.0,5ca22d34,0.959
1456313641.0,158221e0,0.969
1456313641.0,4370ed3a,0.979
1456313641.0,065dc992,0.979
1456313641.0,afafdf69,0.969
1456313641.0,93a0a521,1.014
1456313641.0,6ad60cac,0.979
1456313641.0,b387d3fa,0.969
1456313641.0,7616bc62,1.019
1456313641.0,e7295166,0.969
1456313641.0,fe4f9d49,1.019
1456313641.0,b1b62cb5,0.999
1456313641.0,2e518aaf,0.959
1456313641.0,d4391500,0.999
1456313641.0,eace7a48,1.029
1456313641.0,a7a6c781,0.979
1456313641.0,67185f46,1.009
1456313641.0,07ff93d9,1.039
1456313641.0,da93bb21,0.959
1456313641.0,56277da5,0.989
1456313641.0,8f545eb0,0.969
1456313641.0,263e0b44,0.959
1456313641.0,ce405060,0.959
1456313641.0,aa700ca2,0.969
1456313641.0,ce2492c0,0.989
1456313641.0,30007963,0.979
1456313641.0,563059fb,0.989
1456313641.0,25c8941f,1.019
1456313641.0,2e175fc6,0.969
1456313641.0,ed416c52,1.009
1456313641.0,ebef875b,0.979
1456313641.0,1c7251ad,0.969
1456313641.0,54a44614,0.979
1456313641.0,1ddd2ac0,0.979
1456313641.0,3f9db299,1.009
1456313641.0,aabcd7eb,1.009
1456313641.0,b0e18943,1.009
1456313641.0,94862ec3,1.029
1456313641.0,fcbe2ffd,0.969
1456313641.0,7c1d5106,1.019
1456313641.0,d2e86e86,1.029
1456313641.0,1c043412,0.969
1456313641.0,d443343e,1.029
1456313641.0,da0a00ad,1.039
1456313641.0,3b5de5d2,0.979
1456313641.0,02c0b252,0.969
1456313641.0,d9077691,0.999
1456313641.0,d96a698b,0.959
1456313641.0,9e5c868a,1.039
1456313641.0,a486294c,0.959
1456313641.0,b4094a10,0.959
1456313641.0,e55033ae,0.969
1456313641.0,1b7b3aab,0.969
1456313641.0,486e56d0,0.969
1456313641.0,4f44e38b,0.969
1456313641.0,48d21f5a,0.989
1456313641.0,5288c0b4,0.969
1456313641.0,be70fae4,0.969
1456313641.0,5b37a40b,1.029
1456313641.0,4f3ac261,1.009
1456313641.0,8576f4a6,0.959
1456313641.0,cc4d2444,0.989
1456313641.0,3b31f64c,0.989
1456313641.0,d3b5995d,0.959
1456313641.0,fce7ca5c,0.989
1456313641.0,623aaf90,1.029
1456313641.0,576e47d1,0.949
1456313641.0,bcfb8220,1.009
1456313641.0,6027b071,0.959
1456313641.0,a2eb34d1,0.969
1456313641.0,,0.989
1456313641.0,ff485bff,0.979
1456313641.0,68492860,0.989
1456313641.0,18ac93f2,0.959
1456313641.0,9bcd0dae,0.999
1456313641.0,40d8f838,0.939
1456313641.0,788b07d6,0.979
1456313641.0,100339eb,0.979
1456313641.0,6719ddbc,0.959
1456313641.0,b1eee7a8,0.969
1456313641.0,62bff896,1.009
1456313641.0,85edb580,1.029
1456313641.0,f91caef6,0.979
1456313641.0,90bdfe5b,0.969
1456313641.0,74903af4,0.959
1456313641.0,0fc11a52,0.969
1456313641.0,04524480,0.989
1456313641.0,f1a1555c,1.009
1456313641.0,db1ffa50,0.979
1456313641.0,102821f8,0.969
1456313641.0,fa662b00,0.989
1456313641.0,04d0ae1e,0.999
1456313641.0,2229a37a,0.969
1456313641.0,7a64f89c,0.979
1456313641.0,0ad1807b,1.019
1456313641.0,b4fd97c1,1.009
1456313641.0,2080cd01,0.989
1456313641.0,1f23d768,1.019
1456313641.0,a3cd819d,0.999
1456313641.0,9c269747,0.969
1456313641.0,df9cde99,0.999
1456313641.0,3c525f19,0.999
1456313641.0,32065a23,0.979
1456313641.0,1df8493a,1.009
1456313641.0,316fd7de,0.959
1456313641.0,651f23fd,0.999
1456313641.0,7300bd43,1.019
1456313641.0,3a67bc28,0.999
1456313641.0,5463fafc,1.019
1456313641.0,8d2a1873,0.999
1456313641.0,f37029f1,0.959
1456313641.0,535e45c7,0.969
1456313641.0,020c53c2,1.009
1456313641.0,abe05883,0.999
1456313641.0,2dff1380,0.979
1456313641.0,d338e293,1.039
1456313641.0,eebe0685,0.969
1456313641.0,d19b61da,0.969
1456313641.0,d01e5e31,0.989
1456313641.0,710d9693,0.969
1456313641.0,266713de,0.959
1456313641.0,4e1da1a2,0.959
1456313641.0,07991b53,0.979
1456313641.0,01f93c7c,1.019
1456313641.0,9e5a10db,0.999
1456313641.0,fa99c07b,0.999
1456313641.0,3baa59d3,1.004
1456313641.0,d9811c4e,1.009
1456313641.0,b4c8d60e,0.959
1456313641.0,8e2ad6dc,0.999
1456313641.0,33a8b66f,0.939
1456313641.0,18a9621c,0.989
1456313641.0,b0f4b28e,0.989
1456313641.0,097d0950,0.999
1456313641.0,e1aebaad,0.979
1456313641.0,15b53516,0.969
1456313641.0,6ad0086e,0.989
1456313641.0,ded69fbb,1.009
1456313641.0,d68d63c5,0.989
1456313641.0,8dc9de7b,0.989
1456313641.0,8654a022,0.979
1456313641.0,917af1e0,0.959
1456313641.0,3b9eae5f,0.989
1456313641.0,7fc9d4ff,1.019
1456313641.0,3c29e148,0.974
1456313641.0,0d686aad,0.989
1456313641.0,f105f24c,0.979
1456313641.0,538559e0,0.989
1456313641.0,d34ed29d,0.959
1456313641.0,90789f94,0.959
1456313641.0,fb6a534f,0.969
1456313641.0,70a9e6a8,1.019
1456313641.0,07f603f1,0.979
1456313641.0,3b2ce948,1.009
1456313641.0,f7f58a1b,1.039
1456313641.0,50bbc649,0.979
1456313641.0,3e0ceacf,0.969
1456313641.0,544d8f74,0.969
1456313641.0,00956a49,0.989
1456313641.0,8fb53921,0.989
1456313641.0,6b4d97ef,1.049
1456313641.0,b63aab01,0.979
1456313641.0,24afea5b,0.999
1456313641.0,3f2e3b3e,0.979
1456313641.0,b8529633,0.969
1456313641.0,5985a6df,0.979
1456313641.0,b1dd859f,1.009
1456313641.0,b8aae107,0.979
1456313641.0,a59acdf3,0.949
1456313641.0,6bc9c96a,0.929
1456313641.0,dc7b3d6f,0.969
1456313641.0,00330016,1.019
1456313641.0,d95d9c1e,0.969
1456313641.0,6da1952d,0.959
1456313641.0,3f896bf8,0.949
1456313641.0,d62c0561,0.979
1456313641.0,8f098aa2,0.999
1456313641.0,040531cf,0.969
1456313641.0,b7f96330,0.969
1456313641.0,2fe25570,0.979
1456313641.0,79ddc5ca,1.029
1456313641.0,3b92c6ae,0.939
1456313641.0,b791cb2d,0.949
1456313641.0,1ee9a733,0.999
1456313641.0,fff62873,0.959
1456313641.0,f6c091f9,0.989
1456313641.0,195fb3bd,0.979
1456313641.0,3b6590c2,0.969
1456313641.0,57d05ba7,1.019
1456313641.0,b699022b,1.019
1456313641.0,9272dad9,1.029
1456313641.0,98c5755b,1.029
1456313641.0,171447e0,0.959
1456313641.0,5fd232c2,0.979
1456313641.0,0616421e,0.989
1456313641.0,ddb691b0,0.959
1456313641.0,6479b534,0.979
1456313641.0,ffad63e0,0.969
1456313641.0,965ccdb6,0.969
1456313641.0,a7d43dc2,0.979
1456313641.0,9ca777a2,1.009
1456313641.0,996d9a2e,0.999
1456313641.0,5d07df0f,0.949
1456313641.0,8bdbf457,1.029
1456313641.0,8b5cc87c,0.969
1456313641.0,52e70aca,0.969
1456313641.0,765dab48,0.999
1456313641.0,d0b3d48c,0.969
1456313641.0,73816646,0.969
1456313641.0,96854150,1.009
1456313641.0,6f03c04e,0.969
1456313641.0,1bae705e,1.009
1456313641.0,9bccabe6,0.969
1456313641.0,315bcb3c,0.949
1456313641.0,48ef3fea,0.989
1456313641.0,8d3023de,1.019
1456313641.0,ce73fb63,0.959
1456313641.0,82cff99e,0.989
1456313641.0,c08d3d8e,0.979
1456313641.0,279cc342,0.949
1456313641.0,858fd8de,0.969
1456313641.0,052c8059,0.949
1456313641.0,0a42099e,1.029
1456313641.0,ea476e14,0.989
1456313641.0,ce0bd00f,0.979
1456313641.0,b70f82b5,0.999
1456313641.0,bb4e75d9,0.959
1456313641.0,fdf7f420,0.959
1456313641.0,9517b906,0.989
1456313641.0,c0911b94,0.979
1456313641.0,057efe6f,0.999
1456313641.0,061f678d,0.969
1456313641.0,7d4e7386,0.949
1456313641.0,8fcd9062,0.959
1456313641.0,27825143,0.979
1456313641.0,92eb0a93,0.979
1456313641.0,7fdd64dc,0.949
1456313641.0,ab1af76d,0.949
1456313641.0,8bda8d2f,0.969
1456313641.0,bc0ec46f,1.009
1456313641.0,fd278e66,0.969
1456313641.0,a2e94245,0.989
1456313641.0,37df3e29,0.999
1456313641.0,864d06ee,0.969
1456313641.0,c05a0ef2,0.949
1456313641.0,e539e257,1.019
1456313641.0,3183a48d,0.969
1456313641.0,444fc3ef,1.029
1456313641.0,d305e9d3,0.989
1456313641.0,c97403d4,0.989
1456313641.0,53cfbe4b,1.019
1456313641.0,7902adc7,1.009
1456313641.0,a8582781,1.019
1456313641.0,068f53ad,0.959
1456313641.0,7a03b89d,0.999
1456313641.0,179ba00b,1.009
1456313641.0,8e27fa83,1.019
1456313641.0,ea01675f,0.969
1456313641.0,87750b0a,0.969
1456313641.0,e82185b8,0.999
1456313641.0,cf422a5e,1.019
1456313641.0,231c19cd,0.989
1456313641.0,b6a10cdf,0.969
1456313641.0,,0.979
1456313641.0,8923b20c,1.049
1456313641.0,1e13d4f8,0.979
1456313641.0,28af0625,0.979
1456313641.0,,0.999
1456313641.0,fcb53c89,0.989
1456313641.0,5e3c55e4,0.979
1456313641.0,93aae403,0.979
1456313641.0,db29506f,1.029
1456313641.0,2212e62a,0.949
1456313641.0,e186001f,0.969
1456313641.0,5d660e99,1.004
1456313641.0,5aa49c2a,0.959
1456313641.0,d950f36c,1.029
1456313641.0,322c083e,0.979
1456313641.0,98c2fb0e,0.989
1456313641.0,a8154896,0.979
1456313641.0,0a3bb4b4,1.019
1456313641.0,ac9715c2,0.999
1456313641.0,be572aa5,0.989
1456313641.0,c1f4955f,1.029
1456313641.0,6ebc646b,0.999
1456313641.0,746391a1,1.009
1456313641.0,abf7041a,0.939
1456313641.0,564ef774,0.979
1456313641.0,942087ca,0.979
1456313641.0,4f43fd77,0.969
1456313641.0,336c678f,1.009
1456313641.0,92b69eed,0.999
1456313641.0,c7804480,1.049
1456313641.0,2b797ecc,0.969
1456313641.0,ba73e19b,0.989
1456313641.0,bd4d552d,1.029
1456313641.0,e010375a,1.009
1456313641.0,c12b33f3,1.009
1456313641.0,ba97bb47,1.009
1456313641.0,41af5e4b,1.049
1456313641.0,09d90f95,0.969
1456313641.0,1b136bef,1.009
1456313641.0,b07fa89b,0.979
1456313641.0,5e575550,0.989
1456313641.0,1555e8c5,1.009
1456313641.0,5e64662a,1.039
1456313641.0,af131774,0.969
1456313641.0,3fc2e10c,0.959
1456313641.0,8d710f46,0.999
1456313641.0,dec55aa1,0.979
1456313641.0,54e2cab0,0.999
1456313641.0,,1.009
1456313641.0,93e9a320,1.019
1456313641.0,f1832ad0,1.019
1456313641.0,fbdbeb1c,1.049
1456313641.0,,0.949
1456313641.0,95ff6d3a,0.928
1456313641.0,c704c346,0.989
1456313641.0,5b2284eb,1.019
1456313641.0,a18aae3d,0.989
1456313641.0,4020de03,0.939
1456313641.0,7124c657,0.999
1456313641.0,b1551833,1.029
1456313641.0,9bcbbbc7,1.019
1456313641.0,a622d33e,0.939
1456313641.0,10ffd5b9,0.979
1456313641.0,c24a4e37,0.969
1456313641.0,63a8e437,0.979
1456313641.0,acd225f7,0.999
1456313641.0,9c4972e3,0.969
1456313641.0,0af09136,0.989
1456313641.0,26be2277,0.969
1456313641.0,e9e52898,0.999
1456313641.0,6411aa60,1.009
1456313641.0,99d4f63c,0.959
1456313641.0,81c9cec5,1.029
1456313641.0,433a3c58,1.004
1456313641.0,06fb0c54,0.959
1456313641.0,6f9a376c,1.029
1456313641.0,e2c6e599,1.019
1456313641.0,db7cca98,0.969
1456313641.0,,1.029
1456313641.0,dea57116,1.009
1456313641.0,5ccad12a,0.969
1456313641.0,a88bbc75,0.969
1456313641.0,e0fed588,0.989
1456313641.0,900b80b7,1.009
1456313641.0,35cf8855,0.989
1456313641.0,ae45fd8e,0.989
1456313641.0,c7028794,1.039
1456313641.0,3501927a,1.059
1456313641.0,5ec4b70c,0.979
1456313641.0,a3a9a18c,0.969
1456313641.0,649461ec,0.939
1456313641.0,5fa73da0,1.029
1456313641.0,aa4b4ae6,1.039
1456313641.0,765b33b7,0.949
1456313641.0,2a2f76cd,0.989
1456313641.0,ed554144,0.999
1456313641.0,eb159d17,1.014
1456313641.0,3893b380,0.949
1456313641.0,8ea85961,0.999
1456313641.0,649a77db,0.999
1456313641.0,a5ce2de1,1.019
1456313641.0,6a5c522a,1.019
1456313641.0,67b32df0,1.019
1456313641.0,38a3a737,0.959
1456313641.0,7e6785e2,1.029
1456313641.0,7f49ff21,0.979
1456313641.0,6fac4b39,1.009
1456313641.0,e2800d44,0.969
1456313641.0,44d0cc01,0.999
1456313641.0,1dd35703,0.999
1456313641.0,8ccf4a30,0.999
1456313641.0,ae7c12ce,0.964
1456313641.0,a0bc57ce,0.989
1456313641.0,8c225212,1.029
1456313641.0,96ae55d2,0.969
1456313641.0,96c2dcec,0.969
1456313641.0,672e6c5e,1.029
1456313641.0,1b21d50b,0.969
1456313641.0,329fbc05,0.979
1456313641.0,506ea768,0.999
1456313641.0,b2c4b0c2,0.999
1456313641.0,8c299260,0.969
1456313641.0,8536a14e,0.969
1456313641.0,f747cfc3,0.979
1456313641.0,057c5d18,0.959
1456313641.0,0ee68fe4,0.969
1456313641.0,f2ef7300,0.979
1456313641.0,1ee7bf79,0.979
1456313641.0,b9bbf9ee,1.009
1456313641.0,4ebc6df3,0.939
1456313641.0,d1c24269,1.009
1456313641.0,3ef0b5d2,0.939
1456313641.0,6933e7da,0.949
1456313641.0,a645b1ef,0.999
1456313641.0,a971d6fb,0.969
1456313641.0,cfaa81ec,0.994
1456313641.0,5f6019e0,0.989
1456313641.0,af4316ed,0.959
1456313641.0,8c5eeeac,0.999
1456313641.0,e2c0e5e5,0.969
1456313641.0,cd749265,0.969
1456313641.0,adf9dd3f,1.029
1456313641.0,5921c872,0.969
1456313641.0,7c912d45,0.979
1456313641.0,74bb761d,1.029
1456313641.0,0e7f8607,1.009
1456313641.0,f4b9d561,0.979
1456313641.0,d14573c7,0.969
1456313641.0,ee288062,1.029
1456313641.0,901e7c74,1.019
1456313641.0,beab9b84,1.019
1456313641.0,7d0e5e60,1.009
1456313641.0,2e24ce9f,0.979
1456313641.0,9fe5444d,0.959
1456313641.0,95564cf1,0.969
1456313641.0,e8b2cb64,0.969
1456313641.0,7a165ba7,1.009
1456313641.0,5043ba52,1.019
1456313641.0,8098495e,1.029
1456313641.0,82d7fda1,0.979
1456313641.0,e2716599,1.019
1456313641.0,e91ec3d6,0.999
1456313641.0,793351ef,0.969
1456313641.0,d97307ab,0.999
1456313641.0,49ea8294,1.019
1456313641.0,1bb94f90,0.979
1456313641.0,39261c92,0.999
1456313641.0,4046803d,0.969
1456313641.0,81f221f2,0.969
1456313641.0,90cee554,0.999
1456313641.0,ccd903a8,1.009
1456313641.0,e491b6d7,0.969
1456313641.0,b88f7241,1.039
1456313641.0,207db76e,1.049
1456313641.0,8f6ac169,0.959
1456313641.0,3982c15e,1.009
1456313641.0,0022ec87,0.969
1456313641.0,ece9cf3e,0.979
1456313641.0,0bffb72e,0.989
1456313641.0,e3330ca1,0.989
1456313641.0,4d8ede53,0.999
1456313641.0,bf1ede3b,0.989
1456313641.0,9e184682,0.999
1456313641.0,f7989ae3,0.999
1456313641.0,6df33a19,0.989
1456313641.0,05878847,1.009
1456313641.0,fab2186a,0.979
1456313641.0,f9265ab5,0.979
1456313641.0,6b43b20f,0.999
1456313641.0,38a55267,0.979
1456313641.0,307d645f,0.959
1456313641.0,98e26149,0.949
1456313641.0,b551edc5,0.979
1456313641.0,7f2cf706,0.949
1456313641.0,c9850105,0.959
1456313641.0,b77ce910,0.949
1456313641.0,6587d030,0.969
1456313641.0,c6343770,0.969
1456313641.0,e5e737e8,0.989
1456313641.0,14295632,0.949
1456313641.0,78daa5b5,0.969
1456313641.0,c5d7d298,0.989
1456313641.0,5bf41255,0.989
1456313641.0,12b36b1c,0.979
1456313641.0,7e1e9940,0.939
1456313641.0,db3cd271,0.969
1456313641.0,8bb26207,0.969
1456313641.0,59c3c78c,0.989
1456313641.0,7c8f8d4d,0.959
1456313641.0,df7154f6,0.959
1456313641.0,fbd0490f,0.989
1456313641.0,a2c0fdb0,0.999
1456313641.0,bf20d0c1,0.969
1456313641.0,0aedf476,0.999
1456313641.0,afd35ba0,0.929
1456313641.0,85bf59ba,0.999
1456313641.0,5fede4f0,0.959
1456313641.0,4b2b710a,0.999
1456313641.0,8714c0df,0.959
1456313641.0,129d1493,0.969
1456313641.0,d790573d,0.969
1456313641.0,f47f4232,0.949
1456313641.0,b9535339,0.939
1456313641.0,cfaad8a4,0.989
1456313641.0,e5232a6c,0.989
1456313641.0,59ae9cca,1.009
1456313641.0,a291fa50,0.969
1456313641.0,d9686f25,1.019
1456313641.0,4ae6afd6,0.989
1456313641.0,8e0ce406,1.019
1456313641.0,eb7de52f,0.969
1456313641.0,fd9a80c1,0.954
1456313641.0,066bec3d,0.979
1456313641.0,26a56374,0.949
1456313641.0,6ab142e0,1.009
1456313641.0,e6cf2bea,1.019
1456313641.0,cd9d922f,0.999
1456313641.0,,0.979
1456313641.0,9bc16c2e,0.979
1456313641.0,194f69ab,0.949
1456313641.0,0a0baf66,0.999
1456313641.0,0a297a27,0.999
1456313641.0,b36b7e42,0.959
1456313641.0,002160c4,0.989
1456313641.0,e4ce7a68,1.009
1456313641.0,cb987f86,1.029
1456313641.0,d285af63,0.969
1456313641.0,461b2a68,0.979
1456313641.0,ebe777f4,0.999
1456313641.0,65a0b74e,0.989
1456313641.0,d1832039,1.009
1456313641.0,98996c98,0.969
1456313641.0,68b79d30,0.989
1456313641.0,7ead535b,0.959
1456313641.0,40dffb00,1.009
1456313641.0,04b38cb5,0.969
1456313641.0,cb91687d,0.999
1456313641.0,4503fc83,0.989
1456313641.0,5a3f99e3,0.979
1456313641.0,42bd32f3,0.999
1456313641.0,b8fe1af4,0.959
1456313641.0,788d83d5,1.009
1456313641.0,75a2e00a,0.989
1456313641.0,f4217802,1.019
1456313641.0,5f27c859,0.969
1456313641.0,0880a239,0.999
1456313641.0,aea7ec1f,1.029
1456313641.0,29a6303c,0.999
1456313641.0,aeb92729,1.009
1456313641.0,84333954,0.959
1456313641.0,f90e119d,1.029
1456313641.0,13388a58,0.969
1456313641.0,d180cfeb,0.989
1456313641.0,00553051,0.989
1456313641.0,4612acab,0.989
1456313641.0,4ab47d1a,0.959
1456313641.0,92a7ca0c,1.039
1456313641.0,548aceef,1.059
1456313641.0,fdca8735,0.999
1456313641.0,379a6719,0.959
1456313641.0,17e982d2,0.999
1456313641.0,93fdd118,0.989
1456313641.0,,0.969
1456313641.0,705d6b16,0.989
1456313641.0,50e125b9,0.999
1456313641.0,43396ca7,1.019
1456313641.0,6388b41c,0.979
1456313641.0,dddc0e70,0.959
1456313641.0,990bc1af,0.999
1456313641.0,d5c78a9b,0.969
1456313641.0,7c245713,0.979
1456313641.0,0d6640ae,0.979
1456313641.0,a1aa5fd5,1.029
1456313641.0,57d1fddc,0.939
1456313641.0,71992fbe,0.979
1456313641.0,cf017ad5,0.969
1456313641.0,30f8c62f,1.019
1456313641.0,53d76725,1.009
1456313641.0,8222952d,1.019
1456313641.0,54c764d3,1.029
1456313641.0,66ff2f80,1.019
1456313641.0,6fefe9a7,1.029
1456313641.0,bae5af8d,0.969
1456313641.0,16d9bba6,1.019
1456313641.0,6842cc4a,0.949
1456313641.0,5f4d5496,1.029
1456313641.0,bd5bd28e,0.969
1456313641.0,69fc95ea,0.999
1456313641.0,91823808,0.969
1456313641.0,b1020387,0.969
1456313641.0,925baf40,0.999
1456313641.0,1b2716b3,0.979
1456313641.0,b93a61f3,0.959
1456313641.0,bccaf145,0.969
1456313641.0,fbe424bb,0.969
1456313641.0,27ed450f,0.959
1456313641.0,c973ec97,1.009
1456313641.0,ae7f358a,1.049
1456313641.0,,1.029
1456313641.0,5d0bbc06,0.969
1456313641.0,5e068b6e,0.989
1456313641.0,9aab0c6c,0.959
1456313641.0,d9461dd7,1.019
1456313641.0,524d848c,0.959
1456313641.0,bc4de9b2,0.989
1456313641.0,46ad9f53,0.959
1456313641.0,89ed2644,0.979
1456313641.0,,0.969
1456313641.0,27d9a178,0.969
1456313641.0,,0.969
1456313641.0,b883c155,1.009
1456313641.0,672ba0d9,0.979
1456313641.0,85e30d0e,0.999
1456313641.0,271bd07b,0.969
1456313641.0,f4df3f30,0.989
1456313641.0,1d4a06c1,1.019
1456313641.0,009194ff,1.049
1456313641.0,211776ed,0.989
1456313641.0,9220c62a,1.019
1456313641.0,c1f19463,1.039
1456313641.0,27568398,1.059
1456313641.0,7797b09b,1.019
1456313641.0,351dd222,0.949
1456313641.0,d4817c1a,0.969
1456313641.0,69964900,1.009
1456313641.0,da1fbd53,0.989
1456313641.0,9b4458a3,0.979
1456313641.0,d6c505e9,0.999
1456313641.0,afb0335d,0.989
1456313641.0,4349fbc3,0.999
1456313641.0,48f835a8,0.959
1456313641.0,695d0dcc,0.989
1456313641.0,c3e9fea8,0.994
1456313641.0,dcf18486,1.029
1456313641.0,c97f1f02,0.979
1456313641.0,a3480cfc,0.989
1456313641.0,bbdcf660,0.989
1456313641.0,3a3def5d,0.979
1456313641.0,669a039e,1.019
1456313641.0,038eae7e,1.019
1456313641.0,63a3fa08,0.939
1456313641.0,7bfc5ac0,1.009
1456313641.0,4465e992,0.999
1456313641.0,2e85ab3d,0.949
1456313641.0,9a883b4c,0.969
1456313641.0,aea3825a,0.999
1456313641.0,,1.019
1456313641.0,f36918b0,0.969
1456313641.0,5eb29de6,0.979
1456313641.0,750bee8a,0.979
1456313641.0,7475385b,1.019
1456313641.0,f2e88219,0.979
1456313641.0,c698b4f6,1.039
1456313641.0,56006177,1.029
1456313641.0,65b05fee,1.009
1456313641.0,10fa0582,0.949
1456313641.0,a4a288ce,0.999
1456313641.0,87a23e83,1.009
1456313641.0,3c4e3fea,1.039
1456313641.0,19c8f617,0.999
1456313641.0,722c9387,0.979
1456313641.0,1720dec9,1.009
1456313641.0,c39e2d3d,0.949
1456313641.0,5e6de772,1.029
1456313641.0,0a501873,1.019
1456313641.0,303dd086,0.989
1456313641.0,f22ce4a2,1.019
1456313641.0,3e71f6ea,0.929
1456313641.0,48772908,0.969
1456313641.0,e9f34b51,0.999
1456313641.0,5bb89bd2,0.969
1456313641.0,bb457334,0.949
1456313641.0,e95d3d87,0.989
1456313641.0,50741464,1.009
1456313641.0,e0e8a55b,1.039
1456313641.0,1d3ab507,0.959
1456313641.0,04ea2134,0.969
1456313641.0,5f1e3ccf,1.009
1456313641.0,6e050889,1.029
1456313641.0,fee76af5,0.979
1456313641.0,1d5839f0,1.009
1456313641.0,7fc72456,0.989
1456313641.0,9a2b7600,0.959
1456313641.0,06a2513a,1.009
1456313641.0,71e79520,0.969
1456313641.0,7cf2b30a,1.029
1456313641.0,a1d1ae1e,0.989
1456313641.0,f061e4b5,0.929
1456313641.0,4fe4aa3c,0.989
1456313641.0,f02ffbd3,1.019
1456313641.0,fed9f427,0.999
1456313641.0,61074f89,0.959
1456313641.0,7ecce629,0.959
1456313641.0,5b1fabef,0.959
1456313641.0,53216105,1.009
1456313641.0,343e9168,1.004
1456313641.0,16b7ada0,1.014
1456313641.0,a7b5f5e9,0.989
1456313641.0,ed57f511,0.959
1456313641.0,421ac3f9,0.989
1456313641.0,a774140b,1.029
1456313641.0,64735bee,0.969
1456313641.0,67a0637d,0.969
1456313641.0,a6f98df6,1.019
1456313641.0,26dda5ba,0.989
1456313641.0,c07a946a,0.959
1456313641.0,df59b3f7,0.959
1456313641.0,,1.019
1456313641.0,4b3bf40e,0.989
1456313641.0,2052e025,0.969
1456313881.0,17b8eb16,1.029
1456313881.0,9a431452,0.979
1456313881.0,778f55da,0.999
1456313881.0,de99c5f4,0.959
1456313881.0,b8c5de33,0.959
1456313881.0,cc6d6eb2,1.019
1456313881.0,79fb50bd,0.969
1456313881.0,e75954a3,0.999
1456313881.0,7f0a95e2,0.959
1456313881.0,312353ed,0.979
1456313881.0,047ea646,0.989
1456313881.0,f0d132f4,1.044
1456313881.0,da976067,0.979
1456313881.0,00605faf,0.989
1456313881.0,9837b0a0,0.989
1456313881.0,39213e3c,0.969
1456313881.0,2426c149,0.959
1456313881.0,a5de87b9,0.989
1456313881.0,e40086e8,0.959
1456313881.0,d8834ec2,1.009
1456313881.0,22ec99c7,0.969
1456313881.0,bf5b9c36,0.969
1456313881.0,60ce8dc7,1.019
1456313881.0,e1daef8f,0.939
1456313881.0,7d1cd9cd,0.959
1456313881.0,fa482668,0.999
1456313881.0,242f842b,0.939
1456313881.0,64a186d2,0.959
1456313881.0,ed94db5a,1.049
1456313881.0,a3827856,0.949
1456313881.0,54ea7147,0.949
1456313881.0,54f6175e,0.959
1456313881.0,0e65094f,0.969
1456313881.0,f82da33f,0.949
1456313881.0,8208358e,0.989
1456313881.0,ff6209cb,1.019
1456313881.0,3ee07cac,1.039
1456313881.0,671d6e1d,0.999
1456313881.0,4f6de997,0.989
1456313881.0,f0cb2dbb,0.949
1456313881.0,2ef24e6a,0.979
1456313881.0,3277bf79,0.989
1456313881.0,b7fdbb95,1.019
1456313881.0,ba0bd9d0,0.979
1456313881.0,e85f8007,1.009
1456313881.0,5bf5865e,0.969
1456313881.0,ea571d68,0.979
1456313881.0,,1.019
1456313881.0,6f9842b1,0.979
1456313881.0,9204320b,0.999
1456313881.0,ddaef23c,0.999
1456313881.0,9df734df,0.959
1456313881.0,ce331290,0.969
1456313881.0,0a1259e1,0.989
1456313881.0,c62a443d,1.009
1456313881.0,77dec945,1.019
1456313881.0,0fd4a5a3,0.989
1456313881.0,8eea76a1,0.959
1456313881.0,b5464430,0.999
1456313881.0,ee75d139,0.999
1456313881.0,df7fa5fe,0.959
1456313881.0,0afb21d0,1.019
1456313881.0,4dd5805a,0.979
1456313881.0,d4c5b88e,0.989
1456313881.0,797e753d,1.039
1456313881.0,515a767d,0.989
1456313881.0,c2cfa7d5,0.969
1456313881.0,0943a46e,0.969
1456313881.0,bb7b32d6,0.969
1456313881.0,d20092c4,0.939
1456313881.0,6598cfb9,0.979
1456313881.0,e1b2f9c0,0.969
1456313881.0,0d662c07,0.989
1456313881.0,eeb16be0,0.979
1456313881.0,9ba54253,0.989
1456313881.0,b9e8287e,0.979
1456313881.0,d34c2ebc,0.974
1456313881.0,d5843ecf,0.969
1456313881.0,cb511574,0.929
1456313881.0,36a9895c,0.979
1456313881.0,0f6fe1eb,0.989
1456313881.0,c5151d58,0.959
1456313881.0,79ca8f37,1.019
1456313881.0,91cd34b3,1.009
1456313881.0,77aab11d,0.989
1456313881.0,3fc9a04c,0.959
1456313881.0,7a1b2121,0.999
1456313881.0,24f83a95,0.959
1456313881.0,a674223c,1.009
1456313881.0,832073a2,0.969
1456313881.0,08f7db25,0.969
1456313881.0,7840ee28,1.029
1456313881.0,31bee708,0.939
1456313881.0,bce22baa,0.969
1456313881.0,f0e3472f,1.009
1456313881.0,323627e3,0.969
1456313881.0,772a26c5,1.009
1456313881.0,6404e77f,1.009
1456313881.0,b802ed2f,0.999
1456313881.0,f0d7ea8a,0.959
1456313881.0,7481989a,0.959
1456313881.0,5d5e9ec8,0.969
1456313881.0,85bcd8a9,0.989
1456313881.0,12434f8d,0.969
1456313881.0,9cff31f0,0.979
1456313881.0,133ca422,1.009
1456313881.0,5ff2bd7f,0.959
1456313881.0,245c099c,0.989
1456313881.0,08919b22,0.979
1456313881.0,763190d4,0.999
1456313881.0,386807be,1.009
1456313881.0,79ec8492,0.959
1456313881.0,3c6b3035,0.959
1456313881.0,69a2d28e,0.959
1456313881.0,062cca99,0.959
1456313881.0,f2c567b7,0.979
1456313881.0,56858967,0.979
1456313881.0,dd154694,0.979
1456313881.0,4f3c1b39,0.979
1456313881.0,8f3d810d,1.029
1456313881.0,e50a3733,0.979
1456313881.0,69a8b3d2,0.979
1456313881.0,f233face,0.999
1456313881.0,0e7f553a,0.969
1456313881.0,5b93fb87,0.969
1456313881.0,1d3c1b45,1.029
1456313881.0,d5eb41ec,0.969
1456313881.0,ffc943b9,0.989
1456313881.0,a9b1239f,0.989
1456313881.0,,1.009
1456313881.0,31e85a65,0.969
1456313881.0,70c08251,0.969
1456313881.0,43973ab1,1.019
1456313881.0,ae779650,0.979
1456313881.0,8ff28f6b,0.959
1456313881.0,d63f2c51,0.979
1456313881.0,e96cd138,0.959
1456313881.0,f5ddff39,0.979
1456313881.0,4d40c826,0.969
1456313881.0,7ea9e64e,0.999
1456313881.0,c7bec506,1.009
1456313881.0,815252d2,0.949
1456313881.0,df5fc4c4,0.999
1456313881.0,98cd55ee,1.019
1456313881.0,3e68f1c7,0.979
1456313881.0,7e76b239,0.994
1456313881.0,33336ca6,0.979
1456313881.0,92300cd4,0.939
1456313881.0,b191b282,0.979
1456313881.0,67642b0d,1.019
1456313881.0,2a8db2e4,0.999
1456313881.0,b69db0fc,1.049
1456313881.0,50518311,0.949
1456313881.0,0c18ba5f,0.959
1456313881.0,27707ee4,0.969
1456313881.0,6dd14a95,0.959
1456313881.0,df43a8b2,0.959
1456313881.0,3663fc5c,0.979
1456313881.0,4d917f63,0.979
1456313881.0,03199c21,0.979
1456313881.0,8820ca40,1.019
1456313881.0,3dbe97df,0.989
1456313881.0,71b0f730,0.989
1456313881.0,adf7bc54,0.989
1456313881.0,e2c6b885,0.969
1456313881.0,c662c11f,0.979
1456313881.0,4b926ccb,0.969
1456313881.0,7785d660,1.029
1456313881.0,0de2cbad,0.989
1456313881.0,145d5525,0.989
1456313881.0,6aba45bf,0.989
1456313881.0,1b9ef516,1.009
1456313881.0,6728212d,1.029
1456313881.0,285e45c2,0.999
1456313881.0,c2301b5a,0.979
1456313881.0,0a5953de,1.039
1456313881.0,19677f59,0.989
1456313881.0,e4e9e0bc,1.029
1456313881.0,bf0b9427,1.049
1456313881.0,75d484dc,0.979
1456313881.0,502b4b71,1.009
1456313881.0,ce736f1a,0.979
1456313881.0,feda8910,0.989
1456313881.0,128c4a0e,0.959
1456313881.0,e592b5d0,0.969
1456313881.0,5a88efab,0.959
1456313881.0,11fbd55b,0.979
1456313881.0,97911c0d,0.969
1456313881.0,8983a3f5,0.979
1456313881.0,4724644a,0.989
1456313881.0,2ff0d839,0.959
1456313881.0,871acdd2,1.009
1456313881.0,b6553c9c,0.949
1456313881.0,27f821f1,0.997
1456313881.0,d872a109,0.969
1456313881.0,d1207062,1.039
1456313881.0,1548bd57,0.949
1456313881.0,b9bdc200,0.989
1456313881.0,96eb851e,0.979
1456313881.0,db08686c,0.959
1456313881.0,7a34bcb6,0.959
1456313881.0,ed74a070,0.989
1456313881.0,33e1917c,0.989
1456313881.0,302e12a9,1.019
1456313881.0,6819963e,0.979
1456313881.0,c7e1e757,0.959
1456313881.0,f8c4c5f6,0.989
1456313881.0,f4507e0e,0.969
1456313881.0,bc38f274,0.959
1456313881.0,6ebcf0bd,0.989
1456313881.0,559bd10e,1.009
1456313881.0,e975b4d9,0.979
1456313881.0,3615bb32,1.019
1456313881.0,34b00dee,0.939
1456313881.0,3b988b25,0.959
1456313881.0,288e33f2,0.979
1456313881.0,9f3e7014,1.009
1456313881.0,421e1370,0.979
1456313881.0,9d98dcbb,1.009
1456313881.0,22ea287c,0.989
1456313881.0,b347d1b0,1.009
1456313881.0,bef1c266,1.019
1456313881.0,2cb63a21,0.979
1456313881.0,b0be9751,0.929
1456313881.0,76e85116,0.969
1456313881.0,e6be1477,0.959
1456313881.0,4cd3d126,0.969
1456313881.0,a64de619,0.939
1456313881.0,2a6c46a2,1.009
1456313881.0,cb4bb1c7,0.979
1456313881.0,56995334,0.939
1456313881.0,23728172,0.979
1456313881.0,1dfe7e94,0.959
1456313881.0,759e3fcc,0.959
1456313881.0,3747e646,0.929
1456313881.0,98fad8c5,0.999
1456313881.0,65efbc29,0.969
1456313881.0,a3599c26,0.969
1456313881.0,9f3d710c,0.959
1456313881.0,19e1ff00,0.939
1456313881.0,e6ed3bb4,0.969
1456313881.0,b44d5d41,1.009
1456313881.0,04583028,0.989
1456313881.0,02664349,0.999
1456313881.0,a5cf2ad0,1.009
1456313881.0,d64a25e0,0.949
1456313881.0,20c6635d,0.989
1456313881.0,d30449b6,0.949
1456313881.0,79470901,0.949
1456313881.0,a1a6a42b,0.949
1456313881.0,619a79d6,0.979
1456313881.0,f3b3c473,0.989
1456313881.0,cc367c32,0.999
1456313881.0,807e06c1,0.939
1456313881.0,e5ead47b,0.959
1456313881.0,050b15b6,0.969
1456313881.0,5dbe10ef,0.949
1456313881.0,ffb3e589,0.939
1456313881.0,cc9dcdfc,0.959
1456313881.0,aa930a31,0.949
1456313881.0,4aec94cc,0.969
1456313881.0,f11f062c,0.989
1456313881.0,857a97e0,0.979
1456313881.0,5d12f54e,0.959
1456313881.0,2330f268,0.979
1456313881.0,034b845e,0.999
1456313881.0,45162ff3,0.989
1456313881.0,7dedf4de,0.999
1456313881.0,6a9f527e,0.959
1456313881.0,cca8f84d,0.959
1456313881.0,637e523f,0.949
1456313881.0,ee54e371,0.979
1456313881.0,83439be0,0.969
1456313881.0,7a05b007,0.979
1456313881.0,29b24eee,0.999
1456313881.0,e0bab6c8,0.949
1456313881.0,26f14416,0.969
1456313881.0,b6510a87,1.019
1456313881.0,4119ba76,0.999
1456313881.0,ac4a43b1,0.959
1456313881.0,e335e0bc,1.019
1456313881.0,4880519d,0.989
1456313881.0,7e16c19d,1.039
1456313881.0,cdf74228,0.989
1456313881.0,06f668ff,0.969
1456313881.0,3d9b4dc8,0.964
1456313881.0,0bc9e7ef,0.959
1456313881.0,ae5da76e,0.969
1456313881.0,77793a3e,0.979
1456313881.0,b1ca0ed3,0.999
1456313881.0,2ebb5677,0.949
1456313881.0,b85a1ca3,0.989
1456313881.0,5e0befb2,0.959
1456313881.0,,0.989
1456313881.0,cacdc0ed,1.029
1456313881.0,5c33525a,0.979
1456313881.0,28712072,1.009
1456313881.0,d2d1eae3,0.979
1456313881.0,79555dbb,0.969
1456313881.0,e274299b,1.029
1456313881.0,eec8c179,1.039
1456313881.0,39fe3076,1.009
1456313881.0,a7fc7f1f,0.989
1456313881.0,96d4afe8,0.979
1456313881.0,3a7d2c69,0.979
1456313881.0,c40cb496,0.979
1456313881.0,ba54ed5e,0.989
1456313881.0,24e573e4,0.989
1456313881.0,7ac12ae4,0.959
1456313881.0,e01dae0b,1.019
1456313881.0,4c962a80,1.009
1456313881.0,c8df6e1a,0.969
1456313881.0,34108c3d,0.979
1456313881.0,561829d6,0.979
1456313881.0,42996534,0.999
1456313881.0,e751ae48,0.999
1456313881.0,682a7b74,1.009
1456313881.0,19ff419b,0.989
1456313881.0,d0e41b74,0.999
1456313881.0,44bf3174,0.969
1456313881.0,39c4256a,0.959
1456313881.0,328b1075,0.949
1456313881.0,28119274,0.969
1456313881.0,d02c3a0e,0.989
1456313881.0,8587a0a7,0.979
1456313881.0,e4e4bf18,0.959
1456313881.0,8babf7a8,0.999
1456313881.0,3ca42fdd,0.989
1456313881.0,4395666c,1.009
1456313881.0,0c4f31d4,0.979
1456313881.0,,1.029
1456313881.0,d4310eb6,0.959
1456313881.0,02da420f,0.999
1456313881.0,6eb39211,1.009
1456313881.0,20dcb5cd,1.019
1456313881.0,,1.019
1456313881.0,b0dc334c,0.979
1456313881.0,46da1895,0.999
1456313881.0,1d5b89e9,0.969
1456313881.0,ef5fb7f7,0.989
1456313881.0,,0.969
1456313881.0,334babb3,0.989
1456313881.0,507bacc5,1.009
1456313881.0,cc1424f8,0.979
1456313881.0,8f9c3c61,0.989
1456313881.0,6e565eb4,0.959
1456313881.0,99acd99a,0.979
1456313881.0,e837786a,0.999
1456313881.0,1b359e8d,0.969
1456313881.0,a4b11e87,0.999
1456313881.0,0f7cfab9,0.969
1456313881.0,0dd22df0,0.979
1456313881.0,72874a88,0.999
1456313881.0,4484275b,0.989
1456313881.0,2ee6700c,0.999
1456313881.0,4e13229f,0.969
1456313881.0,,0.959
1456313881.0,b145875f,1.004
1456313881.0,716935a5,1.029
1456313881.0,61173148,0.958
1456313881.0,1037129e,0.974
1456313881.0,a57d0d0e,0.999
1456313881.0,afa80a02,1.009
1456313881.0,9e46459f,1.029
1456313881.0,3680125e,0.979
1456313881.0,ef6a4ea8,1.089
1456313881.0,b204b97b,1.039
1456313881.0,,1.039
1456313881.0,13683185,1.009
1456313881.0,6c2590c1,1.019
1456313881.0,c8dd66ee,0.939
1456313881.0,6313d441,0.989
1456313881.0,d83a98ce,0.979
1456313881.0,49c3be27,0.949
1456313881.0,6ae406fe,0.969
1456313881.0,ec3feaec,0.999
1456313881.0,55c0201d,0.959
1456313881.0,457e579e,0.998
1456313881.0,ce519ed4,1.009
1456313881.0,a74299cc,0.979
1456313881.0,,0.999
1456313881.0,45dbb997,1.029
1456313881.0,f4a86f83,0.959
1456313881.0,2d5c56d1,0.989
1456313881.0,25a7d9dc,0.989
1456313881.0,c0debc06,0.964
1456313881.0,4248b1c7,0.969
1456313881.0,eac2af55,0.969
1456313881.0,4c1bb47a,0.979
1456313881.0,f9347e34,0.989
1456313881.0,90a018b4,0.979
1456313881.0,2ce7ea0e,0.969
1456313881.0,4a7d41a5,0.999
1456313881.0,85872f93,1.039
1456313881.0,6cf3fd28,0.969
1456313881.0,b863dc49,0.979
1456313881.0,aae959c2,0.919
1456313881.0,95a133c8,0.969
1456313881.0,23542a3f,1.019
1456313881.0,faa72267,0.979
1456313881.0,9a4568c6,0.979
1456313881.0,8068a1a0,0.969
1456313881.0,1aa38dcc,1.029
1456313881.0,821f92f0,0.989
1456313881.0,72ecbc2d,1.019
1456313881.0,4f9d836e,0.929
1456313881.0,7dfe4528,0.989
1456313881.0,b38002eb,0.999
1456313881.0,0df6de58,0.969
1456313881.0,6c260eb8,0.969
1456313881.0,9d3b9bdc,0.989
1456313881.0,7b9d3d6a,1.009
1456313881.0,b096f1e2,0.959
1456313881.0,538c9b65,1.019
1456313881.0,21f78260,0.989
1456313881.0,ab8081a0,1.019
1456313881.0,6264e826,0.969
1456313881.0,bd42a430,0.979
1456313881.0,d3e36a6e,0.969
1456313881.0,3ceb9aae,0.979
1456313881.0,f7b78f12,0.969
1456313881.0,dd700b9a,0.969
1456313881.0,86fe7e76,1.009
1456313881.0,bbd2a218,0.999
1456313881.0,5be837d4,0.999
1456313881.0,3d03dfc6,0.959
1456313881.0,d2c0bc6d,1.029
1456313881.0,756b37e6,0.979
1456313881.0,6dc3c176,0.939
1456313881.0,d4a3f247,1.009
1456313881.0,4c83adf3,1.049
1456313881.0,29e79793,0.979
1456313881.0,c10bd90f,1.019
1456313881.0,d3a16954,0.969
1456313881.0,aca882da,0.968
1456313881.0,b5e27e69,0.969
1456313881.0,c2d485ca,0.959
1456313881.0,2f02de37,1.029
1456313881.0,61ebbc40,0.969
1456313881.0,a65d4e81,0.909
1456313881.0,c46c7e06,0.979
1456313881.0,4dd8d911,1.029
1456313881.0,2174c3f9,0.969
1456313881.0,e40925fd,0.939
1456313881.0,8c231795,1.009
1456313881.0,10a10358,0.969
1456313881.0,fb1b5fff,0.959
1456313881.0,d22c2ab6,1.029
1456313881.0,997cbfdf,0.989
1456313881.0,662ae541,1.029
1456313881.0,4f913836,0.999
1456313881.0,2eeb1496,0.999
1456313881.0,bf12232f,0.969
1456313881.0,09d90f95,0.999
1456313881.0,f6bf784e,0.989
1456313881.0,fab361d0,1.049
1456313881.0,60ca3b5d,0.959
1456313881.0,ca9bd89a,1.009
1456313881.0,8a72c03e,0.959
1456313881.0,31ae92da,0.949
1456313881.0,a2c4c052,0.959
1456313881.0,f06281fb,0.999
1456313881.0,779f3780,0.969
1456313881.0,a6631f18,0.959
1456313881.0,d5022b7f,0.979
1456313881.0,dd41b331,0.989
1456313881.0,89105f13,1.009
1456313881.0,6fbcc336,0.939
1456313881.0,849a27f2,1.019
1456313881.0,b2c3faec,0.999
1456313881.0,937baa0c,1.029
1456313881.0,5acde0f1,0.949
1456313881.0,2bdc4b63,0.979
1456313881.0,9c7b372a,0.989
1456313881.0,82f98249,0.999
1456313881.0,768030e0,0.948
1456313881.0,10adc414,1.039
1456313881.0,98d977cb,1.009
1456313881.0,a3813b89,0.979
1456313881.0,9d64de92,0.979
1456313881.0,01d5bb85,0.949
1456313881.0,bec87d80,0.989
1456313881.0,c0210272,0.999
1456313881.0,d1b1547c,1.009
1456313881.0,54ad26b8,0.959
1456313881.0,ddaa5083,0.959
1456313881.0,551c6932,1.009
1456313881.0,eaba5acb,1.029
1456313881.0,b44f61b0,0.979
1456313881.0,4c05520d,0.959
1456313881.0,5d9ba671,0.999
1456313881.0,4ea69365,0.989
1456313881.0,3b4197b0,1.009
1456313881.0,4ebc6df3,0.989
1456313881.0,2abd710b,1.019
1456313881.0,5580f197,0.979
1456313881.0,cc350ace,0.979
1456313881.0,82e36ee5,1.019
1456313881.0,14a4c386,1.009
1456313881.0,b5ec285f,1.029
1456313881.0,f8ab4e9f,0.989
1456313881.0,0eec9a7b,0.969
1456313881.0,553c4dc5,1.019
1456313881.0,6582ce6e,1.024
1456313881.0,6fc48997,0.999
1456313881.0,3d05e45a,0.939
1456313881.0,7387afcd,0.959
1456313881.0,332fb1ba,0.939
1456313881.0,5f695bd8,0.939
1456313881.0,25294ce8,1.019
1456313881.0,31be0909,0.979
1456313881.0,1746d28b,0.999
1456313881.0,9efb9e6b,0.979
1456313881.0,f73244c0,0.969
1456313881.0,7091515f,0.979
1456313881.0,91698594,0.999
1456313881.0,7a3844f2,0.959
1456313881.0,64bc8569,0.979
1456313881.0,4ab9094d,0.969
1456313881.0,44e030ce,0.999
1456313881.0,308408ca,0.979
1456313881.0,421a6353,0.929
1456313881.0,2644599e,0.969
1456313881.0,1b5356f1,1.009
1456313881.0,d853e5e4,0.949
1456313881.0,e9fcf416,0.929
1456313881.0,e00ca8bb,0.989
1456313881.0,130615f8,1.029
1456313881.0,056cb40c,0.969
1456313881.0,5741a508,0.989
1456313881.0,,1.009
1456313881.0,c31dc7b8,1.029
1456313881.0,ce43b17e,1.029
1456313881.0,6d94eae4,1.049
1456313881.0,63f5a00a,1.009
1456313881.0,fac5bd9e,0.979
1456313881.0,6ab142e0,0.999
1456313881.0,f48ed1d8,0.979
1456313881.0,5aa8ba94,1.009
1456313881.0,3b9a2c70,0.989
1456313881.0,f18057cd,0.968
1456313881.0,a7c93552,0.939
1456313881.0,ece022de,0.969
1456313881.0,e7dd6621,0.944
1456313881.0,ed0f06c1,0.999
1456313881.0,069e66bc,0.959
1456313881.0,c3cd9932,0.979
1456313881.0,95924e15,0.999
1456313881.0,9628820d,0.979
1456313881.0,a372d56c,0.959
1456313881.0,ab1efc67,0.999
1456313881.0,8c5e2a02,1.019
1456313881.0,ecf4342f,0.979
1456313881.0,a3e519bb,1.059
1456313881.0,790cb266,0.959
1456313881.0,75808ab7,0.979
1456313881.0,f0d226b8,0.929
1456313881.0,298a8af2,0.969
1456313881.0,7fccdc2c,0.979
1456313881.0,65beaeab,0.959
1456313881.0,de86b064,1.019
1456313881.0,8f2fb041,1.009
1456313881.0,10967cac,1.019
1456313881.0,62bd758c,0.969
1456313881.0,ed10c5b8,0.969
1456313881.0,2ce5573c,0.979
1456313881.0,ec17af21,0.999
1456313881.0,8b3bba8f,0.959
1456313881.0,fed67d30,1.029
1456313881.0,c9564c67,1.029
1456313881.0,2ee8e08d,0.979
1456313881.0,c99b3a87,0.979
1456313881.0,6d74a4f4,0.999
1456313881.0,1d2f1425,0.929
1456313881.0,fc8f41b2,0.969
1456313881.0,1054110c,0.954
1456313881.0,ae30d7e3,0.969
1456313881.0,1fe05a5f,0.979
1456313881.0,3cb9cc00,0.969
1456313881.0,107d750c,0.979
1456313881.0,4d4b1ca0,0.969
1456313881.0,f720cc81,0.969
1456313881.0,2c946e5c,0.959
1456313881.0,5a549ff7,0.949
1456313881.0,b9d3793b,0.959
1456313881.0,019e00fb,0.949
1456313881.0,27824fdf,0.959
1456313881.0,7144f556,0.969
1456313881.0,d2e84b49,0.969
1456313881.0,87298a04,0.999
1456313881.0,6a5b57f4,1.039
1456313881.0,0a194365,0.989
1456313881.0,a07be25b,0.989
1456313881.0,2ab0fae2,1.009
1456313881.0,20fea5aa,1.069
1456313881.0,bb8d0742,0.979
1456313881.0,64e31076,1.039
1456313881.0,2492502b,0.999
1456313881.0,8d86cbc4,0.969
1456313881.0,265be8c2,1.019
1456313881.0,30865e09,0.999
1456313881.0,237e0152,0.959
1456313881.0,c97d17c7,0.979
1456313881.0,39f9c0aa,1.009
1456313881.0,36ba87a1,0.979
1456313881.0,d8382d2b,1.039
1456313881.0,a5b2c28c,0.979
1456313881.0,037aefcb,1.009
1456313881.0,9901346d,0.979
1456313881.0,2a7c4091,0.999
1456313881.0,7b89feff,0.989
1456313881.0,,0.999
1456313881.0,982daa57,0.989
1456313881.0,19e2bcd9,0.979
1456313881.0,152f6019,0.949
1456313881.0,89d5bd42,0.979
1456313881.0,47d7ec0a,1.009
1456313881.0,9456d189,0.989
1456313881.0,,1.009
1456313881.0,b53fe392,0.969
1456313881.0,f9e7f183,0.959
1456313881.0,,1.019
1456313881.0,de5d8f7a,0.989
1456313881.0,d132d021,0.999
1456313881.0,6ba68e3c,1.019
1456313881.0,15fe382d,1.009
1456313881.0,44f943cf,1.029
1456313881.0,a07d5f54,0.999
1456313881.0,a889c99a,0.979
1456313881.0,ea850711,0.969
1456313881.0,7c3d138b,0.939
1456313881.0,eae89db3,1.029
1456313881.0,c37638ee,1.059
1456313881.0,af91c953,1.019
1456313881.0,f6694dbe,0.969
1456313881.0,345d440e,1.019
1456313881.0,7f0b245a,0.979
1456313881.0,dea8af98,0.969
1456313881.0,f230f25c,1.019
1456313881.0,ea6d4e44,1.009
1456313881.0,6244903c,1.029
1456313881.0,7062eb92,1.009
1456313881.0,6e5aeb52,1.019
1456313881.0,85dcde4e,0.969
1456313881.0,17763a6e,0.969
1456313881.0,32806aee,1.009
1456313881.0,ddb4781d,0.969
1456313881.0,3106c23c,0.969
1456313881.0,eeb5162c,0.979
1456313881.0,39376aa1,0.999
1456313881.0,1f721c24,0.979
1456313881.0,b09e60a5,1.009
1456313881.0,ccf05044,0.959
1456313881.0,5e128548,0.989
1456313881.0,9f9d06bd,0.994
1456313881.0,8fe7f10d,0.989
1456313881.0,dbdba84f,0.889
1456313881.0,,0.979
1456313881.0,91666de8,0.999
1456313881.0,ed46fdb9,0.979
1456313881.0,ded8bee6,0.999
1456313881.0,3fa012b6,0.999
1456313881.0,014adbc0,0.959
1456314121.0,16585150,0.989
1456314121.0,9a2cf8fa,0.999
1456314121.0,ea3de48b,1.009
1456314121.0,838d57f9,0.989
1456314121.0,fc134cb6,1.009
1456314121.0,93d146a0,0.989
1456314121.0,5ae3b069,0.959
1456314121.0,4a51e02f,0.959
1456314121.0,42045a7b,0.979
1456314121.0,e6ea469e,0.969
1456314121.0,aacc4471,0.939
1456314121.0,54f6175e,0.959
1456314121.0,0e65094f,0.999
1456314121.0,a979524c,0.959
1456314121.0,681bcf47,0.979
1456314121.0,5426515a,1.019
1456314121.0,4e905761,0.999
1456314121.0,f38d4f22,0.969
1456314121.0,472cc7af,0.959
1456314121.0,a6575e4e,0.959
1456314121.0,a6e2e315,0.939
1456314121.0,cf1a869e,0.999
1456314121.0,7a3115f2,0.939
1456314121.0,00c44ff5,0.969
1456314121.0,09aa1a8b,1.019
1456314121.0,dcbfbcf3,0.989
1456314121.0,e63a5c48,0.989
1456314121.0,9a0afbbb,0.949
1456314121.0,f448cc0a,0.989
1456314121.0,df84d6fa,0.989
1456314121.0,24787319,1.019
1456314121.0,4f0ba2cc,1.019
1456314121.0,ee75d139,0.999
1456314121.0,6a471cde,0.969
1456314121.0,d09811d3,1.009
1456314121.0,78566eaf,0.989
1456314121.0,c63ba8fa,0.999
1456314121.0,c8e917b4,0.999
1456314121.0,a41365eb,0.999
1456314121.0,13b8b105,0.989
1456314121.0,bca31534,1.009
1456314121.0,cfab0b9f,0.999
1456314121.0,5ecab051,1.029
1456314121.0,0ff209cc,0.999
1456314121.0,2f89ceb2,0.959
1456314121.0,5000f0c5,0.999
1456314121.0,e31897db,0.959
1456314121.0,da5389d9,1.029
1456314121.0,13d407e0,0.979
1456314121.0,ae7b124a,0.979
1456314121.0,9278d791,0.979
1456314121.0,2b390ecb,0.989
1456314121.0,7b635a74,0.959
1456314121.0,0334f503,0.979
1456314121.0,c7042a91,0.969
1456314121.0,a9bfa2fb,1.019
1456314121.0,eb0a0090,0.979
1456314121.0,0f6fe1eb,0.969
1456314121.0,68938096,0.939
1456314121.0,4d87940f,0.989
1456314121.0,a705a30f,1.019
1456314121.0,6229a06b,1.029
1456314121.0,8bb9b028,0.979
1456314121.0,9c389a21,1.019
1456314121.0,77d4c025,0.969
1456314121.0,cb73d4f7,0.969
1456314121.0,f044b2d1,1.019
1456314121.0,ed2deb3d,0.979
1456314121.0,a08b0e98,0.979
1456314121.0,73ed9159,0.949
1456314121.0,dd180cd9,0.979
1456314121.0,edd33695,0.979
1456314121.0,6437efd0,0.969
1456314121.0,21fa9a42,0.979
1456314121.0,9e099f07,1.029
1456314121.0,4b06da23,0.989
1456314121.0,5c2d9a2c,1.049
1456314121.0,3a8770f2,0.969
1456314121.0,3b3e1ce0,0.979
1456314121.0,973edd3d,0.969
1456314121.0,b79612a4,0.979
1456314121.0,0c5920e5,0.959
1456314121.0,73275cc4,1.019
1456314121.0,fcdeda3e,0.959
1456314121.0,2731c4c9,0.969
1456314121.0,89394d4f,0.969
1456314121.0,cb479352,1.029
1456314121.0,dcd7801a,0.959
1456314121.0,21c418e3,0.979
1456314121.0,780043a9,0.959
1456314121.0,4b757a5a,0.969
1456314121.0,f0430871,1.019
1456314121.0,de505192,1.029
1456314121.0,f2603ae2,1.009
1456314121.0,dd154694,0.979
1456314121.0,3dfc83c4,0.959
1456314121.0,a8b18b6e,0.979
1456314121.0,8661e539,1.009
1456314121.0,b0a76bca,0.989
1456314121.0,8c14cf23,0.999
1456314121.0,5f34425a,1.009
1456314121.0,00eccb46,0.959
1456314121.0,517a6ad7,0.989
1456314121.0,d903b794,0.999
1456314121.0,44850052,0.979
1456314121.0,45752743,1.019
1456314121.0,59446250,0.959
1456314121.0,d2f8a338,0.979
1456314121.0,cc29c87a,0.944
1456314121.0,b4bef9a6,0.969
1456314121.0,f2d58e5e,1.029
1456314121.0,cd3580e7,1.009
1456314121.0,a30a80ce,0.969
1456314121.0,8eafa47a,0.959
1456314121.0,19eb476f,1.009
1456314121.0,06857c62,0.989
1456314121.0,4f9ccf16,1.029
1456314121.0,fad81120,0.969
1456314121.0,ab4700c2,0.989
1456314121.0,1d5cb0e7,0.979
1456314121.0,05574660,0.989
1456314121.0,0d8a8599,1.029
1456314121.0,861dd273,0.959
1456314121.0,d10538bd,0.959
1456314121.0,6735727d,0.939
1456314121.0,f6d9b461,0.959
1456314121.0,dd5271ec,0.999
1456314121.0,c21cd25b,0.949
1456314121.0,ad51b230,0.999
1456314121.0,ef3ecd77,0.959
1456314121.0,6ef6d6cb,1.009
1456314121.0,073f010e,1.009
1456314121.0,b3646450,0.979
1456314121.0,56f076dc,0.939
1456314121.0,633828e5,1.009
1456314121.0,421aabe4,0.989
1456314121.0,8bd77566,1.039
1456314121.0,796a098a,0.999
1456314121.0,592c2c00,0.959
1456314121.0,2a57a759,0.979
1456314121.0,8bf8c324,0.999
1456314121.0,506ed98f,0.959
1456314121.0,1bbcc3e6,0.989
1456314121.0,e3bd3d52,0.979
1456314121.0,c219585c,1.019
1456314121.0,f9b056ba,0.989
1456314121.0,b6b05490,1.009
1456314121.0,a08d8ae6,0.969
1456314121.0,c5931a7d,0.979
1456314121.0,36a53250,1.029
1456314121.0,4cd27bd4,0.949
1456314121.0,c0a3d1e4,0.989
1456314121.0,8c94be49,0.999
1456314121.0,507cdfac,0.979
1456314121.0,5d34075a,1.029
1456314121.0,97543d60,0.934
1456314121.0,2ec1652c,1.009
1456314121.0,d15de565,1.029
1456314121.0,249c81ea,0.949
1456314121.0,34062783,0.979
1456314121.0,c290b93a,0.959
1456314121.0,9fbf8dcd,1.039
1456314121.0,8aaabcb9,0.969
1456314121.0,ab01d0f4,0.969
1456314121.0,5aa86555,1.019
1456314121.0,1223090e,0.999
1456314121.0,894d4a6d,0.949
1456314121.0,1d0693d6,0.979
1456314121.0,a9b88996,1.029
1456314121.0,34c23076,0.979
1456314121.0,72cc479b,1.009
1456314121.0,74abc1c5,1.009
1456314121.0,ca6cf07d,0.989
1456314121.0,6e907110,1.009
1456314121.0,a69c9dfa,0.989
1456314121.0,2934dabc,0.959
1456314121.0,29291727,0.999
1456314121.0,2bd26467,0.959
1456314121.0,63b23aaa,0.989
1456314121.0,79df2cb3,1.019
1456314121.0,92667f30,1.019
1456314121.0,2ff0d839,0.959
1456314121.0,a0ad552e,0.949
1456314121.0,fd43a211,1.009
1456314121.0,7ae5eaaa,1.009
1456314121.0,dbaf66ec,0.989
1456314121.0,bdf78206,1.019
1456314121.0,251d80d6,0.979
1456314121.0,20e9b084,0.959
1456314121.0,06abd985,0.949
1456314121.0,fe1c0582,1.029
1456314121.0,645c2661,0.989
1456314121.0,21dc0042,0.999
1456314121.0,c33f8f41,0.999
1456314121.0,2c82fe56,0.989
1456314121.0,2c52792d,0.969
1456314121.0,29e75614,0.949
1456314121.0,c17f3537,1.009
1456314121.0,6cb03436,0.979
1456314121.0,07b98643,1.009
1456314121.0,78300ca0,0.999
1456314121.0,72162ebe,0.989
1456314121.0,62f9d469,0.969
1456314121.0,c6388189,0.979
1456314121.0,48abfcff,0.969
1456314121.0,1f23d8f2,0.999
1456314121.0,9852ddd5,0.989
1456314121.0,59ac6c1c,0.969
1456314121.0,34b00dee,0.939
1456314121.0,6f85f5da,0.959
1456314121.0,83c03208,0.979
1456314121.0,2e49818d,0.979
1456314121.0,3f3762d6,1.009
1456314121.0,72c5857a,0.999
1456314121.0,0c811233,0.949
1456314121.0,6cec7405,0.969
1456314121.0,ec3d4f7a,0.969
1456314121.0,d2a69e6d,0.999
1456314121.0,bef1c266,1.009
1456314121.0,04fe1fbb,0.999
1456314121.0,81510092,1.049
1456314121.0,8456b87a,0.949
1456314121.0,70bc5eff,0.969
1456314121.0,d225b33f,0.999
1456314121.0,16863815,0.959
1456314121.0,6d5dfb36,0.959
1456314121.0,4c906d12,0.989
1456314121.0,db29e260,0.929
1456314121.0,030fbae5,1.039
1456314121.0,478ca3dd,0.969
1456314121.0,5d790a6e,0.959
1456314121.0,e84ee14a,0.979
1456314121.0,aa9b2273,0.949
1456314121.0,e140b830,0.999
1456314121.0,4ee36e5e,0.959
1456314121.0,74c9e802,0.989
1456314121.0,a9683117,0.989
1456314121.0,350e97c6,0.949
1456314121.0,f7aa1ff1,0.979
1456314121.0,31063bb4,1.019
1456314121.0,2a85aef8,0.979
1456314121.0,e371c619,1.039
1456314121.0,affe7d62,0.969
1456314121.0,0324ee01,0.989
1456314121.0,2276c640,0.969
1456314121.0,04ca9ed8,0.949
1456314121.0,e1f5b708,0.959
1456314121.0,0a1808e5,0.999
1456314121.0,4fcd4de4,1.059
1456314121.0,4c1f6a89,0.959
1456314121.0,8cfcff71,0.959
1456314121.0,a5c5f9b2,1.009
1456314121.0,c9c1fe89,0.969
1456314121.0,5082e3d6,1.019
1456314121.0,b061fef9,0.979
1456314121.0,b594d429,1.009
1456314121.0,fb46bd6e,1.019
1456314121.0,b563f7fe,0.959
1456314121.0,e0d2c90f,1.009
1456314121.0,31172c6e,0.959
1456314121.0,56b0dc6a,1.009
1456314121.0,,1.009
1456314121.0,6e62772c,1.009
1456314121.0,444273fb,0.999
1456314121.0,92a6e659,1.019
1456314121.0,49783e5a,0.979
1456314121.0,4734ef79,0.989
1456314121.0,15a5d68a,0.999
1456314121.0,d8714e76,0.959
1456314121.0,c7b90ec6,1.019
1456314121.0,26f7c61c,0.969
1456314121.0,6f59ab1a,0.994
1456314121.0,75c86f5d,0.959
1456314121.0,b7f65739,0.989
1456314121.0,feeb48dc,0.979
1456314121.0,9eb1be1f,1.029
1456314121.0,44565663,0.999
1456314121.0,55af4e12,0.959
1456314121.0,3de5ce2e,0.999
1456314121.0,60648e92,0.989
1456314121.0,96407ff6,1.009
1456314121.0,67b3d058,1.019
1456314121.0,18d8a792,1.009
1456314121.0,972f9ee7,1.009
1456314121.0,028572b1,0.979
1456314121.0,5e1008fc,1.019
1456314121.0,5d132310,0.979
1456314121.0,6d40e0d7,0.949
1456314121.0,c11feddb,0.959
1456314121.0,9501b2c0,0.959
1456314121.0,c40bc606,0.959
1456314121.0,ace2e1f9,1.029
1456314121.0,328b1075,0.979
1456314121.0,d046f0d3,1.009
1456314121.0,926a9855,0.999
1456314121.0,70e22a28,0.999
1456314121.0,a41bb594,0.959
1456314121.0,f9580460,0.959
1456314121.0,c2aa03cb,0.989
1456314121.0,668ef0e0,0.979
1456314121.0,3813907a,0.979
1456314121.0,e147c97d,1.029
1456314121.0,1cc41339,0.949
1456314121.0,665513a1,0.969
1456314121.0,80d45a73,0.979
1456314121.0,46da1895,0.999
1456314121.0,552250d6,0.999
1456314121.0,f77077c1,1.009
1456314121.0,42ad21c1,0.969
1456314121.0,1e0f5f03,1.009
1456314121.0,e8789a9a,0.999
1456314121.0,877e2550,1.029
1456314121.0,c5f7c662,0.939
1456314121.0,71315e68,0.989
1456314121.0,dadc3ef8,1.009
1456314121.0,4d541f34,1.019
1456314121.0,a4a6b026,0.989
1456314121.0,76e0e2ad,1.009
1456314121.0,bfefaf34,0.969
1456314121.0,481a8ed4,0.959
1456314121.0,ba33f726,1.029
1456314121.0,07d1cb29,0.959
1456314121.0,930b627b,0.969
1456314121.0,7e7b7769,0.959
1456314121.0,e31720af,0.969
1456314121.0,8914d28e,0.989
1456314121.0,aa2f1ae8,0.979
1456314121.0,8b68df1f,0.989
1456314121.0,bf7ae178,0.979
1456314121.0,1037129e,0.974
1456314121.0,09d9579a,0.979
1456314121.0,6a687cf5,0.979
1456314121.0,918e2883,0.979
1456314121.0,81dd5a9d,0.999
1456314121.0,12dc6fb6,0.969
1456314121.0,e181d5d0,0.969
1456314121.0,f6e9717f,1.049
1456314121.0,a25d5615,0.949
1456314121.0,f6d63084,0.959
1456314121.0,a500d475,0.969
1456314121.0,1e41b091,1.009
1456314121.0,6cee9445,1.019
1456314121.0,73c26a55,1.009
1456314121.0,6fb3ea7a,0.949
1456314121.0,68af1b90,0.958
1456314121.0,c25fac39,0.959
1456314121.0,b1dd859f,0.989
1456314121.0,d2585bd9,0.979
1456314121.0,49c3be27,0.969
1456314121.0,6bc9c96a,0.919
1456314121.0,71885813,1.049
1456314121.0,25a7d9dc,0.989
1456314121.0,602ec85f,1.009
1456314121.0,79067d40,0.969
1456314121.0,f6c091f9,0.989
1456314121.0,0dafb9e9,0.959
1456314121.0,285927ae,0.989
1456314121.0,6cf3fd28,0.969
1456314121.0,d473e239,0.989
1456314121.0,864a6877,0.939
1456314121.0,4e3aa155,0.989
1456314121.0,2660a5d2,0.959
1456314121.0,aae959c2,0.949
1456314121.0,f14d7030,0.959
1456314121.0,be34191b,1.009
1456314121.0,95d7c5d3,0.979
1456314121.0,6ee6c33d,0.969
1456314121.0,a9ad29e3,0.989
1456314121.0,6f394c33,1.009
1456314121.0,c8767aa3,0.969
1456314121.0,c4b1a3a1,1.029
1456314121.0,374e91b4,0.989
1456314121.0,59d4a720,0.989
1456314121.0,c002da7d,0.979
1456314121.0,626de707,1.009
1456314121.0,72ecbc2d,1.019
1456314121.0,b38002eb,0.999
1456314121.0,9e47d969,0.979
1456314121.0,f1f7ae62,0.984
1456314121.0,bf425f54,0.959
1456314121.0,bb4e75d9,0.949
1456314121.0,c3e10c01,1.019
1456314121.0,ff263010,1.009
1456314121.0,12dd04fe,0.949
1456314121.0,d44b5cfb,0.989
1456314121.0,b685aa76,0.969
1456314121.0,840368fb,1.009
1456314121.0,129b7653,0.949
1456314121.0,c69c61f6,1.039
1456314121.0,c63b0b80,0.959
1456314121.0,725ea57f,0.979
1456314121.0,e743f9ea,0.959
1456314121.0,dd700b9a,0.999
1456314121.0,e5a3d8f9,0.969
1456314121.0,8e88bf8c,0.969
1456314121.0,ed0cd7e2,0.989
1456314121.0,1feea3c1,1.029
1456314121.0,3a20cf6c,0.949
1456314121.0,9f0d800f,0.959
1456314121.0,a2346f9b,0.989
1456314121.0,72c39ba1,0.949
1456314121.0,0ed46e0c,0.979
1456314121.0,e3556254,1.009
1456314121.0,200cf8e2,0.969
1456314121.0,f6eddbb3,0.979
1456314121.0,d998872e,0.979
1456314121.0,4a802d7b,1.019
1456314121.0,5709c9ed,0.969
1456314121.0,cec51495,0.979
1456314121.0,022de539,0.989
1456314121.0,0e31f374,0.999
1456314121.0,538bd786,0.929
1456314121.0,af2f9310,0.959
1456314121.0,104560d9,0.959
1456314121.0,cbe823ba,0.989
1456314121.0,da9d831f,0.969
1456314121.0,1d295295,1.049
1456314121.0,a2367d31,0.959
1456314121.0,36f5bf63,0.949
1456314121.0,0bf731c0,0.999
1456314121.0,4261ea14,0.969
1456314121.0,8e8b8a63,0.969
1456314121.0,bf0b9827,0.979
1456314121.0,4dac6b68,0.989
1456314121.0,1c1982b4,0.959
1456314121.0,f09eccb2,0.959
1456314121.0,c48de424,0.959
1456314121.0,4e459e38,0.959
1456314121.0,d3063bdf,1.019
1456314121.0,7f3bdc08,0.969
1456314121.0,6f825f6f,1.049
1456314121.0,b1600fca,1.019
1456314121.0,29c5c2e2,1.019
1456314121.0,39c2af9c,0.999
1456314121.0,30a3ca97,0.989
1456314121.0,d45b556e,1.009
1456314121.0,b46c0713,1.009
1456314121.0,3fb149fc,0.979
1456314121.0,4f2f425b,0.969
1456314121.0,1872a79b,0.999
1456314121.0,c096f63b,0.939
1456314121.0,d9663827,0.999
1456314121.0,cb0f3fc8,1.019
1456314121.0,8167fa85,0.979
1456314121.0,d6831509,0.989
1456314121.0,c4a3a803,1.009
1456314121.0,8cb87567,0.969
1456314121.0,b6002806,0.969
1456314121.0,6da3d0a7,0.989
1456314121.0,6b6f2493,0.989
1456314121.0,74311576,1.019
1456314121.0,5adcc672,1.009
1456314121.0,2fec3510,0.989
1456314121.0,ff49e52d,0.989
1456314121.0,a9ac5f0c,0.968
1456314121.0,147f3142,1.019
1456314121.0,56afcb19,0.959
1456314121.0,8e7b7790,1.029
1456314121.0,7f7b1e43,0.999
1456314121.0,f51c98aa,1.009
1456314121.0,c39953ee,1.029
1456314121.0,b87b1fe6,1.039
1456314121.0,1ef95412,0.979
1456314121.0,c495260b,0.949
1456314121.0,,0.999
1456314121.0,ba94f47b,0.969
1456314121.0,174ab84b,0.979
1456314121.0,02202a18,0.959
1456314121.0,a2c55ea4,0.999
1456314121.0,2a5c512c,1.039
1456314121.0,01a2d8cf,1.009
1456314121.0,649461ec,0.979
1456314121.0,99409692,0.929
1456314121.0,e600cf0f,0.969
1456314121.0,18301e82,0.959
1456314121.0,5a8f6bb5,0.989
1456314121.0,236e355f,0.979
1456314121.0,b16a7660,0.969
1456314121.0,a32bd6b9,0.939
1456314121.0,67af76e1,1.009
1456314121.0,90cec242,0.979
1456314121.0,63e70cd3,1.019
1456314121.0,d487951e,0.959
1456314121.0,e3c90980,0.959
1456314121.0,5f6ca326,1.039
1456314121.0,aa5647b4,0.999
1456314121.0,229400a7,0.989
1456314121.0,493eff35,0.999
1456314121.0,ea5a9904,0.979
1456314121.0,39a29c0a,0.989
1456314121.0,9c7eab32,1.049
1456314121.0,0cef0607,0.989
1456314121.0,a952ede9,0.989
1456314121.0,33a2e297,0.989
1456314121.0,2e64cc2e,1.039
1456314121.0,1cb6dd4e,0.989
1456314121.0,935b74b4,1.009
1456314121.0,614629e1,0.939
1456314121.0,3c7c43a2,0.969
1456314121.0,4ebc6df3,0.989
1456314121.0,,0.959
1456314121.0,8bdd5502,0.979
1456314121.0,b49d51d2,0.989
1456314121.0,56c5d463,1.009
1456314121.0,b6c365a0,1.009
1456314121.0,6d18dcdf,1.029
1456314121.0,bbca138f,0.969
1456314121.0,3a1e42ab,0.929
1456314121.0,2e24ce9f,0.959
1456314121.0,3d05e45a,0.969
1456314121.0,11eac3c2,0.979
1456314121.0,ee2ae1a3,0.959
1456314121.0,a18bcb80,1.019
1456314121.0,3a7aff39,0.989
1456314121.0,4e5b883c,1.009
1456314121.0,896f8569,1.009
1456314121.0,56ad714d,1.019
1456314121.0,c2cdc545,0.949
1456314121.0,c5669e2f,0.949
1456314121.0,140ced81,0.969
1456314121.0,de8bd970,1.009
1456314121.0,77409cad,1.019
1456314121.0,493d1dbf,0.999
1456314121.0,2771cba6,0.969
1456314121.0,00eb6334,0.969
1456314121.0,0296c555,1.009
1456314121.0,7fc3b34a,1.009
1456314121.0,da19dfd3,0.989
1456314121.0,4646068e,0.989
1456314121.0,8a8346fc,0.979
1456314121.0,dc48ebf6,0.999
1456314121.0,f2924e85,0.959
1456314121.0,22271941,0.969
1456314121.0,c834e637,0.979
1456314121.0,05878847,0.999
1456314121.0,015ecd27,0.959
1456314121.0,1744da60,1.009
1456314121.0,92978eb8,0.969
1456314121.0,dfb31960,0.969
1456314121.0,75856052,0.959
1456314121.0,d33e9e56,0.989
1456314121.0,130615f8,1.029
1456314121.0,ce43b17e,1.019
1456314121.0,2e401955,1.009
1456314121.0,32c6c249,0.979
1456314121.0,8e0ce406,1.009
1456314121.0,0846ce19,0.979
1456314121.0,f82bf8c5,0.959
1456314121.0,5c2e3a01,0.979
1456314121.0,12d17fec,0.959
1456314121.0,2d3711fd,0.989
1456314121.0,5d9df6f0,1.019
1456314121.0,eb3c6430,0.999
1456314121.0,496612a8,1.019
1456314121.0,62994203,0.959
1456314121.0,1231b9e1,0.959
1456314121.0,fa183b24,0.949
1456314121.0,7e056bdf,0.979
1456314121.0,b2f56e84,1.009
1456314121.0,c2fe56f7,0.979
1456314121.0,1f577d83,0.969
1456314121.0,7ee5da0f,1.009
1456314121.0,f0d226b8,0.959
1456314121.0,2bec2986,0.949
1456314121.0,f13a2469,1.019
1456314121.0,e4c3638f,0.989
1456314121.0,31cd43d6,0.979
1456314121.0,3bf46d9b,0.989
1456314121.0,dda65020,0.969
1456314121.0,d43af2d2,0.999
1456314121.0,42b80e51,0.999
1456314121.0,fe496e01,0.939
1456314121.0,1b481393,0.969
1456314121.0,a537b03c,0.959
1456314121.0,51aab8d5,0.969
1456314121.0,eb3bf9c1,0.969
1456314121.0,c3d72a2f,1.029
1456314121.0,cc232225,0.979
1456314121.0,b484fa6e,1.029
1456314121.0,d51594f4,0.979
1456314121.0,925baf40,0.999
1456314121.0,a373cdfc,0.969
1456314121.0,d6eb1a7f,0.969
1456314121.0,38b527b3,1.029
1456314121.0,726bbc28,0.979
1456314121.0,efb9b2b5,0.979
1456314121.0,f290a992,0.979
1456314121.0,dbacecfb,0.969
1456314121.0,1d2f1425,0.959
1456314121.0,724b8382,0.999
1456314121.0,801a4bcc,0.959
1456314121.0,bda7134d,0.959
1456314121.0,60983be1,0.999
1456314121.0,c76359a4,0.969
1456314121.0,c0a4ac06,0.959
1456314121.0,83a4c48e,0.979
1456314121.0,75aac7da,0.969
1456314121.0,36ed9058,0.989
1456314121.0,76a48cbe,0.979
1456314121.0,f6798657,0.959
1456314121.0,9f5a9e69,0.959
1456314121.0,210e50b8,0.989
1456314121.0,e526650e,0.959
1456314121.0,5470379e,1.029
1456314121.0,6a27f09d,0.979
1456314121.0,9758fc2a,1.019
1456314121.0,c6f69752,0.959
1456314121.0,02065938,1.019
1456314121.0,32f0b93e,0.969
1456314121.0,c96f410f,0.989
1456314121.0,c9e84600,0.989
1456314121.0,890bbb28,1.009
1456314121.0,f4b9f379,0.979
1456314121.0,d3a7aabc,0.959
1456314121.0,ac6ccf5d,0.969
1456314121.0,02a3ff50,0.959
1456314121.0,01e0d345,0.979
1456314121.0,fa5a267f,1.029
1456314121.0,e0e02d9a,0.959
1456314121.0,2f54d4c9,0.959
1456314121.0,f856d6e0,0.989
1456314121.0,b8705ff2,0.959
1456314121.0,23cab4a8,0.989
1456314121.0,5132fe1c,0.969
1456314121.0,fdf0e8d2,0.959
1456314121.0,a07f50c4,0.979
1456314121.0,9247febd,0.959
1456314121.0,40d7aa6e,0.979
1456314121.0,864a3cb2,0.989
1456314121.0,6cbdfb78,0.979
1456314121.0,2b987960,0.939
1456314121.0,dc944647,0.979
1456314121.0,e5139cec,0.959
1456314121.0,ac7dd410,0.949
1456314121.0,961fadac,0.979
1456314121.0,74776924,0.959
1456314121.0,3734af20,0.959
1456314121.0,2b890110,0.929
1456314121.0,3db9e3a9,0.959
1456314121.0,8ddd7eaf,0.969
1456314121.0,cca094f8,0.959
1456314121.0,e146d88a,0.999
1456314121.0,1c504132,0.969
1456314121.0,dfa90483,0.969
1456314121.0,6d6a4209,0.989
1456314121.0,1d6f1deb,0.979
1456314121.0,efdbec8f,0.979
1456314121.0,6c90e89a,0.969
1456314121.0,915f4559,0.979
1456314121.0,7ce44a8d,1.019
1456314121.0,078f0784,0.959
1456314121.0,56ea4a71,0.979
1456314121.0,471da9da,0.979
1456314121.0,efc5b46c,0.979
1456314121.0,6e1a006b,0.969
1456314121.0,ae869c50,0.969
1456314121.0,5bb24e91,0.969
1456314121.0,9a2903a3,1.009
1456314121.0,7d967629,0.989
1456314121.0,66f21e35,0.979
1456314121.0,bf43b448,0.999
1456314121.0,bcab79d7,0.969
1456314121.0,803beab6,0.959
1456314121.0,b53fa888,0.959
1456314121.0,d1bc0e20,0.959
1456314121.0,4b0cfdb6,0.969
1456314121.0,62d05b95,1.009
1456314121.0,4cdbbbb9,0.949
1456314121.0,b7496873,0.969
1456314121.0,552e6bdb,0.989
1456314121.0,a02da48f,0.979
1456314121.0,981008e5,0.999
1456314121.0,9d948dce,1.019
1456314121.0,7f1371b6,0.979
1456314121.0,e1936457,0.979
1456314121.0,05cd05cd,1.009
1456314121.0,0a2b6f09,0.969
1456314121.0,f29f6270,0.989
1456314121.0,7cefc69f,0.959
1456314121.0,758e532b,0.969
1456314121.0,84387118,1.059
1456314121.0,2d4a2d35,0.959
1456314121.0,abc596af,0.989
1456314121.0,ba0b1d1f,1.019
1456314121.0,6ed1ade4,0.969
1456314121.0,3b68a541,0.969
1456314121.0,d96c180b,0.959
1456314121.0,22ac7d75,0.969
1456314121.0,3f48f52e,0.969
1456314121.0,e4dcc2ad,1.009
1456314121.0,856ff254,1.009
1456314121.0,35c85b81,0.959
1456314121.0,193d5fa7,0.969
1456314121.0,bcdf1eb5,0.969
1456314121.0,aa661eb4,0.969
1456314121.0,d0c595a5,0.979
1456314121.0,cb71673a,1.019
1456314121.0,ee74bc99,0.959
1456314121.0,670eaa88,0.989
1456314121.0,20338fa9,0.979
1456314121.0,92eaccdc,0.949
1456314121.0,6f901805,0.999
1456314121.0,f1f57418,0.939
1456314121.0,6b62f260,0.969
1456314121.0,0ac38eb6,0.979
1456314121.0,c59b6311,0.989
1456314121.0,c01aa13a,0.999
1456314121.0,db21940b,0.969
1456314121.0,2a684001,0.979
1456314121.0,029c6a16,0.979
1456314121.0,1fb16863,0.949
1456314121.0,d472efac,0.939
1456314121.0,abd4db7e,0.959
1456314121.0,6fb50287,0.969
1456314121.0,9275ec29,0.999
1456314121.0,12081217,0.959
1456314121.0,a82fcd07,1.019
1456314121.0,8c7525a6,0.979
1456314121.0,25afe900,0.959
1456314121.0,66a925d6,0.969
1456314121.0,12d8c014,1.019
1456314121.0,0958f3bd,0.989
1456314121.0,73787573,0.959
1456314121.0,939b3a38,0.949
1456314121.0,13f4ef46,0.939
1456314121.0,e3a60e8a,0.969
1456314121.0,c53c6b6d,0.999
1456314121.0,a11d220b,0.999
1456314121.0,e567333d,0.979
1456314121.0,013f9d06,0.999
1456314121.0,f91b7082,0.989
1456314121.0,2f8bbe9b,0.949
1456314121.0,8f41fe32,1.029
1456314121.0,042407e0,0.989
1456314121.0,2f34dd60,0.989
1456314121.0,a57ba9f4,1.019
1456314121.0,8d30c99a,0.989
1456314121.0,8928a7d8,0.999
1456314121.0,26664969,1.009
1456314121.0,94c0e547,0.999
1456314121.0,abe52a6d,0.979
1456314121.0,bf08287b,0.939
1456314121.0,adc8589f,0.969
1456314121.0,b3d69d8e,0.959
1456314121.0,cc3eddf4,0.989
1456314121.0,ebca1266,1.029
1456314121.0,b4666217,0.979
1456314121.0,645289b9,0.969
1456314121.0,de162c11,0.949
1456314121.0,511a1f46,0.969
1456314121.0,5c64167f,0.969
1456314121.0,225eaacb,0.989
1456314121.0,810fc069,0.969
1456314121.0,00faf6a6,0.969
1456314121.0,d07d6e2f,1.009
1456314121.0,9f4967c5,0.959
1456314121.0,0aedc373,0.969
1456314121.0,a13f8970,0.969
1456314121.0,97b553c9,1.009
1456314121.0,1edd50b1,0.999
1456314121.0,0c74abc4,0.969
1456314121.0,8d437dd2,0.959
1456314121.0,512f32d1,0.969
1456314121.0,4f91a79a,0.969
1456314121.0,bcfc04fa,1.019
1456314121.0,ea6b204a,1.019
1456314121.0,114606f9,0.959
1456314121.0,3c76ded2,0.979
1456314121.0,740982ff,0.999
1456314121.0,9f42fd97,1.009
1456314121.0,0a0b5f30,0.959
1456314121.0,97e8ac48,0.969
1456314121.0,2c946e5c,0.959
1456314121.0,6117cbac,0.969
1456314121.0,4c39660b,0.969
1456314121.0,8bbd302b,0.969
1456314121.0,89f88deb,1.009
1456314121.0,21b1fd87,0.959
1456314121.0,a8aaf34c,0.999
1456314121.0,a49f5d4b,0.999
1456314121.0,17b40c62,1.029
1456314121.0,10811cd9,1.019
1456314121.0,5bf5fced,0.999
1456314121.0,3ea2f9db,0.989
1456314121.0,5d3a9ec2,1.009
1456314121.0,ae56e202,0.979
1456314121.0,be2df1d8,0.959
1456314121.0,76a02736,0.999
1456314121.0,2fd29268,0.959
1456314121.0,bba9fe67,0.939
1456314121.0,fc85b951,1.009
1456314121.0,8af7e008,0.979
1456314121.0,b8e4e564,0.949
1456314121.0,90bcaabc,0.959
1456314121.0,ea4294e9,0.959
1456314121.0,ce8b60a3,0.969
1456314121.0,2df557df,0.969
1456314121.0,1fd8fcdd,1.009
1456314121.0,0123e797,0.949
1456314121.0,9e4730c6,0.959
1456314121.0,305cecfe,1.009
1456314121.0,ef7135fb,0.999
1456314121.0,58452604,0.999
1456314121.0,67ceb000,0.999
1456314121.0,baba3913,1.019
1456314121.0,e7b28238,0.989
1456314121.0,957e19a6,0.959
1456314121.0,548901d6,1.019
1456314121.0,7d8f6829,1.019
1456314121.0,fb7ac0c9,1.019
1456314121.0,b72ae868,0.999
1456314121.0,88c383bc,0.999
1456314121.0,73e22345,0.969
1456314121.0,c674dd96,0.969
1456314121.0,b7acce06,0.959
1456314121.0,d224352c,0.939
1456314121.0,ed826035,1.009
1456314121.0,16fa63dc,0.999
1456314121.0,574656d1,0.979
1456314121.0,5cb13083,0.979
1456314121.0,164f2a7e,0.959
1456314121.0,92dfb6d0,0.979
1456314121.0,00d6d029,0.969
1456314121.0,f6a0a590,1.009
1456314121.0,f6955150,0.939
1456314121.0,471d5cec,0.949
1456314121.0,09391e15,0.959
1456314121.0,8ff83879,0.969
1456314121.0,6d8cc159,0.989
1456314121.0,fa7a7823,0.959
1456314121.0,e5b25ce5,0.959
1456314121.0,075d1e16,0.969
1456314121.0,e17ac182,0.959
1456314121.0,094fab78,1.029
1456314121.0,1bce0e67,0.969
1456314121.0,0367164b,0.959
1456314121.0,688653f8,0.959
1456314121.0,a3f3755e,0.969
1456314121.0,238f3319,0.969
1456314121.0,38f5a01f,0.979
1456314121.0,a67c83ad,0.979
1456314121.0,69a09fed,0.979
1456314121.0,69b6ac4f,0.969
1456314121.0,2c111d16,0.969
1456314121.0,ff41b63f,0.969
1456314121.0,128ef159,0.979
1456314121.0,0ee7204e,0.969
1456314121.0,1700f01a,0.959
1456314121.0,78f791f9,1.019
1456314121.0,fdcc2a55,0.959
1456314121.0,89d25593,0.969
1456314121.0,5df9b393,0.989
1456314121.0,6ee20bbd,0.959
1456314121.0,3c9479d6,0.959
1456314121.0,0d5cb1e5,0.979
1456314121.0,,1.049
1456314121.0,3728281b,0.969
1456314121.0,b6daf677,0.999
1456314121.0,,0.959
1456314121.0,006407b4,0.979
1456314121.0,81db3a9a,0.979
1456314121.0,8ec1148e,0.979
1456314121.0,55148824,0.969
1456314121.0,dc4c222b,0.979
1456314121.0,3be6fb85,0.979
1456314121.0,0a6aaa10,0.999
1456314121.0,3fa722ab,0.989
1456314121.0,eeca31d3,1.009
1456314121.0,c984e1be,0.969
1456314121.0,c6b6f3fb,0.959
1456314121.0,56d52752,0.989
1456314121.0,a167f6d7,0.989
1456314121.0,e9aeb918,1.009
1456314121.0,f98ff970,0.989
1456314121.0,7cc832ba,0.959
1456314121.0,8c9cc6bc,0.959
1456314121.0,27282b70,0.939
1456314121.0,677b8f35,0.939
1456314121.0,1cedaf70,0.969
1456314121.0,8c7add3d,0.959
1456314121.0,79b4bdb6,1.019
1456314121.0,4e6d2a07,1.019
1456314121.0,2dfe8082,0.969
1456314121.0,332ba2e4,0.959
1456314121.0,7ae8737b,0.969
1456314121.0,7ba64cab,0.959
1456314121.0,14d17f9a,0.959
1456314121.0,66af339e,0.959
1456314121.0,494f6481,0.969
1456314121.0,0f122625,0.999
1456314121.0,fc486af7,0.999
1456314121.0,c08ff843,0.969
1456314121.0,b559c5aa,0.979
1456314121.0,e5cba29c,0.969
1456314121.0,,1.009
1456314121.0,973748fa,0.969
1456314121.0,add88990,1.009
1456314121.0,b07873c7,1.009
1456314121.0,c12acf8f,0.959
1456314121.0,2e275f6e,0.959
1456314121.0,f867d11b,0.959
1456314121.0,c368907a,1.019
1456314121.0,9f62a2b2,0.999
1456314121.0,04508fff,0.979
1456314121.0,447f2373,0.949
1456314121.0,1490c4df,0.979
1456314121.0,c6ca359a,0.979
1456314121.0,20fea5aa,1.069
1456314121.0,bb8d0742,0.979
1456314121.0,434de2f2,1.009
1456314121.0,ab829e65,1.029
1456314121.0,042a624d,0.969
1456314121.0,36ef7b4d,0.979
1456314121.0,78a3ab05,0.979
1456314121.0,18f6cef8,0.979
1456314121.0,2b2b7338,0.979
1456314121.0,267e21dd,0.959
1456314121.0,f8453096,0.959
1456314121.0,91db14ed,0.979
1456314121.0,57ef5f09,0.939
1456314121.0,5a4ca547,0.959
1456314121.0,3168ab53,0.989
1456314121.0,7bc454c7,1.009
1456314121.0,e36e5558,1.009
1456314121.0,b7a99f87,0.939
1456314121.0,741f3aab,1.029
1456314121.0,2cbca1fc,0.959
1456314121.0,8577f793,0.959
1456314121.0,4ec9ba2c,0.979
1456314121.0,8d6341ad,1.009
1456314121.0,5b1dc219,0.989
1456314121.0,67c5b01c,0.969
1456314121.0,76ab87bf,0.959
1456314121.0,a5fbf851,0.949
1456314121.0,5c8ccf98,0.989
1456314121.0,cdddf39e,0.969
1456314121.0,dcfb9c34,1.009
1456314121.0,6f8c077f,0.979
1456314121.0,5812c07f,0.959
1456314121.0,f4400a4f,0.989
1456314121.0,873835b6,0.989
1456314121.0,d87652c8,1.009
1456314121.0,df1ba7d7,0.959
1456314121.0,40b7c070,0.949
1456314121.0,e1dcdd8e,0.999
1456314121.0,3f3540c1,0.949
1456314121.0,c7df12d5,1.029
1456314121.0,2c831a38,0.959
1456314121.0,d766ce97,0.979
1456314121.0,684e7234,0.949
1456314121.0,61271939,0.969
1456314121.0,b3011e67,0.939
1456314121.0,3f144301,0.989
1456314121.0,0d0459d7,1.049
1456314121.0,f8e5ba22,0.949
1456314121.0,f1200249,0.949
1456314121.0,76186cf8,0.989
1456314121.0,e9b61dbc,0.999
1456314121.0,8fc52727,0.989
1456314121.0,2b9cc40e,0.999
1456314121.0,84fa929f,0.989
1456314121.0,f6694dbe,0.999
1456314121.0,c3803ef6,0.959
1456314121.0,4d67e241,0.959
1456314121.0,c77607db,1.009
1456314121.0,502fb54b,1.039
1456314121.0,28a5d3b4,0.949
1456314121.0,f8abf94c,0.979
1456314121.0,23188c0a,1.029
1456314121.0,c327932b,0.999
1456314121.0,9b8af649,0.969
1456314121.0,57e77986,0.959
1456314121.0,55dd1874,0.959
1456314121.0,69055d76,0.949
1456314121.0,afc65a6d,1.019
1456314121.0,871f200d,1.009
1456314121.0,2616645b,1.009
1456314121.0,be7b9424,1.019
1456314121.0,2e745c93,0.999
1456314121.0,d307494f,0.999
1456314121.0,6a5e9f24,0.999
1456314121.0,58e56c66,1.009
1456314121.0,dbdba84f,0.929
1456314121.0,b67f8bb3,0.999
1456314121.0,14efadf9,0.979
1456314121.0,00c593eb,0.949
1456314121.0,,0.989
1456314121.0,31d95abd,0.989
1456314361.0,bf66734b,0.999
1456314361.0,52aa0343,1.009
1456314361.0,7632d7b7,0.959
1456314361.0,0edac3f0,0.979
1456314361.0,3d36e33a,0.949
1456314361.0,19296a92,1.019
1456314361.0,ef2c1942,0.979
1456314361.0,e07c0604,0.969
1456314361.0,2b056224,0.979
1456314361.0,0d102e85,0.959
1456314361.0,909a8e2d,0.959
1456314361.0,e5abf377,0.989
1456314361.0,1de27695,0.979
1456314361.0,021612d8,0.969
1456314361.0,fdedca23,0.959
1456314361.0,51d953d8,0.959
1456314361.0,58dc4ce1,0.989
1456314361.0,61ef0e4f,0.959
1456314361.0,5ce764c2,0.979
1456314361.0,59c2e6d6,0.959
1456314361.0,4c338d03,0.969
1456314361.0,131f0b17,0.989
1456314361.0,363ab0d1,0.979
1456314361.0,a377df7d,0.929
1456314361.0,8cdfd072,0.969
1456314361.0,930a4c50,1.009
1456314361.0,2e12dc58,1.029
1456314361.0,819eb542,0.979
1456314361.0,d2597bc8,0.969
1456314361.0,acb06eaf,0.969
1456314361.0,6474f616,1.019
1456314361.0,35cce7bf,0.989
1456314361.0,e8ce1950,0.989
1456314361.0,dc352ea6,0.959
1456314361.0,b81b8885,0.979
1456314361.0,cf4010a3,0.979
1456314361.0,6e1fdef4,0.959
1456314361.0,b892eed3,0.969
1456314361.0,3d54f8a9,0.969
1456314361.0,79e4f3bc,1.009
1456314361.0,473c3055,0.959
1456314361.0,ec0fb2ce,0.979
1456314361.0,396cfed4,0.969
1456314361.0,588ff3f2,0.989
1456314361.0,4af328a9,0.959
1456314361.0,5ba0dc8d,0.969
1456314361.0,72c6425d,1.029
1456314361.0,9ee6c90b,1.019
1456314361.0,deeb75c9,0.969
1456314361.0,c391ee8f,0.959
1456314361.0,c32a82d9,1.009
1456314361.0,0f8246c8,0.979
1456314361.0,49052290,0.969
1456314361.0,fd7494bd,0.969
1456314361.0,ef6d9b93,1.019
1456314361.0,c8fad469,1.019
1456314361.0,3b8b727e,1.019
1456314361.0,58a1bfb9,0.989
1456314361.0,0bab7166,0.969
1456314361.0,bebb6d12,0.989
1456314361.0,0a06a5d3,0.959
1456314361.0,e0f84539,0.979
1456314361.0,41577ba2,1.019
1456314361.0,90941e78,0.979
1456314361.0,1809ed14,1.019
1456314361.0,29076544,0.939
1456314361.0,722c316b,0.929
1456314361.0,cd730ee9,0.969
1456314361.0,70931d91,0.969
1456314361.0,5666e885,1.009
1456314361.0,2bb71646,0.969
1456314361.0,a227c930,0.959
1456314361.0,53bdc202,0.959
1456314361.0,d2578b12,0.959
1456314361.0,01f0fa8d,0.999
1456314361.0,2f40868f,1.009
1456314361.0,d685db42,0.979
1456314361.0,d256c19e,0.949
1456314361.0,1ad58c2b,0.979
1456314361.0,9e33ac5a,0.979
1456314361.0,692e3609,0.979
1456314361.0,b12129d0,1.019
1456314361.0,1962a412,0.959
1456314361.0,78a7be14,0.969
1456314361.0,bd100d45,0.979
1456314361.0,3d92c06f,0.949
1456314361.0,f31ed257,0.959
1456314361.0,badf7961,0.999
1456314361.0,43951a64,1.029
1456314361.0,ac971a48,0.969
1456314361.0,de6c0c12,0.979
1456314361.0,91fb648d,0.999
1456314361.0,7349daff,0.989
1456314361.0,408e52ea,0.989
1456314361.0,4e2b483e,0.979
1456314361.0,9d2b8d38,0.959
1456314361.0,7f6a82d1,0.979
1456314361.0,5cf99b9e,0.959
1456314361.0,dfe43ff9,0.929
1456314361.0,d3a25b8a,0.959
1456314361.0,78d86c64,0.989
1456314361.0,dd270564,0.969
1456314361.0,a9b325ba,1.009
1456314361.0,b86da903,0.989
1456314361.0,107383fd,0.949
1456314361.0,d9da2e7f,1.049
1456314361.0,8626815a,0.949
1456314361.0,a3a3361e,0.989
1456314361.0,e1b4b7f3,0.969
1456314361.0,735f3dba,0.969
1456314361.0,3f38fa55,0.959
1456314361.0,bffe1a68,0.999
1456314361.0,e54743a0,0.989
1456314361.0,caff03c9,0.939
1456314361.0,7de58c01,0.979
1456314361.0,7d989a39,0.979
1456314361.0,d98cee9c,0.949
1456314361.0,35fd3576,0.989
1456314361.0,f4e60d5a,0.959
1456314361.0,92512d7c,0.999
1456314361.0,2c9a6a74,0.969
1456314361.0,4e7b5ef6,0.969
1456314361.0,843c0434,0.979
1456314361.0,82444c93,0.999
1456314361.0,721139ba,1.009
1456314361.0,c45f047d,0.979
1456314361.0,28e7f835,0.949
1456314361.0,bc09577c,0.929
1456314361.0,9a11b9a9,0.969
1456314361.0,877aae3b,0.959
1456314361.0,86d5dab8,1.039
1456314361.0,68d5e021,0.979
1456314361.0,a557a7d1,0.979
1456314361.0,329aad11,0.979
1456314361.0,0297c11e,0.969
1456314361.0,ce58aeb7,0.979
1456314361.0,7bbf0d9c,0.949
1456314361.0,045578a1,0.979
1456314361.0,c0bff642,0.979
1456314361.0,75b9849f,1.009
1456314361.0,ff7e8838,0.969
1456314361.0,7468efc0,0.939
1456314361.0,da9fe8af,0.979
1456314361.0,5b11b517,0.979
1456314361.0,f2d26e3e,0.969
1456314361.0,922129f9,0.969
1456314361.0,ae55b396,1.009
1456314361.0,1686f694,0.949
1456314361.0,a790f6d4,0.969
1456314361.0,317e0347,0.949
1456314361.0,4e3adf89,1.009
1456314361.0,a6b83ee4,0.979
1456314361.0,dd59fed2,0.959
1456314361.0,ed04967d,1.019
1456314361.0,ff4bec86,0.989
1456314361.0,6e7d1516,0.989
1456314361.0,7d30b511,0.999
1456314361.0,6610198a,1.019
1456314361.0,5881460a,0.949
1456314361.0,7d98e545,0.969
1456314361.0,aa7e9a2c,0.979
1456314361.0,21b793b4,0.959
1456314361.0,0accabdc,0.969
1456314361.0,16a6da02,0.979
1456314361.0,f6f5bf47,0.989
1456314361.0,a7983bc2,0.949
1456314361.0,c8fd7bd8,0.979
1456314361.0,5dd70488,1.009
1456314361.0,d531567b,0.979
1456314361.0,18436369,0.969
1456314361.0,afbe3668,0.949
1456314361.0,ba074c78,0.979
1456314361.0,7e0a33b2,0.999
1456314361.0,460c6eb9,0.979
1456314361.0,6e77b649,0.959
1456314361.0,bc572eb7,1.009
1456314361.0,b7dba17c,0.969
1456314361.0,acfc25e6,0.979
1456314361.0,eedec9cc,0.959
1456314361.0,f527efec,0.959
1456314361.0,4e65762e,1.019
1456314361.0,7473e055,0.989
1456314361.0,646811ac,0.979
1456314361.0,f704c239,1.019
1456314361.0,583bd0d6,0.939
1456314361.0,c17b17c8,0.969
1456314361.0,f2303a07,0.969
1456314361.0,f3aefdfa,0.949
1456314361.0,fd135624,0.969
1456314361.0,3d5ea21b,1.019
1456314361.0,27ea09b1,0.969
1456314361.0,417dc490,1.009
1456314361.0,ebd3c375,1.019
1456314361.0,12d36adb,1.009
1456314361.0,9d6f620d,0.979
1456314361.0,3f147b18,0.939
1456314361.0,52c1ccfa,0.969
1456314361.0,e9eeb033,0.949
1456314361.0,5b042101,0.979
1456314361.0,6a8dc69b,1.019
1456314361.0,069182e4,1.019
1456314361.0,6ed73676,1.009
1456314361.0,ca5390ed,0.969
1456314361.0,0e4b0554,0.969
1456314361.0,09c88ed9,1.019
1456314361.0,4423f9a9,0.959
1456314361.0,f26d37c8,0.969
1456314361.0,c597ae24,1.019
1456314361.0,57f9c142,1.009
1456314361.0,8208358e,0.989
1456314361.0,a8f5bb50,0.949
1456314361.0,cb7b59b6,1.009
1456314361.0,08311643,0.949
1456314361.0,55100d94,1.009
1456314361.0,a2ab785a,0.979
1456314361.0,337b7102,0.999
1456314361.0,671d6e1d,0.969
1456314361.0,c07bd363,0.969
1456314361.0,bcaf4920,1.039
1456314361.0,fa657190,0.989
1456314361.0,d33e0437,1.039
1456314361.0,a6e2e315,0.969
1456314361.0,3ed1efe5,0.959
1456314361.0,9e517882,0.979
1456314361.0,3201c40b,0.989
1456314361.0,91632530,0.959
1456314361.0,5597ee18,0.979
1456314361.0,20d94201,0.979
1456314361.0,9d51c1aa,1.019
1456314361.0,84705f45,0.999
1456314361.0,2fcd527f,0.999
1456314361.0,17e38b8d,0.979
1456314361.0,9a52a6cd,0.949
1456314361.0,d4c5b88e,0.979
1456314361.0,963a5d2e,1.009
1456314361.0,5d8a25e3,1.039
1456314361.0,461c1a45,0.979
1456314361.0,f1736b62,0.939
1456314361.0,e790ca88,0.959
1456314361.0,3959f076,0.979
1456314361.0,e1c57a67,0.979
1456314361.0,,0.999
1456314361.0,b2a7fde4,0.989
1456314361.0,efacbc65,0.969
1456314361.0,829bd977,1.019
1456314361.0,6a55f2e9,0.959
1456314361.0,a27aa278,1.039
1456314361.0,4b36fa89,0.989
1456314361.0,b7b69890,1.009
1456314361.0,9ba54253,0.979
1456314361.0,4a523aab,1.039
1456314361.0,68938096,0.969
1456314361.0,30546742,0.989
1456314361.0,1185b737,0.959
1456314361.0,f6308e2a,0.999
1456314361.0,00d1a6ab,1.019
1456314361.0,5af6e995,0.989
1456314361.0,3fc9a04c,0.949
1456314361.0,158d42d8,0.989
1456314361.0,dacaa91d,0.989
1456314361.0,09f71d7c,0.979
1456314361.0,e7b24018,0.939
1456314361.0,87a74906,0.959
1456314361.0,42d76a3c,0.989
1456314361.0,9795d6a5,0.939
1456314361.0,c25c5571,0.959
1456314361.0,47396921,0.959
1456314361.0,387b14fd,1.019
1456314361.0,b79612a4,0.979
1456314361.0,e73846ae,0.984
1456314361.0,d95bf294,0.979
1456314361.0,dcd7801a,0.959
1456314361.0,f0359f5c,0.999
1456314361.0,7a53b849,0.969
1456314361.0,412f8103,1.029
1456314361.0,e03f4572,0.969
1456314361.0,728dbc4e,0.989
1456314361.0,a990e1a1,0.999
1456314361.0,e9ddb2b9,1.009
1456314361.0,d5eb41ec,0.999
1456314361.0,7244640d,0.949
1456314361.0,d8a919a3,0.989
1456314361.0,e3667aa9,1.009
1456314361.0,3bb3ff25,0.959
1456314361.0,2f92fadd,0.989
1456314361.0,00a2a041,0.989
1456314361.0,67c2a2b3,0.969
1456314361.0,c1eb66c5,0.999
1456314361.0,666030ca,0.999
1456314361.0,15b99812,1.009
1456314361.0,b7b730d9,0.969
1456314361.0,209105a0,0.989
1456314361.0,12fa7f3d,1.009
1456314361.0,83cdf5cb,1.009
1456314361.0,9b71f290,0.969
1456314361.0,3d1b021c,1.009
1456314361.0,c0aa824a,0.949
1456314361.0,386d835f,1.019
1456314361.0,27707ee4,0.959
1456314361.0,f5815103,0.999
1456314361.0,301f8f7b,0.999
1456314361.0,c6a133a0,0.999
1456314361.0,e9edf509,1.019
1456314361.0,,0.989
1456314361.0,9609842a,0.959
1456314361.0,b916d3a8,0.969
1456314361.0,c0e39558,0.969
1456314361.0,4cd27bd4,0.959
1456314361.0,fea3781d,0.969
1456314361.0,eb4b87cc,0.979
1456314361.0,53b427ae,1.009
1456314361.0,71df72f8,0.959
1456314361.0,2947866d,0.979
1456314361.0,414a4374,0.999
1456314361.0,01735f50,0.989
1456314361.0,f94d8069,0.999
1456314361.0,5a0fb607,1.019
1456314361.0,dafe4162,0.989
1456314361.0,c8961000,0.989
1456314361.0,d6c38103,0.969
1456314361.0,654abfa9,0.979
1456314361.0,c2cb0818,0.989
1456314361.0,cbaf22db,0.969
1456314361.0,97911c0d,0.959
1456314361.0,e246da13,0.979
1456314361.0,9bc2e863,0.984
1456314361.0,b76eb8d7,0.979
1456314361.0,06259905,0.999
1456314361.0,bd1e659d,1.009
1456314361.0,829de252,0.979
1456314361.0,ee0b2b76,0.999
1456314361.0,64fe3583,1.009
1456314361.0,348f6171,1.009
1456314361.0,aa1ef023,0.989
1456314361.0,97c3c089,0.959
1456314361.0,29e75614,0.979
1456314361.0,9ae06205,1.009
1456314361.0,e87c38cc,1.019
1456314361.0,4d7d95fb,1.014
1456314361.0,,1.009
1456314361.0,c7e1e757,0.949
1456314361.0,4be768df,1.019
1456314361.0,9dce1619,0.979
1456314361.0,e487e118,0.989
1456314361.0,d0145a6c,0.999
1456314361.0,22a61e4f,1.019
1456314361.0,d084396c,0.979
1456314361.0,6b50c140,1.029
1456314361.0,a24c7289,0.979
1456314361.0,373fd05a,0.959
1456314361.0,d1bfa6c5,0.999
1456314361.0,c7b9d409,1.039
1456314361.0,81510092,1.019
1456314361.0,1fcf6368,1.039
1456314361.0,0051e069,0.999
1456314361.0,6d2e115e,1.009
1456314361.0,aac6abb7,0.939
1456314361.0,95be882a,0.999
1456314361.0,efd0b72b,1.029
1456314361.0,874e2798,1.029
1456314361.0,49a9b4e0,1.029
1456314361.0,9d2005fa,0.999
1456314361.0,26e6f2fe,1.019
1456314361.0,fe4f9d49,1.029
1456314361.0,475377c3,0.989
1456314361.0,67ba0742,0.989
1456314361.0,5991ce93,1.019
1456314361.0,0543d2e4,0.999
1456314361.0,d21a57fd,0.959
1456314361.0,10da2bc6,1.029
1456314361.0,8fb2a5f0,0.919
1456314361.0,99b9ccd3,0.999
1456314361.0,70507c40,1.009
1456314361.0,285b781f,1.039
1456314361.0,491a07d2,0.989
1456314361.0,36ce665f,0.969
1456314361.0,5325ade4,0.999
1456314361.0,d443343e,1.019
1456314361.0,a2943eb8,0.999
1456314361.0,2214026d,1.019
1456314361.0,14ab7113,0.999
1456314361.0,bbc65417,0.999
1456314361.0,831f7129,1.019
1456314361.0,e00e317c,1.049
1456314361.0,abdc4de1,0.979
1456314361.0,b463b410,0.989
1456314361.0,64e9b77c,0.979
1456314361.0,f71bbe39,0.959
1456314361.0,e8328929,1.009
1456314361.0,67946f4f,1.039
1456314361.0,d82d3ed0,0.979
1456314361.0,56d1fe2a,1.009
1456314361.0,68492860,0.999
1456314361.0,788b07d6,0.979
1456314361.0,555c0035,0.999
1456314361.0,91e45e6a,0.999
1456314361.0,dad373d3,0.989
1456314361.0,0290389c,0.979
1456314361.0,471c7127,0.969
1456314361.0,adfdc7d5,0.989
1456314361.0,f645748d,0.999
1456314361.0,b4fd97c1,0.999
1456314361.0,2adce28c,0.999
1456314361.0,d950533d,0.989
1456314361.0,999cd9a5,0.989
1456314361.0,5463fafc,0.959
1456314361.0,3b4ac733,1.019
1456314361.0,f41d8382,0.999
1456314361.0,c1bc16cb,1.019
1456314361.0,6cf5b38f,0.989
1456314361.0,268d8ff7,0.999
1456314361.0,f4aa351e,0.979
1456314361.0,4d90c00c,1.009
1456314361.0,db0dfab2,0.949
1456314361.0,a709f6ca,1.019
1456314361.0,27d7ba56,0.989
1456314361.0,6bbc54b6,1.009
1456314361.0,1670b93b,1.019
1456314361.0,5e6ec38a,0.979
1456314361.0,071ee1b4,1.019
1456314361.0,626cfc2a,0.969
1456314361.0,685a30f7,0.999
1456314361.0,f66ed49b,1.039
1456314361.0,cd3a9dfc,0.999
1456314361.0,ace72885,0.979
1456314361.0,16ea6be7,0.989
1456314361.0,d1d61cfb,0.999
1456314361.0,c2bf8f60,0.949
1456314361.0,e579a4d2,0.979
1456314361.0,f7f61bfc,0.939
1456314361.0,4a513f03,1.029
1456314361.0,322b4a46,0.979
1456314361.0,8e940b00,0.989
1456314361.0,c8dd66ee,0.929
1456314361.0,b662488a,0.959
1456314361.0,33a1193c,0.999
1456314361.0,4bdede16,1.009
1456314361.0,5c70351c,0.969
1456314361.0,2bb65033,1.009
1456314361.0,c635730e,1.039
1456314361.0,a10d5095,0.979
1456314361.0,2e72931a,0.999
1456314361.0,44495201,0.999
1456314361.0,f5bd997d,0.969
1456314361.0,3f896bf8,0.939
1456314361.0,d2646278,0.999
1456314361.0,7faa0c9c,1.019
1456314361.0,c27cff48,0.999
1456314361.0,b4b8fb9d,0.979
1456314361.0,a998716f,0.979
1456314361.0,74d77c58,0.994
1456314361.0,9f816ba2,0.989
1456314361.0,7ab85794,0.989
1456314361.0,47d3a82e,0.979
1456314361.0,d3c31af6,0.999
1456314361.0,2ab14021,0.989
1456314361.0,d89013e5,0.989
1456314361.0,78eacf4a,0.999
1456314361.0,d3faff64,0.979
1456314361.0,b5b5497e,1.019
1456314361.0,59cec01d,0.969
1456314361.0,3340d6a0,0.989
1456314361.0,b7a7ee6f,0.999
1456314361.0,1c00717b,0.989
1456314361.0,4960decd,0.999
1456314361.0,b3d667a6,0.959
1456314361.0,dd5107f2,0.989
1456314361.0,c05a0ef2,0.979
1456314361.0,d4b2d77f,0.959
1456314361.0,bec40c36,0.969
1456314361.0,1f1e2904,0.959
1456314361.0,9f0d800f,0.989
1456314361.0,f5000af4,0.949
1456314361.0,6de5506e,0.959
1456314361.0,fdc55c51,1.029
1456314361.0,ae6758fc,0.964
1456314361.0,,0.999
1456314361.0,23ffa8c7,0.934
1456314361.0,4e359e7b,0.969
1456314361.0,1947b494,0.969
1456314361.0,e82185b8,0.989
1456314361.0,dff7e38b,0.989
1456314361.0,03261265,1.019
1456314361.0,15eba23d,0.954
1456314361.0,c85470f1,0.959
1456314361.0,23efaa4b,0.949
1456314361.0,af9c113d,1.029
1456314361.0,ed5d3dbd,0.969
1456314361.0,83e73636,1.019
1456314361.0,5ed50ecc,0.959
1456314361.0,9100dea8,0.989
1456314361.0,5e613253,0.969
1456314361.0,7117c935,0.969
1456314361.0,d1a41417,1.009
1456314361.0,bacddc78,0.969
1456314361.0,302c9dc6,1.019
1456314361.0,a17c7f62,0.929
1456314361.0,528fe9d2,1.019
1456314361.0,31d0c179,0.959
1456314361.0,07aab62d,0.959
1456314361.0,13fe91d4,0.989
1456314361.0,93e9a320,1.009
1456314361.0,1425b025,0.989
1456314361.0,234744ea,1.019
1456314361.0,cb0f3fc8,0.979
1456314361.0,cece28cb,0.949
1456314361.0,c24a4e37,0.959
1456314361.0,f06e40a6,0.979
1456314361.0,2d3f410b,0.999
1456314361.0,4cc0a19b,0.979
1456314361.0,1f1eaa0f,0.999
1456314361.0,99d25d8f,0.939
1456314361.0,e78a8608,1.039
1456314361.0,19ff993e,0.999
1456314361.0,4272bb90,0.989
1456314361.0,c7028794,0.999
1456314361.0,7718e2fa,1.019
1456314361.0,751be3f3,0.959
1456314361.0,168f1ca6,1.029
1456314361.0,00496bce,0.959
1456314361.0,ce5b6ffc,0.969
1456314361.0,4ffb64c8,1.029
1456314361.0,7f89f971,1.019
1456314361.0,682730ca,0.969
1456314361.0,329fbc05,0.969
1456314361.0,58cb2ae4,0.979
1456314361.0,c393d3fc,0.979
1456314361.0,b44f61b0,0.969
1456314361.0,34cd760d,0.979
1456314361.0,52303ab3,0.979
1456314361.0,bc7724e9,1.014
1456314361.0,935b74b4,1.009
1456314361.0,a518cf5f,1.019
1456314361.0,4ebc6df3,0.989
1456314361.0,dcd3f71a,0.979
1456314361.0,f89f019c,0.999
1456314361.0,5695114d,0.979
1456314361.0,fe172e09,0.999
1456314361.0,e2c0e5e5,0.959
1456314361.0,3f241a2c,1.009
1456314361.0,adf9dd3f,1.029
1456314361.0,f494f0b9,1.009
1456314361.0,06931b13,1.009
1456314361.0,025d70e0,0.999
1456314361.0,ee288062,1.039
1456314361.0,d7a6a6c2,1.009
1456314361.0,e21e887d,1.019
1456314361.0,1d777e62,0.979
1456314361.0,e8780170,1.009
1456314361.0,5d9f0ce5,0.969
1456314361.0,26d58413,0.959
1456314361.0,85a8d903,0.969
1456314361.0,fab2186a,0.969
1456314361.0,c05855cb,0.949
1456314361.0,e9fcf416,0.969
1456314361.0,da75620f,0.999
1456314361.0,f01bd5b6,0.989
1456314361.0,befd1f24,1.039
1456314361.0,3b50751f,0.989
1456314361.0,077aee0e,0.989
1456314361.0,18cc7b01,1.009
1456314361.0,aa2018b8,0.989
1456314361.0,433cd102,0.969
1456314361.0,44daa76b,0.959
1456314361.0,c793eda5,0.964
1456314361.0,e26d9873,1.009
1456314361.0,d0e02780,1.009
1456314361.0,fe4b1f4a,0.949
1456314361.0,f2363645,0.999
1456314361.0,b45fce81,0.959
1456314361.0,e2fdcbf3,0.959
1456314361.0,111e657f,0.969
1456314361.0,abb8ccea,1.029
1456314361.0,33cd03d6,0.979
1456314361.0,3b58625d,0.989
1456314361.0,07f1bf63,0.979
1456314361.0,4ab47d1a,0.959
1456314361.0,6d9bd5ab,1.009
1456314361.0,c25699b5,1.009
1456314361.0,bd3ee18d,0.979
1456314361.0,352eedb0,0.969
1456314361.0,3ad0cccc,1.009
1456314361.0,3a0a2d0d,0.979
1456314361.0,02b1651b,1.009
1456314361.0,90b15783,1.019
1456314361.0,8b3bba8f,0.949
1456314361.0,1f5803f6,1.049
1456314361.0,9f02c9d0,1.009
1456314361.0,c776555a,0.969
1456314361.0,dd81b30a,1.009
1456314361.0,4d5ab1e1,0.979
1456314361.0,8222952d,1.009
1456314361.0,bae5af8d,0.979
1456314361.0,91211c7b,0.969
1456314361.0,39c16317,1.019
1456314361.0,d6eb1a7f,0.969
1456314361.0,2a4f7cb1,0.979
1456314361.0,364488f7,0.979
1456314361.0,3cc9b59f,1.019
1456314361.0,c2caedd9,0.959
1456314361.0,2b890110,0.959
1456314361.0,109f53f9,0.959
1456314361.0,1fb16863,0.979
1456314361.0,d9bc9762,0.969
1456314361.0,12081217,0.989
1456314361.0,25afe900,0.989
1456314361.0,bf08287b,0.969
1456314361.0,6117cbac,0.969
1456314361.0,fc85b951,1.009
1456314361.0,ea4294e9,0.989
1456314361.0,9e4730c6,0.989
1456314361.0,ad6a99ce,0.969
1456314361.0,757cb5e7,0.969
1456314361.0,471d5cec,0.979
1456314361.0,733cb25c,0.979
1456314361.0,1f311bb3,0.939
1456314361.0,5daabe07,0.989
1456314361.0,b661e7f7,0.959
1456314361.0,bf694984,0.959
1456314361.0,0a6aaa10,0.999
1456314361.0,f867d11b,0.959
1456314361.0,217404b2,0.979
1456314361.0,5718b51b,0.989
1456314361.0,39278907,1.019
1456314361.0,a0088371,1.039
1456314361.0,2335fb5f,0.999
1456314361.0,85e30d0e,0.989
1456314361.0,7142929d,0.999
1456314361.0,4900212f,0.969
1456314361.0,3da96054,0.999
1456314361.0,4c13609c,1.029
1456314361.0,75c71a8b,0.959
1456314361.0,5678d2c5,1.039
1456314361.0,,1.009
1456314361.0,37179b6c,1.009
1456314361.0,c846f887,0.989
1456314361.0,669a039e,0.959
1456314361.0,7121a112,0.999
1456314361.0,9a0f8848,0.959
1456314361.0,63a3fa08,0.969
1456314361.0,a60237e8,1.019
1456314361.0,2ab4115c,1.009
1456314361.0,0cc05186,0.999
1456314361.0,c4906344,1.009
1456314361.0,836023d3,1.019
1456314361.0,d00be129,0.999
1456314361.0,eac805c4,1.009
1456314361.0,b7d1ee3a,1.029
1456314361.0,0cbee1b5,1.02
1456314361.0,72ed613b,0.959
1456314361.0,71e79520,0.969
1456314361.0,5c4d093f,1.009
1456314361.0,200bc827,1.009
1456314361.0,ef3d8860,1.029
1456314361.0,efe39034,0.989
1456314361.0,0b37f4f1,0.989
1456314361.0,f94e75cd,0.979
1456314361.0,cf3aa97f,0.989
1456314361.0,,0.969
1456314361.0,c9d5e94d,1.009
1456314361.0,7269da44,1.009
1456314361.0,60b56507,1.009
1456314361.0,8a3f89ed,0.999
1456314361.0,0aa739fb,1.009
1456314601.0,56808aa1,0.989
1456314601.0,,0.999
1456314601.0,2fbb9c5a,0.979
1456314601.0,0aeed7ce,0.969
1456314601.0,a4006e8d,0.959
1456314601.0,5175d50a,0.979
1456314601.0,0437ac58,0.989
1456314601.0,bfbbb2dd,0.989
1456314601.0,e050ed52,0.989
1456314601.0,dc82bdd6,0.959
1456314601.0,2623501c,0.999
1456314601.0,b892eed3,0.959
1456314601.0,f72fa144,0.969
1456314601.0,0536c920,0.989
1456314601.0,f31ed257,0.949
1456314601.0,c476cc49,0.949
1456314601.0,78d86c64,0.989
1456314601.0,b86da903,0.989
1456314601.0,a3a3361e,0.989
1456314601.0,e54743a0,0.969
1456314601.0,38ac63b8,0.999
1456314601.0,c45f047d,0.979
1456314601.0,83cf7d34,0.969
1456314601.0,86d5dab8,1.029
1456314601.0,8690af1b,0.969
1456314601.0,b6364ec3,0.969
1456314601.0,7eac0db9,0.949
1456314601.0,4c77ea18,0.999
1456314601.0,27ea09b1,0.959
1456314601.0,52c1ccfa,0.969
1456314601.0,8e820c9b,0.979
1456314601.0,ab7cf567,0.969
1456314601.0,3ccd631d,1.009
1456314601.0,85d0e643,0.999
1456314601.0,3f2ba968,0.979
1456314601.0,475a2157,1.029
1456314601.0,601bbb50,1.049
1456314601.0,b7218e20,0.979
1456314601.0,a9083629,0.959
1456314601.0,ed770a27,0.989
1456314601.0,21a0bd76,1.019
1456314601.0,e08143aa,0.969
1456314601.0,beeaf561,0.969
1456314601.0,adb530b9,1.019
1456314601.0,3f5ce6b8,1.019
1456314601.0,fe18c405,0.999
1456314601.0,13ac9af6,0.969
1456314601.0,69bda9c6,1.019
1456314601.0,297818d7,0.999
1456314601.0,ee45ac15,0.989
1456314601.0,d89d5f83,0.989
1456314601.0,45bd4b76,0.959
1456314601.0,557d2fc5,0.989
1456314601.0,cbeda884,0.979
1456314601.0,c22a155b,0.979
1456314601.0,da5389d9,1.019
1456314601.0,e47205b5,0.959
1456314601.0,6b9ac844,0.959
1456314601.0,03dc24ac,0.959
1456314601.0,c7d8f43f,0.949
1456314601.0,a47c6f9f,0.979
1456314601.0,b51b98e9,0.999
1456314601.0,f1a7c19d,1.049
1456314601.0,0d662c07,0.989
1456314601.0,8bbdd98f,1.019
1456314601.0,5dc70b90,0.999
1456314601.0,77aab11d,0.979
1456314601.0,9dff6f12,0.969
1456314601.0,7ef38273,0.999
1456314601.0,a46b4f3d,0.959
1456314601.0,7eafe473,0.999
1456314601.0,fa12ad0f,0.959
1456314601.0,ed2deb3d,1.019
1456314601.0,722bfb7b,1.019
1456314601.0,14af1303,0.979
1456314601.0,87a74906,0.989
1456314601.0,2258db93,0.999
1456314601.0,d9273836,1.029
1456314601.0,9795d6a5,0.969
1456314601.0,59bf4a11,0.939
1456314601.0,1e85a7ee,1.019
1456314601.0,1ad0b27a,0.969
1456314601.0,d242c421,0.979
1456314601.0,0defca9f,1.019
1456314601.0,ff8d71cb,0.979
1456314601.0,955ed41d,0.994
1456314601.0,f93f1cf6,1.009
1456314601.0,aa57fbe1,0.979
1456314601.0,a2729b52,0.979
1456314601.0,ad949c4b,0.999
1456314601.0,db422f1f,0.989
1456314601.0,92a71bb7,1.019
1456314601.0,73a454de,0.959
1456314601.0,67ea9fcc,1.029
1456314601.0,9592640d,1.009
1456314601.0,cb6bf035,1.019
1456314601.0,f92b1138,0.999
1456314601.0,610a0f34,0.959
1456314601.0,65964ff0,0.999
1456314601.0,e448c44d,0.969
1456314601.0,92bebd84,0.999
1456314601.0,d650bbff,0.999
1456314601.0,8977de4b,1.014
1456314601.0,c6380930,0.959
1456314601.0,e29f148a,1.019
1456314601.0,8801e116,0.979
1456314601.0,f32fed85,0.989
1456314601.0,b7b730d9,0.989
1456314601.0,50ccc5eb,0.979
1456314601.0,ffaebdb9,1.009
1456314601.0,57bad7ea,0.959
1456314601.0,8eef6c32,0.989
1456314601.0,d9e1665f,0.989
1456314601.0,f84b6775,0.999
1456314601.0,0491309a,1.009
1456314601.0,bd27cbdf,0.989
1456314601.0,ac67c489,0.999
1456314601.0,02d3e7aa,0.969
1456314601.0,e7f3861f,0.979
1456314601.0,a1a458cd,0.989
1456314601.0,beb106ec,1.009
1456314601.0,eb4b87cc,0.979
1456314601.0,8b670386,1.009
1456314601.0,12aba19d,1.069
1456314601.0,1d7fb8e6,1.039
1456314601.0,bbe6dd3b,0.999
1456314601.0,62ebae64,1.019
1456314601.0,a6f38b75,0.999
1456314601.0,3b4c70df,0.959
1456314601.0,e7c76ce2,0.969
1456314601.0,c73ee079,0.989
1456314601.0,0b91981b,1.009
1456314601.0,5747e8a7,1.019
1456314601.0,c862713a,0.959
1456314601.0,1ad30a9a,0.979
1456314601.0,1f310da9,0.949
1456314601.0,e246da13,0.979
1456314601.0,6f16196e,0.969
1456314601.0,2203788b,0.989
1456314601.0,b41c70e9,0.979
1456314601.0,a57535f1,0.989
1456314601.0,784d4e2a,0.969
1456314601.0,c4ac8df0,0.999
1456314601.0,65c65682,0.989
1456314601.0,db08686c,0.949
1456314601.0,d80a7ccf,0.979
1456314601.0,fdfab0b9,0.979
1456314601.0,d695eb07,0.989
1456314601.0,3b988b25,0.949
1456314601.0,b46502fa,1.059
1456314601.0,291377c9,0.999
1456314601.0,e537497e,0.959
1456314601.0,25528e17,0.948
1456314601.0,283d3a46,0.979
1456314601.0,72c5857a,0.999
1456314601.0,f052c9f4,0.999
1456314601.0,39c4efe0,0.989
1456314601.0,76e85116,0.969
1456314601.0,6f2ba4ed,0.979
1456314601.0,7e2a8251,1.009
1456314601.0,8d38052d,1.004
1456314601.0,d04e4045,0.999
1456314601.0,055d27b8,0.949
1456314601.0,7cad2e85,0.989
1456314601.0,57610ffb,1.019
1456314601.0,89255a1b,1.009
1456314601.0,bef54869,0.979
1456314601.0,4e56b21e,0.969
1456314601.0,0b0a4614,0.989
1456314601.0,769a446c,1.009
1456314601.0,6aa7f92d,1.059
1456314601.0,ca58a63f,0.949
1456314601.0,c2648ee3,0.979
1456314601.0,5dd1bb39,0.994
1456314601.0,5fade9f9,0.979
1456314601.0,8309ecb0,1.019
1456314601.0,e4983efc,0.999
1456314601.0,7d1570f9,1.009
1456314601.0,4f3ac261,1.009
1456314601.0,878510cb,0.999
1456314601.0,b4a9375f,0.969
1456314601.0,dc4b8ae9,1.029
1456314601.0,2f32ed4f,0.999
1456314601.0,e01dae0b,1.009
1456314601.0,e9a10aef,0.989
1456314601.0,642a4242,0.959
1456314601.0,443ddb72,0.989
1456314601.0,c9931bda,0.999
1456314601.0,6bf563af,0.989
1456314601.0,ec810259,0.989
1456314601.0,42996534,0.979
1456314601.0,e751ae48,0.979
1456314601.0,af07b81f,0.979
1456314601.0,bd8f68d2,0.999
1456314601.0,04524480,0.979
1456314601.0,13cc1bf8,1.019
1456314601.0,6f27a50f,0.979
1456314601.0,aa2cc83b,0.999
1456314601.0,4af2260b,0.999
1456314601.0,,1.019
1456314601.0,32065a23,0.989
1456314601.0,ae09ed04,0.989
1456314601.0,001234ac,0.989
1456314601.0,790402b3,0.969
1456314601.0,59214d4e,1.019
1456314601.0,88d7ccee,0.999
1456314601.0,76c4a30b,0.969
1456314601.0,c17eb923,0.919
1456314601.0,ba0a2255,1.009
1456314601.0,e05ee428,0.989
1456314601.0,2844ce37,1.009
1456314601.0,690fedaf,0.948
1456314601.0,0a0ef89e,0.969
1456314601.0,a3b115d1,0.959
1456314601.0,d5d39b19,0.969
1456314601.0,6188876b,0.969
1456314601.0,016f3133,0.939
1456314601.0,d97d5b77,0.939
1456314601.0,61149352,0.999
1456314601.0,1df72c53,0.969
1456314601.0,3bc88d25,0.979
1456314601.0,5cdcf9c3,1.009
1456314601.0,8e4357a4,0.959
1456314601.0,812e609b,0.959
1456314601.0,11bd050d,0.969
1456314601.0,2b00ce60,0.999
1456314601.0,33565053,0.999
1456314601.0,5f71144d,0.989
1456314601.0,9e46459f,1.009
1456314601.0,f7f61bfc,0.959
1456314601.0,6982586c,0.999
1456314601.0,a55edb00,0.959
1456314601.0,0d0f23bd,0.989
1456314601.0,356493b9,0.979
1456314601.0,ccb88791,0.999
1456314601.0,c408f13e,0.979
1456314601.0,6e2b84da,0.999
1456314601.0,bc75cb58,0.969
1456314601.0,f3d19615,0.949
1456314601.0,988da765,0.989
1456314601.0,c88d1f3b,1.019
1456314601.0,c97cc7c4,1.039
1456314601.0,e4e86aad,0.979
1456314601.0,a5e1310f,1.009
1456314601.0,b2a4889d,0.999
1456314601.0,49c93205,1.019
1456314601.0,b760e17f,0.989
1456314601.0,e6fdbd0c,1.039
1456314601.0,850f168b,1.029
1456314601.0,0e9a7f93,0.989
1456314601.0,1ee9a733,0.989
1456314601.0,81b79933,0.999
1456314601.0,b5d20065,0.999
1456314601.0,2ab14021,0.949
1456314601.0,5aab5487,0.999
1456314601.0,17893d95,1.009
1456314601.0,826ef9e5,0.959
1456314601.0,afef2724,0.959
1456314601.0,586c91e3,0.969
1456314601.0,b863dc49,0.959
1456314601.0,cfe82c42,1.009
1456314601.0,9cd812fc,0.979
1456314601.0,ef03dcfa,0.989
1456314601.0,dfde85fc,1.049
1456314601.0,858fd8de,0.969
1456314601.0,cdb901b1,0.989
1456314601.0,b096f1e2,0.949
1456314601.0,538c9b65,1.009
1456314601.0,12516ab9,0.979
1456314601.0,b70f82b5,0.999
1456314601.0,1c1b5783,0.999
1456314601.0,827fe9cd,0.949
1456314601.0,3487a048,0.979
1456314601.0,b17608a3,1.009
1456314601.0,a1456bb3,0.999
1456314601.0,9ca722d6,0.999
1456314601.0,8f39da00,0.969
1456314601.0,1708f0d6,0.959
1456314601.0,b7b6386b,0.989
1456314601.0,4d7be304,0.979
1456314601.0,101e2d9b,1.019
1456314601.0,ebefc91b,0.999
1456314601.0,c8b43f97,0.969
1456314601.0,87bbe419,0.959
1456314601.0,830faf16,0.999
1456314601.0,0218a51d,0.969
1456314601.0,aa46c43b,0.959
1456314601.0,2feae8bd,0.949
1456314601.0,caa3866b,0.979
1456314601.0,c62b5500,0.989
1456314601.0,aea9d5b4,0.999
1456314601.0,b12d4dc7,0.979
1456314601.0,cae9afe7,0.999
1456314601.0,37bb70be,1.019
1456314601.0,13fe91d4,0.989
1456314601.0,f7d11bff,1.019
1456314601.0,d73f85dd,0.979
1456314601.0,bc55dda5,0.979
1456314601.0,147959b5,0.989
1456314601.0,5abc5719,0.969
1456314601.0,e8770e69,1.009
1456314601.0,506b3cd1,0.979
1456314601.0,8b705703,0.999
1456314601.0,109dc483,1.009
1456314601.0,e613bc2b,0.999
1456314601.0,5fd380ef,1.029
1456314601.0,82d9d2c3,1.009
1456314601.0,92401764,0.999
1456314601.0,6b5979c5,0.959
1456314601.0,df3a81a4,0.979
1456314601.0,a202f414,0.949
1456314601.0,827dc8bb,1.009
1456314601.0,56afcb19,0.949
1456314601.0,4a4627da,0.989
1456314601.0,74148a57,0.999
1456314601.0,b90dd2fb,0.959
1456314601.0,691d5ce3,0.959
1456314601.0,6877801d,1.029
1456314601.0,1685cf9c,1.024
1456314601.0,ae45fd8e,0.979
1456314601.0,5ef62f10,1.009
1456314601.0,3fc8e265,0.999
1456314601.0,4a5ba0e5,0.979
1456314601.0,deaa8f7b,0.999
1456314601.0,,0.949
1456314601.0,fd6b00bc,0.949
1456314601.0,5ff6d4e2,0.989
1456314601.0,99017784,0.999
1456314601.0,e3c6260c,0.979
1456314601.0,6ddaf8c2,0.999
1456314601.0,19b1edfc,0.969
1456314601.0,60da834f,0.969
1456314601.0,4b14d7f0,0.999
1456314601.0,921192f1,0.989
1456314601.0,3ded8d7a,0.969
1456314601.0,79b3e9cf,1.009
1456314601.0,a8a26144,1.009
1456314601.0,b26d9567,0.969
1456314601.0,7a695f48,1.019
1456314601.0,dfb76cf3,0.969
1456314601.0,f4105cbc,0.999
1456314601.0,19feb15d,1.029
1456314601.0,0d6425bc,0.999
1456314601.0,2263d9ed,0.999
1456314601.0,3f871f58,0.979
1456314601.0,c09f1e3e,1.019
1456314601.0,6d18dcdf,1.019
1456314601.0,9a0a078c,0.978
1456314601.0,777eab33,0.979
1456314601.0,385fa695,0.969
1456314601.0,66a1358d,1.029
1456314601.0,f05206bf,0.999
1456314601.0,fd09c85a,0.949
1456314601.0,30cf0bb4,1.009
1456314601.0,2357ec98,1.019
1456314601.0,da3bfceb,0.999
1456314601.0,9f99b7ac,0.959
1456314601.0,aa642af9,1.019
1456314601.0,6a8c8b44,1.019
1456314601.0,e3330ca1,0.979
1456314601.0,a11621b6,0.969
1456314601.0,d8032a5b,0.999
1456314601.0,421a6353,0.959
1456314601.0,94013d10,1.009
1456314601.0,8e1179a4,0.979
1456314601.0,09c6edbf,0.999
1456314601.0,270ee8bf,0.979
1456314601.0,be946965,0.959
1456314601.0,e17ef357,0.939
1456314601.0,a16adda9,0.939
1456314601.0,44222522,0.969
1456314601.0,c0b165c5,0.999
1456314601.0,0a297a27,0.989
1456314601.0,74775b0d,1.009
1456314601.0,de5aa582,1.039
1456314601.0,6f9eb627,0.974
1456314601.0,9eb9c031,1.029
1456314601.0,5f724cd6,0.989
1456314601.0,b82c12f6,0.928
1456314601.0,77f8c9fe,1.029
1456314601.0,3b58625d,0.979
1456314601.0,ef67a83b,1.049
1456314601.0,790cb266,0.989
1456314601.0,028d28be,0.999
1456314601.0,0880a239,0.969
1456314601.0,76994b54,0.969
1456314601.0,95401194,0.979
1456314601.0,cef8a5ba,0.969
1456314601.0,d34f18ac,0.969
1456314601.0,a7eeba86,0.999
1456314601.0,58c92ed6,0.969
1456314601.0,5446812c,1.039
1456314601.0,12c23508,0.959
1456314601.0,10967cac,1.009
1456314601.0,09851a39,0.979
1456314601.0,00ae5b70,1.019
1456314601.0,43474152,0.989
1456314601.0,0c1688de,0.949
1456314601.0,06277f60,0.989
1456314601.0,6dca6f1b,0.999
1456314601.0,e07b502e,1.009
1456314601.0,91823808,0.979
1456314601.0,94c64075,1.009
1456314601.0,,0.969
1456314601.0,864188f5,1.049
1456314601.0,a66e3813,0.999
1456314601.0,b0c139bb,0.999
1456314601.0,434de2f2,0.989
1456314601.0,844861f9,0.999
1456314601.0,41bdb6f9,0.948
1456314601.0,5f8076ef,0.959
1456314601.0,dc387962,0.949
1456314601.0,7797b09b,0.989
1456314601.0,d8382d2b,1.029
1456314601.0,e551966a,0.999
1456314601.0,b07ee4ba,1.009
1456314601.0,3965f1ec,0.999
1456314601.0,8f697f0a,0.959
1456314601.0,1377ad59,0.979
1456314601.0,d8bbe2c4,1.009
1456314601.0,e64fba92,0.979
1456314601.0,741c727e,1.019
1456314601.0,741f3aab,1.019
1456314601.0,83a3b810,0.989
1456314601.0,9a0f8848,0.949
1456314601.0,0efc1a65,0.919
1456314601.0,990b3bf9,0.979
1456314601.0,11ab82be,0.989
1456314601.0,ea5c90c0,1.009
1456314601.0,7a198451,0.989
1456314601.0,9cb41098,1.019
1456314601.0,06e6f1e6,0.979
1456314601.0,171f6dc3,1.009
1456314601.0,974de11a,0.999
1456314601.0,f2a2a323,0.999
1456314601.0,c93086be,0.949
1456314601.0,f4b0a53c,1.009
1456314601.0,f34dbb02,0.989
1456314601.0,53567364,1.019
1456314601.0,cb814e8e,0.969
1456314601.0,928e1254,0.979
1456314601.0,1f59edd4,0.999
1456314601.0,2f5be2f4,1.029
1456314601.0,71e79520,0.959
1456314601.0,f061e4b5,0.919
1456314601.0,69055d76,0.969
1456314601.0,3106c23c,0.999
1456314601.0,b91e259c,1.039
1456314601.0,893b4e64,0.979
1456314601.0,7d0753eb,0.969
1456314601.0,406bce1e,1.019
1456314601.0,70f30d88,0.989
1456314601.0,f94e75cd,1.009
1456314601.0,218fd480,0.989
1456314601.0,a59de654,0.989
1456314601.0,c07a946a,0.929
1456314601.0,7ad9dcdf,0.999
1456314841.0,684b2be8,0.959
1456314841.0,8f3027b6,0.989
1456314841.0,0f01b9c8,0.999
1456314841.0,5fa097a0,0.969
1456314841.0,3a4ffbbf,0.989
1456314841.0,317387f0,0.979
1456314841.0,88693ceb,0.989
1456314841.0,dc82bdd6,0.989
1456314841.0,19296a92,1.009
1456314841.0,ef2c1942,0.979
1456314841.0,2b056224,0.969
1456314841.0,e5abf377,0.979
1456314841.0,58dc4ce1,0.969
1456314841.0,5ce764c2,0.959
1456314841.0,35cce7bf,0.979
1456314841.0,e8ce1950,0.979
1456314841.0,b81b8885,0.969
1456314841.0,cf4010a3,0.979
1456314841.0,58a1bfb9,0.969
1456314841.0,722c316b,0.929
1456314841.0,01f0fa8d,0.999
1456314841.0,1ad58c2b,0.969
1456314841.0,692e3609,0.969
1456314841.0,7349daff,0.989
1456314841.0,a49ea2ee,0.979
1456314841.0,7d989a39,0.969
1456314841.0,ef4f86ab,1.019
1456314841.0,843c0434,0.979
1456314841.0,a557a7d1,0.969
1456314841.0,ce58aeb7,0.979
1456314841.0,2cfa82fa,0.979
1456314841.0,c2d8e386,0.959
1456314841.0,a278d48e,0.979
1456314841.0,6610198a,1.009
1456314841.0,7d98e545,0.969
1456314841.0,d531567b,0.969
1456314841.0,427c61e9,0.979
1456314841.0,96629300,0.999
1456314841.0,9b9dfb22,0.999
1456314841.0,761fd77f,0.979
1456314841.0,5b042101,0.979
1456314841.0,069182e4,0.999
1456314841.0,c597ae24,1.009
1456314841.0,23090d56,1.019
1456314841.0,375f0e67,0.979
1456314841.0,667e0f37,0.949
1456314841.0,6f9fee8c,0.999
1456314841.0,0aede896,0.999
1456314841.0,c143cd5a,0.949
1456314841.0,5236886a,0.989
1456314841.0,9ba29175,0.989
1456314841.0,30029614,1.019
1456314841.0,668cb8e1,0.979
1456314841.0,50b27f80,0.989
1456314841.0,48c665d2,0.969
1456314841.0,0b19d5fe,0.959
1456314841.0,d33e0437,1.029
1456314841.0,d1cb3372,0.999
1456314841.0,ae71af81,1.009
1456314841.0,a1de4c4f,1.009
1456314841.0,,0.989
1456314841.0,30c2709e,0.959
1456314841.0,6df2a6aa,1.009
1456314841.0,adb530b9,1.039
1456314841.0,46030de4,1.009
1456314841.0,ff574b02,0.969
1456314841.0,ec60ed5f,0.969
1456314841.0,2820e4a6,0.959
1456314841.0,7a80054c,0.989
1456314841.0,d17204b8,0.979
1456314841.0,ed5d2ad9,0.989
1456314841.0,3c982b3a,0.959
1456314841.0,90c5a207,0.959
1456314841.0,df0d590a,1.019
1456314841.0,0e6ac101,0.969
1456314841.0,bcd76ed0,0.999
1456314841.0,7d2a6e6a,0.999
1456314841.0,f53a8f17,1.009
1456314841.0,6d934eee,0.989
1456314841.0,b54b9ab7,0.959
1456314841.0,a38344c9,0.959
1456314841.0,f0d6aa58,0.979
1456314841.0,c875251d,1.029
1456314841.0,,0.979
1456314841.0,1beae976,1.009
1456314841.0,a7e5b405,0.999
1456314841.0,9cad2f94,0.989
1456314841.0,626c6699,0.959
1456314841.0,ce5e8238,0.979
1456314841.0,2a348345,0.959
1456314841.0,919c9f89,1.009
1456314841.0,f90c625e,1.029
1456314841.0,c307725e,1.009
1456314841.0,adc04be9,1.019
1456314841.0,5a40cb90,0.959
1456314841.0,69a2d28e,0.949
1456314841.0,da3e3f70,0.979
1456314841.0,f2c567b7,0.989
1456314841.0,92d99a98,0.999
1456314841.0,5e4600be,0.969
1456314841.0,d84e5b34,0.949
1456314841.0,30ffa8c9,0.979
1456314841.0,eda8c21c,0.979
1456314841.0,811b6a32,1.029
1456314841.0,c5f0fecb,0.999
1456314841.0,da976c9d,1.009
1456314841.0,37b3aafc,1.039
1456314841.0,67ea9fcc,1.029
1456314841.0,3a9fbebb,0.989
1456314841.0,61ee6f5a,1.039
1456314841.0,1c546ae2,0.989
1456314841.0,91d2ac21,0.984
1456314841.0,710830cb,0.999
1456314841.0,b4222b9d,0.954
1456314841.0,70571d8c,0.939
1456314841.0,08506b59,0.989
1456314841.0,bc0ee536,0.979
1456314841.0,87e8f563,0.959
1456314841.0,,0.979
1456314841.0,b655f194,1.019
1456314841.0,29551811,1.009
1456314841.0,ef6ce8ef,0.979
1456314841.0,9d9e60c3,0.967
1456314841.0,f0dde5e2,1.029
1456314841.0,eacc3482,1.019
1456314841.0,4754c4ee,0.949
1456314841.0,89d43501,1.009
1456314841.0,50ccc5eb,0.989
1456314841.0,9b71f290,0.979
1456314841.0,7e7d612d,1.004
1456314841.0,c8d87efe,1.019
1456314841.0,35822dd5,0.969
1456314841.0,69e0cb90,0.969
1456314841.0,54f48068,1.029
1456314841.0,5133ebd5,0.989
1456314841.0,018c0b0e,1.039
1456314841.0,633828e5,0.989
1456314841.0,e4653a83,0.959
1456314841.0,ce942bef,0.949
1456314841.0,ccd8aac4,0.959
1456314841.0,ae3fcddd,0.999
1456314841.0,4b2eb0cf,0.999
1456314841.0,0de2cbad,0.989
1456314841.0,734c00a8,0.979
1456314841.0,c3a90ed5,0.989
1456314841.0,c2301b5a,0.979
1456314841.0,0094aa42,0.949
1456314841.0,193a59df,0.989
1456314841.0,3f5f0189,0.949
1456314841.0,d1008b23,0.979
1456314841.0,b07918a9,0.979
1456314841.0,cc94a429,0.999
1456314841.0,e6b24a3d,0.999
1456314841.0,ebeb4dec,0.989
1456314841.0,c862713a,0.989
1456314841.0,df264ce2,1.009
1456314841.0,b037d703,1.009
1456314841.0,7f9a33f8,0.979
1456314841.0,5bbe0a9d,0.979
1456314841.0,5455a5f8,0.989
1456314841.0,2b30a775,0.959
1456314841.0,5559a0b4,0.999
1456314841.0,f4084cef,0.959
1456314841.0,8e390e63,0.969
1456314841.0,e8d9a107,0.979
1456314841.0,e8716217,0.969
1456314841.0,ae88cb1f,0.979
1456314841.0,259f0ed8,0.959
1456314841.0,d59d4bb4,0.969
1456314841.0,4fe7c8a5,0.997
1456314841.0,0e55eb67,0.969
1456314841.0,6ebcf0bd,0.989
1456314841.0,5f817b41,0.989
1456314841.0,bd5a8e8c,0.999
1456314841.0,b5dfdabd,0.999
1456314841.0,7f6effac,0.969
1456314841.0,2eea7b6b,1.019
1456314841.0,34b00dee,0.969
1456314841.0,9e654d43,0.959
1456314841.0,5d59e18d,1.014
1456314841.0,86f0ca05,0.979
1456314841.0,d16d0a6e,1.029
1456314841.0,b347d1b0,0.969
1456314841.0,7b943951,0.989
1456314841.0,2337ee59,0.989
1456314841.0,,0.979
1456314841.0,7fa92b87,1.024
1456314841.0,76e85116,0.959
1456314841.0,5900ebe4,0.949
1456314841.0,8aa565b4,0.979
1456314841.0,9320eb8a,0.959
1456314841.0,fabaa853,0.979
1456314841.0,85f096bd,0.989
1456314841.0,80340164,1.029
1456314841.0,56277da5,0.969
1456314841.0,8f545eb0,0.959
1456314841.0,263e0b44,0.959
1456314841.0,d6db948e,0.979
1456314841.0,0bf8686a,1.019
1456314841.0,30007963,0.949
1456314841.0,35b3e2a2,0.989
1456314841.0,25c8941f,0.989
1456314841.0,ba79ed81,0.999
1456314841.0,d3d9b662,0.999
1456314841.0,1c7251ad,0.989
1456314841.0,87478a1e,0.999
1456314841.0,ca0c1721,0.979
1456314841.0,70681f39,0.989
1456314841.0,fd7ffd20,1.019
1456314841.0,035e6206,0.979
1456314841.0,c8bea281,0.949
1456314841.0,8746be38,0.974
1456314841.0,c38cb4a1,0.979
1456314841.0,a7c128b6,1.019
1456314841.0,3b5de5d2,0.969
1456314841.0,ebde5c50,1.019
1456314841.0,755c641f,0.989
1456314841.0,fb9a8547,0.909
1456314841.0,056edfd2,0.989
1456314841.0,2b8a1d9c,1.009
1456314841.0,26f7c61c,0.939
1456314841.0,0cc59c54,1.019
1456314841.0,6f5a8ce9,0.979
1456314841.0,9eb1be1f,1.019
1456314841.0,133677b3,0.979
1456314841.0,eb751c39,0.969
1456314841.0,67946f4f,1.029
1456314841.0,58d54fd0,0.979
1456314841.0,3de5ce2e,0.979
1456314841.0,154a309d,1.009
1456314841.0,40d8f838,0.939
1456314841.0,788b07d6,0.969
1456314841.0,1a45c6ef,0.979
1456314841.0,b1eee7a8,0.949
1456314841.0,f2458f35,1.019
1456314841.0,b5ead699,0.979
1456314841.0,d0e41b74,1.029
1456314841.0,0290389c,1.009
1456314841.0,e5561b2d,0.979
1456314841.0,0886ecde,0.989
1456314841.0,44bf3174,0.959
1456314841.0,f8874753,1.009
1456314841.0,f245c083,1.009
1456314841.0,54fc2b4c,0.989
1456314841.0,1f23d768,0.969
1456314841.0,00daa2b4,0.949
1456314841.0,ed986aff,0.979
1456314841.0,452d82ab,1.009
1456314841.0,4f60f2d3,0.949
1456314841.0,c23de96c,0.969
1456314841.0,20dcb5cd,1.009
1456314841.0,020c53c2,0.989
1456314841.0,a24bfa50,0.969
1456314841.0,f684e085,0.969
1456314841.0,6cda24f6,0.989
1456314841.0,a664a217,0.949
1456314841.0,e58aa567,1.019
1456314841.0,5e6b1f04,0.929
1456314841.0,4a2d620a,0.969
1456314841.0,1fea6f98,0.979
1456314841.0,a162b47e,0.959
1456314841.0,477465f0,0.999
1456314841.0,ba9cc930,0.959
1456314841.0,3c90b73b,0.989
1456314841.0,4d4039fd,0.969
1456314841.0,691ce904,0.979
1456314841.0,1139b111,0.989
1456314841.0,38990b28,1.009
1456314841.0,b38a715c,0.969
1456314841.0,5ace285c,0.979
1456314841.0,3e5ecb79,0.959
1456314841.0,4de24a20,0.979
1456314841.0,e4ad2bce,0.959
1456314841.0,3eaf47de,0.989
1456314841.0,8051f241,0.969
1456314841.0,5e3d40d3,0.969
1456314841.0,530591a4,0.984
1456314841.0,8dc9de7b,0.979
1456314841.0,346b37d2,0.979
1456314841.0,d2cb3217,0.969
1456314841.0,49c222c8,0.979
1456314841.0,f105f24c,1.019
1456314841.0,d14b5840,0.979
1456314841.0,14253da3,1.029
1456314841.0,70a9e6a8,1.009
1456314841.0,712e5646,1.009
1456314841.0,563c9041,0.939
1456314841.0,e181d5d0,0.989
1456314841.0,023c4d8c,0.959
1456314841.0,550acd6a,0.989
1456314841.0,64bb101c,0.969
1456314841.0,eba7894d,0.969
1456314841.0,e0ff758f,0.979
1456314841.0,9c708662,0.969
1456314841.0,5ab60468,0.959
1456314841.0,0f6f38a4,0.969
1456314841.0,69539d07,0.959
1456314841.0,,0.959
1456314841.0,8e25d9aa,0.979
1456314841.0,dd487ced,0.959
1456314841.0,f8cd8b31,0.979
1456314841.0,a3956c28,0.949
1456314841.0,c88d1f3b,1.039
1456314841.0,08d4658c,0.959
1456314841.0,b212ad4b,0.969
1456314841.0,ba7cab9b,1.029
1456314841.0,70afbb14,0.989
1456314841.0,68f0ed84,0.979
1456314841.0,ba5edf8a,0.979
1456314841.0,dc7b3d6f,0.959
1456314841.0,2e72931a,0.999
1456314841.0,a1143c6a,1.019
1456314841.0,7faa0c9c,0.999
1456314841.0,040531cf,0.969
1456314841.0,fb54832a,1.009
1456314841.0,cdf21700,0.969
1456314841.0,3d45d1b9,1.009
1456314841.0,1e3f04ab,0.989
1456314841.0,a2be7bcb,0.989
1456314841.0,0d469ea7,1.049
1456314841.0,6a5601b8,0.999
1456314841.0,9babce8b,0.999
1456314841.0,171447e0,0.959
1456314841.0,4a8e26ae,1.039
1456314841.0,5fd232c2,0.969
1456314841.0,38c93eee,0.979
1456314841.0,23c736d7,0.969
1456314841.0,6f03c04e,0.969
1456314841.0,78e8bb93,0.989
1456314841.0,a64e2d63,1.009
1456314841.0,d556f79b,0.969
1456314841.0,5b430faa,0.989
1456314841.0,433a5787,0.989
1456314841.0,010becdc,1.009
1456314841.0,82cff99e,0.969
1456314841.0,c08d3d8e,0.959
1456314841.0,f44b6301,0.989
1456314841.0,41815ba2,1.009
1456314841.0,cb409a1c,0.999
1456314841.0,432fc77d,0.999
1456314841.0,bd2f0f1c,1.029
1456314841.0,c394bd6a,1.039
1456314841.0,95ab5a1d,0.969
1456314841.0,92eb0a93,1.019
1456314841.0,ab1af76d,0.979
1456314841.0,bc0ec46f,0.999
1456314841.0,bd907a4a,0.949
1456314841.0,a0bdc489,0.979
1456314841.0,efc6fe63,0.979
1456314841.0,9fc5c687,0.969
1456314841.0,aacd7080,0.969
1456314841.0,293f7598,1.019
1456314841.0,3b1d17e6,0.989
1456314841.0,243cd548,1.019
1456314841.0,0ed46e0c,0.969
1456314841.0,14583564,1.009
1456314841.0,460c213f,0.959
1456314841.0,a335cad7,0.979
1456314841.0,5ff01128,0.969
1456314841.0,1e5cdac4,0.954
1456314841.0,5a5daf30,0.989
1456314841.0,cf422a5e,0.989
1456314841.0,2feae8bd,0.919
1456314841.0,2212e62a,0.969
1456314841.0,48aac8e9,0.979
1456314841.0,f2063592,0.989
1456314841.0,a5ca6f71,0.959
1456314841.0,764a9f1e,0.939
1456314841.0,2dd4faf7,0.929
1456314841.0,2c2152b5,0.989
1456314841.0,378a8437,0.979
1456314841.0,fea5f4ce,1.019
1456314841.0,58a914d5,0.929
1456314841.0,c12b33f3,1.009
1456314841.0,4103c1eb,0.979
1456314841.0,92d39932,0.999
1456314841.0,2df68795,0.989
1456314841.0,a0e239a8,0.979
1456314841.0,550f37fb,0.979
1456314841.0,3d10cfa0,0.999
1456314841.0,e9b0a748,1.019
1456314841.0,c4a3a803,0.989
1456314841.0,375abe19,1.009
1456314841.0,28e051b2,0.989
1456314841.0,1e78130a,0.989
1456314841.0,cc22a735,1.009
1456314841.0,ecc75f2c,0.969
1456314841.0,a622d33e,0.969
1456314841.0,1c087491,0.979
1456314841.0,731e56e7,1.009
1456314841.0,63a8e437,0.979
1456314841.0,6465956f,0.929
1456314841.0,1259d1b0,0.989
1456314841.0,2c487233,1.019
1456314841.0,358bf5e4,0.969
1456314841.0,db7cca98,0.969
1456314841.0,4f4115ed,0.969
1456314841.0,,1.009
1456314841.0,53b7ad2a,0.989
1456314841.0,,0.959
1456314841.0,63111fa6,0.979
1456314841.0,881dfc32,0.939
1456314841.0,b6aadfa1,1.019
1456314841.0,99409692,0.959
1456314841.0,9536d208,0.969
1456314841.0,74864c80,1.019
1456314841.0,a1dd080e,1.039
1456314841.0,c290efa7,0.989
1456314841.0,38a3a737,0.949
1456314841.0,b4e0667f,1.019
1456314841.0,cbd96815,1.009
1456314841.0,1dd35703,0.979
1456314841.0,1cc005a8,0.939
1456314841.0,54bf86d1,0.989
1456314841.0,9f711a09,0.989
1456314841.0,96c2dcec,0.959
1456314841.0,1fdc64f7,0.979
1456314841.0,4579a85c,1.009
1456314841.0,1e05521d,0.959
1456314841.0,5b2c0b33,0.959
1456314841.0,909a22a4,0.949
1456314841.0,ffcde0bb,1.009
1456314841.0,3be33cb4,0.979
1456314841.0,f11ba63d,0.939
1456314841.0,5f6019e0,0.979
1456314841.0,d18dd289,0.979
1456314841.0,4e694e7a,0.989
1456314841.0,f3e6f0ea,0.999
1456314841.0,7edaa7ac,0.969
1456314841.0,9ab966b7,0.989
1456314841.0,bd396f56,1.049
1456314841.0,48676749,0.999
1456314841.0,5953f6dc,0.979
1456314841.0,e1eebe52,0.969
1456314841.0,793351ef,0.959
1456314841.0,53ae9528,0.969
1456314841.0,6860f6a1,0.949
1456314841.0,13e237c2,0.979
1456314841.0,813e329c,0.939
1456314841.0,bf1ede3b,0.969
1456314841.0,f7989ae3,0.989
1456314841.0,e767706d,0.979
1456314841.0,ad29f10c,0.979
1456314841.0,8c04c7d4,0.969
1456314841.0,54cd89cc,1.019
1456314841.0,2a8a850f,0.949
1456314841.0,4adf0991,0.989
1456314841.0,a46de094,0.939
1456314841.0,fa0db63e,0.989
1456314841.0,e5232a6c,0.959
1456314841.0,5d5f21ff,1.039
1456314841.0,056cb40c,0.999
1456314841.0,8f30678f,0.999
1456314841.0,22a0ccda,0.959
1456314841.0,4829f4f6,1.009
1456314841.0,26a56374,0.949
1456314841.0,b156c7a5,0.959
1456314841.0,680fd459,0.999
1456314841.0,c0b165c5,0.999
1456314841.0,ebccb800,0.989
1456314841.0,6fe5086e,0.979
1456314841.0,f02aba4d,0.979
1456314841.0,956c6d65,0.979
1456314841.0,aaba4ebc,0.989
1456314841.0,60e38539,1.039
1456314841.0,29259211,0.999
1456314841.0,7af3790e,0.959
1456314841.0,857545c7,1.019
1456314841.0,75a2e00a,0.979
1456314841.0,b205cecb,0.999
1456314841.0,73d6d267,0.979
1456314841.0,f5e9f5d7,0.969
1456314841.0,6e781ba8,0.969
1456314841.0,57a6c42b,0.949
1456314841.0,5c531135,0.959
1456314841.0,4046b6ba,0.989
1456314841.0,2385c761,0.959
1456314841.0,73af7048,0.979
1456314841.0,,0.959
1456314841.0,705d6b16,0.989
1456314841.0,a452f12c,0.979
1456314841.0,073f77fc,0.969
1456314841.0,68f71b6d,1.009
1456314841.0,71992fbe,0.979
1456314841.0,069afd75,0.979
1456314841.0,06277f60,0.989
1456314841.0,293e1b9a,0.959
1456314841.0,3fa49d91,1.039
1456314841.0,6fbc265f,0.989
1456314841.0,32a9a0e5,0.969
1456314841.0,bae5af8d,0.959
1456314841.0,138ce0cc,0.959
1456314841.0,8b69a860,0.969
1456314841.0,3bfc6e44,0.999
1456314841.0,8e38dad0,0.959
1456314841.0,f26c00e4,1.009
1456314841.0,dd3f23e4,0.987
1456314841.0,44c15478,0.959
1456314841.0,d4f7e2c6,0.999
1456314841.0,6b47dc33,0.989
1456314841.0,0955d064,1.019
1456314841.0,8fdafbf6,0.959
1456314841.0,5f143eb7,0.959
1456314841.0,364779b4,1.019
1456314841.0,48d0e555,1.019
1456314841.0,9862f34c,0.969
1456314841.0,da1fbd53,0.979
1456314841.0,b5897439,0.989
1456314841.0,267e21dd,0.949
1456314841.0,29b468e1,0.989
1456314841.0,afb0335d,0.979
1456314841.0,7bc454c7,0.999
1456314841.0,c6f99584,0.989
1456314841.0,3d1af500,1.029
1456314841.0,89d5bd42,0.969
1456314841.0,e56bfa23,0.889
1456314841.0,7059e623,0.949
1456314841.0,9d4458f3,0.969
1456314841.0,18b3ac80,0.989
1456314841.0,3089305b,1.009
1456314841.0,26a76357,0.959
1456314841.0,9456d189,0.989
1456314841.0,5fd30b48,1.009
1456314841.0,91fe985a,0.959
1456314841.0,ce90c05e,1.009
1456314841.0,3851f5d5,0.969
1456314841.0,ad659ace,0.959
1456314841.0,6ba68e3c,0.989
1456314841.0,7475385b,1.009
1456314841.0,b5741ecf,0.989
1456314841.0,da377fd8,0.959
1456314841.0,188a79d3,0.979
1456314841.0,e8ecece5,0.989
1456314841.0,6d03a4f8,0.979
1456314841.0,0a501873,0.999
1456314841.0,702a8264,0.959
1456314841.0,e9f34b51,0.989
1456314841.0,0178dac8,0.969
1456314841.0,d31fa383,0.979
1456314841.0,248918d0,0.999
1456314841.0,82a2717a,0.989
1456314841.0,20e6ebec,1.009
1456314841.0,488fcdf2,0.969
1456314841.0,a1d1ae1e,0.959
1456314841.0,b6ac7c95,0.969
1456314841.0,9422b117,1.039
1456314841.0,eeb5162c,0.969
1456314841.0,16b7ada0,1.004
1456314841.0,ed57f511,0.959
1456314841.0,e8205f94,0.979
1456314841.0,d307494f,0.969
1456314841.0,5a76daff,1.009
1456314841.0,26dda5ba,0.989
1456314841.0,7f1b1544,0.969
1456314841.0,01e3af77,0.979
1456314841.0,2fab73d2,0.949
1456314841.0,4b3bf40e,0.979
1456314841.0,837ae634,0.999
1456314841.0,2052e025,0.969
1456315081.0,85b657da,0.969
1456315081.0,a4d63014,0.969
1456315081.0,8eb59fab,1.009
1456315081.0,de4ca432,1.009
1456315081.0,83a8ae72,0.969
1456315081.0,a56d5733,0.979
1456315081.0,ef2c1942,0.969
1456315081.0,59c2e6d6,0.939
1456315081.0,ef6d9b93,0.979
1456315081.0,ee22ef31,0.979
1456315081.0,55adeb92,0.999
1456315081.0,76dccd6f,0.959
1456315081.0,4818c908,0.979
1456315081.0,57012344,0.999
1456315081.0,ee0b813f,0.959
1456315081.0,58d48103,0.999
1456315081.0,175bcea1,1.009
1456315081.0,85037928,0.989
1456315081.0,ef296ca3,0.989
1456315081.0,ebd3c375,1.019
1456315081.0,e399a8ea,0.989
1456315081.0,4ad5a969,0.959
1456315081.0,5426515a,1.009
1456315081.0,b45e9e13,0.999
1456315081.0,e0ca8158,1.009
1456315081.0,82781b7c,0.969
1456315081.0,472cc7af,0.939
1456315081.0,a6575e4e,0.949
1456315081.0,897fceb5,1.024
1456315081.0,7a3115f2,0.909
1456315081.0,00c44ff5,0.959
1456315081.0,86832214,0.979
1456315081.0,f09b1121,0.949
1456315081.0,dcbfbcf3,0.949
1456315081.0,9a0afbbb,0.939
1456315081.0,f448cc0a,0.959
1456315081.0,7ad9844c,0.989
1456315081.0,24787319,1.009
1456315081.0,4f0ba2cc,0.989
1456315081.0,d2f10be7,0.989
1456315081.0,1d0dbcee,0.979
1456315081.0,3693b2a0,1.049
1456315081.0,097b0d22,0.959
1456315081.0,b6d33381,0.999
1456315081.0,78566eaf,0.979
1456315081.0,2afeabea,1.019
1456315081.0,90201097,1.039
1456315081.0,7da8091a,1.049
1456315081.0,2f89ceb2,0.929
1456315081.0,265ebd00,1.059
1456315081.0,13d407e0,0.949
1456315081.0,ae7b124a,0.949
1456315081.0,631ddb8a,0.949
1456315081.0,22878111,0.959
1456315081.0,1f6a05c5,0.999
1456315081.0,b09088a6,0.999
1456315081.0,0334f503,0.959
1456315081.0,7af1a190,1.019
1456315081.0,,0.909
1456315081.0,f1a2379b,0.968
1456315081.0,77d4c025,0.939
1456315081.0,cb73d4f7,0.939
1456315081.0,603c4e8c,0.999
1456315081.0,2f398586,0.939
1456315081.0,73ed9159,0.919
1456315081.0,dd180cd9,0.949
1456315081.0,e7b24018,0.939
1456315081.0,edd33695,0.969
1456315081.0,6437efd0,0.949
1456315081.0,10a8c388,0.939
1456315081.0,3b3e1ce0,0.949
1456315081.0,0c5920e5,0.949
1456315081.0,fcdeda3e,0.959
1456315081.0,f9b6f1ea,1.019
1456315081.0,4a10a924,1.029
1456315081.0,2731c4c9,0.939
1456315081.0,21c418e3,0.949
1456315081.0,4b757a5a,0.959
1456315081.0,27e6396b,0.954
1456315081.0,f2603ae2,0.979
1456315081.0,dd154694,0.969
1456315081.0,4f3c1b39,0.979
1456315081.0,eda96774,0.979
1456315081.0,a8b18b6e,0.949
1456315081.0,02bd7477,1.009
1456315081.0,9d26d3dd,1.019
1456315081.0,12d8b2e2,1.009
1456315081.0,30ffa8c9,0.979
1456315081.0,5f34425a,0.999
1456315081.0,00eccb46,0.929
1456315081.0,64e138c3,0.989
1456315081.0,f969dc08,0.979
1456315081.0,67d125a6,0.954
1456315081.0,cc29c87a,0.914
1456315081.0,b4bef9a6,0.959
1456315081.0,04c08bf0,0.999
1456315081.0,3d74c9d4,0.959
1456315081.0,70c08251,1.884
1456315081.0,ad7fb7be,1.039
1456315081.0,45dd43b7,0.979
1456315081.0,fad81120,0.959
1456315081.0,7cf49500,1.009
1456315081.0,05574660,0.959
1456315081.0,623e9424,0.999
1456315081.0,0dac1cdc,0.999
1456315081.0,861dd273,0.929
1456315081.0,f9a3f449,0.979
1456315081.0,f6d9b461,0.929
1456315081.0,33336ca6,0.979
1456315081.0,c21cd25b,0.939
1456315081.0,ad51b230,0.969
1456315081.0,58bc480d,1.014
1456315081.0,948a8512,1.009
1456315081.0,114290a9,0.954
1456315081.0,185c6827,0.999
1456315081.0,0c18ba5f,0.959
1456315081.0,a3f64b8b,1.019
1456315081.0,ad338ffc,1.009
1456315081.0,3f118a37,0.979
1456315081.0,48198db0,0.974
1456315081.0,421aabe4,0.959
1456315081.0,17c924e4,0.999
1456315081.0,8bf8c324,0.989
1456315081.0,506ed98f,0.929
1456315081.0,785d1098,0.979
1456315081.0,b3a96696,0.959
1456315081.0,cf72999d,0.959
1456315081.0,c219585c,0.989
1456315081.0,34740e34,0.989
1456315081.0,e6c64a05,1.019
1456315081.0,c5931a7d,0.949
1456315081.0,c0a3d1e4,0.959
1456315081.0,42daef27,1.028
1456315081.0,e7f3861f,0.949
1456315081.0,39b32a77,0.959
1456315081.0,c290b93a,0.929
1456315081.0,1105f74e,1.009
1456315081.0,8aaabcb9,0.949
1456315081.0,ab01d0f4,0.959
1456315081.0,bbc2b8d4,0.969
1456315081.0,46078bef,0.979
1456315081.0,1168538d,1.009
1456315081.0,cadc6575,1.019
1456315081.0,34c23076,0.969
1456315081.0,0e8c472c,1.019
1456315081.0,11fbd55b,0.979
1456315081.0,3b3dda8f,0.979
1456315081.0,dc9da122,0.989
1456315081.0,7c00341e,0.979
1456315081.0,2934dabc,0.929
1456315081.0,a0ad552e,0.939
1456315081.0,83cc51b1,0.999
1456315081.0,de28ebc0,1.019
1456315081.0,ddaccd3e,0.989
1456315081.0,21dc0042,0.979
1456315081.0,c51b41ba,0.989
1456315081.0,43e3c3da,0.989
1456315081.0,ce9c03ce,0.989
1456315081.0,488e0fcf,0.979
1456315081.0,48abfcff,0.939
1456315081.0,6f85f5da,0.929
1456315081.0,83c03208,0.959
1456315081.0,3f3762d6,0.989
1456315081.0,de1eff76,0.979
1456315081.0,6cec7405,0.939
1456315081.0,8456b87a,0.919
1456315081.0,d225b33f,0.989
1456315081.0,21cc26f8,0.969
1456315081.0,4c906d12,0.959
1456315081.0,7c4e6cc9,0.959
1456315081.0,db623e54,0.929
1456315081.0,9fd35589,0.989
1456315081.0,6a9f29fb,0.979
1456315081.0,0a4f03c9,0.989
1456315081.0,e84ee14a,0.949
1456315081.0,a99fe7eb,0.989
1456315081.0,aa6b62c4,1.019
1456315081.0,aa9b2273,0.939
1456315081.0,aff10140,1.009
1456315081.0,26e6f2fe,1.009
1456315081.0,,0.969
1456315081.0,ffdd96e7,1.009
1456315081.0,3ede3ac4,0.989
1456315081.0,a9683117,0.969
1456315081.0,2a85aef8,0.949
1456315081.0,db856260,1.009
1456315081.0,43d05eaa,0.979
1456315081.0,0324ee01,0.969
1456315081.0,ba79ed81,0.989
1456315081.0,302dd48b,0.989
1456315081.0,2276c640,0.929
1456315081.0,04ca9ed8,0.939
1456315081.0,e2edff7e,0.959
1456315081.0,e1f5b708,0.929
1456315081.0,6791f8cd,1.009
1456315081.0,8cfcff71,0.929
1456315081.0,b061fef9,0.949
1456315081.0,d604a294,1.019
1456315081.0,0d8ee6ff,0.989
1456315081.0,0220896d,0.979
1456315081.0,953976b2,0.999
1456315081.0,e9b4f3f5,0.959
1456315081.0,31172c6e,0.929
1456315081.0,1055fb12,0.959
1456315081.0,92a6e659,0.989
1456315081.0,4734ef79,0.959
1456315081.0,42bd894d,0.949
1456315081.0,7e4b74b7,1.019
1456315081.0,26f7c61c,0.939
1456315081.0,152f198a,0.989
1456315081.0,75c86f5d,0.929
1456315081.0,c804ac06,0.989
1456315081.0,b30a9376,0.949
1456315081.0,e76cb56f,1.009
1456315081.0,13579cfd,0.969
1456315081.0,60648e92,0.969
1456315081.0,68492860,1.019
1456315081.0,18d8a792,0.979
1456315081.0,8c0782e7,0.979
1456315081.0,84526a99,0.969
1456315081.0,5e1008fc,0.989
1456315081.0,,0.999
1456315081.0,c40bc606,0.929
1456315081.0,1cbb92e5,0.989
1456315081.0,3b9d2939,0.959
1456315081.0,926a9855,0.969
1456315081.0,4c45b855,0.979
1456315081.0,a41bb594,0.929
1456315081.0,c2aa03cb,0.959
1456315081.0,84e18861,0.999
1456315081.0,3813907a,0.949
1456315081.0,a1a54361,0.989
1456315081.0,665513a1,0.939
1456315081.0,36098a3a,0.989
1456315081.0,e8789a9a,0.969
1456315081.0,8f0c450a,0.989
1456315081.0,c17eb923,0.949
1456315081.0,71315e68,0.969
1456315081.0,2550001f,0.969
1456315081.0,f7664845,1.039
1456315081.0,dadc3ef8,0.989
1456315081.0,f0ec9164,1.009
1456315081.0,5984eea4,0.969
1456315081.0,6bc88fc7,0.939
1456315081.0,e837786a,0.999
1456315081.0,bfefaf34,0.959
1456315081.0,3e5ecb79,0.979
1456315081.0,0a20dd73,1.009
1456315081.0,a40e21ff,0.948
1456315081.0,e31720af,0.939
1456315081.0,ab7d8dd4,0.979
1456315081.0,088d1639,1.049
1456315081.0,8b68df1f,0.979
1456315081.0,d34ed29d,0.989
1456315081.0,cf4becee,0.969
1456315081.0,81dd5a9d,0.969
1456315081.0,a25d5615,0.919
1456315081.0,d3f0653f,1.009
1456315081.0,f6d63084,0.939
1456315081.0,d4fe6b6d,0.949
1456315081.0,a500d475,0.939
1456315081.0,1dcc8077,1.009
1456315081.0,ff608fc4,0.969
1456315081.0,80ec45da,0.959
1456315081.0,56db44d2,0.979
1456315081.0,d2585bd9,0.949
1456315081.0,6c0b296e,1.019
1456315081.0,b212ad4b,0.999
1456315081.0,2a2c8207,1.019
1456315081.0,05845b5e,1.009
1456315081.0,3f896bf8,0.939
1456315081.0,9a2da055,0.969
1456315081.0,25a7d9dc,0.969
1456315081.0,0dafb9e9,0.949
1456315081.0,26a6aed5,1.009
1456315081.0,286eacff,0.999
1456315081.0,d473e239,0.979
1456315081.0,df74c4c4,0.979
1456315081.0,4e3aa155,0.959
1456315081.0,0b563bcc,0.989
1456315081.0,f14d7030,0.929
1456315081.0,f8ed5739,1.029
1456315081.0,95d7c5d3,0.949
1456315081.0,6ee6c33d,0.959
1456315081.0,c8767aa3,0.949
1456315081.0,087f9ad5,0.959
1456315081.0,10774c7e,1.019
1456315081.0,d556f79b,0.959
1456315081.0,212dc31a,0.969
1456315081.0,795efed5,0.959
1456315081.0,f2abb84b,0.999
1456315081.0,56550517,1.019
1456315081.0,0a6562b8,0.999
1456315081.0,5962da15,0.989
1456315081.0,c79adad0,1.009
1456315081.0,840368fb,0.999
1456315081.0,129b7653,0.919
1456315081.0,827fe9cd,0.959
1456315081.0,6c261cbe,0.959
1456315081.0,16870e6a,0.969
1456315081.0,b60ced65,0.959
1456315081.0,fc0599eb,1.014
1456315081.0,6c10bb5f,0.969
1456315081.0,84a3b636,0.989
1456315081.0,8cd391f3,0.949
1456315081.0,ed0cd7e2,0.959
1456315081.0,3a20cf6c,0.919
1456315081.0,00c62f03,0.999
1456315081.0,72c39ba1,0.939
1456315081.0,e3556254,0.979
1456315081.0,3b609665,0.979
1456315081.0,5709c9ed,0.949
1456315081.0,71b846ff,0.969
1456315081.0,0e31f374,0.979
1456315081.0,e628dd10,0.949
1456315081.0,538bd786,0.919
1456315081.0,616bd931,0.959
1456315081.0,a2367d31,0.929
1456315081.0,4261ea14,0.939
1456315081.0,d39d4848,1.009
1456315081.0,997cbfdf,0.999
1456315081.0,c48de424,0.929
1456315081.0,4e459e38,0.929
1456315081.0,30a3ca97,0.959
1456315081.0,d080ea89,1.014
1456315081.0,57e63781,0.989
1456315081.0,168168ee,1.019
1456315081.0,335765fb,0.999
1456315081.0,25365ee8,0.999
1456315081.0,c096f63b,0.929
1456315081.0,8f4cf94f,0.999
1456315081.0,806d0511,0.979
1456315081.0,6577b47a,0.959
1456315081.0,6e2e5e05,1.029
1456315081.0,ff49e52d,0.959
1456315081.0,2237382a,1.009
1456315081.0,90f06420,0.949
1456315081.0,d02e9f98,0.989
1456315081.0,0b45563b,0.989
1456315081.0,7f7b1e43,0.969
1456315081.0,a6d6ba59,0.969
1456315081.0,c495260b,0.939
1456315081.0,,0.999
1456315081.0,691d5ce3,0.949
1456315081.0,881dfc32,0.949
1456315081.0,01a2d8cf,0.979
1456315081.0,161965e7,0.959
1456315081.0,aeec46d3,1.029
1456315081.0,fff23df4,0.999
1456315081.0,4c74fdcc,0.969
1456315081.0,6ddaf8c2,0.969
1456315081.0,fbd93087,0.969
1456315081.0,cbc2f9db,0.979
1456315081.0,c6a933fe,1.019
1456315081.0,5fb402ee,1.029
1456315081.0,a32bd6b9,0.929
1456315081.0,ca804af5,1.019
1456315081.0,004c0eac,0.999
1456315081.0,e3c90980,0.929
1456315081.0,f11235cb,1.019
1456315081.0,ea971a7b,0.949
1456315081.0,229400a7,0.959
1456315081.0,2096e49a,0.989
1456315081.0,bedf720e,1.009
1456315081.0,3c7c43a2,0.939
1456315081.0,dcd3f71a,0.969
1456315081.0,,0.929
1456315081.0,8bdd5502,0.969
1456315081.0,6338dd07,1.049
1456315081.0,1ff0ade7,0.998
1456315081.0,b49d51d2,0.959
1456315081.0,f61ba063,0.989
1456315081.0,009091bb,0.989
1456315081.0,64abbe63,0.979
1456315081.0,52e3bfc8,0.959
1456315081.0,cbb493e1,0.979
1456315081.0,f09149cd,0.979
1456315081.0,bbca138f,0.959
1456315081.0,e6c2b040,0.989
1456315081.0,11eac3c2,0.949
1456315081.0,371f287c,0.999
1456315081.0,332fb1ba,0.969
1456315081.0,3a7aff39,0.959
1456315081.0,896f8569,0.979
1456315081.0,ed71c114,0.969
1456315081.0,078685c9,0.989
1456315081.0,493d1dbf,0.969
1456315081.0,874f2a6f,0.0
1456315081.0,2771cba6,0.949
1456315081.0,ef6a4535,0.959
1456315081.0,0296c555,0.979
1456315081.0,7fc3b34a,0.979
1456315081.0,4646068e,0.959
1456315081.0,,1.029
1456315081.0,95577aab,0.979
1456315081.0,a11621b6,0.959
1456315081.0,22271941,0.939
1456315081.0,3e574cd0,0.989
1456315081.0,c061e163,0.979
1456315081.0,015ecd27,0.929
1456315081.0,421a6353,0.959
1456315081.0,2bbe715d,1.019
1456315081.0,da75620f,0.969
1456315081.0,2dc3d215,1.019
1456315081.0,1e7aac59,0.999
1456315081.0,c2ed0986,0.989
1456315081.0,4d9a80e1,0.989
1456315081.0,2d3711fd,0.959
1456315081.0,496612a8,0.989
1456315081.0,11bec0f1,0.989
1456315081.0,f25ec39b,1.009
1456315081.0,1231b9e1,0.929
1456315081.0,fa183b24,0.919
1456315081.0,74ffd54c,0.959
1456315081.0,e2eadef7,0.979
1456315081.0,0950d2ac,1.009
1456315081.0,7c0d469a,1.024
1456315081.0,0d4c6469,0.949
1456315081.0,1f577d83,0.939
1456315081.0,13388a58,0.959
1456315081.0,11b72709,1.019
1456315081.0,c6d02f74,0.989
1456315081.0,9f0519b8,0.969
1456315081.0,6c715e12,0.999
1456315081.0,f13a2469,0.989
1456315081.0,930998e2,0.989
1456315081.0,c8b54491,0.979
1456315081.0,2ce5573c,1.029
1456315081.0,fe496e01,0.929
1456315081.0,57d1fddc,0.969
1456315081.0,1b481393,0.939
1456315081.0,a537b03c,0.929
1456315081.0,51aab8d5,0.959
1456315081.0,625146af,0.989
1456315081.0,bd5bd28e,0.949
1456315081.0,be63db8b,0.979
1456315081.0,1db152f7,0.999
1456315081.0,d51594f4,0.949
1456315081.0,9398e203,0.979
1456315081.0,a05c4f54,1.029
1456315081.0,c313d773,0.969
1456315081.0,f184201b,0.959
1456315081.0,447f2373,0.919
1456315081.0,f6afdfd6,0.969
1456315081.0,c6ca359a,0.949
1456315081.0,f51a2c3d,0.949
1456315081.0,3da96054,0.969
1456315081.0,1636f44a,1.009
1456315081.0,47a742a7,0.999
1456315081.0,f8453096,0.929
1456315081.0,91db14ed,0.969
1456315081.0,57ef5f09,0.929
1456315081.0,e56bfa23,0.899
1456315081.0,b136a71d,0.969
1456315081.0,18b3ac80,0.989
1456315081.0,5fec062c,1.009
1456315081.0,8577f793,0.929
1456315081.0,4ec9ba2c,0.959
1456315081.0,5b1dc219,0.959
1456315081.0,a5fbf851,0.919
1456315081.0,5c8ccf98,0.979
1456315081.0,cbd615c9,0.989
1456315081.0,40b7c070,0.939
1456315081.0,672c6cfd,1.029
1456315081.0,684e7234,0.939
1456315081.0,61271939,0.959
1456315081.0,77b1dec8,0.959
1456315081.0,7c3d138b,0.939
1456315081.0,c1082f5e,0.979
1456315081.0,f8e5ba22,0.919
1456315081.0,f1200249,0.939
1456315081.0,8fc52727,0.979
1456315081.0,a3eb6d42,1.004
1456315081.0,4d5330ca,0.999
1456315081.0,a388f36b,0.959
1456315081.0,6bc9b007,0.999
1456315081.0,84fa929f,0.959
1456315081.0,b0043b5a,1.009
1456315081.0,28a5d3b4,0.919
1456315081.0,95832b86,0.969
1456315081.0,c330d63c,0.959
1456315081.0,6b4ba54d,0.979
1456315081.0,57e77986,0.929
1456315081.0,55dd1874,0.949
1456315081.0,871f200d,0.959
1456315081.0,7dc477e0,0.959
1456315081.0,2e745c93,0.959
1456315081.0,b09e60a5,0.989
1456315081.0,c7eb5131,0.949
1456315081.0,6a5e9f24,0.969
1456315081.0,873f022b,0.979
1456315081.0,ded8bee6,0.989
1456315081.0,9cb727d2,0.969
1456315081.0,00c593eb,0.919
1456315081.0,31d95abd,0.959
1456315081.0,8a3f89ed,0.969
1456315321.0,dfc32fdb,0.959
1456315321.0,cd61632c,0.969
1456315321.0,0f01b9c8,1.029
1456315321.0,c3b95d3f,0.989
1456315321.0,600b45e8,0.989
1456315321.0,59c2e6d6,0.939
1456315321.0,0bab7166,0.969
1456315321.0,175bcea1,0.999
1456315321.0,ebd3c375,1.009
1456315321.0,271e2be1,0.999
1456315321.0,4a243585,0.959
1456315321.0,8ac847f6,0.969
1456315321.0,ebcd22e7,0.969
1456315321.0,dad17cc9,0.989
1456315321.0,00206126,0.969
1456315321.0,0375f449,0.959
1456315321.0,2fcd527f,0.979
1456315321.0,012cf605,0.959
1456315321.0,85edcdf5,0.944
1456315321.0,bb7a74ed,0.999
1456315321.0,912d452f,0.959
1456315321.0,72ceacae,0.989
1456315321.0,d8de669b,1.019
1456315321.0,cf40d91b,0.959
1456315321.0,78c59dfc,0.939
1456315321.0,4190ae32,0.999
1456315321.0,7e846ee6,1.039
1456315321.0,a4842df2,0.948
1456315321.0,0618ae27,1.019
1456315321.0,10bf456f,1.009
1456315321.0,5f881538,0.959
1456315321.0,c25c5571,0.999
1456315321.0,208f7301,0.989
1456315321.0,08919b22,0.969
1456315321.0,e73846ae,0.964
1456315321.0,936763a8,0.989
1456315321.0,763190d4,0.989
1456315321.0,0eb21c86,0.989
1456315321.0,44da8f35,0.979
1456315321.0,297c749f,1.009
1456315321.0,8659a4a3,0.969
1456315321.0,aee6d168,1.009
1456315321.0,da3e3f70,0.989
1456315321.0,eede80ef,0.959
1456315321.0,708936ad,0.959
1456315321.0,cbf8e978,0.959
1456315321.0,b09942f7,1.029
1456315321.0,995e56cb,0.999
1456315321.0,04c08bf0,0.999
1456315321.0,417a37d7,1.009
1456315321.0,80ebee07,0.999
1456315321.0,04ba07e6,0.979
1456315321.0,31993f75,0.979
1456315321.0,a7a5f25b,0.959
1456315321.0,51fd157b,0.989
1456315321.0,d10538bd,0.989
1456315321.0,f86443f3,1.019
1456315321.0,073f010e,0.999
1456315321.0,9281365e,0.999
1456315321.0,5c5f6fc1,0.979
1456315321.0,c0aa824a,0.989
1456315321.0,0aececa4,0.989
1456315321.0,66cc688a,0.989
1456315321.0,1a88c0a3,0.968
1456315321.0,3b728838,1.029
1456315321.0,8c76092e,0.959
1456315321.0,e3bd3d52,0.969
1456315321.0,e2c6b885,0.989
1456315321.0,ae3fcddd,0.989
1456315321.0,944eaea5,0.999
1456315321.0,3c701ea8,0.969
1456315321.0,6e97a289,0.999
1456315321.0,df34af64,0.979
1456315321.0,916aaf2f,0.979
1456315321.0,c441e36d,1.039
1456315321.0,374b5919,0.969
1456315321.0,2947866d,0.999
1456315321.0,369ee914,1.009
1456315321.0,12aba19d,1.069
1456315321.0,130149c2,0.959
1456315321.0,3601c357,1.009
1456315321.0,61a8a961,1.009
1456315321.0,7a760845,0.959
1456315321.0,fd43a211,0.989
1456315321.0,de18aa7d,0.959
1456315321.0,eea98c31,1.009
1456315321.0,fbfbf15b,0.999
1456315321.0,8e390e63,0.989
1456315321.0,b6de77a6,0.979
1456315321.0,b05147af,0.969
1456315321.0,883007ed,0.999
1456315321.0,5018e554,0.949
1456315321.0,a00c53b9,0.959
1456315321.0,5f817b41,0.979
1456315321.0,3bb74884,0.999
1456315321.0,fd334dae,0.989
1456315321.0,a625042c,0.949
1456315321.0,d662b253,1.009
1456315321.0,addbc61c,0.979
1456315321.0,6f2ba4ed,0.979
1456315321.0,04583028,0.979
1456315321.0,4e176577,0.969
1456315321.0,88b83d81,0.959
1456315321.0,174ac356,0.909
1456315321.0,1db5b62a,1.019
1456315321.0,6b0d6a0a,0.964
1456315321.0,0ee3214c,1.039
1456315321.0,27809f91,0.979
1456315321.0,f8b49237,0.999
1456315321.0,ffdd96e7,0.999
1456315321.0,875ec97a,0.969
1456315321.0,57b28a51,0.959
1456315321.0,d21a57fd,0.999
1456315321.0,32569e43,0.994
1456315321.0,a24a3320,1.049
1456315321.0,6319bbbb,1.049
1456315321.0,7f2dbefe,1.019
1456315321.0,5e9aaf1c,1.019
1456315321.0,3082ffa7,1.029
1456315321.0,9086a5b2,0.989
1456315321.0,7b2a5f7c,0.969
1456315321.0,79f60a97,0.989
1456315321.0,c40cb496,0.959
1456315321.0,44565663,0.999
1456315321.0,62bff896,0.999
1456315321.0,5d132310,0.969
1456315321.0,4cd470ad,0.949
1456315321.0,d88d8a20,1.029
1456315321.0,0290389c,0.989
1456315321.0,636fe15d,0.969
1456315321.0,f245c083,1.019
1456315321.0,32065a23,0.979
1456315321.0,2b1d13c5,0.959
1456315321.0,,1.019
1456315321.0,60ae4328,0.949
1456315321.0,75d9dd17,0.949
1456315321.0,07991b53,0.969
1456315321.0,23ffe49b,0.979
1456315321.0,1e7f80e8,1.029
1456315321.0,8a128851,1.009
1456315321.0,ded69fbb,0.999
1456315321.0,,0.969
1456315321.0,deed609f,0.999
1456315321.0,a40e21ff,0.978
1456315321.0,530591a4,0.974
1456315321.0,2451ec23,0.969
1456315321.0,8f8b3ebe,0.959
1456315321.0,,1.019
1456315321.0,550acd6a,0.979
1456315321.0,e4465e8e,0.969
1456315321.0,8b94eddf,1.009
1456315321.0,188e69f1,0.959
1456315321.0,a1ca21f6,0.939
1456315321.0,b32694b6,0.979
1456315321.0,1b4a9928,0.989
1456315321.0,d9a504fe,0.969
1456315321.0,ed71cccb,1.019
1456315321.0,b212ad4b,0.989
1456315321.0,d54426c4,0.999
1456315321.0,9e3fd3b1,0.969
1456315321.0,7ca6fc38,0.979
1456315321.0,8cedb45b,0.949
1456315321.0,3bfabc79,0.999
1456315321.0,57d05ba7,1.009
1456315321.0,b7bf446d,0.929
1456315321.0,2a2dae94,1.019
1456315321.0,a5852f7d,0.959
1456315321.0,aae959c2,0.949
1456315321.0,8bdbf457,1.009
1456315321.0,813a6cd1,0.969
1456315321.0,d404277d,1.009
1456315321.0,c360e760,0.989
1456315321.0,01859229,1.009
1456315321.0,432fc77d,1.009
1456315321.0,ff263010,0.999
1456315321.0,89b25923,0.939
1456315321.0,,0.969
1456315321.0,f2b7e0d3,0.999
1456315321.0,834ff98a,0.999
1456315321.0,0345dfe7,0.979
1456315321.0,1b2380b6,0.999
1456315321.0,822601b1,1.009
1456315321.0,dd80a4bd,0.989
1456315321.0,997db707,0.959
1456315321.0,cfa7f86a,0.999
1456315321.0,ebb75b25,0.939
1456315321.0,e431e0c7,0.989
1456315321.0,27f12faa,0.959
1456315321.0,d262266d,0.979
1456315321.0,d998872e,0.969
1456315321.0,11db12fc,1.019
1456315321.0,45e21f92,0.989
1456315321.0,06585eed,0.999
1456315321.0,01170a5d,0.989
1456315321.0,e40925fd,0.969
1456315321.0,aad3e88a,0.979
1456315321.0,e9d5d1a1,0.959
1456315321.0,a6443453,0.949
1456315321.0,aeba37f9,0.979
1456315321.0,f5684ccb,1.009
1456315321.0,1555e8c5,0.999
1456315321.0,8342a4d9,0.999
1456315321.0,91d18db5,0.989
1456315321.0,4a78586a,0.959
1456315321.0,6d070a61,0.959
1456315321.0,95ff6d3a,0.938
1456315321.0,4020de03,0.969
1456315321.0,947b9ef2,0.979
1456315321.0,82319435,0.999
1456315321.0,a278bd43,0.989
1456315321.0,731e56e7,0.999
1456315321.0,dd41b331,0.979
1456315321.0,cf480bf4,1.059
1456315321.0,6465956f,0.919
1456315321.0,9199777f,0.999
1456315321.0,74d89e9b,0.979
1456315321.0,f29f4dbd,0.989
1456315321.0,5ff6d4e2,1.009
1456315321.0,5a8f6bb5,0.989
1456315321.0,a2db42f9,0.995
1456315321.0,236e355f,0.949
1456315321.0,6a5c522a,1.009
1456315321.0,dc774502,0.959
1456315321.0,efda2508,0.979
1456315321.0,44e433ed,1.019
1456315321.0,54bf86d1,0.979
1456315321.0,ddaa5083,0.949
1456315321.0,ceda1d43,0.979
1456315321.0,fec0f633,1.004
1456315321.0,5580f197,1.009
1456315321.0,a3f28e84,0.969
1456315321.0,1929bb2b,0.979
1456315321.0,3bb601ac,0.999
1456315321.0,10b34f01,1.009
1456315321.0,6fc48997,0.959
1456315321.0,f3cc2d61,0.979
1456315321.0,64e61e90,1.009
1456315321.0,3a1e42ab,0.959
1456315321.0,371f287c,0.999
1456315321.0,25294ce8,0.989
1456315321.0,5aa9311f,0.999
1456315321.0,6c663a7b,1.049
1456315321.0,54f751e5,0.969
1456315321.0,3506918b,0.979
1456315321.0,e74667af,0.979
1456315321.0,5ab36501,0.969
1456315321.0,308408ca,0.969
1456315321.0,a06379c3,0.989
1456315321.0,092457e4,0.989
1456315321.0,1717d8ca,0.999
1456315321.0,307d645f,0.989
1456315321.0,2644599e,0.999
1456315321.0,95256814,0.969
1456315321.0,f28edad2,0.979
1456315321.0,8d433ec5,0.949
1456315321.0,ee1d296d,1.039
1456315321.0,8e0ce406,0.989
1456315321.0,783b97cc,0.969
1456315321.0,680fd459,0.989
1456315321.0,87245b5d,0.999
1456315321.0,0c2f7153,0.959
1456315321.0,01668234,0.959
1456315321.0,83d3e011,1.019
1456315321.0,,0.949
1456315321.0,77f8c9fe,0.989
1456315321.0,923a028b,0.999
1456315321.0,b893996a,0.979
1456315321.0,bcc28a0d,0.959
1456315321.0,d34f18ac,0.989
1456315321.0,92a7ca0c,1.039
1456315321.0,d9c57dad,0.969
1456315321.0,,0.969
1456315321.0,b718f9fa,1.009
1456315321.0,073f77fc,0.979
1456315321.0,2a82c08f,1.009
1456315321.0,ab3fb92f,0.969
1456315321.0,7b5a8540,0.979
1456315321.0,ab829e65,0.989
1456315321.0,a712b6c6,0.969
1456315321.0,47a742a7,0.999
1456315321.0,b5897439,0.989
1456315321.0,4827ec0b,0.999
1456315321.0,e5d7defc,0.979
1456315321.0,c846f887,0.949
1456315321.0,f4507b0a,0.999
1456315321.0,f600b327,0.969
1456315321.0,f36918b0,0.969
1456315321.0,f0c6ab59,1.029
1456315321.0,a40495d3,0.969
1456315321.0,63f74b4d,1.009
1456315321.0,345d440e,0.999
1456315321.0,928e1254,0.959
1456315321.0,c089a061,0.999
1456315321.0,9499ff78,0.969
1456315321.0,e20988bb,0.959
1456315321.0,6bbd3dc3,0.989
1456315321.0,24a245f5,1.009
1456315321.0,f94e75cd,0.989
1456315321.0,e5e6c292,0.959
1456315321.0,9c4c0229,0.949
1456315561.0,068c357f,1.019
1456315561.0,7db0ea2e,0.959
1456315561.0,e1a9f11a,1.009
1456315561.0,2623501c,0.979
1456315561.0,5da50d00,0.979
1456315561.0,131f0b17,0.979
1456315561.0,930a4c50,1.009
1456315561.0,4c36fcd5,0.979
1456315561.0,203367ea,0.979
1456315561.0,2a554c81,0.979
1456315561.0,cdf67cac,0.959
1456315561.0,3a826c9e,0.959
1456315561.0,39213e3c,0.949
1456315561.0,75b9849f,0.979
1456315561.0,18396fc2,0.979
1456315561.0,22ec99c7,0.949
1456315561.0,9c8152bc,0.979
1456315561.0,30ac4ee7,1.009
1456315561.0,52c1ccfa,0.959
1456315561.0,e9eeb033,0.949
1456315561.0,df009d5a,0.979
1456315561.0,f131e26a,0.949
1456315561.0,7828885e,0.949
1456315561.0,c63212af,0.959
1456315561.0,33a40844,0.979
1456315561.0,4f0a94f9,0.979
1456315561.0,80835ea0,0.969
1456315561.0,fae436b2,0.989
1456315561.0,d5291b45,1.009
1456315561.0,5b68d8ad,0.969
1456315561.0,2753be9b,0.969
1456315561.0,8804fa13,1.019
1456315561.0,6229a06b,1.009
1456315561.0,de920e08,0.979
1456315561.0,3f6704e5,1.019
1456315561.0,b787856a,0.999
1456315561.0,90004d8a,0.979
1456315561.0,47396921,0.949
1456315561.0,42f2621b,0.0
1456315561.0,f53c3bb0,0.949
1456315561.0,adc04be9,1.029
1456315561.0,5ca5b340,0.0
1456315561.0,44850052,0.959
1456315561.0,ee69ffcc,0.969
1456315561.0,a30a80ce,0.949
1456315561.0,e391e28b,0.979
1456315561.0,4d705805,1.009
1456315561.0,88759e4a,0.949
1456315561.0,e96cd138,0.939
1456315561.0,efdf01c1,0.0
1456315561.0,966a7f4d,1.049
1456315561.0,f5815103,0.989
1456315561.0,b916d3a8,0.959
1456315561.0,8086f03a,0.918
1456315561.0,33554d6c,1.019
1456315561.0,0e6a4b4f,1.009
1456315561.0,400f9abd,0.959
1456315561.0,dbee4a44,0.0
1456315561.0,fe1c0582,1.009
1456315561.0,57b4fcab,0.999
1456315561.0,a376033a,0.979
1456315561.0,29804b96,1.009
1456315561.0,95761004,0.969
1456315561.0,,0.959
1456315561.0,7e91d1f8,0.979
1456315561.0,73da0ab6,0.979
1456315561.0,3615bb32,1.009
1456315561.0,454f4a05,0.979
1456315561.0,e537497e,0.939
1456315561.0,a24c7289,0.959
1456315561.0,5e86ff24,0.969
1456315561.0,488f6e67,0.999
1456315561.0,8c807692,0.979
1456315561.0,4a9d5885,0.949
1456315561.0,3f15b05a,0.989
1456315561.0,8d38052d,0.994
1456315561.0,e8cb3a6b,0.979
1456315561.0,555992c9,0.979
1456315561.0,285b781f,1.029
1456315561.0,d4936377,0.0
1456315561.0,ae5da76e,0.949
1456315561.0,473e0e2f,0.989
1456315561.0,c72ef065,1.019
1456315561.0,8c77ed6c,0.979
1456315561.0,79555dbb,0.949
1456315561.0,,0.989
1456315561.0,b01cf6f6,0.969
1456315561.0,dbdf18e8,0.999
1456315561.0,c9e05214,0.999
1456315561.0,474197ee,0.979
1456315561.0,465ed67d,1.009
1456315561.0,1ea58c14,1.009
1456315561.0,9d62bf3b,0.949
1456315561.0,c19f6b7f,0.949
1456315561.0,592ba5ff,0.969
1456315561.0,ace2e1f9,1.009
1456315561.0,c00a63fa,1.009
1456315561.0,54fc2b4c,0.999
1456315561.0,effb6af0,1.019
1456315561.0,87c05c40,0.999
1456315561.0,e147c97d,1.009
1456315561.0,535e45c7,0.959
1456315561.0,552250d6,0.979
1456315561.0,05fa8b72,0.979
1456315561.0,27d7ba56,0.969
1456315561.0,1670b93b,0.959
1456315561.0,d63aac19,0.979
1456315561.0,8b783ddd,0.979
1456315561.0,8e4357a4,0.949
1456315561.0,bdd3f5c9,0.979
1456315561.0,76176c12,0.979
1456315561.0,4d15a2cc,0.949
1456315561.0,8bd3b9de,0.999
1456315561.0,aebeb22e,0.949
1456315561.0,5459c738,0.969
1456315561.0,50a1f055,0.979
1456315561.0,1422263b,1.019
1456315561.0,4100c9dd,0.999
1456315561.0,9d2a511e,1.029
1456315561.0,b212ad4b,0.999
1456315561.0,49925c42,0.969
1456315561.0,af4eebe4,0.929
1456315561.0,094e5a20,0.999
1456315561.0,997de382,0.999
1456315561.0,74d77c58,0.964
1456315561.0,195401ef,0.999
1456315561.0,d89013e5,0.979
1456315561.0,68c15014,0.969
1456315561.0,ea1b9e67,0.959
1456315561.0,197f9f1a,0.999
1456315561.0,63038217,0.979
1456315561.0,b38002eb,0.979
1456315561.0,0a42099e,1.019
1456315561.0,95ab5a1d,0.979
1456315561.0,835a8691,1.009
1456315561.0,1d1829c8,0.939
1456315561.0,2a365ba8,0.989
1456315561.0,332d02ad,1.019
1456315561.0,dff89479,1.009
1456315561.0,229bb6b8,0.959
1456315561.0,73242acd,0.949
1456315561.0,fe69cf27,1.009
1456315561.0,5b1eb6c6,0.959
1456315561.0,8662df6b,0.989
1456315561.0,07aab62d,0.949
1456315561.0,c611aa66,1.019
1456315561.0,93e9a320,0.989
1456315561.0,cb0f3fc8,0.969
1456315561.0,02bea987,0.969
1456315561.0,fa4d44ce,0.979
1456315561.0,9bcbbbc7,1.009
1456315561.0,6b5979c5,0.949
1456315561.0,dac4fe2a,0.939
1456315561.0,0800eb0f,1.029
1456315561.0,e2c6e599,0.0
1456315561.0,8cb4fc7c,0.949
1456315561.0,26056533,1.019
1456315561.0,83c5b0ad,0.959
1456315561.0,32a8caa1,0.979
1456315561.0,36f30de6,0.969
1456315561.0,6fac4b39,0.999
1456315561.0,44d0cc01,0.0
1456315561.0,5d9ba671,0.979
1456315561.0,6ffefa8b,0.939
1456315561.0,cebd8559,1.009
1456315561.0,69e0d4ed,0.979
1456315561.0,6e9a95db,0.969
1456315561.0,14a4c386,0.989
1456315561.0,4e5b883c,0.989
1456315561.0,e91ec3d6,0.989
1456315561.0,5aa87776,1.009
1456315561.0,c834e637,0.969
1456315561.0,5ab36501,0.969
1456315561.0,26d58413,0.949
1456315561.0,5cd10b8c,1.019
1456315561.0,4f0a1aa8,0.979
1456315561.0,fac5bd9e,0.969
1456315561.0,849ac669,1.029
1456315561.0,b2b29318,1.039
1456315561.0,b5935794,0.979
1456315561.0,6f9eb627,0.964
1456315561.0,a76bbf53,1.019
1456315561.0,03ed2a59,0.999
1456315561.0,bfe9ba44,0.989
1456315561.0,f74a068e,1.024
1456315561.0,3e32276d,0.979
1456315561.0,a7eeba86,0.979
1456315561.0,05946741,0.949
1456315561.0,1219a469,1.009
1456315561.0,d25a0585,0.989
1456315561.0,e4d02e08,0.969
1456315561.0,bd5bd28e,0.959
1456315561.0,2e275f6e,0.949
1456315561.0,5076e63c,0.979
1456315561.0,ab829e65,0.979
1456315561.0,2a7c4091,0.979
1456315561.0,676f4e53,0.949
1456315561.0,aea3825a,0.989
1456315561.0,,1.009
1456315561.0,c698b4f6,0.0
1456315561.0,3645c978,1.029
1456315561.0,c3803ef6,0.949
1456315561.0,bb457334,0.969
1456315561.0,6c200339,0.979
1456315561.0,8f6f71cb,0.959
1456315801.0,6617dc3f,0.999
1456315801.0,6e1c0c2c,0.989
1456315801.0,04ef222e,0.989
1456315801.0,7459a6fe,1.009
1456315801.0,3d36e33a,0.949
1456315801.0,e5abf377,0.969
1456315801.0,5ce764c2,0.949
1456315801.0,4c338d03,0.959
1456315801.0,35cce7bf,0.969
1456315801.0,dc352ea6,0.949
1456315801.0,bebb6d12,0.969
1456315801.0,00605faf,0.979
1456315801.0,30797552,0.929
1456315801.0,843c0434,0.969
1456315801.0,2a879abf,0.969
1456315801.0,7bbf0d9c,0.949
1456315801.0,731a1055,0.959
1456315801.0,f6b43ef3,0.979
1456315801.0,12d36adb,0.999
1456315801.0,ce75f1ed,1.019
1456315801.0,b01ec055,0.0
1456315801.0,15c2c195,0.999
1456315801.0,aa00a8f6,1.014
1456315801.0,6473e25b,0.989
1456315801.0,8bb0059b,0.959
1456315801.0,4f0a94f9,0.979
1456315801.0,069bf848,0.989
1456315801.0,13b8b105,0.979
1456315801.0,9b5b616a,1.009
1456315801.0,ca1add7b,1.039
1456315801.0,860d9600,0.999
1456315801.0,7cd126ee,0.959
1456315801.0,fae436b2,0.989
1456315801.0,4af5893f,0.969
1456315801.0,74d27484,0.979
1456315801.0,829bd977,1.009
1456315801.0,c56f813d,0.979
1456315801.0,e1836722,0.939
1456315801.0,2753be9b,0.969
1456315801.0,eb0a0090,0.969
1456315801.0,fda59bae,1.039
1456315801.0,78c59dfc,0.969
1456315801.0,4190ae32,0.999
1456315801.0,b787856a,0.999
1456315801.0,b46b0917,0.989
1456315801.0,87a74906,0.979
1456315801.0,42f2621b,1.009
1456315801.0,3d1e3ab6,0.979
1456315801.0,3c6b3035,0.929
1456315801.0,5ca5b340,0.959
1456315801.0,24696b6f,0.949
1456315801.0,aee6d168,0.989
1456315801.0,bb0c12d3,0.959
1456315801.0,3dfc83c4,0.989
1456315801.0,629268ea,1.009
1456315801.0,b0a76bca,0.979
1456315801.0,63aa7558,1.019
1456315801.0,60a86cf4,1.019
1456315801.0,6d248169,0.989
1456315801.0,91d2ac21,0.974
1456315801.0,80ebee07,1.009
1456315801.0,ab4700c2,0.979
1456315801.0,6e12c790,0.959
1456315801.0,efdf01c1,0.959
1456315801.0,33336ca6,0.969
1456315801.0,df4fadef,0.989
1456315801.0,b40d9546,1.009
1456315801.0,966a7f4d,1.049
1456315801.0,471a369c,0.989
1456315801.0,5d40a336,0.994
1456315801.0,05c633c8,0.999
1456315801.0,012d8a4c,0.959
1456315801.0,4b926ccb,0.959
1456315801.0,7ffdf9e7,0.959
1456315801.0,507cdfac,0.959
1456315801.0,6728212d,1.009
1456315801.0,130149c2,0.949
1456315801.0,3b4c70df,0.969
1456315801.0,128c4a0e,0.929
1456315801.0,74abc1c5,0.999
1456315801.0,3c26fe7c,0.969
1456315801.0,c9cc0c6b,0.979
1456315801.0,dbee4a44,0.959
1456315801.0,12fc2a75,0.989
1456315801.0,bbc01d1b,0.929
1456315801.0,27f821f1,0.987
1456315801.0,b76eb8d7,0.959
1456315801.0,8e390e63,1.009
1456315801.0,410d90fe,1.009
1456315801.0,313e84fe,0.939
1456315801.0,84caa0e5,1.009
1456315801.0,74e674a6,0.979
1456315801.0,d7932eeb,0.939
1456315801.0,58419a90,0.999
1456315801.0,72162ebe,0.979
1456315801.0,b52679e9,0.979
1456315801.0,1ba4d2a5,0.959
1456315801.0,d9e01646,0.999
1456315801.0,4c029f46,0.949
1456315801.0,65154942,0.979
1456315801.0,13532509,0.939
1456315801.0,2fbedc98,0.949
1456315801.0,0ee3214c,1.029
1456315801.0,a7a6c781,0.969
1456315801.0,aa3a4a0b,1.004
1456315801.0,52c8263e,1.029
1456315801.0,d4936377,0.999
1456315801.0,bba52d69,1.029
1456315801.0,486e56d0,0.929
1456315801.0,5288c0b4,0.979
1456315801.0,0d245387,0.964
1456315801.0,443ae02b,0.969
1456315801.0,0fa96932,0.959
1456315801.0,79e81a72,0.979
1456315801.0,13579cfd,0.989
1456315801.0,100339eb,0.969
1456315801.0,5022eb7f,0.969
1456315801.0,09a0b63a,0.979
1456315801.0,9501b2c0,0.989
1456315801.0,44bf3174,0.949
1456315801.0,8fc1cab3,0.979
1456315801.0,1cc41339,0.919
1456315801.0,552250d6,0.979
1456315801.0,4ba70eb8,0.989
1456315801.0,e4de6238,1.039
1456315801.0,88128993,0.989
1456315801.0,77283132,0.989
1456315801.0,a3b115d1,0.969
1456315801.0,4de24a20,0.989
1456315801.0,ca8919db,0.949
1456315801.0,cda8d3bf,1.019
1456315801.0,3c29e148,0.964
1456315801.0,d2cb3217,0.939
1456315801.0,d34ed29d,0.959
1456315801.0,c0312794,1.009
1456315801.0,aa65bfee,0.999
1456315801.0,b8aae107,0.969
1456315801.0,1422263b,1.019
1456315801.0,0d28fb9e,1.019
1456315801.0,e04ac56b,0.979
1456315801.0,046da538,1.039
1456315801.0,b7f96330,0.959
1456315801.0,466dfd41,1.009
1456315801.0,4c5615f5,0.959
1456315801.0,6f9b604d,0.949
1456315801.0,466d909f,1.019
1456315801.0,b632c5ee,0.969
1456315801.0,59d4a720,0.979
1456315801.0,6643d108,0.989
1456315801.0,184a38c3,0.999
1456315801.0,9fc5c687,0.959
1456315801.0,1d1829c8,0.969
1456315801.0,29e79793,0.979
1456315801.0,4721b010,0.969
1456315801.0,1e5cdac4,0.944
1456315801.0,2b57a135,0.949
1456315801.0,4e359e7b,0.959
1456315801.0,989cb65d,0.989
1456315801.0,42cc5c79,0.979
1456315801.0,6b20d7e5,0.999
1456315801.0,3e1a04a2,0.989
1456315801.0,31d0c179,0.949
1456315801.0,f5268ec9,0.999
1456315801.0,02d10a00,1.009
1456315801.0,168168ee,1.014
1456315801.0,54e2cab0,0.989
1456315801.0,c21f352d,0.959
1456315801.0,325d4b8f,0.989
1456315801.0,39409a93,0.989
1456315801.0,0675dfd1,0.989
1456315801.0,e2c6e599,0.989
1456315801.0,942c7429,1.009
1456315801.0,b8c293ba,1.019
1456315801.0,4438eb3c,1.009
1456315801.0,6fb66617,1.039
1456315801.0,e2800d44,0.959
1456315801.0,44d0cc01,0.989
1456315801.0,33f1b5fe,1.009
1456315801.0,34cd760d,0.969
1456315801.0,009091bb,0.979
1456315801.0,684a7ab7,0.949
1456315801.0,35e384e6,1.009
1456315801.0,385fa695,0.984
1456315801.0,d14573c7,0.989
1456315801.0,874f2a6f,0.0
1456315801.0,da19dfd3,0.979
1456315801.0,d7d071dd,0.979
1456315801.0,e83ab5b0,1.019
1456315801.0,ee1d296d,1.029
1456315801.0,49119bd2,0.959
1456315801.0,0af8f0f1,0.989
1456315801.0,350465a6,0.969
1456315801.0,cd84a2a9,0.989
1456315801.0,adcf8443,0.979
1456315801.0,579ffc07,0.999
1456315801.0,acd1503e,0.959
1456315801.0,9f0519b8,0.949
1456315801.0,f9e89c40,0.949
1456315801.0,476429df,0.979
1456315801.0,0c1688de,0.969
1456315801.0,7f870dfd,0.959
1456315801.0,2bb40266,0.989
1456315801.0,20ac7ec9,0.979
1456315801.0,3573c1c1,1.019
1456315801.0,8a7526b9,0.979
1456315801.0,bb8d0742,0.959
1456315801.0,3da96054,0.999
1456315801.0,7f6c2062,0.999
1456315801.0,776d441b,0.989
1456315801.0,b32ae972,1.019
1456315801.0,8fa20ff5,0.999
1456315801.0,c698b4f6,1.009
1456315801.0,036b80ad,0.959
1456315801.0,b7d1ee3a,1.009
1456315801.0,fee76af5,0.969
1456315801.0,95832b86,0.999
1456315801.0,c330d63c,0.979
1456315801.0,4ddf478c,0.999
1456315801.0,8de1231e,0.999
1456315801.0,809b9631,0.999
1456316041.0,f3834b4f,0.979
1456316041.0,ae0b5a92,0.959
1456316041.0,adcae45f,0.969
1456316041.0,e07c0604,0.969
1456316041.0,d2597bc8,0.959
1456316041.0,acb06eaf,0.959
1456316041.0,f72fa144,0.959
1456316041.0,cd730ee9,0.959
1456316041.0,047ea646,0.979
1456316041.0,76dccd6f,0.959
1456316041.0,9e687000,0.939
1456316041.0,fb0b1dcf,0.949
1456316041.0,e9776f5d,0.939
1456316041.0,d68ef316,0.999
1456316041.0,d98cee9c,0.939
1456316041.0,f4e60d5a,0.949
1456316041.0,d6a85f7b,0.959
1456316041.0,2c9a6a74,0.969
1456316041.0,4e7b5ef6,0.969
1456316041.0,4b841e5b,0.939
1456316041.0,893b96a5,1.009
1456316041.0,1686f694,0.939
1456316041.0,a75efbf5,0.939
1456316041.0,354d360a,0.939
1456316041.0,b583c190,1.009
1456316041.0,ebd3c375,0.999
1456316041.0,54ea7147,0.939
1456316041.0,f26d37c8,0.959
1456316041.0,ce75f1ed,1.019
1456316041.0,4721133a,0.959
1456316041.0,74b270e2,0.999
1456316041.0,b01ec055,0.979
1456316041.0,1176658b,0.979
1456316041.0,5ce9d453,0.969
1456316041.0,b7218e20,1.019
1456316041.0,6a471cde,0.949
1456316041.0,097b0d22,0.929
1456316041.0,5000f0c5,0.989
1456316041.0,26db277e,0.989
1456316041.0,72ceacae,0.969
1456316041.0,e1836722,0.929
1456316041.0,4d87940f,0.979
1456316041.0,0abfa69b,0.959
1456316041.0,00d1a6ab,1.009
1456316041.0,e53def27,1.019
1456316041.0,1beae976,0.999
1456316041.0,2d3bede8,0.979
1456316041.0,b46b0917,0.959
1456316041.0,c78ef341,0.979
1456316041.0,9f4abaf3,0.979
1456316041.0,9795d6a5,0.969
1456316041.0,a66ad3ee,0.969
1456316041.0,e571ac33,1.019
1456316041.0,da3e3f70,0.979
1456316041.0,de505192,0.999
1456316041.0,d1b70ad0,0.939
1456316041.0,5a55ec8e,0.979
1456316041.0,95cc0772,0.979
1456316041.0,60a86cf4,1.019
1456316041.0,2e136376,0.979
1456316041.0,8609cc97,0.949
1456316041.0,3a85d29b,0.989
1456316041.0,431a576a,0.959
1456316041.0,82f09d4f,0.969
1456316041.0,7ea9e64e,0.989
1456316041.0,00bb9689,0.969
1456316041.0,f86443f3,0.999
1456316041.0,6ef6d6cb,0.989
1456316041.0,403c6797,0.959
1456316041.0,0aececa4,0.969
1456316041.0,66cc688a,0.959
1456316041.0,d570c239,0.989
1456316041.0,5d34075a,0.999
1456316041.0,34062783,0.959
1456316041.0,,0.959
1456316041.0,75d484dc,0.979
1456316041.0,feda8910,0.979
1456316041.0,1d0693d6,1.009
1456316041.0,b4618121,0.969
1456316041.0,ca6cf07d,0.979
1456316041.0,7ab8a6b9,1.019
1456316041.0,d261d6e0,0.959
1456316041.0,29291727,0.989
1456316041.0,f1806c17,1.009
1456316041.0,b76eb8d7,0.949
1456316041.0,8e390e63,1.009
1456316041.0,7448deb7,0.979
1456316041.0,a57535f1,1.019
1456316041.0,784d4e2a,0.969
1456316041.0,29e75614,0.979
1456316041.0,adf7b918,0.989
1456316041.0,98e2efcd,0.979
1456316041.0,6ba4e2d1,0.989
1456316041.0,2eea7b6b,0.999
1456316041.0,0d5b98eb,1.029
1456316041.0,d662b253,0.979
1456316041.0,b44d5d41,0.999
1456316041.0,0fb8b04e,0.989
1456316041.0,cb7fae49,0.969
1456316041.0,60f04d2f,0.979
1456316041.0,874e2798,1.009
1456316041.0,29b24eee,0.989
1456316041.0,990356d6,0.969
1456316041.0,a5c5f9b2,0.999
1456316041.0,b0e18943,0.999
1456316041.0,b721ae36,0.949
1456316041.0,e87a6fdb,0.999
1456316041.0,623aaf90,1.019
1456316041.0,7993d053,1.009
1456316041.0,a3cd819d,0.949
1456316041.0,84e18861,0.989
1456316041.0,3b4ac733,1.009
1456316041.0,,0.969
1456316041.0,376e6a15,0.959
1456316041.0,33a8b66f,0.929
1456316041.0,a9e224de,0.939
1456316041.0,eee56c4d,1.009
1456316041.0,ba33f726,1.019
1456316041.0,813fd6aa,0.969
1456316041.0,e63c7432,1.029
1456316041.0,f66ed49b,1.009
1456316041.0,ace72885,0.979
1456316041.0,f105f24c,0.999
1456316041.0,c0ccdcc4,0.999
1456316041.0,64bb101c,0.999
1456316041.0,bc5fd80b,0.959
1456316041.0,b32694b6,0.969
1456316041.0,dd487ced,0.939
1456316041.0,ec3feaec,0.979
1456316041.0,b212ad4b,0.989
1456316041.0,f4333371,0.979
1456316041.0,2fe25570,0.969
1456316041.0,285927ae,0.959
1456316041.0,4c5615f5,0.959
1456316041.0,813a6cd1,0.999
1456316041.0,1c3d5b37,0.979
1456316041.0,,0.979
1456316041.0,bf425f54,0.949
1456316041.0,92eb0a93,0.999
1456316041.0,725ea57f,0.969
1456316041.0,212fd8e9,0.999
1456316041.0,d4a3f247,0.999
1456316041.0,7950522d,1.009
1456316041.0,87bbe419,0.979
1456316041.0,dff89479,0.989
1456316041.0,b6990863,1.019
1456316041.0,764a9f1e,0.949
1456316041.0,,1.009
1456316041.0,ac9715c2,0.989
1456316041.0,77cb599d,0.959
1456316041.0,02d10a00,1.009
1456316041.0,ca9bd89a,0.999
1456316041.0,ff19e550,0.959
1456316041.0,699fb3bc,1.019
1456316041.0,a374c73d,1.009
1456316041.0,50e8deb3,0.979
1456316041.0,,0.989
1456316041.0,8cb4fc7c,0.939
1456316041.0,72975548,1.009
1456316041.0,751be3f3,0.989
1456316041.0,47368d32,0.969
1456316041.0,ca804af5,0.999
1456316041.0,d5c5e431,0.959
1456316041.0,f11235cb,0.999
1456316041.0,ea5a9904,0.969
1456316041.0,d5b64c05,1.019
1456316041.0,a952ede9,0.979
1456316041.0,3be33cb4,0.969
1456316041.0,0afde6c7,0.969
1456316041.0,0f1a4e9a,1.039
1456316041.0,5695114d,0.969
1456316041.0,d7ee03a5,0.969
1456316041.0,aef0d8b9,1.019
1456316041.0,5043ba52,1.009
1456316041.0,5aa9311f,0.969
1456316041.0,94c17036,1.019
1456316041.0,18bd42e9,1.009
1456316041.0,a06379c3,0.979
1456316041.0,1744da60,0.989
1456316041.0,e89c4d58,0.949
1456316041.0,2e401955,0.979
1456316041.0,e17ef357,0.959
1456316041.0,f82bf8c5,0.949
1456316041.0,5aa8ba94,0.989
1456316041.0,b8fe1af4,0.949
1456316041.0,03ed2a59,0.969
1456316041.0,b6458958,0.959
1456316041.0,24398b7a,0.959
1456316041.0,07f1bf63,0.959
1456316041.0,4dc315a0,0.989
1456316041.0,43396ca7,0.999
1456316041.0,0b4a487b,1.009
1456316041.0,66ff2f80,1.009
1456316041.0,7f870dfd,0.939
1456316041.0,724b8382,0.989
1456316041.0,c0a4ac06,0.949
1456316041.0,9f5a9e69,0.949
1456316041.0,e526650e,0.929
1456316041.0,5470379e,0.999
1456316041.0,c96f410f,0.979
1456316041.0,890bbb28,1.009
1456316041.0,fa5a267f,1.029
1456316041.0,f856d6e0,0.979
1456316041.0,1054110c,0.944
1456316041.0,23cab4a8,0.969
1456316041.0,c973ec97,0.979
1456316041.0,1c504132,0.959
1456316041.0,4cdbbbb9,0.919
1456316041.0,981008e5,0.989
1456316041.0,f29f6270,0.949
1456316041.0,d96c180b,0.949
1456316041.0,856ff254,1.009
1456316041.0,193d5fa7,0.959
1456316041.0,c01aa13a,0.969
1456316041.0,d472efac,0.939
1456316041.0,d9bc9762,0.939
1456316041.0,8c7525a6,0.949
1456316041.0,0958f3bd,0.959
1456316041.0,73787573,0.939
1456316041.0,939b3a38,0.939
1456316041.0,e3a60e8a,0.959
1456316041.0,c53c6b6d,0.989
1456316041.0,a57ba9f4,1.009
1456316041.0,8d30c99a,0.969
1456316041.0,8928a7d8,0.989
1456316041.0,94c0e547,0.959
1456316041.0,b3d69d8e,0.959
1456316041.0,cc3eddf4,0.989
1456316041.0,225eaacb,0.979
1456316041.0,00faf6a6,0.959
1456316041.0,1edd50b1,0.979
1456316041.0,114606f9,0.929
1456316041.0,ae56e202,0.959
1456316041.0,2fd29268,0.949
1456316041.0,bba9fe67,0.939
1456316041.0,8af7e008,0.959
1456316041.0,ce8b60a3,0.949
1456316041.0,0123e797,0.949
1456316041.0,9e4730c6,0.989
1456316041.0,fb7ac0c9,1.019
1456316041.0,f6955150,0.939
1456316041.0,fa7a7823,0.959
1456316041.0,e5b25ce5,0.949
1456316041.0,1bce0e67,0.949
1456316041.0,5df9b393,0.969
1456316041.0,6ee20bbd,0.929
1456316041.0,27282b70,0.909
1456316041.0,8c7add3d,0.949
1456316041.0,27d9a178,0.959
1456316041.0,332ba2e4,0.929
1456316041.0,7ba64cab,0.929
1456316041.0,494f6481,0.969
1456316041.0,0f122625,0.989
1456316041.0,fc486af7,0.989
1456316041.0,c08ff843,0.969
1456316041.0,b559c5aa,0.979
1456316041.0,c12acf8f,0.929
1456316041.0,217404b2,0.959
1456316041.0,,0.979
1456316041.0,f4df3f30,0.979
1456316041.0,435e7b69,0.989
1456316041.0,4f362e94,0.989
1456316041.0,037aefcb,0.999
1456316041.0,56878753,0.959
1456316041.0,39ff66f8,0.969
1456316041.0,27612978,0.979
1456316041.0,dcfb9c34,0.999
1456316041.0,896245aa,1.049
1456316041.0,a6ea6f37,0.989
1456316041.0,9987c547,0.989
1456316041.0,3f144301,0.969
1456316041.0,e9b61dbc,0.989
1456316041.0,0a501873,0.999
1456316041.0,2b9cc40e,0.969
1456316041.0,50741464,0.979
1456316041.0,2caa67ec,0.979
1456316041.0,ecb99613,0.989
1456316041.0,7062eb92,0.999
1456316041.0,,0.989
1456316041.0,b6ac7c95,0.959
1456316041.0,85dcde4e,0.949
1456316041.0,eeb96d2d,0.989
1456316041.0,53216105,0.989
1456316041.0,3e1191fb,0.989
1456316041.0,9cb727d2,0.959
1456316041.0,7a952315,0.969
1456316041.0,53282654,0.989
1456316281.0,b3e77b0d,0.965
1456316281.0,5175d50a,0.979
1456316281.0,7459a6fe,1.029
1456316281.0,3b8b727e,0.999
1456316281.0,1809ed14,0.999
1456316281.0,4818c908,0.969
1456316281.0,bd3ac554,1.009
1456316281.0,6bf76c78,0.929
1456316281.0,085b13da,0.929
1456316281.0,5dd70488,0.989
1456316281.0,acfc25e6,0.959
1456316281.0,061deeda,0.989
1456316281.0,069182e4,0.999
1456316281.0,54ea7147,0.939
1456316281.0,51296782,0.969
1456316281.0,4721133a,0.929
1456316281.0,fc64f929,1.009
1456316281.0,671d6e1d,0.969
1456316281.0,1d2b410a,1.009
1456316281.0,45a492f6,0.969
1456316281.0,ef80204b,1.009
1456316281.0,a6e2e315,0.939
1456316281.0,,0.969
1456316281.0,e32371df,0.989
1456316281.0,8cc8a7cc,1.009
1456316281.0,7dfddaf9,0.969
1456316281.0,52f801fe,0.989
1456316281.0,e63a5c48,0.989
1456316281.0,9a099132,1.029
1456316281.0,b1111566,0.969
1456316281.0,2afeabea,0.999
1456316281.0,c3fac240,1.009
1456316281.0,77a337be,0.969
1456316281.0,98cb49b1,1.009
1456316281.0,2b390ecb,0.979
1456316281.0,237a7aef,0.979
1456316281.0,fae436b2,0.959
1456316281.0,1018f316,0.989
1456316281.0,6c406288,0.999
1456316281.0,5ae69800,0.959
1456316281.0,a4842df2,0.918
1456316281.0,0618ae27,0.989
1456316281.0,c8c9912f,1.019
1456316281.0,9795d6a5,0.959
1456316281.0,2e991b23,0.959
1456316281.0,ded1172c,0.959
1456316281.0,43e08abb,0.989
1456316281.0,,0.969
1456316281.0,8609cc97,0.919
1456316281.0,cd3580e7,0.999
1456316281.0,b00dd683,1.009
1456316281.0,139724a5,0.939
1456316281.0,7ea9e64e,0.989
1456316281.0,c52fae08,0.969
1456316281.0,0d8a8599,0.999
1456316281.0,253839e1,1.029
1456316281.0,6d37e962,0.979
1456316281.0,b69db0fc,1.039
1456316281.0,77979e7e,1.029
1456316281.0,c0aa824a,0.949
1456316281.0,ebd5c64b,1.019
1456316281.0,66cc688a,0.959
1456316281.0,fc998162,1.009
1456316281.0,e5cb0020,0.969
1456316281.0,5384cd69,0.999
1456316281.0,1223090e,0.989
1456316281.0,5a0fb607,1.009
1456316281.0,32399d22,0.999
1456316281.0,b54a85b1,0.949
1456316281.0,fd92c61e,1.009
1456316281.0,85f13a6c,0.979
1456316281.0,c2cb0818,0.969
1456316281.0,8983a3f5,0.979
1456316281.0,dd14d9c0,1.009
1456316281.0,94d5e6b7,0.999
1456316281.0,e87c38cc,1.009
1456316281.0,b1274f69,0.959
1456316281.0,7a34bcb6,0.949
1456316281.0,4fe7c8a5,0.987
1456316281.0,,0.969
1456316281.0,62f9d469,0.939
1456316281.0,f6e51b33,0.979
1456316281.0,6b50c140,1.019
1456316281.0,f9b9ebef,0.969
1456316281.0,8700c374,0.969
1456316281.0,24c9552e,0.999
1456316281.0,242f5c69,0.919
1456316281.0,460a378a,0.959
1456316281.0,27c16d5b,0.919
1456316281.0,911d629d,0.909
1456316281.0,e4f7133f,0.969
1456316281.0,e6fe3770,0.909
1456316281.0,11364835,0.939
1456316281.0,20c2b8e7,0.969
1456316281.0,f8bbef60,0.929
1456316281.0,30eed8b6,0.959
1456316281.0,a0f3c4eb,0.959
1456316281.0,2f20611a,0.959
1456316281.0,1f6ccf56,0.939
1456316281.0,8c85a27d,0.959
1456316281.0,11f3128c,0.979
1456316281.0,18df3f49,0.949
1456316281.0,a9f2eece,0.949
1456316281.0,cca8f84d,0.949
1456316281.0,6805990d,0.959
1456316281.0,9d2005fa,0.999
1456316281.0,f8b49237,0.969
1456316281.0,1df9dc01,1.019
1456316281.0,c648217d,0.959
1456316281.0,84167b40,0.969
1456316281.0,49ac9777,0.959
1456316281.0,b0e18943,0.969
1456316281.0,22bf0e3c,1.009
1456316281.0,946a6eb2,0.959
1456316281.0,9f7b3411,0.949
1456316281.0,fcbe2ffd,0.939
1456316281.0,348737ad,0.999
1456316281.0,a2943eb8,0.969
1456316281.0,1ae63c31,0.989
1456316281.0,6e62772c,0.979
1456316281.0,f8d0cb27,1.009
1456316281.0,199f5310,0.979
1456316281.0,b7f65739,0.949
1456316281.0,a4416f40,1.009
1456316281.0,bde06776,0.989
1456316281.0,67b3d058,1.009
1456316281.0,5da4505e,0.959
1456316281.0,4cd470ad,0.929
1456316281.0,f1a1555c,0.999
1456316281.0,5ae3e1ca,0.979
1456316281.0,346ffe81,0.959
1456316281.0,f39d03d7,0.949
1456316281.0,8babf7a8,0.979
1456316281.0,f649936e,1.019
1456316281.0,2b1d13c5,0.929
1456316281.0,3f9273de,0.989
1456316281.0,b0f4b28e,0.979
1456316281.0,e8befa14,1.009
1456316281.0,57c3f6b1,0.979
1456316281.0,50bbc649,0.949
1456316281.0,691bf1db,0.959
1456316281.0,bc5fd80b,0.949
1456316281.0,d3f0653f,1.019
1456316281.0,5459c738,0.959
1456316281.0,ca4047f3,0.979
1456316281.0,45dbb997,0.989
1456316281.0,c0debc06,0.914
1456316281.0,5f962ce2,0.999
1456316281.0,e30bdaa0,1.099
1456316281.0,26a6aed5,0.999
1456316281.0,d44b5cfb,0.959
1456316281.0,a2e94245,0.979
1456316281.0,337fe4d9,1.159
1456316281.0,1594dd58,1.024
1456316281.0,c97403d4,0.989
1456316281.0,4367b614,0.929
1456316281.0,ea01675f,0.939
1456316281.0,e40925fd,0.959
1456316281.0,9bf3cbf5,1.009
1456316281.0,a6443453,0.949
1456316281.0,4c7d1e42,1.009
1456316281.0,2e589edd,0.959
1456316281.0,942087ca,0.959
1456316281.0,66073ded,0.994
1456316281.0,d3063bdf,1.009
1456316281.0,6f825f6f,1.019
1456316281.0,47338686,0.969
1456316281.0,ab22dac4,0.989
1456316281.0,d5022b7f,0.969
1456316281.0,2275e3bb,0.949
1456316281.0,,0.969
1456316281.0,ab84ea8f,1.009
1456316281.0,e3c6260c,0.949
1456316281.0,161cb545,0.989
1456316281.0,b04f3f69,1.009
1456316281.0,94f34687,0.959
1456316281.0,bd6492b8,0.949
1456316281.0,d1b1547c,0.979
1456316281.0,cfaa81ec,0.984
1456316281.0,f4b9d561,0.979
1456316281.0,3cef8afc,0.939
1456316281.0,6fc48997,0.999
1456316281.0,61e52b01,0.989
1456316281.0,0b0f2129,0.959
1456316281.0,ed71c114,0.939
1456316281.0,9b127d1f,0.999
1456316281.0,3506918b,0.959
1456316281.0,dc48ebf6,0.959
1456316281.0,38a55267,0.969
1456316281.0,3167769c,0.969
1456316281.0,1744da60,0.999
1456316281.0,92978eb8,0.949
1456316281.0,d790573d,0.959
1456316281.0,18cc7b01,0.999
1456316281.0,1e88c869,0.969
1456316281.0,ee19e026,0.979
1456316281.0,792ef841,1.029
1456316281.0,7501bd18,0.939
1456316281.0,b2f56e84,0.979
1456316281.0,04b38cb5,0.939
1456316281.0,,0.999
1456316281.0,cd84a2a9,0.959
1456316281.0,a8595817,0.939
1456316281.0,a8605009,1.039
1456316281.0,74c7be75,1.029
1456316281.0,a9ec9678,0.979
1456316281.0,5e11ffcc,0.959
1456316281.0,a949a310,1.009
1456316281.0,d54e3a6e,0.959
1456316281.0,364488f7,0.959
1456316281.0,dbacecfb,0.959
1456316281.0,801a4bcc,0.949
1456316281.0,bda7134d,0.949
1456316281.0,60983be1,0.989
1456316281.0,83a4c48e,0.949
1456316281.0,75aac7da,0.959
1456316281.0,76a48cbe,0.949
1456316281.0,f6798657,0.949
1456316281.0,3cc9b59f,0.989
1456316281.0,210e50b8,0.979
1456316281.0,fc8f41b2,0.969
1456316281.0,c9e84600,0.979
1456316281.0,890bbb28,1.009
1456316281.0,01e0d345,0.949
1456316281.0,2f54d4c9,0.949
1456316281.0,5132fe1c,0.959
1456316281.0,2b987960,0.929
1456316281.0,dc944647,0.949
1456316281.0,961fadac,0.969
1456316281.0,27ed450f,0.949
1456316281.0,2b890110,0.929
1456316281.0,ae30d7e3,0.939
1456316281.0,1c504132,0.959
1456316281.0,dfa90483,0.959
1456316281.0,6d6a4209,0.949
1456316281.0,915f4559,0.979
1456316281.0,56ea4a71,0.959
1456316281.0,efc5b46c,0.949
1456316281.0,6e1a006b,0.959
1456316281.0,ae869c50,0.939
1456316281.0,5bb24e91,0.959
1456316281.0,9a2903a3,1.009
1456316281.0,7d967629,0.979
1456316281.0,66f21e35,0.959
1456316281.0,bf43b448,0.969
1456316281.0,b53fa888,0.949
1456316281.0,d1bc0e20,0.949
1456316281.0,552e6bdb,0.969
1456316281.0,e1936457,0.969
1456316281.0,0a2b6f09,0.959
1456316281.0,7cefc69f,0.929
1456316281.0,5e068b6e,0.979
1456316281.0,84387118,1.049
1456316281.0,2d4a2d35,0.929
1456316281.0,abc596af,0.979
1456316281.0,4d4b1ca0,0.959
1456316281.0,e4dcc2ad,0.999
1456316281.0,856ff254,0.979
1456316281.0,35c85b81,0.929
1456316281.0,d0c595a5,0.979
1456316281.0,cb71673a,0.989
1456316281.0,f1f57418,0.929
1456316281.0,6b62f260,0.969
1456316281.0,0ac38eb6,0.979
1456316281.0,db21940b,0.959
1456316281.0,2a684001,0.949
1456316281.0,029c6a16,0.979
1456316281.0,109f53f9,0.929
1456316281.0,1fb16863,0.949
1456316281.0,abd4db7e,0.949
1456316281.0,6fb50287,0.969
1456316281.0,12081217,0.959
1456316281.0,25afe900,0.979
1456316281.0,66a925d6,0.959
1456316281.0,f720cc81,0.949
1456316281.0,12d8c014,1.009
1456316281.0,13f4ef46,0.929
1456316281.0,a11d220b,0.979
1456316281.0,042407e0,0.979
1456316281.0,26664969,0.999
1456316281.0,bf08287b,0.959
1456316281.0,adc8589f,0.959
1456316281.0,cc3eddf4,0.979
1456316281.0,b4666217,0.959
1456316281.0,de162c11,0.919
1456316281.0,5c64167f,0.949
1456316281.0,810fc069,0.959
1456316281.0,d07d6e2f,0.999
1456316281.0,4f91a79a,0.959
1456316281.0,bcfc04fa,0.989
1456316281.0,ea6b204a,0.989
1456316281.0,3c76ded2,0.969
1456316281.0,9f42fd97,0.979
1456316281.0,0a0b5f30,0.949
1456316281.0,97e8ac48,0.939
1456316281.0,6117cbac,0.949
1456316281.0,89f88deb,0.999
1456316281.0,17b40c62,1.009
1456316281.0,5a549ff7,0.939
1456316281.0,10811cd9,1.019
1456316281.0,3ea2f9db,0.949
1456316281.0,5d3a9ec2,0.999
1456316281.0,2fd29268,0.949
1456316281.0,fc85b951,0.979
1456316281.0,90bcaabc,0.949
1456316281.0,ea4294e9,0.959
1456316281.0,2df557df,0.939
1456316281.0,0123e797,0.939
1456316281.0,9e4730c6,0.979
1456316281.0,305cecfe,0.979
1456316281.0,ef7135fb,0.969
1456316281.0,67ceb000,0.989
1456316281.0,baba3913,0.989
1456316281.0,957e19a6,0.929
1456316281.0,548901d6,0.989
1456316281.0,7d8f6829,0.989
1456316281.0,fb7ac0c9,0.999
1456316281.0,b72ae868,0.989
1456316281.0,d224352c,0.929
1456316281.0,16fa63dc,0.989
1456316281.0,b9d3793b,0.949
1456316281.0,019e00fb,0.949
1456316281.0,5cb13083,0.969
1456316281.0,f6a0a590,0.979
1456316281.0,fa7a7823,0.949
1456316281.0,075d1e16,0.939
1456316281.0,1bce0e67,0.949
1456316281.0,733cb25c,0.959
1456316281.0,2c111d16,0.949
1456316281.0,fdcc2a55,0.939
1456316281.0,5daabe07,0.979
1456316281.0,b661e7f7,0.929
1456316281.0,b6daf677,0.969
1456316281.0,006407b4,0.949
1456316281.0,8ec1148e,0.979
1456316281.0,55148824,0.959
1456316281.0,dc4c222b,0.969
1456316281.0,bc4de9b2,0.979
1456316281.0,3be6fb85,0.959
1456316281.0,0a6aaa10,0.969
1456316281.0,3fa722ab,0.989
1456316281.0,c984e1be,0.969
1456316281.0,46ad9f53,0.949
1456316281.0,56d52752,0.989
1456316281.0,a167f6d7,0.979
1456316281.0,f98ff970,0.979
1456316281.0,7cc832ba,0.949
1456316281.0,7144f556,0.959
1456316281.0,677b8f35,0.939
1456316281.0,1cedaf70,0.959
1456316281.0,,0.959
1456316281.0,79b4bdb6,1.009
1456316281.0,7ae8737b,0.939
1456316281.0,7ba64cab,0.929
1456316281.0,14d17f9a,0.949
1456316281.0,66af339e,0.939
1456316281.0,494f6481,0.959
1456316281.0,,0.979
1456316281.0,decd254e,0.979
1456316281.0,7f6c2062,0.979
1456316281.0,1f6c44dc,0.979
1456316281.0,38ead0e8,0.969
1456316281.0,c846f887,0.979
1456316281.0,3168ab53,0.979
1456316281.0,910dca6c,0.999
1456316281.0,3a3def5d,0.969
1456316281.0,40fe1f50,0.969
1456316281.0,67c5b01c,0.959
1456316281.0,76ab87bf,0.949
1456316281.0,873835b6,0.979
1456316281.0,5c335fc8,0.969
1456316281.0,,0.969
1456316281.0,3f3540c1,0.939
1456316281.0,5eb29de6,0.969
1456316281.0,9514a2c3,0.959
1456316281.0,3363f966,0.989
1456316281.0,0b1eb29a,0.979
1456316281.0,f1e93609,0.949
1456316281.0,944ee682,0.969
1456316281.0,7c8784c0,0.999
1456316281.0,863b1324,0.949
1456316281.0,28664934,1.009
1456316281.0,2ab8cee3,0.989
1456316281.0,ded8bee6,0.969
1456316281.0,441f2c5b,0.989
1456316281.0,a8bb8cc7,0.959
1456316281.0,837ae634,0.989
1456316521.0,8f921904,0.979
1456316521.0,04e35776,0.999
1456316521.0,cbf8d95f,0.979
1456316521.0,58d48103,0.999
1456316521.0,82444c93,0.999
1456316521.0,acfc25e6,0.959
1456316521.0,069182e4,0.999
1456316521.0,271e2be1,0.999
1456316521.0,304be57d,1.009
1456316521.0,c5b39c57,0.969
1456316521.0,4281b5d2,0.959
1456316521.0,9bf65a40,0.989
1456316521.0,be11dd72,0.999
1456316521.0,f38a8116,0.969
1456316521.0,170daeaf,1.029
1456316521.0,655988e9,0.989
1456316521.0,d89d5f83,0.969
1456316521.0,d17204b8,1.009
1456316521.0,e790ca88,0.969
1456316521.0,df0d590a,1.029
1456316521.0,eeb16be0,0.949
1456316521.0,23e9a491,1.019
1456316521.0,696e88f4,0.959
1456316521.0,60cf6168,1.029
1456316521.0,de920e08,0.969
1456316521.0,d367f64c,0.989
1456316521.0,2b60b515,0.989
1456316521.0,e8f89f23,0.949
1456316521.0,4418fdab,0.949
1456316521.0,4a10a924,1.009
1456316521.0,8659a4a3,0.979
1456316521.0,de505192,0.989
1456316521.0,12d8b2e2,0.989
1456316521.0,f74600d5,0.979
1456316521.0,3a9fbebb,0.979
1456316521.0,39bde8e3,1.019
1456316521.0,22b994a8,0.999
1456316521.0,ae779650,1.009
1456316521.0,ec4683cf,0.979
1456316521.0,00bb9689,0.999
1456316521.0,d0af3229,1.009
1456316521.0,0d8a8599,0.989
1456316521.0,118d4934,1.019
1456316521.0,bd7cef0f,0.989
1456316521.0,2a8db2e4,0.989
1456316521.0,b59cf984,0.984
1456316521.0,d6e3342a,0.999
1456316521.0,22bd49d5,1.019
1456316521.0,0657e6a3,0.979
1456316521.0,22d16d09,0.969
1456316521.0,1d3d3ee8,0.979
1456316521.0,e6c64a05,0.979
1456316521.0,4b926ccb,0.929
1456316521.0,bf87bcf0,0.979
1456316521.0,d15de565,1.009
1456316521.0,19677f59,0.979
1456316521.0,3b3dda8f,0.969
1456316521.0,13228d53,0.999
1456316521.0,95a3de9e,0.959
1456316521.0,29bd5a9a,0.959
1456316521.0,bd1e659d,0.999
1456316521.0,8e390e63,0.999
1456316521.0,f521cc41,0.979
1456316521.0,658748ac,0.979
1456316521.0,29e75614,0.986
1456316521.0,39c5a6e0,1.029
1456316521.0,adf7b918,0.979
1456316521.0,eca01ef8,1.019
1456316521.0,62f9d469,0.939
1456316521.0,883007ed,0.969
1456316521.0,9852ddd5,0.959
1456316521.0,b5dfdabd,0.989
1456316521.0,34b00dee,0.959
1456316521.0,b46502fa,1.009
1456316521.0,f723b50e,0.969
1456316521.0,dee66d10,0.969
1456316521.0,f4387d6e,0.979
1456316521.0,00b2809d,0.969
1456316521.0,e7ec8759,0.959
1456316521.0,597a414c,0.969
1456316521.0,9593b2f6,0.929
1456316521.0,2b6d5808,0.939
1456316521.0,66da4817,0.979
1456316521.0,97f7398e,0.959
1456316521.0,51ebd486,0.939
1456316521.0,4f5899c2,0.939
1456316521.0,8f268946,0.929
1456316521.0,fa862834,0.939
1456316521.0,4e74bd65,0.979
1456316521.0,79f785eb,0.989
1456316521.0,68492368,0.949
1456316521.0,1a0f3e2b,0.949
1456316521.0,a7be9b25,0.939
1456316521.0,,0.979
1456316521.0,cf8764e5,0.979
1456316521.0,b2f45931,0.939
1456316521.0,67c6aa2e,0.929
1456316521.0,53410888,0.929
1456316521.0,e904bee6,0.939
1456316521.0,5c0d42b0,0.959
1456316521.0,8bbde82e,0.939
1456316521.0,25a151c2,0.979
1456316521.0,534bd2b7,0.979
1456316521.0,82c7766b,0.929
1456316521.0,110c184e,0.949
1456316521.0,787e80bd,0.979
1456316521.0,56995334,0.919
1456316521.0,47fbea4a,0.989
1456316521.0,ac4a6914,0.989
1456316521.0,66ef9bdc,0.949
1456316521.0,8a924c37,0.939
1456316521.0,37e841fa,0.949
1456316521.0,7e5a6d3f,0.939
1456316521.0,5cec73e9,0.939
1456316521.0,4b507efb,0.959
1456316521.0,cdf81365,0.979
1456316521.0,a3599c26,0.939
1456316521.0,9f3d710c,0.939
1456316521.0,f58df524,0.949
1456316521.0,e546cc05,0.949
1456316521.0,1b364f19,0.929
1456316521.0,3da081b6,0.949
1456316521.0,5dbdb1ad,0.929
1456316521.0,19e1ff00,0.919
1456316521.0,ab493d35,0.939
1456316521.0,a314e8b8,0.999
1456316521.0,a6980904,0.989
1456316521.0,c443c505,0.949
1456316521.0,82d0b907,0.949
1456316521.0,7cf9c06f,0.949
1456316521.0,59698c83,0.969
1456316521.0,9124d12a,0.959
1456316521.0,d14d8358,0.959
1456316521.0,49f4ee4f,0.979
1456316521.0,855563c1,0.929
1456316521.0,d74429a3,0.929
1456316521.0,4f434ea1,0.959
1456316521.0,1bdb889f,0.929
1456316521.0,9ffeb5ed,0.979
1456316521.0,cef28ece,0.969
1456316521.0,dafee924,0.939
1456316521.0,897a7af7,0.969
1456316521.0,55446f74,0.979
1456316521.0,11b2e08c,0.909
1456316521.0,2771327d,0.949
1456316521.0,c5bb659b,0.929
1456316521.0,54d2b984,0.929
1456316521.0,1dd5e241,0.969
1456316521.0,4a6264de,0.969
1456316521.0,bf8c6324,0.939
1456316521.0,c6d44191,0.949
1456316521.0,e39a2c78,0.969
1456316521.0,258c7298,0.949
1456316521.0,c86a322d,0.949
1456316521.0,e4d3e8f1,0.979
1456316521.0,7ccb6541,0.949
1456316521.0,f19a2bc5,0.939
1456316521.0,62d555b9,0.959
1456316521.0,b015481a,0.939
1456316521.0,39dc218a,0.949
1456316521.0,9d8369d3,0.949
1456316521.0,771baacf,0.979
1456316521.0,2ede932c,0.999
1456316521.0,2815cfa2,0.959
1456316521.0,f65e3be6,0.959
1456316521.0,7250f4a7,0.959
1456316521.0,79470901,0.929
1456316521.0,e02ea09b,0.999
1456316521.0,054077ee,0.969
1456316521.0,ed9d46be,0.909
1456316521.0,abf096af,0.919
1456316521.0,aac6abb7,0.909
1456316521.0,6eb8cb33,0.989
1456316521.0,0b7c0786,0.979
1456316521.0,253ddd10,0.939
1456316521.0,a5f3a822,0.959
1456316521.0,140514a1,0.949
1456316521.0,a44434de,0.989
1456316521.0,c1342b0e,0.959
1456316521.0,9c7e6b4f,0.929
1456316521.0,1c5f0504,0.939
1456316521.0,a4087b5f,0.939
1456316521.0,44adf9c1,0.939
1456316521.0,b2fa05f2,0.949
1456316521.0,d1b50fc2,0.969
1456316521.0,95fbf71d,0.919
1456316521.0,9bd9827c,0.959
1456316521.0,ed8f4b16,0.929
1456316521.0,1c38d39c,0.939
1456316521.0,f08235a1,0.949
1456316521.0,78563886,0.939
1456316521.0,2359a629,0.919
1456316521.0,ed63a8a7,0.969
1456316521.0,cc42928d,0.969
1456316521.0,80da2bc7,0.929
1456316521.0,04c55c68,0.969
1456316521.0,45cfc4a3,0.939
1456316521.0,1017cdb3,0.939
1456316521.0,1dba321b,0.919
1456316521.0,41225b43,0.959
1456316521.0,2d43a4bd,0.999
1456316521.0,,0.959
1456316521.0,a07eee38,0.989
1456316521.0,60187048,0.939
1456316521.0,a612d3c6,0.979
1456316521.0,905563bb,0.929
1456316521.0,9dfbd4dd,0.939
1456316521.0,945346f0,0.929
1456316521.0,7df2f7b0,0.919
1456316521.0,37a4ac8d,0.929
1456316521.0,ad1b0b58,0.949
1456316521.0,c687a4a1,0.929
1456316521.0,f11f062c,0.969
1456316521.0,e705c307,0.919
1456316521.0,83c9051f,0.989
1456316521.0,5d362644,0.989
1456316521.0,693a0585,0.959
1456316521.0,475024c4,0.919
1456316521.0,a656288b,0.969
1456316521.0,8f94226a,0.969
1456316521.0,d5118031,0.979
1456316521.0,8b5242d3,0.969
1456316521.0,7636eabf,0.939
1456316521.0,7bdc8aa9,0.929
1456316521.0,da28f05d,0.929
1456316521.0,c296d5cd,0.949
1456316521.0,5165f4e5,0.939
1456316521.0,96ad35a6,0.949
1456316521.0,ad25712e,0.929
1456316521.0,d137631c,0.949
1456316521.0,ef95782d,0.939
1456316521.0,dbc1bba3,0.939
1456316521.0,3b9765f2,0.939
1456316521.0,27b7f65f,0.929
1456316521.0,5d12f54e,0.929
1456316521.0,9d3391d9,0.989
1456316521.0,2bc0bc0e,0.959
1456316521.0,dfda908c,0.979
1456316521.0,c47ae9d4,0.919
1456316521.0,f5f69c31,0.969
1456316521.0,5b0a88cf,0.969
1456316521.0,e4d30463,0.939
1456316521.0,f4d0450c,0.949
1456316521.0,a9ac5dea,0.949
1456316521.0,b912a2af,0.959
1456316521.0,250f245f,0.989
1456316521.0,a7984b2a,0.969
1456316521.0,5001b72b,0.959
1456316521.0,3a2d39a0,0.949
1456316521.0,0d26cc8d,0.959
1456316521.0,d342f583,0.939
1456316521.0,ad0d24dc,0.939
1456316521.0,d33b9af4,0.949
1456316521.0,0cdf8545,0.959
1456316521.0,bde67b17,0.959
1456316521.0,83748919,0.949
1456316521.0,acd894be,0.919
1456316521.0,6515c8c1,0.929
1456316521.0,8a338e32,0.949
1456316521.0,dd784264,0.959
1456316521.0,2e51dede,0.919
1456316521.0,d6aad50a,0.959
1456316521.0,ee122c11,0.949
1456316521.0,cd422423,0.999
1456316521.0,6c60b697,0.939
1456316521.0,ffb71aa8,0.939
1456316521.0,a5d6f2dd,0.929
1456316521.0,1dc8cdb7,0.929
1456316521.0,eb783f5d,0.939
1456316521.0,94a8272b,0.979
1456316521.0,3c2e16c2,0.959
1456316521.0,0264d325,0.969
1456316521.0,f136dec4,0.959
1456316521.0,75e3e514,0.949
1456316521.0,d2fc2219,0.959
1456316521.0,796e138b,0.929
1456316521.0,0538e9ee,0.959
1456316521.0,1ea7ac66,0.999
1456316521.0,ec934b69,0.949
1456316521.0,8a440ea4,0.979
1456316521.0,7a05b007,0.959
1456316521.0,8983b1fe,0.979
1456316521.0,065dc992,0.969
1456316521.0,063c7988,0.979
1456316521.0,db856260,0.999
1456316521.0,eea64b3d,1.019
1456316521.0,14296800,0.979
1456316521.0,625f6c86,0.979
1456316521.0,b338177f,0.979
1456316521.0,eada05de,0.969
1456316521.0,0d20ed99,0.979
1456316521.0,74903af4,0.949
1456316521.0,2229a37a,0.959
1456316521.0,1cbb92e5,0.969
1456316521.0,70e22a28,0.989
1456316521.0,4af2260b,0.969
1456316521.0,668ef0e0,0.949
1456316521.0,d9811c4e,1.009
1456316521.0,a4a6b026,0.959
1456316521.0,76e0e2ad,0.999
1456316521.0,aa882ae6,0.999
1456316521.0,016f3133,0.959
1456316521.0,6f7da555,0.959
1456316521.0,86b4e823,0.969
1456316521.0,5d04b2ad,0.979
1456316521.0,384af07c,0.969
1456316521.0,ab473015,0.999
1456316521.0,e766a873,0.999
1456316521.0,05845b5e,0.989
1456316521.0,ea5a2a30,0.979
1456316521.0,7ca6fc38,0.969
1456316521.0,2ce7ea0e,0.989
1456316521.0,74d77c58,0.994
1456316521.0,5d8dcd1a,0.979
1456316521.0,be9c118a,0.969
1456316521.0,b7bf446d,0.919
1456316521.0,6479b534,0.969
1456316521.0,f8ed5739,0.999
1456316521.0,d1749881,1.019
1456316521.0,0f93d061,0.969
1456316521.0,bd42a430,0.949
1456316521.0,95d6571c,1.009
1456316521.0,531354ab,0.979
1456316521.0,756b37e6,0.969
1456316521.0,8f39da00,0.989
1456316521.0,7a03b89d,0.979
1456316521.0,48a1c30a,0.959
1456316521.0,437a065e,0.989
1456316521.0,,0.969
1456316521.0,5e3c55e4,0.969
1456316521.0,3ecb2b24,0.999
1456316521.0,0bfb8ade,0.979
1456316521.0,abf7041a,0.939
1456316521.0,,0.989
1456316521.0,a813c756,1.029
1456316521.0,95ff6d3a,0.958
1456316521.0,ec2d78c3,0.969
1456316521.0,06fb0c54,0.989
1456316521.0,699fb3bc,1.009
1456316521.0,a6d6ba59,0.979
1456316521.0,6357dca2,0.999
1456316521.0,00960a86,0.959
1456316521.0,4438eb3c,0.999
1456316521.0,42917976,1.049
1456316521.0,bd6492b8,0.949
1456316521.0,bfadc236,1.029
1456316521.0,aa5647b4,0.969
1456316521.0,1fdc64f7,0.969
1456316521.0,e52d40e7,0.979
1456316521.0,b6c365a0,0.999
1456316521.0,,0.989
1456316521.0,52e3bfc8,0.929
1456316521.0,3cef8afc,0.949
1456316521.0,d20a9f5b,0.959
1456316521.0,9fe5444d,0.989
1456316521.0,c7922998,0.959
1456316521.0,f28d04f5,0.989
1456316521.0,7a3844f2,0.929
1456316521.0,5dcd5582,0.969
1456316521.0,a03824da,0.989
1456316521.0,b551edc5,0.959
1456316521.0,12b36b1c,0.959
1456316521.0,7e1e9940,0.919
1456316521.0,df7154f6,0.919
1456316521.0,85bf59ba,0.979
1456316521.0,b9535339,0.919
1456316521.0,cfaad8a4,0.969
1456316521.0,5321252a,0.989
1456316521.0,c7f22027,1.009
1456316521.0,f02aba4d,0.959
1456316521.0,3adfecf0,0.969
1456316521.0,4d47a676,0.979
1456316521.0,cef8a5ba,0.939
1456316521.0,9f0519b8,0.969
1456316521.0,ca39cb77,0.999
1456316521.0,6842cc4a,0.939
1456316521.0,91211c7b,0.959
1456316521.0,f290a992,0.979
1456316521.0,c76359a4,0.949
1456316521.0,fc8f41b2,0.939
1456316521.0,02065938,0.969
1456316521.0,32f0b93e,0.959
1456316521.0,02a3ff50,0.959
1456316521.0,c2caedd9,0.949
1456316521.0,9247febd,0.929
1456316521.0,864a3cb2,0.979
1456316521.0,74776924,0.949
1456316521.0,3db9e3a9,0.949
1456316521.0,915f4559,0.969
1456316521.0,efc5b46c,0.949
1456316521.0,9a2903a3,0.999
1456316521.0,bcab79d7,0.969
1456316521.0,3cb9cc00,0.949
1456316521.0,b7496873,0.939
1456316521.0,107d750c,0.969
1456316521.0,5d0bbc06,0.939
1456316521.0,3b68a541,0.969
1456316521.0,0ac38eb6,0.969
1456316521.0,c59b6311,0.959
1456316521.0,12081217,0.959
1456316521.0,a11d220b,0.979
1456316521.0,e567333d,0.969
1456316521.0,042407e0,0.959
1456316521.0,abe52a6d,0.969
1456316521.0,8d437dd2,0.949
1456316521.0,4c39660b,0.949
1456316521.0,8bbd302b,0.959
1456316521.0,a49f5d4b,0.979
1456316521.0,10811cd9,0.989
1456316521.0,5d3a9ec2,0.979
1456316521.0,fc85b951,0.979
1456316521.0,8af7e008,0.949
1456316521.0,ea4294e9,0.959
1456316521.0,019e00fb,0.939
1456316521.0,27824fdf,0.949
1456316521.0,92dfb6d0,0.949
1456316521.0,757cb5e7,0.969
1456316521.0,00d6d029,0.969
1456316521.0,1f311bb3,0.939
1456316521.0,ff41b63f,0.959
1456316521.0,0ee7204e,0.969
1456316521.0,006407b4,0.949
1456316521.0,bc4de9b2,0.979
1456316521.0,3fa722ab,0.979
1456316521.0,4e6d2a07,0.989
1456316521.0,7ae8737b,0.939
1456316521.0,e5cba29c,0.959
1456316521.0,973748fa,0.959
1456316521.0,d2e84b49,0.959
1456316521.0,2bb40266,0.979
1456316521.0,f867d11b,0.929
1456316521.0,2ecadcf6,0.979
1456316521.0,265be8c2,0.999
1456316521.0,1f6c44dc,1.009
1456316521.0,db680fc7,0.989
1456316521.0,d6c505e9,0.999
1456316521.0,982daa57,0.979
1456316521.0,c3e9fea8,0.984
1456316521.0,3168ab53,0.979
1456316521.0,1a6fd67e,1.009
1456316521.0,828ee9a9,0.979
1456316521.0,2fc85e52,0.979
1456316521.0,741f3aab,1.009
1456316521.0,c57bb6b4,0.969
1456316521.0,e4f15ee0,1.019
1456316521.0,6f93e9a4,0.969
1456316521.0,4d5f25c7,0.969
1456316521.0,0eeb22de,1.029
1456316521.0,ceb1fd3e,0.969
1456316521.0,0cbee1b5,1.0
1456316521.0,096893a3,0.989
1456316521.0,842da93a,0.989
1456316521.0,82c54482,0.979
1456316521.0,0664aa97,0.979
1456316761.0,f3834b4f,0.959
1456316761.0,2fbb9c5a,0.949
1456316761.0,0aeed7ce,0.949
1456316761.0,5215269b,0.979
1456316761.0,5175d50a,0.969
1456316761.0,7632d7b7,0.959
1456316761.0,3a4ffbbf,0.979
1456316761.0,19296a92,0.989
1456316761.0,0d102e85,0.939
1456316761.0,1de27695,0.949
1456316761.0,131f0b17,0.959
1456316761.0,930a4c50,1.009
1456316761.0,cf4010a3,0.959
1456316761.0,ef6d9b93,0.949
1456316761.0,53bdc202,0.949
1456316761.0,d2578b12,0.959
1456316761.0,badf7961,0.979
1456316761.0,d355e704,0.959
1456316761.0,52ff86b2,0.949
1456316761.0,4dc57f20,0.989
1456316761.0,da976067,0.939
1456316761.0,e1320330,0.959
1456316761.0,30797552,0.909
1456316761.0,fb0b1dcf,0.949
1456316761.0,cfd74c18,0.969
1456316761.0,3f38fa55,0.949
1456316761.0,2ec1e1ad,0.919
1456316761.0,92512d7c,0.969
1456316761.0,721139ba,0.979
1456316761.0,b38c29e8,0.949
1456316761.0,68d5e021,0.959
1456316761.0,abb42d56,0.949
1456316761.0,45924c70,0.909
1456316761.0,c0b82c6f,0.909
1456316761.0,7f555c9e,0.989
1456316761.0,beb3b49b,0.919
1456316761.0,a93143e5,0.969
1456316761.0,da9fe8af,0.949
1456316761.0,f2d26e3e,0.929
1456316761.0,e10ccff9,0.959
1456316761.0,ae55b396,0.979
1456316761.0,a790f6d4,0.939
1456316761.0,87580f67,0.969
1456316761.0,d54b3228,0.909
1456316761.0,68a6f582,0.959
1456316761.0,ecfdcbbe,0.959
1456316761.0,3f1cb112,0.989
1456316761.0,6610198a,0.989
1456316761.0,2c776012,0.959
1456316761.0,d6ae9903,0.979
1456316761.0,9c8152bc,0.959
1456316761.0,bf5b9c36,0.959
1456316761.0,18436369,0.959
1456316761.0,55da4d14,0.959
1456316761.0,bd86f3ea,0.959
1456316761.0,5b75cc8d,0.959
1456316761.0,58dfb803,0.989
1456316761.0,effc0f5f,0.999
1456316761.0,9a006df7,0.979
1456316761.0,57b9cbf6,0.979
1456316761.0,671a83b1,0.979
1456316761.0,f324dab6,0.989
1456316761.0,59e24118,0.989
1456316761.0,74eff60f,0.969
1456316761.0,583bd0d6,0.929
1456316761.0,fbe17e11,0.979
1456316761.0,9b9dfb22,0.979
1456316761.0,6e67857f,0.969
1456316761.0,953452fa,0.999
1456316761.0,ca5390ed,0.959
1456316761.0,09c88ed9,0.989
1456316761.0,7d1cd9cd,0.949
1456316761.0,242f842b,0.909
1456316761.0,ed94db5a,1.029
1456316761.0,6cfd795c,0.979
1456316761.0,a4d2bd28,0.949
1456316761.0,a2ab785a,0.969
1456316761.0,09f3e38a,1.009
1456316761.0,06f8b9dc,0.999
1456316761.0,2a7a2a42,1.039
1456316761.0,84705f45,0.979
1456316761.0,21a0bd76,0.989
1456316761.0,3f5ce6b8,1.009
1456316761.0,b60e1ffb,1.029
1456316761.0,31105aa7,1.009
1456316761.0,0ecd3674,0.989
1456316761.0,e1307a34,0.999
1456316761.0,0ea03633,0.969
1456316761.0,eac0620e,0.969
1456316761.0,3d817cf9,0.989
1456316761.0,b09088a6,0.969
1456316761.0,0670c33b,1.009
1456316761.0,30546742,0.969
1456316761.0,f6308e2a,0.959
1456316761.0,626c6699,0.949
1456316761.0,c5cb9d46,0.979
1456316761.0,d6832363,0.949
1456316761.0,577be558,0.979
1456316761.0,2f398586,0.939
1456316761.0,3d3db611,0.989
1456316761.0,59bf4a11,0.929
1456316761.0,c25c5571,0.959
1456316761.0,c22091a3,0.979
1456316761.0,d95bf294,0.989
1456316761.0,69206b79,0.999
1456316761.0,eda8c21c,0.949
1456316761.0,cbf8e978,0.929
1456316761.0,34adc4e3,1.009
1456316761.0,45b5a310,0.979
1456316761.0,c065b81d,0.964
1456316761.0,92bebd84,0.989
1456316761.0,814d74ac,0.949
1456316761.0,70571d8c,0.909
1456316761.0,4a647add,0.984
1456316761.0,c1eb66c5,0.989
1456316761.0,ffaebdb9,0.989
1456316761.0,c20a8487,0.969
1456316761.0,b3646450,0.959
1456316761.0,50518311,0.919
1456316761.0,6797c38e,1.039
1456316761.0,301f8f7b,1.029
1456316761.0,b0a3504b,0.989
1456316761.0,e16e5312,0.999
1456316761.0,cf68ef20,0.999
1456316761.0,3b728838,0.999
1456316761.0,e6d32ea4,1.009
1456316761.0,9d2aa0e1,0.999
1456316761.0,193a59df,0.959
1456316761.0,53f24788,1.029
1456316761.0,ca13e033,0.929
1456316761.0,899f46c2,0.939
1456316761.0,036e385d,0.969
1456316761.0,9e6ada8a,1.019
1456316761.0,27f821f1,0.977
1456316761.0,06abd985,0.929
1456316761.0,bf64b735,0.979
1456316761.0,acf2a6b8,0.969
1456316761.0,d59d4bb4,0.959
1456316761.0,f4507e0e,0.939
1456316761.0,4d77b026,0.979
1456316761.0,801653fe,1.019
1456316761.0,7f6effac,0.939
1456316761.0,581713fc,0.999
1456316761.0,373fd05a,0.919
1456316761.0,7a876cfb,0.949
1456316761.0,13247f37,0.959
1456316761.0,65868958,0.999
1456316761.0,6d5dfb36,0.929
1456316761.0,e1fb8011,0.919
1456316761.0,beb2cad8,0.989
1456316761.0,7fa92b87,0.994
1456316761.0,68e5bc6e,0.959
1456316761.0,1e041b07,0.949
1456316761.0,aafb9292,0.919
1456316761.0,2c716111,0.989
1456316761.0,763d4744,0.979
1456316761.0,6197a70d,0.979
1456316761.0,d9422725,0.939
1456316761.0,e0862fc2,0.979
1456316761.0,f2d1f1fa,0.909
1456316761.0,cc9fe40d,0.989
1456316761.0,b47f33d8,0.989
1456316761.0,493b6369,0.939
1456316761.0,878b98a2,0.939
1456316761.0,a64de619,0.919
1456316761.0,5762e9a9,0.989
1456316761.0,445ead90,0.949
1456316761.0,0b1b5508,0.939
1456316761.0,65d912cc,0.959
1456316761.0,47fbea4a,0.979
1456316761.0,23728172,0.969
1456316761.0,2132dc97,0.939
1456316761.0,a8c6b173,0.979
1456316761.0,b1628a80,0.939
1456316761.0,211adcfd,0.949
1456316761.0,b45d7a66,0.939
1456316761.0,7970752a,0.969
1456316761.0,db623e54,0.919
1456316761.0,2a937026,0.929
1456316761.0,e3e96875,0.939
1456316761.0,99079efc,0.989
1456316761.0,ed65aebc,0.929
1456316761.0,68f4a74c,0.939
1456316761.0,a7f61984,0.949
1456316761.0,dd4866c8,0.979
1456316761.0,e6ed3bb4,0.939
1456316761.0,9fd35589,0.969
1456316761.0,b3fefca1,0.949
1456316761.0,ee5bb484,0.969
1456316761.0,39b11db0,0.979
1456316761.0,9d16cf9e,0.949
1456316761.0,d64a25e0,0.929
1456316761.0,bd03317d,0.949
1456316761.0,165068db,0.959
1456316761.0,9c16f557,0.919
1456316761.0,cb601f93,0.929
1456316761.0,c7095984,0.959
1456316761.0,2d673aaf,0.949
1456316761.0,eecbf37e,0.969
1456316761.0,f9cd1d8c,0.979
1456316761.0,20c6635d,0.969
1456316761.0,514e885f,0.969
1456316761.0,cd0b941e,0.939
1456316761.0,90bd0a2b,0.929
1456316761.0,d0af609e,0.989
1456316761.0,545c4117,0.919
1456316761.0,0f283ef6,0.939
1456316761.0,eaa7c105,0.919
1456316761.0,2ab02348,0.929
1456316761.0,c2d5f6c8,0.919
1456316761.0,75dd982a,0.949
1456316761.0,a82492d6,0.989
1456316761.0,3056759f,0.949
1456316761.0,6d9dcb86,0.969
1456316761.0,9d522e7b,0.959
1456316761.0,2b8e75ca,0.949
1456316761.0,b6774f71,0.959
1456316761.0,,0.949
1456316761.0,38aa9352,0.989
1456316761.0,4c7b82d0,0.999
1456316761.0,18bddc12,0.949
1456316761.0,de8b3026,0.949
1456316761.0,e5ead47b,0.939
1456316761.0,475801e2,0.989
1456316761.0,83c02c47,0.939
1456316761.0,fa4b4bff,0.939
1456316761.0,0ecf4b78,0.969
1456316761.0,ffb3e589,0.919
1456316761.0,96a5f54a,0.969
1456316761.0,1017cdb3,0.929
1456316761.0,da3bff43,0.949
1456316761.0,0c07c233,0.929
1456316761.0,cc9dcdfc,0.939
1456316761.0,ad269c98,0.969
1456316761.0,891c9c5c,0.949
1456316761.0,c8da9d10,0.949
1456316761.0,6934dd1a,0.969
1456316761.0,b2b56b82,0.999
1456316761.0,cb40cd62,0.929
1456316761.0,8ae5c667,0.969
1456316761.0,8976ce99,0.949
1456316761.0,4aec94cc,0.949
1456316761.0,5dd99d7f,0.959
1456316761.0,2205a893,0.979
1456316761.0,bf44f1ab,0.959
1456316761.0,7a781cc2,0.929
1456316761.0,d15144fb,0.959
1456316761.0,e206c1b6,0.949
1456316761.0,36949e64,0.979
1456316761.0,9a8bc1fb,0.919
1456316761.0,4442e246,0.939
1456316761.0,d21f882f,0.959
1456316761.0,443a0042,0.989
1456316761.0,25e78288,0.949
1456316761.0,164a9a01,0.979
1456316761.0,2748662b,0.959
1456316761.0,176e9b96,0.929
1456316761.0,3a19f7bb,0.969
1456316761.0,7e7694a3,0.959
1456316761.0,ff94ad98,0.949
1456316761.0,3ac6b934,0.949
1456316761.0,945202a2,0.959
1456316761.0,0c55457f,0.959
1456316761.0,fd9b3ee5,0.959
1456316761.0,3cb8640b,0.959
1456316761.0,0451fc7d,0.959
1456316761.0,467edc58,0.969
1456316761.0,238e8285,0.929
1456316761.0,034b845e,0.989
1456316761.0,c03c60b1,0.999
1456316761.0,033ff634,0.949
1456316761.0,a48cec43,0.949
1456316761.0,bb39a843,0.939
1456316761.0,6d3828b0,0.959
1456316761.0,21ffc684,0.949
1456316761.0,fc60a1e0,0.979
1456316761.0,9f37e0a2,0.969
1456316761.0,d31bbfba,0.979
1456316761.0,7dedf4de,0.979
1456316761.0,d023c7ae,0.999
1456316761.0,5098a1d8,0.929
1456316761.0,637e523f,0.929
1456316761.0,0b54afc6,0.969
1456316761.0,d326a791,0.949
1456316761.0,418815f0,0.969
1456316761.0,178c1416,0.989
1456316761.0,d9749191,0.959
1456316761.0,d04e4045,0.979
1456316761.0,77c7b043,0.989
1456316761.0,e99f823b,0.969
1456316761.0,bc81a8ae,0.969
1456316761.0,8b77e169,0.939
1456316761.0,c3910784,0.939
1456316761.0,4370ed3a,0.969
1456316761.0,2e518aaf,0.959
1456316761.0,07ff93d9,1.019
1456316761.0,2e175fc6,0.939
1456316761.0,d21a57fd,0.959
1456316761.0,99b9ccd3,0.989
1456316761.0,4287c54a,1.009
1456316761.0,3b5de5d2,0.969
1456316761.0,48a48e67,0.969
1456316761.0,5b842987,0.919
1456316761.0,5aaeb8a3,1.029
1456316761.0,03ca5dbc,0.999
1456316761.0,094c7293,1.029
1456316761.0,32fde081,1.029
1456316761.0,34108c3d,0.969
1456316761.0,42996534,0.979
1456316761.0,b1eee7a8,0.919
1456316761.0,e751ae48,0.979
1456316761.0,f0af9cc2,0.969
1456316761.0,81b95b13,0.939
1456316761.0,020c53c2,0.979
1456316761.0,c16682b0,0.989
1456316761.0,9443935d,1.019
1456316761.0,20015b2d,1.009
1456316761.0,529f6f9b,0.989
1456316761.0,6c39a1af,0.959
1456316761.0,097d0950,0.989
1456316761.0,e1aebaad,0.949
1456316761.0,41170479,0.999
1456316761.0,3232f3f2,1.049
1456316761.0,c085267d,1.019
1456316761.0,90789f94,0.929
1456316761.0,f7f61bfc,0.939
1456316761.0,4a513f03,1.009
1456316761.0,f22bbd79,0.969
1456316761.0,6c001085,0.939
1456316761.0,b3d2e1c5,0.969
1456316761.0,4d0a22fb,0.969
1456316761.0,57fbf14f,0.959
1456316761.0,cfda167d,0.969
1456316761.0,3d5d3cef,0.979
1456316761.0,94f69df7,1.019
1456316761.0,6da1952d,0.949
1456316761.0,,0.989
1456316761.0,b7bd3267,1.009
1456316761.0,6321db63,0.969
1456316761.0,5c566b33,0.929
1456316761.0,b4b8fb9d,0.969
1456316761.0,ee2ba444,1.009
1456316761.0,5fd232c2,0.939
1456316761.0,6f9b604d,0.949
1456316761.0,43ebfdc2,0.969
1456316761.0,9ca777a2,0.999
1456316761.0,d3faff64,0.999
1456316761.0,9d74578a,0.979
1456316761.0,a100fb36,0.999
1456316761.0,6f03c04e,0.959
1456316761.0,315bcb3c,0.919
1456316761.0,d556f79b,0.939
1456316761.0,c08d3d8e,0.959
1456316761.0,279cc342,0.919
1456316761.0,052c8059,0.949
1456316761.0,,0.939
1456316761.0,0a42099e,1.009
1456316761.0,b096f1e2,0.929
1456316761.0,5048cff6,1.019
1456316761.0,840368fb,0.979
1456316761.0,e743f9ea,0.949
1456316761.0,2bd2ffb1,0.999
1456316761.0,e539e257,1.019
1456316761.0,1f1e2904,0.939
1456316761.0,4d7be304,0.979
1456316761.0,f8627d5e,0.969
1456316761.0,c46c7e06,0.969
1456316761.0,14e4cad9,0.989
1456316761.0,322c083e,0.949
1456316761.0,14c7e96d,1.019
1456316761.0,564ef774,0.979
1456316761.0,07ccba78,0.999
1456316761.0,e821cf4d,0.989
1456316761.0,2601854e,0.989
1456316761.0,6fec83f8,0.969
1456316761.0,ab22dac4,0.969
1456316761.0,9171a74f,0.959
1456316761.0,4020de03,0.939
1456316761.0,1c087491,0.959
1456316761.0,6f3fab69,1.009
1456316761.0,161965e7,0.929
1456316761.0,987496d6,0.999
1456316761.0,00496bce,0.949
1456316761.0,4438eb3c,0.999
1456316761.0,c0210272,0.969
1456316761.0,4917afaa,1.029
1456316761.0,90cec242,0.969
1456316761.0,0b3074b7,0.949
1456316761.0,1dd35703,0.949
1456316761.0,329fbc05,0.969
1456316761.0,0ee68fe4,0.959
1456316761.0,39abfbaf,0.919
1456316761.0,f8c5b496,0.999
1456316761.0,b54ce38d,1.009
1456316761.0,204dbdb0,0.979
1456316761.0,1170df4a,0.969
1456316761.0,74bb761d,1.019
1456316761.0,025d70e0,0.989
1456316761.0,3bb601ac,0.979
1456316761.0,6fc48997,0.989
1456316761.0,beab9b84,0.999
1456316761.0,7a165ba7,0.999
1456316761.0,82d7fda1,0.969
1456316761.0,b88f7241,0.989
1456316761.0,874f2a6f,0.0
1456316761.0,1a08fd43,1.019
1456316761.0,f7989ae3,0.949
1456316761.0,6587d030,0.949
1456316761.0,c6343770,0.939
1456316761.0,e5e737e8,0.979
1456316761.0,78daa5b5,0.959
1456316761.0,db3cd271,0.949
1456316761.0,d853e5e4,0.929
1456316761.0,a2c0fdb0,0.989
1456316761.0,bf20d0c1,0.949
1456316761.0,0aedf476,0.979
1456316761.0,5fede4f0,0.939
1456316761.0,f47f4232,0.929
1456316761.0,59ae9cca,0.999
1456316761.0,fffcb866,0.969
1456316761.0,fac5bd9e,0.959
1456316761.0,6fe5086e,0.969
1456316761.0,c2ed0986,0.969
1456316761.0,0a297a27,0.959
1456316761.0,f3d6a03f,0.949
1456316761.0,9628820d,0.989
1456316761.0,a76bbf53,1.009
1456316761.0,e196e62c,0.989
1456316761.0,,0.939
1456316761.0,6388b41c,0.959
1456316761.0,71992fbe,0.949
1456316761.0,cf017ad5,0.959
1456316761.0,5f0ea8ff,0.989
1456316761.0,66ff2f80,0.979
1456316761.0,caaa0b46,1.029
1456316761.0,f4b9f379,0.969
1456316761.0,efc5b46c,0.949
1456316761.0,5d3a9ec2,0.979
1456316761.0,,0.949
1456316761.0,89ed2644,0.969
1456316761.0,0a194365,0.969
1456316761.0,66651818,0.969
1456316761.0,672ba0d9,0.989
1456316761.0,5718b51b,0.979
1456316761.0,85e30d0e,0.979
1456316761.0,271bd07b,0.959
1456316761.0,41bdb6f9,0.938
1456316761.0,3da96054,0.989
1456316761.0,da1fbd53,0.969
1456316761.0,e2a5f261,0.979
1456316761.0,7ab95e95,0.969
1456316761.0,d6c505e9,0.989
1456316761.0,afb0335d,0.969
1456316761.0,48f835a8,0.929
1456316761.0,5a4ca547,0.919
1456316761.0,c3e9fea8,0.974
1456316761.0,8401f134,1.009
1456316761.0,7bfc5ac0,0.979
1456316761.0,a60237e8,1.009
1456316761.0,00fa08de,0.989
1456316761.0,a40495d3,0.949
1456316761.0,0a501873,0.989
1456316761.0,e95d3d87,0.959
1456316761.0,23f3fdd2,0.959
1456316761.0,794d6351,0.999
1456316761.0,71e79520,0.939
1456316761.0,f02ffbd3,0.989
1456316761.0,ec2a5548,0.959
1456316761.0,d25d3d18,1.029
1456316761.0,a6f98df6,1.009
1456316761.0,4b3bf40e,0.969
1456316761.0,2052e025,0.949
1456317001.0,0aeed7ce,0.949
1456317001.0,bc801611,0.989
1456317001.0,1ddbee38,0.979
1456317001.0,93d146a0,0.979
1456317001.0,fbbd6af8,0.929
1456317001.0,85dec34a,0.949
1456317001.0,fdedca23,0.929
1456317001.0,6474f616,1.019
1456317001.0,c8fad469,1.009
1456317001.0,f64d5154,0.979
1456317001.0,65d316f1,0.959
1456317001.0,cea20e68,0.959
1456317001.0,7f6a82d1,0.949
1456317001.0,78d86c64,0.979
1456317001.0,190c77e7,0.949
1456317001.0,ac852c45,0.929
1456317001.0,b86da903,0.979
1456317001.0,05b184bf,0.979
1456317001.0,d9da2e7f,1.019
1456317001.0,69a62773,0.959
1456317001.0,0cc21315,0.999
1456317001.0,a3a3361e,0.979
1456317001.0,716f400f,0.979
1456317001.0,5164a758,0.929
1456317001.0,53c616b9,0.929
1456317001.0,48d20717,0.989
1456317001.0,329aad11,0.969
1456317001.0,045578a1,0.969
1456317001.0,3f539c39,0.989
1456317001.0,6977fd5c,0.959
1456317001.0,ed5ad0df,0.969
1456317001.0,b3d1f607,0.939
1456317001.0,cc7ffbf9,1.009
1456317001.0,1a70a04d,0.949
1456317001.0,b41309f8,0.929
1456317001.0,ed04967d,0.989
1456317001.0,739b04c0,0.939
1456317001.0,7d30b511,0.989
1456317001.0,859ddb14,0.959
1456317001.0,7ccc3654,0.949
1456317001.0,285cf254,0.999
1456317001.0,e71f194a,1.009
1456317001.0,c0f22ef5,0.979
1456317001.0,7ef2369b,0.939
1456317001.0,00d52b83,0.969
1456317001.0,ed9bb208,0.969
1456317001.0,d52caa0c,0.989
1456317001.0,3d5ea21b,0.989
1456317001.0,59e65cb9,0.969
1456317001.0,caaf83c5,0.949
1456317001.0,fa482668,0.989
1456317001.0,0e65094f,0.989
1456317001.0,ff6209cb,1.009
1456317001.0,c968d61e,0.919
1456317001.0,667e0f37,0.949
1456317001.0,ed7f2b29,0.949
1456317001.0,e77100d2,0.999
1456317001.0,1d2b410a,0.969
1456317001.0,85d0e643,0.989
1456317001.0,5e0f74ed,0.989
1456317001.0,b8dfe46d,0.959
1456317001.0,b7fdbb95,0.989
1456317001.0,9b76dd1d,1.009
1456317001.0,99d46a35,0.969
1456317001.0,0b19d5fe,0.969
1456317001.0,44ca04a3,1.019
1456317001.0,7592b37a,0.989
1456317001.0,3aecb034,0.989
1456317001.0,8eea76a1,0.949
1456317001.0,bd52c7bf,0.959
1456317001.0,d3fff19d,0.929
1456317001.0,1262b7a3,0.969
1456317001.0,13ac9af6,0.959
1456317001.0,595a2321,0.959
1456317001.0,f5c448cd,1.009
1456317001.0,ce3a31be,0.979
1456317001.0,d4c5b88e,0.949
1456317001.0,2cd62c9f,0.989
1456317001.0,ffde8249,0.949
1456317001.0,6a8a4a7e,0.959
1456317001.0,,0.989
1456317001.0,265ebd00,1.019
1456317001.0,c94cdc6e,1.019
1456317001.0,7dcac0a5,0.969
1456317001.0,e1c57a67,0.969
1456317001.0,414229cf,0.969
1456317001.0,,0.999
1456317001.0,df0d590a,0.999
1456317001.0,28071dbd,0.959
1456317001.0,c449aa2a,0.959
1456317001.0,,0.979
1456317001.0,7b635a74,0.949
1456317001.0,d69a14de,0.979
1456317001.0,9ba54253,0.949
1456317001.0,0f4a41fc,0.929
1456317001.0,ab80b6f7,1.009
1456317001.0,77aab11d,0.949
1456317001.0,9a249d55,1.009
1456317001.0,4fe1e4cc,0.979
1456317001.0,13266d18,0.959
1456317001.0,07f5aeea,0.979
1456317001.0,1ab747ac,0.949
1456317001.0,eed2b29b,0.979
1456317001.0,2f398586,0.909
1456317001.0,3d6465d9,0.969
1456317001.0,86041d34,0.989
1456317001.0,0001c9be,0.959
1456317001.0,2195c038,0.989
1456317001.0,133ca422,0.979
1456317001.0,07d22eab,0.989
1456317001.0,26d3d3cd,0.959
1456317001.0,0eb21c86,0.989
1456317001.0,adc04be9,0.999
1456317001.0,ea882fb1,0.979
1456317001.0,d26548b6,0.939
1456317001.0,728dbc4e,0.979
1456317001.0,efd8315d,0.979
1456317001.0,8f3896e1,0.979
1456317001.0,76308147,0.969
1456317001.0,8358c467,0.959
1456317001.0,28f0e708,0.989
1456317001.0,80ebee07,0.999
1456317001.0,663bd568,1.009
1456317001.0,43973ab1,1.009
1456317001.0,d02c5bf4,0.949
1456317001.0,2f92fadd,0.979
1456317001.0,2ca3372b,0.969
1456317001.0,815252d2,0.929
1456317001.0,afdd844a,0.959
1456317001.0,98cd55ee,0.989
1456317001.0,7581214d,0.979
1456317001.0,36ceb401,1.019
1456317001.0,db56e2a2,0.989
1456317001.0,9b71f290,0.969
1456317001.0,67642b0d,0.999
1456317001.0,b9331765,1.019
1456317001.0,27917288,0.989
1456317001.0,466bb8f2,0.989
1456317001.0,6dd14a95,0.939
1456317001.0,3c9e1eb4,0.949
1456317001.0,4cbdb1d8,0.999
1456317001.0,0657e6a3,0.999
1456317001.0,8b7a46ae,0.979
1456317001.0,2ebdf5e8,0.989
1456317001.0,909da1d9,0.979
1456317001.0,51885ea3,0.959
1456317001.0,88ae9f44,1.019
1456317001.0,1b9ef516,0.999
1456317001.0,,1.029
1456317001.0,9547004b,0.969
1456317001.0,71df72f8,0.939
1456317001.0,8f9e2fa1,0.989
1456317001.0,df34af64,0.969
1456317001.0,2736cca4,0.979
1456317001.0,a448f8aa,1.009
1456317001.0,4d248889,0.979
1456317001.0,e20c7066,0.999
1456317001.0,c5208f75,0.999
1456317001.0,d15d1648,0.989
1456317001.0,d1cab319,1.009
1456317001.0,131436f2,0.969
1456317001.0,5f51bf27,0.979
1456317001.0,7ae5eaaa,0.979
1456317001.0,5e1a19db,0.949
1456317001.0,f4084cef,0.949
1456317001.0,ef0bc256,0.959
1456317001.0,9cd2e129,0.969
1456317001.0,11c55079,0.969
1456317001.0,99929b71,1.019
1456317001.0,61d59ee9,0.999
1456317001.0,3b988b25,0.929
1456317001.0,3a2ef803,1.029
1456317001.0,a625042c,0.939
1456317001.0,daecd82c,0.999
1456317001.0,d1bfa6c5,0.979
1456317001.0,980707a9,0.959
1456317001.0,b0be9751,0.919
1456317001.0,575bb735,1.029
1456317001.0,5900ebe4,0.939
1456317001.0,3d5353b9,0.979
1456317001.0,1ac7a349,0.969
1456317001.0,fac7adae,0.949
1456317001.0,99bcd97c,0.949
1456317001.0,30eed8b6,0.949
1456317001.0,a426c65f,0.979
1456317001.0,aa930a31,0.939
1456317001.0,ce6487d7,0.989
1456317001.0,2330f268,0.969
1456317001.0,1c7a02ad,0.979
1456317001.0,c27724b2,0.949
1456317001.0,143e78de,0.959
1456317001.0,d4391500,0.989
1456317001.0,9d3b5cc6,0.999
1456317001.0,89255a1b,0.999
1456317001.0,5d8781bf,0.969
1456317001.0,da93bb21,0.949
1456317001.0,881e9700,0.999
1456317001.0,4b87f0df,0.939
1456317001.0,f76f3d3a,0.949
1456317001.0,35b3e2a2,0.969
1456317001.0,6a80fe13,0.969
1456317001.0,9eabd7c9,0.949
1456317001.0,06f668ff,0.959
1456317001.0,aabcd7eb,0.989
1456317001.0,77793a3e,0.959
1456317001.0,522b4780,0.999
1456317001.0,24ee36a0,0.969
1456317001.0,1098a163,1.009
1456317001.0,,0.979
1456317001.0,fb9a8547,0.899
1456317001.0,39fe3076,0.989
1456317001.0,15a5d68a,0.969
1456317001.0,5cdcf2a5,0.989
1456317001.0,ba5d6501,0.989
1456317001.0,dfd4b295,1.009
1456317001.0,74903af4,0.929
1456317001.0,bd8f68d2,0.999
1456317001.0,b5ead699,0.969
1456317001.0,6e41593c,1.009
1456317001.0,8716bc8f,0.979
1456317001.0,f645748d,0.969
1456317001.0,3b9d2939,0.949
1456317001.0,3435fb8d,1.019
1456317001.0,0c4f31d4,0.969
1456317001.0,44a2c936,1.029
1456317001.0,8d270840,0.969
1456317001.0,4b4c10fa,0.979
1456317001.0,eebe0685,0.959
1456317001.0,0535a64d,0.989
1456317001.0,11e2fc79,0.989
1456317001.0,9cd02b8c,0.979
1456317001.0,4484275b,0.979
1456317001.0,6fb61b09,1.009
1456317001.0,ae8b60e9,1.009
1456317001.0,c2405c51,0.969
1456317001.0,e3e4bea8,0.969
1456317001.0,8845e1a5,0.999
1456317001.0,538559e0,0.979
1456317001.0,70a9e6a8,0.999
1456317001.0,5951b044,0.969
1456317001.0,edd1487d,0.999
1456317001.0,e181d5d0,0.969
1456317001.0,64bb101c,0.989
1456317001.0,6c2590c1,0.989
1456317001.0,e71144f3,0.949
1456317001.0,3219cb04,0.959
1456317001.0,4d0a22fb,0.949
1456317001.0,33a1193c,0.979
1456317001.0,ab473015,0.979
1456317001.0,9a1acee3,0.959
1456317001.0,c9a50b4f,0.939
1456317001.0,acd5644c,0.949
1456317001.0,6f6329ff,0.989
1456317001.0,00330016,0.989
1456317001.0,eb970b3f,0.989
1456317001.0,bfd9d768,1.019
1456317001.0,38cc0cb5,0.939
1456317001.0,d2646278,0.979
1456317001.0,b82e8807,0.959
1456317001.0,4c1bb47a,0.949
1456317001.0,3bfabc79,0.999
1456317001.0,7ab85794,0.989
1456317001.0,fe19868d,0.959
1456317001.0,40f78b64,0.0
1456317001.0,68519520,0.959
1456317001.0,f8ed5739,1.009
1456317001.0,59cec01d,0.949
1456317001.0,1bae705e,0.979
1456317001.0,ce73fb63,0.939
1456317001.0,b70f82b5,0.969
1456317001.0,32669d3d,0.999
1456317001.0,75244431,0.959
1456317001.0,9517b906,0.949
1456317001.0,c0911b94,0.969
1456317001.0,7d4e7386,0.939
1456317001.0,cf213ad2,1.009
1456317001.0,b6f6ccc5,0.959
1456317001.0,5196f76a,0.969
1456317001.0,ed0cd7e2,0.949
1456317001.0,74004306,0.959
1456317001.0,076cbc57,0.959
1456317001.0,8e27fa83,0.989
1456317001.0,2b57a135,0.939
1456317001.0,2e047349,0.969
1456317001.0,1947b494,0.949
1456317001.0,29fe4cae,0.989
1456317001.0,2feae8bd,0.949
1456317001.0,45e21f92,0.969
1456317001.0,d8e33d34,0.949
1456317001.0,ece6b02f,1.009
1456317001.0,d4602afc,0.929
1456317001.0,7117c935,0.949
1456317001.0,038e6a0c,0.939
1456317001.0,336c678f,0.999
1456317001.0,b1600fca,1.019
1456317001.0,9be01fd7,0.989
1456317001.0,de257006,0.999
1456317001.0,2a241874,0.989
1456317001.0,41af5e4b,1.009
1456317001.0,8c81c551,0.999
1456317001.0,9558140d,1.019
1456317001.0,1872a79b,0.999
1456317001.0,,0.979
1456317001.0,f06281fb,0.979
1456317001.0,e9b0a748,0.969
1456317001.0,f85abf7d,0.999
1456317001.0,7124c657,0.969
1456317001.0,2d973990,0.999
1456317001.0,d98fe3f5,0.944
1456317001.0,147f3142,0.969
1456317001.0,032e8b57,1.029
1456317001.0,ae26bf83,0.989
1456317001.0,900b80b7,0.999
1456317001.0,eb159d17,0.984
1456317001.0,98d977cb,0.999
1456317001.0,b8c293ba,1.009
1456317001.0,a601b597,1.009
1456317001.0,2d58a414,0.939
1456317001.0,ea971a7b,0.969
1456317001.0,506ea768,1.009
1456317001.0,6770a660,0.979
1456317001.0,057c5d18,0.939
1456317001.0,391e14ca,0.939
1456317001.0,f89f019c,0.979
1456317001.0,8c5eeeac,0.989
1456317001.0,739c3107,0.999
1456317001.0,ab6f459b,0.989
1456317001.0,4c59d12d,0.949
1456317001.0,e4d20aca,0.989
1456317001.0,beab9b84,0.989
1456317001.0,4d79856a,0.979
1456317001.0,e8b2cb64,0.959
1456317001.0,a9b4d8a2,0.979
1456317001.0,f7e752c7,0.979
1456317001.0,793351ef,0.949
1456317001.0,b4154d71,1.009
1456317001.0,456d2310,0.949
1456317001.0,e491b6d7,0.969
1456317001.0,6c663a7b,1.039
1456317001.0,7091515f,0.949
1456317001.0,0bffb72e,0.979
1456317001.0,25600fab,1.009
1456317001.0,7662cc12,1.019
1456317001.0,05878847,0.999
1456317001.0,85a8d903,0.959
1456317001.0,307d645f,0.989
1456317001.0,e89c4d58,0.979
1456317001.0,d33e9e56,0.969
1456317001.0,bdc0736f,0.979
1456317001.0,5505aa75,0.979
1456317001.0,befd1f24,1.029
1456317001.0,3b50751f,0.979
1456317001.0,6d94eae4,1.039
1456317001.0,d5289a25,0.959
1456317001.0,0fb24e7d,1.009
1456317001.0,a0fab520,0.949
1456317001.0,3b9a2c70,0.979
1456317001.0,d0b8a1f7,0.969
1456317001.0,823f1901,0.969
1456317001.0,5037ab0b,0.959
1456317001.0,2b91338d,0.939
1456317001.0,b205cecb,0.999
1456317001.0,,1.019
1456317001.0,a5312f3b,0.959
1456317001.0,4046b6ba,0.959
1456317001.0,de86b064,0.999
1456317001.0,539144f8,0.989
1456317001.0,21ccc86d,0.959
1456317001.0,94b48398,0.989
1456317001.0,925baf40,0.969
1456317001.0,efb9b2b5,0.959
1456317001.0,6a27f09d,0.979
1456317001.0,c6f69752,0.949
1456317001.0,915f4559,0.959
1456317001.0,2d4a2d35,0.929
1456317001.0,ba0b1d1f,0.999
1456317001.0,b3d69d8e,0.929
1456317001.0,cc3eddf4,0.959
1456317001.0,97b553c9,0.989
1456317001.0,58452604,0.989
1456317001.0,c674dd96,0.959
1456317001.0,574656d1,0.949
1456317001.0,a3f3755e,0.959
1456317001.0,38f5a01f,0.959
1456317001.0,a67c83ad,0.959
1456317001.0,ff41b63f,0.949
1456317001.0,81db3a9a,0.949
1456317001.0,bc4de9b2,0.959
1456317001.0,c984e1be,0.959
1456317001.0,89ed2644,0.969
1456317001.0,,0.959
1456317001.0,94df3c4a,1.009
1456317001.0,6a5b57f4,1.029
1456317001.0,3573c1c1,1.009
1456317001.0,2ecadcf6,0.969
1456317001.0,27c6fcd5,0.999
1456317001.0,265be8c2,0.989
1456317001.0,18f6cef8,0.959
1456317001.0,e212dd80,0.989
1456317001.0,9901346d,0.969
1456317001.0,2a7c4091,0.959
1456317001.0,2178a97e,0.969
1456317001.0,7bc454c7,0.979
1456317001.0,b4c63b76,0.929
1456317001.0,c97f1f02,0.969
1456317001.0,a3480cfc,0.979
1456317001.0,606d52e3,0.959
1456317001.0,9cc2158c,0.989
1456317001.0,f3a1181b,0.979
1456317001.0,8a52d816,1.019
1456317001.0,04a002fa,0.999
1456317001.0,4eaad293,0.979
1456317001.0,65b05fee,0.979
1456317001.0,a4a288ce,0.979
1456317001.0,996dd733,0.979
1456317001.0,e1920309,0.979
1456317001.0,b2590879,0.989
1456317001.0,1a48cf2f,1.019
1456317001.0,0a9446f2,0.959
1456317001.0,ecaab335,0.979
1456317001.0,1881d983,0.989
1456317001.0,69055d76,0.959
1456317001.0,f625c166,0.989
1456317001.0,fee1f686,0.959
1456317001.0,43624917,0.969
1456317001.0,37a8af42,1.019
1456317241.0,8f921904,0.959
1456317241.0,7632d7b7,0.959
1456317241.0,473c3055,0.929
1456317241.0,ec0fb2ce,0.979
1456317241.0,49052290,0.959
1456317241.0,e8173dad,0.919
1456317241.0,65d316f1,0.949
1456317241.0,4e2b483e,0.969
1456317241.0,ec0fb945,0.979
1456317241.0,82148954,0.959
1456317241.0,a6e1038f,0.949
1456317241.0,9837b0a0,0.959
1456317241.0,19838731,0.959
1456317241.0,440eff71,0.959
1456317241.0,6d6576d8,1.009
1456317241.0,9dd86999,0.949
1456317241.0,9a59f347,0.949
1456317241.0,1af22ca6,0.959
1456317241.0,86d5dab8,1.009
1456317241.0,37649bcc,0.959
1456317241.0,f85db113,0.939
1456317241.0,1c8ada9b,0.959
1456317241.0,98a85d4f,0.939
1456317241.0,7715f72c,1.009
1456317241.0,a93143e5,0.939
1456317241.0,b8ddb5a8,0.949
1456317241.0,e396466d,0.949
1456317241.0,7006be5d,0.949
1456317241.0,902bbd1d,0.929
1456317241.0,2145d038,0.959
1456317241.0,0c475d4b,0.979
1456317241.0,cd64024f,0.949
1456317241.0,427c61e9,0.949
1456317241.0,ba074c78,0.969
1456317241.0,acfc25e6,0.939
1456317241.0,b65176ae,0.969
1456317241.0,7b247260,0.929
1456317241.0,1b369933,0.989
1456317241.0,f704c239,1.009
1456317241.0,f2303a07,0.939
1456317241.0,fd135624,0.939
1456317241.0,9d6f620d,0.969
1456317241.0,6ed73676,0.969
1456317241.0,aacc4471,0.929
1456317241.0,57f9c142,0.979
1456317241.0,f82da33f,0.949
1456317241.0,d6f30aff,1.019
1456317241.0,ebeb80cb,0.959
1456317241.0,264d6745,0.959
1456317241.0,4ad5a969,0.929
1456317241.0,286c1902,0.999
1456317241.0,c143cd5a,0.939
1456317241.0,815c5703,0.969
1456317241.0,ebcd22e7,0.939
1456317241.0,c4f355fb,0.959
1456317241.0,3f2ba968,0.959
1456317241.0,f38d4f22,0.929
1456317241.0,7a5a5f94,0.999
1456317241.0,00c44ff5,0.939
1456317241.0,4ffe2958,0.979
1456317241.0,806e5051,0.969
1456317241.0,4aaa267e,0.969
1456317241.0,3201c40b,0.969
1456317241.0,8fc85062,0.959
1456317241.0,,0.969
1456317241.0,b7218e20,0.999
1456317241.0,9a0afbbb,0.919
1456317241.0,df84d6fa,0.959
1456317241.0,24787319,0.979
1456317241.0,cc1b41c2,1.009
1456317241.0,bdd895df,0.969
1456317241.0,c62a443d,0.959
1456317241.0,d9de1886,0.969
1456317241.0,7b9e88e2,1.009
1456317241.0,99a0f87e,0.979
1456317241.0,957f9612,0.969
1456317241.0,190c7dc9,0.989
1456317241.0,2410740f,0.959
1456317241.0,1de97778,0.969
1456317241.0,5ef22064,0.989
1456317241.0,7d2e5c20,0.989
1456317241.0,017c730c,0.979
1456317241.0,48ee050c,0.979
1456317241.0,d98c0af9,0.959
1456317241.0,80835ea0,0.949
1456317241.0,ac4f6a54,0.949
1456317241.0,69bda9c6,0.999
1456317241.0,ffde8249,0.949
1456317241.0,e790ca88,0.969
1456317241.0,971048ac,1.009
1456317241.0,12f330d3,0.969
1456317241.0,ad0995a1,0.949
1456317241.0,d55bad5b,0.959
1456317241.0,f6703dce,0.959
1456317241.0,60399455,0.979
1456317241.0,01decbb4,0.969
1456317241.0,bb7a74ed,0.999
1456317241.0,139cc5da,0.999
1456317241.0,2778bb34,0.989
1456317241.0,4d87be41,0.989
1456317241.0,248d1f5e,0.989
1456317241.0,7b3fcbc6,0.969
1456317241.0,572bb7e5,0.979
1456317241.0,daa4d1d7,0.979
1456317241.0,b4c34df5,0.989
1456317241.0,7b9f0ef9,1.019
1456317241.0,7a48e549,1.029
1456317241.0,b48ba10e,0.959
1456317241.0,34021125,0.979
1456317241.0,3e1f509e,0.959
1456317241.0,19625574,0.999
1456317241.0,7ef38273,0.979
1456317241.0,a2a310e7,0.959
1456317241.0,6f5fb6ba,0.959
1456317241.0,0622b5eb,0.969
1456317241.0,eefff0b8,0.989
1456317241.0,97c49975,0.969
1456317241.0,a77ad37d,0.989
1456317241.0,f3608951,0.969
1456317241.0,5a8fcce2,0.979
1456317241.0,c67cc2dd,0.989
1456317241.0,9fad7fea,0.979
1456317241.0,71b8eaae,1.009
1456317241.0,25803c3c,0.949
1456317241.0,2f231204,0.959
1456317241.0,07971b4b,0.999
1456317241.0,dc9724ba,0.929
1456317241.0,245c099c,0.969
1456317241.0,d2a9c0a1,0.989
1456317241.0,8f6a43ef,0.979
1456317241.0,d500f94f,1.019
1456317241.0,f9b6f1ea,1.009
1456317241.0,14d6c87e,0.979
1456317241.0,be428e6e,0.979
1456317241.0,30ab5003,1.009
1456317241.0,ed56981f,0.999
1456317241.0,7bcf3535,0.989
1456317241.0,9c3caa26,1.009
1456317241.0,6148f9f1,0.979
1456317241.0,3bbe7509,0.969
1456317241.0,22869ab1,0.989
1456317241.0,eede80ef,0.949
1456317241.0,6065d7c5,1.009
1456317241.0,192ba8fb,0.959
1456317241.0,49a12bf4,0.979
1456317241.0,76a9774c,1.029
1456317241.0,63aa7558,0.989
1456317241.0,be8e21ab,1.009
1456317241.0,0d847386,0.949
1456317241.0,1f7b82e5,0.959
1456317241.0,45d8dea2,1.019
1456317241.0,a1b6608c,0.989
1456317241.0,b3e6c96a,0.939
1456317241.0,bc02464b,0.959
1456317241.0,b4bef9a6,0.939
1456317241.0,1c546ae2,0.979
1456317241.0,ed327e9c,1.029
1456317241.0,c6d444e1,0.949
1456317241.0,e391e28b,0.959
1456317241.0,43973ab1,0.989
1456317241.0,ad7fb7be,0.969
1456317241.0,02b40ec3,0.929
1456317241.0,47fd3799,0.959
1456317241.0,8977de4b,0.994
1456317241.0,00bb9689,0.989
1456317241.0,a7a5f25b,0.949
1456317241.0,9537b003,0.989
1456317241.0,e01507d6,1.039
1456317241.0,bb9f0bc7,0.989
1456317241.0,79c94d83,1.019
1456317241.0,4fee3e6d,0.989
1456317241.0,7ba5966e,0.979
1456317241.0,c21cd25b,0.919
1456317241.0,e02c8254,0.999
1456317241.0,ef61acd1,1.019
1456317241.0,9d888387,0.969
1456317241.0,ef3ecd77,0.949
1456317241.0,6ef6d6cb,0.969
1456317241.0,27f84426,0.929
1456317241.0,219ec5d8,0.969
1456317241.0,64542f0d,0.979
1456317241.0,8b1f5a6f,0.969
1456317241.0,eabde0e7,0.979
1456317241.0,249a69d6,0.979
1456317241.0,d04338f7,0.959
1456317241.0,e01a7247,0.969
1456317241.0,5e363c03,0.969
1456317241.0,ab11e935,0.959
1456317241.0,4130795c,0.979
1456317241.0,d2b9e2a3,0.959
1456317241.0,226af5b1,0.929
1456317241.0,ebd5c64b,0.969
1456317241.0,c6a133a0,0.969
1456317241.0,085661ca,0.989
1456317241.0,f3ffc72b,0.969
1456317241.0,cbb111f4,1.019
1456317241.0,3c9e1eb4,0.949
1456317241.0,e5b18dec,0.949
1456317241.0,b79abfef,1.029
1456317241.0,3580f1ac,1.009
1456317241.0,3047d3f5,1.029
1456317241.0,716b6235,1.009
1456317241.0,deb0665c,0.969
1456317241.0,7d15e55f,1.019
1456317241.0,bd27cbdf,0.969
1456317241.0,bf87bcf0,0.969
1456317241.0,50cb7778,0.979
1456317241.0,e8b48aba,1.009
1456317241.0,6728212d,0.989
1456317241.0,a2fd1226,0.949
1456317241.0,c6306633,0.949
1456317241.0,b615461b,0.939
1456317241.0,a82ec43f,0.949
1456317241.0,e3f71be8,0.979
1456317241.0,12aba19d,1.029
1456317241.0,34062783,0.949
1456317241.0,236e2f71,0.979
1456317241.0,02771ac8,0.969
1456317241.0,3601c357,0.979
1456317241.0,1c4078e5,0.979
1456317241.0,c575cb16,0.959
1456317241.0,e4e9e0bc,0.999
1456317241.0,2d4023ea,0.949
1456317241.0,656a2566,0.989
1456317241.0,c73ee079,0.969
1456317241.0,9b209e8a,0.989
1456317241.0,b24a2efc,1.019
1456317241.0,f8ebbae1,0.979
1456317241.0,7ba8ceb3,0.939
1456317241.0,2d75151c,0.979
1456317241.0,5a88efab,0.949
1456317241.0,0e8c472c,1.009
1456317241.0,27b29fcc,0.979
1456317241.0,11fbd55b,0.939
1456317241.0,507d25cf,1.039
1456317241.0,dc9da122,0.989
1456317241.0,ca3e36c7,0.969
1456317241.0,3f0d0273,1.029
1456317241.0,c1923e8f,0.989
1456317241.0,c680f14f,0.989
1456317241.0,719aa84a,1.009
1456317241.0,1f310da9,0.939
1456317241.0,26b1d7b1,1.019
1456317241.0,732a1178,0.979
1456317241.0,86e62d91,0.979
1456317241.0,4bf0dfb0,1.019
1456317241.0,b6553c9c,0.979
1456317241.0,9bc2e863,0.974
1456317241.0,6866a590,0.949
1456317241.0,7bed69b1,0.949
1456317241.0,a7eae27d,0.979
1456317241.0,20e9b084,0.949
1456317241.0,32bf0348,0.959
1456317241.0,15c74866,0.989
1456317241.0,70111ec9,0.969
1456317241.0,,0.969
1456317241.0,9612e9a3,0.989
1456317241.0,,1.009
1456317241.0,fa97f78a,0.979
1456317241.0,661c5630,0.959
1456317241.0,0ee1a63f,0.989
1456317241.0,db08686c,0.919
1456317241.0,bebb76d2,0.989
1456317241.0,123a197a,0.979
1456317241.0,488e0fcf,0.979
1456317241.0,63796bb7,0.969
1456317241.0,e3a298ff,0.989
1456317241.0,d0145a6c,0.969
1456317241.0,19c13d75,0.949
1456317241.0,08d22af2,0.969
1456317241.0,504da010,0.979
1456317241.0,f9466962,0.979
1456317241.0,25528e17,0.938
1456317241.0,1445b4c6,0.969
1456317241.0,8c51a8b0,0.969
1456317241.0,6e416e85,0.979
1456317241.0,693a4986,0.969
1456317241.0,c7df902b,0.959
1456317241.0,5fcf7eea,0.979
1456317241.0,b84fb396,1.009
1456317241.0,51ff36bc,0.969
1456317241.0,45374890,0.989
1456317241.0,2337ee59,0.979
1456317241.0,65868958,0.969
1456317241.0,d887646b,0.969
1456317241.0,ecd45a38,0.939
1456317241.0,59698c83,0.959
1456317241.0,b0471346,0.949
1456317241.0,cef28ece,0.959
1456317241.0,a8086038,0.969
1456317241.0,7144e340,0.959
1456317241.0,a1a6a42b,0.919
1456317241.0,485a4ee4,0.979
1456317241.0,662e48ec,0.959
1456317241.0,38aa9352,0.979
1456317241.0,2f20611a,0.949
1456317241.0,36949e64,0.959
1456317241.0,a7984b2a,0.959
1456317241.0,c7a70dd8,0.959
1456317241.0,c64e61d0,0.979
1456317241.0,4370ed3a,0.969
1456317241.0,40a98fc9,0.969
1456317241.0,9672aa1d,0.989
1456317241.0,5353d90f,0.989
1456317241.0,,0.959
1456317241.0,8f313f44,0.939
1456317241.0,d623182f,0.989
1456317241.0,8642884a,0.999
1456317241.0,d2661e86,0.979
1456317241.0,e335e0bc,0.979
1456317241.0,fc30928f,1.009
1456317241.0,f426c965,0.939
1456317241.0,5963169b,1.009
1456317241.0,ba79ed81,0.969
1456317241.0,2212e6eb,0.969
1456317241.0,9719805f,1.019
1456317241.0,369db971,0.969
1456317241.0,de5a8b31,1.009
1456317241.0,edb0d416,0.959
1456317241.0,b061fef9,0.939
1456317241.0,6a39da51,1.019
1456317241.0,0d721874,0.989
1456317241.0,4a79d3d5,0.959
1456317241.0,b594d429,0.999
1456317241.0,,0.989
1456317241.0,f7877ed7,0.969
1456317241.0,210ec430,0.979
1456317241.0,fbe659ab,0.969
1456317241.0,cfe370d6,1.029
1456317241.0,33972c60,0.979
1456317241.0,9a0d6d83,1.019
1456317241.0,95a26ce2,0.949
1456317241.0,46bbffea,0.999
1456317241.0,eec8c179,0.999
1456317241.0,53758d2b,0.979
1456317241.0,a3af7ef1,0.959
1456317241.0,56f54684,0.989
1456317241.0,02f7b616,0.989
1456317241.0,14af5c6e,1.019
1456317241.0,e0758377,0.989
1456317241.0,76f44572,0.979
1456317241.0,6307df0c,0.959
1456317241.0,cc4d2444,0.969
1456317241.0,a470ddc2,0.949
1456317241.0,1468aaa8,1.009
1456317241.0,b8ede601,0.979
1456317241.0,bcfb8220,0.989
1456317241.0,432f9102,0.959
1456317241.0,dc6dee32,0.999
1456317241.0,98624c5c,0.999
1456317241.0,521538f8,0.989
1456317241.0,ec2af182,0.989
1456317241.0,10d64a25,0.979
1456317241.0,4c962a80,0.989
1456317241.0,6d8d97a4,0.969
1456317241.0,54e1e6e2,0.969
1456317241.0,a446fffa,0.929
1456317241.0,082f2eb7,0.969
1456317241.0,f91caef6,0.969
1456317241.0,91e45e6a,0.979
1456317241.0,5a8b71b2,0.939
1456317241.0,ff922650,0.989
1456317241.0,adf8d23a,0.969
1456317241.0,43fefea0,0.909
1456317241.0,c7d7314f,1.019
1456317241.0,170c9bf0,0.979
1456317241.0,8e8a5274,0.929
1456317241.0,d3db6e64,0.999
1456317241.0,73025102,0.969
1456317241.0,52628b2e,0.969
1456317241.0,04d0ae1e,0.959
1456317241.0,2d3b0c15,0.979
1456317241.0,14342e98,1.029
1456317241.0,31487663,0.979
1456317241.0,b706633d,0.989
1456317241.0,9720bdd7,0.989
1456317241.0,c9c72865,0.969
1456317241.0,14e91513,0.989
1456317241.0,316fd7de,0.949
1456317241.0,48b393b2,0.989
1456317241.0,1a497a4b,1.009
1456317241.0,2a45cfbb,0.969
1456317241.0,c23de96c,0.949
1456317241.0,0b36f9ce,1.019
1456317241.0,074c9a19,1.009
1456317241.0,bba7ec32,0.969
1456317241.0,e7aa0c08,0.999
1456317241.0,7bcda69c,0.989
1456317241.0,c17eb923,0.939
1456317241.0,27d7ba56,0.949
1456317241.0,60ccb68d,0.989
1456317241.0,d63e056b,0.979
1456317241.0,eb7b02bd,0.979
1456317241.0,57caca32,0.999
1456317241.0,00f37a56,1.009
1456317241.0,61c492dd,0.959
1456317241.0,f0ec9164,0.989
1456317241.0,fe454b1d,0.969
1456317241.0,e4ea9e93,1.019
1456317241.0,f63ac751,0.949
1456317241.0,fb867340,1.009
1456317241.0,685a30f7,0.979
1456317241.0,8b20c3e0,0.959
1456317241.0,bfefaf34,0.939
1456317241.0,7683a8c0,1.029
1456317241.0,39bd20ff,1.019
1456317241.0,b42c9802,0.989
1456317241.0,774ee61f,1.009
1456317241.0,8914d28e,0.969
1456317241.0,,0.959
1456317241.0,3b9eae5f,0.959
1456317241.0,4b71d2b1,0.989
1456317241.0,d9e58766,1.029
1456317241.0,9fb6a9f8,0.979
1456317241.0,14253da3,0.999
1456317241.0,da18f772,0.949
1456317241.0,7adf8914,0.979
1456317241.0,26d674df,0.949
1456317241.0,465c84e0,0.939
1456317241.0,78962747,1.039
1456317241.0,81529fdc,0.979
1456317241.0,cf4fcc7d,0.989
1456317241.0,546336fa,0.969
1456317241.0,70f57512,0.939
1456317241.0,bbbc6ece,0.979
1456317241.0,b026b716,0.979
1456317241.0,4d15a2cc,0.949
1456317241.0,7b424e1c,1.019
1456317241.0,aebeb22e,0.979
1456317241.0,fa49aabc,0.979
1456317241.0,6decf6c4,0.989
1456317241.0,ba77d89e,0.989
1456317241.0,dc06e82c,0.969
1456317241.0,082d29ca,0.999
1456317241.0,1d71d64c,0.999
1456317241.0,65600788,1.019
1456317241.0,9a0bacc1,0.959
1456317241.0,1f215746,0.999
1456317241.0,6e2b84da,0.979
1456317241.0,868d1b66,0.959
1456317241.0,1fef1b51,0.989
1456317241.0,55c0201d,0.959
1456317241.0,d8c4e623,0.999
1456317241.0,b1172c22,0.999
1456317241.0,02d133f6,1.019
1456317241.0,974e5578,0.939
1456317241.0,7ddbfdc8,0.969
1456317241.0,f5bd997d,0.959
1456317241.0,3ad4d1ba,0.999
1456317241.0,ceb2372e,0.979
1456317241.0,4f704bb1,0.949
1456317241.0,9eb48657,1.009
1456317241.0,566fa8fb,0.989
1456317241.0,86eb854d,0.959
1456317241.0,7b018030,1.009
1456317241.0,7b8d5b92,0.969
1456317241.0,5fc08dd5,0.969
1456317241.0,7f9596ee,1.029
1456317241.0,1da52020,0.969
1456317241.0,ab11cdb9,0.969
1456317241.0,,0.939
1456317241.0,9babce8b,0.979
1456317241.0,669b7d94,0.989
1456317241.0,8fd505db,0.939
1456317241.0,6282bbac,0.979
1456317241.0,5f9e44dd,1.009
1456317241.0,2a2dae94,0.979
1456317241.0,1f52483c,0.979
1456317241.0,ac1a5d1b,0.969
1456317241.0,daae231d,0.989
1456317241.0,996d9a2e,0.989
1456317241.0,39c1eecb,1.014
1456317241.0,cb8edd06,0.979
1456317241.0,f14d7030,0.929
1456317241.0,6ee6c33d,0.939
1456317241.0,a302497e,0.979
1456317241.0,197f9f1a,0.989
1456317241.0,882951be,0.959
1456317241.0,a63774ee,0.979
1456317241.0,1a68318e,0.999
1456317241.0,f060b95e,0.999
1456317241.0,9f51dbf4,0.959
1456317241.0,463dc57b,1.009
1456317241.0,432fc77d,0.999
1456317241.0,27fede19,0.949
1456317241.0,ccecf336,0.969
1456317241.0,8fd408b7,0.949
1456317241.0,0e6789c0,0.939
1456317241.0,257e72cc,1.009
1456317241.0,9f4bb5cf,0.989
1456317241.0,0e61862e,0.949
1456317241.0,86b9d04d,0.979
1456317241.0,8cd391f3,0.929
1456317241.0,ed0cd7e2,0.949
1456317241.0,9ba26da7,0.969
1456317241.0,c083a2d4,0.999
1456317241.0,9f0d800f,0.979
1456317241.0,ebb75b25,0.959
1456317241.0,96d89e86,0.959
1456317241.0,b6930305,1.019
1456317241.0,,0.939
1456317241.0,068f53ad,0.929
1456317241.0,200cf8e2,0.939
1456317241.0,201b87a9,0.969
1456317241.0,09c3b83f,1.009
1456317241.0,cfb1df3e,0.969
1456317241.0,8f5cffb0,1.039
1456317241.0,101e2d9b,0.969
1456317241.0,ebefc91b,0.979
1456317241.0,04762b7c,1.019
1456317241.0,2735badd,1.019
1456317241.0,dff89479,0.979
1456317241.0,23efaa4b,0.929
1456317241.0,95e23a71,0.999
1456317241.0,1388562b,0.969
1456317241.0,0c3d5570,0.989
1456317241.0,2f02de37,1.019
1456317241.0,b445540d,0.989
1456317241.0,708eea9d,0.999
1456317241.0,c88375ec,0.969
1456317241.0,a5382b59,0.979
1456317241.0,3f20997c,0.979
1456317241.0,7c5bbb7e,1.019
1456317241.0,35ef9d63,0.979
1456317241.0,af5a4fe6,0.969
1456317241.0,4261ea14,0.939
1456317241.0,06de41d8,0.999
1456317241.0,e600b76d,0.959
1456317241.0,aadb880b,0.999
1456317241.0,4d6400df,0.939
1456317241.0,81352631,0.939
1456317241.0,287fc858,0.999
1456317241.0,c985912f,1.009
1456317241.0,aa42d9a3,0.979
1456317241.0,06ac238a,1.009
1456317241.0,689f962f,1.009
1456317241.0,bcc9307a,0.989
1456317241.0,fbb2872c,0.939
1456317241.0,dce58b64,0.959
1456317241.0,c21f352d,0.949
1456317241.0,f7f90554,0.959
1456317241.0,793d12bc,0.964
1456317241.0,1425b025,0.969
1456317241.0,804e5bed,1.009
1456317241.0,17475683,0.979
1456317241.0,f8d71c41,0.969
1456317241.0,b6002806,0.959
1456317241.0,5c49f018,0.989
1456317241.0,ff19e550,0.949
1456317241.0,6514f251,0.979
1456317241.0,3f1e04e5,0.979
1456317241.0,82d9d2c3,0.999
1456317241.0,f1bb9540,0.949
1456317241.0,f91506c7,0.969
1456317241.0,d6e49931,0.989
1456317241.0,b7752118,0.979
1456317241.0,4bbcb4db,0.949
1456317241.0,18c16fc4,0.999
1456317241.0,c0a4aa92,0.979
1456317241.0,9426443b,1.009
1456317241.0,5c94a7d8,0.979
1456317241.0,b0cbad3f,0.979
1456317241.0,72975548,1.009
1456317241.0,a88bbc75,0.959
1456317241.0,46e5123e,1.019
1456317241.0,e9ef6088,1.009
1456317241.0,d2eebffb,0.979
1456317241.0,0fc58d33,0.949
1456317241.0,ea00d8f0,0.979
1456317241.0,5ef62f10,0.999
1456317241.0,aa9ca821,0.989
1456317241.0,1e78351c,0.979
1456317241.0,029bff95,0.979
1456317241.0,768030e0,0.948
1456317241.0,385d85e8,0.979
1456317241.0,d325d8aa,0.949
1456317241.0,2a2f76cd,0.979
1456317241.0,ca757f3f,1.009
1456317241.0,943913cb,0.979
1456317241.0,751be3f3,0.959
1456317241.0,643b65de,0.989
1456317241.0,17548179,0.959
1456317241.0,a9f47df0,1.009
1456317241.0,b24fd72d,1.009
1456317241.0,dc774502,0.929
1456317241.0,22fb0e90,0.999
1456317241.0,a2987081,1.009
1456317241.0,1cc005a8,0.939
1456317241.0,3b1a99c0,1.009
1456317241.0,c466d5fa,1.039
1456317241.0,d5fda8a5,1.049
1456317241.0,392b75a8,0.979
1456317241.0,2f70ad86,0.969
1456317241.0,54344f7f,0.989
1456317241.0,704bc7f2,0.979
1456317241.0,e0c1778e,0.989
1456317241.0,2445bcef,0.949
1456317241.0,dde85d42,0.959
1456317241.0,ac5fa96a,0.989
1456317241.0,6279da87,0.959
1456317241.0,64d06130,0.979
1456317241.0,003e03fc,0.969
1456317241.0,9fdff1e2,1.029
1456317241.0,922d7fa3,0.959
1456317241.0,e73d5934,1.029
1456317241.0,bbf6435f,0.969
1456317241.0,d3a6a57e,0.959
1456317241.0,ae9a3b9d,0.989
1456317241.0,27ad4edd,1.009
1456317241.0,7edaa7ac,0.959
1456317241.0,4719c036,0.969
1456317241.0,c93058ac,1.019
1456317241.0,064f5bd1,0.989
1456317241.0,8444156b,0.979
1456317241.0,d14573c7,0.979
1456317241.0,c38e01fd,0.969
1456317241.0,7d0e5e60,0.989
1456317241.0,f28e5efe,0.979
1456317241.0,5953f6dc,0.969
1456317241.0,e46e4bee,0.969
1456317241.0,243c29de,1.009
1456317241.0,909c21e3,1.019
1456317241.0,58056342,0.989
1456317241.0,b2157446,0.959
1456317241.0,350b5605,0.959
1456317241.0,62f495a7,0.949
1456317241.0,30389cde,0.989
1456317241.0,5982ef09,0.989
1456317241.0,84558d7a,0.969
1456317241.0,874f2a6f,0.0
1456317241.0,3506918b,0.949
1456317241.0,3ebf0a56,0.999
1456317241.0,e3f9ebe0,0.969
1456317241.0,24bf40f3,0.959
1456317241.0,0e5d84cd,0.969
1456317241.0,5d9f0ce5,0.939
1456317241.0,df070324,0.979
1456317241.0,72e91f24,0.949
1456317241.0,98677b5e,0.989
1456317241.0,db2c1d84,0.999
1456317241.0,f9265ab5,0.979
1456317241.0,dedc2342,0.959
1456317241.0,7ba3471a,0.959
1456317241.0,71618bdc,0.989
1456317241.0,dacc3a3f,0.949
1456317241.0,14295632,0.939
1456317241.0,9e78816a,1.009
1456317241.0,d56413d1,0.969
1456317241.0,2f6edad9,1.009
1456317241.0,8f30678f,0.979
1456317241.0,cb67b2ff,0.969
1456317241.0,c0a9edc8,1.019
1456317241.0,40e47eaa,0.969
1456317241.0,50c51301,0.999
1456317241.0,3b50751f,0.979
1456317241.0,d49e5d4c,0.929
1456317241.0,d3549133,0.979
1456317241.0,eb7de52f,0.959
1456317241.0,680fd459,0.969
1456317241.0,c0b165c5,0.979
1456317241.0,54cd733f,0.979
1456317241.0,636ce33d,0.979
1456317241.0,ba76fc84,1.029
1456317241.0,db97e7b4,0.959
1456317241.0,81adfc57,0.989
1456317241.0,c793eda5,0.954
1456317241.0,a3409eaf,0.999
1456317241.0,87245b5d,0.989
1456317241.0,3e921ea2,0.989
1456317241.0,3f290ee2,0.939
1456317241.0,aaba4ebc,0.979
1456317241.0,ebe777f4,0.989
1456317241.0,580449f1,0.959
1456317241.0,e5ccd3f7,0.989
1456317241.0,2a753e23,0.969
1456317241.0,19e1cad6,1.009
1456317241.0,b82c12f6,0.898
1456317241.0,926c754c,0.979
1456317241.0,33f25c75,1.029
1456317241.0,304a6497,0.989
1456317241.0,2a6e5bb1,0.969
1456317241.0,,0.999
1456317241.0,38fda503,1.019
1456317241.0,29a6303c,0.999
1456317241.0,1f577d83,0.939
1456317241.0,8f767099,0.979
1456317241.0,af343ad6,0.979
1456317241.0,00553051,0.979
1456317241.0,49878878,1.019
1456317241.0,4bb19235,0.969
1456317241.0,de86b064,0.989
1456317241.0,76aa3b14,0.969
1456317241.0,f9e89c40,0.919
1456317241.0,402dea62,0.959
1456317241.0,930998e2,0.969
1456317241.0,0748225f,0.969
1456317241.0,cc29a3a6,0.969
1456317241.0,14b80428,0.989
1456317241.0,d497f4b5,0.969
1456317241.0,8c9613bc,0.979
1456317241.0,9e4a151c,0.979
1456317241.0,9f82b029,1.019
1456317241.0,bad87216,0.959
1456317241.0,e173589c,0.969
1456317241.0,8222952d,0.989
1456317241.0,e07b502e,0.979
1456317241.0,d25a0585,0.979
1456317241.0,38b527b3,1.009
1456317241.0,c0a4ac06,0.929
1456317241.0,6a27f09d,0.969
1456317241.0,c9e84600,0.969
1456317241.0,890bbb28,0.979
1456317241.0,864a3cb2,0.949
1456317241.0,dc944647,0.939
1456317241.0,4d4b1ca0,0.919
1456317241.0,939b3a38,0.919
1456317241.0,a57ba9f4,1.009
1456317241.0,bf08287b,0.939
1456317241.0,5c64167f,0.939
1456317241.0,4f91a79a,0.939
1456317241.0,3c76ded2,0.969
1456317241.0,5a549ff7,0.929
1456317241.0,5bf5fced,0.989
1456317241.0,0123e797,0.919
1456317241.0,88c383bc,0.999
1456317241.0,1700f01a,0.919
1456317241.0,dc4c222b,0.949
1456317241.0,f98ff970,0.959
1456317241.0,7cc832ba,0.939
1456317241.0,79b4bdb6,0.979
1456317241.0,d2e84b49,0.949
1456317241.0,94df3c4a,0.999
1456317241.0,113fe84c,0.979
1456317241.0,d3e42b7c,0.969
1456317241.0,217404b2,0.959
1456317241.0,8a7526b9,0.959
1456317241.0,b8fee3a4,0.959
1456317241.0,74b98eac,0.969
1456317241.0,a74e1057,1.049
1456317241.0,27c6fcd5,0.989
1456317241.0,9eabd75a,0.989
1456317241.0,5a80a293,0.969
1456317241.0,549b0288,0.969
1456317241.0,4900212f,0.959
1456317241.0,2ebe0a5d,1.019
1456317241.0,df7786ea,0.959
1456317241.0,3da96054,0.969
1456317241.0,c97d17c7,0.949
1456317241.0,7ffa235a,0.989
1456317241.0,2a2b022b,0.999
1456317241.0,78a3ab05,0.959
1456317241.0,94ca27a8,0.969
1456317241.0,2b2b7338,0.949
1456317241.0,dcde1f7c,0.969
1456317241.0,267e21dd,0.939
1456317241.0,5c197824,0.989
1456317241.0,4349fbc3,0.989
1456317241.0,238a9662,0.989
1456317241.0,3f9a7b26,0.999
1456317241.0,87d1caf0,0.959
1456317241.0,4c5ddfb7,1.019
1456317241.0,e395d76d,0.969
1456317241.0,bf816140,0.989
1456317241.0,498c4e0f,1.009
1456317241.0,5f9ac3b1,0.979
1456317241.0,be5a4a27,0.999
1456317241.0,974e4706,0.949
1456317241.0,7bfc5ac0,0.969
1456317241.0,b2fe027e,0.979
1456317241.0,87d69f36,0.989
1456317241.0,9cd1b58f,0.979
1456317241.0,f12a9542,0.979
1456317241.0,5c8ccf98,0.959
1456317241.0,cdddf39e,0.959
1456317241.0,c2e9c850,0.959
1456317241.0,92f8fe19,1.059
1456317241.0,e532c6da,0.999
1456317241.0,1489e7c1,0.949
1456317241.0,cbd615c9,0.969
1456317241.0,f912f47a,0.989
1456317241.0,ee131d1e,0.979
1456317241.0,01a1e47b,1.019
1456317241.0,40b7c070,0.909
1456317241.0,06170933,0.999
1456317241.0,b32ae972,0.989
1456317241.0,4c715086,0.959
1456317241.0,2278ee7b,0.949
1456317241.0,1f1403a7,1.009
1456317241.0,ea850711,0.939
1456317241.0,e68575c0,0.999
1456317241.0,1b8d2640,0.949
1456317241.0,a94a336f,0.959
1456317241.0,a07db53f,1.029
1456317241.0,99144e06,0.999
1456317241.0,72ec8a0d,0.969
1456317241.0,87a23e83,0.999
1456317241.0,c0ab948d,1.019
1456317241.0,76186cf8,0.989
1456317241.0,32e6abfd,1.009
1456317241.0,58cdd6dc,0.979
1456317241.0,722c9387,0.969
1456317241.0,65188032,1.029
1456317241.0,8784631f,1.159
1456317241.0,0bae1b96,0.969
1456317241.0,b49ab0b4,1.009
1456317241.0,2c3a5362,0.939
1456317241.0,7406d60c,1.029
1456317241.0,57135983,1.009
1456317241.0,0178dac8,0.949
1456317241.0,b65f17d4,0.969
1456317241.0,68bce29e,1.039
1456317241.0,df8d090e,0.939
1456317241.0,6dbdc4a2,0.959
1456317241.0,95832b86,0.969
1456317241.0,7062eb92,0.969
1456317241.0,129427de,1.009
1456317241.0,7fc72456,0.979
1456317241.0,1365e671,0.989
1456317241.0,c6e11963,0.969
1456317241.0,bcdeefc3,0.989
1456317241.0,994f9854,0.979
1456317241.0,cb7e73c0,0.969
1456317241.0,343e9168,0.974
1456317241.0,bc1f7e5b,0.959
1456317241.0,e8205f94,0.959
1456317241.0,94b09940,1.009
1456317241.0,fabbbb00,0.989
1456317241.0,f0fd118b,0.999
1456317241.0,a6f98df6,0.999
1456317241.0,fc42b1f2,1.019
1456317241.0,f8289047,0.959
1456317241.0,837ae634,0.969
1456317481.0,f58434d3,1.029
1456317481.0,1ddbee38,0.979
1456317481.0,04e35776,1.009
1456317481.0,3a4ffbbf,0.969
1456317481.0,3318e0c6,1.009
1456317481.0,3d36e33a,0.919
1456317481.0,58dc4ce1,0.939
1456317481.0,6474f616,1.009
1456317481.0,e8ce1950,0.979
1456317481.0,9ee6c90b,0.969
1456317481.0,58a1bfb9,0.939
1456317481.0,0a06a5d3,0.929
1456317481.0,d256c19e,0.919
1456317481.0,1ad58c2b,0.939
1456317481.0,692e3609,0.959
1456317481.0,3d92c06f,0.939
1456317481.0,f31ed257,0.949
1456317481.0,312353ed,0.959
1456317481.0,52ff86b2,0.929
1456317481.0,6853fb18,1.009
1456317481.0,c476cc49,0.919
1456317481.0,408e52ea,0.959
1456317481.0,65d316f1,0.949
1456317481.0,7ae877b2,0.979
1456317481.0,e624a815,0.939
1456317481.0,b6867cd0,0.929
1456317481.0,9fa10842,0.929
1456317481.0,31a01e0e,1.009
1456317481.0,ee0b813f,0.959
1456317481.0,3c8508a5,0.939
1456317481.0,3272290a,0.999
1456317481.0,3b40de08,0.939
1456317481.0,5b737243,0.989
1456317481.0,62b18fb8,0.919
1456317481.0,939e85bc,0.929
1456317481.0,7bbf0d9c,0.949
1456317481.0,04d64488,0.919
1456317481.0,8690af1b,0.959
1456317481.0,be7b97ad,0.989
1456317481.0,69152a7b,0.939
1456317481.0,f366e8d4,0.939
1456317481.0,62fbc07f,0.929
1456317481.0,5881460a,0.919
1456317481.0,81eb1428,0.949
1456317481.0,05bcda3c,0.939
1456317481.0,0accabdc,0.929
1456317481.0,175bcea1,0.989
1456317481.0,f6f5bf47,0.989
1456317481.0,e42f2550,0.959
1456317481.0,f527efec,0.959
1456317481.0,24c0c404,1.019
1456317481.0,cd7581b6,0.969
1456317481.0,a46f6f07,0.999
1456317481.0,60ce8dc7,0.989
1456317481.0,c17b17c8,0.959
1456317481.0,0934ee5b,0.989
1456317481.0,9530b219,0.999
1456317481.0,134cefdf,0.939
1456317481.0,b22e5b8a,0.969
1456317481.0,417dc490,1.009
1456317481.0,5b042101,0.969
1456317481.0,a979524c,0.949
1456317481.0,f82da33f,0.919
1456317481.0,9e96bd97,0.969
1456317481.0,8e820c9b,0.949
1456317481.0,e399a8ea,0.989
1456317481.0,4a262cc4,0.979
1456317481.0,8ac847f6,0.949
1456317481.0,c6cd3146,0.989
1456317481.0,6ac0d50f,0.939
1456317481.0,4e905761,0.969
1456317481.0,9ba29175,0.969
1456317481.0,eabf987d,0.929
1456317481.0,3ccd631d,0.999
1456317481.0,04fe94aa,0.989
1456317481.0,cea10ab0,0.979
1456317481.0,2ef24e6a,0.949
1456317481.0,3bb20ba7,0.999
1456317481.0,ef80204b,0.979
1456317481.0,601bbb50,1.039
1456317481.0,bd4fc874,0.959
1456317481.0,4b649587,0.939
1456317481.0,98d8519a,0.959
1456317481.0,78e71612,1.009
1456317481.0,384c3465,0.989
1456317481.0,1d57ebaf,0.959
1456317481.0,61638e00,0.999
1456317481.0,bf4ccf7b,1.019
1456317481.0,518317d2,0.989
1456317481.0,c9b6490b,1.019
1456317481.0,ce331290,0.959
1456317481.0,cc1b41c2,1.019
1456317481.0,86f33ae2,0.939
1456317481.0,0fd4a5a3,0.949
1456317481.0,265fe188,1.009
1456317481.0,8eea76a1,0.929
1456317481.0,beeaf561,0.959
1456317481.0,f38a8116,0.949
1456317481.0,73ae4422,1.009
1456317481.0,,0.989
1456317481.0,06958edb,1.019
1456317481.0,ff574b02,0.939
1456317481.0,4f0a94f9,0.959
1456317481.0,,0.979
1456317481.0,012cf605,0.949
1456317481.0,0521e7ef,1.009
1456317481.0,df7fa5fe,0.929
1456317481.0,,0.989
1456317481.0,56207684,0.929
1456317481.0,190a2749,0.969
1456317481.0,ce3a31be,0.969
1456317481.0,cb6f9df2,0.989
1456317481.0,655988e9,0.989
1456317481.0,3c01d155,0.989
1456317481.0,fa4b70b0,1.039
1456317481.0,5110f142,0.969
1456317481.0,493bde6c,0.999
1456317481.0,f10a7896,0.999
1456317481.0,3c982b3a,0.929
1456317481.0,01117f28,0.969
1456317481.0,d2fac7d4,0.959
1456317481.0,967f436d,1.009
1456317481.0,7e3ce0ca,0.959
1456317481.0,f4ba9484,0.999
1456317481.0,7d020a61,0.979
1456317481.0,b9930116,0.999
1456317481.0,884a1646,0.969
1456317481.0,bb7a74ed,0.989
1456317481.0,f6351701,0.979
1456317481.0,1fb105e7,0.999
1456317481.0,763d8dd8,1.019
1456317481.0,7395c363,0.999
1456317481.0,c952f3ae,0.989
1456317481.0,09638887,0.979
1456317481.0,912d452f,0.949
1456317481.0,7af1a190,0.989
1456317481.0,26d466bb,0.979
1456317481.0,c5151d58,0.959
1456317481.0,81e03bde,1.059
1456317481.0,8720b933,1.009
1456317481.0,dc8781a2,0.979
1456317481.0,d8de669b,0.999
1456317481.0,f0d6aa58,0.989
1456317481.0,6229a06b,0.999
1456317481.0,1815e4b9,0.979
1456317481.0,e37ae88a,0.979
1456317481.0,6904580a,0.989
1456317481.0,c349e5a2,0.999
1456317481.0,b0f0f3c3,0.989
1456317481.0,7840ee28,0.979
1456317481.0,1bbf25c0,0.959
1456317481.0,1b3326f2,0.959
1456317481.0,254d26d3,0.969
1456317481.0,ce5e8238,0.949
1456317481.0,919c9f89,1.009
1456317481.0,43f8de50,1.009
1456317481.0,4cbd5ec1,1.009
1456317481.0,6938babb,0.979
1456317481.0,6404e77f,0.969
1456317481.0,b5028985,0.959
1456317481.0,4190ae32,0.979
1456317481.0,e8c3f262,0.969
1456317481.0,3f58dc20,0.959
1456317481.0,8e3599bc,0.999
1456317481.0,c8c9912f,0.999
1456317481.0,84cd3ae4,0.979
1456317481.0,10bf456f,0.979
1456317481.0,41065536,0.974
1456317481.0,b90ce0f4,0.979
1456317481.0,5c2d9a2c,1.039
1456317481.0,5f881538,0.979
1456317481.0,64edaf71,0.979
1456317481.0,c25c5571,0.989
1456317481.0,2fe20e60,0.969
1456317481.0,b0f08049,0.979
1456317481.0,8d5a6091,1.029
1456317481.0,936763a8,0.969
1456317481.0,69d23d4e,0.999
1456317481.0,b37f9c11,0.989
1456317481.0,7e69e0ea,1.009
1456317481.0,0eb21c86,0.979
1456317481.0,,0.989
1456317481.0,5d832d02,0.969
1456317481.0,297c749f,0.979
1456317481.0,428929ab,0.989
1456317481.0,00b1da66,0.939
1456317481.0,ff8d71cb,0.949
1456317481.0,4397d974,0.999
1456317481.0,4b788d2a,0.969
1456317481.0,12aafa0c,0.974
1456317481.0,3a244657,0.989
1456317481.0,6a19a25a,0.959
1456317481.0,9803f589,0.949
1456317481.0,eda96774,0.969
1456317481.0,159f8b0e,0.999
1456317481.0,fb66374e,0.989
1456317481.0,728dbc4e,0.969
1456317481.0,9d26d3dd,0.989
1456317481.0,492796c0,0.979
1456317481.0,47dc373a,0.979
1456317481.0,30ffa8c9,0.979
1456317481.0,49ea5327,0.959
1456317481.0,7d7180f2,0.979
1456317481.0,1e85ec4f,1.029
1456317481.0,8a0db953,0.949
1456317481.0,be3c20ef,1.009
1456317481.0,980d97ef,0.969
1456317481.0,a8266115,0.949
1456317481.0,851f334c,0.989
1456317481.0,4b23821f,0.999
1456317481.0,7b47d35b,0.979
1456317481.0,1d86aff5,0.979
1456317481.0,930fbc1c,1.019
1456317481.0,3b5be616,0.989
1456317481.0,710830cb,0.989
1456317481.0,a30a80ce,0.929
1456317481.0,c3a379ab,0.959
1456317481.0,8b2d18f9,0.939
1456317481.0,84d195a7,0.999
1456317481.0,2f92fadd,0.969
1456317481.0,7534fa3e,0.959
1456317481.0,ab4700c2,0.969
1456317481.0,7ada6968,0.949
1456317481.0,a8085b3d,0.979
1456317481.0,80218b02,0.989
1456317481.0,9d9e60c3,0.947
1456317481.0,e10f157c,0.969
1456317481.0,543dd93c,0.939
1456317481.0,e1f35c29,0.959
1456317481.0,98d8fb7a,0.979
1456317481.0,23b2b0b7,0.989
1456317481.0,4778e8a1,0.989
1456317481.0,e878527c,0.969
1456317481.0,f32fed85,0.969
1456317481.0,8f84a914,0.979
1456317481.0,08a83db9,0.969
1456317481.0,0108f899,0.979
1456317481.0,33336ca6,0.959
1456317481.0,6835d405,0.949
1456317481.0,12fa7f3d,0.979
1456317481.0,114290a9,0.944
1456317481.0,f4098695,1.029
1456317481.0,5c5f6fc1,0.959
1456317481.0,c8d87efe,0.939
1456317481.0,bd333cd1,0.979
1456317481.0,171ebb74,0.949
1456317481.0,48c5b36c,0.959
1456317481.0,b803381b,0.969
1456317481.0,d0e7222d,1.049
1456317481.0,c0aa824a,0.979
1456317481.0,67830b76,0.959
1456317481.0,ad338ffc,0.969
1456317481.0,c8efbe00,0.999
1456317481.0,d9e1665f,0.979
1456317481.0,99c7ace3,1.039
1456317481.0,51ff7488,0.969
1456317481.0,2890d1fb,0.989
1456317481.0,ba07cf1e,1.019
1456317481.0,f601405f,0.949
1456317481.0,1b9cc9e7,1.029
1456317481.0,0657e6a3,0.979
1456317481.0,7573fd74,0.979
1456317481.0,5318f3a8,1.009
1456317481.0,0b069a72,0.999
1456317481.0,7ffdf9e7,0.939
1456317481.0,c637f136,0.999
1456317481.0,7a66bf28,0.969
1456317481.0,7d15e55f,1.009
1456317481.0,0491309a,0.989
1456317481.0,f4e77bcd,1.019
1456317481.0,f12b117d,0.969
1456317481.0,39b32a77,0.939
1456317481.0,b8f60770,1.009
1456317481.0,fb2de244,0.969
1456317481.0,97311a78,0.959
1456317481.0,9653483f,1.049
1456317481.0,4fdca23f,0.949
1456317481.0,71a6b9f3,0.979
1456317481.0,2ffbebf3,0.959
1456317481.0,1fbcfe52,0.969
1456317481.0,9e448914,0.959
1456317481.0,4c9a5839,0.999
1456317481.0,ff894f80,1.029
1456317481.0,e307b347,0.939
1456317481.0,01735f50,0.959
1456317481.0,cc94a429,0.939
1456317481.0,2efa9b7e,0.969
1456317481.0,75d484dc,0.949
1456317481.0,d8beccb1,1.009
1456317481.0,feda8910,0.959
1456317481.0,e501a8d1,1.009
1456317481.0,a6f38b75,0.989
1456317481.0,d04dc22d,0.999
1456317481.0,8e5f2dc6,0.999
1456317481.0,34c23076,0.959
1456317481.0,cadf2d6d,0.969
1456317481.0,1efc20ca,0.949
1456317481.0,396b08fd,0.959
1456317481.0,ad129baa,0.989
1456317481.0,8c5d615e,1.019
1456317481.0,c5e5d152,1.019
1456317481.0,685b81fa,1.009
1456317481.0,3a349054,0.969
1456317481.0,7a760845,0.949
1456317481.0,c86f3c0f,0.969
1456317481.0,27f88bd4,0.979
1456317481.0,15d15c6f,0.999
1456317481.0,f3a6a0c8,0.979
1456317481.0,21c136e4,0.939
1456317481.0,3b561556,0.969
1456317481.0,719aa84a,1.009
1456317481.0,5bbe0a9d,0.959
1456317481.0,74d7ab64,0.969
1456317481.0,c3450ec5,1.009
1456317481.0,4bf0dfb0,1.009
1456317481.0,82360936,0.979
1456317481.0,b998b207,0.989
1456317481.0,1398c802,0.999
1456317481.0,2463cb36,0.989
1456317481.0,b6553c9c,0.949
1456317481.0,7bed69b1,0.929
1456317481.0,61da3eca,0.939
1456317481.0,da00f579,0.969
1456317481.0,bd1e659d,0.979
1456317481.0,40369596,0.999
1456317481.0,829de252,0.979
1456317481.0,5fcd0f7a,1.009
1456317481.0,8e390e63,0.989
1456317481.0,a753f001,0.989
1456317481.0,d5062706,0.969
1456317481.0,44479fee,0.999
1456317481.0,b41c70e9,0.969
1456317481.0,cf25dcdb,1.029
1456317481.0,90df0b88,0.999
1456317481.0,4d6144cb,1.039
1456317481.0,05babe25,0.969
1456317481.0,470345fb,1.019
1456317481.0,34c26d04,1.009
1456317481.0,a4a196e4,0.969
1456317481.0,2f7c96af,0.989
1456317481.0,7fc3def3,0.989
1456317481.0,6df00f1d,0.989
1456317481.0,78e80807,0.999
1456317481.0,da6302b3,0.969
1456317481.0,aaf971e5,0.969
1456317481.0,4d7d95fb,0.989
1456317481.0,a09958dd,0.949
1456317481.0,3dbfb213,1.009
1456317481.0,3985622e,0.949
1456317481.0,8737cde9,1.009
1456317481.0,f7bef751,1.009
1456317481.0,a3b2ea52,0.969
1456317481.0,883007ed,0.999
1456317481.0,fdfab0b9,0.959
1456317481.0,86466323,0.989
1456317481.0,3bb74884,0.969
1456317481.0,fd334dae,0.979
1456317481.0,bbd94150,0.969
1456317481.0,0d70fbb1,0.979
1456317481.0,d084396c,0.959
1456317481.0,08d22af2,0.969
1456317481.0,37af09a8,0.969
1456317481.0,6c528360,0.979
1456317481.0,dde1b45b,0.999
1456317481.0,581713fc,0.999
1456317481.0,3f3762d6,0.969
1456317481.0,225d6797,0.979
1456317481.0,de1eff76,0.969
1456317481.0,5fcf7eea,0.969
1456317481.0,776ee4f1,0.969
1456317481.0,70be42f6,0.969
1456317481.0,360ecf54,0.929
1456317481.0,408faf33,0.989
1456317481.0,ff5d1617,0.969
1456317481.0,f4387d6e,0.959
1456317481.0,b6ef86a2,0.979
1456317481.0,124fa87c,0.979
1456317481.0,c791d886,0.959
1456317481.0,2d22d73a,0.999
1456317481.0,07656553,0.989
1456317481.0,e7ec8759,0.949
1456317481.0,763d4744,0.949
1456317481.0,47fbea4a,0.959
1456317481.0,5fc20a3d,0.939
1456317481.0,24f09d82,0.949
1456317481.0,d8823f4b,0.969
1456317481.0,f47b98eb,0.999
1456317481.0,5ca22d34,0.949
1456317481.0,83c3c3bf,1.009
1456317481.0,c9a19301,1.009
1456317481.0,8b3f44b0,1.019
1456317481.0,df7589ae,0.979
1456317481.0,a73bef5e,0.959
1456317481.0,23dfefb8,0.999
1456317481.0,36317a57,0.949
1456317481.0,4824bf4c,0.969
1456317481.0,90c8ee01,0.969
1456317481.0,ec80fbc7,0.969
1456317481.0,17651816,1.029
1456317481.0,5f379a02,0.979
1456317481.0,80340164,1.029
1456317481.0,d6db948e,0.959
1456317481.0,f76f3d3a,0.939
1456317481.0,28dc9f41,1.009
1456317481.0,9b0e2c1d,0.939
1456317481.0,88b90de7,1.009
1456317481.0,0a67fa6f,0.999
1456317481.0,d21a57fd,0.989
1456317481.0,ed69ae34,0.969
1456317481.0,dcf12c2f,0.969
1456317481.0,9eabd7c9,0.929
1456317481.0,aabec53c,0.979
1456317481.0,3d9b4dc8,0.954
1456317481.0,c699c115,0.999
1456317481.0,028b67f7,0.969
1456317481.0,22bf0e3c,0.999
1456317481.0,9121921b,0.989
1456317481.0,0220896d,0.969
1456317481.0,a7c128b6,0.999
1456317481.0,e9b4f3f5,0.939
1456317481.0,56b0dc6a,0.989
1456317481.0,67b209f1,1.029
1456317481.0,0b2dae68,0.939
1456317481.0,755c641f,0.979
1456317481.0,067693f6,0.969
1456317481.0,f57077f3,1.009
1456317481.0,e274299b,0.989
1456317481.0,8309ecb0,1.009
1456317481.0,6a276ef2,0.979
1456317481.0,30895e60,0.979
1456317481.0,c4805f18,0.929
1456317481.0,d91c0f8d,1.019
1456317481.0,db68109c,0.989
1456317481.0,a9fd24ed,0.999
1456317481.0,3b31f64c,0.979
1456317481.0,acca0be9,0.969
1456317481.0,6eaed040,0.999
1456317481.0,8cc39ecd,1.009
1456317481.0,3c2da6fc,0.969
1456317481.0,97aee551,0.939
1456317481.0,6f5a8ce9,0.959
1456317481.0,15bbe4b6,1.009
1456317481.0,450ed4aa,0.959
1456317481.0,e01dae0b,0.989
1456317481.0,0088407b,1.039
1456317481.0,727b3a12,0.939
1456317481.0,3f3da6de,0.969
1456317481.0,83079e85,0.969
1456317481.0,db26ca9c,0.999
1456317481.0,58d54fd0,0.969
1456317481.0,c1802a5a,0.999
1456317481.0,3de5ce2e,0.949
1456317481.0,fee45b54,0.969
1456317481.0,d6485ff3,0.969
1456317481.0,561829d6,0.949
1456317481.0,4da65c5a,0.959
1456317481.0,42996534,0.949
1456317481.0,a5b00954,1.039
1456317481.0,972f9ee7,0.999
1456317481.0,5da4505e,0.939
1456317481.0,bb0418d7,0.969
1456317481.0,43d5cbaa,0.949
1456317481.0,e7ab2eb9,0.959
1456317481.0,84526a99,0.959
1456317481.0,662b7063,0.959
1456317481.0,e751ae48,0.949
1456317481.0,677b887d,1.019
1456317481.0,c4953ffa,1.009
1456317481.0,e5561b2d,0.969
1456317481.0,636fe15d,0.969
1456317481.0,cd5c4fc2,0.989
1456317481.0,cfc3caef,0.999
1456317481.0,4369b2a7,0.979
1456317481.0,346ffe81,0.984
1456317481.0,4263f1be,0.959
1456317481.0,da91fae8,0.959
1456317481.0,c558dd18,1.009
1456317481.0,54c2232b,1.039
1456317481.0,70e22a28,0.989
1456317481.0,04d9d4a8,0.959
1456317481.0,91013e76,0.999
1456317481.0,f9580460,0.919
1456317481.0,f649936e,0.999
1456317481.0,,1.009
1456317481.0,c26a49db,0.989
1456317481.0,f2a783d7,1.019
1456317481.0,82962945,0.979
1456317481.0,60ae4328,0.969
1456317481.0,57a33e46,0.979
1456317481.0,e22b9886,1.009
1456317481.0,710d9693,0.939
1456317481.0,3bee1311,1.009
1456317481.0,ba0a2255,0.979
1456317481.0,2cf05648,0.969
1456317481.0,dc340ac0,0.949
1456317481.0,2e25253e,0.989
1456317481.0,940dcd62,0.999
1456317481.0,77283132,0.979
1456317481.0,202af8f9,0.989
1456317481.0,468267fb,0.959
1456317481.0,25604f87,0.979
1456317481.0,5e128c51,1.009
1456317481.0,f0ec9164,0.979
1456317481.0,34226dec,0.969
1456317481.0,477465f0,0.989
1456317481.0,a43c3b90,0.979
1456317481.0,010a1240,0.939
1456317481.0,b80c5908,0.989
1456317481.0,df6b217b,0.979
1456317481.0,b38a715c,0.949
1456317481.0,1b359e8d,0.959
1456317481.0,d5d39b19,0.949
1456317481.0,72874a88,0.979
1456317481.0,4de24a20,0.969
1456317481.0,e4ad2bce,0.949
1456317481.0,5c3d3863,1.019
1456317481.0,7bd23993,0.979
1456317481.0,6ad0086e,0.969
1456317481.0,ded69fbb,0.969
1456317481.0,8051f241,0.959
1456317481.0,a40e21ff,0.948
1456317481.0,63505806,0.969
1456317481.0,69b3e99c,0.979
1456317481.0,78390be0,0.979
1456317481.0,8914d28e,0.969
1456317481.0,1e734ea9,0.989
1456317481.0,9db8f5e1,0.939
1456317481.0,ace72885,0.969
1456317481.0,d4659823,0.959
1456317481.0,e1b4e808,0.989
1456317481.0,dd81b39f,0.979
1456317481.0,9e46459f,0.999
1456317481.0,,0.999
1456317481.0,f6e9717f,1.009
1456317481.0,7858e931,0.979
1456317481.0,f2eb270f,0.959
1456317481.0,0c12a1f2,0.989
1456317481.0,7776be9f,0.939
1456317481.0,e2227d47,0.989
1456317481.0,67b560d4,0.979
1456317481.0,b1d84f35,1.009
1456317481.0,6a2035ad,0.959
1456317481.0,6bc29395,0.999
1456317481.0,1b4a9928,0.969
1456317481.0,98a7af6d,1.009
1456317481.0,7b702829,0.979
1456317481.0,5985a6df,0.969
1456317481.0,0f6f38a4,0.949
1456317481.0,5d04b2ad,0.969
1456317481.0,f4788388,0.999
1456317481.0,7d7f9529,0.959
1456317481.0,08d4658c,0.949
1456317481.0,15b8b7e7,0.989
1456317481.0,ce519ed4,0.989
1456317481.0,eb970b3f,0.969
1456317481.0,e8a69269,1.029
1456317481.0,550ebfc1,0.999
1456317481.0,575ae8b7,1.019
1456317481.0,d6fe953b,0.989
1456317481.0,a5e1310f,0.999
1456317481.0,22c97836,1.019
1456317481.0,fb54832a,0.969
1456317481.0,46649254,0.979
1456317481.0,8fa55c72,0.989
1456317481.0,77d95702,0.979
1456317481.0,c85c34c2,0.969
1456317481.0,2fe25570,0.939
1456317481.0,a4ab46ee,0.959
1456317481.0,93d189cf,0.999
1456317481.0,3d45d1b9,1.009
1456317481.0,f7f36fa4,0.999
1456317481.0,45e9feb7,0.969
1456317481.0,a2be7bcb,0.969
1456317481.0,54aa9266,0.949
1456317481.0,19b72b96,0.989
1456317481.0,de5f4ef7,1.009
1456317481.0,180c401e,0.989
1456317481.0,69e52004,1.009
1456317481.0,0e9a7f93,0.969
1456317481.0,3bfabc79,0.989
1456317481.0,7ab85794,0.979
1456317481.0,47d3a82e,0.949
1456317481.0,1b33191e,0.959
1456317481.0,5aab5487,0.989
1456317481.0,ae7d5dd1,0.969
1456317481.0,422c3409,0.989
1456317481.0,1249f58e,0.979
1456317481.0,8bdb8e4d,0.989
1456317481.0,796a3cec,0.939
1456317481.0,bf861b98,0.979
1456317481.0,a8334abd,0.999
1456317481.0,60deaffb,0.999
1456317481.0,0b563bcc,0.959
1456317481.0,543855ac,1.009
1456317481.0,b84742db,1.009
1456317481.0,23c736d7,0.939
1456317481.0,a50ae4a2,0.959
1456317481.0,a4bdfecc,0.989
1456317481.0,6f394c33,1.009
1456317481.0,813a6cd1,0.969
1456317481.0,04f94792,1.009
1456317481.0,2ab71a71,1.049
1456317481.0,e3792bc9,1.019
1456317481.0,9e0e4f3e,1.019
1456317481.0,1c3d5b37,0.949
1456317481.0,324dc3f8,0.969
1456317481.0,e576fe06,1.009
1456317481.0,13f73565,0.999
1456317481.0,d4f50f76,1.009
1456317481.0,5b430faa,0.969
1456317481.0,a975f508,1.019
1456317481.0,010becdc,0.999
1456317481.0,b934f66f,0.979
1456317481.0,9090ae53,1.009
1456317481.0,67a88200,0.979
1456317481.0,,0.979
1456317481.0,538c9b65,0.989
1456317481.0,12516ab9,0.959
1456317481.0,04d2538c,1.009
1456317481.0,56550517,0.989
1456317481.0,f6884200,0.989
1456317481.0,7141f533,0.999
1456317481.0,e3a6c1d2,0.979
1456317481.0,410bb594,0.979
1456317481.0,9517b906,0.949
1456317481.0,c79adad0,0.979
1456317481.0,82dfbbfb,1.009
1456317481.0,827fe9cd,0.949
1456317481.0,186a2106,0.979
1456317481.0,1b2380b6,0.969
1456317481.0,987c1347,0.979
1456317481.0,8ef380b6,1.009
1456317481.0,a0bdc489,0.969
1456317481.0,a093cd4b,0.949
1456317481.0,95d6571c,0.989
1456317481.0,37df3e29,0.989
1456317481.0,e5a3d8f9,0.959
1456317481.0,d64dcb15,0.969
1456317481.0,0bcc45f5,1.009
1456317481.0,17c70718,1.039
1456317481.0,d6d4b842,0.959
1456317481.0,2042ed0f,0.979
1456317481.0,3183a48d,0.959
1456317481.0,c9d0b757,0.949
1456317481.0,41095c7b,0.959
1456317481.0,88cccf93,0.959
1456317481.0,00c62f03,0.979
1456317481.0,345de47d,1.039
1456317481.0,14583564,0.979
1456317481.0,31b11e9e,1.009
1456317481.0,7b9e5f97,1.019
1456317481.0,5d4e52c0,0.969
1456317481.0,179ba00b,0.989
1456317481.0,349ae420,0.959
1456317481.0,a8310af0,0.979
1456317481.0,edb096b5,1.019
1456317481.0,35825f4b,0.999
1456317481.0,b412aa93,0.979
1456317481.0,29fe4cae,0.979
1456317481.0,12389609,0.999
1456317481.0,aa46c43b,0.949
1456317481.0,b6990863,0.999
1456317481.0,07404fa2,0.979
1456317481.0,c2b37551,0.989
1456317481.0,e40925fd,0.959
1456317481.0,2212e62a,0.959
1456317481.0,53bde5da,0.979
1456317481.0,94be3c52,0.979
1456317481.0,33d0d5fb,0.949
1456317481.0,0986d9b8,0.979
1456317481.0,a5296298,0.989
1456317481.0,d881269d,1.029
1456317481.0,603bc731,0.979
1456317481.0,726fb61b,1.009
1456317481.0,764a9f1e,0.939
1456317481.0,8c231795,0.989
1456317481.0,0bf731c0,0.989
1456317481.0,b12d4dc7,0.959
1456317481.0,2b508314,1.019
1456317481.0,df727d0c,1.009
1456317481.0,e50cc55b,0.969
1456317481.0,746391a1,0.979
1456317481.0,b43aab28,0.959
1456317481.0,d3063bdf,0.989
1456317481.0,734b43c2,0.969
1456317481.0,54b31cf8,0.969
1456317481.0,2eeb1496,0.979
1456317481.0,ea7a855b,0.989
1456317481.0,73df71fc,0.999
1456317481.0,47019357,0.999
1456317481.0,0a6dec42,0.949
1456317481.0,7b709283,0.989
1456317481.0,ba73e19b,0.959
1456317481.0,bd4d552d,1.009
1456317481.0,559fcfde,1.019
1456317481.0,c1a93b91,0.989
1456317481.0,a1d24452,0.959
1456317481.0,f6bf784e,0.989
1456317481.0,48cd0b07,0.969
1456317481.0,272828c5,0.989
1456317481.0,7433201e,0.969
1456317481.0,c1921151,0.969
1456317481.0,89aea340,0.959
1456317481.0,530cc62e,0.989
1456317481.0,3df2304c,0.969
1456317481.0,524ca315,0.959
1456317481.0,4604fb62,0.989
1456317481.0,8a72c03e,0.959
1456317481.0,32fa34ed,0.979
1456317481.0,02540c78,0.989
1456317481.0,4ca2fd5f,0.939
1456317481.0,325d4b8f,0.979
1456317481.0,bcca3d12,0.979
1456317481.0,8c1e3878,0.969
1456317481.0,fd921c70,0.949
1456317481.0,8ff3cfbc,1.009
1456317481.0,07effad4,0.969
1456317481.0,5652b1d3,0.989
1456317481.0,a35ffacf,0.999
1456317481.0,5b2284eb,0.999
1456317481.0,2be28aa5,0.989
1456317481.0,82d9d2c3,0.999
1456317481.0,cc22a735,0.989
1456317481.0,bf80d980,0.989
1456317481.0,6577b47a,0.939
1456317481.0,a622d33e,0.959
1456317481.0,82319435,1.009
1456317481.0,2237382a,1.009
1456317481.0,d98fe3f5,0.964
1456317481.0,1fa4b26a,0.989
1456317481.0,a202f414,0.959
1456317481.0,9ec0aefd,1.019
1456317481.0,f333e2b9,0.949
1456317481.0,beaae59a,0.979
1456317481.0,46dba843,0.999
1456317481.0,85813afe,1.159
1456317481.0,f2054fb8,1.019
1456317481.0,1f9519cf,0.989
1456317481.0,b8461f7b,0.949
1456317481.0,4f4115ed,0.949
1456317481.0,a6d6ba59,0.969
1456317481.0,28277250,0.989
1456317481.0,79a7959f,0.979
1456317481.0,1d63d5a1,0.959
1456317481.0,5ccad12a,0.939
1456317481.0,ff71148f,0.989
1456317481.0,f29f4dbd,0.959
1456317481.0,e0fed588,0.949
1456317481.0,b6e44119,0.959
1456317481.0,bf7d7adb,0.969
1456317481.0,075244ea,0.989
1456317481.0,ae0c09ce,1.019
1456317481.0,a0ea8015,0.979
1456317481.0,35155576,0.979
1456317481.0,99017784,0.989
1456317481.0,409b2b7e,0.979
1456317481.0,4c74fdcc,0.949
1456317481.0,a3932df8,1.009
1456317481.0,b16a7660,0.969
1456317481.0,60da834f,0.949
1456317481.0,e291397b,0.999
1456317481.0,13fdcfbe,0.969
1456317481.0,ece4dd56,0.999
1456317481.0,5533e7bf,1.019
1456317481.0,7e101351,0.979
1456317481.0,353d2391,0.969
1456317481.0,33f1b5fe,0.979
1456317481.0,1b21d50b,0.959
1456317481.0,0c1335db,1.019
1456317481.0,75bc1c25,0.999
1456317481.0,d983cd5e,0.989
1456317481.0,7c781a47,0.949
1456317481.0,62704b8a,0.989
1456317481.0,d5b64c05,0.999
1456317481.0,6ffefa8b,0.919
1456317481.0,883f2551,0.939
1456317481.0,057c5d18,0.929
1456317481.0,a459b6b0,0.999
1456317481.0,bd227bfb,1.019
1456317481.0,96bf62ca,1.019
1456317481.0,a2d8eda4,1.009
1456317481.0,a33116a4,0.949
1456317481.0,c9974d8f,1.019
1456317481.0,dd192f15,0.979
1456317481.0,1a70fd7f,0.979
1456317481.0,37741f9a,1.019
1456317481.0,cebd8559,0.979
1456317481.0,0339cb93,0.969
1456317481.0,60625072,0.999
1456317481.0,1ffbed87,0.969
1456317481.0,ef081ec1,1.009
1456317481.0,69e0d4ed,0.949
1456317481.0,82e36ee5,0.999
1456317481.0,6e9a95db,0.939
1456317481.0,be031347,0.979
1456317481.0,716baf59,0.969
1456317481.0,e340b28d,0.949
1456317481.0,c1e95d8d,0.959
1456317481.0,6fc48997,0.939
1456317481.0,4c59d12d,0.939
1456317481.0,a6971d57,0.969
1456317481.0,9fe5444d,0.969
1456317481.0,19317a43,0.979
1456317481.0,61e52b01,0.949
1456317481.0,371f287c,0.979
1456317481.0,ec487980,0.959
1456317481.0,888c0d95,0.979
1456317481.0,df543f1f,0.959
1456317481.0,77f11204,0.949
1456317481.0,d6243610,0.969
1456317481.0,e8b2cb64,0.949
1456317481.0,7653cc6a,0.959
1456317481.0,f04e168f,0.979
1456317481.0,bd3ce4cc,1.019
1456317481.0,8098495e,1.019
1456317481.0,9f99b7ac,0.929
1456317481.0,49ea8294,1.009
1456317481.0,da4a42a1,1.049
1456317481.0,da1464b2,1.009
1456317481.0,4046803d,0.939
1456317481.0,33caf979,0.979
1456317481.0,199fdffc,0.999
1456317481.0,456d2310,0.939
1456317481.0,3b37a294,0.999
1456317481.0,800691b2,0.959
1456317481.0,9efb9e6b,0.959
1456317481.0,ef6a4535,0.939
1456317481.0,31c83690,0.989
1456317481.0,7b17379c,1.009
1456317481.0,,0.979
1456317481.0,265c7e5d,0.949
1456317481.0,95577aab,0.959
1456317481.0,c3bfe078,0.969
1456317481.0,6d10b873,0.959
1456317481.0,67809b86,0.949
1456317481.0,941effa7,0.969
1456317481.0,dc07718c,0.979
1456317481.0,d72d099c,0.959
1456317481.0,e2cc6025,0.969
1456317481.0,e767706d,0.949
1456317481.0,3ab2d959,0.989
1456317481.0,682145e8,0.989
1456317481.0,307d645f,0.969
1456317481.0,9b0f9cb3,0.949
1456317481.0,4c70c97c,0.989
1456317481.0,2a7cdc44,0.959
1456317481.0,1744da60,0.999
1456317481.0,1595cde4,1.009
1456317481.0,621f191f,0.979
1456317481.0,250c83be,0.959
1456317481.0,d790573d,0.949
1456317481.0,8e1179a4,0.959
1456317481.0,a291fa50,0.949
1456317481.0,22a0ccda,0.929
1456317481.0,be946965,0.929
1456317481.0,146a1da7,0.989
1456317481.0,32c905a8,1.009
1456317481.0,63f5a00a,0.999
1456317481.0,72b223b1,0.959
1456317481.0,a16adda9,0.959
1456317481.0,44222522,0.959
1456317481.0,65788d91,0.969
1456317481.0,44f748b5,0.999
1456317481.0,f8f041cb,0.979
1456317481.0,0f0331a5,0.959
1456317481.0,9bc16c2e,0.969
1456317481.0,4b7b3dd3,1.019
1456317481.0,aa01c225,0.969
1456317481.0,47bf3acc,0.969
1456317481.0,7a9373b8,0.969
1456317481.0,b9cdf061,1.019
1456317481.0,461b2a68,0.969
1456317481.0,6f9eb627,0.954
1456317481.0,aaa58622,1.009
1456317481.0,22d0db61,1.019
1456317481.0,29259211,0.989
1456317481.0,01668234,0.949
1456317481.0,216f7e87,0.999
1456317481.0,5181eba5,0.939
1456317481.0,d3567757,0.959
1456317481.0,1c52e235,0.969
1456317481.0,5a3f99e3,0.959
1456317481.0,7d9700c4,0.969
1456317481.0,7af3790e,0.939
1456317481.0,74b6c8cb,1.039
1456317481.0,83d3e011,0.989
1456317481.0,3ff7884f,0.959
1456317481.0,f876e3e8,0.929
1456317481.0,26562367,1.019
1456317481.0,fd5c987c,0.949
1456317481.0,7b90d598,0.929
1456317481.0,028d28be,0.959
1456317481.0,4d47a676,0.969
1456317481.0,97c7cfca,0.959
1456317481.0,2b04db76,0.999
1456317481.0,22e6cf1d,0.939
1456317481.0,f5e9f5d7,0.949
1456317481.0,5cbce85b,0.989
1456317481.0,8563b305,0.989
1456317481.0,95401194,0.959
1456317481.0,aeb92729,0.979
1456317481.0,8405466d,0.969
1456317481.0,4aeeebe8,0.969
1456317481.0,bcc28a0d,0.929
1456317481.0,39116d5f,0.959
1456317481.0,f3860d8d,1.019
1456317481.0,e9209897,0.999
1456317481.0,acd1503e,0.939
1456317481.0,57967011,0.939
1456317481.0,4622dd55,0.959
1456317481.0,0dd8ba4c,1.039
1456317481.0,7e304939,0.969
1456317481.0,10967cac,0.989
1456317481.0,fdd8eb18,0.959
1456317481.0,952e8670,0.989
1456317481.0,c9d2b9cb,0.939
1456317481.0,57d1fddc,0.959
1456317481.0,46bea8c9,1.009
1456317481.0,43474152,0.969
1456317481.0,069afd75,0.969
1456317481.0,dd81b30a,0.989
1456317481.0,b694f783,1.009
1456317481.0,ccbd9cdd,0.969
1456317481.0,a949a310,0.989
1456317481.0,9eb320c2,0.999
1456317481.0,91211c7b,0.949
1456317481.0,24b936ef,0.959
1456317481.0,3335bb20,0.969
1456317481.0,1db152f7,0.969
1456317481.0,91823808,0.949
1456317481.0,364488f7,0.949
1456317481.0,60983be1,0.969
1456317481.0,75aac7da,0.949
1456317481.0,1054110c,0.934
1456317481.0,6cbdfb78,0.949
1456317481.0,74776924,0.929
1456317481.0,3db9e3a9,0.919
1456317481.0,1d6f1deb,0.949
1456317481.0,078f0784,0.949
1456317481.0,56ea4a71,0.949
1456317481.0,66f21e35,0.949
1456317481.0,b53fa888,0.929
1456317481.0,d1bc0e20,0.939
1456317481.0,62d05b95,0.989
1456317481.0,a02da48f,0.959
1456317481.0,6ed1ade4,0.959
1456317481.0,ee74bc99,0.939
1456317481.0,0ac38eb6,0.959
1456317481.0,2f8bbe9b,0.929
1456317481.0,042407e0,0.959
1456317481.0,a57ba9f4,0.979
1456317481.0,8928a7d8,0.969
1456317481.0,adc8589f,0.939
1456317481.0,cc3eddf4,0.959
1456317481.0,b4666217,0.959
1456317481.0,8d437dd2,0.929
1456317481.0,bcfc04fa,0.979
1456317481.0,89f88deb,0.999
1456317481.0,21b1fd87,0.959
1456317481.0,ce8b60a3,0.939
1456317481.0,88c383bc,0.969
1456317481.0,b7acce06,0.949
1456317481.0,b9d3793b,0.929
1456317481.0,757cb5e7,0.939
1456317481.0,00d6d029,0.939
1456317481.0,e5b25ce5,0.939
1456317481.0,2c111d16,0.949
1456317481.0,ff41b63f,0.949
1456317481.0,0ee7204e,0.939
1456317481.0,3c9479d6,0.949
1456317481.0,bf694984,0.949
1456317481.0,55148824,0.949
1456317481.0,3fa722ab,0.969
1456317481.0,7144f556,0.939
1456317481.0,14d17f9a,0.929
1456317481.0,9398e203,0.959
1456317481.0,9022b426,0.959
1456317481.0,c07076c6,0.959
1456317481.0,44c15478,0.959
1456317481.0,57679b79,1.009
1456317481.0,864188f5,1.009
1456317481.0,8841cebf,0.979
1456317481.0,0d366466,0.939
1456317481.0,0570dbe0,0.929
1456317481.0,cf57d1bf,0.989
1456317481.0,22491a38,0.959
1456317481.0,ab829e65,0.959
1456317481.0,7a9d4c97,1.019
1456317481.0,a20bc7a4,0.969
1456317481.0,6c109510,0.959
1456317481.0,469d3f8c,0.999
1456317481.0,baff6152,0.999
1456317481.0,80148308,1.009
1456317481.0,bf7e9cdf,1.009
1456317481.0,91db14ed,0.959
1456317481.0,29b468e1,0.979
1456317481.0,0ff89a05,0.999
1456317481.0,e5d7defc,0.949
1456317481.0,c846f887,0.949
1456317481.0,94600741,0.989
1456317481.0,4922811e,0.979
1456317481.0,13596539,0.989
1456317481.0,e64fba92,0.969
1456317481.0,9557f893,0.989
1456317481.0,6912da2f,0.959
1456317481.0,3ba3cf9a,0.959
1456317481.0,34b739ce,0.999
1456317481.0,85e1d8aa,0.969
1456317481.0,56548677,1.039
1456317481.0,47d7ec0a,0.969
1456317481.0,9456d189,0.949
1456317481.0,63a3fa08,0.989
1456317481.0,f4507b0a,0.989
1456317481.0,887a8518,0.979
1456317481.0,75167b82,0.969
1456317481.0,4465e992,0.989
1456317481.0,0cca58b4,1.019
1456317481.0,1bccc529,1.009
1456317481.0,f600b327,0.969
1456317481.0,5c335fc8,0.969
1456317481.0,46379d52,0.939
1456317481.0,33fb4cf3,0.989
1456317481.0,8d47e406,0.989
1456317481.0,7a875bfd,1.049
1456317481.0,dff9a053,0.969
1456317481.0,ed7d2122,1.039
1456317481.0,77b1dec8,0.949
1456317481.0,5780923a,0.969
1456317481.0,bea1993d,1.009
1456317481.0,21a9251c,1.029
1456317481.0,f0c6ab59,1.019
1456317481.0,577ae214,0.949
1456317481.0,93d44ba8,1.019
1456317481.0,f4b0a53c,0.989
1456317481.0,3645c978,0.989
1456317481.0,50f68290,0.979
1456317481.0,53567364,0.999
1456317481.0,e4e43cad,0.989
1456317481.0,188a79d3,0.969
1456317481.0,b8ab8097,0.989
1456317481.0,5dc3decc,1.009
1456317481.0,b8b66437,0.989
1456317481.0,6bc9b007,0.989
1456317481.0,6e409c53,0.949
1456317481.0,96d9319b,0.979
1456317481.0,48772908,0.959
1456317481.0,6e44cd2d,1.009
1456317481.0,bed994ff,0.969
1456317481.0,548fb5af,0.974
1456317481.0,24248782,0.979
1456317481.0,fcfde105,0.939
1456317481.0,b2fe44c9,1.009
1456317481.0,a54c76e8,0.979
1456317481.0,71772573,0.969
1456317481.0,46d6bf0a,0.989
1456317481.0,84bb5636,0.949
1456317481.0,247b4cda,1.009
1456317481.0,dea8af98,0.959
1456317481.0,c330d63c,0.969
1456317481.0,583ed604,0.989
1456317481.0,9422b117,1.039
1456317481.0,4ddf478c,0.989
1456317481.0,87cd0504,0.989
1456317481.0,7af18d81,1.009
1456317481.0,630f211d,0.969
1456317481.0,9499ff78,0.969
1456317481.0,dae6ec80,0.999
1456317481.0,7ae317da,0.999
1456317481.0,a774140b,1.019
1456317481.0,ccf05044,0.939
1456317481.0,c7eb5131,0.929
1456317481.0,44f0df58,0.969
1456317481.0,a8f9e25b,1.019
1456317481.0,8fe7f10d,0.949
1456317481.0,ac7163ca,0.949
1456317481.0,076da68e,0.959
1456317481.0,8ca3a1ef,1.039
1456317481.0,f7a225a7,0.979
1456317481.0,4b0b0867,1.009
1456317481.0,b299d8d7,0.959
1456317481.0,8f6f71cb,0.949
1456317721.0,684b2be8,0.949
1456317721.0,56808aa1,0.979
1456317721.0,f58434d3,0.979
1456317721.0,ae0b5a92,0.969
1456317721.0,7632d7b7,0.979
1456317721.0,1ddbee38,0.979
1456317721.0,04e35776,0.969
1456317721.0,f5434e55,0.989
1456317721.0,dc82bdd6,0.979
1456317721.0,e8fba845,0.949
1456317721.0,2ae20e3b,0.989
1456317721.0,5f00ab6a,0.979
1456317721.0,e8ce1950,0.979
1456317721.0,f31ed257,0.919
1456317721.0,76dccd6f,0.929
1456317721.0,4818c908,0.949
1456317721.0,ef4f86ab,0.929
1456317721.0,f6f5bf47,0.949
1456317721.0,6e77b649,0.929
1456317721.0,f527efec,0.929
1456317721.0,19284bc1,0.989
1456317721.0,87d550b4,1.019
1456317721.0,d52b5e19,0.989
1456317721.0,2261c811,0.949
1456317721.0,03892e91,0.979
1456317721.0,50585854,0.949
1456317721.0,e76cdeb7,0.939
1456317721.0,fc64f929,0.999
1456317721.0,c143cd5a,0.939
1456317721.0,5426515a,0.989
1456317721.0,671d6e1d,0.959
1456317721.0,acf24033,0.979
1456317721.0,cb17fa8d,0.999
1456317721.0,c4f355fb,0.929
1456317721.0,51ff6877,0.949
1456317721.0,1aa24614,1.009
1456317721.0,054eaec2,0.959
1456317721.0,5ac9ec5a,0.969
1456317721.0,9f4127f4,1.029
1456317721.0,fbf71c0b,0.989
1456317721.0,87fa15f1,0.979
1456317721.0,15c2c195,0.969
1456317721.0,472cc7af,0.929
1456317721.0,7a3115f2,0.899
1456317721.0,630f5fa3,0.979
1456317721.0,995401c6,0.969
1456317721.0,974b1cae,1.019
1456317721.0,25f9d419,0.959
1456317721.0,9a099132,0.899
1456317721.0,b9cf4218,0.959
1456317721.0,234c6f7e,0.959
1456317721.0,7771824e,0.959
1456317721.0,24a41128,0.999
1456317721.0,adb530b9,0.979
1456317721.0,bf738133,0.969
1456317721.0,2410740f,0.949
1456317721.0,6a471cde,0.929
1456317721.0,039cdb4d,1.029
1456317721.0,5bb4e610,1.009
1456317721.0,24e62803,0.969
1456317721.0,1569342b,0.989
1456317721.0,d09811d3,0.999
1456317721.0,b6d33381,0.959
1456317721.0,f9191716,0.999
1456317721.0,78566eaf,0.969
1456317721.0,31105aa7,0.989
1456317721.0,bbf56463,0.949
1456317721.0,ac4f6a54,0.939
1456317721.0,50ef3c42,0.969
1456317721.0,a51232d3,0.989
1456317721.0,e790ca88,0.959
1456317721.0,d981d17c,0.969
1456317721.0,ed5d2ad9,0.949
1456317721.0,c22a155b,0.979
1456317721.0,cc6a0aeb,0.969
1456317721.0,5bf4abd4,0.979
1456317721.0,bcd76ed0,0.979
1456317721.0,4818d4dd,0.959
1456317721.0,9d0cdff7,0.969
1456317721.0,bb79fa75,0.969
1456317721.0,a47c6f9f,0.939
1456317721.0,161691b3,0.999
1456317721.0,7395c363,0.959
1456317721.0,2753be9b,0.969
1456317721.0,d161f15f,0.989
1456317721.0,572bb7e5,0.969
1456317721.0,3fcb4cf6,0.959
1456317721.0,f0d6aa58,0.969
1456317721.0,5dc70b90,0.929
1456317721.0,d0abe7db,1.009
1456317721.0,9a249d55,0.899
1456317721.0,ebba1d3e,0.989
1456317721.0,c6463fb6,0.979
1456317721.0,5ef14445,0.979
1456317721.0,cf40d91b,0.949
1456317721.0,b769a655,0.939
1456317721.0,55c76ce6,1.019
1456317721.0,b961310a,1.009
1456317721.0,be63e7a4,1.059
1456317721.0,2c58ecc7,0.949
1456317721.0,46c099d0,0.939
1456317721.0,2b39ff64,0.979
1456317721.0,9c43f621,0.979
1456317721.0,b8bbf107,0.979
1456317721.0,1db561d0,1.039
1456317721.0,06eb0513,0.989
1456317721.0,cc6976b2,0.999
1456317721.0,4f1ec633,1.019
1456317721.0,42d76a3c,0.979
1456317721.0,d7e428bf,1.019
1456317721.0,32c66e9a,0.979
1456317721.0,e28599f0,0.979
1456317721.0,b55aba69,0.979
1456317721.0,88034757,0.969
1456317721.0,42f2621b,0.999
1456317721.0,2f9dd7f6,0.979
1456317721.0,fcdeda3e,0.929
1456317721.0,720a51d5,0.989
1456317721.0,3ad50a81,0.979
1456317721.0,4a10a924,0.949
1456317721.0,30ab5003,0.989
1456317721.0,354f6a44,0.979
1456317721.0,f8e15df3,0.999
1456317721.0,cb479352,1.019
1456317721.0,07709e8f,0.989
1456317721.0,21c418e3,0.939
1456317721.0,bae5bc24,0.999
1456317721.0,ab89240b,0.989
1456317721.0,ac1176c4,0.939
1456317721.0,43605438,0.999
1456317721.0,5e4600be,0.949
1456317721.0,075322ca,0.969
1456317721.0,f93f1cf6,0.989
1456317721.0,b5e248eb,0.929
1456317721.0,2189cfd2,0.999
1456317721.0,aa57fbe1,0.969
1456317721.0,d84e5b34,0.949
1456317721.0,63616f1f,0.949
1456317721.0,b066103f,0.969
1456317721.0,bce781d3,1.059
1456317721.0,811b6a32,0.969
1456317721.0,1e85ec4f,1.019
1456317721.0,708936ad,0.949
1456317721.0,73a454de,0.939
1456317721.0,bf54e94e,0.989
1456317721.0,d65d6aba,1.029
1456317721.0,b4c00a25,0.979
1456317721.0,34adc4e3,0.989
1456317721.0,0346b908,0.969
1456317721.0,dbce00b6,0.989
1456317721.0,cc9e6849,0.999
1456317721.0,0a9ae940,0.999
1456317721.0,3d74c9d4,0.959
1456317721.0,bd469a6d,0.989
1456317721.0,d0cff5c1,1.009
1456317721.0,55bdc634,0.989
1456317721.0,fc8981fc,0.989
1456317721.0,43973ab1,0.979
1456317721.0,21d78be4,0.979
1456317721.0,21b0fe98,0.979
1456317721.0,4f9ccf16,1.019
1456317721.0,fad81120,0.939
1456317721.0,00bb9689,0.959
1456317721.0,c6317552,0.959
1456317721.0,1cd02c26,0.979
1456317721.0,0200140f,0.959
1456317721.0,3104967c,0.979
1456317721.0,ef6ce8ef,0.949
1456317721.0,fbeaeec8,0.969
1456317721.0,e7e474b4,0.969
1456317721.0,f32fed85,0.979
1456317721.0,4754c4ee,0.939
1456317721.0,34b4a600,0.999
1456317721.0,ef3ecd77,0.949
1456317721.0,df1d2009,0.959
1456317721.0,db56e2a2,0.969
1456317721.0,948a8512,0.969
1456317721.0,9b71f290,0.959
1456317721.0,993479c7,0.969
1456317721.0,c8d87efe,1.009
1456317721.0,92d959c6,1.039
1456317721.0,64542f0d,0.959
1456317721.0,fd3cde5f,1.039
1456317721.0,35e9dc97,1.029
1456317721.0,5e363c03,0.959
1456317721.0,521b2ae0,0.969
1456317721.0,ce942bef,0.959
1456317721.0,6259b60b,1.009
1456317721.0,edc9f1cc,0.949
1456317721.0,8bd77566,1.029
1456317721.0,592c2c00,0.939
1456317721.0,17c924e4,0.979
1456317721.0,261be2f5,1.009
1456317721.0,d821f222,0.969
1456317721.0,e5b18dec,0.939
1456317721.0,dbca9739,0.979
1456317721.0,08ee2078,1.009
1456317721.0,e6c64a05,0.979
1456317721.0,145d5525,0.959
1456317721.0,ac67c489,0.989
1456317721.0,21f51b7d,1.009
1456317721.0,c3a90ed5,0.969
1456317721.0,ae9b302a,0.959
1456317721.0,a5f231ee,1.019
1456317721.0,305b11b7,1.009
1456317721.0,,0.999
1456317721.0,e3b8e203,0.929
1456317721.0,2ec1652c,0.979
1456317721.0,048e7fdc,1.019
1456317721.0,57636a29,0.969
1456317721.0,0f0135ae,0.989
1456317721.0,d1008b23,0.969
1456317721.0,2397e1c5,0.989
1456317721.0,5384cd69,0.979
1456317721.0,628e1099,0.979
1456317721.0,1c27f412,0.979
1456317721.0,0e14978e,0.969
1456317721.0,0d7322ac,0.979
1456317721.0,ac995a23,0.979
1456317721.0,5fe1d57e,0.979
1456317721.0,46078bef,0.959
1456317721.0,0c2ddab7,0.999
1456317721.0,9d5d8b0d,0.969
1456317721.0,e6b24a3d,0.979
1456317721.0,b8c6494d,0.969
1456317721.0,74abc1c5,0.979
1456317721.0,b553e369,0.969
1456317721.0,61a8a961,0.989
1456317721.0,aade08a5,0.979
1456317721.0,c1923e8f,0.989
1456317721.0,c862713a,0.979
1456317721.0,1ad30a9a,0.969
1456317721.0,6d6ba0fc,0.979
1456317721.0,c680f14f,0.979
1456317721.0,ab4840e2,0.969
1456317721.0,ef3c7f93,0.974
1456317721.0,fd43a211,0.969
1456317721.0,e946aba1,0.979
1456317721.0,2f3e857f,0.969
1456317721.0,86e62d91,0.959
1456317721.0,6f16196e,0.949
1456317721.0,2203788b,0.959
1456317721.0,00a4579d,0.979
1456317721.0,fe1c0582,0.999
1456317721.0,c9f99a88,0.959
1456317721.0,3d589997,0.969
1456317721.0,7ad9a6eb,1.009
1456317721.0,658748ac,0.969
1456317721.0,7cb1bbc0,0.999
1456317721.0,33e40774,0.999
1456317721.0,4ac089ef,0.979
1456317721.0,2c82fe56,0.979
1456317721.0,784d4e2a,0.959
1456317721.0,,0.959
1456317721.0,0edfca49,1.029
1456317721.0,8c28af86,0.979
1456317721.0,f320c081,0.989
1456317721.0,bcdd8796,0.969
1456317721.0,84caa0e5,0.999
1456317721.0,b9d2597b,0.959
1456317721.0,cffd6e1f,1.049
1456317721.0,edd40aaa,1.029
1456317721.0,c6729739,0.959
1456317721.0,74e674a6,0.939
1456317721.0,58419a90,0.969
1456317721.0,259f0ed8,0.919
1456317721.0,6cb03436,0.969
1456317721.0,c32b7c81,0.959
1456317721.0,123a197a,0.969
1456317721.0,c302d35e,0.969
1456317721.0,8ab710a0,0.949
1456317721.0,a09a844e,1.039
1456317721.0,566376d2,1.009
1456317721.0,6ebcf0bd,0.989
1456317721.0,cb5cc628,0.989
1456317721.0,5f817b41,0.969
1456317721.0,6ba4e2d1,0.989
1456317721.0,ab706620,0.959
1456317721.0,dd2ff1a4,1.009
1456317721.0,afba3b1b,0.979
1456317721.0,42043d80,0.989
1456317721.0,28f4a8a5,0.979
1456317721.0,a585805d,0.969
1456317721.0,acc860ed,0.959
1456317721.0,78c4502d,0.959
1456317721.0,6b90433e,0.999
1456317721.0,693a4986,0.959
1456317721.0,98acaed1,0.959
1456317721.0,d16d0a6e,1.009
1456317721.0,e983031d,0.989
1456317721.0,98c12505,0.959
1456317721.0,04fe1fbb,0.959
1456317721.0,7ec4fa7d,0.989
1456317721.0,21cc26f8,0.939
1456317721.0,39c4efe0,0.969
1456317721.0,24c9552e,0.979
1456317721.0,0e949251,1.029
1456317721.0,,0.969
1456317721.0,1b2eb583,0.999
1456317721.0,29626b91,0.949
1456317721.0,61508d3c,0.929
1456317721.0,6c60b697,0.929
1456317721.0,c8eaf4a4,0.969
1456317721.0,0a4f03c9,0.969
1456317721.0,3a474dd3,0.989
1456317721.0,8749442d,0.979
1456317721.0,aa6b62c4,1.009
1456317721.0,047946f0,1.099
1456317721.0,c39273d5,1.009
1456317721.0,aff10140,0.999
1456317721.0,bc6ea7eb,0.949
1456317721.0,367978ca,0.979
1456317721.0,70276361,0.939
1456317721.0,29b24eee,0.979
1456317721.0,8068124c,0.989
1456317721.0,27d37db7,0.979
1456317721.0,eaf89b64,0.979
1456317721.0,ffdd96e7,0.969
1456317721.0,d623182f,0.979
1456317721.0,78767dc5,0.999
1456317721.0,d2661e86,0.959
1456317721.0,9822514a,0.999
1456317721.0,e47eb76f,0.969
1456317721.0,b083b74e,0.969
1456317721.0,ce2492c0,0.959
1456317721.0,3781a133,0.959
1456317721.0,5d3d8db3,0.979
1456317721.0,db856260,0.979
1456317721.0,30007963,0.939
1456317721.0,907c9e39,0.999
1456317721.0,ec99cf72,0.969
1456317721.0,57b28a51,0.949
1456317721.0,24c052f2,0.999
1456317721.0,ed416c52,0.999
1456317721.0,18b5f856,0.999
1456317721.0,0395f025,0.999
1456317721.0,5d5ce6c9,0.969
1456317721.0,edb0d416,0.949
1456317721.0,1c79df7a,0.949
1456317721.0,84f19301,0.969
1456317721.0,9279854d,0.959
1456317721.0,8746be38,0.954
1456317721.0,fcbe2ffd,0.939
1456317721.0,fe21fda2,0.989
1456317721.0,0d8ee6ff,0.969
1456317721.0,0b708f81,0.969
1456317721.0,6dda6f67,0.999
1456317721.0,74ddd640,1.149
1456317721.0,210ec430,0.969
1456317721.0,,0.969
1456317721.0,da7aac12,0.969
1456317721.0,95a26ce2,0.939
1456317721.0,c7cc37d7,1.059
1456317721.0,81e0ef7b,0.989
1456317721.0,18175a0a,0.979
1456317721.0,5b37a40b,0.999
1456317721.0,16a9ef92,1.019
1456317721.0,6f59ab1a,0.964
1456317721.0,443ae02b,0.959
1456317721.0,6603174b,1.029
1456317721.0,8c44d237,0.979
1456317721.0,e70bbd05,0.969
1456317721.0,3e3ac396,0.979
1456317721.0,cd36fb24,1.009
1456317721.0,363fd593,0.949
1456317721.0,4d2618e5,0.989
1456317721.0,54dcc913,0.969
1456317721.0,b2b44530,0.989
1456317721.0,db8bff55,0.979
1456317721.0,1a45c6ef,0.959
1456317721.0,dfd4b295,0.979
1456317721.0,f1a1555c,0.979
1456317721.0,dd4af19d,0.999
1456317721.0,2be7d0b2,0.969
1456317721.0,ace2e1f9,0.999
1456317721.0,4369b2a7,0.959
1456317721.0,4af2260b,0.989
1456317721.0,8fc1cab3,0.969
1456317721.0,9dc9d249,0.999
1456317721.0,456165e6,0.979
1456317721.0,d950533d,0.949
1456317721.0,e854b79b,1.029
1456317721.0,32065a23,0.979
1456317721.0,7ec3390e,0.939
1456317721.0,452d82ab,0.979
1456317721.0,bf6500cb,1.009
1456317721.0,d0465699,0.969
1456317721.0,e147c97d,0.999
1456317721.0,d4310eb6,0.929
1456317721.0,a24bfa50,0.959
1456317721.0,0b36f9ce,1.009
1456317721.0,8de805ba,0.969
1456317721.0,d2575398,0.989
1456317721.0,7bcda69c,0.969
1456317721.0,23ffe49b,0.919
1456317721.0,72c6e33b,0.939
1456317721.0,6f118420,0.989
1456317721.0,334babb3,0.979
1456317721.0,11e2fc79,0.969
1456317721.0,1fea6f98,0.959
1456317721.0,61c492dd,0.949
1456317721.0,a43c3b90,0.979
1456317721.0,fe454b1d,0.959
1456317721.0,8b3b52bb,0.989
1456317721.0,d86b6eaf,0.989
1456317721.0,1139b111,0.969
1456317721.0,84d84a54,0.989
1456317721.0,79eb6d1c,0.959
1456317721.0,37768192,0.989
1456317721.0,ba33f726,0.989
1456317721.0,0a20dd73,0.999
1456317721.0,8b783ddd,0.949
1456317721.0,74439aaa,0.999
1456317721.0,ce2cb57e,0.969
1456317721.0,256dd9bf,0.989
1456317721.0,5e3d40d3,0.959
1456317721.0,3bc88d25,0.959
1456317721.0,8dc9de7b,0.959
1456317721.0,8e4357a4,0.929
1456317721.0,346b37d2,0.949
1456317721.0,b25b4ab0,0.979
1456317721.0,2c9d609d,1.029
1456317721.0,812e609b,0.969
1456317721.0,cf4becee,0.949
1456317721.0,09d9579a,0.959
1456317721.0,81529fdc,0.969
1456317721.0,6aa3e966,0.959
1456317721.0,f7f58a1b,1.009
1456317721.0,81dd5a9d,0.949
1456317721.0,712e5646,0.989
1456317721.0,e57be742,0.969
1456317721.0,546336fa,0.939
1456317721.0,6982586c,0.999
1456317721.0,64bb101c,0.969
1456317721.0,2e852031,0.969
1456317721.0,00956a49,0.969
1456317721.0,188e69f1,0.959
1456317721.0,fa49aabc,0.959
1456317721.0,a1ca21f6,0.929
1456317721.0,9c45c396,0.979
1456317721.0,5a819f8f,0.969
1456317721.0,8b04f514,0.999
1456317721.0,1d76bf20,0.949
1456317721.0,b63aab01,0.959
1456317721.0,e0ff758f,0.969
1456317721.0,6cee9445,0.989
1456317721.0,5629e39c,1.009
1456317721.0,2fc8ca29,1.039
1456317721.0,7c6a2023,1.009
1456317721.0,47a5253e,1.009
1456317721.0,dd487ced,0.929
1456317721.0,200f98db,0.989
1456317721.0,85d39803,1.099
1456317721.0,a59acdf3,0.969
1456317721.0,2bb65033,0.979
1456317721.0,2b9c0c23,0.969
1456317721.0,c88d1f3b,0.979
1456317721.0,b212ad4b,0.959
1456317721.0,2a2c8207,0.999
1456317721.0,efcf22b5,0.989
1456317721.0,a472716e,1.019
1456317721.0,31a9b6e7,0.989
1456317721.0,27536df6,1.059
1456317721.0,f559d01a,0.969
1456317721.0,93407b90,0.959
1456317721.0,477e21c8,0.989
1456317721.0,8fcd6088,0.969
1456317721.0,71f647de,0.979
1456317721.0,a1143c6a,0.999
1456317721.0,550ebfc1,0.999
1456317721.0,3ad4d1ba,0.969
1456317721.0,b7bd3267,0.989
1456317721.0,4110a4d8,1.009
1456317721.0,9eb48657,0.999
1456317721.0,86eb854d,0.949
1456317721.0,e6fdbd0c,1.019
1456317721.0,94d84ba4,0.979
1456317721.0,195401ef,0.989
1456317721.0,da701b06,0.989
1456317721.0,0cd37e1e,0.939
1456317721.0,f6c091f9,0.989
1456317721.0,1a3b21e0,1.009
1456317721.0,88ec76d7,0.979
1456317721.0,806c0af2,0.959
1456317721.0,6cf3fd28,0.949
1456317721.0,0ddddfa0,0.969
1456317721.0,8bdb8e4d,0.969
1456317721.0,40f78b64,1.029
1456317721.0,dbdc1743,1.029
1456317721.0,5982a304,0.989
1456317721.0,9fde81ae,1.019
1456317721.0,96735449,0.999
1456317721.0,51bb4991,0.999
1456317721.0,9ca777a2,0.989
1456317721.0,cb8edd06,0.949
1456317721.0,451aaf71,0.969
1456317721.0,be34191b,0.969
1456317721.0,72d303e8,0.979
1456317721.0,f8ed5739,0.999
1456317721.0,ea1b9e67,0.939
1456317721.0,c8767aa3,0.949
1456317721.0,73816646,0.959
1456317721.0,f84d3d37,0.969
1456317721.0,374e91b4,0.969
1456317721.0,10774c7e,0.999
1456317721.0,63038217,0.949
1456317721.0,c002da7d,0.929
1456317721.0,71afe6ef,0.989
1456317721.0,6d3f757f,0.989
1456317721.0,820ce6ed,0.979
1456317721.0,04d2538c,0.979
1456317721.0,bb4e75d9,0.929
1456317721.0,7fdd64dc,0.919
1456317721.0,bc0ec46f,0.999
1456317721.0,212fd8e9,0.989
1456317721.0,0e61862e,0.949
1456317721.0,552017b2,0.969
1456317721.0,cfa7f86a,0.979
1456317721.0,5be837d4,0.989
1456317721.0,835a8691,0.969
1456317721.0,293f7598,1.009
1456317721.0,1d1829c8,0.959
1456317721.0,b6930305,1.009
1456317721.0,0ed46e0c,0.949
1456317721.0,6bac3115,0.949
1456317721.0,200cf8e2,0.939
1456317721.0,52658688,0.989
1456317721.0,7e9106b6,0.989
1456317721.0,5709c9ed,0.949
1456317721.0,7490aa54,0.959
1456317721.0,03261265,0.999
1456317721.0,aa7a4e3a,1.029
1456317721.0,1388562b,0.959
1456317721.0,2feae8bd,0.919
1456317721.0,1e13d4f8,0.959
1456317721.0,b445540d,0.969
1456317721.0,5e3c55e4,0.969
1456317721.0,eabcfe38,1.024
1456317721.0,c46c7e06,0.949
1456317721.0,1762464c,0.969
1456317721.0,fe69cf27,0.979
1456317721.0,b71fea96,1.019
1456317721.0,33d0d5fb,0.939
1456317721.0,6cc0c611,1.019
1456317721.0,5aa49c2a,0.929
1456317721.0,b4e57aeb,0.959
1456317721.0,5fcd0ac6,0.979
1456317721.0,af5a4fe6,0.959
1456317721.0,9479cc1c,0.949
1456317721.0,caf4c5e5,0.999
1456317721.0,2c2152b5,0.979
1456317721.0,98c2fb0e,0.979
1456317721.0,15d36622,0.989
1456317721.0,aadb880b,0.999
1456317721.0,3e1a04a2,0.979
1456317721.0,94d24f55,0.989
1456317721.0,204d8d56,0.979
1456317721.0,ee9b9dc5,0.959
1456317721.0,c1f4955f,0.999
1456317721.0,4aa96079,1.009
1456317721.0,6105a562,0.969
1456317721.0,db414715,1.009
1456317721.0,6f8ba6b1,0.959
1456317721.0,5a77d43f,0.939
1456317721.0,aa42d9a3,0.959
1456317721.0,d45b556e,0.989
1456317721.0,fab361d0,0.989
1456317721.0,21362c5e,0.999
1456317721.0,5083e533,0.979
1456317721.0,25365ee8,0.969
1456317721.0,2925337f,0.999
1456317721.0,43556abc,1.029
1456317721.0,5ec2ab05,0.979
1456317721.0,5abc5719,0.959
1456317721.0,a4deb49e,0.979
1456317721.0,39614aa8,0.959
1456317721.0,bc6a3d8b,0.999
1456317721.0,775487a4,0.959
1456317721.0,f1832ad0,1.009
1456317721.0,70a1919d,1.009
1456317721.0,506b3cd1,0.969
1456317721.0,15629b2c,0.999
1456317721.0,7b5e0499,0.989
1456317721.0,9004f49d,0.979
1456317721.0,0ec71297,0.969
1456317721.0,400e5197,0.979
1456317721.0,4020de03,0.929
1456317721.0,dddb4fe2,0.989
1456317721.0,f68a34f4,0.989
1456317721.0,a622d33e,0.939
1456317721.0,10ffd5b9,0.949
1456317721.0,5adcc672,0.959
1456317721.0,4e8aa2e9,1.009
1456317721.0,0f155e0a,0.969
1456317721.0,6e2e5e05,1.039
1456317721.0,63a8e437,0.979
1456317721.0,2d3f410b,0.979
1456317721.0,be5dd10f,0.959
1456317721.0,7eb639ab,0.989
1456317721.0,38716c97,0.979
1456317721.0,e9e52898,0.979
1456317721.0,6465956f,0.929
1456317721.0,ffacc137,0.989
1456317721.0,9aadb3f4,1.029
1456317721.0,47647d8f,0.979
1456317721.0,06fb0c54,0.969
1456317721.0,aafab111,0.999
1456317721.0,4352ae26,0.969
1456317721.0,371bd3e6,0.969
1456317721.0,52492fd5,0.989
1456317721.0,53b7ad2a,0.969
1456317721.0,f51c98aa,0.999
1456317721.0,e4c59692,0.979
1456317721.0,,1.019
1456317721.0,28277250,0.969
1456317721.0,c495260b,0.919
1456317721.0,4272bb90,0.959
1456317721.0,1b01cb62,0.979
1456317721.0,6877801d,1.029
1456317721.0,b2a8f247,0.999
1456317721.0,73b5d3b6,0.979
1456317721.0,39edd173,0.999
1456317721.0,d2eebffb,0.959
1456317721.0,aa9ca821,0.989
1456317721.0,edc52f30,0.979
1456317721.0,765b33b7,0.919
1456317721.0,029bff95,0.959
1456317721.0,d325d8aa,0.939
1456317721.0,9db34e97,1.009
1456317721.0,ca757f3f,1.009
1456317721.0,5ff6d4e2,0.989
1456317721.0,57393752,1.009
1456317721.0,a3813b89,0.979
1456317721.0,96378df9,1.009
1456317721.0,5a8f6bb5,0.979
1456317721.0,93157d05,1.019
1456317721.0,6e9e301f,0.999
1456317721.0,7415aab2,0.939
1456317721.0,e8659100,0.979
1456317721.0,9e7d95ec,1.009
1456317721.0,4b14d7f0,0.979
1456317721.0,a32bd6b9,0.919
1456317721.0,79534436,0.989
1456317721.0,bfaaf354,0.969
1456317721.0,a2987081,1.019
1456317721.0,48ef33bf,0.989
1456317721.0,9499ceea,0.989
1456317721.0,33f1b5fe,0.979
1456317721.0,392b75a8,0.969
1456317721.0,a8a26144,0.989
1456317721.0,092ea244,0.959
1456317721.0,6ce97072,0.989
1456317721.0,1fdc64f7,0.959
1456317721.0,6bd74eed,1.019
1456317721.0,5984119a,0.989
1456317721.0,704bc7f2,0.959
1456317721.0,aa24cd60,0.949
1456317721.0,b44f61b0,0.949
1456317721.0,493eff35,0.989
1456317721.0,5b2c0b33,0.939
1456317721.0,4c05520d,0.929
1456317721.0,9c7eab32,1.039
1456317721.0,48038048,0.999
1456317721.0,17bbc60e,0.979
1456317721.0,5d637168,0.969
1456317721.0,ab141bc6,1.109
1456317721.0,ecaa161e,1.019
1456317721.0,,0.969
1456317721.0,03325fa4,0.969
1456317721.0,ae9a3b9d,0.969
1456317721.0,a1f3d679,0.969
1456317721.0,19c801a7,0.989
1456317721.0,54352ce8,0.999
1456317721.0,317cd4e0,0.969
1456317721.0,1170df4a,0.949
1456317721.0,,1.009
1456317721.0,7c912d45,0.959
1456317721.0,777eab33,0.949
1456317721.0,76cc63cc,0.979
1456317721.0,034c5ff6,0.969
1456317721.0,385fa695,0.964
1456317721.0,257b4f91,0.979
1456317721.0,901e7c74,1.009
1456317721.0,9acedda4,0.999
1456317721.0,aea5cadc,0.989
1456317721.0,e46e4bee,0.949
1456317721.0,b8e3788a,1.009
1456317721.0,85676e8b,0.999
1456317721.0,4e5b883c,0.969
1456317721.0,ec2d257d,1.019
1456317721.0,c2cdc545,0.939
1456317721.0,5f695bd8,0.969
1456317721.0,c5669e2f,0.939
1456317721.0,89911292,0.979
1456317721.0,6f4273c4,0.969
1456317721.0,33caf979,0.969
1456317721.0,2771cba6,0.949
1456317721.0,00eb6334,0.949
1456317721.0,91698594,0.959
1456317721.0,3365e596,1.009
1456317721.0,8b143527,0.999
1456317721.0,209e8416,0.979
1456317721.0,5edb91a5,0.939
1456317721.0,855fc4f2,0.959
1456317721.0,73af6d41,0.989
1456317721.0,26e74126,1.039
1456317721.0,91604c03,0.939
1456317721.0,e4b1c6fb,0.989
1456317721.0,acf3fb4b,0.979
1456317721.0,af6c3817,0.969
1456317721.0,5ab36501,0.969
1456317721.0,0ba0dd13,0.999
1456317721.0,e767706d,0.949
1456317721.0,98677b5e,0.969
1456317721.0,73086606,0.969
1456317721.0,41ea449e,0.999
1456317721.0,07e5acfb,0.979
1456317721.0,fdda2a1f,0.989
1456317721.0,7ba3471a,0.939
1456317721.0,c8898ee2,0.949
1456317721.0,7771a21d,0.979
1456317721.0,9e78816a,0.999
1456317721.0,cf0f7009,0.979
1456317721.0,5505aa75,0.969
1456317721.0,5741a508,0.949
1456317721.0,c31dc7b8,0.999
1456317721.0,4829f4f6,0.999
1456317721.0,d3549133,0.949
1456317721.0,4c925894,0.999
1456317721.0,b24d84c3,0.999
1456317721.0,26a56374,0.939
1456317721.0,f9befed0,1.009
1456317721.0,4530e328,0.969
1456317721.0,6ab142e0,0.959
1456317721.0,e458aaaf,0.999
1456317721.0,33edb985,1.009
1456317721.0,d1deaf7f,0.989
1456317721.0,f97a19ce,0.989
1456317721.0,956c6d65,0.959
1456317721.0,5192889f,0.989
1456317721.0,3f290ee2,0.919
1456317721.0,d3052d2c,0.989
1456317721.0,622ea8b5,0.959
1456317721.0,62595ff2,0.979
1456317721.0,68b79d30,0.979
1456317721.0,e5ccd3f7,0.979
1456317721.0,2a753e23,0.949
1456317721.0,5afecce4,1.019
1456317721.0,eaaeb33a,0.959
1456317721.0,1580fa52,0.979
1456317721.0,909f02fa,1.009
1456317721.0,75a2e00a,0.939
1456317721.0,b205cecb,0.989
1456317721.0,6ca7f7c5,0.979
1456317721.0,304a6497,0.979
1456317721.0,fc9dc8e5,0.969
1456317721.0,6d257c8c,0.979
1456317721.0,0880a239,0.959
1456317721.0,6e781ba8,0.949
1456317721.0,c92ed685,0.989
1456317721.0,f90e119d,0.999
1456317721.0,af343ad6,0.959
1456317721.0,579ffc07,0.949
1456317721.0,3ce106d3,0.979
1456317721.0,53668235,0.969
1456317721.0,c6d02f74,0.959
1456317721.0,4bb19235,0.949
1456317721.0,2c3fb747,0.999
1456317721.0,9f0519b8,0.949
1456317721.0,8e0fdf79,0.999
1456317721.0,2a8d8f74,1.039
1456317721.0,5446812c,1.019
1456317721.0,2c882c96,0.999
1456317721.0,73af7048,0.959
1456317721.0,17e982d2,0.979
1456317721.0,ac12c84c,1.019
1456317721.0,6c1e7a7a,1.029
1456317721.0,50e125b9,0.989
1456317721.0,14b80428,0.969
1456317721.0,a452f12c,0.959
1456317721.0,6388b41c,0.959
1456317721.0,31cd43d6,0.969
1456317721.0,dda65020,0.949
1456317721.0,57d1fddc,0.939
1456317721.0,78565e39,0.969
1456317721.0,46bea8c9,0.969
1456317721.0,0c1688de,0.949
1456317721.0,3b38e104,0.979
1456317721.0,293e1b9a,0.919
1456317721.0,9e4a151c,0.949
1456317721.0,2ebde489,1.019
1456317721.0,f36b3182,0.979
1456317721.0,bd5bd28e,0.949
1456317721.0,1d2f1425,0.959
1456317721.0,210e50b8,0.959
1456317721.0,e0e02d9a,0.929
1456317721.0,a07f50c4,0.959
1456317721.0,3db9e3a9,0.949
1456317721.0,8ddd7eaf,0.929
1456317721.0,efdbec8f,0.969
1456317721.0,471da9da,0.959
1456317721.0,4b0cfdb6,0.959
1456317721.0,6fb50287,0.939
1456317721.0,12081217,0.959
1456317721.0,26664969,0.979
1456317721.0,bf08287b,0.939
1456317721.0,ebca1266,0.999
1456317721.0,3c76ded2,0.959
1456317721.0,89f88deb,0.989
1456317721.0,27824fdf,0.929
1456317721.0,8ff83879,0.939
1456317721.0,a3f3755e,0.929
1456317721.0,6ee20bbd,0.919
1456317721.0,,0.939
1456317721.0,006407b4,0.939
1456317721.0,024c1344,0.959
1456317721.0,e2de0df7,0.939
1456317721.0,dd3f23e4,0.957
1456317721.0,d61494fe,0.969
1456317721.0,3be89cc4,0.959
1456317721.0,f184201b,0.919
1456317721.0,fa5f29ac,0.999
1456317721.0,ab3fb92f,0.939
1456317721.0,e05e8acf,1.029
1456317721.0,0030aa59,1.079
1456317721.0,f4df3f30,0.949
1456317721.0,1d4a06c1,0.999
1456317721.0,6b47dc33,0.969
1456317721.0,5594ce0b,0.979
1456317721.0,042a624d,0.959
1456317721.0,27568398,1.029
1456317721.0,89b78f49,0.949
1456317721.0,0d1f648e,0.999
1456317721.0,5f143eb7,0.929
1456317721.0,47a742a7,0.989
1456317721.0,fe407811,0.949
1456317721.0,db680fc7,0.969
1456317721.0,888142ae,1.019
1456317721.0,57ef5f09,0.929
1456317721.0,3473636a,0.999
1456317721.0,238a9662,0.969
1456317721.0,0028e6e8,0.989
1456317721.0,034d1d51,0.969
1456317721.0,741f3aab,0.999
1456317721.0,5f9ac3b1,0.959
1456317721.0,a39811f3,1.029
1456317721.0,8d6341ad,0.969
1456317721.0,c31de946,0.949
1456317721.0,e532c6da,0.979
1456317721.0,1510f5e1,0.999
1456317721.0,04a002fa,0.959
1456317721.0,d87652c8,0.989
1456317721.0,04486e6c,0.979
1456317721.0,8ac12153,1.009
1456317721.0,6b365c9c,1.029
1456317721.0,9170b9cb,0.979
1456317721.0,c7df12d5,1.009
1456317721.0,372699d4,0.969
1456317721.0,574bc6fc,0.989
1456317721.0,684e7234,0.919
1456317721.0,a07d5f54,0.989
1456317721.0,447b405d,0.969
1456317721.0,b3011e67,0.929
1456317721.0,f2a2a323,0.979
1456317721.0,e9f37fb2,0.979
1456317721.0,b5741ecf,0.969
1456317721.0,32e6abfd,0.989
1456317721.0,8fc52727,0.949
1456317721.0,10753208,1.009
1456317721.0,c73ee0fc,1.019
1456317721.0,1720dec9,0.979
1456317721.0,f2be6718,0.969
1456317721.0,881b7fb8,0.989
1456317721.0,484d9d04,0.969
1456317721.0,312f1849,0.979
1456317721.0,eac805c4,0.979
1456317721.0,e0e8a55b,1.019
1456317721.0,5800eb70,0.904
1456317721.0,3f2144a4,0.979
1456317721.0,8f2afdd4,1.039
1456317721.0,c1599ca9,1.039
1456317721.0,6bd698e2,0.979
1456317721.0,c327932b,0.989
1456317721.0,,0.979
1456317721.0,842da93a,0.969
1456317721.0,7423e9d0,0.979
1456317721.0,a1d1ae1e,0.939
1456317721.0,57c3de2f,0.949
1456317721.0,799875f1,1.009
1456317721.0,9422b117,0.989
1456317721.0,6ebc2d88,0.969
1456317721.0,eeb5162c,0.949
1456317721.0,893b4e64,0.959
1456317721.0,a489065a,0.999
1456317721.0,28664934,0.969
1456317721.0,3e8ffe66,0.979
1456317721.0,7680fb35,0.979
1456317721.0,6bbd3dc3,0.959
1456317721.0,af7679c0,0.959
1456317721.0,,0.969
1456317721.0,8938be00,1.039
1456317721.0,6e42bec6,0.969
1456317721.0,4657a318,0.979
1456317721.0,24e4f125,0.979
1456317721.0,0b152e4a,1.019
1456317721.0,4b3bf40e,0.949
1456317961.0,f58434d3,1.029
1456317961.0,ae0b5a92,0.959
1456317961.0,04e35776,1.009
1456317961.0,3a4ffbbf,0.979
1456317961.0,39b9a4d8,0.959
1456317961.0,51d953d8,0.929
1456317961.0,6e1fdef4,0.929
1456317961.0,5ba0dc8d,0.939
1456317961.0,e0f84539,0.979
1456317961.0,2bb71646,0.969
1456317961.0,d685db42,0.959
1456317961.0,bd100d45,0.959
1456317961.0,ac971a48,0.939
1456317961.0,047ea646,0.969
1456317961.0,de6c0c12,0.959
1456317961.0,a5ca89e4,0.979
1456317961.0,1e0a9b4e,0.919
1456317961.0,dfe43ff9,0.919
1456317961.0,d53e3a60,0.909
1456317961.0,08903b8c,0.959
1456317961.0,1e3d64de,0.949
1456317961.0,3e50dc0d,0.939
1456317961.0,655c4244,0.949
1456317961.0,6672f80b,1.009
1456317961.0,58e4c668,0.989
1456317961.0,c45f047d,0.959
1456317961.0,28e7f835,0.949
1456317961.0,9a11b9a9,0.959
1456317961.0,7bbf0d9c,0.949
1456317961.0,f4a95cf0,0.929
1456317961.0,2295e162,0.909
1456317961.0,5b11b517,0.959
1456317961.0,fb73e5e4,0.929
1456317961.0,1e3a9784,0.929
1456317961.0,4e31aa8b,0.929
1456317961.0,c928ed36,0.909
1456317961.0,8e6c3c82,0.919
1456317961.0,0335180a,1.009
1456317961.0,a5de87b9,0.979
1456317961.0,6785e982,1.009
1456317961.0,bc11a9fb,0.959
1456317961.0,aa7e9a2c,0.969
1456317961.0,c05d0f34,0.919
1456317961.0,48085700,0.989
1456317961.0,c8fd7bd8,0.939
1456317961.0,bc572eb7,0.979
1456317961.0,96629300,0.969
1456317961.0,caf99587,1.019
1456317961.0,f3aefdfa,0.949
1456317961.0,ce75f1ed,1.009
1456317961.0,8208358e,0.979
1456317961.0,976e4795,0.999
1456317961.0,d88f7597,1.029
1456317961.0,23e41d8c,0.969
1456317961.0,c143cd5a,0.939
1456317961.0,483e25f7,0.999
1456317961.0,1febf6ac,0.949
1456317961.0,c5627012,1.019
1456317961.0,3277bf79,0.979
1456317961.0,33c885cc,0.939
1456317961.0,85d0e643,0.989
1456317961.0,dad17cc9,0.959
1456317961.0,c2c059ad,0.989
1456317961.0,186db07d,0.989
1456317961.0,09bc3f2e,1.009
1456317961.0,e85f8007,0.989
1456317961.0,48c665d2,0.959
1456317961.0,01574e74,0.949
1456317961.0,72bd4b95,0.969
1456317961.0,c74b9c21,0.979
1456317961.0,4015542f,0.979
1456317961.0,32167d7b,0.949
1456317961.0,84028c7a,1.009
1456317961.0,fb553435,0.979
1456317961.0,09576ba9,0.989
1456317961.0,ceefde2a,0.969
1456317961.0,5597ee18,0.949
1456317961.0,c060503d,0.999
1456317961.0,6473e25b,0.969
1456317961.0,9d51c1aa,0.999
1456317961.0,84705f45,0.959
1456317961.0,4f5b6b22,0.969
1456317961.0,2fcd527f,0.959
1456317961.0,bd52c7bf,0.949
1456317961.0,,0.939
1456317961.0,ff574b02,0.989
1456317961.0,1de97778,0.949
1456317961.0,7387def2,0.949
1456317961.0,d5b6651a,0.969
1456317961.0,9481f21d,0.999
1456317961.0,186dc55a,0.969
1456317961.0,4b229f4e,0.999
1456317961.0,c1772f1e,0.989
1456317961.0,5087513f,1.039
1456317961.0,61f78d05,0.929
1456317961.0,eed6c533,0.999
1456317961.0,7da8091a,1.019
1456317961.0,eba73bce,0.989
1456317961.0,ca8f532f,0.959
1456317961.0,34f8b648,0.979
1456317961.0,2aaf451f,0.939
1456317961.0,3959f076,0.949
1456317961.0,5ce35089,0.999
1456317961.0,515a767d,0.969
1456317961.0,,0.979
1456317961.0,c2cfa7d5,0.969
1456317961.0,baa200b9,0.999
1456317961.0,5bf4abd4,0.979
1456317961.0,9c38cf72,0.969
1456317961.0,2cd4a5d5,0.989
1456317961.0,305c755c,0.959
1456317961.0,8547b6b8,0.989
1456317961.0,6b162563,0.969
1456317961.0,2c0b3549,0.999
1456317961.0,a14af66a,0.989
1456317961.0,c4df6669,0.949
1456317961.0,b21e0b80,0.979
1456317961.0,d34c2ebc,0.964
1456317961.0,0670c33b,0.999
1456317961.0,0c39b458,0.959
1456317961.0,04da5ab2,0.989
1456317961.0,93da27ed,0.979
1456317961.0,b4c34df5,0.949
1456317961.0,55a8333b,1.049
1456317961.0,3cb139bc,0.979
1456317961.0,5af6e995,0.979
1456317961.0,9c389a21,1.009
1456317961.0,6670ab73,0.989
1456317961.0,f6746552,0.989
1456317961.0,1b5ef1d1,1.009
1456317961.0,faa85b47,0.979
1456317961.0,df3fd5ef,1.019
1456317961.0,14013752,1.029
1456317961.0,41618289,1.019
1456317961.0,ed2deb3d,0.999
1456317961.0,19413372,0.979
1456317961.0,e827975b,0.969
1456317961.0,453bb6b1,1.019
1456317961.0,0618ae27,0.969
1456317961.0,7481989a,0.959
1456317961.0,b7502504,0.979
1456317961.0,f41e2fff,0.949
1456317961.0,9e051c13,0.969
1456317961.0,8feda8b5,0.989
1456317961.0,ac54aab9,0.999
1456317961.0,0f29b89a,0.979
1456317961.0,d7e428bf,1.009
1456317961.0,980060a7,0.999
1456317961.0,2e991b23,0.939
1456317961.0,64edaf71,0.949
1456317961.0,2fe20e60,0.989
1456317961.0,8f6a43ef,0.979
1456317961.0,136fdac8,0.959
1456317961.0,ce5f4f85,0.989
1456317961.0,08919b22,0.949
1456317961.0,711d036b,0.979
1456317961.0,2a4db9c0,1.019
1456317961.0,d0fef588,0.959
1456317961.0,d95bf294,0.989
1456317961.0,e571ac33,0.999
1456317961.0,c060c224,1.019
1456317961.0,05976f26,0.999
1456317961.0,69a2d28e,0.929
1456317961.0,bca5b114,0.979
1456317961.0,3afb0fab,1.009
1456317961.0,8012958f,0.959
1456317961.0,3fa1622b,0.999
1456317961.0,3bbe7509,0.969
1456317961.0,db407393,0.949
1456317961.0,dd154694,0.959
1456317961.0,78676005,0.979
1456317961.0,37034115,1.019
1456317961.0,69206b79,0.979
1456317961.0,462fde27,0.999
1456317961.0,e03f4572,0.939
1456317961.0,5a55ec8e,0.969
1456317961.0,d84e5b34,0.949
1456317961.0,2e1bed62,0.999
1456317961.0,47dc373a,0.979
1456317961.0,30ffa8c9,0.969
1456317961.0,37c4f1e4,0.959
1456317961.0,a1b6608c,0.969
1456317961.0,f5b0ba52,0.999
1456317961.0,b09942f7,0.989
1456317961.0,817bcf9d,0.999
1456317961.0,be8fa131,0.999
1456317961.0,8a4d8b45,0.969
1456317961.0,31f5cac5,0.999
1456317961.0,d902aea0,0.969
1456317961.0,afa3da28,0.979
1456317961.0,2f8220df,0.989
1456317961.0,b4222b9d,0.944
1456317961.0,0567b4b5,1.009
1456317961.0,ef878178,0.969
1456317961.0,08506b59,0.959
1456317961.0,4d705805,0.969
1456317961.0,632dad6b,1.019
1456317961.0,00a2a041,0.949
1456317961.0,51fd157b,0.979
1456317961.0,8a577495,0.959
1456317961.0,fbc6af74,0.969
1456317961.0,eeb36e25,1.029
1456317961.0,7ba5966e,0.959
1456317961.0,118d4934,1.009
1456317961.0,eacc3482,0.989
1456317961.0,16b0be39,0.979
1456317961.0,c92339a1,0.989
1456317961.0,4754c4ee,0.919
1456317961.0,f9dd3c36,0.999
1456317961.0,7f79215f,0.979
1456317961.0,d586ebeb,0.959
1456317961.0,a004fbaa,0.999
1456317961.0,09a6cc4e,1.029
1456317961.0,948a8512,1.009
1456317961.0,5aede176,0.979
1456317961.0,69e0cb90,0.959
1456317961.0,41e7918d,0.999
1456317961.0,eaa98c1c,1.009
1456317961.0,316a2f5b,0.969
1456317961.0,e01a7247,0.969
1456317961.0,11450a74,0.989
1456317961.0,e4653a83,0.939
1456317961.0,ad338ffc,1.009
1456317961.0,75a26cab,1.069
1456317961.0,3ca3cce3,0.999
1456317961.0,a8b30b85,1.029
1456317961.0,ac8396c4,0.939
1456317961.0,03199c21,0.949
1456317961.0,,0.959
1456317961.0,9609842a,0.959
1456317961.0,cf68ef20,0.989
1456317961.0,0b46b912,0.979
1456317961.0,f9b056ba,0.979
1456317961.0,102d2e04,1.009
1456317961.0,0c379bda,1.009
1456317961.0,be8c65ec,0.979
1456317961.0,990318d3,0.999
1456317961.0,e6d32ea4,0.989
1456317961.0,e6c64a05,1.009
1456317961.0,f1def287,0.979
1456317961.0,c0e39558,0.939
1456317961.0,4cd27bd4,0.939
1456317961.0,0de2cbad,0.979
1456317961.0,bb738427,0.959
1456317961.0,4f6c20ab,0.989
1456317961.0,c372d047,0.939
1456317961.0,3dceca88,0.989
1456317961.0,b29751cb,0.989
1456317961.0,e8c6402f,0.969
1456317961.0,12ad7001,0.999
1456317961.0,8c94be49,0.979
1456317961.0,de4dfcb8,1.009
1456317961.0,9830928e,0.999
1456317961.0,a2fd1226,0.919
1456317961.0,2ef17053,1.049
1456317961.0,d224cc8c,0.989
1456317961.0,43a0a005,1.009
1456317961.0,553fb461,0.999
1456317961.0,77b7abe7,0.999
1456317961.0,2736cca4,0.969
1456317961.0,121ea079,1.009
1456317961.0,414a4374,0.969
1456317961.0,75a5bed7,0.979
1456317961.0,b07918a9,0.959
1456317961.0,1a5348cf,1.009
1456317961.0,e88430a3,0.969
1456317961.0,d8497cfd,0.979
1456317961.0,d8beccb1,0.989
1456317961.0,403a1c86,0.979
1456317961.0,fc85f4ab,0.969
1456317961.0,612ed46e,0.959
1456317961.0,cd0841fe,0.979
1456317961.0,4c092b15,0.939
1456317961.0,5a0fb607,1.009
1456317961.0,7391a07f,0.969
1456317961.0,5c405f95,0.969
1456317961.0,74abc1c5,0.979
1456317961.0,fd92c61e,0.969
1456317961.0,7ba8ceb3,0.929
1456317961.0,d5e3ccf5,0.979
1456317961.0,8d590271,0.969
1456317961.0,546992ee,0.959
1456317961.0,29291727,0.979
1456317961.0,4e5b5da4,0.989
1456317961.0,3f710c08,1.009
1456317961.0,f3951d31,0.989
1456317961.0,1398c802,0.999
1456317961.0,dbaf66ec,0.969
1456317961.0,f43bc6b9,0.989
1456317961.0,de28ebc0,0.999
1456317961.0,ee0b2b76,0.979
1456317961.0,e4436253,0.969
1456317961.0,f479c8f0,0.989
1456317961.0,1b24bc6c,0.959
1456317961.0,682bb15c,1.019
1456317961.0,3b06308c,1.019
1456317961.0,31b711f3,1.069
1456317961.0,b72a502f,0.959
1456317961.0,d1207062,1.019
1456317961.0,abbf40a6,0.959
1456317961.0,9e5f97a3,0.989
1456317961.0,b5f637aa,0.979
1456317961.0,0dc5ec60,1.009
1456317961.0,c17f3537,0.989
1456317961.0,19584345,0.999
1456317961.0,53680e05,1.009
1456317961.0,f084458d,0.989
1456317961.0,ca3dd4d1,1.009
1456317961.0,ed74a070,0.989
1456317961.0,98e2efcd,0.979
1456317961.0,e82ffdb7,0.939
1456317961.0,ba636b7b,0.999
1456317961.0,14b2ac02,0.999
1456317961.0,d97b6339,0.939
1456317961.0,e7848d8d,0.969
1456317961.0,b52679e9,0.979
1456317961.0,e527ee65,0.959
1456317961.0,d3e4d9b9,1.049
1456317961.0,b75272ba,0.959
1456317961.0,bc38f274,0.949
1456317961.0,6ebcf0bd,0.989
1456317961.0,1660ed2f,0.999
1456317961.0,e975b4d9,0.939
1456317961.0,87d167da,0.999
1456317961.0,03719a0b,0.989
1456317961.0,734783d7,0.969
1456317961.0,fe2084ca,0.979
1456317961.0,9dd61d06,0.959
1456317961.0,fc8b3633,0.999
1456317961.0,0fdbf750,0.959
1456317961.0,2d149d2f,0.949
1456317961.0,d64706be,0.969
1456317961.0,72c5857a,0.959
1456317961.0,251d5667,0.989
1456317961.0,759c0ad5,0.979
1456317961.0,7b943951,0.969
1456317961.0,279f7243,0.989
1456317961.0,408faf33,0.979
1456317961.0,51ff36bc,0.949
1456317961.0,7969d4f3,1.019
1456317961.0,fc7209ce,0.969
1456317961.0,f052c9f4,0.969
1456317961.0,adf56fc9,0.999
1456317961.0,c43140bc,1.009
1456317961.0,078ea69e,0.979
1456317961.0,1fcf6368,0.999
1456317961.0,a37cd3e6,0.989
1456317961.0,76e85116,0.949
1456317961.0,3273810e,0.999
1456317961.0,860dceaa,0.969
1456317961.0,63ded480,0.999
1456317961.0,68e5bc6e,0.939
1456317961.0,7eed54a8,0.999
1456317961.0,9733a9c0,0.969
1456317961.0,99b5b897,0.969
1456317961.0,45162ff3,0.979
1456317961.0,c61bf054,0.974
1456317961.0,cf235e84,0.969
1456317961.0,25e13742,0.959
1456317961.0,d7fbc628,0.979
1456317961.0,d7530e7f,0.969
1456317961.0,6d76c77e,1.029
1456317961.0,d9cff4b8,0.999
1456317961.0,a8329ca7,0.949
1456317961.0,6a3c7f9e,1.049
1456317961.0,0a7d02af,0.979
1456317961.0,047946f0,1.069
1456317961.0,fb3a21ef,0.989
1456317961.0,27809f91,0.949
1456317961.0,7dfbe965,0.969
1456317961.0,a9a62b06,1.009
1456317961.0,128ea457,0.989
1456317961.0,97f555af,0.999
1456317961.0,33fc971c,0.949
1456317961.0,851acde1,0.989
1456317961.0,b67ae9fe,0.959
1456317961.0,ffdd96e7,0.989
1456317961.0,bef54869,0.939
1456317961.0,32cdea2d,1.009
1456317961.0,30007963,0.919
1456317961.0,25c8941f,0.949
1456317961.0,5991ce93,0.999
1456317961.0,20021fca,0.969
1456317961.0,8de146cf,0.999
1456317961.0,52c8263e,0.979
1456317961.0,dcf12c2f,0.949
1456317961.0,3c3f5bfb,0.979
1456317961.0,a894c70b,0.999
1456317961.0,1fce6706,0.969
1456317961.0,473e0e2f,0.969
1456317961.0,946a6eb2,0.959
1456317961.0,70681f39,0.979
1456317961.0,ae7c1497,0.999
1456317961.0,2ebb5677,0.939
1456317961.0,841961d9,1.009
1456317961.0,fcbe2ffd,0.939
1456317961.0,f93d7536,0.949
1456317961.0,c72ef065,1.009
1456317961.0,551bcdc0,0.999
1456317961.0,49d8f4c8,0.999
1456317961.0,1493c496,0.979
1456317961.0,b563f7fe,0.939
1456317961.0,8f7c069a,0.969
1456317961.0,863245a5,0.979
1456317961.0,02c0b252,0.949
1456317961.0,7f2dbefe,0.989
1456317961.0,98e9a25d,0.979
1456317961.0,f625efde,1.029
1456317961.0,f75e28b0,0.989
1456317961.0,af12e3b6,1.019
1456317961.0,0df7c170,0.949
1456317961.0,14296800,0.959
1456317961.0,6b2baaee,0.979
1456317961.0,fd19fab6,0.999
1456317961.0,dc080c47,0.989
1456317961.0,4d19c697,0.929
1456317961.0,be70fae4,0.959
1456317961.0,42bd894d,0.939
1456317961.0,1e2441ce,0.939
1456317961.0,a97b419d,0.969
1456317961.0,235dd814,0.999
1456317961.0,576e47d1,0.939
1456317961.0,24e573e4,0.989
1456317961.0,f78f34d4,1.029
1456317961.0,d64ff6b9,0.989
1456317961.0,b463b410,0.959
1456317961.0,64e9b77c,0.939
1456317961.0,4abb67a5,0.999
1456317961.0,363fd593,0.929
1456317961.0,971090e7,0.959
1456317961.0,,0.949
1456317961.0,936bc3be,0.969
1456317961.0,ff485bff,0.959
1456317961.0,861a2709,0.949
1456317961.0,18ac93f2,0.929
1456317961.0,ec810259,0.949
1456317961.0,40d8f838,0.929
1456317961.0,788b07d6,0.959
1456317961.0,100339eb,0.959
1456317961.0,1ea58c14,0.979
1456317961.0,a919a056,0.939
1456317961.0,a8a8c5b1,0.999
1456317961.0,555c0035,0.989
1456317961.0,bd8f68d2,0.999
1456317961.0,c19f6b7f,0.929
1456317961.0,4d01f5f7,0.999
1456317961.0,de079ca8,0.949
1456317961.0,dad373d3,0.959
1456317961.0,365e9221,0.989
1456317961.0,a8338c14,0.959
1456317961.0,dc639d24,1.079
1456317961.0,7aff909e,0.979
1456317961.0,0fa50e56,0.959
1456317961.0,b9456e15,0.979
1456317961.0,235541b4,0.979
1456317961.0,7aa8077e,0.979
1456317961.0,5d843d6e,0.979
1456317961.0,e9187171,0.949
1456317961.0,0ad1807b,0.999
1456317961.0,2080cd01,0.959
1456317961.0,9c269747,0.959
1456317961.0,17bc7e07,0.959
1456317961.0,4395666c,0.969
1456317961.0,baf1ff57,0.999
1456317961.0,32065a23,0.949
1456317961.0,890c4fe1,0.989
1456317961.0,0e7a54cf,0.969
1456317961.0,7300bd43,1.009
1456317961.0,a7f164b3,0.989
1456317961.0,3b4ac733,0.989
1456317961.0,f41d8382,0.969
1456317961.0,8792c041,0.969
1456317961.0,b11dbf11,0.979
1456317961.0,5d0480fc,1.009
1456317961.0,4307435a,0.969
1456317961.0,a24bfa50,0.929
1456317961.0,a1605c07,0.939
1456317961.0,4d90c00c,0.999
1456317961.0,d01e5e31,0.989
1456317961.0,9443935d,0.989
1456317961.0,3e7ce5dd,0.959
1456317961.0,a35aac09,0.979
1456317961.0,8551d143,0.999
1456317961.0,aecb2a58,1.009
1456317961.0,badcf1ca,0.969
1456317961.0,ff138580,0.979
1456317961.0,e1df3a0f,0.959
1456317961.0,dadc3ef8,0.979
1456317961.0,f0ec9164,0.989
1456317961.0,01877c6b,0.939
1456317961.0,e837786a,0.979
1456317961.0,ad6f7aae,0.989
1456317961.0,7bbd97a0,0.969
1456317961.0,3983dfd0,0.979
1456317961.0,c390d56a,1.019
1456317961.0,fc062d47,0.959
1456317961.0,313314f6,0.989
1456317961.0,7e7b7769,0.949
1456317961.0,0b8418b0,0.959
1456317961.0,5bc7d850,0.979
1456317961.0,fbcaa7f6,0.939
1456317961.0,75b73329,1.029
1456317961.0,5c152248,1.039
1456317961.0,8654a022,0.929
1456317961.0,07e15eec,0.979
1456317961.0,716935a5,0.989
1456317961.0,7fc9d4ff,0.989
1456317961.0,ace72885,0.939
1456317961.0,61173148,0.938
1456317961.0,db1d08fc,1.039
1456317961.0,0a5b2682,1.019
1456317961.0,6b012e3a,0.939
1456317961.0,88a26674,0.949
1456317961.0,fb2e36a4,0.969
1456317961.0,c085267d,0.989
1456317961.0,8f8b3ebe,0.949
1456317961.0,06865c2e,0.999
1456317961.0,bef29304,0.979
1456317961.0,242f7b9b,1.029
1456317961.0,5f71144d,0.949
1456317961.0,,0.999
1456317961.0,aa65bfee,0.999
1456317961.0,80049eb4,1.029
1456317961.0,7961ef76,0.999
1456317961.0,c1f62db6,1.009
1456317961.0,7b424e1c,1.019
1456317961.0,,0.989
1456317961.0,f22bbd79,0.949
1456317961.0,13683185,0.959
1456317961.0,8fb53921,0.959
1456317961.0,a2312d54,1.019
1456317961.0,162f1e57,0.999
1456317961.0,6313d441,0.979
1456317961.0,b1eebb11,0.979
1456317961.0,3f2e3b3e,0.969
1456317961.0,e35dbbb3,0.979
1456317961.0,7eb1f44d,0.989
1456317961.0,bc723644,0.949
1456317961.0,f7f4f1c0,0.969
1456317961.0,82ca3bd9,0.999
1456317961.0,f8cd8b31,0.969
1456317961.0,4bdede16,0.979
1456317961.0,0d28fb9e,1.009
1456317961.0,e25fe2d7,0.989
1456317961.0,4b92e661,1.019
1456317961.0,284b19f5,1.009
1456317961.0,3b9afeb7,0.969
1456317961.0,2a2c8207,0.989
1456317961.0,3d5d3cef,0.969
1456317961.0,68f0ed84,0.949
1456317961.0,4cb2a111,0.979
1456317961.0,c1154259,0.959
1456317961.0,004e3e89,1.059
1456317961.0,a10d5095,0.959
1456317961.0,f39dbcda,0.979
1456317961.0,a1143c6a,0.989
1456317961.0,997de382,0.969
1456317961.0,d247620c,0.959
1456317961.0,086d076b,0.999
1456317961.0,9e3fd3b1,0.949
1456317961.0,040531cf,0.939
1456317961.0,153762cf,0.959
1456317961.0,b760e17f,0.949
1456317961.0,18b93d5d,0.979
1456317961.0,,0.999
1456317961.0,94d84ba4,0.969
1456317961.0,1e3f04ab,0.969
1456317961.0,0e565dc4,0.979
1456317961.0,0061e71a,0.979
1456317961.0,8a3aa486,0.999
1456317961.0,e74e26f5,0.989
1456317961.0,ff19a228,1.009
1456317961.0,669b7d94,0.989
1456317961.0,57d05ba7,1.009
1456317961.0,3bafbbfc,0.989
1456317961.0,6d20a7b6,0.989
1456317961.0,5180eda7,1.029
1456317961.0,68c15014,0.969
1456317961.0,586c91e3,0.929
1456317961.0,364c49b5,0.999
1456317961.0,f14a4629,0.979
1456317961.0,2660a5d2,0.939
1456317961.0,6f30727c,0.999
1456317961.0,d3faff64,0.989
1456317961.0,fb9f21b7,0.979
1456317961.0,a1c3be4b,0.969
1456317961.0,8068a1a0,0.959
1456317961.0,765dab48,0.979
1456317961.0,1d513400,1.029
1456317961.0,46950b68,0.949
1456317961.0,f84d3d37,0.969
1456317961.0,10774c7e,0.989
1456317961.0,49633dc8,0.989
1456317961.0,b9204fb6,0.979
1456317961.0,4cd127d6,1.019
1456317961.0,80e8cb89,1.019
1456317961.0,f2abb84b,0.989
1456317961.0,f1f7ae62,0.984
1456317961.0,1087e8a7,0.969
1456317961.0,ce0bd00f,0.969
1456317961.0,da4f51da,1.029
1456317961.0,3edff2fe,1.019
1456317961.0,cbe160e3,0.969
1456317961.0,4a7395cf,0.999
1456317961.0,4960decd,0.979
1456317961.0,dd5107f2,0.979
1456317961.0,8a0d026c,0.949
1456317961.0,bc47d203,0.969
1456317961.0,c3c0fce5,0.999
1456317961.0,27d11827,1.029
1456317961.0,c05a0ef2,0.969
1456317961.0,d4b2d77f,0.939
1456317961.0,6f988429,0.969
1456317961.0,7c06a27e,1.009
1456317961.0,526f4c6d,1.009
1456317961.0,ba2fdbe6,0.969
1456317961.0,c083a2d4,0.969
1456317961.0,5b35d3e9,0.949
1456317961.0,42d0c2aa,0.999
1456317961.0,ef80a9d5,0.979
1456317961.0,076cbc57,0.949
1456317961.0,7b9e5f97,1.029
1456317961.0,9d7fe73c,0.989
1456317961.0,66e5052b,0.999
1456317961.0,cfbd6d9d,0.979
1456317961.0,a453e0de,0.959
1456317961.0,0ea9619d,0.959
1456317961.0,8bce4624,0.969
1456317961.0,dff7e38b,0.949
1456317961.0,87bbe419,0.959
1456317961.0,2092821a,0.969
1456317961.0,c2d485ca,0.949
1456317961.0,af9c113d,0.979
1456317961.0,b6a10cdf,0.959
1456317961.0,,0.949
1456317961.0,af2f9310,0.939
1456317961.0,42cc5c79,0.959
1456317961.0,16e0fe75,1.039
1456317961.0,cbe823ba,0.979
1456317961.0,48314cda,0.979
1456317961.0,70cfddc2,0.989
1456317961.0,48aac8e9,0.969
1456317961.0,e109622e,0.969
1456317961.0,5ed50ecc,0.939
1456317961.0,757ed05d,1.009
1456317961.0,5ec70894,1.009
1456317961.0,1553efff,0.979
1456317961.0,5cb012ef,0.999
1456317961.0,5b1eb6c6,0.939
1456317961.0,d5d87feb,1.009
1456317961.0,4c7d1e42,0.969
1456317961.0,c1d8eb68,1.009
1456317961.0,27544315,0.959
1456317961.0,fb34a733,1.029
1456317961.0,4f43fd77,0.969
1456317961.0,336c678f,0.989
1456317961.0,58a914d5,0.929
1456317961.0,e4b0bd20,0.914
1456317961.0,c1a93b91,0.959
1456317961.0,170a4510,0.999
1456317961.0,55c9b2b2,0.969
1456317961.0,5cb6e8a5,0.979
1456317961.0,48cd0b07,0.939
1456317961.0,2601854e,0.989
1456317961.0,5ea93ccf,1.009
1456317961.0,5daf9270,0.999
1456317961.0,39f820cc,0.999
1456317961.0,37350fbc,1.009
1456317961.0,af131774,0.939
1456317961.0,1f82b6fb,1.029
1456317961.0,54e2cab0,0.969
1456317961.0,b25c9e2a,0.969
1456317961.0,9ad11a57,0.999
1456317961.0,,0.999
1456317961.0,02bea987,0.949
1456317961.0,15566f60,1.029
1456317961.0,325d4b8f,0.949
1456317961.0,9dd5a00c,0.949
1456317961.0,109dc483,0.989
1456317961.0,7163665c,1.009
1456317961.0,9c89b79d,1.019
1456317961.0,fa56fc6e,0.999
1456317961.0,d2e178a4,1.029
1456317961.0,54151b0d,1.009
1456317961.0,92401764,0.979
1456317961.0,85fc0347,1.029
1456317961.0,bf80d980,0.949
1456317961.0,757d5670,1.019
1456317961.0,1c087491,0.949
1456317961.0,c24a4e37,0.959
1456317961.0,dd7c2cef,0.989
1456317961.0,91636cd2,0.969
1456317961.0,8087a244,0.979
1456317961.0,2237382a,1.009
1456317961.0,8c24cc40,0.979
1456317961.0,6459c68c,1.009
1456317961.0,a0df1a9c,1.039
1456317961.0,a76feaa2,0.989
1456317961.0,dac4fe2a,0.939
1456317961.0,0c58647e,1.019
1456317961.0,fe2e5d6e,0.999
1456317961.0,8e7b7790,1.009
1456317961.0,6f3fab69,0.979
1456317961.0,fbb0ba26,0.939
1456317961.0,db7cca98,0.959
1456317961.0,531e3a5e,0.989
1456317961.0,38ad9bbf,0.959
1456317961.0,8cc37d2e,0.979
1456317961.0,7e0e3f65,0.979
1456317961.0,79a7959f,1.009
1456317961.0,74d89e9b,0.959
1456317961.0,6202734a,1.029
1456317961.0,1e348fb0,0.949
1456317961.0,03629d62,0.969
1456317961.0,e9ef6088,1.009
1456317961.0,cd78b99c,0.979
1456317961.0,7718e2fa,0.969
1456317961.0,3fc8e265,0.969
1456317961.0,da2a28a0,0.979
1456317961.0,0311c6ae,1.009
1456317961.0,47c5f8f7,0.979
1456317961.0,ae0c09ce,0.989
1456317961.0,9b1003bd,0.939
1456317961.0,85e1584b,0.989
1456317961.0,0fcd5944,0.939
1456317961.0,ce6b83b7,1.009
1456317961.0,a3813b89,0.969
1456317961.0,4c74fdcc,0.969
1456317961.0,8ce1b5f8,1.009
1456317961.0,83c5b0ad,0.929
1456317961.0,51afcd0f,0.989
1456317961.0,1929517b,0.989
1456317961.0,a3932df8,1.019
1456317961.0,1588da36,1.039
1456317961.0,ad1c95ab,1.009
1456317961.0,68389c7f,0.969
1456317961.0,bd3a11a3,0.979
1456317961.0,d47bc4c5,1.029
1456317961.0,ae3c2fda,1.029
1456317961.0,7f80fb50,1.019
1456317961.0,ffce6baf,0.979
1456317961.0,1d38e16e,0.949
1456317961.0,1f790c2c,1.019
1456317961.0,54344f7f,0.969
1456317961.0,f8080a8e,0.989
1456317961.0,18641c7f,0.999
1456317961.0,cfc7df71,1.009
1456317961.0,7a695f48,0.989
1456317961.0,dc7739ef,0.999
1456317961.0,935b74b4,0.989
1456317961.0,0afde6c7,0.949
1456317961.0,984a99c0,0.999
1456317961.0,77c9f305,0.959
1456317961.0,9f34d3c7,0.999
1456317961.0,89923e95,0.969
1456317961.0,a48343d6,0.979
1456317961.0,9c586989,0.989
1456317961.0,b54ce38d,0.969
1456317961.0,cd749265,0.959
1456317961.0,1a839c73,0.969
1456317961.0,e939fab3,0.989
1456317961.0,bff6865c,0.969
1456317961.0,a395cb1b,0.999
1456317961.0,35e384e6,0.969
1456317961.0,d923719a,0.999
1456317961.0,cbb493e1,0.959
1456317961.0,449f9515,1.009
1456317961.0,694cd654,1.009
1456317961.0,43a05b46,0.969
1456317961.0,6fc48997,0.959
1456317961.0,f4f5e1d8,0.979
1456317961.0,fbb672d6,0.939
1456317961.0,5ac0914e,0.969
1456317961.0,2edd040a,1.029
1456317961.0,2e5cae9f,0.989
1456317961.0,6f1953ac,0.949
1456317961.0,e532f970,0.949
1456317961.0,28cedc00,1.029
1456317961.0,7387afcd,0.939
1456317961.0,61e52b01,0.989
1456317961.0,44aa767f,0.959
1456317961.0,95564cf1,0.939
1456317961.0,ed3dcd2f,0.989
1456317961.0,ec2d257d,1.009
1456317961.0,dac20891,0.969
1456317961.0,0e7f0bd4,1.019
1456317961.0,8098495e,1.019
1456317961.0,82d7fda1,0.959
1456317961.0,e91ec3d6,0.969
1456317961.0,793351ef,0.939
1456317961.0,c82dccc8,0.959
1456317961.0,926509ae,1.029
1456317961.0,e5dd54d4,1.079
1456317961.0,1bb94f90,0.959
1456317961.0,7edfe29f,0.989
1456317961.0,1746d28b,0.969
1456317961.0,6a8c8b44,0.989
1456317961.0,00eb6334,0.949
1456317961.0,eb444eb7,0.949
1456317961.0,6232cf12,0.979
1456317961.0,,1.029
1456317961.0,eee03f6b,0.949
1456317961.0,aeef5cf2,1.009
1456317961.0,558f57a1,1.029
1456317961.0,6193821d,1.019
1456317961.0,f1adb6c9,0.969
1456317961.0,0ba0dd13,0.969
1456317961.0,308408ca,0.959
1456317961.0,26d58413,0.939
1456317961.0,b0b0be19,0.969
1456317961.0,2ccce8c3,0.949
1456317961.0,d7d071dd,0.979
1456317961.0,6b43b20f,0.979
1456317961.0,5bf41255,0.979
1456317961.0,5cd10b8c,0.989
1456317961.0,e9fcf416,0.959
1456317961.0,57cc552a,0.979
1456317961.0,2dc3d215,0.989
1456317961.0,286dd7d9,0.959
1456317961.0,57b493fa,0.989
1456317961.0,38d183bf,0.999
1456317961.0,077aee0e,0.969
1456317961.0,8a4440a7,0.999
1456317961.0,a0239e5c,0.969
1456317961.0,5c88c29d,0.959
1456317961.0,0879f78d,1.149
1456317961.0,e17ef357,0.939
1456317961.0,8447198d,0.969
1456317961.0,2bde4cc0,0.959
1456317961.0,54cd733f,0.969
1456317961.0,d0e02780,0.999
1456317961.0,f02aba4d,0.949
1456317961.0,bbc1d831,0.969
1456317961.0,eb3c6430,0.959
1456317961.0,5fc37dfd,0.999
1456317961.0,f18057cd,0.928
1456317961.0,11bec0f1,0.959
1456317961.0,542fbb56,0.999
1456317961.0,a3b8eb3b,0.989
1456317961.0,06282a1f,1.009
1456317961.0,e4ce7a68,0.979
1456317961.0,3463f37f,0.989
1456317961.0,cb47b300,0.999
1456317961.0,1161f67d,0.959
1456317961.0,aef9c468,1.019
1456317961.0,f010f044,0.969
1456317961.0,65a0b74e,0.969
1456317961.0,a042f697,0.989
1456317961.0,9755b499,0.969
1456317961.0,0be30200,0.999
1456317961.0,adcf8443,0.949
1456317961.0,369fd22f,0.989
1456317961.0,a05a18cd,0.989
1456317961.0,5f27c859,0.969
1456317961.0,87513076,0.989
1456317961.0,aea7ec1f,1.009
1456317961.0,eaff9064,0.949
1456317961.0,6e781ba8,0.949
1456317961.0,b2ad3bc8,0.989
1456317961.0,c92ed685,0.989
1456317961.0,8f767099,0.969
1456317961.0,d180cfeb,0.959
1456317961.0,8e5758d4,0.979
1456317961.0,11b72709,0.969
1456317961.0,3c0f4b64,0.949
1456317961.0,33fa60b9,1.019
1456317961.0,bd3ee18d,0.939
1456317961.0,64ce1a2a,0.969
1456317961.0,c0862a83,0.979
1456317961.0,fdca8735,0.969
1456317961.0,26623c9d,0.939
1456317961.0,0f7beaca,0.999
1456317961.0,6b13020d,0.969
1456317961.0,cb758bb7,0.989
1456317961.0,02b1651b,0.989
1456317961.0,73b03911,1.009
1456317961.0,136c3dcd,0.959
1456317961.0,cadf0fec,0.979
1456317961.0,d43af2d2,0.949
1456317961.0,86dddcca,1.019
1456317961.0,b8fe6383,1.029
1456317961.0,3e2d7201,0.979
1456317961.0,06277f60,0.949
1456317961.0,ea0a7462,0.939
1456317961.0,d6d2e0fe,0.999
1456317961.0,cada2616,0.949
1456317961.0,e074abb1,0.989
1456317961.0,a1338d18,1.009
1456317961.0,54c764d3,1.019
1456317961.0,6fefe9a7,1.019
1456317961.0,b598078e,0.989
1456317961.0,5bdf1cdf,1.029
1456317961.0,91211c7b,0.959
1456317961.0,01739f46,0.939
1456317961.0,5f6eaa74,1.049
1456317961.0,8117afb7,0.979
1456317961.0,e05f9010,0.969
1456317961.0,64171ce8,0.959
1456317961.0,69fc95ea,0.989
1456317961.0,91823808,0.979
1456317961.0,ffeb88c9,1.029
1456317961.0,f290a992,0.969
1456317961.0,3cc9b59f,0.989
1456317961.0,210e50b8,0.959
1456317961.0,32f0b93e,0.919
1456317961.0,40d7aa6e,0.949
1456317961.0,27ed450f,0.929
1456317961.0,3734af20,0.929
1456317961.0,4b0cfdb6,0.959
1456317961.0,5d0bbc06,0.929
1456317961.0,bcdf1eb5,0.959
1456317961.0,bf08287b,0.929
1456317961.0,e17ac182,0.929
1456317961.0,89ed2644,0.969
1456317961.0,ead165dc,1.029
1456317961.0,955c334e,0.979
1456317961.0,484ff98d,0.969
1456317961.0,09d54524,0.969
1456317961.0,f4070bfa,1.009
1456317961.0,,0.989
1456317961.0,20ac7ec9,0.979
1456317961.0,158ed0df,0.959
1456317961.0,2335fb5f,0.979
1456317961.0,b8fee3a4,0.939
1456317961.0,768d2bfe,0.979
1456317961.0,a53100f4,0.979
1456317961.0,7142929d,0.989
1456317961.0,,0.969
1456317961.0,1d4a06c1,0.979
1456317961.0,844861f9,0.989
1456317961.0,9ebd92af,0.969
1456317961.0,9220c62a,0.989
1456317961.0,7797b09b,0.979
1456317961.0,2bbb3f4f,1.029
1456317961.0,530fa955,0.989
1456317961.0,a5b2c28c,0.969
1456317961.0,83c94fc4,0.959
1456317961.0,676f4e53,0.939
1456317961.0,e2825c07,0.949
1456317961.0,09e77dd9,1.019
1456317961.0,331cb87c,0.939
1456317961.0,84491c5b,0.989
1456317961.0,47d7ec0a,0.969
1456317961.0,3ec9f041,0.999
1456317961.0,74adc87d,0.969
1456317961.0,63a3fa08,0.969
1456317961.0,27612978,0.949
1456317961.0,37020abb,0.989
1456317961.0,f4400a4f,0.969
1456317961.0,aea3825a,0.969
1456317961.0,1247a204,1.009
1456317961.0,06c6ad62,0.989
1456317961.0,5c335fc8,0.939
1456317961.0,4c6c04a6,0.989
1456317961.0,3851f5d5,0.959
1456317961.0,2c831a38,0.959
1456317961.0,c4906344,0.999
1456317961.0,58d29ccf,0.939
1456317961.0,0290e578,0.979
1456317961.0,1b8d2640,0.929
1456317961.0,d3508125,0.989
1456317961.0,a7a2a72e,0.969
1456317961.0,59b332e8,0.969
1456317961.0,146c8d31,1.009
1456317961.0,a462d05b,1.019
1456317961.0,dbb6df9e,1.039
1456317961.0,3af8e691,0.999
1456317961.0,cf3dfe31,0.989
1456317961.0,60d3d6ee,0.969
1456317961.0,d501c22d,0.959
1456317961.0,98b24e11,0.969
1456317961.0,204c7d8c,0.999
1456317961.0,e0e8a55b,1.019
1456317961.0,f7dcd56c,0.959
1456317961.0,1d3ab507,0.959
1456317961.0,3f2144a4,0.959
1456317961.0,5f1e3ccf,0.979
1456317961.0,6e050889,0.999
1456317961.0,7a78b9d0,0.969
1456317961.0,90f776c5,0.969
1456317961.0,2a953aa3,1.019
1456317961.0,e2724c55,0.949
1456317961.0,7cf2b30a,1.019
1456317961.0,fd36fe3a,0.989
1456317961.0,85dcde4e,0.919
1456317961.0,03c6addd,0.979
1456317961.0,4f807f9a,0.989
1456317961.0,4f57cc33,0.999
1456317961.0,f625c166,0.959
1456317961.0,1f721c24,0.949
1456317961.0,a9c635a6,1.089
1456317961.0,2ae6578d,0.989
1456317961.0,5fc94f68,0.999
1456317961.0,24a245f5,0.989
1456317961.0,421ac3f9,0.969
1456317961.0,64735bee,0.969
1456317961.0,32dcc2c9,0.989
1456317961.0,79ee5792,0.999
1456317961.0,91666de8,0.959
1456317961.0,f7a225a7,1.019
1456317961.0,60b56507,0.989
1456317961.0,5d151192,1.069
1456317961.0,08da0ec0,0.989
1456317961.0,,0.969
1456318202.0,dfc32fdb,0.949
1456318202.0,838d57f9,0.969
1456318202.0,778f55da,0.959
1456318202.0,2623501c,0.969
1456318202.0,dc4873f6,0.999
1456318202.0,ea1e491b,1.019
1456318202.0,e5abf377,0.959
1456318202.0,79fb50bd,0.939
1456318202.0,35cce7bf,0.959
1456318202.0,79e4f3bc,0.949
1456318202.0,5666e885,0.979
1456318202.0,2bb71646,0.939
1456318202.0,1962a412,0.929
1456318202.0,78a7be14,0.939
1456318202.0,3d92c06f,0.919
1456318202.0,4dc57f20,0.979
1456318202.0,4e2b483e,0.949
1456318202.0,a6cf9c73,0.969
1456318202.0,cfd74c18,0.949
1456318202.0,d3bbcf3a,0.949
1456318202.0,7de58c01,0.969
1456318202.0,82e05795,0.959
1456318202.0,7f7f6b17,0.959
1456318202.0,7d989a39,0.959
1456318202.0,7b0b6a1b,0.939
1456318202.0,843c0434,0.959
1456318202.0,48d20717,0.969
1456318202.0,b9b8051a,0.969
1456318202.0,b3d1f607,0.919
1456318202.0,cc7ffbf9,0.999
1456318202.0,739b04c0,0.919
1456318202.0,7d30b511,0.969
1456318202.0,16a6da02,0.969
1456318202.0,e71f194a,0.999
1456318202.0,5dd70488,0.959
1456318202.0,011401e5,0.919
1456318202.0,7999ba62,0.939
1456318202.0,37907db5,0.959
1456318202.0,eedec9cc,0.929
1456318202.0,79da1dfc,0.959
1456318202.0,6bafd8aa,0.969
1456318202.0,5ac34503,0.989
1456318202.0,aeba8c59,0.959
1456318202.0,2fbced23,0.959
1456318202.0,1b369933,0.969
1456318202.0,68a4c69f,0.959
1456318202.0,27ea09b1,0.939
1456318202.0,12d36adb,0.979
1456318202.0,52c1ccfa,0.939
1456318202.0,54ea7147,0.929
1456318202.0,325a8ac2,0.999
1456318202.0,1a56d0e9,0.969
1456318202.0,a8c5daba,0.969
1456318202.0,4ebf7b5b,0.989
1456318202.0,4887bf4e,1.079
1456318202.0,5236886a,0.959
1456318202.0,debd4594,0.969
1456318202.0,756325f1,0.959
1456318202.0,9cdd4f3a,0.959
1456318202.0,b46341ba,0.979
1456318202.0,d56a4712,0.999
1456318202.0,0ed0bca9,0.989
1456318202.0,3133beb1,0.959
1456318202.0,48c665d2,0.949
1456318202.0,00206126,0.959
1456318202.0,0b19d5fe,0.959
1456318202.0,d33e0437,1.009
1456318202.0,33d56fd4,0.969
1456318202.0,7b80d32c,0.979
1456318202.0,ef793ac8,1.019
1456318202.0,a6e2e315,0.929
1456318202.0,b48db3d0,0.969
1456318202.0,bd4fc874,0.949
1456318202.0,1be36265,0.959
1456318202.0,9e517882,0.939
1456318202.0,806e5051,0.959
1456318202.0,5ce9d453,0.949
1456318202.0,db49e9d2,0.989
1456318202.0,0feab2d6,0.969
1456318202.0,6a8257d5,1.009
1456318202.0,2c773ce0,0.959
1456318202.0,ceefde2a,0.949
1456318202.0,0d9ac59b,0.989
1456318202.0,43bfc6b5,0.969
1456318202.0,61817e2c,0.939
1456318202.0,b089244a,0.989
1456318202.0,58e3ecab,0.979
1456318202.0,adb530b9,1.039
1456318202.0,ed84fb55,0.969
1456318202.0,16b53bbf,1.029
1456318202.0,c65f2d75,0.979
1456318202.0,d5fd7f0e,0.979
1456318202.0,9a52a6cd,0.949
1456318202.0,2a00611c,0.959
1456318202.0,1f6e5e51,1.039
1456318202.0,ce2f1007,1.029
1456318202.0,71f3b1d9,1.009
1456318202.0,acb93b88,1.009
1456318202.0,d10d6c8d,0.949
1456318202.0,302b9338,0.989
1456318202.0,2820e4a6,0.939
1456318202.0,a41365eb,0.969
1456318202.0,d7bb7cbb,0.959
1456318202.0,888f3033,0.949
1456318202.0,eca6ad54,0.969
1456318202.0,557d2fc5,0.969
1456318202.0,6a9a24d9,0.959
1456318202.0,e57509bb,0.959
1456318202.0,d0ecac7c,0.999
1456318202.0,265ebd00,1.019
1456318202.0,cd7f824c,1.009
1456318202.0,b18ffb73,0.959
1456318202.0,e055b194,0.969
1456318202.0,12f330d3,0.949
1456318202.0,da5389d9,1.009
1456318202.0,414229cf,0.969
1456318202.0,b2a7fde4,0.949
1456318202.0,baa200b9,0.999
1456318202.0,7d020a61,0.969
1456318202.0,3e081642,0.969
1456318202.0,3870ca4c,0.999
1456318202.0,7d2a6e6a,0.989
1456318202.0,e85fcc79,0.999
1456318202.0,63b76619,0.989
1456318202.0,d5291b45,1.009
1456318202.0,fbd5f329,0.999
1456318202.0,7def65cf,0.949
1456318202.0,ac3c5f1a,0.969
1456318202.0,1f6a05c5,0.979
1456318202.0,0d662c07,0.979
1456318202.0,d33634e3,0.939
1456318202.0,3f84b02f,0.979
1456318202.0,b54b9ab7,0.949
1456318202.0,a9d61346,0.939
1456318202.0,a0b68564,0.999
1456318202.0,0abfa69b,0.939
1456318202.0,d8de669b,0.989
1456318202.0,5dc70b90,0.999
1456318202.0,ab80b6f7,0.969
1456318202.0,9a249d55,0.989
1456318202.0,2680f30f,0.979
1456318202.0,e53f989c,0.979
1456318202.0,08f7db25,0.959
1456318202.0,b48ba10e,0.949
1456318202.0,8efe111b,0.989
1456318202.0,bce22baa,0.959
1456318202.0,f6746552,0.989
1456318202.0,9dab0bd8,0.969
1456318202.0,38d1fafb,1.049
1456318202.0,62e58d1d,0.979
1456318202.0,bc467691,0.969
1456318202.0,6f6a8c9c,0.969
1456318202.0,2bd60a02,0.989
1456318202.0,7481989a,0.949
1456318202.0,5d5e9ec8,0.959
1456318202.0,c1db295a,0.989
1456318202.0,67b9bbe5,0.949
1456318202.0,12434f8d,0.949
1456318202.0,9795d6a5,0.949
1456318202.0,5fbe505b,0.999
1456318202.0,07d22eab,0.984
1456318202.0,a55049e5,0.979
1456318202.0,245c099c,0.959
1456318202.0,8d5a6091,1.019
1456318202.0,b79612a4,0.979
1456318202.0,96300c44,0.999
1456318202.0,,0.979
1456318202.0,47647764,0.999
1456318202.0,4a10a924,1.009
1456318202.0,85e51241,0.979
1456318202.0,0b96eaac,0.979
1456318202.0,35dcdb61,1.019
1456318202.0,d242c421,0.959
1456318202.0,8e20b783,0.969
1456318202.0,8d3bf964,1.009
1456318202.0,05976f26,0.969
1456318202.0,60a41d4c,0.959
1456318202.0,ef0ae2f2,0.979
1456318202.0,ac1176c4,0.959
1456318202.0,99c10f15,1.059
1456318202.0,fbe6e575,0.989
1456318202.0,06881b45,0.989
1456318202.0,ea942936,0.919
1456318202.0,7efc6d8f,0.979
1456318202.0,412f8103,0.999
1456318202.0,d1b70ad0,0.919
1456318202.0,811b6a32,1.029
1456318202.0,0d847386,0.979
1456318202.0,a280c8ce,0.959
1456318202.0,d2f8a338,0.949
1456318202.0,7b47d35b,0.959
1456318202.0,d0f9f901,0.989
1456318202.0,c198217b,0.959
1456318202.0,49467b62,1.049
1456318202.0,6d44f87b,0.969
1456318202.0,d8a919a3,0.949
1456318202.0,,0.999
1456318202.0,3d74c9d4,0.959
1456318202.0,15a0fe59,0.959
1456318202.0,c3a379ab,0.949
1456318202.0,70900101,1.009
1456318202.0,a10531f9,0.969
1456318202.0,efbeec26,1.039
1456318202.0,fdd7a859,0.949
1456318202.0,43973ab1,0.949
1456318202.0,058f886a,0.969
1456318202.0,b0a6c8a3,0.969
1456318202.0,ae779650,0.979
1456318202.0,45dd43b7,0.969
1456318202.0,bc0ee536,0.929
1456318202.0,ec4683cf,0.969
1456318202.0,,0.929
1456318202.0,00bb9689,0.959
1456318202.0,ab4700c2,0.979
1456318202.0,0aa181fc,0.989
1456318202.0,9537b003,0.939
1456318202.0,d0af3229,0.979
1456318202.0,c00964ae,0.959
1456318202.0,6568fb81,0.949
1456318202.0,61c0df8b,0.999
1456318202.0,34b4a600,0.939
1456318202.0,50ccc5eb,0.969
1456318202.0,f86443f3,0.989
1456318202.0,d596df4f,1.039
1456318202.0,09a6cc4e,1.019
1456318202.0,db56e2a2,0.989
1456318202.0,3d1b021c,0.999
1456318202.0,0f76854a,0.969
1456318202.0,5eb68d7a,1.029
1456318202.0,6881e83e,1.019
1456318202.0,27917288,0.979
1456318202.0,9d49a53b,0.989
1456318202.0,4130795c,0.969
1456318202.0,ce942bef,0.949
1456318202.0,549d95e1,0.949
1456318202.0,4586c365,0.999
1456318202.0,c66eeb5b,0.969
1456318202.0,d7cf6845,0.969
1456318202.0,28c041df,0.999
1456318202.0,34740e34,0.949
1456318202.0,fc6311f1,1.019
1456318202.0,36a53250,0.999
1456318202.0,51885ea3,0.949
1456318202.0,c14319fd,0.969
1456318202.0,645b2898,0.959
1456318202.0,87f30cbe,1.029
1456318202.0,12ad7001,0.979
1456318202.0,88113d35,0.969
1456318202.0,41182762,0.949
1456318202.0,e57dfb90,1.049
1456318202.0,7f8ae480,1.049
1456318202.0,4cd75c68,0.949
1456318202.0,4e41baa5,0.979
1456318202.0,43a0a005,1.009
1456318202.0,916aaf2f,0.949
1456318202.0,8a3d4726,0.949
1456318202.0,a448f8aa,0.989
1456318202.0,2947866d,0.989
1456318202.0,2f7eea5b,1.019
1456318202.0,414a4374,0.969
1456318202.0,a4b3856b,0.999
1456318202.0,e20c7066,0.989
1456318202.0,ffbeb4cc,1.069
1456318202.0,d1ad7add,0.979
1456318202.0,bd1e7435,0.979
1456318202.0,e501a8d1,0.989
1456318202.0,46078bef,0.979
1456318202.0,cadc6575,0.969
1456318202.0,acf0a7d7,0.989
1456318202.0,f813fdc9,0.929
1456318202.0,9d5d8b0d,0.999
1456318202.0,ff9beead,0.989
1456318202.0,d1cab319,0.969
1456318202.0,131436f2,0.969
1456318202.0,0c6176b8,0.959
1456318202.0,9520ba7c,0.979
1456318202.0,058b068a,0.959
1456318202.0,9d205788,0.949
1456318202.0,0b91981b,0.949
1456318202.0,6e907110,0.999
1456318202.0,e7e4d4a0,0.969
1456318202.0,1ad30a9a,0.969
1456318202.0,192552f2,0.989
1456318202.0,ab4840e2,0.959
1456318202.0,c2cbc81c,0.989
1456318202.0,80c4f678,0.989
1456318202.0,f6d67f81,0.959
1456318202.0,71ac0ba6,0.989
1456318202.0,b6553c9c,0.949
1456318202.0,7e67d294,0.969
1456318202.0,ddaccd3e,0.959
1456318202.0,e830fd7a,0.999
1456318202.0,d36c0bc0,0.999
1456318202.0,9f4969b7,1.009
1456318202.0,f6d88954,0.959
1456318202.0,4afaa787,1.009
1456318202.0,910ecd45,0.949
1456318202.0,64fe3583,0.969
1456318202.0,3c1f03c0,0.959
1456318202.0,9612e9a3,0.969
1456318202.0,fcac67a0,0.989
1456318202.0,1548bd57,0.939
1456318202.0,96f06602,0.969
1456318202.0,96eb851e,0.969
1456318202.0,993df4e5,1.039
1456318202.0,65c65682,0.969
1456318202.0,53680e05,1.019
1456318202.0,54b567d4,0.969
1456318202.0,766e7cd2,0.939
1456318202.0,6d978c2b,0.989
1456318202.0,241a49d8,0.999
1456318202.0,e0fd14c5,0.959
1456318202.0,6819963e,0.969
1456318202.0,4fe7c8a5,0.957
1456318202.0,43a3039d,0.979
1456318202.0,f8c4c5f6,0.969
1456318202.0,332fe278,0.969
1456318202.0,5f817b41,0.979
1456318202.0,6647542f,0.989
1456318202.0,bd5a8e8c,0.979
1456318202.0,a65b0645,0.969
1456318202.0,fad136e0,0.969
1456318202.0,626fbfc1,0.989
1456318202.0,f84d262d,0.949
1456318202.0,237d6474,0.979
1456318202.0,9a1d105d,0.969
1456318202.0,693441d5,0.989
1456318202.0,d695eb07,0.959
1456318202.0,,0.959
1456318202.0,5f59e3c7,0.999
1456318202.0,454f4a05,0.959
1456318202.0,e8a8876f,0.979
1456318202.0,84953eae,0.989
1456318202.0,5d1b2141,0.999
1456318202.0,aa75d7c1,1.019
1456318202.0,d16d0a6e,1.029
1456318202.0,c89b1391,0.999
1456318202.0,bdd20cc3,0.979
1456318202.0,8700c374,0.949
1456318202.0,7969d4f3,0.969
1456318202.0,910c6a77,0.949
1456318202.0,860dceaa,0.959
1456318202.0,3ae75c74,0.969
1456318202.0,c3f05449,0.949
1456318202.0,fb86982d,0.949
1456318202.0,4cd3d126,0.949
1456318202.0,5c0d42b0,0.949
1456318202.0,15200152,0.919
1456318202.0,29552de4,0.989
1456318202.0,240e728f,0.909
1456318202.0,1ac7a349,0.959
1456318202.0,1d736429,0.939
1456318202.0,e65042ca,0.949
1456318202.0,4b507efb,0.949
1456318202.0,925f335a,0.979
1456318202.0,5dbdb1ad,0.919
1456318202.0,f54d187e,0.959
1456318202.0,e4f7133f,0.949
1456318202.0,119cb795,0.929
1456318202.0,2af5e84b,0.939
1456318202.0,dc2aecd3,0.949
1456318202.0,893de505,0.949
1456318202.0,495247fc,0.949
1456318202.0,f1ad771b,0.929
1456318202.0,0590ef3a,1.019
1456318202.0,62f01f83,0.979
1456318202.0,876763f5,0.949
1456318202.0,7250f4a7,0.949
1456318202.0,fc451496,0.929
1456318202.0,0f283ef6,0.929
1456318202.0,054077ee,0.949
1456318202.0,0da71099,0.929
1456318202.0,6cd5cdf8,0.939
1456318202.0,44adf9c1,0.919
1456318202.0,d78b438e,0.949
1456318202.0,fc2ec0dc,0.999
1456318202.0,44144ccf,0.979
1456318202.0,ab6aed65,0.979
1456318202.0,a409f033,0.989
1456318202.0,92ea5ddf,0.949
1456318202.0,04c55c68,0.959
1456318202.0,82e87a14,0.939
1456318202.0,60187048,0.929
1456318202.0,229d2673,0.959
1456318202.0,476699aa,0.929
1456318202.0,29ebe1f6,0.979
1456318202.0,6ac179bc,0.959
1456318202.0,f7ad88b8,0.929
1456318202.0,6a7aa1a0,0.909
1456318202.0,3a19f7bb,0.959
1456318202.0,9aa6fe97,0.939
1456318202.0,b4a263f0,0.959
1456318202.0,dfd511ab,0.949
1456318202.0,2d084788,0.939
1456318202.0,94642f21,0.949
1456318202.0,9d3391d9,0.959
1456318202.0,e3667c9c,0.949
1456318202.0,53c0a7e5,0.969
1456318202.0,dfda908c,0.959
1456318202.0,8127a62a,0.939
1456318202.0,fd9b3ee5,0.949
1456318202.0,250f245f,0.959
1456318202.0,bb39a843,0.929
1456318202.0,60f04d2f,0.959
1456318202.0,96ed6341,0.969
1456318202.0,9e283f94,0.959
1456318202.0,e27ca798,0.959
1456318202.0,f136dec4,0.929
1456318202.0,73d508f6,0.939
1456318202.0,0c514e6f,0.969
1456318202.0,6a9f527e,0.949
1456318202.0,e85e990b,0.929
1456318202.0,0b54afc6,0.959
1456318202.0,1db5b62a,1.009
1456318202.0,4683ed0e,0.979
1456318202.0,78c97f05,0.979
1456318202.0,9320eb8a,0.949
1456318202.0,8a440ea4,0.979
1456318202.0,60429413,0.949
1456318202.0,ee24a3c9,0.969
1456318202.0,afafdf69,0.949
1456318202.0,44166963,1.009
1456318202.0,20bf2483,0.989
1456318202.0,acd58708,0.964
1456318202.0,128ea457,0.989
1456318202.0,544b9eb3,0.969
1456318202.0,,0.919
1456318202.0,e2914261,0.979
1456318202.0,d36f6c02,0.999
1456318202.0,75341878,0.979
1456318202.0,475377c3,0.959
1456318202.0,57881875,0.979
1456318202.0,,0.969
1456318202.0,3563be5a,0.969
1456318202.0,bb23fbe2,1.019
1456318202.0,fc1c731b,0.979
1456318202.0,6f8f49f1,0.969
1456318202.0,18791c83,0.989
1456318202.0,292f3ea8,0.969
1456318202.0,c0d663b4,1.009
1456318202.0,7b487a7f,0.949
1456318202.0,8ca1f59e,0.959
1456318202.0,1ddd2ac0,0.959
1456318202.0,0bc9e7ef,0.949
1456318202.0,d7cd0f44,0.959
1456318202.0,391a56de,0.929
1456318202.0,,0.999
1456318202.0,f6b36146,0.959
1456318202.0,4b09886e,0.949
1456318202.0,5dd1bb39,0.964
1456318202.0,d604a294,0.989
1456318202.0,c72ef065,0.999
1456318202.0,0d8ee6ff,0.989
1456318202.0,a6a91c87,0.999
1456318202.0,3050301a,1.009
1456318202.0,a0d4181c,0.949
1456318202.0,34832faa,0.999
1456318202.0,e8478f56,0.989
1456318202.0,0b15fb2a,0.969
1456318202.0,e80ba165,0.949
1456318202.0,b4094a10,0.929
1456318202.0,ee57ce17,0.989
1456318202.0,f529efe8,0.999
1456318202.0,853a3988,0.989
1456318202.0,671cf752,0.994
1456318202.0,cb37d4b9,0.989
1456318202.0,a063011a,1.009
1456318202.0,048e9166,0.959
1456318202.0,fbcad1cd,0.959
1456318202.0,9cda0ed4,1.019
1456318202.0,79f60a97,0.969
1456318202.0,7e4b74b7,1.009
1456318202.0,9ef0d290,0.999
1456318202.0,663b1f4b,1.019
1456318202.0,443ae02b,0.969
1456318202.0,35c4d397,0.959
1456318202.0,b30a9376,0.929
1456318202.0,e8328929,0.969
1456318202.0,67946f4f,1.009
1456318202.0,e9a10aef,0.959
1456318202.0,670003ee,0.999
1456318202.0,56d1fe2a,0.999
1456318202.0,e76cb56f,0.979
1456318202.0,48ebcec1,0.999
1456318202.0,92e54876,1.019
1456318202.0,2843ab89,0.939
1456318202.0,0bd9645c,0.999
1456318202.0,09f8dfad,0.999
1456318202.0,028572b1,0.959
1456318202.0,4d9daac2,0.969
1456318202.0,6390097a,1.019
1456318202.0,62bff896,0.989
1456318202.0,63cbf4ee,1.009
1456318202.0,54255515,1.039
1456318202.0,3c83ccc5,0.959
1456318202.0,96c236e7,0.999
1456318202.0,bda6612d,0.979
1456318202.0,4f58556c,0.929
1456318202.0,256da341,0.949
1456318202.0,cc85d8a3,0.989
1456318202.0,83b18a20,0.969
1456318202.0,b3c78089,1.009
1456318202.0,d327c1d7,1.029
1456318202.0,d02c3a0e,0.979
1456318202.0,,0.969
1456318202.0,26e8a3e0,0.979
1456318202.0,54fc2b4c,0.989
1456318202.0,ceea64c5,0.969
1456318202.0,4395666c,0.969
1456318202.0,4056a9ce,0.939
1456318202.0,b99abf38,1.029
1456318202.0,f37029f1,0.989
1456318202.0,a1a54361,0.949
1456318202.0,28e3481f,0.999
1456318202.0,60ae4328,0.959
1456318202.0,291c62c4,0.979
1456318202.0,369b5326,0.979
1456318202.0,72c22a1e,1.019
1456318202.0,d87d8186,0.979
1456318202.0,bcb00f3f,0.979
1456318202.0,1d5b89e9,0.959
1456318202.0,4e1da1a2,0.949
1456318202.0,07991b53,0.959
1456318202.0,3c00613f,0.999
1456318202.0,23ffe49b,0.979
1456318202.0,c17eb923,0.939
1456318202.0,877e2550,0.989
1456318202.0,25c5b561,0.949
1456318202.0,44f80f34,0.959
1456318202.0,4604844c,0.999
1456318202.0,8d66ca64,0.969
1456318202.0,7b73b743,0.989
1456318202.0,d86b6eaf,0.999
1456318202.0,2a762595,1.009
1456318202.0,eee56c4d,0.999
1456318202.0,43b0f319,0.959
1456318202.0,1b359e8d,0.959
1456318202.0,e1aebaad,0.939
1456318202.0,15b53516,0.959
1456318202.0,2ee6700c,0.969
1456318202.0,dbb755da,0.979
1456318202.0,864faff4,0.999
1456318202.0,ce969ca1,0.969
1456318202.0,0e237692,1.009
1456318202.0,179380b8,0.969
1456318202.0,fc062d47,0.939
1456318202.0,016f3133,0.939
1456318202.0,b145875f,0.974
1456318202.0,c288a0c4,0.929
1456318202.0,e93f71a6,0.979
1456318202.0,c13504fe,0.979
1456318202.0,bf276ef6,0.959
1456318202.0,c5820262,0.989
1456318202.0,80e1c626,0.959
1456318202.0,ab57f5d6,0.969
1456318202.0,812e609b,0.959
1456318202.0,1037129e,0.964
1456318202.0,7f2d651e,0.939
1456318202.0,33565053,0.989
1456318202.0,70a9e6a8,0.989
1456318202.0,465c84e0,0.939
1456318202.0,43206580,0.969
1456318202.0,dd81b39f,0.979
1456318202.0,3680125e,0.959
1456318202.0,f56256a9,0.959
1456318202.0,023c4d8c,0.949
1456318202.0,544d8f74,0.959
1456318202.0,784f069a,1.019
1456318202.0,0d0f23bd,0.979
1456318202.0,eba7894d,0.959
1456318202.0,356493b9,0.939
1456318202.0,ed71cccb,0.999
1456318202.0,24797e98,0.979
1456318202.0,4baeb9d6,0.999
1456318202.0,d83a98ce,0.959
1456318202.0,9a1acee3,0.959
1456318202.0,093ad451,0.989
1456318202.0,6ae406fe,0.939
1456318202.0,85d39803,1.019
1456318202.0,38b9ab66,1.039
1456318202.0,c88d1f3b,1.039
1456318202.0,15b8b7e7,0.959
1456318202.0,acd5644c,0.939
1456318202.0,c635730e,1.029
1456318202.0,fe29bb22,1.069
1456318202.0,19afbee8,0.924
1456318202.0,bfd9d768,1.009
1456318202.0,6eb2a769,0.979
1456318202.0,ccc808c9,0.969
1456318202.0,7ca6fc38,0.959
1456318202.0,2d5c56d1,0.959
1456318202.0,bbf4ea1f,0.949
1456318202.0,4527646d,0.959
1456318202.0,f83e7349,0.939
1456318202.0,86eb854d,0.939
1456318202.0,a4ab46ee,0.959
1456318202.0,f9660ed1,1.069
1456318202.0,cf451fce,0.979
1456318202.0,f9347e34,0.979
1456318202.0,7cf7e16b,1.009
1456318202.0,10c41b90,1.019
1456318202.0,42bfbcca,0.999
1456318202.0,69e52004,1.009
1456318202.0,c33a7e9f,0.969
1456318202.0,4a7d41a5,0.979
1456318202.0,d8b005cb,0.939
1456318202.0,ae7d5dd1,0.959
1456318202.0,171447e0,0.939
1456318202.0,38624de7,0.949
1456318202.0,2703d1c4,0.989
1456318202.0,b8682312,0.999
1456318202.0,a2459543,0.979
1456318202.0,4c5615f5,0.939
1456318202.0,6a1fadd6,0.949
1456318202.0,996d9a2e,0.969
1456318202.0,faa72267,0.959
1456318202.0,4b75217a,0.979
1456318202.0,a20ae2e0,0.979
1456318202.0,9867054e,0.999
1456318202.0,374e91b4,0.969
1456318202.0,ed56f7ed,0.979
1456318202.0,3f09175f,0.989
1456318202.0,51011eb5,0.979
1456318202.0,821f92f0,0.979
1456318202.0,a64e2d63,0.989
1456318202.0,fb5125c0,0.969
1456318202.0,4f9d836e,0.979
1456318202.0,ad4337a9,0.949
1456318202.0,16c01a01,0.999
1456318202.0,b38002eb,0.949
1456318202.0,3c41d6ca,0.969
1456318202.0,36dc6ea5,0.939
1456318202.0,82cff99e,0.959
1456318202.0,f1f7ae62,0.944
1456318202.0,d78a5a29,0.969
1456318202.0,cdb901b1,0.979
1456318202.0,e2eeab30,0.949
1456318202.0,1144e996,1.009
1456318202.0,4067a772,0.999
1456318202.0,92a7a6a9,0.979
1456318202.0,7a630a93,0.969
1456318202.0,0463664c,0.969
1456318202.0,89b25923,0.929
1456318202.0,1c1b5783,0.989
1456318202.0,097d5277,1.019
1456318202.0,4d470b9f,0.969
1456318202.0,f73b5de2,0.999
1456318202.0,,1.009
1456318202.0,c3efdbea,0.979
1456318202.0,b3858033,0.929
1456318202.0,987c1347,0.949
1456318202.0,7c91739b,1.029
1456318202.0,efb43212,1.009
1456318202.0,c0bb7774,0.999
1456318202.0,09925d9d,0.979
1456318202.0,ab01842d,0.999
1456318202.0,0acb65ea,1.019
1456318202.0,4e30bdf2,0.999
1456318202.0,c2123d31,0.939
1456318202.0,04a6f941,1.009
1456318202.0,0f24e30a,0.969
1456318202.0,d1ac10cc,0.949
1456318202.0,444fc3ef,1.029
1456318202.0,01fb21d8,1.009
1456318202.0,88cccf93,0.959
1456318202.0,3af55c11,0.969
1456318202.0,53cfbe4b,0.999
1456318202.0,531354ab,0.959
1456318202.0,f530fb7b,0.999
1456318202.0,b75d9830,0.949
1456318202.0,fdc55c51,0.999
1456318202.0,2a365ba8,0.949
1456318202.0,7950522d,0.989
1456318202.0,4c83adf3,0.989
1456318202.0,a335cad7,0.969
1456318202.0,4a6fab59,0.969
1456318202.0,826eb271,0.969
1456318202.0,4d7be304,0.979
1456318202.0,7d6631ad,0.969
1456318202.0,f85e7c2f,1.019
1456318202.0,a0bca24c,0.989
1456318202.0,11ed7bd3,1.019
1456318202.0,98b996d3,0.969
1456318202.0,b412aa93,0.989
1456318202.0,5a5daf30,0.969
1456318202.0,022de539,0.989
1456318202.0,9f41a7c7,0.999
1456318202.0,71b846ff,0.959
1456318202.0,71e0a0d1,1.009
1456318202.0,b9c82901,0.999
1456318202.0,e628dd10,0.929
1456318202.0,989cb65d,0.949
1456318202.0,a315fcdc,0.949
1456318202.0,06585eed,0.969
1456318202.0,93aae403,0.949
1456318202.0,e40925fd,0.959
1456318202.0,e5658344,0.969
1456318202.0,b0c0a395,1.019
1456318202.0,8e7cb537,1.029
1456318202.0,86622959,1.019
1456318202.0,2c2152b5,0.989
1456318202.0,9e8d8571,0.999
1456318202.0,b12d4dc7,0.949
1456318202.0,0daf2906,0.969
1456318202.0,3e1a04a2,0.989
1456318202.0,ecf85bf9,0.999
1456318202.0,2b8c12d2,0.949
1456318202.0,997cbfdf,0.989
1456318202.0,80a74921,1.029
1456318202.0,6df6da28,1.019
1456318202.0,1858a39e,0.989
1456318202.0,b2a8b4b9,0.949
1456318202.0,8af66ed4,0.979
1456318202.0,729dc678,1.019
1456318202.0,4f43fd77,0.969
1456318202.0,783f4b92,0.969
1456318202.0,aeba37f9,0.979
1456318202.0,51cb8b8e,0.959
1456318202.0,84c3c7a8,0.969
1456318202.0,31d0c179,0.929
1456318202.0,bf12232f,0.959
1456318202.0,92f81808,1.019
1456318202.0,bdf0a3dc,0.979
1456318202.0,9fbde140,1.029
1456318202.0,ab2a652e,0.959
1456318202.0,21362c5e,0.939
1456318202.0,7232ac4c,0.989
1456318202.0,190ce429,0.969
1456318202.0,7aa37f95,0.929
1456318202.0,88c2caef,1.009
1456318202.0,1555e8c5,0.989
1456318202.0,c611aa66,1.009
1456318202.0,874bffae,1.009
1456318202.0,4ca2fd5f,0.989
1456318202.0,f2ba4bc6,0.989
1456318202.0,40b29863,0.949
1456318202.0,4e905f58,0.979
1456318202.0,754da3ab,1.009
1456318202.0,eb8520ef,0.999
1456318202.0,5fd380ef,1.009
1456318202.0,87856e5d,1.009
1456318202.0,d076e461,1.009
1456318202.0,74311576,1.009
1456318202.0,a622d33e,0.959
1456318202.0,757d5670,0.969
1456318202.0,1464ac8a,0.949
1456318202.0,0b7da931,0.979
1456318202.0,a1a059cc,1.029
1456318202.0,07de256c,0.999
1456318202.0,315928ce,0.959
1456318202.0,2237382a,1.009
1456318202.0,1fa4b26a,0.969
1456318202.0,a202f414,0.949
1456318202.0,6fbcc336,0.929
1456318202.0,6465956f,0.919
1456318202.0,7a9eef7e,0.959
1456318202.0,8f4c771c,1.099
1456318202.0,18c16fc4,0.979
1456318202.0,433a3c58,0.994
1456318202.0,06fb0c54,0.989
1456318202.0,a7987242,0.989
1456318202.0,0800eb0f,1.019
1456318202.0,4352ae26,0.979
1456318202.0,342d1420,1.009
1456318202.0,459e8360,0.939
1456318202.0,341d054c,0.989
1456318202.0,,0.969
1456318202.0,ed0445b8,0.939
1456318202.0,63645f4e,0.989
1456318202.0,5e5886b8,1.019
1456318202.0,d97e33d2,0.979
1456318202.0,c39953ee,1.019
1456318202.0,8977f83b,0.969
1456318202.0,882076f4,1.019
1456318202.0,ab84ea8f,0.989
1456318202.0,1685cf9c,1.019
1456318202.0,174ab84b,0.949
1456318202.0,a6d4d300,0.999
1456318202.0,3a2ce890,0.989
1456318202.0,270036b9,0.969
1456318202.0,9636dbe4,0.969
1456318202.0,b1a6f7cf,0.959
1456318202.0,49fa8372,0.999
1456318202.0,ed554144,0.969
1456318202.0,f55f0649,0.949
1456318202.0,0d779f5e,1.009
1456318202.0,6ddaf8c2,0.979
1456318202.0,91cac178,0.959
1456318202.0,a12b880b,0.969
1456318202.0,9d64de92,0.959
1456318202.0,0d730a98,0.969
1456318202.0,64f5be3f,0.959
1456318202.0,19631699,0.989
1456318202.0,48713f51,0.979
1456318202.0,856e9b60,1.069
1456318202.0,7f89f971,1.009
1456318202.0,e291397b,0.949
1456318202.0,67af76e1,0.999
1456318202.0,48ef33bf,0.989
1456318202.0,368b0430,0.969
1456318202.0,1cc005a8,0.939
1456318202.0,75290178,0.979
1456318202.0,74e89a36,0.969
1456318202.0,ddaa5083,0.949
1456318202.0,5e983c4b,0.969
1456318202.0,5f6ca326,0.999
1456318202.0,bb091511,1.009
1456318202.0,1b21d50b,0.949
1456318202.0,97d3de54,0.979
1456318202.0,834f6271,0.959
1456318202.0,1fdc64f7,0.969
1456318202.0,319cc820,0.949
1456318202.0,b44f61b0,0.959
1456318202.0,f25ee766,0.959
1456318202.0,7e7117c5,0.989
1456318202.0,39a29c0a,0.969
1456318202.0,c06606c4,0.979
1456318202.0,52303ab3,0.989
1456318202.0,5d637168,1.019
1456318202.0,df95008a,0.989
1456318202.0,eb9dfa86,0.969
1456318202.0,20836cd8,0.969
1456318202.0,f4105cbc,0.989
1456318202.0,26906f78,1.019
1456318202.0,65bf913d,0.959
1456318202.0,250c9baa,0.949
1456318202.0,b75d609f,0.929
1456318202.0,d4f76c4a,0.979
1456318202.0,f5ccc280,0.979
1456318202.0,5f6019e0,0.939
1456318202.0,e52d40e7,0.959
1456318202.0,79d27478,0.979
1456318202.0,922d7fa3,0.939
1456318202.0,7029afbd,0.949
1456318202.0,cc350ace,0.939
1456318202.0,228ecb81,0.989
1456318202.0,080b1017,0.949
1456318202.0,69e0d4ed,0.979
1456318202.0,f87bab74,0.979
1456318202.0,ec6f00be,0.929
1456318202.0,b5ec285f,1.019
1456318202.0,6d18dcdf,1.009
1456318202.0,0dbe7cbf,0.979
1456318202.0,f494f0b9,0.969
1456318202.0,dc013155,0.949
1456318202.0,5c59a043,0.949
1456318202.0,cbb493e1,0.939
1456318202.0,b0c8723c,0.969
1456318202.0,64e61e90,0.979
1456318202.0,e7cf315e,0.989
1456318202.0,9fe5444d,0.989
1456318202.0,a18bcb80,1.009
1456318202.0,7dc2c962,1.019
1456318202.0,5f695bd8,0.939
1456318202.0,51683daa,0.979
1456318202.0,7a165ba7,0.979
1456318202.0,0b0f2129,0.939
1456318202.0,f8646d30,0.929
1456318202.0,7117e5bf,0.969
1456318202.0,da3bfceb,0.969
1456318202.0,de8bd970,0.949
1456318202.0,5aa9311f,0.959
1456318202.0,bfce3f9b,0.969
1456318202.0,a3b4b0af,0.949
1456318202.0,6da23946,0.979
1456318202.0,f73244c0,0.959
1456318202.0,,0.949
1456318202.0,196134a5,0.979
1456318202.0,e3330ca1,0.969
1456318202.0,f56f3208,1.009
1456318202.0,bf1ede3b,0.939
1456318202.0,d8032a5b,0.979
1456318202.0,5ab36501,0.959
1456318202.0,f7989ae3,0.939
1456318202.0,60acc87b,0.969
1456318202.0,20df8dd2,0.979
1456318202.0,05878847,0.959
1456318202.0,e2cc6025,0.959
1456318202.0,86e12f55,0.939
1456318202.0,92978eb8,0.929
1456318202.0,250c83be,0.949
1456318202.0,8714c0df,0.949
1456318202.0,e89c4d58,0.979
1456318202.0,e9fcf416,0.949
1456318202.0,b4a05b7f,0.979
1456318202.0,b713df6a,0.989
1456318202.0,1443c8f6,0.999
1456318202.0,5741a508,0.989
1456318202.0,6bbab4fd,1.009
1456318202.0,270ee8bf,0.969
1456318202.0,3c227dc2,1.009
1456318202.0,d9686f25,0.969
1456318202.0,3b50751f,0.969
1456318202.0,24755427,1.009
1456318202.0,5db56b1d,0.969
1456318202.0,8d39e4b4,0.949
1456318202.0,26a56374,0.929
1456318202.0,48c3f251,1.029
1456318202.0,2eb47ed3,0.999
1456318202.0,b869515f,1.019
1456318202.0,194f69ab,0.939
1456318202.0,fca43092,0.999
1456318202.0,8f62454a,0.969
1456318202.0,c6cff611,0.989
1456318202.0,69137adc,0.989
1456318202.0,1c3b6ee2,0.969
1456318202.0,6f9eb627,0.944
1456318202.0,9672cfaf,0.979
1456318202.0,9eb9c031,1.019
1456318202.0,0967fa61,0.939
1456318202.0,30c4e2b1,0.989
1456318202.0,dcdc6c10,0.979
1456318202.0,f0610621,1.009
1456318202.0,4503fc83,0.989
1456318202.0,d983a1c7,0.929
1456318202.0,ecf4342f,0.969
1456318202.0,ea255676,1.009
1456318202.0,f98afd49,1.039
1456318202.0,e9b0b14e,1.029
1456318202.0,0434e895,1.019
1456318202.0,a86c0a1f,0.989
1456318202.0,d45add49,0.999
1456318202.0,24398b7a,0.979
1456318202.0,aea7ec1f,0.989
1456318202.0,d34f18ac,0.979
1456318202.0,7ee5da0f,0.989
1456318202.0,49878878,0.999
1456318202.0,d32835d5,0.949
1456318202.0,76f9948e,0.959
1456318202.0,4612acab,0.979
1456318202.0,b84f5be2,0.969
1456318202.0,92a7ca0c,1.009
1456318202.0,e9a7ff5d,0.999
1456318202.0,62bd758c,0.959
1456318202.0,7a8eaed9,0.999
1456318202.0,04359025,0.979
1456318202.0,93fdd118,0.959
1456318202.0,930998e2,0.959
1456318202.0,dc5ff7cf,0.969
1456318202.0,c8b54491,0.959
1456318202.0,d5c78a9b,0.959
1456318202.0,a1aa5fd5,0.999
1456318202.0,57d1fddc,0.959
1456318202.0,0e392bbd,0.959
1456318202.0,37f5ab7c,1.009
1456318202.0,3e2d7201,0.979
1456318202.0,aed2f04c,1.009
1456318202.0,53e57ac2,1.019
1456318202.0,4e37aaef,0.989
1456318202.0,b7d8dff7,0.969
1456318202.0,58c2b34c,0.989
1456318202.0,4f650c42,1.039
1456318202.0,d54e3a6e,0.939
1456318202.0,aa4cdb22,0.979
1456318202.0,6fe947de,0.939
1456318202.0,cc232225,0.959
1456318202.0,a373cdfc,0.969
1456318202.0,2a4f7cb1,0.939
1456318202.0,dbacecfb,0.949
1456318202.0,961fadac,0.959
1456318202.0,2b890110,0.929
1456318202.0,3db9e3a9,0.919
1456318202.0,4b0cfdb6,0.939
1456318202.0,5e068b6e,0.979
1456318202.0,758e532b,0.959
1456318202.0,d96c180b,0.929
1456318202.0,193d5fa7,0.949
1456318202.0,ee74bc99,0.939
1456318202.0,029c6a16,0.949
1456318202.0,d472efac,0.929
1456318202.0,013f9d06,0.979
1456318202.0,8d30c99a,0.959
1456318202.0,bcfc04fa,0.949
1456318202.0,9f42fd97,0.969
1456318202.0,17b40c62,0.999
1456318202.0,f6a0a590,0.959
1456318202.0,09391e15,0.949
1456318202.0,1f311bb3,0.939
1456318202.0,78f791f9,0.979
1456318202.0,0d5cb1e5,0.959
1456318202.0,89ed2644,0.959
1456318202.0,b07873c7,0.999
1456318202.0,e2de0df7,0.949
1456318202.0,87298a04,0.949
1456318202.0,fc086bfa,0.969
1456318202.0,d37974e1,0.939
1456318202.0,85e30d0e,0.959
1456318202.0,5ac69ef8,0.999
1456318202.0,21a51aa6,0.999
1456318202.0,5b8f7949,1.069
1456318202.0,9eabd75a,0.969
1456318202.0,56a0a7dc,0.929
1456318202.0,46cbebe3,1.019
1456318202.0,cf57d1bf,0.959
1456318202.0,0955d064,0.989
1456318202.0,39f9c0aa,0.989
1456318202.0,26e8cf72,0.959
1456318202.0,1f6c44dc,0.979
1456318202.0,8c4f6021,0.979
1456318202.0,806052b0,0.969
1456318202.0,f36f4393,0.959
1456318202.0,f33d10dd,0.939
1456318202.0,085f0fd3,0.949
1456318202.0,3473636a,0.979
1456318202.0,0fc168e5,0.959
1456318202.0,6768f241,0.979
1456318202.0,3168ab53,0.959
1456318202.0,b8459cb6,0.969
1456318202.0,661e8c68,0.979
1456318202.0,e36e5558,0.999
1456318202.0,5f3a075f,0.929
1456318202.0,560ee759,0.979
1456318202.0,c74d25ee,0.949
1456318202.0,f41a8a6d,0.959
1456318202.0,7c0f98f5,0.959
1456318202.0,b685ec66,0.979
1456318202.0,2fc85e52,0.959
1456318202.0,741f3aab,0.969
1456318202.0,b29e1284,1.019
1456318202.0,6e0e837e,0.979
1456318202.0,75167b82,0.939
1456318202.0,9a883b4c,0.959
1456318202.0,cf98a394,0.979
1456318202.0,617ff48b,0.999
1456318202.0,d639792f,0.999
1456318202.0,0a1ab9f7,0.989
1456318202.0,b53fe392,0.969
1456318202.0,f36918b0,0.939
1456318202.0,bee45034,0.969
1456318202.0,3f3540c1,0.919
1456318202.0,b68ce153,0.989
1456318202.0,171f6dc3,0.979
1456318202.0,4eaad293,0.969
1456318202.0,829cb453,1.019
1456318202.0,a937e574,0.999
1456318202.0,cf09734d,0.979
1456318202.0,10603241,0.979
1456318202.0,44f943cf,1.009
1456318202.0,5780923a,0.939
1456318202.0,30e60f32,0.969
1456318202.0,4d2f0ccd,1.049
1456318202.0,59b332e8,0.999
1456318202.0,9975506f,1.009
1456318202.0,4c14d834,0.989
1456318202.0,6bca438d,0.989
1456318202.0,eae89db3,0.999
1456318202.0,e0973b4a,0.959
1456318202.0,c39e2d3d,0.919
1456318202.0,e8ecece5,0.969
1456318202.0,c8bad2ad,0.979
1456318202.0,9aceebc5,0.949
1456318202.0,5e6de772,1.009
1456318202.0,1a48cf2f,1.009
1456318202.0,d5f0bacd,0.939
1456318202.0,60d3d6ee,0.969
1456318202.0,66444795,0.989
1456318202.0,9940dbfc,0.929
1456318202.0,bb457334,0.949
1456318202.0,98b24e11,1.029
1456318202.0,548fb5af,0.984
1456318202.0,b0043b5a,0.989
1456318202.0,2b5433ca,1.009
1456318202.0,142082b9,0.959
1456318202.0,c77607db,0.999
1456318202.0,7f0b245a,0.949
1456318202.0,96a28302,1.069
1456318202.0,7e221db6,1.034
1456318202.0,46d6bf0a,0.969
1456318202.0,5763ef3b,0.929
1456318202.0,aaadef5f,1.009
1456318202.0,cdf95c47,1.029
1456318202.0,3e4dabe9,1.019
1456318202.0,d2672082,0.939
1456318202.0,2e89adbb,1.019
1456318202.0,9845e20e,0.979
1456318202.0,3a65963d,0.999
1456318202.0,f230f25c,0.999
1456318202.0,bfe1fb46,1.009
1456318202.0,575ddc06,0.989
1456318202.0,f3d8409b,0.989
1456318202.0,ee9738ce,0.969
1456318202.0,efe39034,0.969
1456318202.0,f061e4b5,0.909
1456318202.0,87cd0504,0.969
1456318202.0,ac94744b,0.989
1456318202.0,ddb4781d,0.949
1456318202.0,a9c635a6,1.069
1456318202.0,a7b5f5e9,0.969
1456318202.0,d667f2fb,0.949
1456318202.0,8b5466e6,0.949
1456318202.0,6bbd3dc3,0.979
1456318202.0,6d97a497,1.029
1456318202.0,2ab8cee3,0.979
1456318202.0,3e1191fb,0.979
1456318202.0,dbdba84f,0.909
1456318202.0,a59de654,0.979
1456318202.0,d72800fe,0.999
1456318202.0,8979e403,0.939
1456318202.0,c1819b96,0.979
1456318202.0,,0.949
1456318202.0,d3755983,1.009
1456318441.0,6c5a28c6,0.949
1456318441.0,0bc4a690,0.989
1456318441.0,ceed1c58,0.999
1456318441.0,ea3de48b,0.989
1456318441.0,68a0fe4a,0.969
1456318441.0,c1c42ec6,0.979
1456318441.0,7db0ea2e,0.949
1456318441.0,7632d7b7,0.959
1456318441.0,800f2ca2,1.009
1456318441.0,3cce768e,0.989
1456318441.0,5da50d00,0.969
1456318441.0,363ab0d1,0.949
1456318441.0,819eb542,0.979
1456318441.0,acb06eaf,0.929
1456318441.0,b892eed3,0.949
1456318441.0,ec0fb2ce,0.949
1456318441.0,396cfed4,0.969
1456318441.0,c391ee8f,0.949
1456318441.0,90941e78,0.939
1456318441.0,29076544,0.929
1456318441.0,722c316b,0.929
1456318441.0,d685db42,0.949
1456318441.0,9e33ac5a,0.949
1456318441.0,af6ce086,0.939
1456318441.0,bd100d45,0.949
1456318441.0,de6c0c12,0.949
1456318441.0,ec0fb945,0.949
1456318441.0,f9a28385,0.919
1456318441.0,bcbe32bc,0.979
1456318441.0,82148954,0.929
1456318441.0,90bfadfa,0.949
1456318441.0,38ac63b8,0.969
1456318441.0,6a8c75fd,1.009
1456318441.0,62b18fb8,0.919
1456318441.0,c45f047d,0.949
1456318441.0,bd3ac554,0.979
1456318441.0,0f3e781e,1.019
1456318441.0,ff7e8838,0.969
1456318441.0,84556510,0.959
1456318441.0,8690af1b,0.939
1456318441.0,00e94972,0.929
1456318441.0,4e3adf89,0.959
1456318441.0,7eac0db9,0.939
1456318441.0,d50f75c4,0.959
1456318441.0,3d8adc15,0.959
1456318441.0,0b18086e,0.989
1456318441.0,4c77ea18,0.969
1456318441.0,b65176ae,0.949
1456318441.0,953452fa,0.969
1456318441.0,9d6f620d,0.949
1456318441.0,77b1b0cd,0.949
1456318441.0,fa482668,0.969
1456318441.0,f26d37c8,0.929
1456318441.0,0e65094f,0.969
1456318441.0,21168c26,0.929
1456318441.0,6bfedfb9,0.979
1456318441.0,464f5c00,0.969
1456318441.0,911d9371,0.979
1456318441.0,8c0b2fab,0.989
1456318441.0,286c1902,0.969
1456318441.0,838d5c60,0.969
1456318441.0,f131e26a,0.939
1456318441.0,885b2e54,1.019
1456318441.0,01a42eea,0.979
1456318441.0,6769da06,1.019
1456318441.0,c07bd363,0.959
1456318441.0,b7fdbb95,0.979
1456318441.0,5bf5865e,0.959
1456318441.0,d1cb3372,0.989
1456318441.0,8bf505c8,0.969
1456318441.0,ee305546,0.959
1456318441.0,06f8b9dc,0.989
1456318441.0,57813c32,0.959
1456318441.0,e63a5c48,0.979
1456318441.0,91632530,0.939
1456318441.0,340e9b8b,1.019
1456318441.0,7a8bfc02,0.989
1456318441.0,9a099132,1.029
1456318441.0,3f5ce6b8,0.999
1456318441.0,fe18c405,0.999
1456318441.0,655c57b5,0.959
1456318441.0,bf738133,0.949
1456318441.0,ec60ed5f,0.959
1456318441.0,b3a02a90,0.979
1456318441.0,17e38b8d,0.969
1456318441.0,5bb4e610,0.989
1456318441.0,83bbc321,0.989
1456318441.0,7b51b5c3,1.009
1456318441.0,170daeaf,1.019
1456318441.0,0ecd3674,0.959
1456318441.0,655988e9,0.979
1456318441.0,c3fac240,0.979
1456318441.0,9f236f48,1.049
1456318441.0,d17204b8,0.979
1456318441.0,cbeda884,0.959
1456318441.0,53db0fe7,1.029
1456318441.0,9a8f9943,1.009
1456318441.0,56ce5673,0.999
1456318441.0,c595c849,0.939
1456318441.0,2b390ecb,0.939
1456318441.0,bb7b32d6,0.939
1456318441.0,e6aa9001,1.029
1456318441.0,b9930116,0.979
1456318441.0,a9ae74bd,0.989
1456318441.0,ae47fcf2,0.959
1456318441.0,8e4d1e9d,1.009
1456318441.0,84524e63,1.009
1456318441.0,06f5dad2,1.009
1456318441.0,3e301f60,1.039
1456318441.0,5b68d8ad,0.969
1456318441.0,eecb0e50,1.019
1456318441.0,72ceacae,0.939
1456318441.0,a9bfa2fb,1.009
1456318441.0,2753be9b,0.959
1456318441.0,daf5b359,0.969
1456318441.0,c01a1b5d,1.009
1456318441.0,4d87940f,0.959
1456318441.0,2371f256,0.999
1456318441.0,4fe1e4cc,0.959
1456318441.0,12fda0fa,1.019
1456318441.0,8be22ce1,0.979
1456318441.0,f27854f0,0.949
1456318441.0,924bf88b,0.909
1456318441.0,34021125,0.969
1456318441.0,1831ac4f,0.979
1456318441.0,43f8de50,0.989
1456318441.0,323627e3,0.959
1456318441.0,88ed2626,1.009
1456318441.0,ad7b7c05,0.979
1456318441.0,9917cb8f,0.979
1456318441.0,b3141223,1.009
1456318441.0,09f71d7c,0.949
1456318441.0,010520ef,0.959
1456318441.0,453bb6b1,0.989
1456318441.0,c28f67a8,0.949
1456318441.0,8144ba58,0.969
1456318441.0,85a9ebeb,1.039
1456318441.0,6437efd0,0.939
1456318441.0,17ac33f0,0.979
1456318441.0,9f7d89ff,0.969
1456318441.0,9e990cfe,0.959
1456318441.0,cb61d796,0.959
1456318441.0,7dc32cd3,0.949
1456318441.0,5f881538,0.959
1456318441.0,59a378e4,0.999
1456318441.0,208f7301,0.959
1456318441.0,47396921,0.939
1456318441.0,26d3d3cd,0.959
1456318441.0,18ff9945,0.979
1456318441.0,8f6a43ef,0.959
1456318441.0,2cb5ba1b,0.999
1456318441.0,97ba0d32,1.029
1456318441.0,b79612a4,0.969
1456318441.0,1a20bec9,0.959
1456318441.0,91925b72,0.999
1456318441.0,720a51d5,1.049
1456318441.0,4a10a924,0.999
1456318441.0,f868a6b6,1.019
1456318441.0,17d98ba9,0.979
1456318441.0,89394d4f,0.939
1456318441.0,8659a4a3,0.949
1456318441.0,06a21d8f,0.979
1456318441.0,780043a9,0.949
1456318441.0,113d0a42,0.999
1456318441.0,7ac5212c,0.999
1456318441.0,3bbe7509,0.959
1456318441.0,b82cdd94,1.049
1456318441.0,cb98fbad,1.009
1456318441.0,b5e248eb,0.949
1456318441.0,10337302,0.959
1456318441.0,811b6a32,1.009
1456318441.0,f873156d,0.969
1456318441.0,5b93fb87,0.959
1456318441.0,e7b78fcf,0.959
1456318441.0,e6c42bec,0.989
1456318441.0,,0.979
1456318441.0,9592640d,0.969
1456318441.0,ffc943b9,0.959
1456318441.0,5b5fec22,0.999
1456318441.0,392c6ac7,0.969
1456318441.0,06aae991,0.939
1456318441.0,02797da2,0.999
1456318441.0,28f0e708,0.969
1456318441.0,3cbc3531,1.019
1456318441.0,af91cef3,0.969
1456318441.0,f77aa11c,0.949
1456318441.0,ad7fb7be,0.949
1456318441.0,7f4e0339,1.029
1456318441.0,f5c869d0,0.979
1456318441.0,31993f75,0.969
1456318441.0,00bb9689,0.989
1456318441.0,9b0605bd,0.989
1456318441.0,00a2a041,0.989
1456318441.0,67c2a2b3,0.959
1456318441.0,6e12c790,0.949
1456318441.0,d16fca8a,1.029
1456318441.0,51fcda8d,0.979
1456318441.0,df5fc4c4,0.979
1456318441.0,0dac1cdc,0.969
1456318441.0,666030ca,0.959
1456318441.0,99101bcc,1.039
1456318441.0,2c9a2837,0.989
1456318441.0,df4fadef,0.959
1456318441.0,ffaebdb9,0.969
1456318441.0,b40d9546,0.989
1456318441.0,114290a9,0.954
1456318441.0,073f010e,0.979
1456318441.0,28bd26e0,1.019
1456318441.0,35822dd5,0.959
1456318441.0,ee167171,0.989
1456318441.0,185c6827,0.979
1456318441.0,f1b1a06d,0.929
1456318441.0,6881e83e,1.009
1456318441.0,e01a7247,0.959
1456318441.0,b154220c,0.939
1456318441.0,c9b21507,0.999
1456318441.0,e3d91258,1.019
1456318441.0,b59cf984,0.954
1456318441.0,959760d1,0.969
1456318441.0,ac1ca792,0.979
1456318441.0,3663fc5c,0.969
1456318441.0,c6a133a0,0.959
1456318441.0,2a57a759,0.969
1456318441.0,26faab3e,0.999
1456318441.0,1b9cc9e7,1.009
1456318441.0,e16e5312,0.969
1456318441.0,8820ca40,1.019
1456318441.0,f1894033,0.979
1456318441.0,5d78b25e,0.959
1456318441.0,2ebdf5e8,0.969
1456318441.0,97738c26,0.999
1456318441.0,3589a5bc,0.969
1456318441.0,aae85374,1.019
1456318441.0,f84b6775,0.989
1456318441.0,51885ea3,0.939
1456318441.0,47db384b,0.969
1456318441.0,400f9abd,0.939
1456318441.0,e1bc26f0,0.989
1456318441.0,b899de50,1.009
1456318441.0,71a6b9f3,0.969
1456318441.0,0a5953de,0.989
1456318441.0,249c81ea,0.929
1456318441.0,19677f59,0.949
1456318441.0,12aba19d,1.029
1456318441.0,e7ea0c12,1.009
1456318441.0,8aaabcb9,0.939
1456318441.0,965dce20,1.009
1456318441.0,628e1099,0.979
1456318441.0,a8028e6b,0.979
1456318441.0,bd0953f8,0.969
1456318441.0,ce736f1a,0.969
1456318441.0,5b46611d,1.009
1456318441.0,5ca2e06e,0.969
1456318441.0,f94d8069,0.989
1456318441.0,1168538d,0.969
1456318441.0,71fdd7b4,0.979
1456318441.0,f4af1b17,1.019
1456318441.0,5c405f95,0.969
1456318441.0,b24a2efc,1.009
1456318441.0,e592b5d0,0.959
1456318441.0,c59ede00,0.949
1456318441.0,c9cc0c6b,0.949
1456318441.0,685b81fa,0.989
1456318441.0,6e907110,0.999
1456318441.0,3a349054,0.949
1456318441.0,4abd2f17,0.979
1456318441.0,92667f30,1.009
1456318441.0,310e041a,1.029
1456318441.0,5f51bf27,0.959
1456318441.0,719aa84a,0.999
1456318441.0,86e62d3e,1.069
1456318441.0,bdf78206,0.999
1456318441.0,20e9b084,0.939
1456318441.0,1641208e,0.959
1456318441.0,94d5e6b7,0.969
1456318441.0,47c14a5e,1.059
1456318441.0,21dc0042,0.969
1456318441.0,ddefb778,1.039
1456318441.0,287b8e5b,0.979
1456318441.0,2bb1e7cb,1.009
1456318441.0,8b1e2d4f,1.039
1456318441.0,96eb851e,0.969
1456318441.0,43e3c3da,0.969
1456318441.0,ac3b0cb7,0.939
1456318441.0,6be455b0,0.979
1456318441.0,86b711fa,0.969
1456318441.0,7a34bcb6,0.939
1456318441.0,ad4d142d,0.939
1456318441.0,5e56181c,0.949
1456318441.0,488e0fcf,0.969
1456318441.0,62b199da,1.019
1456318441.0,5018e554,0.919
1456318441.0,5a599746,0.949
1456318441.0,623f93b8,0.959
1456318441.0,3bb74884,0.969
1456318441.0,cd5312ba,0.979
1456318441.0,badafb9a,0.969
1456318441.0,6b50c140,0.999
1456318441.0,a625042c,0.919
1456318441.0,83c03208,0.949
1456318441.0,a441d45c,0.939
1456318441.0,581713fc,0.979
1456318441.0,7156911f,0.999
1456318441.0,ce366998,1.019
1456318441.0,5e86ff24,0.949
1456318441.0,0c811233,0.929
1456318441.0,7895f019,0.979
1456318441.0,aecec7b2,1.009
1456318441.0,b5e413c4,0.959
1456318441.0,7969d4f3,0.969
1456318441.0,2cb63a21,0.959
1456318441.0,3e32f401,0.969
1456318441.0,5d026f62,0.929
1456318441.0,e6b2872b,0.959
1456318441.0,ca3364fa,0.929
1456318441.0,cb4bb1c7,0.959
1456318441.0,4c0e3547,0.929
1456318441.0,3bb367b0,0.959
1456318441.0,1bdb889f,0.919
1456318441.0,3b746ea0,0.919
1456318441.0,514e885f,0.959
1456318441.0,79470901,0.919
1456318441.0,997e716d,0.969
1456318441.0,3056759f,0.939
1456318441.0,0fb8b04e,0.969
1456318441.0,a4087b5f,0.929
1456318441.0,0ecf4b78,0.969
1456318441.0,050b15b6,0.959
1456318441.0,78562f9b,0.969
1456318441.0,c687a4a1,0.929
1456318441.0,24f09d82,0.929
1456318441.0,eb0ad874,0.929
1456318441.0,f79eb5f9,0.929
1456318441.0,2330f268,0.959
1456318441.0,5f365e75,0.939
1456318441.0,a2557e83,0.939
1456318441.0,1dc8cdb7,0.919
1456318441.0,350879b3,0.979
1456318441.0,95be882a,0.989
1456318441.0,8eaac040,0.999
1456318441.0,5036bf9f,1.039
1456318441.0,83439be0,0.959
1456318441.0,a99fe7eb,0.949
1456318441.0,8b77e169,0.929
1456318441.0,36728450,0.999
1456318441.0,8469fbc7,1.029
1456318441.0,727a279d,0.989
1456318441.0,0ee3214c,1.009
1456318441.0,c9a19301,0.989
1456318441.0,57610ffb,0.979
1456318441.0,e7295166,0.939
1456318441.0,79b68d4c,1.009
1456318441.0,bef54869,0.939
1456318441.0,80340164,0.989
1456318441.0,d4024d48,1.009
1456318441.0,74ebac9f,1.009
1456318441.0,5c39d395,0.969
1456318441.0,ed8a5a8a,0.989
1456318441.0,04ca9ed8,0.919
1456318441.0,0a1808e5,0.969
1456318441.0,a5c5f9b2,0.979
1456318441.0,285b781f,0.989
1456318441.0,bba52d69,1.019
1456318441.0,d51ef3f5,0.969
1456318441.0,5082e3d6,0.989
1456318441.0,0d721874,0.969
1456318441.0,cacdc0ed,1.019
1456318441.0,5fade9f9,0.969
1456318441.0,f847749e,0.959
1456318441.0,1098a163,0.969
1456318441.0,0b15fb2a,0.969
1456318441.0,,0.959
1456318441.0,0eb17bed,0.989
1456318441.0,8cdff641,0.959
1456318441.0,6809dfa8,0.989
1456318441.0,6c8423e1,0.969
1456318441.0,92a6e659,0.989
1456318441.0,7b2a5f7c,0.959
1456318441.0,baa66b57,1.009
1456318441.0,4734ef79,0.939
1456318441.0,6cf550c8,1.019
1456318441.0,c804ac06,0.959
1456318441.0,f78f34d4,1.029
1456318441.0,34f054d7,1.019
1456318441.0,9eb1be1f,1.009
1456318441.0,ec2af182,0.959
1456318441.0,,0.979
1456318441.0,92e54876,0.999
1456318441.0,a5b00954,0.999
1456318441.0,53b4afaa,0.959
1456318441.0,,0.969
1456318441.0,6e41593c,0.979
1456318441.0,365e9221,0.979
1456318441.0,102821f8,0.959
1456318441.0,0eba39cf,1.019
1456318441.0,cc85d8a3,0.969
1456318441.0,9b0e4618,0.979
1456318441.0,2397b3e4,0.969
1456318441.0,0a7394cb,1.029
1456318441.0,cac2d933,0.979
1456318441.0,39c4256a,0.949
1456318441.0,30ac5a0c,0.979
1456318441.0,926a9855,0.959
1456318441.0,14e03a1d,1.009
1456318441.0,793eb726,0.969
1456318441.0,ed986aff,0.949
1456318441.0,41dc9205,0.929
1456318441.0,ae09ed04,0.969
1456318441.0,b0599356,0.979
1456318441.0,70a38521,0.969
1456318441.0,65aa334d,0.979
1456318441.0,46da1895,0.979
1456318441.0,c16682b0,0.979
1456318441.0,1e0f5f03,0.979
1456318441.0,64658758,0.999
1456318441.0,46691d06,1.009
1456318441.0,1d5b89e9,0.959
1456318441.0,e4de6238,1.029
1456318441.0,9d4b63bb,0.949
1456318441.0,c5f7c662,0.929
1456318441.0,03436a85,0.969
1456318441.0,cc1424f8,0.959
1456318441.0,4331b36c,0.989
1456318441.0,49a6b4d3,0.989
1456318441.0,a4b11e87,0.979
1456318441.0,cbc79cc7,1.009
1456318441.0,ee4163c1,0.959
1456318441.0,2ed18a58,0.969
1456318441.0,29c7431a,0.999
1456318441.0,e62672b9,0.959
1456318441.0,6ad0086e,0.959
1456318441.0,f5610fa8,0.999
1456318441.0,cda8d3bf,0.989
1456318441.0,d51a9b5e,0.979
1456318441.0,ded69fbb,0.999
1456318441.0,f7a5dd5a,0.999
1456318441.0,3ff7f5f2,0.989
1456318441.0,c2405c51,0.939
1456318441.0,,-0.001
1456318441.0,5c152248,1.039
1456318441.0,8dc9de7b,0.959
1456318441.0,088d1639,1.039
1456318441.0,13cd1498,0.989
1456318441.0,56db8c22,1.009
1456318441.0,fb2e36a4,0.949
1456318441.0,c960300b,0.999
1456318441.0,c33ca0b5,0.969
1456318441.0,fb6a534f,0.959
1456318441.0,1037129e,0.964
1456318441.0,4ff9d49d,1.009
1456318441.0,c2a87587,1.029
1456318441.0,a57d0d0e,0.989
1456318441.0,119b03dd,0.969
1456318441.0,12dc6fb6,0.959
1456318441.0,bbbc6ece,0.959
1456318441.0,64bb101c,0.959
1456318441.0,a55edb00,0.949
1456318441.0,e9c48a65,1.019
1456318441.0,f72a7ec2,0.959
1456318441.0,d3f0653f,0.999
1456318441.0,162f1e57,0.989
1456318441.0,6b4d97ef,1.019
1456318441.0,59affa92,1.019
1456318441.0,b8529633,0.939
1456318441.0,dcab2d5d,0.939
1456318441.0,cfda167d,0.949
1456318441.0,2b03c896,1.019
1456318441.0,7e0a1569,1.029
1456318441.0,4100c9dd,0.979
1456318441.0,85d39803,0.959
1456318441.0,5c70351c,0.969
1456318441.0,e04ac56b,0.949
1456318441.0,9d2a511e,0.999
1456318441.0,988da765,0.979
1456318441.0,b518e445,0.989
1456318441.0,dc7b3d6f,0.949
1456318441.0,c635730e,0.999
1456318441.0,f2b5514e,1.029
1456318441.0,05845b5e,0.989
1456318441.0,2b3ab72c,0.979
1456318441.0,6da1952d,0.939
1456318441.0,190db56f,0.979
1456318441.0,2d5c56d1,0.959
1456318441.0,261381d7,1.049
1456318441.0,d24c8b74,0.949
1456318441.0,25a7d9dc,0.959
1456318441.0,b7f96330,0.949
1456318441.0,c85c34c2,0.949
1456318441.0,3b92c6ae,0.929
1456318441.0,28932cab,0.979
1456318441.0,0e9a7f93,0.959
1456318441.0,8e302603,0.979
1456318441.0,0d469ea7,1.099
1456318441.0,26a6aed5,0.989
1456318441.0,1d287189,0.969
1456318441.0,55344490,0.949
1456318441.0,ce5281ae,0.979
1456318441.0,6479b534,0.959
1456318441.0,6f9b604d,0.949
1456318441.0,466d909f,0.989
1456318441.0,68519520,0.949
1456318441.0,12203554,0.999
1456318441.0,9a4568c6,0.949
1456318441.0,f8ed5739,1.009
1456318441.0,73816646,0.939
1456318441.0,72567073,0.969
1456318441.0,9e0e4f3e,1.009
1456318441.0,70d7dc75,1.049
1456318441.0,4a9b4bb1,0.979
1456318441.0,96854150,0.999
1456318441.0,f0261559,0.979
1456318441.0,d556f79b,0.929
1456318441.0,7dfe4528,0.969
1456318441.0,b38002eb,0.949
1456318441.0,433a5787,0.969
1456318441.0,010becdc,0.969
1456318441.0,b7a7ee6f,0.979
1456318441.0,9e47d969,0.939
1456318441.0,202abd50,0.939
1456318441.0,150a8031,0.979
1456318441.0,519422ae,0.959
1456318441.0,e3669521,1.019
1456318441.0,570b52de,1.009
1456318441.0,061f678d,0.939
1456318441.0,1b2380b6,0.969
1456318441.0,16870e6a,0.949
1456318441.0,b17608a3,0.999
1456318441.0,a1456bb3,0.989
1456318441.0,4e30bdf2,0.969
1456318441.0,fec908f7,0.989
1456318441.0,ebb75b25,0.939
1456318441.0,a0d61ab8,1.039
1456318441.0,a2346f9b,0.969
1456318441.0,72c39ba1,0.919
1456318441.0,a4ba2fb9,0.939
1456318441.0,3f195c1b,0.999
1456318441.0,332d02ad,1.009
1456318441.0,c4395b95,0.979
1456318441.0,dab2adef,0.979
1456318441.0,c3606f90,0.979
1456318441.0,f6eddbb3,0.969
1456318441.0,179ba00b,0.979
1456318441.0,d3a16954,0.959
1456318441.0,4a802d7b,0.989
1456318441.0,792fb82d,0.979
1456318441.0,4e359e7b,0.949
1456318441.0,ae5d2bb7,0.989
1456318441.0,2092821a,0.949
1456318441.0,714eaded,0.929
1456318441.0,de0d13cd,0.989
1456318441.0,3bcc58f2,1.009
1456318441.0,1b1894a9,0.999
1456318441.0,0e31f374,0.959
1456318441.0,a43f17c4,0.959
1456318441.0,058212e2,0.959
1456318441.0,e6b1064f,0.999
1456318441.0,da9d831f,0.969
1456318441.0,4dd8d911,0.989
1456318441.0,e40925fd,0.939
1456318441.0,14e4cad9,0.969
1456318441.0,b4f10cda,0.969
1456318441.0,f2063592,0.969
1456318441.0,53d2ed19,1.029
1456318441.0,6000fe5e,0.939
1456318441.0,bf0b9827,0.969
1456318441.0,993296db,0.979
1456318441.0,ac9715c2,0.969
1456318441.0,2323e5c3,0.999
1456318441.0,d39d4848,0.999
1456318441.0,1c1982b4,0.949
1456318441.0,662ae541,1.009
1456318441.0,4f913836,0.989
1456318441.0,4e459e38,0.919
1456318441.0,e60668f4,1.029
1456318441.0,48ae79a5,0.939
1456318441.0,810ecb7a,0.949
1456318441.0,29c5c2e2,1.009
1456318441.0,d65cfd6c,1.009
1456318441.0,2b797ecc,0.959
1456318441.0,07aab62d,0.939
1456318441.0,47f0950d,0.939
1456318441.0,57e63781,0.959
1456318441.0,689f962f,0.989
1456318441.0,3fb149fc,0.969
1456318441.0,190ce429,0.949
1456318441.0,f5684ccb,0.999
1456318441.0,9558140d,0.989
1456318441.0,3f788efe,0.969
1456318441.0,4f2f425b,0.939
1456318441.0,155982b5,1.009
1456318441.0,ca9bd89a,0.979
1456318441.0,ffa36ea0,0.989
1456318441.0,25365ee8,0.979
1456318441.0,0d94f40b,0.989
1456318441.0,147959b5,0.969
1456318441.0,,0.999
1456318441.0,,0.959
1456318441.0,d606d463,0.989
1456318441.0,e8770e69,0.999
1456318441.0,91d18db5,0.979
1456318441.0,8f4cf94f,0.979
1456318441.0,,0.919
1456318441.0,e613bc2b,0.999
1456318441.0,6da3d0a7,0.959
1456318441.0,c704c346,0.979
1456318441.0,b14bb16f,0.969
1456318441.0,d291a6c0,1.019
1456318441.0,82d9d2c3,0.969
1456318441.0,70879f72,0.969
1456318441.0,897af169,1.029
1456318441.0,a6631f18,0.929
1456318441.0,757d5670,0.969
1456318441.0,2fec3510,0.979
1456318441.0,6e2e5e05,1.029
1456318441.0,82319435,0.999
1456318441.0,80267da5,1.049
1456318441.0,,0.949
1456318441.0,ed5cd338,0.929
1456318441.0,a0df1a9c,1.019
1456318441.0,7a9eef7e,0.959
1456318441.0,dfad7b08,0.979
1456318441.0,a5ef49c6,1.009
1456318441.0,8f4c771c,1.069
1456318441.0,81c9cec5,1.019
1456318441.0,f044fc49,1.019
1456318441.0,7a6dcdb0,0.969
1456318441.0,1f1eaa0f,0.989
1456318441.0,d565fdf7,0.959
1456318441.0,e4c59692,0.989
1456318441.0,c39953ee,0.999
1456318441.0,2d2c8e81,0.989
1456318441.0,990757d8,0.959
1456318441.0,82f98249,0.969
1456318441.0,2a5c512c,1.009
1456318441.0,5fa73da0,0.999
1456318441.0,987496d6,0.989
1456318441.0,942c7429,0.979
1456318441.0,10adc414,0.999
1456318441.0,4c5b25a6,0.929
1456318441.0,6bf6b199,0.999
1456318441.0,71424e6c,0.969
1456318441.0,a5ce2de1,0.999
1456318441.0,1929517b,0.969
1456318441.0,38a3a737,0.939
1456318441.0,,0.969
1456318441.0,b4e0667f,1.009
1456318441.0,,1.059
1456318441.0,6fac4b39,0.979
1456318441.0,da20711a,0.959
1456318441.0,2ad0a689,0.999
1456318441.0,96ae55d2,0.939
1456318441.0,eaba5acb,1.019
1456318441.0,ceda1d43,0.969
1456318441.0,1bc107ca,0.969
1456318441.0,11288ef5,1.009
1456318441.0,2096e49a,0.969
1456318441.0,f747cfc3,0.979
1456318441.0,39a29c0a,0.969
1456318441.0,210d7aa0,1.019
1456318441.0,a5b8429f,0.969
1456318441.0,2e64cc2e,1.029
1456318441.0,f8c5b496,0.989
1456318441.0,2f349c74,0.969
1456318441.0,4ebc6df3,0.959
1456318441.0,a3beb05f,0.999
1456318441.0,72fef334,0.969
1456318441.0,0c03d863,0.989
1456318441.0,1ff0ade7,0.998
1456318441.0,6e899248,0.939
1456318441.0,82d40753,0.989
1456318441.0,d643ef3d,0.979
1456318441.0,d1002658,0.989
1456318441.0,,0.959
1456318441.0,64abbe63,0.969
1456318441.0,b6c365a0,0.969
1456318441.0,10ae4031,1.039
1456318441.0,8444156b,0.959
1456318441.0,6582ce6e,0.994
1456318441.0,c38e01fd,0.959
1456318441.0,64784ae8,0.989
1456318441.0,10b34f01,0.999
1456318441.0,6fc48997,0.989
1456318441.0,e6c2b040,0.969
1456318441.0,7b5f8374,1.009
1456318441.0,fd09c85a,0.929
1456318441.0,f1206565,0.979
1456318441.0,333d1cac,0.989
1456318441.0,a9b4d8a2,0.959
1456318441.0,d97307ab,0.969
1456318441.0,77409cad,1.009
1456318441.0,88dd7fc5,0.979
1456318441.0,6f4273c4,0.969
1456318441.0,6860f6a1,0.939
1456318441.0,2249d84a,0.999
1456318441.0,d5be29d1,1.029
1456318441.0,978bcc85,0.979
1456318441.0,7091515f,0.939
1456318441.0,8f6ac169,0.949
1456318441.0,9fc9a999,1.019
1456318441.0,7fc3b34a,0.969
1456318441.0,e74667af,0.959
1456318441.0,0bffb72e,0.969
1456318441.0,1a08fd43,0.989
1456318441.0,941effa7,0.939
1456318441.0,6df33a19,0.959
1456318441.0,60acc87b,0.949
1456318441.0,d8601954,0.999
1456318441.0,8c04c7d4,0.939
1456318441.0,38a55267,0.949
1456318441.0,4adf0991,0.969
1456318441.0,14295632,0.929
1456318441.0,a2c0fdb0,0.979
1456318441.0,129d1493,0.949
1456318441.0,f47f4232,0.919
1456318441.0,e89c4d58,0.959
1456318441.0,ca71f476,1.059
1456318441.0,130615f8,1.019
1456318441.0,ee1d296d,1.009
1456318441.0,a8e52643,0.979
1456318441.0,9264eade,0.969
1456318441.0,54e207d2,1.009
1456318441.0,57b36972,1.009
1456318441.0,7a475c04,1.039
1456318441.0,22ed3351,0.969
1456318441.0,2e65af60,0.979
1456318441.0,f010f0a1,0.999
1456318441.0,3a9a5bc8,0.939
1456318441.0,017f1d73,0.989
1456318441.0,b5935794,0.969
1456318441.0,433cd102,0.929
1456318441.0,3b9a2c70,0.959
1456318441.0,62994203,0.939
1456318441.0,8cb60ffa,0.999
1456318441.0,ba9fb6db,0.989
1456318441.0,932359af,0.939
1456318441.0,d428a044,0.959
1456318441.0,abb8ccea,1.019
1456318441.0,86d6d36f,1.019
1456318441.0,5363d71f,0.969
1456318441.0,a372d56c,0.959
1456318441.0,83d3e011,0.959
1456318441.0,59c7e20b,0.959
1456318441.0,a5d5884d,0.949
1456318441.0,6e065b53,0.959
1456318441.0,a3e519bb,1.049
1456318441.0,ae505f44,1.009
1456318441.0,b893996a,0.969
1456318441.0,f09abf51,0.999
1456318441.0,bcee3dc6,0.989
1456318441.0,04aefaad,1.009
1456318441.0,175e5435,0.999
1456318441.0,11b72709,1.019
1456318441.0,19f036ce,1.039
1456318441.0,298a8af2,0.959
1456318441.0,624ba629,0.979
1456318441.0,7fccdc2c,0.969
1456318441.0,5c531135,0.939
1456318441.0,256e2f5b,1.029
1456318441.0,2a8d8f74,1.009
1456318441.0,a9b8fb74,0.979
1456318441.0,b718f9fa,0.979
1456318441.0,f5234ec2,0.969
1456318441.0,e4c3638f,0.969
1456318441.0,3bf46d9b,0.939
1456318441.0,990bc1af,0.979
1456318441.0,152983d0,0.989
1456318441.0,42b80e51,0.969
1456318441.0,0d046d70,1.029
1456318441.0,ec60ccb8,0.999
1456318441.0,43474152,0.959
1456318441.0,1b2716b3,0.959
1456318441.0,364488f7,0.939
1456318441.0,1d2f1425,0.939
1456318441.0,c76359a4,0.939
1456318441.0,b93a61f3,0.949
1456318441.0,ac6ccf5d,0.939
1456318441.0,02a3ff50,0.949
1456318441.0,f856d6e0,0.949
1456318441.0,1fe05a5f,0.969
1456318441.0,1c504132,0.949
1456318441.0,6c90e89a,0.929
1456318441.0,efc5b46c,0.949
1456318441.0,bcab79d7,0.939
1456318441.0,9d948dce,0.989
1456318441.0,abc596af,0.949
1456318441.0,6ed1ade4,0.919
1456318441.0,193d5fa7,0.939
1456318441.0,d0c595a5,0.959
1456318441.0,92eaccdc,0.949
1456318441.0,73787573,0.929
1456318441.0,ebca1266,0.959
1456318441.0,511a1f46,0.929
1456318441.0,2c946e5c,0.959
1456318441.0,76a02736,0.969
1456318441.0,b7acce06,0.929
1456318441.0,ad6a99ce,0.939
1456318441.0,688653f8,0.939
1456318441.0,238f3319,0.949
1456318441.0,2c111d16,0.919
1456318441.0,89d25593,0.939
1456318441.0,3c9479d6,0.929
1456318441.0,bf694984,0.929
1456318441.0,8ec1148e,0.979
1456318441.0,66af339e,0.929
1456318441.0,b559c5aa,0.959
1456318441.0,b215d388,0.969
1456318441.0,b883c155,0.989
1456318441.0,217404b2,0.949
1456318441.0,5718b51b,0.969
1456318441.0,fd7d736f,0.969
1456318441.0,4f55919e,0.979
1456318441.0,64e31076,0.999
1456318441.0,92dbd199,0.999
1456318441.0,6f65a418,1.039
1456318441.0,716fcfe5,0.959
1456318441.0,5c451464,0.989
1456318441.0,29eed38e,0.969
1456318441.0,e1cf4b4c,1.029
1456318441.0,69964900,0.999
1456318441.0,d2c2433a,0.969
1456318441.0,776d441b,0.979
1456318441.0,e212dd80,0.969
1456318441.0,db680fc7,0.969
1456318441.0,7ab95e95,0.949
1456318441.0,4827ec0b,0.969
1456318441.0,37179b6c,0.989
1456318441.0,5693dbae,0.979
1456318441.0,e2825c07,0.949
1456318441.0,4c67dc1a,1.009
1456318441.0,3f9a7b26,0.989
1456318441.0,c846f887,0.979
1456318441.0,a23d5fdf,1.009
1456318441.0,4922811e,0.969
1456318441.0,0028e6e8,0.979
1456318441.0,9557f893,0.959
1456318441.0,152f6019,0.939
1456318441.0,4c5ddfb7,1.009
1456318441.0,e56bfa23,0.999
1456318441.0,1403b858,1.059
1456318441.0,669a039e,0.959
1456318441.0,68e1f6e3,0.959
1456318441.0,74adc87d,0.959
1456318441.0,4ec9ba2c,0.949
1456318441.0,f12a9542,0.959
1456318441.0,2af3ad73,0.969
1456318441.0,6f8c077f,0.959
1456318441.0,5812c07f,0.929
1456318441.0,92f8fe19,1.039
1456318441.0,592095a9,0.939
1456318441.0,df1ba7d7,0.939
1456318441.0,8ac12153,0.989
1456318441.0,2ab4115c,1.009
1456318441.0,e3a2ddca,0.959
1456318441.0,a889c99a,0.969
1456318441.0,447b405d,0.969
1456318441.0,b3011e67,0.939
1456318441.0,524b14cc,0.979
1456318441.0,8e53fc38,1.029
1456318441.0,a4a288ce,0.969
1456318441.0,2c83c3c5,0.979
1456318441.0,2abfc938,0.939
1456318441.0,e9b61dbc,0.969
1456318441.0,10753208,0.999
1456318441.0,91baebbc,0.979
1456318441.0,e34047b9,0.959
1456318441.0,6bc9b007,0.969
1456318441.0,0eeb22de,0.979
1456318441.0,f6694dbe,0.969
1456318441.0,a6ab5dd8,0.939
1456318441.0,1d3ab507,0.929
1456318441.0,5800eb70,0.964
1456318441.0,fb363438,0.999
1456318441.0,1d5839f0,0.999
1456318441.0,02e680f9,1.009
1456318441.0,f8abf94c,0.939
1456318441.0,f230f25c,0.999
1456318441.0,d7f4cb8b,1.009
1456318441.0,b6ac7c95,0.939
1456318441.0,efe39034,0.969
1456318441.0,9499ff78,0.939
1456318441.0,2616645b,0.989
1456318441.0,32ecd8d4,0.989
1456318441.0,9dd2f35d,1.029
1456318441.0,a8f9e25b,1.004
1456318441.0,3e1191fb,0.989
1456318441.0,dbdba84f,0.909
1456318441.0,,0.969
1456318441.0,ed46fdb9,0.959
1456318441.0,7ad9dcdf,0.989
1456318441.0,a41abd0c,0.989
1456318441.0,01e3af77,0.969
1456318441.0,8f6f71cb,0.929
1456318681.0,9a2cf8fa,0.979
1456318681.0,ef0301c2,0.999
1456318681.0,5175d50a,0.959
1456318681.0,04e35776,0.999
1456318681.0,0edac3f0,0.949
1456318681.0,cc6d6eb2,0.999
1456318681.0,819eb542,0.969
1456318681.0,396cfed4,0.959
1456318681.0,722c316b,0.919
1456318681.0,ff7e8838,0.939
1456318681.0,a7983bc2,0.919
1456318681.0,069182e4,0.969
1456318681.0,54ea7147,0.929
1456318681.0,12437a10,0.979
1456318681.0,3c5b5221,0.959
1456318681.0,669db224,0.929
1456318681.0,cb7b59b6,0.999
1456318681.0,08311643,0.929
1456318681.0,55100d94,0.989
1456318681.0,91ebab1c,0.969
1456318681.0,2ddaec8d,0.929
1456318681.0,d62b675f,0.999
1456318681.0,ac22a573,0.959
1456318681.0,89b4dcbb,0.979
1456318681.0,ba9a540e,0.989
1456318681.0,7fcb9629,0.969
1456318681.0,f0cb2dbb,0.939
1456318681.0,b524582e,0.969
1456318681.0,a447b2ea,0.979
1456318681.0,b26e91af,0.969
1456318681.0,8e2183f6,1.019
1456318681.0,8794cb26,0.959
1456318681.0,a5164b6a,0.919
1456318681.0,e0ca8158,0.999
1456318681.0,de115c83,0.949
1456318681.0,475a2157,0.979
1456318681.0,3a35a2ab,0.969
1456318681.0,a23b6ab7,0.999
1456318681.0,99d46a35,0.959
1456318681.0,415ad4d0,1.009
1456318681.0,601bbb50,1.009
1456318681.0,ef793ac8,1.009
1456318681.0,72bd4b95,0.929
1456318681.0,e64f148b,1.029
1456318681.0,1a2a17d8,0.979
1456318681.0,ca466dce,0.979
1456318681.0,5f67b593,0.939
1456318681.0,74767a2c,0.989
1456318681.0,3855d1bc,0.999
1456318681.0,09aa1a8b,0.999
1456318681.0,f889436a,0.979
1456318681.0,07a30a7e,0.948
1456318681.0,,0.969
1456318681.0,fbbb030d,0.979
1456318681.0,340e9b8b,1.019
1456318681.0,1027f7e1,0.979
1456318681.0,,1.009
1456318681.0,cfe72b95,0.989
1456318681.0,6ecefdf4,1.019
1456318681.0,beeaf561,0.949
1456318681.0,46030de4,0.979
1456318681.0,d2f10be7,0.979
1456318681.0,de1ded73,1.019
1456318681.0,deb8505f,0.969
1456318681.0,000f12ff,1.009
1456318681.0,06c6d7b1,0.969
1456318681.0,dd52b873,1.039
1456318681.0,be6a8603,1.009
1456318681.0,2228d8bc,0.999
1456318681.0,f893c068,1.019
1456318681.0,0afb21d0,0.969
1456318681.0,091ee9ad,1.019
1456318681.0,90201097,1.009
1456318681.0,c232241f,0.979
1456318681.0,d5a86b4b,1.089
1456318681.0,297818d7,0.989
1456318681.0,4a2e604f,0.999
1456318681.0,5110f142,0.949
1456318681.0,860d9600,0.969
1456318681.0,0fc08209,0.979
1456318681.0,83cf5969,0.999
1456318681.0,e055b194,0.959
1456318681.0,a16c8d86,0.999
1456318681.0,902ccc5b,0.939
1456318681.0,9278d791,0.969
1456318681.0,2a7b6c27,0.954
1456318681.0,39175664,0.939
1456318681.0,237a7aef,0.959
1456318681.0,c449aa2a,0.959
1456318681.0,a72d491e,0.969
1456318681.0,e9abc101,0.979
1456318681.0,65e795cc,0.949
1456318681.0,a25aae71,0.959
1456318681.0,2498b287,0.979
1456318681.0,43b030ef,0.999
1456318681.0,84524e63,0.999
1456318681.0,556f2f94,1.029
1456318681.0,95321d2a,0.959
1456318681.0,4c3e0377,0.999
1456318681.0,c7042a91,0.949
1456318681.0,eecb0e50,0.989
1456318681.0,,1.019
1456318681.0,7bc75eb5,1.029
1456318681.0,8371a1aa,0.999
1456318681.0,a9bfa2fb,0.979
1456318681.0,a27aa278,1.029
1456318681.0,1018f316,0.969
1456318681.0,d36374e8,0.969
1456318681.0,8aefbe17,0.999
1456318681.0,1f6d15b5,0.979
1456318681.0,26d466bb,0.959
1456318681.0,1276acff,1.039
1456318681.0,6a686e72,0.989
1456318681.0,a38344c9,0.949
1456318681.0,222b778e,0.939
1456318681.0,5ef14445,0.969
1456318681.0,9c389a21,0.999
1456318681.0,ddce8cd4,0.969
1456318681.0,fda59bae,1.009
1456318681.0,,0.989
1456318681.0,f1a2379b,0.948
1456318681.0,3fdc1762,0.939
1456318681.0,8dbae4c1,0.949
1456318681.0,26dc2927,0.999
1456318681.0,d367f64c,0.969
1456318681.0,7a018377,0.969
1456318681.0,e2266b20,0.999
1456318681.0,2a348345,0.949
1456318681.0,1b5ef1d1,0.969
1456318681.0,be63e7a4,0.999
1456318681.0,dacaa91d,0.979
1456318681.0,a08b0e98,0.969
1456318681.0,c6930db9,1.029
1456318681.0,2258db93,0.979
1456318681.0,c1db295a,0.969
1456318681.0,93b5b301,0.959
1456318681.0,ac54aab9,0.989
1456318681.0,a300968d,1.029
1456318681.0,a618c589,1.009
1456318681.0,6823a8b2,0.959
1456318681.0,90004d8a,0.959
1456318681.0,c25c5571,0.939
1456318681.0,5fbe505b,0.949
1456318681.0,1e85a7ee,1.009
1456318681.0,af468490,1.049
1456318681.0,30572f18,0.974
1456318681.0,459eef9d,0.959
1456318681.0,efa93e18,0.969
1456318681.0,6362d058,0.989
1456318681.0,f86a6ea1,0.979
1456318681.0,cc1a0922,0.979
1456318681.0,9300020e,0.999
1456318681.0,5a40cb90,0.949
1456318681.0,e8aac149,0.959
1456318681.0,7053ce5b,1.019
1456318681.0,00d41319,0.939
1456318681.0,43e08abb,0.969
1456318681.0,,0.969
1456318681.0,56858967,0.979
1456318681.0,7a53b849,0.949
1456318681.0,1650abb4,0.939
1456318681.0,ce063fd7,0.989
1456318681.0,58d71582,0.989
1456318681.0,025d09a7,0.959
1456318681.0,10a613d1,0.979
1456318681.0,728dbc4e,0.959
1456318681.0,9a1a2584,0.939
1456318681.0,a5513d36,0.969
1456318681.0,192ba8fb,0.949
1456318681.0,6f53ff69,0.999
1456318681.0,d4857812,0.979
1456318681.0,2f0207af,1.039
1456318681.0,c5772f6a,0.959
1456318681.0,a1c28fee,0.959
1456318681.0,45752743,1.009
1456318681.0,92a71bb7,0.999
1456318681.0,39b9ba7f,0.999
1456318681.0,d39098c4,1.019
1456318681.0,1d3c1b45,1.019
1456318681.0,7027d1cc,0.979
1456318681.0,d65d6aba,1.009
1456318681.0,f2d58e5e,1.019
1456318681.0,87959c0c,0.939
1456318681.0,d31ca38d,1.009
1456318681.0,653088f9,1.009
1456318681.0,8eb14afc,0.979
1456318681.0,e5a12873,1.009
1456318681.0,0f2f9c5f,0.979
1456318681.0,76308147,0.959
1456318681.0,82f09d4f,0.949
1456318681.0,43b50967,1.029
1456318681.0,b4b8fe99,0.979
1456318681.0,7d9e71ad,0.999
1456318681.0,6560327b,1.039
1456318681.0,09be7dd3,0.989
1456318681.0,ad7fb7be,1.009
1456318681.0,4f9ccf16,1.009
1456318681.0,48a40a0d,1.009
1456318681.0,d63f2c51,0.969
1456318681.0,ace7c36e,0.989
1456318681.0,f5ddff39,0.959
1456318681.0,c1d5b129,0.949
1456318681.0,77bdf3c5,1.049
1456318681.0,04ba07e6,0.969
1456318681.0,2f92fadd,0.959
1456318681.0,00cf8738,0.989
1456318681.0,00bb9689,0.959
1456318681.0,904d15e4,0.939
1456318681.0,7cf49500,0.989
1456318681.0,815252d2,0.919
1456318681.0,3abee862,0.979
1456318681.0,e1f35c29,0.939
1456318681.0,e1dc56d2,0.939
1456318681.0,15b99812,0.959
1456318681.0,c6771c57,0.999
1456318681.0,6735727d,0.929
1456318681.0,5056106a,0.959
1456318681.0,bd7cef0f,0.969
1456318681.0,f2ac2fd2,0.979
1456318681.0,31bc02c2,1.029
1456318681.0,d596df4f,1.039
1456318681.0,36a033f9,0.959
1456318681.0,b3daf5d6,0.979
1456318681.0,948a8512,0.999
1456318681.0,83cdf5cb,0.989
1456318681.0,114290a9,0.944
1456318681.0,3fd4709d,1.029
1456318681.0,5697f128,0.969
1456318681.0,80072a71,0.969
1456318681.0,018136eb,1.009
1456318681.0,2a8db2e4,0.989
1456318681.0,ffa82d76,0.989
1456318681.0,c0aa824a,0.949
1456318681.0,471a369c,0.969
1456318681.0,82fb994b,0.979
1456318681.0,1357de7e,0.999
1456318681.0,9cfce39c,0.929
1456318681.0,6c7a5ec7,0.999
1456318681.0,bf2623d5,1.009
1456318681.0,27707ee4,0.959
1456318681.0,59d94ded,1.039
1456318681.0,ad338ffc,0.999
1456318681.0,6dd14a95,0.929
1456318681.0,811659c7,0.939
1456318681.0,e9edf509,0.999
1456318681.0,b24e03a5,0.999
1456318681.0,cb0a8cc8,0.979
1456318681.0,41a0ce00,0.929
1456318681.0,d821f222,0.969
1456318681.0,8820ca40,0.989
1456318681.0,abac441c,1.029
1456318681.0,cf72999d,0.939
1456318681.0,204c6f01,0.999
1456318681.0,e8ad44f5,1.009
1456318681.0,ae3fcddd,0.979
1456318681.0,2168c0a1,1.019
1456318681.0,e6c64a05,0.949
1456318681.0,cb619856,0.989
1456318681.0,0fd8b490,0.989
1456318681.0,7ffdf9e7,0.929
1456318681.0,4c08fdd1,1.029
1456318681.0,ac67c489,0.969
1456318681.0,17f41d4f,0.929
1456318681.0,87969b95,0.969
1456318681.0,b899de50,1.009
1456318681.0,9789b717,0.979
1456318681.0,4d248889,0.959
1456318681.0,4be880d0,0.989
1456318681.0,875e84f9,0.939
1456318681.0,e7ea0c12,0.999
1456318681.0,325a3e8f,1.009
1456318681.0,d7523cd4,1.049
1456318681.0,81be7dbb,0.969
1456318681.0,1c4078e5,0.979
1456318681.0,5aa86555,0.989
1456318681.0,bbe6dd3b,0.999
1456318681.0,894d4a6d,0.929
1456318681.0,4aa4382f,0.999
1456318681.0,10d616d9,0.949
1456318681.0,6e8e3ed0,1.039
1456318681.0,5a0fb607,0.959
1456318681.0,dafe4162,0.969
1456318681.0,b4618121,0.939
1456318681.0,6551e91d,0.999
1456318681.0,182d46ad,0.999
1456318681.0,9b1f0c3c,0.989
1456318681.0,e6b24a3d,0.959
1456318681.0,a0622dfc,1.019
1456318681.0,c77e2863,0.969
1456318681.0,d6c38103,0.969
1456318681.0,8c5d615e,0.999
1456318681.0,9140f75b,0.979
1456318681.0,703cb794,0.949
1456318681.0,6e05b79b,0.959
1456318681.0,97911c0d,0.959
1456318681.0,c8216f55,0.979
1456318681.0,5a52067f,0.939
1456318681.0,40eead28,0.959
1456318681.0,028c59d7,0.989
1456318681.0,b037d703,0.989
1456318681.0,f903d8b7,0.979
1456318681.0,be6d21fe,1.039
1456318681.0,4b64bcb3,0.959
1456318681.0,5e2800be,0.979
1456318681.0,1922bce9,0.959
1456318681.0,e246da13,0.959
1456318681.0,f5d3bc3a,0.939
1456318681.0,71ac0ba6,0.939
1456318681.0,79a16c41,1.029
1456318681.0,93d0d0da,0.959
1456318681.0,ddaccd3e,0.949
1456318681.0,da00f579,0.949
1456318681.0,af6137bf,1.009
1456318681.0,fbfbf15b,0.989
1456318681.0,c0b30328,1.019
1456318681.0,39c4abbc,0.999
1456318681.0,d5062706,0.959
1456318681.0,60531009,0.979
1456318681.0,1a704d84,0.979
1456318681.0,aa1ef023,0.979
1456318681.0,e8d9a107,0.969
1456318681.0,d20d5219,0.959
1456318681.0,33e40774,0.979
1456318681.0,74f3df02,0.969
1456318681.0,ab3bff5d,1.039
1456318681.0,c2c88ae8,0.979
1456318681.0,2f1bf151,0.939
1456318681.0,64d3fea8,0.999
1456318681.0,412e24b5,0.929
1456318681.0,ce0ea4c3,0.989
1456318681.0,b9bdc200,0.969
1456318681.0,c4ac8df0,0.989
1456318681.0,e87c38cc,0.959
1456318681.0,96eb851e,0.959
1456318681.0,da6302b3,0.959
1456318681.0,9087534b,0.989
1456318681.0,860a70dd,1.019
1456318681.0,2c4dd6f0,0.969
1456318681.0,17003e91,0.989
1456318681.0,,0.949
1456318681.0,466c174a,0.999
1456318681.0,b71681a4,0.979
1456318681.0,78300ca0,0.989
1456318681.0,b646a001,0.999
1456318681.0,4be768df,0.959
1456318681.0,488e0fcf,0.969
1456318681.0,c6388189,0.959
1456318681.0,2e4ef56a,0.979
1456318681.0,bd5a8e8c,0.969
1456318681.0,693441d5,0.989
1456318681.0,2eea7b6b,0.989
1456318681.0,38cbcd42,1.019
1456318681.0,3a2ef803,1.019
1456318681.0,b840a41d,0.989
1456318681.0,3094c3d0,1.109
1456318681.0,aea5cec0,0.929
1456318681.0,a24c7289,0.939
1456318681.0,157fcdd4,0.999
1456318681.0,8a3c1b82,0.939
1456318681.0,d9e01646,0.989
1456318681.0,9d98dcbb,0.999
1456318681.0,f1ba09c1,0.979
1456318681.0,224db9ea,0.979
1456318681.0,a4c96d17,0.989
1456318681.0,ec3d4f7a,0.959
1456318681.0,7d589b96,0.979
1456318681.0,70bc5eff,0.959
1456318681.0,,0.939
1456318681.0,72f7edea,0.969
1456318681.0,d4b5646a,1.009
1456318681.0,16863815,0.959
1456318681.0,0051e069,0.979
1456318681.0,f6301788,0.989
1456318681.0,ffb2584e,0.959
1456318681.0,532a5017,0.979
1456318681.0,6d2e115e,0.989
1456318681.0,9bd2d468,0.909
1456318681.0,bce1fe2d,0.929
1456318681.0,534bd2b7,0.949
1456318681.0,3f96a850,0.939
1456318681.0,d5118031,0.949
1456318681.0,cc4e0122,0.959
1456318681.0,a48cec43,0.939
1456318681.0,c08c0585,0.999
1456318681.0,a9e7d486,0.999
1456318681.0,1eb0d0e5,0.989
1456318681.0,8aa565b4,0.979
1456318681.0,a53c10c6,0.959
1456318681.0,bd986553,1.039
1456318681.0,cfdada1d,0.949
1456318681.0,1674b9be,0.959
1456318681.0,bc81a8ae,0.969
1456318681.0,48b70727,0.999
1456318681.0,5f32b37f,0.999
1456318681.0,9d2005fa,0.969
1456318681.0,93a0a521,1.004
1456318681.0,ee4ab1fa,0.999
1456318681.0,7616bc62,1.009
1456318681.0,acd58708,0.944
1456318681.0,b1b62cb5,0.969
1456318681.0,ec80fbc7,0.959
1456318681.0,ffdd96e7,0.969
1456318681.0,9d3b5cc6,0.989
1456318681.0,b6510a87,0.999
1456318681.0,a7a6c781,0.949
1456318681.0,103696f9,0.959
1456318681.0,c7b29cc5,0.999
1456318681.0,622ea82b,1.009
1456318681.0,263e0b44,0.949
1456318681.0,c74444b1,0.999
1456318681.0,077be4df,0.999
1456318681.0,4e56b21e,0.959
1456318681.0,9cb577d8,0.989
1456318681.0,ae03a260,0.989
1456318681.0,ce405060,0.929
1456318681.0,1df9dc01,0.989
1456318681.0,cd48d6b6,0.979
1456318681.0,a8f01af7,0.969
1456318681.0,8c1c23fb,0.939
1456318681.0,f6e29329,0.979
1456318681.0,c648217d,0.939
1456318681.0,c6ce8e17,0.939
1456318681.0,292f3ea8,0.949
1456318681.0,6aa7f92d,1.029
1456318681.0,d9f10362,0.969
1456318681.0,d21a57fd,0.939
1456318681.0,ed69ae34,0.959
1456318681.0,8aa5540e,1.039
1456318681.0,9eabd7c9,0.929
1456318681.0,a1403540,0.969
1456318681.0,f53c5155,0.989
1456318681.0,c743acd1,0.959
1456318681.0,794a868c,0.969
1456318681.0,3f9db299,0.999
1456318681.0,b30ca48e,0.979
1456318681.0,2a167286,0.979
1456318681.0,fcbe2ffd,0.929
1456318681.0,33c8c51e,0.959
1456318681.0,51e1327b,0.989
1456318681.0,fe21fda2,0.969
1456318681.0,d5a669a6,0.949
1456318681.0,b39d969e,1.009
1456318681.0,5325ade4,0.989
1456318681.0,e5e2ac35,1.019
1456318681.0,0fafd241,0.999
1456318681.0,782c1225,1.019
1456318681.0,a2cbf4a6,0.999
1456318681.0,8f7c069a,0.939
1456318681.0,5e9aaf1c,1.009
1456318681.0,1e7c15e2,0.969
1456318681.0,d9077691,0.969
1456318681.0,4769e054,0.989
1456318681.0,1727b18d,0.969
1456318681.0,0b2dae68,0.939
1456318681.0,e5b98666,0.979
1456318681.0,755c641f,0.979
1456318681.0,cd2bd6ee,0.979
1456318681.0,1c239584,0.999
1456318681.0,a486294c,0.949
1456318681.0,8fe50322,0.969
1456318681.0,9086a5b2,0.979
1456318681.0,671cf752,0.994
1456318681.0,92e96565,1.009
1456318681.0,9e80ff49,0.999
1456318681.0,bfb7a4d6,0.989
1456318681.0,b338177f,0.949
1456318681.0,49783e5a,0.939
1456318681.0,846c2ab2,0.959
1456318681.0,056edfd2,0.979
1456318681.0,17efd51c,1.029
1456318681.0,878510cb,0.989
1456318681.0,,1.029
1456318681.0,2b8a1d9c,0.989
1456318681.0,79f60a97,0.959
1456318681.0,1ce7b691,0.919
1456318681.0,059d55c9,0.969
1456318681.0,34664756,0.989
1456318681.0,c40cb496,0.949
1456318681.0,c7b90ec6,0.999
1456318681.0,8c92cd65,0.969
1456318681.0,1468aaa8,0.979
1456318681.0,bcfb8220,0.979
1456318681.0,7ac12ae4,0.959
1456318681.0,6af75028,1.059
1456318681.0,129ccfd3,0.979
1456318681.0,066bd102,0.989
1456318681.0,55af4e12,0.959
1456318681.0,4f8db0e1,0.979
1456318681.0,79e81a72,0.959
1456318681.0,c8df6e1a,0.949
1456318681.0,6bf563af,0.979
1456318681.0,8c0782e7,0.959
1456318681.0,ac6e085e,0.989
1456318681.0,6d017696,1.009
1456318681.0,8b0d5192,0.979
1456318681.0,215d680b,1.019
1456318681.0,662b7063,0.939
1456318681.0,2c93cd27,0.999
1456318681.0,2234b79f,0.959
1456318681.0,af07b81f,0.969
1456318681.0,ef1844cf,0.979
1456318681.0,93d95943,0.969
1456318681.0,19ff419b,0.959
1456318681.0,100b6cf2,0.999
1456318681.0,868165bf,0.969
1456318681.0,e5561b2d,0.949
1456318681.0,fa662b00,0.959
1456318681.0,636fe15d,0.969
1456318681.0,f885a3d3,1.009
1456318681.0,8020e532,0.969
1456318681.0,99148d2d,0.979
1456318681.0,33f1db85,0.999
1456318681.0,a98772fc,0.999
1456318681.0,,0.989
1456318681.0,346ffe81,0.954
1456318681.0,f7de9c1d,0.969
1456318681.0,17c50748,0.999
1456318681.0,8587a0a7,0.959
1456318681.0,effb6af0,0.999
1456318681.0,2fc28014,0.959
1456318681.0,f312c960,1.029
1456318681.0,e854b79b,0.999
1456318681.0,96fed1a2,0.979
1456318681.0,1df8493a,0.999
1456318681.0,32aa70e6,0.989
1456318681.0,17127e8d,0.959
1456318681.0,5463fafc,0.959
1456318681.0,bc6e8d35,0.989
1456318681.0,f37029f1,0.959
1456318681.0,3da2bd95,1.019
1456318681.0,6d10aa30,0.999
1456318681.0,6cf5b38f,0.979
1456318681.0,2dff1380,0.979
1456318681.0,60ae4328,0.939
1456318681.0,d338e293,1.019
1456318681.0,2ee62167,1.019
1456318681.0,4f2bb69c,0.999
1456318681.0,89c96863,0.959
1456318681.0,4817b47e,0.979
1456318681.0,3f9273de,0.969
1456318681.0,e1071f74,0.969
1456318681.0,9e5a10db,0.979
1456318681.0,6bbc54b6,0.989
1456318681.0,69d749f5,0.969
1456318681.0,071ee1b4,0.989
1456318681.0,507bacc5,0.999
1456318681.0,884f8926,0.979
1456318681.0,f7664845,1.009
1456318681.0,fcbae89e,0.969
1456318681.0,4d541f34,0.989
1456318681.0,8e300fb3,0.959
1456318681.0,3c90b73b,0.989
1456318681.0,1e7f80e8,0.979
1456318681.0,d8154473,0.979
1456318681.0,e8befa14,0.989
1456318681.0,fdce6bd4,0.969
1456318681.0,90a8536c,0.999
1456318681.0,38990b28,0.969
1456318681.0,c569cea2,0.979
1456318681.0,62d0fb5f,0.999
1456318681.0,7683a8c0,1.009
1456318681.0,68f59abb,0.949
1456318681.0,0716682f,0.989
1456318681.0,1168f57c,1.029
1456318681.0,0a20dd73,0.989
1456318681.0,278329af,0.989
1456318681.0,deed609f,0.979
1456318681.0,d3dc7d8c,0.989
1456318681.0,11e04c6a,0.989
1456318681.0,5271a4f6,0.949
1456318681.0,c1dfd045,1.009
1456318681.0,ec81af8f,0.989
1456318681.0,d85e66c0,0.979
1456318681.0,0e752181,1.009
1456318681.0,7fa657a5,1.009
1456318681.0,c13504fe,0.979
1456318681.0,3232f3f2,1.009
1456318681.0,aaa29d7c,0.949
1456318681.0,16ea6be7,0.989
1456318681.0,51266623,0.999
1456318681.0,f105f24c,0.989
1456318681.0,330ca499,0.999
1456318681.0,d14b5840,0.939
1456318681.0,c2bf8f60,0.929
1456318681.0,2b00ce60,0.989
1456318681.0,57c3f6b1,0.979
1456318681.0,465c84e0,0.929
1456318681.0,c0312794,0.989
1456318681.0,f34c51f1,0.949
1456318681.0,ac8fe45c,0.989
1456318681.0,12dc6fb6,0.949
1456318681.0,96c588c8,0.959
1456318681.0,18547ba1,0.989
1456318681.0,8ac64b4e,0.969
1456318681.0,300d7670,1.019
1456318681.0,4514d1c7,0.959
1456318681.0,b273d286,1.039
1456318681.0,eb3b36ff,0.969
1456318681.0,01b60b00,1.039
1456318681.0,b3457bb4,1.029
1456318681.0,de567861,0.979
1456318681.0,21358755,0.979
1456318681.0,9f01dc28,1.009
1456318681.0,3784c135,0.979
1456318681.0,68af1b90,0.948
1456318681.0,5fc4c82d,0.979
1456318681.0,f960ce49,0.999
1456318681.0,98a7af6d,0.979
1456318681.0,9c708662,0.959
1456318681.0,ff58f7ef,0.959
1456318681.0,9a0bacc1,0.949
1456318681.0,,0.939
1456318681.0,8e25d9aa,0.969
1456318681.0,9a1acee3,0.929
1456318681.0,ee6a2a3c,0.959
1456318681.0,a1949b24,0.999
1456318681.0,bc514af8,0.989
1456318681.0,,0.989
1456318681.0,bc58fcd6,1.009
1456318681.0,0e568db0,1.039
1456318681.0,181dcd43,0.999
1456318681.0,c9a50b4f,0.929
1456318681.0,93407b90,0.959
1456318681.0,2e72931a,0.979
1456318681.0,e766a873,0.989
1456318681.0,c97cc7c4,1.019
1456318681.0,1c28bcf7,0.979
1456318681.0,f93d41bc,1.009
1456318681.0,0852c1a9,0.949
1456318681.0,15bd4d4c,0.989
1456318681.0,5d693719,0.989
1456318681.0,49c93205,0.979
1456318681.0,e99b762c,0.989
1456318681.0,63904947,1.009
1456318681.0,a9ccf9a0,1.149
1456318681.0,18b93d5d,0.959
1456318681.0,9520e162,0.979
1456318681.0,74d77c58,0.964
1456318681.0,69e52004,0.999
1456318681.0,9f816ba2,0.979
1456318681.0,b5d20065,0.989
1456318681.0,d54da67a,0.969
1456318681.0,58439a69,0.999
1456318681.0,85872f93,1.019
1456318681.0,8c6a9ff5,1.009
1456318681.0,88ec76d7,0.969
1456318681.0,c629a598,1.019
1456318681.0,3b6590c2,0.959
1456318681.0,bde563ae,1.009
1456318681.0,d89013e5,0.959
1456318681.0,826ef9e5,0.949
1456318681.0,4a8e26ae,1.009
1456318681.0,2703d1c4,0.989
1456318681.0,bf861b98,0.959
1456318681.0,ca089b70,0.969
1456318681.0,4b53a6b2,1.009
1456318681.0,fbb19847,0.959
1456318681.0,8b5cc87c,0.959
1456318681.0,f8ed5739,0.999
1456318681.0,52e70aca,0.959
1456318681.0,c4b1a3a1,1.009
1456318681.0,4389dbbf,0.989
1456318681.0,1aa38dcc,1.019
1456318681.0,1bae705e,0.979
1456318681.0,f7fc57ea,1.019
1456318681.0,9c1e716a,1.059
1456318681.0,ab28d306,1.009
1456318681.0,dfde85fc,1.009
1456318681.0,e57ad6a0,0.979
1456318681.0,ed23637d,0.949
1456318681.0,6c260eb8,0.959
1456318681.0,,0.919
1456318681.0,8fec22b9,1.019
1456318681.0,0a42099e,0.989
1456318681.0,7cdc9523,0.989
1456318681.0,bc342274,0.959
1456318681.0,cb409a1c,0.989
1456318681.0,bd2f0f1c,0.989
1456318681.0,959e4b35,1.019
1456318681.0,5ef11225,0.989
1456318681.0,c394bd6a,1.009
1456318681.0,75ed1160,0.999
1456318681.0,c88259dc,0.979
1456318681.0,f5a1aba3,1.119
1456318681.0,f9f28f31,0.979
1456318681.0,92eb0a93,0.989
1456318681.0,38b019be,0.989
1456318681.0,8bda8d2f,0.949
1456318681.0,39c2a91f,0.939
1456318681.0,2337f9ca,0.959
1456318681.0,d5a420b3,1.009
1456318681.0,a4dec78a,1.029
1456318681.0,bc0ec46f,0.979
1456318681.0,a59df71b,0.989
1456318681.0,f92266c5,0.969
1456318681.0,0e367b40,0.999
1456318681.0,f9512832,0.979
1456318681.0,37df3e29,0.989
1456318681.0,2042ed0f,0.969
1456318681.0,6b00e1be,1.039
1456318681.0,830e3a6b,1.019
1456318681.0,86ca3bf1,0.989
1456318681.0,9c59b375,1.029
1456318681.0,f5000af4,0.929
1456318681.0,ba78050b,0.989
1456318681.0,d305e9d3,0.979
1456318681.0,a0d61ab8,1.009
1456318681.0,d5a11ce9,1.019
1456318681.0,4e131669,0.949
1456318681.0,15807244,0.989
1456318681.0,243cd548,1.009
1456318681.0,afb05ae2,0.999
1456318681.0,1708f0d6,0.939
1456318681.0,e80747bb,0.979
1456318681.0,e466a86a,1.009
1456318681.0,82130afe,0.939
1456318681.0,57525dc2,0.979
1456318681.0,c10bd90f,0.989
1456318681.0,73ad722d,0.979
1456318681.0,a0bca24c,0.969
1456318681.0,18ecad37,0.979
1456318681.0,aca882da,0.958
1456318681.0,b6f2c106,0.959
1456318681.0,cec51495,0.959
1456318681.0,30176a30,1.009
1456318681.0,830faf16,0.959
1456318681.0,43b2838d,0.969
1456318681.0,93f35a10,1.009
1456318681.0,a3fd285b,1.019
1456318681.0,8785401b,0.989
1456318681.0,5a8b0e02,0.989
1456318681.0,9e91033c,0.969
1456318681.0,61ebbc40,0.969
1456318681.0,a0b4fcec,0.969
1456318681.0,fcb53c89,0.979
1456318681.0,69cf448c,1.029
1456318681.0,a9fbf376,1.049
1456318681.0,ed5d3dbd,0.959
1456318681.0,619e3c7f,0.959
1456318681.0,104560d9,0.959
1456318681.0,135c7773,0.959
1456318681.0,9bfdebe0,1.019
1456318681.0,6a1dd3bb,0.979
1456318681.0,e186001f,0.929
1456318681.0,7f2c7280,0.989
1456318681.0,36f5bf63,0.929
1456318681.0,1d10714b,1.029
1456318681.0,3554bda4,0.959
1456318681.0,bf0b9827,0.959
1456318681.0,7e224dd0,0.949
1456318681.0,5ec70894,0.979
1456318681.0,15b3db43,0.969
1456318681.0,3e1a04a2,0.979
1456318681.0,378a8437,0.969
1456318681.0,057738a5,0.979
1456318681.0,0fe8b05e,0.959
1456318681.0,4c6fce6c,0.969
1456318681.0,815fb20c,0.979
1456318681.0,d620afe2,0.969
1456318681.0,13ca0d8f,1.019
1456318681.0,8d8152a0,0.989
1456318681.0,346a1694,0.989
1456318681.0,41d19376,0.979
1456318681.0,b2a8b4b9,0.939
1456318681.0,0f245a0f,0.979
1456318681.0,302c9dc6,0.999
1456318681.0,37bb70be,0.989
1456318681.0,fee47ded,1.009
1456318681.0,,0.969
1456318681.0,1fa4f36e,0.979
1456318681.0,aeba37f9,0.959
1456318681.0,528fe9d2,1.009
1456318681.0,fd045743,1.039
1456318681.0,39c2af9c,0.989
1456318681.0,77cb599d,0.949
1456318681.0,7dde6783,0.979
1456318681.0,30da56b7,0.979
1456318681.0,f7f8ab67,0.969
1456318681.0,4ce21f31,0.999
1456318681.0,c12b33f3,0.999
1456318681.0,fbddd358,0.989
1456318681.0,92f81808,1.009
1456318681.0,71a34e9b,1.019
1456318681.0,95845353,0.959
1456318681.0,dfed207f,0.979
1456318681.0,1b97a3ad,0.979
1456318681.0,4f2f425b,0.939
1456318681.0,33300818,0.969
1456318681.0,59f961f5,0.979
1456318681.0,1872a79b,0.949
1456318681.0,d73f85dd,0.969
1456318681.0,bc55dda5,0.969
1456318681.0,804e5bed,0.999
1456318681.0,7390d2d3,1.029
1456318681.0,806d0511,0.949
1456318681.0,358a1773,0.989
1456318681.0,9004f49d,0.969
1456318681.0,eb8520ef,0.989
1456318681.0,086cb9a9,0.979
1456318681.0,72d26b77,0.989
1456318681.0,cece28cb,0.929
1456318681.0,058a54eb,1.039
1456318681.0,abba0a2d,0.979
1456318681.0,731e56e7,0.989
1456318681.0,9c4972e3,0.959
1456318681.0,684e26a4,1.019
1456318681.0,0af09136,0.979
1456318681.0,26be2277,0.939
1456318681.0,dac4fe2a,0.919
1456318681.0,1acb5863,0.989
1456318681.0,9d6f0c62,1.009
1456318681.0,b9472cd0,0.969
1456318681.0,c2039560,0.979
1456318681.0,beaae59a,0.959
1456318681.0,4cc0a19b,0.959
1456318681.0,b862e775,1.019
1456318681.0,d2e90d39,0.969
1456318681.0,b2c3faec,0.989
1456318681.0,f57033cf,1.009
1456318681.0,c366f7fc,0.969
1456318681.0,8b47b275,0.999
1456318681.0,b1184001,0.979
1456318681.0,0e995a71,0.939
1456318681.0,9199777f,0.989
1456318681.0,dea57116,1.009
1456318681.0,dc6e88b0,1.009
1456318681.0,ebdb10e8,0.999
1456318681.0,6357dca2,0.979
1456318681.0,ae45fd8e,0.969
1456318681.0,8f9ca1ed,0.999
1456318681.0,f74fad88,0.969
1456318681.0,4a5ba0e5,0.969
1456318681.0,8706aa4c,0.979
1456318681.0,0311c6ae,0.999
1456318681.0,982ba5cc,0.979
1456318681.0,210e805d,0.989
1456318681.0,7c5c81e2,0.999
1456318681.0,942c7429,0.949
1456318681.0,925e5435,0.969
1456318681.0,efb71c12,1.019
1456318681.0,18301e82,0.959
1456318681.0,fbd93087,0.959
1456318681.0,a3932df8,1.009
1456318681.0,71405ff7,0.999
1456318681.0,4ffb64c8,0.979
1456318681.0,714dc178,1.009
1456318681.0,a1dd080e,1.029
1456318681.0,5fb402ee,0.999
1456318681.0,7f49ff21,0.949
1456318681.0,79b3e9cf,0.989
1456318681.0,8c2be7ba,1.119
1456318681.0,bd3a11a3,0.969
1456318681.0,450f3a21,0.989
1456318681.0,ca804af5,0.989
1456318681.0,ae7c12ce,0.954
1456318681.0,2b52627f,0.969
1456318681.0,5204d6df,1.009
1456318681.0,6a7beb86,1.009
1456318681.0,f11235cb,0.989
1456318681.0,8dbbf765,0.969
1456318681.0,329fbc05,0.969
1456318681.0,0c1335db,0.989
1456318681.0,58cb2ae4,0.969
1456318681.0,2380bb04,1.019
1456318681.0,c393d3fc,0.959
1456318681.0,8c299260,0.959
1456318681.0,7cce432f,0.989
1456318681.0,9efa2ed6,0.959
1456318681.0,260b8710,0.969
1456318681.0,a45c4dc1,0.979
1456318681.0,0baaf637,0.969
1456318681.0,2e1573c2,1.009
1456318681.0,968f2fb0,0.999
1456318681.0,dfb76cf3,0.959
1456318681.0,6cacebf5,0.949
1456318681.0,614629e1,0.929
1456318681.0,05b24372,0.969
1456318681.0,4ebc6df3,0.959
1456318681.0,a870af34,1.039
1456318681.0,76b10566,0.969
1456318681.0,dc76e214,0.969
1456318681.0,c9974d8f,0.999
1456318681.0,ae934bd5,1.009
1456318681.0,0d6425bc,0.989
1456318681.0,86712e60,0.989
1456318681.0,a3f28e84,0.939
1456318681.0,4d5c23ec,0.999
1456318681.0,7ebce3f0,0.999
1456318681.0,83f13659,1.059
1456318681.0,39cc6655,0.979
1456318681.0,adf9dd3f,0.999
1456318681.0,88977ce9,1.019
1456318681.0,b5ec285f,0.999
1456318681.0,5921c872,0.959
1456318681.0,beaffffe,1.019
1456318681.0,7929baa2,1.039
1456318681.0,025d70e0,0.979
1456318681.0,7eb5a5a4,0.949
1456318681.0,a84b87d8,0.969
1456318681.0,48cc409e,0.959
1456318681.0,bd396f56,1.029
1456318681.0,c4088196,0.989
1456318681.0,6204496e,0.999
1456318681.0,7e388e10,1.019
1456318681.0,3b0fb08c,0.989
1456318681.0,c0fe2d57,0.969
1456318681.0,888c0d95,0.959
1456318681.0,ddb539ed,0.999
1456318681.0,41b2d714,1.029
1456318681.0,5043ba52,0.989
1456318681.0,e1eebe52,0.959
1456318681.0,576edbde,0.949
1456318681.0,53ae9528,0.959
1456318681.0,d97307ab,0.969
1456318681.0,04bc5ae6,0.969
1456318681.0,5e8ffc69,0.999
1456318681.0,1d853aae,0.969
1456318681.0,9b127d1f,0.989
1456318681.0,b0332bd3,0.939
1456318681.0,1fa84ca6,0.999
1456318681.0,8a8346fc,0.959
1456318681.0,0022ec87,0.959
1456318681.0,8c2198f0,1.009
1456318681.0,4bd28877,0.959
1456318681.0,1848de21,0.989
1456318681.0,9e80e5e2,0.979
1456318681.0,1d65a34f,0.959
1456318681.0,474644ad,1.009
1456318681.0,6c9a5e04,0.989
1456318681.0,a03824da,0.969
1456318681.0,2bbe715d,0.989
1456318681.0,42aa3fce,0.959
1456318681.0,95256814,0.959
1456318681.0,1b5356f1,0.999
1456318681.0,e5232a6c,0.929
1456318681.0,f01bd5b6,0.969
1456318681.0,130615f8,1.009
1456318681.0,481140af,0.969
1456318681.0,e076eba6,0.999
1456318681.0,f13c64f2,0.959
1456318681.0,d5289a25,0.949
1456318681.0,6a629c0f,0.969
1456318681.0,aa2018b8,0.969
1456318681.0,c7f22027,0.999
1456318681.0,fa2e9d72,0.999
1456318681.0,48a1176e,0.979
1456318681.0,bbb7883b,0.999
1456318681.0,ce7f3f9b,0.999
1456318681.0,0af8f0f1,0.969
1456318681.0,8c5ae0bd,0.979
1456318681.0,35730766,0.969
1456318681.0,0a0baf66,0.989
1456318681.0,ed0f06c1,0.989
1456318681.0,69c73a78,0.969
1456318681.0,3adfecf0,0.959
1456318681.0,768def48,0.989
1456318681.0,6ff38393,0.999
1456318681.0,a042f697,0.989
1456318681.0,1c52e235,0.959
1456318681.0,a4338625,1.019
1456318681.0,ab1efc67,0.969
1456318681.0,635564fa,0.979
1456318681.0,b5883920,0.979
1456318681.0,9410a8d1,1.009
1456318681.0,c8cff199,0.979
1456318681.0,327ea807,1.019
1456318681.0,f14d6045,0.999
1456318681.0,c1548059,1.039
1456318681.0,,0.979
1456318681.0,f659a576,1.029
1456318681.0,82376744,0.999
1456318681.0,aea7ec1f,0.999
1456318681.0,73d6d267,0.969
1456318681.0,8e9233ee,0.999
1456318681.0,dd329a1e,0.979
1456318681.0,8405466d,0.959
1456318681.0,84333954,0.949
1456318681.0,13388a58,0.949
1456318681.0,95bbbe2f,1.009
1456318681.0,f1929c3e,0.969
1456318681.0,acd1503e,0.929
1456318681.0,6e966a1c,0.989
1456318681.0,853debfa,0.999
1456318681.0,2385c761,0.949
1456318681.0,459be729,0.974
1456318681.0,0f7cd5d5,0.939
1456318681.0,17e982d2,0.959
1456318681.0,09851a39,0.959
1456318681.0,6df8769f,0.989
1456318681.0,c1b6be0d,0.949
1456318681.0,03633a4d,0.959
1456318681.0,705d6b16,0.949
1456318681.0,a42108f2,0.999
1456318681.0,fed67d30,0.979
1456318681.0,1f5803f6,1.029
1456318681.0,c0f54c09,0.969
1456318681.0,035ff990,0.959
1456318681.0,eb179375,0.969
1456318681.0,d195f0c9,1.009
1456318681.0,5e11ffcc,0.949
1456318681.0,c9564c67,1.019
1456318681.0,eb3bf9c1,0.959
1456318681.0,3db6506a,0.989
1456318681.0,4d5ab1e1,0.959
1456318681.0,29d690c6,1.019
1456318681.0,e074abb1,0.989
1456318681.0,,0.939
1456318681.0,aa4cdb22,0.979
1456318681.0,d7f9f13e,1.029
1456318681.0,d371719e,0.989
1456318681.0,8e38dad0,0.939
1456318681.0,c43ed044,0.969
1456318681.0,94df3c4a,0.989
1456318681.0,d080aa8b,1.009
1456318681.0,053f1320,0.959
1456318681.0,0110af37,0.999
1456318681.0,feb45cd9,0.969
1456318681.0,a07be25b,0.959
1456318681.0,8c27b2e6,0.969
1456318681.0,72054327,0.969
1456318681.0,d01ea35a,0.969
1456318681.0,2ab0fae2,0.989
1456318681.0,a0088371,1.029
1456318681.0,e8775be0,0.989
1456318681.0,f6936d02,0.979
1456318681.0,7b5a8540,0.959
1456318681.0,7b8e3478,1.009
1456318681.0,0f5578bb,0.989
1456318681.0,6c9830ee,0.949
1456318681.0,30865e09,0.979
1456318681.0,5f8076ef,0.949
1456318681.0,27568398,0.999
1456318681.0,4c13609c,0.979
1456318681.0,d8382d2b,1.019
1456318681.0,5678d2c5,0.999
1456318681.0,9b4458a3,0.979
1456318681.0,07d4d93c,0.979
1456318681.0,3965f1ec,0.999
1456318681.0,7b89feff,0.979
1456318681.0,241c63b0,0.959
1456318681.0,eecd4599,0.979
1456318681.0,e4ff2e3f,0.979
1456318681.0,256e6d2f,0.999
1456318681.0,982daa57,0.969
1456318681.0,9ab681ea,1.009
1456318681.0,dcf18486,1.029
1456318681.0,d8bbe2c4,0.989
1456318681.0,bc09f6c1,1.009
1456318681.0,c7e8775e,0.989
1456318681.0,7de31d71,0.999
1456318681.0,e410897d,1.039
1456318681.0,1a6fd67e,0.969
1456318681.0,e56bfa23,0.899
1456318681.0,741c727e,0.979
1456318681.0,3089305b,0.999
1456318681.0,f185e887,0.989
1456318681.0,40fe1f50,0.959
1456318681.0,91fe985a,0.939
1456318681.0,0cca58b4,0.999
1456318681.0,f600b327,0.969
1456318681.0,46d1ac1a,0.969
1456318681.0,fcb3f0ac,0.989
1456318681.0,cd7095cd,0.999
1456318681.0,740b387e,0.969
1456318681.0,e1dcdd8e,0.979
1456318681.0,7cb03693,0.989
1456318681.0,3851f5d5,0.949
1456318681.0,5b1a63ab,0.989
1456318681.0,07908b66,0.989
1456318681.0,bd9f0dd9,0.979
1456318681.0,b2e5f301,0.999
1456318681.0,b76902b4,0.969
1456318681.0,f93a1db7,0.999
1456318681.0,ee8d39e2,0.949
1456318681.0,415c90aa,0.969
1456318681.0,e544e8dc,1.039
1456318681.0,f0c6ab59,0.999
1456318681.0,0d0459d7,1.039
1456318681.0,8e53fc38,1.029
1456318681.0,6d0c8ba1,0.999
1456318681.0,3c4e3fea,1.029
1456318681.0,12812efd,0.949
1456318681.0,838f2221,1.019
1456318681.0,0da9043c,1.039
1456318681.0,607d89d2,1.009
1456318681.0,58cdd6dc,0.959
1456318681.0,cbf2e960,0.969
1456318681.0,e38fc560,0.979
1456318681.0,f5d0841a,0.979
1456318681.0,944ee682,0.959
1456318681.0,f22ce4a2,0.969
1456318681.0,e9f34b51,0.959
1456318681.0,af91c953,1.009
1456318681.0,d766c910,0.969
1456318681.0,b49ab0b4,0.979
1456318681.0,a3a8caec,0.979
1456318681.0,98b24e11,1.019
1456318681.0,6db0e332,0.959
1456318681.0,35d60303,0.939
1456318681.0,57135983,0.979
1456318681.0,631cd0c7,0.989
1456318681.0,c77607db,0.999
1456318681.0,4a0efe4c,0.979
1456318681.0,9aa29c07,1.009
1456318681.0,41453b7f,1.019
1456318681.0,6e050889,0.979
1456318681.0,fee76af5,0.949
1456318681.0,c2e96d64,0.949
1456318681.0,5dd52cfc,1.009
1456318681.0,23188c0a,0.989
1456318681.0,159f07cc,0.989
1456318681.0,6bd698e2,0.969
1456318681.0,ecaab335,0.979
1456318681.0,0cbee1b5,0.99
1456318681.0,5270f932,1.039
1456318681.0,b48a36b2,1.009
1456318681.0,7ec09a5a,1.009
1456318681.0,5c7976a7,0.989
1456318681.0,610132a0,0.979
1456318681.0,b927af62,0.999
1456318681.0,a8f38887,0.999
1456318681.0,565eeda5,1.019
1456318681.0,17763a6e,0.939
1456318681.0,e9971f1a,1.009
1456318681.0,ed1587ed,0.979
1456318681.0,8404a707,0.989
1456318681.0,28b3e0b6,0.979
1456318681.0,f05874bd,0.973
1456318681.0,30bed2b3,0.999
1456318681.0,ed57f511,0.949
1456318681.0,a056e347,0.969
1456318681.0,db096089,0.939
1456318681.0,5aad9bc8,0.989
1456318681.0,218fd480,0.979
1456318681.0,3e1191fb,0.969
1456318681.0,6754752f,1.009
1456318681.0,ee573fd5,1.029
1456318681.0,0b8d29ea,1.019
1456318681.0,26e1a0a7,0.999
1456318681.0,7269da44,0.999
1456318681.0,df59b3f7,0.949
1456318681.0,f8203036,1.009
1456318681.0,afed3ef4,0.969
1456318681.0,9c4c0229,0.939
1456318681.0,7f42a07f,0.949
1456318681.0,0aa739fb,0.969
1456318921.0,73142f8b,1.009
1456318921.0,09975f4d,0.989
1456318921.0,0f01b9c8,1.019
1456318921.0,3318e0c6,1.009
1456318921.0,2b056224,0.949
1456318921.0,107383fd,0.919
1456318921.0,8626815a,0.919
1456318921.0,cdf67cac,0.939
1456318921.0,82444c93,0.969
1456318921.0,607a5b45,0.999
1456318921.0,a16736fc,0.959
1456318921.0,9b59c5b0,0.919
1456318921.0,317e0347,0.919
1456318921.0,a6b83ee4,0.979
1456318921.0,f0e00fe9,0.959
1456318921.0,ff4bec86,0.949
1456318921.0,a5cf2a42,0.959
1456318921.0,f2925995,0.959
1456318921.0,d531567b,0.969
1456318921.0,d7f868f0,0.969
1456318921.0,ebd3c375,0.989
1456318921.0,54ea7147,0.909
1456318921.0,b064c9f5,1.029
1456318921.0,3c5b5221,0.949
1456318921.0,23090d56,1.009
1456318921.0,4a243585,0.939
1456318921.0,583435e5,0.989
1456318921.0,e399a8ea,0.969
1456318921.0,375f0e67,0.959
1456318921.0,df009d5a,0.959
1456318921.0,74282c9f,0.919
1456318921.0,c15538a6,1.029
1456318921.0,483e25f7,0.969
1456318921.0,1e846991,0.999
1456318921.0,5eb5db1f,0.989
1456318921.0,668cb8e1,0.979
1456318921.0,bcaf4920,1.009
1456318921.0,fa657190,0.959
1456318921.0,d1cb3372,0.969
1456318921.0,a6575e4e,0.939
1456318921.0,cf1a869e,0.969
1456318921.0,7c0392d5,0.949
1456318921.0,26e44f69,1.029
1456318921.0,8fc85062,0.949
1456318921.0,f754cf3e,0.959
1456318921.0,7ad9844c,0.969
1456318921.0,8a9d0035,0.979
1456318921.0,9df734df,0.959
1456318921.0,6df2a6aa,0.999
1456318921.0,77dec945,0.999
1456318921.0,3f5ce6b8,0.999
1456318921.0,73ae4422,0.989
1456318921.0,fe18c405,0.979
1456318921.0,68002bd4,0.969
1456318921.0,655c57b5,0.959
1456318921.0,b86ca5b3,0.949
1456318921.0,000f12ff,0.999
1456318921.0,2629c35e,1.019
1456318921.0,6168ea65,0.969
1456318921.0,1569342b,0.969
1456318921.0,4764c22b,0.999
1456318921.0,bb3f103e,0.969
1456318921.0,2afeabea,0.989
1456318921.0,c63ba8fa,0.989
1456318921.0,c8e917b4,0.969
1456318921.0,0eaf6606,0.999
1456318921.0,228b1c39,0.979
1456318921.0,9f236f48,1.049
1456318921.0,971048ac,0.999
1456318921.0,83cf5969,0.999
1456318921.0,4f72fca5,0.999
1456318921.0,0943a46e,0.959
1456318921.0,03dc24ac,0.949
1456318921.0,3870ca4c,0.989
1456318921.0,efacbc65,0.949
1456318921.0,85edcdf5,0.924
1456318921.0,d69a14de,0.949
1456318921.0,c1c31623,0.959
1456318921.0,5c42d174,0.989
1456318921.0,8bb9b028,0.949
1456318921.0,3e606994,0.959
1456318921.0,17a062c5,0.949
1456318921.0,3fc9a04c,0.929
1456318921.0,c875251d,0.999
1456318921.0,1c5ed232,0.969
1456318921.0,ddce8cd4,0.969
1456318921.0,0db4d96c,0.989
1456318921.0,67c4f219,1.029
1456318921.0,aaf0a483,0.949
1456318921.0,136065e7,1.029
1456318921.0,08f7db25,0.959
1456318921.0,cf6cd137,1.029
1456318921.0,f044b2d1,0.979
1456318921.0,fa12ad0f,0.949
1456318921.0,eccadaa3,1.019
1456318921.0,722bfb7b,0.989
1456318921.0,e827975b,0.959
1456318921.0,fb81e05e,0.989
1456318921.0,edd33695,0.949
1456318921.0,3c7bc366,1.019
1456318921.0,8feda8b5,0.989
1456318921.0,4220c4a0,1.009
1456318921.0,41065536,0.954
1456318921.0,5ae6dfd2,1.029
1456318921.0,b0f08049,0.969
1456318921.0,97ba0d32,0.979
1456318921.0,73275cc4,0.999
1456318921.0,3eb1b356,0.979
1456318921.0,a64ec2ce,0.979
1456318921.0,386807be,0.969
1456318921.0,c060c224,0.979
1456318921.0,bddf10a7,0.989
1456318921.0,6148f9f1,0.979
1456318921.0,06881b45,0.989
1456318921.0,92d99a98,0.979
1456318921.0,bb0c12d3,0.929
1456318921.0,56858967,0.969
1456318921.0,58d71582,0.989
1456318921.0,d1b70ad0,0.909
1456318921.0,b5e248eb,0.929
1456318921.0,8c14cf23,0.999
1456318921.0,12d8b2e2,0.969
1456318921.0,69a8b3d2,0.949
1456318921.0,55993013,0.979
1456318921.0,92a71bb7,0.999
1456318921.0,533ac141,0.979
1456318921.0,37b3aafc,1.009
1456318921.0,859fc025,0.969
1456318921.0,e68e5f87,1.009
1456318921.0,dcb4f731,0.979
1456318921.0,d5eb41ec,0.979
1456318921.0,8eb14afc,0.979
1456318921.0,cd3580e7,0.979
1456318921.0,3564f546,1.009
1456318921.0,417a37d7,0.989
1456318921.0,76308147,0.959
1456318921.0,3b5be616,0.979
1456318921.0,710830cb,0.969
1456318921.0,0a9ae940,0.989
1456318921.0,610a0f34,0.949
1456318921.0,8eafa47a,0.949
1456318921.0,ed327e9c,0.999
1456318921.0,e448c44d,0.959
1456318921.0,b4222b9d,0.939
1456318921.0,d63f2c51,0.949
1456318921.0,deadb46b,0.989
1456318921.0,623e9424,0.989
1456318921.0,79c94d83,0.989
1456318921.0,ce204e86,0.989
1456318921.0,861dd273,0.929
1456318921.0,405af975,1.009
1456318921.0,08a83db9,0.939
1456318921.0,209105a0,0.949
1456318921.0,668ec837,0.999
1456318921.0,98f1e355,0.979
1456318921.0,eca8b228,0.969
1456318921.0,c78085b8,0.979
1456318921.0,9281365e,0.989
1456318921.0,5c5f6fc1,0.949
1456318921.0,bdda7ca8,0.989
1456318921.0,b69db0fc,1.039
1456318921.0,3dbf1358,1.039
1456318921.0,d0e7222d,1.029
1456318921.0,c9b21507,0.989
1456318921.0,3663fc5c,0.959
1456318921.0,cb0a8cc8,0.969
1456318921.0,41f0bb18,0.989
1456318921.0,3a04ab7b,0.989
1456318921.0,e3bd3d52,0.949
1456318921.0,adf7bc54,0.969
1456318921.0,716b6235,0.999
1456318921.0,f389a9e7,1.019
1456318921.0,0491309a,0.979
1456318921.0,ee84886f,0.999
1456318921.0,d854b7df,0.969
1456318921.0,,0.999
1456318921.0,b8f60770,1.009
1456318921.0,e8b48aba,0.969
1456318921.0,9b77de60,1.099
1456318921.0,9653483f,1.049
1456318921.0,e1bc26f0,0.979
1456318921.0,0c2b92ac,1.019
1456318921.0,e7ea0c12,0.999
1456318921.0,4c9a5839,0.979
1456318921.0,0e14978e,0.959
1456318921.0,502b4b71,0.989
1456318921.0,8f922896,0.979
1456318921.0,32399d22,0.979
1456318921.0,9d5d8b0d,0.969
1456318921.0,e592b5d0,0.959
1456318921.0,27b29fcc,0.959
1456318921.0,9140f75b,0.949
1456318921.0,c5e5d152,0.989
1456318921.0,654abfa9,0.979
1456318921.0,6e907110,0.979
1456318921.0,a69c9dfa,0.959
1456318921.0,5747e8a7,1.009
1456318921.0,2bd26467,0.949
1456318921.0,1e1599d6,0.949
1456318921.0,2ff0d839,0.959
1456318921.0,0a059049,0.959
1456318921.0,82198727,0.969
1456318921.0,5bec6b46,0.979
1456318921.0,9b7becbc,0.999
1456318921.0,eea98c31,0.969
1456318921.0,b7dc9356,0.989
1456318921.0,0441d227,0.939
1456318921.0,27f821f1,0.957
1456318921.0,39c4abbc,0.999
1456318921.0,2976f46b,0.979
1456318921.0,a57535f1,0.999
1456318921.0,e8716217,0.939
1456318921.0,9ae06205,0.999
1456318921.0,,0.939
1456318921.0,3dbfb213,0.989
1456318921.0,eca01ef8,1.019
1456318921.0,17003e91,0.949
1456318921.0,302e12a9,1.009
1456318921.0,c7e1e757,0.929
1456318921.0,466c174a,0.989
1456318921.0,b646a001,0.989
1456318921.0,f7bef751,0.999
1456318921.0,f8d1d2e4,0.999
1456318921.0,6ebcf0bd,0.959
1456318921.0,a00c53b9,0.949
1456318921.0,cb5cc628,0.959
1456318921.0,fdfab0b9,0.949
1456318921.0,504da010,0.959
1456318921.0,3094c3d0,1.069
1456318921.0,5773d9f5,0.979
1456318921.0,421e1370,0.959
1456318921.0,0fddeb66,0.959
1456318921.0,d16d0a6e,1.019
1456318921.0,7e3542f5,0.999
1456318921.0,ec3d4f7a,0.949
1456318921.0,81510092,1.009
1456318921.0,bb41a6c9,0.959
1456318921.0,70bc5eff,0.959
1456318921.0,532a5017,0.979
1456318921.0,0e949251,1.019
1456318921.0,,0.969
1456318921.0,597a414c,0.949
1456318921.0,4f434ea1,0.939
1456318921.0,9ffeb5ed,0.969
1456318921.0,0ae0fa71,0.969
1456318921.0,2d204d17,0.999
1456318921.0,2d673aaf,0.949
1456318921.0,62f01f83,0.969
1456318921.0,99bcd97c,0.929
1456318921.0,9733a9c0,0.959
1456318921.0,e9e1dabb,0.959
1456318921.0,8ee67957,0.949
1456318921.0,b61b4b10,0.939
1456318921.0,45162ff3,0.969
1456318921.0,fdb2c58e,0.969
1456318921.0,5d790a6e,0.949
1456318921.0,ee54e371,0.969
1456318921.0,83439be0,0.939
1456318921.0,0c558324,1.039
1456318921.0,26dbefc0,1.019
1456318921.0,d9132efc,1.009
1456318921.0,3a474dd3,0.969
1456318921.0,fabaa853,0.969
1456318921.0,5f32b37f,0.989
1456318921.0,57610ffb,0.979
1456318921.0,29b24eee,0.969
1456318921.0,4ee36e5e,0.939
1456318921.0,eaf89b64,0.969
1456318921.0,259e7e2b,0.959
1456318921.0,f7aa1ff1,0.959
1456318921.0,077be4df,0.989
1456318921.0,ccf6a6c3,1.009
1456318921.0,3dde29b4,0.969
1456318921.0,511114cf,0.979
1456318921.0,cd48d6b6,0.979
1456318921.0,5d3d8db3,0.959
1456318921.0,35b3e2a2,0.959
1456318921.0,24c052f2,0.979
1456318921.0,88b90de7,0.989
1456318921.0,cdf74228,0.969
1456318921.0,2864a863,0.989
1456318921.0,4fcd4de4,1.019
1456318921.0,3d9b4dc8,0.934
1456318921.0,fb417046,1.019
1456318921.0,0a1db8aa,1.009
1456318921.0,ca0c1721,0.949
1456318921.0,5082e3d6,0.999
1456318921.0,2a167286,0.979
1456318921.0,035e6206,0.979
1456318921.0,841961d9,1.009
1456318921.0,5e0befb2,0.959
1456318921.0,457bd3fb,0.959
1456318921.0,782c1225,0.989
1456318921.0,0b708f81,0.949
1456318921.0,5fb10ad5,0.959
1456318921.0,28712072,0.989
1456318921.0,e5b98666,0.959
1456318921.0,391179ed,0.989
1456318921.0,c92bf6e3,0.969
1456318921.0,1cf625f0,0.979
1456318921.0,8da197a5,0.999
1456318921.0,76f44572,0.979
1456318921.0,26613c3a,1.009
1456318921.0,6edd64cb,1.009
1456318921.0,4734ef79,0.939
1456318921.0,056edfd2,0.959
1456318921.0,d8714e76,0.939
1456318921.0,586ea323,0.959
1456318921.0,8b0687ba,0.999
1456318921.0,16a9ef92,0.989
1456318921.0,a4416f40,0.959
1456318921.0,34f054d7,1.019
1456318921.0,3f3da6de,0.959
1456318921.0,f125a348,0.999
1456318921.0,a2eb34d1,0.969
1456318921.0,ee5d8408,0.989
1456318921.0,3dbec780,0.939
1456318921.0,60648e92,0.959
1456318921.0,b2b44530,0.969
1456318921.0,bb0418d7,0.949
1456318921.0,0a876636,0.929
1456318921.0,c11feddb,0.939
1456318921.0,96c236e7,0.969
1456318921.0,d88d8a20,0.999
1456318921.0,a9050e49,0.979
1456318921.0,cb2bffd6,0.979
1456318921.0,33f1db85,0.979
1456318921.0,a98772fc,0.999
1456318921.0,c558dd18,0.999
1456318921.0,d02c3a0e,0.959
1456318921.0,e4e4bf18,0.939
1456318921.0,91013e76,0.989
1456318921.0,4c45b855,0.979
1456318921.0,0c4f31d4,0.949
1456318921.0,,0.979
1456318921.0,2606727d,0.949
1456318921.0,b0599356,0.959
1456318921.0,c1bc16cb,0.989
1456318921.0,6039b8e3,0.989
1456318921.0,6eb39211,0.969
1456318921.0,59214d4e,1.009
1456318921.0,42ad21c1,0.959
1456318921.0,23ffe49b,0.949
1456318921.0,70370c43,0.959
1456318921.0,,0.969
1456318921.0,940dcd62,0.989
1456318921.0,071ee1b4,0.989
1456318921.0,71315e68,0.959
1456318921.0,cc1424f8,0.949
1456318921.0,7b73b743,0.969
1456318921.0,f60a2c42,0.999
1456318921.0,d811c7b5,1.019
1456318921.0,e4ea9e93,0.989
1456318921.0,e3ed55ca,0.929
1456318921.0,fdce6bd4,0.969
1456318921.0,1b359e8d,0.959
1456318921.0,481a8ed4,0.949
1456318921.0,c0508b12,1.009
1456318921.0,dae657d5,0.999
1456318921.0,e4ad2bce,0.929
1456318921.0,1168f57c,1.009
1456318921.0,bd925387,0.979
1456318921.0,e38f46f2,1.019
1456318921.0,,0.939
1456318921.0,61149352,0.989
1456318921.0,a40e21ff,0.938
1456318921.0,ce2cb57e,0.959
1456318921.0,5cdcf9c3,0.989
1456318921.0,ec81af8f,0.989
1456318921.0,5282e595,0.999
1456318921.0,2451ec23,0.929
1456318921.0,51266623,0.989
1456318921.0,c5d12e92,0.959
1456318921.0,da18f772,0.919
1456318921.0,e1b4e808,0.959
1456318921.0,a5b2040e,1.009
1456318921.0,57c3f6b1,0.969
1456318921.0,838df899,0.979
1456318921.0,9bb8a377,1.019
1456318921.0,5b0a2fcf,0.959
1456318921.0,300d7670,1.019
1456318921.0,19447be6,0.999
1456318921.0,bc5fd80b,0.919
1456318921.0,f6d63084,0.929
1456318921.0,93a15b8e,1.009
1456318921.0,1e41b091,0.969
1456318921.0,ccb88791,0.979
1456318921.0,a1df5d1b,0.979
1456318921.0,9bea2bd1,0.979
1456318921.0,ac0c8eee,0.979
1456318921.0,d56999f7,1.019
1456318921.0,537fac20,0.959
1456318921.0,2b03c896,0.979
1456318921.0,5928fc5b,1.019
1456318921.0,f4788388,0.969
1456318921.0,7e0a1569,1.029
1456318921.0,6b72bc31,1.019
1456318921.0,c1d4eea2,1.009
1456318921.0,0e568db0,1.039
1456318921.0,f559d01a,0.959
1456318921.0,886129d6,0.949
1456318921.0,41c3b887,0.979
1456318921.0,997de382,0.959
1456318921.0,d6fe953b,0.989
1456318921.0,f93d41bc,1.009
1456318921.0,59c464b8,0.939
1456318921.0,ebfecca5,0.939
1456318921.0,9136fc55,0.969
1456318921.0,602ec85f,0.999
1456318921.0,a998716f,0.969
1456318921.0,28932cab,0.939
1456318921.0,de5f4ef7,1.009
1456318921.0,d2b45043,0.999
1456318921.0,b5d20065,0.989
1456318921.0,d3c31af6,0.949
1456318921.0,b699022b,0.979
1456318921.0,26a6aed5,0.969
1456318921.0,b9b3646f,1.039
1456318921.0,0ddddfa0,0.949
1456318921.0,3920b5a4,0.989
1456318921.0,afef2724,0.949
1456318921.0,68c15014,0.969
1456318921.0,40f78b64,1.019
1456318921.0,6f9b604d,0.949
1456318921.0,51bb4991,0.969
1456318921.0,23542a3f,1.009
1456318921.0,600fd4b6,0.969
1456318921.0,6f30727c,0.969
1456318921.0,91b891b8,0.989
1456318921.0,8068a1a0,0.939
1456318921.0,d0b3d48c,0.959
1456318921.0,2ab71a71,1.049
1456318921.0,4389dbbf,0.989
1456318921.0,4bb3c1ba,0.969
1456318921.0,6643d108,0.969
1456318921.0,821f92f0,0.959
1456318921.0,e57ad6a0,0.969
1456318921.0,d88c2313,0.989
1456318921.0,add1235c,1.059
1456318921.0,acae2da4,0.959
1456318921.0,d44b5cfb,0.959
1456318921.0,aa647893,0.999
1456318921.0,ab8081a0,0.989
1456318921.0,570b52de,0.999
1456318921.0,27825143,0.969
1456318921.0,8fd408b7,0.919
1456318921.0,c63b0b80,0.949
1456318921.0,e743f9ea,0.929
1456318921.0,0e367b40,0.999
1456318921.0,822601b1,0.969
1456318921.0,f7b78f12,0.939
1456318921.0,212fd8e9,0.979
1456318921.0,ea2476b3,0.979
1456318921.0,bec40c36,0.939
1456318921.0,d717e4c7,0.969
1456318921.0,86ca3bf1,0.989
1456318921.0,1feea3c1,0.989
1456318921.0,5b35d3e9,0.929
1456318921.0,c97403d4,0.979
1456318921.0,96d89e86,0.929
1456318921.0,15807244,0.989
1456318921.0,0fe71322,0.969
1456318921.0,66e5052b,0.999
1456318921.0,2b57a135,0.939
1456318921.0,e82185b8,0.979
1456318921.0,49c6ce00,1.079
1456318921.0,f59b1222,0.989
1456318921.0,47196a5d,1.059
1456318921.0,9354b0fc,0.969
1456318921.0,01170a5d,0.969
1456318921.0,fe69cf27,0.999
1456318921.0,2212e62a,0.959
1456318921.0,70cfddc2,0.989
1456318921.0,d950f36c,1.019
1456318921.0,764a9f1e,0.929
1456318921.0,322c083e,0.939
1456318921.0,8e8b8a63,0.949
1456318921.0,fb1b5fff,0.939
1456318921.0,3fa62bf3,1.009
1456318921.0,1c1982b4,0.929
1456318921.0,,0.999
1456318921.0,f29cadc1,1.029
1456318921.0,8d8152a0,0.989
1456318921.0,9d1571c3,0.969
1456318921.0,9010dbc0,0.989
1456318921.0,f09eccb2,0.949
1456318921.0,287fc858,0.989
1456318921.0,bacddc78,0.939
1456318921.0,5f650df4,0.969
1456318921.0,a17c7f62,0.939
1456318921.0,7f8a14da,0.969
1456318921.0,39c2af9c,0.969
1456318921.0,e1d422e6,0.979
1456318921.0,bf12232f,0.949
1456318921.0,5d25b0e7,0.959
1456318921.0,207c13df,1.019
1456318921.0,efc2fc1d,0.919
1456318921.0,60ca3b5d,0.939
1456318921.0,3fb149fc,0.969
1456318921.0,190ce429,0.939
1456318921.0,1b97a3ad,0.979
1456318921.0,13fe91d4,0.969
1456318921.0,c8b41091,0.949
1456318921.0,a4deb49e,0.959
1456318921.0,325d4b8f,0.949
1456318921.0,bcca3d12,0.959
1456318921.0,7d76b1c0,0.979
1456318921.0,95ff6d3a,0.928
1456318921.0,e613bc2b,0.989
1456318921.0,f85abf7d,0.989
1456318921.0,6b6f2493,0.959
1456318921.0,a18aae3d,0.979
1456318921.0,a2f965eb,0.979
1456318921.0,d98fe3f5,0.944
1456318921.0,b7752118,0.929
1456318921.0,df3a81a4,0.959
1456318921.0,a76feaa2,0.979
1456318921.0,6465956f,0.909
1456318921.0,dfad7b08,0.939
1456318921.0,a5ef49c6,0.999
1456318921.0,4a4627da,0.979
1456318921.0,433a3c58,0.984
1456318921.0,849a27f2,0.959
1456318921.0,b2c3faec,0.989
1456318921.0,1f1eaa0f,0.969
1456318921.0,99d25d8f,0.929
1456318921.0,8ce27d1a,0.989
1456318921.0,bdc12d8e,0.979
1456318921.0,9c47cca4,0.989
1456318921.0,e78a8608,1.029
1456318921.0,b87b1fe6,0.999
1456318921.0,1ef95412,0.969
1456318921.0,6170e6c3,0.969
1456318921.0,16ff16ba,0.959
1456318921.0,ba94f47b,0.969
1456318921.0,ae45fd8e,0.969
1456318921.0,f74fad88,0.969
1456318921.0,4a590311,0.999
1456318921.0,3a2ce890,0.989
1456318921.0,649461ec,0.959
1456318921.0,210e805d,0.989
1456318921.0,3e8e99dc,0.979
1456318921.0,6bf6b199,0.999
1456318921.0,751be3f3,0.969
1456318921.0,bd6c269c,0.909
1456318921.0,93157d05,0.999
1456318921.0,d9de4b56,0.969
1456318921.0,cbc2f9db,0.969
1456318921.0,67b32df0,0.979
1456318921.0,b24fd72d,0.969
1456318921.0,bfaaf354,0.969
1456318921.0,13fdcfbe,0.959
1456318921.0,48ef33bf,0.959
1456318921.0,006248be,1.039
1456318921.0,fec7d478,0.959
1456318921.0,63e70cd3,1.009
1456318921.0,672e6c5e,1.019
1456318921.0,1b21d50b,0.939
1456318921.0,d5fda8a5,1.029
1456318921.0,506ea768,0.999
1456318921.0,c98acfc1,0.979
1456318921.0,6e17970f,0.999
1456318921.0,d5b64c05,0.989
1456318921.0,39a29c0a,0.949
1456318921.0,9c7eab32,1.019
1456318921.0,3ceab2dc,0.979
1456318921.0,2e64cc2e,1.029
1456318921.0,e256d75b,0.979
1456318921.0,a518cf5f,0.949
1456318921.0,a2d8eda4,0.999
1456318921.0,84944aec,0.999
1456318921.0,f25babad,0.949
1456318921.0,d14859a1,0.999
1456318921.0,0980ddb6,1.019
1456318921.0,2abd710b,1.009
1456318921.0,6933e7da,0.949
1456318921.0,a580c6ad,0.979
1456318921.0,2263d9ed,0.969
1456318921.0,cb0a9a47,0.969
1456318921.0,adda6336,0.999
1456318921.0,3e198165,0.989
1456318921.0,f61ba063,0.969
1456318921.0,70cb8cb9,0.969
1456318921.0,9200bb2c,1.019
1456318921.0,0ccf9d49,0.969
1456318921.0,6d18dcdf,0.999
1456318921.0,8620fb27,0.959
1456318921.0,bbca138f,0.949
1456318921.0,c252c064,0.939
1456318921.0,efdee81f,0.959
1456318921.0,48cc409e,0.959
1456318921.0,6fc48997,0.959
1456318921.0,cb7a19f8,0.959
1456318921.0,7d0e5e60,0.979
1456318921.0,5953f6dc,0.959
1456318921.0,7b5f8374,1.009
1456318921.0,4f8a6ea2,1.029
1456318921.0,11eac3c2,0.949
1456318921.0,ce40795f,1.039
1456318921.0,76d6a2a2,0.939
1456318921.0,41b2d714,1.019
1456318921.0,bf7f79ce,0.969
1456318921.0,8098495e,0.989
1456318921.0,576d4884,0.979
1456318921.0,49ea8294,0.999
1456318921.0,078685c9,0.959
1456318921.0,5aa9311f,0.959
1456318921.0,1d853aae,0.969
1456318921.0,81f221f2,0.959
1456318921.0,f73244c0,0.949
1456318921.0,54f751e5,0.959
1456318921.0,8c545197,1.019
1456318921.0,7b17379c,0.989
1456318921.0,0296c555,0.959
1456318921.0,3982c15e,0.999
1456318921.0,dc48ebf6,0.959
1456318921.0,f2924e85,0.949
1456318921.0,8ab03024,1.029
1456318921.0,10f4b8f5,0.939
1456318921.0,f9fbac11,0.989
1456318921.0,eb863f50,0.969
1456318921.0,44e030ce,0.989
1456318921.0,3f054566,0.979
1456318921.0,73086606,0.969
1456318921.0,ac8fbe39,0.989
1456318921.0,dedc2342,0.929
1456318921.0,6041e2b6,0.979
1456318921.0,a6a9676b,1.009
1456318921.0,78daa5b5,0.949
1456318921.0,75856052,0.939
1456318921.0,b713df6a,0.969
1456318921.0,befd1f24,0.999
1456318921.0,5741a508,0.949
1456318921.0,c4348493,0.999
1456318921.0,a6339a0a,1.039
1456318921.0,6d94eae4,1.019
1456318921.0,63f5a00a,0.969
1456318921.0,e3fcda3f,0.989
1456318921.0,b5935794,0.969
1456318921.0,d0e02780,0.989
1456318921.0,62994203,0.929
1456318921.0,542fbb56,0.979
1456318921.0,a3b8eb3b,0.989
1456318921.0,ece022de,0.959
1456318921.0,3e921ea2,0.979
1456318921.0,f2363645,0.969
1456318921.0,e7dd6621,0.924
1456318921.0,67f43dec,0.949
1456318921.0,f0bce0a6,1.009
1456318921.0,b45fce81,0.949
1456318921.0,956c6d65,0.949
1456318921.0,069e66bc,0.959
1456318921.0,461b2a68,0.959
1456318921.0,768def48,0.959
1456318921.0,98996c98,0.939
1456318921.0,350465a6,0.949
1456318921.0,70e52ee2,0.949
1456318921.0,40dffb00,0.979
1456318921.0,216f7e87,0.999
1456318921.0,5a3f99e3,0.929
1456318921.0,42bd32f3,0.969
1456318921.0,ecf4342f,0.959
1456318921.0,8337e967,1.009
1456318921.0,3ff7884f,0.939
1456318921.0,0950d2ac,1.009
1456318921.0,386796b0,0.979
1456318921.0,a03e4bfc,1.029
1456318921.0,c1548059,1.039
1456318921.0,c35029f0,0.999
1456318921.0,c269e5db,1.009
1456318921.0,75808ab7,0.959
1456318921.0,f2c8e01a,0.969
1456318921.0,63a9da40,0.989
1456318921.0,8b18bb85,0.979
1456318921.0,c92ed685,0.969
1456318921.0,f0d226b8,0.959
1456318921.0,19f036ce,1.029
1456318921.0,65beaeab,0.949
1456318921.0,853debfa,0.969
1456318921.0,73af7048,0.949
1456318921.0,39dabb89,0.979
1456318921.0,00ae5b70,0.989
1456318921.0,073f77fc,0.969
1456318921.0,dda65020,0.929
1456318921.0,3f2c1a7b,0.939
1456318921.0,9f02c9d0,0.979
1456318921.0,483ffbcb,0.979
1456318921.0,eb3bf9c1,0.939
1456318921.0,8c9613bc,0.949
1456318921.0,53988e6f,0.979
1456318921.0,138ce0cc,0.949
1456318921.0,85e6cd0f,1.019
1456318921.0,dbacecfb,0.929
1456318921.0,c76359a4,0.939
1456318921.0,75aac7da,0.939
1456318921.0,f6798657,0.929
1456318921.0,bccaf145,0.959
1456318921.0,c96f410f,0.959
1456318921.0,c9e84600,0.959
1456318921.0,fdf0e8d2,0.929
1456318921.0,1c504132,0.949
1456318921.0,efc5b46c,0.949
1456318921.0,,1.009
1456318921.0,d1bc0e20,0.929
1456318921.0,e1936457,0.959
1456318921.0,f29f6270,0.939
1456318921.0,84387118,1.029
1456318921.0,22ac7d75,0.959
1456318921.0,3f48f52e,0.959
1456318921.0,856ff254,0.949
1456318921.0,2ee2a0a5,0.959
1456318921.0,d472efac,0.929
1456318921.0,66a925d6,0.959
1456318921.0,a11d220b,0.959
1456318921.0,2f8bbe9b,0.919
1456318921.0,9f4967c5,0.949
1456318921.0,97b553c9,0.959
1456318921.0,0c74abc4,0.959
1456318921.0,9f42fd97,0.949
1456318921.0,10811cd9,0.989
1456318921.0,be2df1d8,0.929
1456318921.0,9aab0c6c,0.949
1456318921.0,d224352c,0.909
1456318921.0,019e00fb,0.929
1456318921.0,164f2a7e,0.929
1456318921.0,524d848c,0.939
1456318921.0,f6955150,0.939
1456318921.0,0367164b,0.949
1456318921.0,ff41b63f,0.919
1456318921.0,55148824,0.939
1456318921.0,3fa722ab,0.959
1456318921.0,c6b6f3fb,0.929
1456318921.0,89ed2644,0.959
1456318921.0,8c9cc6bc,0.949
1456318921.0,2dfe8082,0.959
1456318921.0,f26c00e4,0.989
1456318921.0,b3843814,1.009
1456318921.0,f867d11b,0.929
1456318921.0,d6703157,0.969
1456318921.0,c6d24a24,0.939
1456318921.0,768d2bfe,0.959
1456318921.0,e2064e64,0.989
1456318921.0,4f55919e,0.969
1456318921.0,7142929d,0.989
1456318921.0,844861f9,0.969
1456318921.0,f7ff0975,0.969
1456318921.0,36ef7b4d,0.949
1456318921.0,94ca27a8,0.949
1456318921.0,364779b4,0.979
1456318921.0,d4817c1a,0.959
1456318921.0,b894b272,1.009
1456318921.0,9901346d,0.949
1456318921.0,256e6d2f,0.979
1456318921.0,dcf18486,1.009
1456318921.0,107a6769,1.029
1456318921.0,c97f1f02,0.949
1456318921.0,e56bfa23,0.909
1456318921.0,84491c5b,0.969
1456318921.0,23afb420,0.989
1456318921.0,7121a112,0.979
1456318921.0,83a3b810,0.979
1456318921.0,68e1f6e3,0.959
1456318921.0,b287272b,0.989
1456318921.0,9544a82b,1.039
1456318921.0,991367ac,0.959
1456318921.0,1510f5e1,0.999
1456318921.0,ab241125,0.989
1456318921.0,7cb03693,0.979
1456318921.0,de5d8f7a,0.949
1456318921.0,2ab4115c,0.979
1456318921.0,e3a2ddca,0.959
1456318921.0,5eb29de6,0.959
1456318921.0,7a875bfd,1.029
1456318921.0,7475385b,0.999
1456318921.0,21b965d9,1.019
1456318921.0,c4906344,0.969
1456318921.0,,0.959
1456318921.0,b3011e67,0.929
1456318921.0,1fb879cb,0.989
1456318921.0,f1200249,0.919
1456318921.0,0da9043c,1.029
1456318921.0,a40495d3,0.929
1456318921.0,c8bad2ad,0.969
1456318921.0,6d03a4f8,0.969
1456318921.0,b093e5e6,0.969
1456318921.0,303dd086,0.969
1456318921.0,e034bbd0,0.959
1456318921.0,049b2af8,0.989
1456318921.0,484d9d04,0.959
1456318921.0,ef38b8ce,0.979
1456318921.0,a5b9c3a3,0.939
1456318921.0,d31fa383,0.949
1456318921.0,fb363438,0.999
1456318921.0,6e050889,0.969
1456318921.0,68bce29e,1.029
1456318921.0,72ed613b,0.949
1456318921.0,6244903c,0.989
1456318921.0,06a2513a,0.999
1456318921.0,b927af62,0.999
1456318921.0,53c036d3,0.979
1456318921.0,014078e4,0.949
1456318921.0,55dd1874,0.929
1456318921.0,61074f89,0.949
1456318921.0,19223eff,0.949
1456318921.0,7ff76277,0.979
1456318921.0,e9971f1a,0.999
1456318921.0,eeb5162c,0.969
1456318921.0,871f200d,0.939
1456318921.0,28b3e0b6,0.979
1456318921.0,5d2ae7b8,0.969
1456318921.0,fabbbb00,0.959
1456318921.0,a774140b,1.009
1456318921.0,dce99b82,1.039
1456318921.0,cf3aa97f,0.989
1456318921.0,9cb727d2,0.959
1456318921.0,37a8af42,0.979
1456318921.0,2a4d5e67,0.999
1456318921.0,89c3b080,0.959
1456319161.0,ae2ed524,0.969
1456319161.0,8e3832ce,0.989
1456319161.0,07aa2817,0.969
1456319161.0,068c357f,0.989
1456319161.0,adcae45f,0.949
1456319161.0,317387f0,0.979
1456319161.0,b81b8885,0.939
1456319161.0,3d54f8a9,0.929
1456319161.0,4af328a9,0.929
1456319161.0,047ea646,0.959
1456319161.0,e99e5f77,0.949
1456319161.0,820d9924,0.949
1456319161.0,bffe1a68,0.979
1456319161.0,d68ef316,0.989
1456319161.0,d109e19e,0.989
1456319161.0,e8f015ea,0.929
1456319161.0,ef4f86ab,0.909
1456319161.0,28e7f835,0.919
1456319161.0,bc09577c,0.909
1456319161.0,893b96a5,0.989
1456319161.0,7c556e65,0.959
1456319161.0,c2d8e386,0.949
1456319161.0,790f62f3,0.929
1456319161.0,8e0ec690,0.949
1456319161.0,c23345b4,0.949
1456319161.0,62fbc07f,0.909
1456319161.0,e40086e8,0.949
1456319161.0,2c776012,0.929
1456319161.0,aee75779,0.909
1456319161.0,6f473b11,0.979
1456319161.0,fd627db5,0.929
1456319161.0,618beb09,0.929
1456319161.0,f324dab6,0.979
1456319161.0,64a186d2,0.949
1456319161.0,51296782,0.939
1456319161.0,8c0b2fab,0.989
1456319161.0,d62b675f,0.999
1456319161.0,815c5703,0.959
1456319161.0,b524582e,0.969
1456319161.0,3f2ba968,0.959
1456319161.0,186db07d,0.989
1456319161.0,99d46a35,0.959
1456319161.0,a1de4c4f,0.999
1456319161.0,e64f148b,1.029
1456319161.0,baf6a6cd,0.969
1456319161.0,6f9842b1,0.969
1456319161.0,20d94201,0.969
1456319161.0,cfe72b95,0.969
1456319161.0,be11dd72,0.969
1456319161.0,8c3e9507,0.969
1456319161.0,2917587e,0.969
1456319161.0,deb8505f,0.959
1456319161.0,bd9e200b,1.019
1456319161.0,,0.979
1456319161.0,b7bc3e61,0.979
1456319161.0,90201097,0.969
1456319161.0,461c1a45,0.959
1456319161.0,0ff209cc,0.999
1456319161.0,8b02d213,0.959
1456319161.0,da5389d9,0.999
1456319161.0,df0d590a,0.989
1456319161.0,e6aa9001,0.999
1456319161.0,eac0620e,0.969
1456319161.0,65e795cc,0.939
1456319161.0,84b4d9e4,1.019
1456319161.0,91e0ee78,0.959
1456319161.0,d5291b45,0.979
1456319161.0,12077d15,0.969
1456319161.0,230a1a24,0.999
1456319161.0,daf5b359,0.969
1456319161.0,d3913b4a,1.019
1456319161.0,0670c33b,0.999
1456319161.0,2371f256,0.999
1456319161.0,00d1a6ab,0.989
1456319161.0,a770daf6,0.939
1456319161.0,7a48e549,1.019
1456319161.0,cf6cd137,1.019
1456319161.0,31bee708,0.919
1456319161.0,f6746552,0.969
1456319161.0,e70ecea8,0.949
1456319161.0,dacaa91d,0.949
1456319161.0,4190ae32,0.969
1456319161.0,c83831d3,0.939
1456319161.0,71b8eaae,0.999
1456319161.0,c6930db9,1.029
1456319161.0,8feda8b5,0.969
1456319161.0,a300968d,0.999
1456319161.0,a618c589,1.009
1456319161.0,6268c2a7,0.979
1456319161.0,9cff31f0,0.959
1456319161.0,06594e01,0.959
1456319161.0,8d5a6091,0.999
1456319161.0,adc04be9,0.989
1456319161.0,be428e6e,0.949
1456319161.0,f868a6b6,1.009
1456319161.0,e3776f3c,0.939
1456319161.0,79ec8492,0.949
1456319161.0,24696b6f,0.929
1456319161.0,9bde8003,0.979
1456319161.0,3466d43f,0.999
1456319161.0,eede80ef,0.939
1456319161.0,8c14cf23,0.999
1456319161.0,192ba8fb,0.939
1456319161.0,eda8c21c,0.949
1456319161.0,0d847386,0.949
1456319161.0,c5f0fecb,0.989
1456319161.0,92a71bb7,0.989
1456319161.0,e77693ae,0.979
1456319161.0,e251ae8a,0.999
1456319161.0,710830cb,0.979
1456319161.0,43b50967,1.029
1456319161.0,345d3b8a,0.999
1456319161.0,7d9e71ad,0.999
1456319161.0,4f9ccf16,0.989
1456319161.0,88759e4a,0.939
1456319161.0,4b6d11ce,0.989
1456319161.0,c6380930,0.949
1456319161.0,b655f194,1.009
1456319161.0,3104967c,0.959
1456319161.0,a3a74fcc,1.029
1456319161.0,a2459b61,0.989
1456319161.0,b484f1ea,0.969
1456319161.0,68c7b059,0.959
1456319161.0,948a8512,0.969
1456319161.0,7e7d612d,0.984
1456319161.0,a3f64b8b,1.009
1456319161.0,018c0b0e,1.029
1456319161.0,6797c38e,1.009
1456319161.0,5d40a336,0.984
1456319161.0,d6e3342a,0.969
1456319161.0,ad338ffc,0.969
1456319161.0,9a4d188a,0.979
1456319161.0,0657e6a3,0.969
1456319161.0,1a88c0a3,0.938
1456319161.0,dc57dd3e,1.019
1456319161.0,6b69df8f,0.999
1456319161.0,3047d3f5,0.999
1456319161.0,398f397d,0.999
1456319161.0,8db8c96c,0.989
1456319161.0,bb738427,0.959
1456319161.0,8dfeb73b,0.979
1456319161.0,7d15e55f,0.969
1456319161.0,1b9ef516,0.969
1456319161.0,15e431dd,0.989
1456319161.0,beb106ec,0.989
1456319161.0,6b7777cb,0.929
1456319161.0,87969b95,0.959
1456319161.0,df34af64,0.929
1456319161.0,e1bc26f0,0.959
1456319161.0,4be880d0,0.979
1456319161.0,1105f74e,0.999
1456319161.0,8a4f9b54,0.979
1456319161.0,7d9fd3be,0.969
1456319161.0,4c092b15,0.929
1456319161.0,c8961000,0.959
1456319161.0,227099c3,1.039
1456319161.0,5a88efab,0.929
1456319161.0,d6c38103,0.939
1456319161.0,7ab8a6b9,1.009
1456319161.0,4fe003ba,1.019
1456319161.0,507d25cf,1.039
1456319161.0,95712e33,1.019
1456319161.0,da6cfb62,0.979
1456319161.0,5747e8a7,1.009
1456319161.0,9e6ada8a,0.999
1456319161.0,5bbe0a9d,0.959
1456319161.0,2b30a775,0.929
1456319161.0,8215d943,1.089
1456319161.0,d5062706,0.964
1456319161.0,026ce3d1,1.009
1456319161.0,b159aa41,0.979
1456319161.0,9ae06205,0.989
1456319161.0,95761004,0.949
1456319161.0,c7381288,1.009
1456319161.0,4d7d95fb,0.984
1456319161.0,6cb03436,0.939
1456319161.0,216b96ab,0.999
1456319161.0,780114cd,0.969
1456319161.0,806bbb49,0.969
1456319161.0,b52679e9,0.949
1456319161.0,4be768df,0.959
1456319161.0,801653fe,1.009
1456319161.0,9e654d43,0.929
1456319161.0,a24c7289,0.939
1456319161.0,ce366998,1.019
1456319161.0,aa75d7c1,1.019
1456319161.0,759c0ad5,0.939
1456319161.0,a4c96d17,0.989
1456319161.0,e983031d,0.969
1456319161.0,02e29940,1.049
1456319161.0,b0be9751,0.909
1456319161.0,d4b5646a,1.009
1456319161.0,575bb735,0.989
1456319161.0,00b2809d,0.959
1456319161.0,7674ea9d,0.949
1456319161.0,2c716111,0.979
1456319161.0,8f268946,0.919
1456319161.0,,0.909
1456319161.0,557f7d87,0.939
1456319161.0,0380a17c,0.929
1456319161.0,68492368,0.949
1456319161.0,82c69685,0.979
1456319161.0,a0f09d1a,0.979
1456319161.0,493b6369,0.929
1456319161.0,ae3ec7b1,0.969
1456319161.0,2a6c46a2,0.989
1456319161.0,759e3fcc,0.949
1456319161.0,460a378a,0.949
1456319161.0,110c83a7,0.989
1456319161.0,05ab806f,0.979
1456319161.0,49f4ee4f,0.969
1456319161.0,b3fefca1,0.939
1456319161.0,55446f74,0.969
1456319161.0,082564ba,0.949
1456319161.0,a493ee6c,0.929
1456319161.0,26190b19,0.929
1456319161.0,9d16cf9e,0.939
1456319161.0,4a6264de,0.959
1456319161.0,a8086038,0.949
1456319161.0,9a95dc46,0.939
1456319161.0,cbc5f7c3,0.949
1456319161.0,f7b92fac,0.919
1456319161.0,fac7adae,0.949
1456319161.0,f19a2bc5,0.939
1456319161.0,03f6c531,0.929
1456319161.0,ae578482,0.959
1456319161.0,f709d7cd,0.989
1456319161.0,bccce565,0.939
1456319161.0,5bf247b1,0.979
1456319161.0,0eb0bb77,0.929
1456319161.0,60962481,0.959
1456319161.0,0b7c0786,0.949
1456319161.0,a82492d6,0.979
1456319161.0,cc367c32,0.979
1456319161.0,b2fa05f2,0.939
1456319161.0,e96c8f9b,0.959
1456319161.0,da53e9ba,0.949
1456319161.0,8ee67957,0.929
1456319161.0,5dbe10ef,0.929
1456319161.0,3275ca99,0.989
1456319161.0,7de438fa,0.999
1456319161.0,41d0e7f4,0.979
1456319161.0,440673be,0.989
1456319161.0,229d2673,0.959
1456319161.0,9daabce1,0.959
1456319161.0,42ad8b68,0.979
1456319161.0,ad1b0b58,0.939
1456319161.0,f11f062c,0.959
1456319161.0,476699aa,0.919
1456319161.0,83c9051f,0.979
1456319161.0,5d362644,0.949
1456319161.0,693a0585,0.949
1456319161.0,bd0ac826,0.949
1456319161.0,f5b117ef,0.949
1456319161.0,7636eabf,0.929
1456319161.0,da28f05d,0.919
1456319161.0,305d8693,0.929
1456319161.0,5dea9761,0.929
1456319161.0,3b9fb083,0.999
1456319161.0,3a19f7bb,0.939
1456319161.0,99b5b897,0.959
1456319161.0,77c17dde,0.939
1456319161.0,3f601b6c,0.929
1456319161.0,f5f69c31,0.959
1456319161.0,e4d30463,0.939
1456319161.0,efe3611d,0.969
1456319161.0,5a24bfe1,0.939
1456319161.0,a9ac5dea,0.949
1456319161.0,f0da030f,0.989
1456319161.0,0b912035,0.959
1456319161.0,054b98a5,0.959
1456319161.0,6304ec3a,0.969
1456319161.0,a48cec43,0.929
1456319161.0,acd894be,0.909
1456319161.0,96ed6341,0.949
1456319161.0,aed09b0f,0.959
1456319161.0,a2b07888,0.929
1456319161.0,d6aad50a,0.939
1456319161.0,258838b1,0.929
1456319161.0,d023c7ae,0.949
1456319161.0,21a92259,0.939
1456319161.0,0538e9ee,0.959
1456319161.0,613352d7,0.969
1456319161.0,34e3a079,0.959
1456319161.0,8eaac040,0.989
1456319161.0,ec934b69,0.939
1456319161.0,d560f27c,1.029
1456319161.0,d9132efc,1.009
1456319161.0,3a474dd3,0.969
1456319161.0,35b614c4,0.959
1456319161.0,5ca22d34,0.939
1456319161.0,158221e0,0.969
1456319161.0,065dc992,0.949
1456319161.0,afafdf69,0.939
1456319161.0,555992c9,0.969
1456319161.0,ee4ab1fa,0.999
1456319161.0,e0bab6c8,0.929
1456319161.0,d4391500,0.979
1456319161.0,e335e0bc,0.979
1456319161.0,0bf8686a,0.989
1456319161.0,1c2ecd95,1.029
1456319161.0,23328c7a,0.979
1456319161.0,ba79ed81,0.959
1456319161.0,d3d9b662,0.989
1456319161.0,cf4759e8,0.969
1456319161.0,6a80fe13,0.959
1456319161.0,99b9ccd3,0.969
1456319161.0,a5647053,1.009
1456319161.0,aabec53c,0.959
1456319161.0,77793a3e,0.939
1456319161.0,fb417046,0.989
1456319161.0,8f1f8544,0.969
1456319161.0,b85a1ca3,0.969
1456319161.0,1c043412,0.939
1456319161.0,fb46bd6e,0.999
1456319161.0,fac91609,0.959
1456319161.0,ebde5c50,0.979
1456319161.0,4769e054,0.989
1456319161.0,1727b18d,0.939
1456319161.0,9cf73813,0.939
1456319161.0,92e96565,0.999
1456319161.0,baa66b57,1.009
1456319161.0,b01cf6f6,0.939
1456319161.0,152f198a,0.979
1456319161.0,6027b071,0.949
1456319161.0,a1eb62eb,0.969
1456319161.0,,0.949
1456319161.0,6c6c9588,0.989
1456319161.0,92e54876,0.999
1456319161.0,c9931bda,0.969
1456319161.0,6bf563af,0.979
1456319161.0,8c0782e7,0.949
1456319161.0,0d20ed99,0.969
1456319161.0,af07b81f,0.969
1456319161.0,bd8f68d2,0.969
1456319161.0,0290389c,0.959
1456319161.0,13cc1bf8,0.989
1456319161.0,cac2d933,0.969
1456319161.0,4ee0535e,0.969
1456319161.0,14342e98,0.999
1456319161.0,08f23eff,0.979
1456319161.0,54fc2b4c,0.969
1456319161.0,6cf5b38f,0.979
1456319161.0,552250d6,0.969
1456319161.0,75d9dd17,0.939
1456319161.0,1623a484,1.019
1456319161.0,76c4a30b,0.949
1456319161.0,c17eb923,0.939
1456319161.0,e1df3a0f,0.959
1456319161.0,507bacc5,0.999
1456319161.0,f0ec9164,0.959
1456319161.0,a162b47e,0.929
1456319161.0,6e565eb4,0.949
1456319161.0,01f8d023,1.009
1456319161.0,e837786a,0.979
1456319161.0,0f7cfab9,0.939
1456319161.0,6188876b,0.949
1456319161.0,c390d56a,0.999
1456319161.0,930b627b,0.959
1456319161.0,8b783ddd,0.979
1456319161.0,278329af,0.989
1456319161.0,,0.949
1456319161.0,8a5cd800,0.979
1456319161.0,51266623,0.979
1456319161.0,bf7ae178,0.949
1456319161.0,1b2253f6,0.929
1456319161.0,c2a87587,0.999
1456319161.0,3b2ce948,0.989
1456319161.0,78962747,1.039
1456319161.0,9acf7952,0.959
1456319161.0,6982586c,0.979
1456319161.0,f22bbd79,0.939
1456319161.0,aebeb22e,0.949
1456319161.0,0d0f23bd,0.979
1456319161.0,a2312d54,1.009
1456319161.0,01b60b00,1.039
1456319161.0,e0ff758f,0.969
1456319161.0,0e8115b4,0.999
1456319161.0,1d71d64c,0.979
1456319161.0,5ab60468,0.929
1456319161.0,9a0bacc1,0.939
1456319161.0,1422263b,1.019
1456319161.0,49c3be27,0.959
1456319161.0,6c0b296e,0.999
1456319161.0,7e0a1569,1.029
1456319161.0,f8cd8b31,0.959
1456319161.0,6b72bc31,1.019
1456319161.0,41c3b887,0.959
1456319161.0,a5e1310f,0.969
1456319161.0,f4333371,0.969
1456319161.0,6321db63,0.949
1456319161.0,5c566b33,0.899
1456319161.0,4bc1c239,1.029
1456319161.0,4248b1c7,0.939
1456319161.0,e6fdbd0c,1.019
1456319161.0,,0.989
1456319161.0,79ddc5ca,1.009
1456319161.0,7eec6311,0.979
1456319161.0,58439a69,0.969
1456319161.0,8c6a9ff5,1.009
1456319161.0,57d05ba7,0.979
1456319161.0,98c5755b,0.999
1456319161.0,ee2ba444,0.999
1456319161.0,aac612fe,0.999
1456319161.0,2a2dae94,0.979
1456319161.0,44959c83,1.019
1456319161.0,aae959c2,0.939
1456319161.0,9ca777a2,0.979
1456319161.0,23542a3f,1.009
1456319161.0,a9ad29e3,0.969
1456319161.0,1557ee20,0.979
1456319161.0,4a9b4bb1,0.979
1456319161.0,626de707,0.999
1456319161.0,baef0398,0.989
1456319161.0,72ecbc2d,1.009
1456319161.0,4cd127d6,0.999
1456319161.0,2945d488,0.959
1456319161.0,ff263010,0.979
1456319161.0,12dd04fe,0.919
1456319161.0,456b0585,0.969
1456319161.0,834ff98a,0.989
1456319161.0,0762c9c0,0.949
1456319161.0,bc0ec46f,0.979
1456319161.0,dd700b9a,0.989
1456319161.0,09925d9d,0.979
1456319161.0,efc6fe63,0.949
1456319161.0,ba78050b,0.959
1456319161.0,6de5506e,0.949
1456319161.0,,0.989
1456319161.0,bb839a02,0.939
1456319161.0,09c3b83f,0.979
1456319161.0,e2a68953,0.959
1456319161.0,4721b010,0.959
1456319161.0,66e5052b,0.989
1456319161.0,8e27fa83,0.969
1456319161.0,b9c86ec7,1.019
1456319161.0,022de539,0.989
1456319161.0,05052bee,0.989
1456319161.0,caa3866b,0.959
1456319161.0,8923b20c,1.019
1456319161.0,5e3c55e4,0.949
1456319161.0,a9fbf376,1.049
1456319161.0,4f97968a,0.969
1456319161.0,0986d9b8,0.959
1456319161.0,6e950c4a,0.969
1456319161.0,a5ca6f71,0.939
1456319161.0,0a3bb4b4,0.999
1456319161.0,aac41384,0.999
1456319161.0,378a8437,0.969
1456319161.0,5cb012ef,0.989
1456319161.0,204d8d56,0.949
1456319161.0,753408e4,0.989
1456319161.0,662ae541,0.999
1456319161.0,48f1eeb3,0.969
1456319161.0,5222efd2,0.999
1456319161.0,942087ca,0.949
1456319161.0,115ba3fe,0.969
1456319161.0,e60668f4,1.029
1456319161.0,fee47ded,1.009
1456319161.0,29c5c2e2,0.989
1456319161.0,4ce21f31,0.989
1456319161.0,e010375a,0.999
1456319161.0,ab49a3d7,0.969
1456319161.0,71a34e9b,1.019
1456319161.0,a0e239a8,0.959
1456319161.0,dec55aa1,0.949
1456319161.0,0683e641,0.949
1456319161.0,32fa34ed,0.959
1456319161.0,775487a4,0.939
1456319161.0,f1832ad0,0.979
1456319161.0,,0.979
1456319161.0,9da3a4c0,1.009
1456319161.0,b14bb16f,0.969
1456319161.0,8c24cc40,0.969
1456319161.0,6411aa60,0.999
1456319161.0,b862e775,1.019
1456319161.0,c366f7fc,0.969
1456319161.0,a54d4e57,0.979
1456319161.0,4f4115ed,0.939
1456319161.0,bdc12d8e,0.979
1456319161.0,1685cf9c,1.014
1456319161.0,46e5123e,0.999
1456319161.0,3501927a,1.029
1456319161.0,a2c55ea4,0.989
1456319161.0,26056533,0.989
1456319161.0,6bf6b199,0.999
1456319161.0,3346c58a,0.979
1456319161.0,99017784,0.979
1456319161.0,eb8fef56,0.989
1456319161.0,64f5be3f,0.959
1456319161.0,a2987081,0.969
1456319161.0,8ccf4a30,0.969
1456319161.0,f25ee766,0.959
1456319161.0,7cce432f,0.959
1456319161.0,2096e49a,0.969
1456319161.0,39a29c0a,0.949
1456319161.0,4ea69365,0.959
1456319161.0,4ebc6df3,0.949
1456319161.0,6933e7da,0.919
1456319161.0,d18dd289,0.959
1456319161.0,aa0cc0ae,0.979
1456319161.0,a48343d6,0.959
1456319161.0,739c3107,0.969
1456319161.0,b5ec285f,0.999
1456319161.0,beaffffe,1.019
1456319161.0,553c4dc5,0.969
1456319161.0,d14573c7,0.969
1456319161.0,ee288062,1.009
1456319161.0,6fc48997,0.949
1456319161.0,c897fba4,0.969
1456319161.0,44aa767f,0.959
1456319161.0,2357ec98,0.979
1456319161.0,c7922998,0.949
1456319161.0,8c7470e4,0.969
1456319161.0,269a5648,0.979
1456319161.0,d49fce1c,0.979
1456319161.0,b81c2aae,1.039
1456319161.0,9fc9a999,0.999
1456319161.0,1fa84ca6,0.969
1456319161.0,ece9cf3e,0.959
1456319161.0,4d8ede53,0.979
1456319161.0,1f1aef8f,0.979
1456319161.0,c834e637,0.939
1456319161.0,a596413e,0.959
1456319161.0,5dcd5582,0.969
1456319161.0,d8601954,0.999
1456319161.0,3f054566,0.949
1456319161.0,f9265ab5,0.959
1456319161.0,d7d071dd,0.949
1456319161.0,95256814,0.939
1456319161.0,1b5356f1,0.999
1456319161.0,7f2cf706,0.939
1456319161.0,e5e737e8,0.969
1456319161.0,85bf59ba,0.949
1456319161.0,cfaad8a4,0.959
1456319161.0,2f6edad9,0.999
1456319161.0,481140af,0.969
1456319161.0,8f30678f,0.979
1456319161.0,270ee8bf,0.959
1456319161.0,85e45131,0.959
1456319161.0,50c51301,0.969
1456319161.0,5e9a17e7,0.999
1456319161.0,0ad7f620,1.039
1456319161.0,783b97cc,0.959
1456319161.0,5321252a,0.979
1456319161.0,849ac669,1.019
1456319161.0,259823d7,0.969
1456319161.0,f48ed1d8,0.969
1456319161.0,48a1176e,0.979
1456319161.0,636ce33d,0.949
1456319161.0,bbb7883b,0.979
1456319161.0,c793eda5,0.954
1456319161.0,0af8f0f1,0.969
1456319161.0,35730766,0.934
1456319161.0,8cb60ffa,0.999
1456319161.0,a3b8eb3b,0.979
1456319161.0,69c73a78,0.969
1456319161.0,a76bbf53,0.989
1456319161.0,ba30d526,1.019
1456319161.0,d3730b6f,1.009
1456319161.0,6e065b53,0.959
1456319161.0,f659a576,1.029
1456319161.0,f5e9f5d7,0.939
1456319161.0,29a6303c,0.989
1456319161.0,8e9233ee,0.969
1456319161.0,f0d226b8,0.929
1456319161.0,311d43c9,0.969
1456319161.0,7fccdc2c,0.969
1456319161.0,6e966a1c,0.989
1456319161.0,5446812c,1.019
1456319161.0,ecf2754f,0.959
1456319161.0,3a0a2d0d,0.969
1456319161.0,90b15783,1.009
1456319161.0,50e125b9,0.969
1456319161.0,3e2d7201,0.969
1456319161.0,30f8c62f,1.009
1456319161.0,8fdd1c16,0.979
1456319161.0,81c26764,0.979
1456319161.0,9eb320c2,0.969
1456319161.0,5f4d5496,1.009
1456319161.0,2ac71882,0.999
1456319161.0,36ed9058,0.959
1456319161.0,f4b9f379,0.959
1456319161.0,fbe424bb,0.939
1456319161.0,e5139cec,0.929
1456319161.0,7cefc69f,0.929
1456319161.0,35c85b81,0.929
1456319161.0,db21940b,0.949
1456319161.0,d472efac,0.929
1456319161.0,9275ec29,0.979
1456319161.0,13f4ef46,0.929
1456319161.0,e3a60e8a,0.949
1456319161.0,013f9d06,0.969
1456319161.0,8f41fe32,1.029
1456319161.0,b4666217,0.949
1456319161.0,1edd50b1,0.959
1456319161.0,10811cd9,0.959
1456319161.0,5bf5fced,0.959
1456319161.0,b8e4e564,0.919
1456319161.0,90bcaabc,0.929
1456319161.0,9e4730c6,0.969
1456319161.0,73e22345,0.959
1456319161.0,019e00fb,0.929
1456319161.0,5cb13083,0.929
1456319161.0,5df9b393,0.959
1456319161.0,5daabe07,0.969
1456319161.0,ea2f710b,1.029
1456319161.0,20ac7ec9,0.949
1456319161.0,9f62a2b2,0.969
1456319161.0,04508fff,0.949
1456319161.0,48194f3c,0.989
1456319161.0,ccdbe1c1,0.959
1456319161.0,053b7fd8,0.959
1456319161.0,776d441b,0.989
1456319161.0,f0910caa,0.989
1456319161.0,1377ad59,0.949
1456319161.0,75e0a1f1,0.969
1456319161.0,e56bfa23,0.899
1456319161.0,3a3def5d,0.949
1456319161.0,35d91334,0.999
1456319161.0,802fc822,0.959
1456319161.0,83a3b810,0.979
1456319161.0,68e1f6e3,0.959
1456319161.0,9a0f8848,0.929
1456319161.0,887a8518,0.959
1456319161.0,6e0e837e,0.979
1456319161.0,76ab87bf,0.929
1456319161.0,219ba39d,0.939
1456319161.0,c82a22de,0.959
1456319161.0,896245aa,1.029
1456319161.0,0cc05186,0.979
1456319161.0,d766ce97,0.959
1456319161.0,a7a2a72e,0.959
1456319161.0,7c3d138b,0.929
1456319161.0,59b332e8,0.969
1456319161.0,c1082f5e,0.939
1456319161.0,65ab6225,1.009
1456319161.0,6f93e9a4,0.959
1456319161.0,838f2221,0.989
1456319161.0,63f74b4d,0.989
1456319161.0,1a48cf2f,0.999
1456319161.0,c03e39ca,0.939
1456319161.0,60d3d6ee,0.959
1456319161.0,2f28dcdf,0.939
1456319161.0,a3a8caec,0.969
1456319161.0,d31fa383,0.949
1456319161.0,248918d0,0.969
1456319161.0,02e680f9,0.979
1456319161.0,aa9c7d7a,0.999
1456319161.0,6c11a054,0.949
1456319161.0,0f96b386,0.979
1456319161.0,a8f38887,0.999
1456319161.0,39376aa1,0.989
1456319161.0,47e03c5b,1.019
1456319161.0,53216105,0.969
1456319161.0,ed57f511,0.939
1456319161.0,d307494f,0.969
1456319161.0,d1780d08,0.999
1456319161.0,6d97a497,0.989
1456319161.0,ee573fd5,0.999
1456319161.0,afed3ef4,0.969
1456319161.0,9c4c0229,0.919
1456319401.0,,0.989
1456319401.0,c58eee91,0.989
1456319401.0,838d57f9,0.959
1456319401.0,65f99718,0.969
1456319401.0,04e35776,0.989
1456319401.0,7459a6fe,0.959
1456319401.0,e07c0604,0.959
1456319401.0,e5abf377,0.949
1456319401.0,5ce764c2,0.949
1456319401.0,930a4c50,0.999
1456319401.0,35cce7bf,0.949
1456319401.0,3f9ee0ff,0.959
1456319401.0,ee22ef31,0.949
1456319401.0,3272290a,0.989
1456319401.0,d6a85f7b,0.949
1456319401.0,2c9a6a74,0.959
1456319401.0,4e7b5ef6,0.959
1456319401.0,843c0434,0.949
1456319401.0,a557a7d1,0.959
1456319401.0,e474e52b,0.979
1456319401.0,3a3a0afe,0.979
1456319401.0,210f8a85,0.969
1456319401.0,b583c190,1.009
1456319401.0,a85e6b62,0.969
1456319401.0,58dfb803,0.969
1456319401.0,59e24118,0.969
1456319401.0,cd7581b6,0.939
1456319401.0,eaf5b8e2,0.969
1456319401.0,b22e5b8a,0.939
1456319401.0,27ea09b1,0.929
1456319401.0,52c1ccfa,0.929
1456319401.0,609e4eb1,0.999
1456319401.0,ff6209cb,0.989
1456319401.0,d52b5e19,0.959
1456319401.0,ab7cf567,0.959
1456319401.0,b45e9e13,0.959
1456319401.0,3ccd631d,0.989
1456319401.0,1e846991,0.969
1456319401.0,57c6a470,0.969
1456319401.0,b46341ba,0.959
1456319401.0,3bb20ba7,0.979
1456319401.0,9694fac5,1.029
1456319401.0,186db07d,0.969
1456319401.0,0b19d5fe,0.949
1456319401.0,01574e74,0.949
1456319401.0,ef793ac8,0.979
1456319401.0,dd239a42,1.009
1456319401.0,3ed1efe5,0.939
1456319401.0,4015542f,0.969
1456319401.0,0f456c18,0.999
1456319401.0,995401c6,0.969
1456319401.0,49230def,0.989
1456319401.0,6f9842b1,0.959
1456319401.0,22e23737,1.009
1456319401.0,72a74765,0.959
1456319401.0,9a099132,1.039
1456319401.0,4f5b6b22,0.949
1456319401.0,adb530b9,1.019
1456319401.0,b5464430,0.969
1456319401.0,1d0dbcee,0.959
1456319401.0,edcf5ae9,1.009
1456319401.0,b1111566,0.949
1456319401.0,d09811d3,0.969
1456319401.0,e50f5b31,0.989
1456319401.0,2dc33c12,0.969
1456319401.0,5087513f,1.009
1456319401.0,c232241f,0.979
1456319401.0,eb058e2c,0.949
1456319401.0,5ecab051,1.009
1456319401.0,bf024497,1.029
1456319401.0,0ff209cc,0.969
1456319401.0,d981d17c,0.969
1456319401.0,318fc332,0.969
1456319401.0,c22a155b,0.969
1456319401.0,c4f10d73,0.939
1456319401.0,2aaf451f,0.939
1456319401.0,414229cf,0.949
1456319401.0,4818d4dd,0.959
1456319401.0,8e4d1e9d,0.989
1456319401.0,9d0cdff7,0.969
1456319401.0,1543d7ff,0.979
1456319401.0,c7d8f43f,0.929
1456319401.0,4f934547,0.939
1456319401.0,26db277e,0.979
1456319401.0,05076f05,0.979
1456319401.0,c56f813d,0.949
1456319401.0,3b11c17c,1.029
1456319401.0,afa8e37d,0.999
1456319401.0,9a249d55,0.969
1456319401.0,e37ae88a,0.979
1456319401.0,22455ce3,0.949
1456319401.0,f1a2379b,0.938
1456319401.0,1bbf25c0,0.949
1456319401.0,55c2b2eb,0.939
1456319401.0,7e01bac4,0.999
1456319401.0,be63e7a4,0.999
1456319401.0,eccadaa3,1.019
1456319401.0,7e846ee6,1.019
1456319401.0,85a9ebeb,1.039
1456319401.0,d338b0f2,1.019
1456319401.0,4f1ec633,0.989
1456319401.0,c78ef341,0.979
1456319401.0,25ed90f7,0.949
1456319401.0,2861d5a0,0.969
1456319401.0,a66ad3ee,0.959
1456319401.0,c25c5571,0.949
1456319401.0,208f7301,0.959
1456319401.0,30572f18,0.944
1456319401.0,3aba7e15,0.979
1456319401.0,30e25cec,0.969
1456319401.0,d95bf294,0.949
1456319401.0,,0.979
1456319401.0,bddf10a7,0.989
1456319401.0,c4d4fdc6,0.989
1456319401.0,3afb0fab,0.999
1456319401.0,ac1176c4,0.959
1456319401.0,43605438,0.999
1456319401.0,7053ce5b,1.019
1456319401.0,06881b45,0.949
1456319401.0,eda8c21c,0.939
1456319401.0,1e85ec4f,0.989
1456319401.0,f5b0ba52,0.979
1456319401.0,b09942f7,0.959
1456319401.0,bf54e94e,0.969
1456319401.0,817bcf9d,0.989
1456319401.0,862dbd5b,0.979
1456319401.0,dcb4f731,0.989
1456319401.0,e77693ae,0.979
1456319401.0,8c7a089d,0.949
1456319401.0,28136f7e,0.959
1456319401.0,bd469a6d,0.949
1456319401.0,31e85a65,0.959
1456319401.0,65964ff0,0.989
1456319401.0,ad7fb7be,0.969
1456319401.0,75e4d61f,0.999
1456319401.0,c7bec506,0.999
1456319401.0,0200140f,0.959
1456319401.0,80218b02,0.969
1456319401.0,98cd55ee,0.989
1456319401.0,fbeaeec8,0.969
1456319401.0,cc2f81e2,0.959
1456319401.0,eeb36e25,0.999
1456319401.0,f0dde5e2,0.969
1456319401.0,8f84a914,0.969
1456319401.0,16b0be39,0.969
1456319401.0,5056106a,0.959
1456319401.0,e446361e,0.999
1456319401.0,83cdf5cb,0.989
1456319401.0,b3646450,0.949
1456319401.0,67642b0d,0.999
1456319401.0,ee167171,0.989
1456319401.0,fd70cdfd,0.969
1456319401.0,b69db0fc,1.039
1456319401.0,5ccd5966,0.939
1456319401.0,acc17656,0.959
1456319401.0,27792a3d,0.969
1456319401.0,11450a74,0.979
1456319401.0,0c1d9c42,0.999
1456319401.0,3ca3cce3,0.999
1456319401.0,a4af82a5,1.029
1456319401.0,ac8396c4,0.979
1456319401.0,05c633c8,1.019
1456319401.0,2890d1fb,0.959
1456319401.0,0696d69c,0.989
1456319401.0,21f6f55f,0.939
1456319401.0,d570c239,0.969
1456319401.0,e5cb0020,0.959
1456319401.0,0fd8b490,0.979
1456319401.0,2024d5d7,0.949
1456319401.0,6b7777cb,0.929
1456319401.0,97311a78,0.939
1456319401.0,e57dfb90,1.029
1456319401.0,8f9e2fa1,0.959
1456319401.0,43a0a005,0.989
1456319401.0,8a3d4726,0.949
1456319401.0,12aba19d,1.019
1456319401.0,0f0135ae,0.979
1456319401.0,05c01795,0.939
1456319401.0,4359dc60,0.989
1456319401.0,5b46611d,1.009
1456319401.0,121e3dd1,0.979
1456319401.0,feda8910,0.949
1456319401.0,71b758db,0.989
1456319401.0,a9b88996,0.999
1456319401.0,c5208f75,0.989
1456319401.0,6e8e3ed0,1.039
1456319401.0,0c2ddab7,0.969
1456319401.0,15d15c6f,0.979
1456319401.0,2ff0d839,0.929
1456319401.0,be6d21fe,1.039
1456319401.0,6e610cb2,0.949
1456319401.0,26b1d7b1,1.009
1456319401.0,79a16c41,1.019
1456319401.0,1398c802,0.979
1456319401.0,c5aaafc3,0.969
1456319401.0,40369596,0.969
1456319401.0,90df0b88,0.979
1456319401.0,ef0bc256,0.939
1456319401.0,a03c9b78,1.009
1456319401.0,f320c081,0.969
1456319401.0,ddefb778,1.039
1456319401.0,d0498c7a,0.959
1456319401.0,84caa0e5,0.989
1456319401.0,da6302b3,0.949
1456319401.0,11c55079,0.939
1456319401.0,89f0cfb7,0.949
1456319401.0,241a49d8,0.989
1456319401.0,b05147af,0.969
1456319401.0,aa28e876,0.979
1456319401.0,a00c53b9,0.929
1456319401.0,5f817b41,0.959
1456319401.0,3b988b25,0.919
1456319401.0,86f0ca05,0.959
1456319401.0,2f3717cf,0.959
1456319401.0,22ea287c,0.979
1456319401.0,d2a69e6d,0.989
1456319401.0,04ca4472,0.989
1456319401.0,f6301788,0.989
1456319401.0,,0.959
1456319401.0,5aa76680,0.979
1456319401.0,7001785d,0.959
1456319401.0,e0862fc2,0.969
1456319401.0,b47f33d8,0.979
1456319401.0,878b98a2,0.929
1456319401.0,3747e646,0.929
1456319401.0,45e18000,0.969
1456319401.0,7d3ae9b0,0.989
1456319401.0,eaa7c105,0.909
1456319401.0,997e716d,0.959
1456319401.0,0c07c233,0.919
1456319401.0,e53c0a3d,0.929
1456319401.0,176e9b96,0.919
1456319401.0,f44172d4,0.939
1456319401.0,ef95782d,0.929
1456319401.0,eb0ad874,0.919
1456319401.0,c19378b9,0.949
1456319401.0,1e16b905,0.959
1456319401.0,2330f268,0.939
1456319401.0,7e6fd376,0.909
1456319401.0,4a9d5885,0.939
1456319401.0,7e2a8251,0.999
1456319401.0,c8df5f11,0.949
1456319401.0,fae20634,0.949
1456319401.0,5f379a02,0.969
1456319401.0,990356d6,0.959
1456319401.0,b1d87758,0.979
1456319401.0,8c1c23fb,0.929
1456319401.0,563059fb,0.969
1456319401.0,23328c7a,0.989
1456319401.0,0a67fa6f,0.989
1456319401.0,0395f025,0.989
1456319401.0,d21a57fd,0.949
1456319401.0,c0d663b4,0.989
1456319401.0,2864a863,0.959
1456319401.0,6b5b80c3,0.959
1456319401.0,36ce665f,0.939
1456319401.0,06eb2140,1.009
1456319401.0,d9b08f78,0.979
1456319401.0,a6b2a7c9,0.959
1456319401.0,e0d2c90f,0.979
1456319401.0,48a48e67,0.939
1456319401.0,755c641f,0.969
1456319401.0,0b15fb2a,0.939
1456319401.0,865b080f,0.999
1456319401.0,1b7b3aab,0.959
1456319401.0,1055fb12,0.939
1456319401.0,53758d2b,0.969
1456319401.0,cb37d4b9,0.979
1456319401.0,26613c3a,1.009
1456319401.0,91713a4d,0.989
1456319401.0,dd78438d,0.979
1456319401.0,a82fd967,0.939
1456319401.0,cea7fb15,0.989
1456319401.0,15bbe4b6,0.989
1456319401.0,474197ee,0.999
1456319401.0,3621af3f,0.969
1456319401.0,9eb1be1f,0.999
1456319401.0,21d0f81c,0.989
1456319401.0,b71b2d23,0.959
1456319401.0,609d7ab5,0.999
1456319401.0,6fc67d43,0.959
1456319401.0,215d680b,1.009
1456319401.0,f2458f35,1.009
1456319401.0,54255515,0.989
1456319401.0,d0e41b74,1.009
1456319401.0,2be7d0b2,0.969
1456319401.0,2397b3e4,0.969
1456319401.0,7ced45b7,0.969
1456319401.0,28119274,0.949
1456319401.0,14342e98,0.999
1456319401.0,3b9d2939,0.939
1456319401.0,31487663,0.969
1456319401.0,d046f0d3,0.969
1456319401.0,4af2260b,0.969
1456319401.0,ceea64c5,0.949
1456319401.0,17a1e834,0.999
1456319401.0,20dcb5cd,0.989
1456319401.0,2ead543c,0.999
1456319401.0,074c9a19,0.969
1456319401.0,4a2d620a,0.959
1456319401.0,202af8f9,0.979
1456319401.0,aeb12459,0.969
1456319401.0,affb443e,1.029
1456319401.0,18a9621c,0.939
1456319401.0,99acd99a,0.959
1456319401.0,d86b6eaf,0.989
1456319401.0,56ca8f0b,0.969
1456319401.0,fb867340,0.999
1456319401.0,84d84a54,0.969
1456319401.0,43b0f319,0.949
1456319401.0,ad6f7aae,0.979
1456319401.0,0dd22df0,0.969
1456319401.0,29c7431a,0.999
1456319401.0,72874a88,0.959
1456319401.0,986ab52a,0.949
1456319401.0,864faff4,0.969
1456319401.0,7bd23993,0.959
1456319401.0,d51a9b5e,0.979
1456319401.0,ae8b60e9,0.999
1456319401.0,0a20dd73,0.999
1456319401.0,530591a4,0.954
1456319401.0,d68d63c5,0.939
1456319401.0,3bb9d5ac,0.989
1456319401.0,fbcaa7f6,0.939
1456319401.0,d3953243,0.959
1456319401.0,bdd3f5c9,0.949
1456319401.0,613ea133,1.009
1456319401.0,06865c2e,0.979
1456319401.0,be03744e,0.969
1456319401.0,2c9d609d,0.969
1456319401.0,1037129e,0.954
1456319401.0,07f603f1,0.959
1456319401.0,7adf8914,0.969
1456319401.0,26d674df,0.939
1456319401.0,5951b044,0.969
1456319401.0,76ee34f4,0.939
1456319401.0,918e2883,0.949
1456319401.0,dee5637c,1.009
1456319401.0,9e46459f,0.989
1456319401.0,712e5646,0.969
1456319401.0,e512031e,0.969
1456319401.0,322b4a46,0.949
1456319401.0,550acd6a,0.959
1456319401.0,2e852031,0.969
1456319401.0,b273d286,1.009
1456319401.0,e71144f3,0.929
1456319401.0,401db24e,0.959
1456319401.0,73c26a55,0.999
1456319401.0,6313d441,0.949
1456319401.0,2fc8ca29,1.009
1456319401.0,2b6463d1,0.969
1456319401.0,7eb1f44d,0.969
1456319401.0,47a5253e,0.999
1456319401.0,f028637b,1.019
1456319401.0,cfea1db9,0.979
1456319401.0,2b9c0c23,0.969
1456319401.0,e04ac56b,0.949
1456319401.0,c88d1f3b,1.019
1456319401.0,36d6fa9e,0.989
1456319401.0,6ea74d6f,0.959
1456319401.0,004e3e89,1.039
1456319401.0,2e72931a,0.979
1456319401.0,ce714a39,0.999
1456319401.0,5ab833c5,0.989
1456319401.0,7da93d4e,0.949
1456319401.0,4f704bb1,0.939
1456319401.0,2c2e77b0,0.959
1456319401.0,a4ab46ee,0.959
1456319401.0,9aff86f3,0.969
1456319401.0,db4ed6aa,1.039
1456319401.0,d2b45043,0.999
1456319401.0,4dcce79a,0.939
1456319401.0,d54da67a,0.969
1456319401.0,4446050c,0.979
1456319401.0,9babce8b,0.969
1456319401.0,6479b534,0.949
1456319401.0,4b53a6b2,1.009
1456319401.0,ac1a5d1b,0.949
1456319401.0,1f1e08d5,0.979
1456319401.0,8bdbf457,0.979
1456319401.0,fb9f21b7,0.959
1456319401.0,4d930ee5,0.939
1456319401.0,e3792bc9,0.989
1456319401.0,1aa38dcc,1.019
1456319401.0,59d4a720,0.969
1456319401.0,ffc9d841,0.989
1456319401.0,ab28d306,1.009
1456319401.0,d66a19f7,0.959
1456319401.0,c56babf8,0.949
1456319401.0,b934f66f,0.969
1456319401.0,c360e760,0.969
1456319401.0,ce0bd00f,0.949
1456319401.0,bb4e75d9,0.919
1456319401.0,959e4b35,1.019
1456319401.0,d44b5cfb,0.929
1456319401.0,,0.999
1456319401.0,58d274cb,0.969
1456319401.0,7934cb40,0.969
1456319401.0,86fe7e76,0.979
1456319401.0,c3c0fce5,0.989
1456319401.0,a093cd4b,0.949
1456319401.0,67c0cb5c,0.979
1456319401.0,17c70718,0.999
1456319401.0,eb680822,0.979
1456319401.0,830e3a6b,1.019
1456319401.0,9fc5c687,0.949
1456319401.0,88cccf93,0.929
1456319401.0,53cfbe4b,0.989
1456319401.0,7f03066f,0.969
1456319401.0,6bac3115,0.939
1456319401.0,31b11e9e,0.979
1456319401.0,7b9e5f97,0.989
1456319401.0,0fc44087,0.979
1456319401.0,52658688,0.989
1456319401.0,4d7be304,0.959
1456319401.0,efb267f7,0.979
1456319401.0,faaa1fe7,0.989
1456319401.0,9c308e5f,0.949
1456319401.0,0218a51d,0.939
1456319401.0,229bb6b8,0.979
1456319401.0,59635b5d,0.949
1456319401.0,,0.949
1456319401.0,d38f9f16,0.939
1456319401.0,ed5d3dbd,0.959
1456319401.0,94be3c52,0.969
1456319401.0,6cc0c611,0.979
1456319401.0,9f57c2e7,0.959
1456319401.0,86622959,0.999
1456319401.0,ece6b02f,0.989
1456319401.0,59e71e77,0.979
1456319401.0,13ca0d8f,1.019
1456319401.0,2e589edd,0.949
1456319401.0,9010dbc0,0.989
1456319401.0,c1d8eb68,0.999
1456319401.0,729dc678,0.979
1456319401.0,2eeb1496,0.959
1456319401.0,068a30eb,0.979
1456319401.0,bd4d552d,1.009
1456319401.0,2a241874,0.959
1456319401.0,93e9a320,0.969
1456319401.0,4ca2fd5f,0.979
1456319401.0,2867337b,0.949
1456319401.0,fa56fc6e,0.979
1456319401.0,5652b1d3,0.979
1456319401.0,6514f251,0.979
1456319401.0,5b2284eb,0.989
1456319401.0,b913c112,1.019
1456319401.0,54151b0d,0.999
1456319401.0,3bea1c7f,1.029
1456319401.0,19a4a1d9,0.959
1456319401.0,947b9ef2,0.959
1456319401.0,d5022b7f,0.959
1456319401.0,0f155e0a,0.959
1456319401.0,f06e40a6,0.959
1456319401.0,a278bd43,0.969
1456319401.0,2237382a,1.009
1456319401.0,dac4fe2a,0.909
1456319401.0,1acb5863,0.989
1456319401.0,f86a4e1f,1.039
1456319401.0,699fb3bc,0.979
1456319401.0,fbb0ba26,0.979
1456319401.0,52492fd5,0.969
1456319401.0,6202734a,1.019
1456319401.0,52227bb2,1.019
1456319401.0,e9ef6088,0.979
1456319401.0,4a590311,0.999
1456319401.0,3a2ce890,0.969
1456319401.0,,0.929
1456319401.0,ef29f3a1,0.949
1456319401.0,96378df9,0.999
1456319401.0,0ebd49bf,1.019
1456319401.0,9e7d95ec,0.989
1456319401.0,c290efa7,0.969
1456319401.0,c0210272,0.959
1456319401.0,966a40ae,0.969
1456319401.0,54bf86d1,0.959
1456319401.0,7e101351,0.969
1456319401.0,9ab54d52,0.989
1456319401.0,551c6932,0.969
1456319401.0,969b9276,0.979
1456319401.0,1fdc64f7,0.959
1456319401.0,f25ee766,0.939
1456319401.0,ffcde0bb,0.989
1456319401.0,5d637168,0.959
1456319401.0,ae934bd5,0.999
1456319401.0,558b1611,0.969
1456319401.0,a971d6fb,0.959
1456319401.0,e7b6ab01,0.979
1456319401.0,82d40753,0.989
1456319401.0,3f871f58,0.959
1456319401.0,3e198165,0.989
1456319401.0,66c0ab43,0.969
1456319401.0,69e0d4ed,0.949
1456319401.0,1929bb2b,0.979
1456319401.0,a1f3d679,0.969
1456319401.0,14a4c386,0.979
1456319401.0,d010f6f4,1.009
1456319401.0,75aa9617,0.999
1456319401.0,10b34f01,0.969
1456319401.0,6fc48997,0.939
1456319401.0,e6c2b040,0.959
1456319401.0,84d426fd,1.009
1456319401.0,5ac0914e,0.939
1456319401.0,e532f970,0.949
1456319401.0,c98807b3,0.969
1456319401.0,2e24ce9f,0.939
1456319401.0,df543f1f,0.929
1456319401.0,d0f6968c,0.949
1456319401.0,b4154d71,0.989
1456319401.0,89911292,0.969
1456319401.0,3124489d,0.929
1456319401.0,39261c92,0.989
1456319401.0,81f221f2,0.939
1456319401.0,52c251bb,0.949
1456319401.0,7d502fbb,0.969
1456319401.0,0022ec87,0.949
1456319401.0,dc48ebf6,0.949
1456319401.0,64bc8569,0.959
1456319401.0,0fcc99fa,1.009
1456319401.0,092457e4,0.949
1456319401.0,2644599e,0.969
1456319401.0,98e26149,0.939
1456319401.0,4b2b710a,0.989
1456319401.0,5d5f21ff,1.019
1456319401.0,cf0f7009,0.959
1456319401.0,0e7d2ef5,1.009
1456319401.0,,0.999
1456319401.0,4ae6afd6,0.959
1456319401.0,8e0ce406,0.969
1456319401.0,fd9a80c1,0.954
1456319401.0,32c905a8,0.989
1456319401.0,c5b26ed2,0.959
1456319401.0,cd9d922f,0.979
1456319401.0,5ce80f96,1.019
1456319401.0,65788d91,0.959
1456319401.0,4a9b9c71,0.979
1456319401.0,dcca746a,0.949
1456319401.0,74775b0d,0.979
1456319401.0,f97a19ce,0.969
1456319401.0,987b9a76,0.979
1456319401.0,956c6d65,0.959
1456319401.0,d0b8a1f7,0.949
1456319401.0,cb987f86,1.009
1456319401.0,16e01aa0,1.019
1456319401.0,5192889f,0.989
1456319401.0,7a411a95,0.999
1456319401.0,d3052d2c,0.969
1456319401.0,a93262c3,0.959
1456319401.0,1c3b6ee2,0.969
1456319401.0,580449f1,0.929
1456319401.0,9628820d,0.989
1456319401.0,7e056bdf,0.959
1456319401.0,abb8ccea,1.019
1456319401.0,08e9a69f,0.939
1456319401.0,0be30200,0.989
1456319401.0,635564fa,0.979
1456319401.0,788d83d5,0.999
1456319401.0,a0f41fbb,0.989
1456319401.0,ae505f44,0.969
1456319401.0,790cb266,0.989
1456319401.0,5f27c859,0.939
1456319401.0,a514041e,1.029
1456319401.0,0d4c6469,0.939
1456319401.0,d34f18ac,0.969
1456319401.0,3e32276d,0.949
1456319401.0,a5312f3b,0.939
1456319401.0,3ad0cccc,0.969
1456319401.0,41ca6c6a,1.019
1456319401.0,4dc315a0,0.969
1456319401.0,dc5ff7cf,0.959
1456319401.0,2ce5573c,0.999
1456319401.0,d3a45b84,0.939
1456319401.0,990bc1af,0.959
1456319401.0,3db6506a,0.989
1456319401.0,c41ce805,0.989
1456319401.0,ea0a7462,0.939
1456319401.0,6dca6f1b,0.979
1456319401.0,58c2b34c,0.959
1456319401.0,a231278b,0.959
1456319401.0,54c764d3,1.009
1456319401.0,91211c7b,0.949
1456319401.0,69fc95ea,0.969
1456319401.0,91823808,0.969
1456319401.0,6a27f09d,0.959
1456319401.0,bccaf145,0.939
1456319401.0,f4b9f379,0.959
1456319401.0,e1936457,0.949
1456319401.0,05cd05cd,0.969
1456319401.0,7cefc69f,0.959
1456319401.0,193d5fa7,0.939
1456319401.0,73787573,0.929
1456319401.0,225eaacb,0.959
1456319401.0,2c946e5c,0.959
1456319401.0,ce8b60a3,0.929
1456319401.0,a3f3755e,0.919
1456319401.0,69a09fed,0.959
1456319401.0,128ef159,0.959
1456319401.0,66af339e,0.929
1456319401.0,e5cba29c,0.959
1456319401.0,,0.979
1456319401.0,024c1344,0.949
1456319401.0,78f2b451,1.009
1456319401.0,c5b214ef,1.029
1456319401.0,a0088371,1.029
1456319401.0,47c753f1,0.979
1456319401.0,7818ad58,0.959
1456319401.0,6f65a418,1.039
1456319401.0,435e7b69,0.969
1456319401.0,baff6152,0.989
1456319401.0,6c3352c9,0.989
1456319401.0,1636f44a,0.969
1456319401.0,fe407811,0.939
1456319401.0,037aefcb,0.989
1456319401.0,5693dbae,0.979
1456319401.0,4c67dc1a,0.969
1456319401.0,e8812318,1.039
1456319401.0,3473636a,0.969
1456319401.0,695d0dcc,0.939
1456319401.0,,0.969
1456319401.0,6ad5396e,0.979
1456319401.0,c7e8775e,0.949
1456319401.0,9d4458f3,0.969
1456319401.0,18b3ac80,0.979
1456319401.0,e395d76d,0.959
1456319401.0,f88288ac,0.979
1456319401.0,47d7ec0a,0.959
1456319401.0,6e0e837e,0.969
1456319401.0,5be10874,0.999
1456319401.0,ce90c05e,1.009
1456319401.0,1809b397,0.949
1456319401.0,6b365c9c,0.999
1456319401.0,c4906344,0.969
1456319401.0,a07d5f54,0.979
1456319401.0,c0ab948d,0.999
1456319401.0,c37638ee,0.989
1456319401.0,5dc3decc,0.999
1456319401.0,1e17f92c,0.949
1456319401.0,f22ce4a2,0.969
1456319401.0,adaeaab7,0.979
1456319401.0,8f8ade78,0.969
1456319401.0,30466612,0.989
1456319401.0,c77607db,0.989
1456319401.0,4e43cf44,0.949
1456319401.0,7f6e5cbd,0.949
1456319401.0,b2fe44c9,0.999
1456319401.0,502fb54b,1.029
1456319401.0,8f2afdd4,0.999
1456319401.0,c1599ca9,1.019
1456319401.0,129427de,0.979
1456319401.0,b48a36b2,0.959
1456319401.0,eeb96d2d,0.969
1456319401.0,833241cf,0.999
1456319401.0,7dc477e0,0.939
1456319401.0,aae7bd53,0.959
1456319401.0,7680fb35,0.969
1456319401.0,b09e60a5,0.979
1456319401.0,64735bee,0.939
1456319401.0,5e128548,0.969
1456319401.0,d1780d08,0.989
1456319401.0,fee1f686,0.939
1456319401.0,6754752f,1.009
1456319401.0,809b9631,0.959
1456319641.0,b3e77b0d,0.935
1456319641.0,1ddbee38,0.949
1456319641.0,0f8246c8,0.969
1456319641.0,49052290,0.959
1456319641.0,0536c920,0.959
1456319641.0,43951a64,1.009
1456319641.0,3f9ee0ff,0.949
1456319641.0,f64d5154,0.969
1456319641.0,00605faf,0.979
1456319641.0,3a826c9e,0.929
1456319641.0,b8fa7f55,0.949
1456319641.0,1509b860,0.949
1456319641.0,21dc7e61,0.949
1456319641.0,2cfa82fa,0.969
1456319641.0,885c23aa,0.969
1456319641.0,68f6b885,0.999
1456319641.0,35756296,0.999
1456319641.0,a39def90,0.939
1456319641.0,f6b43ef3,0.979
1456319641.0,e86bda6e,0.929
1456319641.0,175bcea1,0.979
1456319641.0,8732a111,0.989
1456319641.0,55da4d14,0.949
1456319641.0,4da4802c,0.959
1456319641.0,646811ac,0.969
1456319641.0,91c611ad,0.949
1456319641.0,59e65cb9,0.959
1456319641.0,cf18b057,0.959
1456319641.0,7cd1d3ec,1.009
1456319641.0,bb34b27f,0.959
1456319641.0,8c0b2fab,0.949
1456319641.0,6f9fee8c,0.989
1456319641.0,681bcf47,0.959
1456319641.0,5426515a,0.979
1456319641.0,304be57d,0.989
1456319641.0,1ed95260,0.979
1456319641.0,7828885e,0.929
1456319641.0,c8fac997,0.939
1456319641.0,605da2e4,0.939
1456319641.0,ddd15cbb,1.019
1456319641.0,2d591431,0.939
1456319641.0,3201c40b,0.969
1456319641.0,5ce9d453,0.939
1456319641.0,9204320b,0.969
1456319641.0,ddaef23c,0.989
1456319641.0,dcbfbcf3,0.939
1456319641.0,9bf65a40,0.979
1456319641.0,,0.969
1456319641.0,9df734df,0.929
1456319641.0,9a099132,1.029
1456319641.0,cc1b41c2,0.979
1456319641.0,9d51c1aa,0.989
1456319641.0,d9de1886,0.959
1456319641.0,b089244a,0.969
1456319641.0,ee75d139,0.979
1456319641.0,0521e7ef,0.979
1456319641.0,d98c0af9,0.939
1456319641.0,d6e5c3f0,0.959
1456319641.0,0afb21d0,0.969
1456319641.0,78566eaf,0.959
1456319641.0,01169ddb,1.009
1456319641.0,c1772f1e,0.949
1456319641.0,2cd62c9f,0.979
1456319641.0,4a2e604f,0.989
1456319641.0,5ecab051,0.999
1456319641.0,d89d5f83,0.959
1456319641.0,112e83a5,0.979
1456319641.0,44e9da67,0.959
1456319641.0,cfc34477,0.979
1456319641.0,98cb49b1,0.989
1456319641.0,dc36cd86,0.999
1456319641.0,60399455,0.949
1456319641.0,d52f4585,0.979
1456319641.0,884a1646,0.949
1456319641.0,eeb16be0,0.949
1456319641.0,e401b629,0.979
1456319641.0,c0ad4417,0.949
1456319641.0,daf5b359,0.959
1456319641.0,4a523aab,1.029
1456319641.0,0e1fdace,0.949
1456319641.0,696e88f4,0.939
1456319641.0,215c30e8,0.969
1456319641.0,5af6e995,0.969
1456319641.0,7a1b2121,0.969
1456319641.0,fb686be7,0.979
1456319641.0,07f5aeea,0.969
1456319641.0,7840ee28,0.969
1456319641.0,1c2d1949,0.999
1456319641.0,8efe111b,0.969
1456319641.0,f0dcfc81,0.959
1456319641.0,eefff0b8,0.949
1456319641.0,f0e3472f,0.969
1456319641.0,78c59dfc,0.939
1456319641.0,df3fd5ef,0.989
1456319641.0,ed2deb3d,0.999
1456319641.0,bc467691,0.959
1456319641.0,8e3599bc,0.979
1456319641.0,87a74906,0.959
1456319641.0,2f231204,0.929
1456319641.0,5c2d9a2c,1.029
1456319641.0,5f881538,0.959
1456319641.0,de376e73,0.959
1456319641.0,59a378e4,0.969
1456319641.0,2fe20e60,0.969
1456319641.0,32c66e9a,0.969
1456319641.0,2cb5ba1b,0.989
1456319641.0,f53c3bb0,0.939
1456319641.0,113d0a42,0.999
1456319641.0,982ef9d8,0.959
1456319641.0,37034115,0.999
1456319641.0,76a9774c,0.999
1456319641.0,69a8b3d2,0.949
1456319641.0,ad949c4b,0.959
1456319641.0,44850052,0.939
1456319641.0,44dd8de5,1.009
1456319641.0,67ea9fcc,0.979
1456319641.0,4b23821f,0.979
1456319641.0,d0f9f901,0.969
1456319641.0,8a4d8b45,0.959
1456319641.0,e727162d,1.009
1456319641.0,8c716afc,1.009
1456319641.0,efbeec26,0.989
1456319641.0,0998aab1,0.979
1456319641.0,8e8fc0d2,0.959
1456319641.0,9d98d36c,1.059
1456319641.0,4d40c826,0.939
1456319641.0,632dad6b,0.999
1456319641.0,d0d137e8,0.979
1456319641.0,ab4700c2,0.959
1456319641.0,1d5cb0e7,0.959
1456319641.0,c7bec506,0.979
1456319641.0,51fd157b,0.969
1456319641.0,d16fca8a,0.999
1456319641.0,623e9424,0.979
1456319641.0,50ccc5eb,0.959
1456319641.0,d596df4f,1.019
1456319641.0,2aa06f6e,0.959
1456319641.0,09a6cc4e,1.009
1456319641.0,7cdcdb86,0.989
1456319641.0,5697f128,0.939
1456319641.0,9bf2ca69,0.999
1456319641.0,b9331765,0.969
1456319641.0,a9f75b32,0.989
1456319641.0,5d40a336,0.964
1456319641.0,386d835f,1.009
1456319641.0,8bd77566,1.019
1456319641.0,9609842a,0.929
1456319641.0,a02bf729,0.979
1456319641.0,abac441c,1.029
1456319641.0,3a04ab7b,0.989
1456319641.0,8c76092e,0.929
1456319641.0,71b0f730,0.949
1456319641.0,e2c6b885,0.979
1456319641.0,1d3d3ee8,0.969
1456319641.0,4b2eb0cf,0.969
1456319641.0,0de2cbad,0.949
1456319641.0,91b59473,0.959
1456319641.0,de4dfcb8,0.979
1456319641.0,d7d438ac,0.999
1456319641.0,0094aa42,0.939
1456319641.0,305b11b7,0.989
1456319641.0,e31f4b76,0.979
1456319641.0,2736cca4,0.939
1456319641.0,916aaf2f,0.949
1456319641.0,a448f8aa,0.989
1456319641.0,2947866d,0.979
1456319641.0,9a88a460,0.949
1456319641.0,3f5f0189,0.939
1456319641.0,121ea079,0.989
1456319641.0,687cd7ef,0.979
1456319641.0,9fbf8dcd,1.019
1456319641.0,efb9c112,0.979
1456319641.0,9ec908ec,1.029
1456319641.0,ad129baa,0.979
1456319641.0,1a2274d4,0.959
1456319641.0,c69497b1,0.979
1456319641.0,e1e7fd9f,0.969
1456319641.0,d088285e,0.979
1456319641.0,61a8a961,0.969
1456319641.0,102299ad,0.959
1456319641.0,7aa7e8fe,0.969
1456319641.0,c9d1727e,0.969
1456319641.0,06259905,0.989
1456319641.0,20e9b084,0.929
1456319641.0,f479c8f0,0.979
1456319641.0,60531009,0.969
1456319641.0,b159aa41,0.979
1456319641.0,f084458d,0.949
1456319641.0,c7e1e757,0.919
1456319641.0,b71681a4,0.979
1456319641.0,78300ca0,0.989
1456319641.0,6bd14210,0.969
1456319641.0,0f1ef6bd,0.959
1456319641.0,566376d2,0.979
1456319641.0,48abfcff,0.929
1456319641.0,883007ed,0.969
1456319641.0,f141ff6e,0.979
1456319641.0,34b00dee,0.949
1456319641.0,3fe74e61,0.959
1456319641.0,d48d3de5,0.949
1456319641.0,5773d9f5,0.959
1456319641.0,62e5651b,0.959
1456319641.0,a2806a38,0.949
1456319641.0,ce366998,0.999
1456319641.0,2da54b83,0.959
1456319641.0,4cad0289,0.969
1456319641.0,16faf672,0.949
1456319641.0,7e3542f5,0.979
1456319641.0,d2a69e6d,0.979
1456319641.0,beb2cad8,0.969
1456319641.0,91f136df,0.939
1456319641.0,b83dae63,0.949
1456319641.0,dbba73c9,0.959
1456319641.0,6e407997,0.919
1456319641.0,8ee67957,0.949
1456319641.0,37a4ac8d,0.919
1456319641.0,bd986553,1.039
1456319641.0,a484c61a,0.979
1456319641.0,85f096bd,0.969
1456319641.0,57610ffb,0.969
1456319641.0,6ba4d917,0.97
1456319641.0,b375596b,1.059
1456319641.0,b387d3fa,0.959
1456319641.0,d36f6c02,0.969
1456319641.0,631aa32c,0.939
1456319641.0,ac4a43b1,0.939
1456319641.0,59005fdf,0.979
1456319641.0,a7f53ccb,0.959
1456319641.0,21ab2968,1.009
1456319641.0,1b9c9285,0.989
1456319641.0,aa3a4a0b,0.954
1456319641.0,0b2f66ab,0.989
1456319641.0,9ead4ada,0.984
1456319641.0,0bb6e251,0.969
1456319641.0,6b388a21,0.959
1456319641.0,a438cba7,0.989
1456319641.0,b1ca0ed3,0.979
1456319641.0,5e0befb2,0.929
1456319641.0,d443343e,0.979
1456319641.0,5c33525a,0.939
1456319641.0,98e9a25d,0.969
1456319641.0,2214026d,0.999
1456319641.0,1c239584,0.969
1456319641.0,8da197a5,0.969
1456319641.0,853a3988,0.979
1456319641.0,ffe4ba98,0.939
1456319641.0,6c8423e1,0.949
1456319641.0,bfb7a4d6,0.989
1456319641.0,3a7d2c69,0.979
1456319641.0,e60f2fb7,1.019
1456319641.0,e8ee4568,0.949
1456319641.0,8576f4a6,0.949
1456319641.0,4432f96b,1.019
1456319641.0,878510cb,0.989
1456319641.0,7e4b74b7,0.979
1456319641.0,3b31f64c,0.939
1456319641.0,6eaed040,0.989
1456319641.0,dbdf18e8,0.969
1456319641.0,a82fd967,0.939
1456319641.0,feeb48dc,0.949
1456319641.0,013daa88,0.969
1456319641.0,34f054d7,0.989
1456319641.0,129ccfd3,0.979
1456319641.0,03ca5dbc,0.969
1456319641.0,44565663,0.969
1456319641.0,19dd6ffa,0.969
1456319641.0,465ed67d,0.989
1456319641.0,521538f8,0.989
1456319641.0,e76cb56f,0.969
1456319641.0,13579cfd,0.969
1456319641.0,41d483a2,0.979
1456319641.0,443ddb72,0.979
1456319641.0,0bd9645c,0.969
1456319641.0,85a27935,0.939
1456319641.0,028572b1,0.949
1456319641.0,2a5a0676,0.959
1456319641.0,476fa607,0.949
1456319641.0,6390097a,0.989
1456319641.0,b7361158,0.979
1456319641.0,f0af9cc2,0.939
1456319641.0,adf8d23a,0.939
1456319641.0,c7d7314f,0.999
1456319641.0,365e9221,0.969
1456319641.0,5ae3e1ca,0.939
1456319641.0,44bf3174,0.939
1456319641.0,9b0e4618,0.969
1456319641.0,30ac5a0c,0.959
1456319641.0,64d3ba48,0.979
1456319641.0,c00a63fa,0.989
1456319641.0,,0.949
1456319641.0,9c5b140c,1.009
1456319641.0,17bc7e07,0.949
1456319641.0,3ca42fdd,0.979
1456319641.0,c03f4ffa,0.959
1456319641.0,b0599356,0.959
1456319641.0,4f2bb69c,0.999
1456319641.0,a1605c07,0.939
1456319641.0,90f5114b,0.959
1456319641.0,4d90c00c,0.979
1456319641.0,72c22a1e,1.009
1456319641.0,d87d8186,0.959
1456319641.0,a709f6ca,0.979
1456319641.0,a2283cb3,1.009
1456319641.0,5e6b1f04,0.919
1456319641.0,ff138580,0.959
1456319641.0,d9811c4e,0.989
1456319641.0,d63e5150,0.969
1456319641.0,bd525580,0.989
1456319641.0,c4e17b93,0.939
1456319641.0,2844ce37,0.999
1456319641.0,a5de0540,0.979
1456319641.0,76e0e2ad,0.969
1456319641.0,77c875bb,0.999
1456319641.0,68cd8b5a,0.959
1456319641.0,7683a8c0,0.999
1456319641.0,39bd20ff,0.999
1456319641.0,ee4163c1,0.949
1456319641.0,ba33f726,0.989
1456319641.0,29c7431a,0.989
1456319641.0,930b627b,0.959
1456319641.0,fc062d47,0.929
1456319641.0,016f3133,0.929
1456319641.0,313314f6,0.969
1456319641.0,3ff7f5f2,0.979
1456319641.0,afc2b240,0.959
1456319641.0,c1dfd045,0.999
1456319641.0,0abf9cad,0.989
1456319641.0,,0.939
1456319641.0,917af1e0,0.939
1456319641.0,,0.989
1456319641.0,0d686aad,0.959
1456319641.0,ace72885,0.939
1456319641.0,c5820262,0.949
1456319641.0,164df318,1.029
1456319641.0,07f603f1,0.959
1456319641.0,718fb25f,0.959
1456319641.0,81ffe4cd,0.979
1456319641.0,,0.989
1456319641.0,64bb101c,0.949
1456319641.0,9bb8a377,0.979
1456319641.0,8bd3b9de,0.989
1456319641.0,ede4801f,1.039
1456319641.0,8b94eddf,0.989
1456319641.0,78e9f79a,0.969
1456319641.0,162f1e57,0.984
1456319641.0,1dcc8077,0.989
1456319641.0,59affa92,1.019
1456319641.0,73c26a55,0.999
1456319641.0,ed71cccb,0.989
1456319641.0,25a832ea,0.959
1456319641.0,6c0b296e,0.989
1456319641.0,7e0a1569,0.999
1456319641.0,82ca3bd9,0.959
1456319641.0,1bfb4c20,0.989
1456319641.0,f53d423d,1.009
1456319641.0,bbbd1342,0.949
1456319641.0,1a23b0f9,0.939
1456319641.0,840be68f,0.969
1456319641.0,8b68e5d5,1.009
1456319641.0,21fb52c4,0.999
1456319641.0,6174c30f,0.959
1456319641.0,5a5bd833,0.949
1456319641.0,26ae107e,0.939
1456319641.0,bb289d26,0.969
1456319641.0,98f928d6,0.969
1456319641.0,602ec85f,0.999
1456319641.0,d83809d0,0.979
1456319641.0,79ddc5ca,0.989
1456319641.0,f9660ed1,1.049
1456319641.0,54aa9266,0.929
1456319641.0,d319e0cd,1.029
1456319641.0,5d8dcd1a,0.959
1456319641.0,f6c091f9,0.969
1456319641.0,0dafb9e9,0.929
1456319641.0,37a893dc,0.969
1456319641.0,5d45148e,0.999
1456319641.0,ce5281ae,0.969
1456319641.0,6f5e3368,0.979
1456319641.0,7549bbf6,1.009
1456319641.0,4b53a6b2,0.999
1456319641.0,d3faff64,0.979
1456319641.0,dc9494a5,0.979
1456319641.0,bbc20221,0.979
1456319641.0,f44d6f08,0.989
1456319641.0,460a08a3,0.969
1456319641.0,46950b68,0.949
1456319641.0,c4b1a3a1,0.989
1456319641.0,8f644357,0.989
1456319641.0,a63774ee,0.969
1456319641.0,0900dfb0,0.989
1456319641.0,c44abeea,0.979
1456319641.0,75151463,0.979
1456319641.0,c2a07e5c,0.949
1456319641.0,ab28d306,0.999
1456319641.0,212dc31a,0.939
1456319641.0,d26f4ccf,0.989
1456319641.0,ce73fb63,0.929
1456319641.0,0df6de58,0.939
1456319641.0,3c41d6ca,0.959
1456319641.0,6c260eb8,0.959
1456319641.0,f1f7ae62,0.934
1456319641.0,d404277d,0.959
1456319641.0,820ce6ed,0.969
1456319641.0,bf425f54,0.929
1456319641.0,3edff2fe,1.009
1456319641.0,e3a6c1d2,0.969
1456319641.0,b685aa76,0.959
1456319641.0,c79adad0,0.969
1456319641.0,97f194f9,0.969
1456319641.0,6f40a7c4,0.969
1456319641.0,0345dfe7,0.969
1456319641.0,7fdd64dc,0.909
1456319641.0,c69c61f6,0.989
1456319641.0,354f3556,0.979
1456319641.0,efb43212,0.989
1456319641.0,a0bdc489,0.959
1456319641.0,f7b78f12,0.939
1456319641.0,37df3e29,0.979
1456319641.0,e589fd9d,0.959
1456319641.0,864d06ee,0.959
1456319641.0,7c06a27e,0.999
1456319641.0,526f4c6d,0.979
1456319641.0,d717e4c7,0.969
1456319641.0,8e88bf8c,0.959
1456319641.0,ba2fdbe6,0.969
1456319641.0,1594dd58,0.984
1456319641.0,7902adc7,1.009
1456319641.0,d2c0bc6d,0.969
1456319641.0,bc3ec897,0.989
1456319641.0,243cd548,1.009
1456319641.0,0ed46e0c,0.939
1456319641.0,cfbd6d9d,0.949
1456319641.0,a453e0de,0.949
1456319641.0,11ed7bd3,0.989
1456319641.0,8bce4624,0.969
1456319641.0,dff7e38b,0.939
1456319641.0,03261265,0.979
1456319641.0,022de539,0.979
1456319641.0,5e3c55e4,0.949
1456319641.0,eabcfe38,0.994
1456319641.0,fe69cf27,0.999
1456319641.0,1d10714b,1.029
1456319641.0,e109622e,0.969
1456319641.0,2c2152b5,0.959
1456319641.0,06de41d8,0.989
1456319641.0,5e613253,0.929
1456319641.0,d33a84e0,0.949
1456319641.0,997cbfdf,0.979
1456319641.0,f29cadc1,1.029
1456319641.0,3321fa98,0.989
1456319641.0,564ef774,0.949
1456319641.0,e60668f4,1.009
1456319641.0,54b31cf8,0.959
1456319641.0,0a6dec42,0.929
1456319641.0,e2cdf18c,0.999
1456319641.0,7f05643c,0.989
1456319641.0,f6bf784e,0.969
1456319641.0,f5268ec9,0.989
1456319641.0,8c81c551,0.969
1456319641.0,4687563d,0.939
1456319641.0,155982b5,0.999
1456319641.0,8a72c03e,0.959
1456319641.0,5ec2ab05,0.969
1456319641.0,0496cd5a,0.979
1456319641.0,1cc4daa8,0.999
1456319641.0,d279ee07,0.979
1456319641.0,d606d463,0.979
1456319641.0,c5e12fd4,0.959
1456319641.0,c9dc18ed,0.999
1456319641.0,b1450a7d,0.989
1456319641.0,f2ba4bc6,0.979
1456319641.0,a7b1a4ab,0.969
1456319641.0,12d2f4a6,0.979
1456319641.0,754da3ab,0.989
1456319641.0,93ef3495,1.019
1456319641.0,b14bb16f,0.949
1456319641.0,3f1e04e5,0.969
1456319641.0,df98ca08,0.969
1456319641.0,cfeaab1a,0.999
1456319641.0,ddeeda43,0.939
1456319641.0,a622d33e,0.949
1456319641.0,8c24cc40,0.969
1456319641.0,415092bd,1.029
1456319641.0,f333e2b9,0.939
1456319641.0,8e7b7790,0.989
1456319641.0,b8088ed5,1.009
1456319641.0,032e8b57,0.999
1456319641.0,b2c3faec,0.989
1456319641.0,371bd3e6,0.969
1456319641.0,8cb4fc7c,0.929
1456319641.0,8ce27d1a,0.989
1456319641.0,0c37347b,0.979
1456319641.0,9c7b372a,0.959
1456319641.0,35cf8855,0.989
1456319641.0,39edd173,0.989
1456319641.0,26056533,1.019
1456319641.0,982ba5cc,0.959
1456319641.0,bdd46409,0.989
1456319641.0,49fa8372,0.969
1456319641.0,e600cf0f,0.949
1456319641.0,ef29f3a1,0.919
1456319641.0,aeec46d3,1.019
1456319641.0,6bf6b199,0.969
1456319641.0,ce6b83b7,0.989
1456319641.0,5a8f6bb5,0.959
1456319641.0,a2db42f9,0.975
1456319641.0,649a77db,0.969
1456319641.0,93656c34,0.979
1456319641.0,fa3092ba,0.999
1456319641.0,bec87d80,0.989
1456319641.0,e291397b,0.949
1456319641.0,72056682,0.969
1456319641.0,368b0430,0.959
1456319641.0,8c225212,1.019
1456319641.0,23e2d722,0.989
1456319641.0,c466d5fa,1.009
1456319641.0,92740284,0.969
1456319641.0,f8080a8e,0.959
1456319641.0,be48bbf9,0.979
1456319641.0,80d7d85e,0.969
1456319641.0,2096e49a,0.939
1456319641.0,dc7fb76c,0.969
1456319641.0,fec0f633,0.954
1456319641.0,48038048,0.989
1456319641.0,ac5fa96a,0.949
1456319641.0,33a2e297,0.979
1456319641.0,968f2fb0,0.959
1456319641.0,a5b8429f,0.969
1456319641.0,2e64cc2e,1.019
1456319641.0,37b5d60a,0.949
1456319641.0,422fbafa,1.009
1456319641.0,d375e9a2,0.999
1456319641.0,c90ddd1c,1.009
1456319641.0,25a4e3ad,0.969
1456319641.0,dcd3f71a,0.959
1456319641.0,f4105cbc,0.969
1456319641.0,9f34d3c7,0.979
1456319641.0,c9333668,0.999
1456319641.0,a971d6fb,0.959
1456319641.0,82d40753,0.969
1456319641.0,ab141bc6,1.069
1456319641.0,3e198165,0.989
1456319641.0,dce30980,0.969
1456319641.0,d643ef3d,0.949
1456319641.0,95434626,0.999
1456319641.0,82e36ee5,0.979
1456319641.0,adf9dd3f,0.989
1456319641.0,e939fab3,0.969
1456319641.0,7929baa2,1.029
1456319641.0,f8ab4e9f,0.959
1456319641.0,06931b13,0.999
1456319641.0,e433bf13,0.959
1456319641.0,6582ce6e,0.964
1456319641.0,3cef8afc,0.939
1456319641.0,9acedda4,0.999
1456319641.0,4d79856a,0.979
1456319641.0,2e5cae9f,0.979
1456319641.0,7b5f8374,0.969
1456319641.0,5f695bd8,0.929
1456319641.0,0b0f2129,0.929
1456319641.0,31be0909,0.959
1456319641.0,e5dd54d4,1.069
1456319641.0,ccd903a8,0.969
1456319641.0,83fa6876,0.969
1456319641.0,d351cb6a,0.969
1456319641.0,31c83690,0.949
1456319641.0,6232cf12,0.959
1456319641.0,,0.999
1456319641.0,94c17036,1.009
1456319641.0,,0.939
1456319641.0,7d502fbb,0.939
1456319641.0,dc48ebf6,0.949
1456319641.0,73af6d41,0.969
1456319641.0,196134a5,0.969
1456319641.0,1848de21,0.989
1456319641.0,95577aab,0.949
1456319641.0,da670ade,0.929
1456319641.0,e8780170,0.989
1456319641.0,f9fbac11,0.989
1456319641.0,e8a25ade,0.999
1456319641.0,,1.009
1456319641.0,3e574cd0,0.969
1456319641.0,20df8dd2,0.969
1456319641.0,d8601954,0.989
1456319641.0,72e91f24,0.949
1456319641.0,307d645f,0.959
1456319641.0,fb80b39a,0.979
1456319641.0,411533c8,0.949
1456319641.0,edde0c0f,1.019
1456319641.0,ca71f476,1.039
1456319641.0,e00ca8bb,0.979
1456319641.0,69e811f1,0.959
1456319641.0,8597e067,0.939
1456319641.0,a0239e5c,0.939
1456319641.0,6ad7e90e,0.969
1456319641.0,0879f78d,1.119
1456319641.0,8447198d,0.959
1456319641.0,44222522,0.949
1456319641.0,44f748b5,0.999
1456319641.0,1a8a222a,0.979
1456319641.0,9425b86b,0.999
1456319641.0,ac394be0,0.949
1456319641.0,ed0f06c1,0.989
1456319641.0,b2dce7a0,0.989
1456319641.0,ba9fb6db,0.979
1456319641.0,cb47b300,0.969
1456319641.0,069e66bc,0.929
1456319641.0,ebe777f4,0.959
1456319641.0,d1832039,0.989
1456319641.0,c3cd9932,0.969
1456319641.0,1543d9a2,0.969
1456319641.0,6ff38393,0.999
1456319641.0,974d725c,0.949
1456319641.0,7d9700c4,0.959
1456319641.0,369fd22f,0.979
1456319641.0,33cd03d6,0.959
1456319641.0,327ea807,1.019
1456319641.0,790cb266,0.989
1456319641.0,2a6e5bb1,0.959
1456319641.0,b6458958,0.939
1456319641.0,0bcef4ad,0.939
1456319641.0,4768200e,0.989
1456319641.0,04aefaad,0.999
1456319641.0,bd3ee18d,0.939
1456319641.0,39dabb89,0.979
1456319641.0,a6fe89c8,0.999
1456319641.0,b718f9fa,0.969
1456319641.0,f5234ec2,0.969
1456319641.0,fdd8eb18,0.949
1456319641.0,cadf0fec,0.969
1456319641.0,d43af2d2,0.949
1456319641.0,,0.999
1456319641.0,152983d0,0.949
1456319641.0,18db456a,1.019
1456319641.0,fe496e01,0.909
1456319641.0,57d1fddc,0.949
1456319641.0,d497f4b5,0.959
1456319641.0,30f8c62f,0.989
1456319641.0,aed2f04c,0.989
1456319641.0,39f6d678,0.999
1456319641.0,6fbc265f,0.989
1456319641.0,53d76725,0.999
1456319641.0,4f650c42,0.999
1456319641.0,d54e3a6e,0.929
1456319641.0,10f309c6,0.969
1456319641.0,6d74a4f4,0.969
1456319641.0,cba1718d,0.949
1456319641.0,ffeb88c9,0.999
1456319641.0,1b2716b3,0.939
1456319641.0,1fe05a5f,0.939
1456319641.0,bcab79d7,0.939
1456319641.0,62d05b95,0.969
1456319641.0,7f1371b6,0.959
1456319641.0,0a2b6f09,0.949
1456319641.0,0ac38eb6,0.949
1456319641.0,25afe900,0.979
1456319641.0,66a925d6,0.959
1456319641.0,225eaacb,0.959
1456319641.0,740982ff,0.989
1456319641.0,8bbd302b,0.949
1456319641.0,89f88deb,0.979
1456319641.0,e7b28238,0.959
1456319641.0,471d5cec,0.959
1456319641.0,2dfe8082,0.939
1456319641.0,e5cba29c,0.939
1456319641.0,973748fa,0.949
1456319641.0,9398e203,0.949
1456319641.0,f4070bfa,0.979
1456319641.0,186f9d64,0.969
1456319641.0,75d9d944,0.979
1456319641.0,113fe84c,0.969
1456319641.0,672ba0d9,0.989
1456319641.0,c16e5a7d,0.979
1456319641.0,f6afdfd6,0.959
1456319641.0,64e31076,0.989
1456319641.0,c7cf7e3e,0.999
1456319641.0,aa506433,0.959
1456319641.0,99125e73,0.959
1456319641.0,6f65a418,1.009
1456319641.0,7f6c2062,0.969
1456319641.0,bd27836d,0.979
1456319641.0,776d441b,0.989
1456319641.0,b894b272,1.009
1456319641.0,dcde1f7c,0.959
1456319641.0,bc302c7c,0.989
1456319641.0,c846f887,0.949
1456319641.0,c3e9fea8,0.964
1456319641.0,1d50351d,0.999
1456319641.0,b8459cb6,0.949
1456319641.0,3d1af500,0.949
1456319641.0,7c85d6ed,1.009
1456319641.0,606d52e3,0.949
1456319641.0,6b248588,0.929
1456319641.0,7059e623,0.939
1456319641.0,23afb420,0.939
1456319641.0,3089305b,0.999
1456319641.0,034d1d51,0.959
1456319641.0,68e1f6e3,0.939
1456319641.0,effeb23b,0.959
1456319641.0,9cd1b58f,0.969
1456319641.0,8289e2d3,1.009
1456319641.0,873835b6,0.979
1456319641.0,b6167e3e,0.989
1456319641.0,c1b38961,0.949
1456319641.0,e3a2ddca,0.949
1456319641.0,750bee8a,0.949
1456319641.0,5b1a63ab,0.969
1456319641.0,e523456f,0.949
1456319641.0,bd9f0dd9,0.979
1456319641.0,ef21b674,0.959
1456319641.0,,0.999
1456319641.0,f93a1db7,0.989
1456319641.0,e544e8dc,1.029
1456319641.0,a9864022,0.959
1456319641.0,8e53fc38,1.009
1456319641.0,87a23e83,0.979
1456319641.0,4d5330ca,0.989
1456319641.0,f22ce4a2,0.959
1456319641.0,6655797e,0.969
1456319641.0,66444795,0.969
1456319641.0,6e44cd2d,0.989
1456319641.0,98b24e11,0.989
1456319641.0,ef38b8ce,0.959
1456319641.0,312f1849,0.969
1456319641.0,204c7d8c,0.969
1456319641.0,345d440e,0.989
1456319641.0,fb363438,0.969
1456319641.0,82a2717a,0.969
1456319641.0,4bb18de7,0.979
1456319641.0,2e89adbb,1.009
1456319641.0,bfe1fb46,0.999
1456319641.0,2a00b312,0.949
1456319641.0,096893a3,0.979
1456319641.0,7ec09a5a,0.989
1456319641.0,53635853,0.979
1456319641.0,69055d76,0.959
1456319641.0,2dc40154,0.969
1456319641.0,53216105,0.959
1456319641.0,09c4d8a3,0.999
1456319641.0,8962a152,0.959
1456319641.0,08f59b41,0.959
1456319641.0,8de1231e,0.989
1456319641.0,cd52f1cb,1.009
1456319641.0,076da68e,0.939
1456319641.0,e5e6c292,0.949
1456319641.0,,0.949
1456319641.0,c9d5e94d,0.979
1456319641.0,ded8bee6,0.949
1456319641.0,2fab73d2,0.929
1456319641.0,afed3ef4,0.969
1456319641.0,0b617cbb,0.949
1456319641.0,,0.949
1456319881.0,9499bcb9,0.959
1456319881.0,ea3de48b,0.979
1456319881.0,7cef606f,0.969
1456319881.0,800f2ca2,0.979
1456319881.0,317387f0,0.969
1456319881.0,42045a7b,0.969
1456319881.0,39b9a4d8,0.949
1456319881.0,caff03c9,0.939
1456319881.0,abb42d56,0.939
1456319881.0,9727ab3a,0.929
1456319881.0,64ac75f0,0.939
1456319881.0,87d550b4,0.989
1456319881.0,6cfd795c,0.939
1456319881.0,a4d2bd28,0.939
1456319881.0,4cee5beb,0.959
1456319881.0,0aede896,0.969
1456319881.0,d62b675f,0.969
1456319881.0,c143cd5a,0.929
1456319881.0,3ccd631d,0.989
1456319881.0,1aa24614,0.999
1456319881.0,b524582e,0.959
1456319881.0,24c10ff0,0.939
1456319881.0,9cdd4f3a,0.949
1456319881.0,3bb20ba7,0.979
1456319881.0,9b76dd1d,0.999
1456319881.0,66c8a343,0.979
1456319881.0,01574e74,0.939
1456319881.0,7b80d32c,0.969
1456319881.0,ae71af81,0.989
1456319881.0,e64f148b,1.009
1456319881.0,44ca04a3,0.999
1456319881.0,9423afb9,0.959
1456319881.0,4ffe2958,0.979
1456319881.0,19a4dc27,0.999
1456319881.0,8a33170f,1.009
1456319881.0,b7218e20,0.989
1456319881.0,2a7a2a42,1.029
1456319881.0,6fb67f4c,0.939
1456319881.0,7a8bfc02,0.989
1456319881.0,c095b991,0.989
1456319881.0,ed770a27,0.979
1456319881.0,02f94ae2,1.009
1456319881.0,8bb0059b,0.949
1456319881.0,f785fb75,0.979
1456319881.0,8d7cf3c9,1.029
1456319881.0,2a00611c,0.949
1456319881.0,595a2321,0.939
1456319881.0,acb93b88,0.999
1456319881.0,,0.969
1456319881.0,e1e9b42f,0.989
1456319881.0,f5c448cd,0.999
1456319881.0,2228d8bc,0.989
1456319881.0,332c6cef,0.989
1456319881.0,d93d5579,0.999
1456319881.0,c6dcc020,0.949
1456319881.0,5f3ccc40,0.969
1456319881.0,228b1c39,0.969
1456319881.0,c232241f,0.969
1456319881.0,d5a86b4b,1.079
1456319881.0,ee45ac15,0.959
1456319881.0,761dd171,0.979
1456319881.0,ca1add7b,1.029
1456319881.0,e1307a34,0.989
1456319881.0,0fc08209,0.959
1456319881.0,f10a7896,0.969
1456319881.0,83cf5969,0.979
1456319881.0,3c982b3a,0.909
1456319881.0,c94cdc6e,0.989
1456319881.0,477c7bcf,0.949
1456319881.0,515a767d,0.959
1456319881.0,3b937318,0.989
1456319881.0,a72d491e,0.969
1456319881.0,3870ca4c,0.969
1456319881.0,7d2a6e6a,0.959
1456319881.0,a66ed93a,0.989
1456319881.0,7b5e3751,0.969
1456319881.0,5fb581f7,0.929
1456319881.0,7def65cf,0.929
1456319881.0,0965f28c,0.999
1456319881.0,b51b98e9,0.979
1456319881.0,d3b57fc9,0.969
1456319881.0,5b68d8ad,0.939
1456319881.0,4d87be41,0.979
1456319881.0,9f8e2486,0.979
1456319881.0,68938096,0.929
1456319881.0,a705a30f,1.009
1456319881.0,5355dd4f,0.949
1456319881.0,12fda0fa,1.009
1456319881.0,,0.939
1456319881.0,fc3fcf48,0.999
1456319881.0,e02ad3ff,0.999
1456319881.0,ddce8cd4,0.959
1456319881.0,832073a2,0.969
1456319881.0,,0.979
1456319881.0,254d26d3,0.969
1456319881.0,577be558,0.979
1456319881.0,e2266b20,0.989
1456319881.0,919c9f89,0.979
1456319881.0,a46b4f3d,0.939
1456319881.0,14013752,1.029
1456319881.0,ed2deb3d,0.979
1456319881.0,f90c625e,1.009
1456319881.0,4190ae32,0.969
1456319881.0,bc235ee2,0.929
1456319881.0,c67cc2dd,0.969
1456319881.0,9fad7fea,0.959
1456319881.0,b8bbf107,0.959
1456319881.0,592bb59f,0.999
1456319881.0,7d4cb90b,1.009
1456319881.0,84cd3ae4,0.969
1456319881.0,1829c766,0.979
1456319881.0,a618c589,0.999
1456319881.0,4b06da23,0.959
1456319881.0,de376e73,0.939
1456319881.0,1e85a7ee,0.979
1456319881.0,459eef9d,0.959
1456319881.0,fe0b6fc9,1.009
1456319881.0,c307725e,0.989
1456319881.0,711d036b,0.969
1456319881.0,30e25cec,0.949
1456319881.0,69d23d4e,0.959
1456319881.0,b37f9c11,0.969
1456319881.0,c482433b,0.949
1456319881.0,f8e15df3,0.989
1456319881.0,c1526cfd,0.929
1456319881.0,bae5bc24,0.969
1456319881.0,7053ce5b,1.009
1456319881.0,6148f9f1,0.949
1456319881.0,3a244657,0.979
1456319881.0,6949ed4a,1.029
1456319881.0,db407393,0.939
1456319881.0,22869ab1,0.959
1456319881.0,8f3d810d,1.009
1456319881.0,69206b79,0.979
1456319881.0,58d71582,0.969
1456319881.0,10337302,0.939
1456319881.0,8b3acbfa,0.949
1456319881.0,49a12bf4,0.959
1456319881.0,9f1a6e1f,0.949
1456319881.0,a2729b52,0.969
1456319881.0,53de80d3,0.969
1456319881.0,9c044e4f,1.009
1456319881.0,6d248169,0.959
1456319881.0,f969dc08,0.969
1456319881.0,e6c42bec,0.979
1456319881.0,67d125a6,0.954
1456319881.0,8eb14afc,0.969
1456319881.0,45b5a310,0.959
1456319881.0,,0.969
1456319881.0,0f2f9c5f,0.969
1456319881.0,f30258dc,0.989
1456319881.0,53f9f79f,0.959
1456319881.0,43b50967,0.979
1456319881.0,19eb476f,0.969
1456319881.0,548c8c9c,0.989
1456319881.0,4838da54,1.019
1456319881.0,21d78be4,0.959
1456319881.0,4e4e1a16,0.969
1456319881.0,b8c6d215,0.929
1456319881.0,c7316ab3,0.989
1456319881.0,7534fa3e,0.939
1456319881.0,9b0605bd,0.979
1456319881.0,a7a5f25b,0.939
1456319881.0,7bdf8f15,0.959
1456319881.0,dda7560a,0.979
1456319881.0,174df2ec,0.999
1456319881.0,15b99812,0.959
1456319881.0,4fee3e6d,0.969
1456319881.0,118d4934,0.989
1456319881.0,b7b730d9,0.979
1456319881.0,778c7dfa,0.999
1456319881.0,ef61acd1,1.009
1456319881.0,cf228ee3,0.979
1456319881.0,e446361e,0.999
1456319881.0,6ef6d6cb,0.959
1456319881.0,68c7b059,0.959
1456319881.0,83cdf5cb,0.979
1456319881.0,5aede176,0.969
1456319881.0,eabde0e7,0.949
1456319881.0,ed417fe5,0.939
1456319881.0,eaa98c1c,0.979
1456319881.0,b3fe373b,0.979
1456319881.0,c0aa824a,0.979
1456319881.0,5e363c03,0.949
1456319881.0,9d49a53b,0.959
1456319881.0,8cec6d32,0.979
1456319881.0,226af5b1,0.929
1456319881.0,92e92fe0,0.929
1456319881.0,a676af82,0.999
1456319881.0,785d1098,0.969
1456319881.0,3c9e1eb4,0.919
1456319881.0,4586c365,0.969
1456319881.0,657c5e72,0.989
1456319881.0,adf7bc54,0.959
1456319881.0,c6e90545,0.969
1456319881.0,b6b05490,0.979
1456319881.0,37f61ca4,0.979
1456319881.0,08ee2078,0.999
1456319881.0,e07b08d4,0.959
1456319881.0,33554d6c,0.989
1456319881.0,6aba45bf,0.969
1456319881.0,c372d047,0.939
1456319881.0,1330f736,0.959
1456319881.0,15e431dd,0.959
1456319881.0,b42f77df,0.959
1456319881.0,b8f60770,0.989
1456319881.0,53b427ae,0.979
1456319881.0,7f8ae480,1.039
1456319881.0,9b77de60,1.079
1456319881.0,9653483f,1.019
1456319881.0,f897dc71,0.969
1456319881.0,35305598,0.949
1456319881.0,aa9ce53b,0.959
1456319881.0,121ea079,0.959
1456319881.0,12aba19d,1.019
1456319881.0,e7ea0c12,0.989
1456319881.0,c940a0c3,0.989
1456319881.0,aca2d2bc,0.969
1456319881.0,3601c357,0.969
1456319881.0,a3e876da,0.989
1456319881.0,1a5348cf,0.999
1456319881.0,e88430a3,0.959
1456319881.0,53f24788,1.029
1456319881.0,efb9c112,0.959
1456319881.0,0d7322ac,0.949
1456319881.0,ac995a23,0.969
1456319881.0,707f276b,0.939
1456319881.0,f006b34b,0.999
1456319881.0,c737cf1c,1.019
1456319881.0,959e5dd8,0.969
1456319881.0,227099c3,1.009
1456319881.0,c69497b1,0.959
1456319881.0,0c6176b8,0.949
1456319881.0,09798ba9,0.939
1456319881.0,64da7e72,1.019
1456319881.0,52932f4e,0.949
1456319881.0,6e05b79b,0.959
1456319881.0,09d4eccb,0.939
1456319881.0,f1806c17,0.979
1456319881.0,ca2862c6,0.989
1456319881.0,9e6ada8a,0.999
1456319881.0,4d691ffa,0.999
1456319881.0,be6d21fe,1.029
1456319881.0,3b3b7c54,0.969
1456319881.0,ba7651f8,0.949
1456319881.0,c9d1727e,0.969
1456319881.0,b49fc8ed,1.009
1456319881.0,6fc8bedc,0.969
1456319881.0,3b59a143,1.019
1456319881.0,d36c0bc0,0.969
1456319881.0,d5062706,0.959
1456319881.0,4afaa787,0.979
1456319881.0,2febafeb,1.009
1456319881.0,3ff39a76,0.989
1456319881.0,901b3dc2,1.019
1456319881.0,25a36592,0.969
1456319881.0,fd3c454f,0.999
1456319881.0,b6de77a6,0.969
1456319881.0,9612e9a3,0.959
1456319881.0,d9de1c75,0.999
1456319881.0,c6944b24,0.959
1456319881.0,ce0ea4c3,0.979
1456319881.0,9ae06205,0.959
1456319881.0,fca1ea0f,0.949
1456319881.0,5f092464,0.959
1456319881.0,f735a69d,0.969
1456319881.0,b8b97fc1,0.939
1456319881.0,61b974e5,1.019
1456319881.0,98e2efcd,0.969
1456319881.0,f8c4c5f6,0.959
1456319881.0,fa88e7e3,0.969
1456319881.0,e7848d8d,0.939
1456319881.0,4d77b026,0.959
1456319881.0,e975b4d9,0.929
1456319881.0,03719a0b,0.979
1456319881.0,4c7f88c9,0.959
1456319881.0,237d6474,0.969
1456319881.0,bb24af7d,0.949
1456319881.0,e487e118,0.979
1456319881.0,badafb9a,0.959
1456319881.0,5f59e3c7,0.989
1456319881.0,dd2ff1a4,0.999
1456319881.0,31923c9d,0.959
1456319881.0,9e334e1e,0.979
1456319881.0,f9466962,0.969
1456319881.0,8abb2725,0.949
1456319881.0,581713fc,0.969
1456319881.0,4aa385bb,0.939
1456319881.0,84953eae,0.989
1456319881.0,2d149d2f,0.939
1456319881.0,8c51a8b0,0.939
1456319881.0,a1904e6e,0.979
1456319881.0,5d1b2141,0.979
1456319881.0,9d98dcbb,0.989
1456319881.0,5e86ff24,0.939
1456319881.0,b2e44198,0.959
1456319881.0,55167147,0.959
1456319881.0,22ea287c,0.989
1456319881.0,a4c96d17,0.979
1456319881.0,ad0bf4e5,1.009
1456319881.0,73b32664,0.949
1456319881.0,bef1c266,0.999
1456319881.0,ff5d1617,0.959
1456319881.0,073b7de4,1.029
1456319881.0,70bc5eff,0.949
1456319881.0,d4b5646a,0.999
1456319881.0,f6301788,0.979
1456319881.0,030fbae5,0.989
1456319881.0,9b0b4894,0.959
1456319881.0,5900ebe4,0.939
1456319881.0,91f136df,0.939
1456319881.0,b1cca41e,0.949
1456319881.0,11c55ae3,0.979
1456319881.0,602a9d95,0.959
1456319881.0,97f7398e,0.959
1456319881.0,79f785eb,0.969
1456319881.0,6cc0c30a,0.949
1456319881.0,cf8764e5,0.969
1456319881.0,41c579d4,0.919
1456319881.0,e904bee6,0.929
1456319881.0,91c3f745,0.939
1456319881.0,e65042ca,0.939
1456319881.0,98fad8c5,0.969
1456319881.0,d3bf8582,0.979
1456319881.0,27c16d5b,0.909
1456319881.0,2dd2f741,0.939
1456319881.0,05ab806f,0.969
1456319881.0,99079efc,0.979
1456319881.0,dc3f469b,0.939
1456319881.0,cef28ece,0.949
1456319881.0,d165a6a0,0.919
1456319881.0,469cb2ca,0.919
1456319881.0,197e1542,0.939
1456319881.0,1dd5e241,0.949
1456319881.0,2d204d17,0.979
1456319881.0,202ac153,0.929
1456319881.0,727b85d9,0.959
1456319881.0,68487393,0.979
1456319881.0,52aedb7d,0.919
1456319881.0,b015481a,0.919
1456319881.0,d27a3901,0.989
1456319881.0,771baacf,0.939
1456319881.0,7144e340,0.939
1456319881.0,8c39bac2,0.919
1456319881.0,6cd5cdf8,0.929
1456319881.0,6eb8cb33,0.979
1456319881.0,f3b3c473,0.989
1456319881.0,7b66aa84,0.959
1456319881.0,22bbd2e9,0.929
1456319881.0,807e06c1,0.919
1456319881.0,44144ccf,0.959
1456319881.0,de8b3026,0.939
1456319881.0,ca724a33,0.979
1456319881.0,010fdae7,0.949
1456319881.0,8b2b7d79,0.949
1456319881.0,929af7b6,0.919
1456319881.0,78563886,0.929
1456319881.0,5970db62,0.949
1456319881.0,45cfc4a3,0.929
1456319881.0,c43d10a3,0.949
1456319881.0,0ef5bf4d,0.959
1456319881.0,9daabce1,0.939
1456319881.0,8ae5c667,0.959
1456319881.0,24982c56,0.929
1456319881.0,9d5f359b,0.979
1456319881.0,3696709e,0.959
1456319881.0,a656288b,0.949
1456319881.0,1ca78cac,0.929
1456319881.0,840dc1e3,0.939
1456319881.0,8b5242d3,0.949
1456319881.0,c7a00e1c,0.959
1456319881.0,8c807692,0.969
1456319881.0,f67b6a8f,0.949
1456319881.0,32fc4e8c,0.939
1456319881.0,3b9765f2,0.929
1456319881.0,5d12f54e,0.919
1456319881.0,e4d30463,0.929
1456319881.0,56c42334,0.939
1456319881.0,2fbedc98,0.929
1456319881.0,0b912035,0.929
1456319881.0,a7984b2a,0.949
1456319881.0,054b98a5,0.929
1456319881.0,fc9e9a16,0.959
1456319881.0,7f44346f,0.959
1456319881.0,85f12dca,0.949
1456319881.0,a5d6f2dd,0.909
1456319881.0,9f37e0a2,0.959
1456319881.0,8481831d,0.919
1456319881.0,131b8ba4,0.949
1456319881.0,cf235e84,0.959
1456319881.0,6d76c77e,1.019
1456319881.0,8e306a91,0.949
1456319881.0,740b965a,1.019
1456319881.0,77c7b043,0.979
1456319881.0,4e998f6d,0.979
1456319881.0,047946f0,1.049
1456319881.0,e140b830,0.979
1456319881.0,c39273d5,0.999
1456319881.0,44166963,0.989
1456319881.0,93a0a521,0.994
1456319881.0,ee4ab1fa,0.989
1456319881.0,20bf2483,0.989
1456319881.0,97f555af,0.939
1456319881.0,79b68d4c,0.969
1456319881.0,9d3b5cc6,0.969
1456319881.0,eace7a48,1.019
1456319881.0,d2661e86,0.949
1456319881.0,a06397bf,0.989
1456319881.0,9822514a,0.959
1456319881.0,316995c6,0.989
1456319881.0,0b0a4614,0.979
1456319881.0,cd48d6b6,0.969
1456319881.0,063c7988,0.959
1456319881.0,b1d87758,0.949
1456319881.0,147d3858,1.019
1456319881.0,2df8fc01,0.959
1456319881.0,24c052f2,0.979
1456319881.0,10da2bc6,1.009
1456319881.0,3981324c,0.949
1456319881.0,de5a8b31,0.979
1456319881.0,465fb754,0.989
1456319881.0,06f668ff,0.949
1456319881.0,a894c70b,0.979
1456319881.0,d4936377,0.959
1456319881.0,ab583e1e,1.009
1456319881.0,bfc6b6eb,0.939
1456319881.0,84f19301,0.949
1456319881.0,d51ef3f5,0.959
1456319881.0,946a6eb2,0.959
1456319881.0,f80439bc,0.989
1456319881.0,4eea00cc,0.989
1456319881.0,be60701b,1.009
1456319881.0,60a05f95,0.969
1456319881.0,0bb04dd0,0.999
1456319881.0,0d8ee6ff,0.969
1456319881.0,a6a91c87,0.959
1456319881.0,49d8f4c8,0.989
1456319881.0,35d8c725,0.979
1456319881.0,863245a5,0.959
1456319881.0,6dda6f67,0.989
1456319881.0,2725d7d3,0.959
1456319881.0,72536881,0.969
1456319881.0,f75e28b0,0.969
1456319881.0,ee57ce17,0.979
1456319881.0,18175a0a,0.969
1456319881.0,2c0cf8f5,1.009
1456319881.0,8ff83a00,0.969
1456319881.0,a7fc7f1f,0.949
1456319881.0,056edfd2,0.949
1456319881.0,26f7c61c,0.929
1456319881.0,c7e28f54,0.939
1456319881.0,49644a9b,0.999
1456319881.0,6603174b,0.999
1456319881.0,623aaf90,0.999
1456319881.0,97aee551,0.939
1456319881.0,69ce0c69,0.969
1456319881.0,58d54fd0,0.959
1456319881.0,c1802a5a,0.989
1456319881.0,b546c000,0.959
1456319881.0,670003ee,0.979
1456319881.0,6bf563af,0.939
1456319881.0,028572b1,0.949
1456319881.0,8e6d4b8d,0.969
1456319881.0,f2458f35,1.009
1456319881.0,63cbf4ee,0.959
1456319881.0,3c83ccc5,0.939
1456319881.0,,0.949
1456319881.0,db1ffa50,0.959
1456319881.0,cc85d8a3,0.949
1456319881.0,8020e532,0.939
1456319881.0,8e8a5274,0.919
1456319881.0,a8338c14,0.939
1456319881.0,83b18a20,0.969
1456319881.0,8716bc8f,0.949
1456319881.0,,0.979
1456319881.0,303e6b78,0.999
1456319881.0,f1405292,0.989
1456319881.0,9dc9d249,0.969
1456319881.0,456165e6,0.939
1456319881.0,4fadcb9d,1.019
1456319881.0,14e91513,0.979
1456319881.0,4ad60c88,1.009
1456319881.0,890c4fe1,0.969
1456319881.0,316fd7de,0.929
1456319881.0,0e7a54cf,0.969
1456319881.0,a7f164b3,0.959
1456319881.0,6cf5b38f,0.949
1456319881.0,2df3151b,1.019
1456319881.0,2dff1380,0.969
1456319881.0,0b36f9ce,0.979
1456319881.0,c16682b0,0.969
1456319881.0,af82f4c3,0.939
1456319881.0,4f2bb69c,0.979
1456319881.0,64cf2668,1.009
1456319881.0,64658758,0.999
1456319881.0,662b3491,0.959
1456319881.0,fc51c26e,0.969
1456319881.0,507bacc5,0.979
1456319881.0,aeb12459,0.969
1456319881.0,00f37a56,0.989
1456319881.0,8f9c3c61,0.969
1456319881.0,f37a54f6,0.949
1456319881.0,b0f4b28e,0.939
1456319881.0,626660bc,0.989
1456319881.0,77c875bb,0.989
1456319881.0,66571899,0.959
1456319881.0,3e5ecb79,0.939
1456319881.0,80e3422f,0.999
1456319881.0,0e237692,0.979
1456319881.0,6256f51b,1.029
1456319881.0,f7a5dd5a,0.989
1456319881.0,d2823b8f,1.029
1456319881.0,fbcaa7f6,0.929
1456319881.0,ec81af8f,0.969
1456319881.0,88e14741,0.949
1456319881.0,8a5cd800,0.959
1456319881.0,13cd1498,0.979
1456319881.0,58ef2865,0.969
1456319881.0,5ed7343e,1.029
1456319881.0,538559e0,0.959
1456319881.0,c33ca0b5,0.959
1456319881.0,d4659823,0.949
1456319881.0,242f7b9b,1.009
1456319881.0,c2a87587,0.979
1456319881.0,c4b99997,0.989
1456319881.0,09f1de85,0.979
1456319881.0,81ffe4cd,0.959
1456319881.0,e579a4d2,0.969
1456319881.0,9e46459f,0.989
1456319881.0,300d7670,0.979
1456319881.0,19447be6,0.999
1456319881.0,3219cb04,0.939
1456319881.0,01b60b00,1.009
1456319881.0,59affa92,0.979
1456319881.0,66e3c96f,0.959
1456319881.0,9c708662,0.949
1456319881.0,69539d07,0.949
1456319881.0,,0.939
1456319881.0,f7f4f1c0,0.969
1456319881.0,988da765,0.949
1456319881.0,6bc9c96a,0.909
1456319881.0,4d70ed85,0.959
1456319881.0,0e568db0,1.009
1456319881.0,4cb2a111,0.959
1456319881.0,8b68e5d5,0.999
1456319881.0,dc7b3d6f,0.929
1456319881.0,9a246c9a,0.969
1456319881.0,eb970b3f,0.969
1456319881.0,a74299cc,0.959
1456319881.0,f5bd997d,0.949
1456319881.0,67f771de,0.999
1456319881.0,f93d41bc,0.959
1456319881.0,645a5047,0.939
1456319881.0,d0445c11,0.969
1456319881.0,2d5c56d1,0.959
1456319881.0,28c16e42,0.979
1456319881.0,c27cff48,0.999
1456319881.0,25a7d9dc,0.939
1456319881.0,77d95702,0.969
1456319881.0,,0.959
1456319881.0,8025debd,0.989
1456319881.0,3d45d1b9,1.009
1456319881.0,69e52004,0.989
1456319881.0,0061e71a,0.969
1456319881.0,1ee9a733,0.969
1456319881.0,8a3aa486,0.989
1456319881.0,9042df2b,0.989
1456319881.0,ec19c93a,1.029
1456319881.0,d54da67a,0.959
1456319881.0,83be7215,0.979
1456319881.0,6c0bfd68,1.009
1456319881.0,17893d95,0.989
1456319881.0,0616421e,0.959
1456319881.0,aac612fe,0.999
1456319881.0,4a451b1d,0.999
1456319881.0,7549bbf6,0.979
1456319881.0,78eacf4a,0.989
1456319881.0,0b55b37e,0.979
1456319881.0,be34191b,0.959
1456319881.0,b5b5497e,1.009
1456319881.0,476279a4,0.959
1456319881.0,a1c3be4b,0.959
1456319881.0,52e70aca,0.939
1456319881.0,6f394c33,0.979
1456319881.0,4347f862,0.939
1456319881.0,2ab71a71,1.019
1456319881.0,9e0e4f3e,0.999
1456319881.0,c4b1a3a1,1.009
1456319881.0,4389dbbf,0.959
1456319881.0,96854150,0.999
1456319881.0,1aa38dcc,1.009
1456319881.0,75151463,0.989
1456319881.0,8d3023de,0.979
1456319881.0,13f73565,0.979
1456319881.0,e9fe3dfb,0.999
1456319881.0,6c260eb8,0.949
1456319881.0,cc9281aa,0.969
1456319881.0,7ed2f8ec,0.959
1456319881.0,0db94a7a,0.989
1456319881.0,bd2f0f1c,0.959
1456319881.0,959e4b35,0.969
1456319881.0,da4f51da,1.019
1456319881.0,68480e7b,0.999
1456319881.0,9517b906,0.919
1456319881.0,b22e443b,1.009
1456319881.0,057efe6f,0.989
1456319881.0,186a2106,0.969
1456319881.0,725ea57f,0.929
1456319881.0,2c5f3e59,0.939
1456319881.0,,0.949
1456319881.0,a2e94245,0.939
1456319881.0,0e367b40,0.979
1456319881.0,71fc80a1,0.959
1456319881.0,a182ab0c,0.989
1456319881.0,e589fd9d,0.959
1456319881.0,76f75d37,0.999
1456319881.0,e5a3d8f9,0.949
1456319881.0,27d11827,1.029
1456319881.0,04a6f941,0.989
1456319881.0,526f4c6d,0.959
1456319881.0,444fc3ef,1.019
1456319881.0,b8091458,0.959
1456319881.0,6de5506e,0.939
1456319881.0,15807244,0.979
1456319881.0,ef80a9d5,0.959
1456319881.0,243cd548,0.969
1456319881.0,068f53ad,0.919
1456319881.0,460c213f,0.939
1456319881.0,3e1f426f,0.989
1456319881.0,a335cad7,0.949
1456319881.0,1708f0d6,0.939
1456319881.0,5d4e52c0,0.959
1456319881.0,5ff01128,0.939
1456319881.0,a8310af0,0.969
1456319881.0,35825f4b,0.969
1456319881.0,cec51495,0.949
1456319881.0,dff7e38b,0.939
1456319881.0,12389609,0.989
1456319881.0,23efaa4b,0.919
1456319881.0,71e0a0d1,0.989
1456319881.0,b9c82901,0.989
1456319881.0,3bcc58f2,0.979
1456319881.0,,0.949
1456319881.0,476837aa,0.969
1456319881.0,35d2c9ad,0.989
1456319881.0,f8627d5e,0.959
1456319881.0,619e3c7f,0.939
1456319881.0,c2b37551,0.969
1456319881.0,f4299aa3,1.009
1456319881.0,48314cda,0.959
1456319881.0,d881269d,1.019
1456319881.0,8e7cb537,1.009
1456319881.0,603bc731,0.969
1456319881.0,1d10714b,1.019
1456319881.0,50b4fb9f,0.969
1456319881.0,42c34934,0.969
1456319881.0,3fa62bf3,1.009
1456319881.0,2cf175a8,0.989
1456319881.0,378a8437,0.949
1456319881.0,d39d4848,0.989
1456319881.0,d33a84e0,0.959
1456319881.0,c0fe932e,0.939
1456319881.0,6162ba82,0.989
1456319881.0,6384651f,0.959
1456319881.0,c55ed271,0.989
1456319881.0,41d19376,0.949
1456319881.0,db414715,0.999
1456319881.0,a1766ee6,1.019
1456319881.0,fd045743,0.999
1456319881.0,cd468df5,0.959
1456319881.0,7f05643c,0.949
1456319881.0,d080ea89,1.004
1456319881.0,92f81808,0.969
1456319881.0,06ac238a,0.999
1456319881.0,9fbde140,0.999
1456319881.0,ab2a652e,0.939
1456319881.0,c1921151,0.949
1456319881.0,168168ee,0.989
1456319881.0,c53a45b7,1.009
1456319881.0,f5684ccb,0.989
1456319881.0,3fc2e10c,0.929
1456319881.0,8342a4d9,0.949
1456319881.0,c611aa66,0.979
1456319881.0,b572b144,0.939
1456319881.0,a0497116,0.979
1456319881.0,fc93128d,1.039
1456319881.0,d9663827,0.989
1456319881.0,91d18db5,0.979
1456319881.0,8167fa85,0.969
1456319881.0,8b705703,0.979
1456319881.0,779b5eda,0.949
1456319881.0,9c89b79d,0.979
1456319881.0,1edee463,1.019
1456319881.0,f85abf7d,0.989
1456319881.0,4aba346d,0.989
1456319881.0,ee372f15,0.979
1456319881.0,5fd380ef,0.979
1456319881.0,d2e178a4,1.019
1456319881.0,61a9a23e,0.949
1456319881.0,d0b2a106,0.949
1456319881.0,1c54aea2,0.959
1456319881.0,52c09ceb,0.959
1456319881.0,e2e2bd54,0.949
1456319881.0,f68a34f4,0.939
1456319881.0,dd7c2cef,0.959
1456319881.0,,0.939
1456319881.0,63a8e437,0.959
1456319881.0,bdc7131f,0.959
1456319881.0,3de6c3ca,0.959
1456319881.0,1acb5863,0.969
1456319881.0,812f5a36,0.979
1456319881.0,844296bd,0.979
1456319881.0,0c58647e,0.999
1456319881.0,a9061770,0.969
1456319881.0,b862e775,0.989
1456319881.0,b2c3faec,0.959
1456319881.0,ddc6b3b1,0.969
1456319881.0,f2054fb8,0.999
1456319881.0,d96f8933,1.009
1456319881.0,9426443b,0.979
1456319881.0,e78a8608,1.009
1456319881.0,a88bbc75,0.939
1456319881.0,2bdc4b63,0.979
1456319881.0,19ff993e,0.979
1456319881.0,bf7d7adb,0.949
1456319881.0,075244ea,0.949
1456319881.0,3fc8e265,0.969
1456319881.0,edc52f30,0.969
1456319881.0,8706aa4c,0.969
1456319881.0,768030e0,0.948
1456319881.0,fb44675e,0.939
1456319881.0,3e8e99dc,0.979
1456319881.0,1718ae0b,1.029
1456319881.0,779d347d,0.969
1456319881.0,409b2b7e,0.959
1456319881.0,643b65de,0.969
1456319881.0,1bf91998,0.949
1456319881.0,c6a933fe,0.979
1456319881.0,a3932df8,0.999
1456319881.0,6fb66617,0.989
1456319881.0,4917afaa,1.029
1456319881.0,50b6cf61,0.949
1456319881.0,8b4986e3,0.959
1456319881.0,ed996a11,0.979
1456319881.0,450f3a21,0.979
1456319881.0,ae3c2fda,0.989
1456319881.0,5103112e,0.979
1456319881.0,a19cfb72,0.949
1456319881.0,6a7beb86,0.979
1456319881.0,d5fda8a5,1.009
1456319881.0,0d1c8f35,0.959
1456319881.0,8dbbf765,0.959
1456319881.0,6f79337c,0.989
1456319881.0,a5998664,0.969
1456319881.0,c5094307,0.969
1456319881.0,75bc1c25,0.959
1456319881.0,aa24cd60,0.949
1456319881.0,b44f61b0,0.949
1456319881.0,cfc7df71,0.989
1456319881.0,504126f8,1.019
1456319881.0,e6d83666,0.959
1456319881.0,f8c5b496,0.979
1456319881.0,a459b6b0,0.989
1456319881.0,708c9a0d,1.019
1456319881.0,df95008a,0.949
1456319881.0,25a4e3ad,0.959
1456319881.0,a3beb05f,0.979
1456319881.0,19feb15d,1.019
1456319881.0,a48343d6,0.949
1456319881.0,9c586989,0.979
1456319881.0,dce30980,0.969
1456319881.0,60625072,0.969
1456319881.0,a59c4cfa,1.009
1456319881.0,d643ef3d,0.949
1456319881.0,d3a6a57e,0.929
1456319881.0,58ec06f1,1.009
1456319881.0,7edaa7ac,0.949
1456319881.0,5921c872,0.949
1456319881.0,317cd4e0,0.939
1456319881.0,2fa6d835,0.989
1456319881.0,694cd654,0.949
1456319881.0,db7d175d,0.959
1456319881.0,bd396f56,0.999
1456319881.0,ab6f459b,0.979
1456319881.0,6204496e,0.979
1456319881.0,e532f970,0.939
1456319881.0,3d05e45a,0.949
1456319881.0,bb34de9c,0.939
1456319881.0,d7a6a6c2,0.999
1456319881.0,e21e887d,0.999
1456319881.0,0e7f0bd4,0.989
1456319881.0,49ea8294,0.989
1456319881.0,926509ae,1.029
1456319881.0,39261c92,0.989
1456319881.0,5982ef09,0.959
1456319881.0,99279e16,0.959
1456319881.0,1d853aae,0.959
1456319881.0,81f221f2,0.929
1456319881.0,034f42f5,0.979
1456319881.0,aa642af9,0.959
1456319881.0,2a6a3446,0.939
1456319881.0,e657e4ae,0.999
1456319881.0,d351cb6a,0.959
1456319881.0,978bcc85,0.959
1456319881.0,f19e24dc,0.989
1456319881.0,0022ec87,0.939
1456319881.0,8c2198f0,0.999
1456319881.0,e037a798,0.999
1456319881.0,196134a5,0.969
1456319881.0,6cf9c77a,0.949
1456319881.0,e4b1c6fb,0.979
1456319881.0,1948ba16,0.969
1456319881.0,558f57a1,0.999
1456319881.0,af6c3817,0.939
1456319881.0,8c41eda4,1.009
1456319881.0,f1adb6c9,0.959
1456319881.0,1d65a34f,0.959
1456319881.0,6df33a19,0.949
1456319881.0,20df8dd2,0.959
1456319881.0,85a8d903,0.949
1456319881.0,b6d22753,0.939
1456319881.0,ec22cdab,0.999
1456319881.0,1744da60,0.969
1456319881.0,92978eb8,0.919
1456319881.0,1b5356f1,0.969
1456319881.0,b9535339,0.909
1456319881.0,57cc552a,0.959
1456319881.0,bdc0736f,0.979
1456319881.0,59ae9cca,0.979
1456319881.0,6bbab4fd,0.979
1456319881.0,ce43b17e,1.009
1456319881.0,8e0ce406,0.959
1456319881.0,24755427,0.979
1456319881.0,b6bd8b96,0.949
1456319881.0,783b97cc,0.939
1456319881.0,066bec3d,0.939
1456319881.0,4530e328,0.969
1456319881.0,367e0536,0.969
1456319881.0,9cb98281,1.119
1456319881.0,40e0779e,0.979
1456319881.0,48a1176e,0.969
1456319881.0,9afda374,0.999
1456319881.0,2eb47ed3,0.969
1456319881.0,0af8f0f1,0.939
1456319881.0,35730766,0.929
1456319881.0,59c1c98e,0.999
1456319881.0,b350758d,0.979
1456319881.0,0f200738,0.989
1456319881.0,69c73a78,0.949
1456319881.0,b45fce81,0.939
1456319881.0,c74d8db0,1.039
1456319881.0,7a9373b8,0.959
1456319881.0,69137adc,0.979
1456319881.0,9eb9c031,0.969
1456319881.0,e1c1cc44,0.949
1456319881.0,216f7e87,0.969
1456319881.0,,0.979
1456319881.0,58d65b27,0.989
1456319881.0,635564fa,0.969
1456319881.0,974d725c,0.939
1456319881.0,59c7e20b,0.939
1456319881.0,327ea807,0.999
1456319881.0,6ca7f7c5,0.969
1456319881.0,c1548059,1.019
1456319881.0,f659a576,1.019
1456319881.0,24398b7a,0.959
1456319881.0,242eb552,0.969
1456319881.0,4951f110,1.039
1456319881.0,6d9bd5ab,0.969
1456319881.0,41f89d4b,0.959
1456319881.0,bd3ee18d,0.939
1456319881.0,352eedb0,0.939
1456319881.0,6b13020d,0.989
1456319881.0,b7d922c5,1.009
1456319881.0,03633a4d,0.939
1456319881.0,539144f8,0.989
1456319881.0,16fbfac7,0.969
1456319881.0,ba4704f3,0.929
1456319881.0,86dddcca,1.009
1456319881.0,3e4c89c9,0.959
1456319881.0,0b4a487b,0.989
1456319881.0,cf017ad5,0.939
1456319881.0,3b38e104,0.969
1456319881.0,0da2e486,0.959
1456319881.0,b694f783,1.009
1456319881.0,3db6506a,0.979
1456319881.0,0913d5bd,0.909
1456319881.0,ea0a7462,0.929
1456319881.0,398b6ec7,1.009
1456319881.0,dadcaa77,0.959
1456319881.0,d25a0585,0.969
1456319881.0,b36ed3e1,1.029
1456319881.0,8b69a860,0.939
1456319881.0,cc232225,0.949
1456319881.0,91823808,0.949
1456319881.0,94c64075,0.989
1456319881.0,09d54524,0.969
1456319881.0,c2725526,0.999
1456319881.0,a05c4f54,1.009
1456319881.0,fb428d4f,0.949
1456319881.0,b1adab9c,0.959
1456319881.0,8841cebf,0.979
1456319881.0,2ab0fae2,0.979
1456319881.0,a0088371,1.009
1456319881.0,e8775be0,0.979
1456319881.0,2ecadcf6,0.969
1456319881.0,bb8d0742,0.959
1456319881.0,0030aa59,1.069
1456319881.0,87c19f02,0.959
1456319881.0,2ebe0a5d,1.009
1456319881.0,5c451464,0.969
1456319881.0,baff6152,0.989
1456319881.0,eb32d6b5,0.999
1456319881.0,47a742a7,0.969
1456319881.0,6e9357c6,1.009
1456319881.0,8c4f6021,0.969
1456319881.0,9b4458a3,0.969
1456319881.0,a3dd230b,1.019
1456319881.0,5c197824,0.969
1456319881.0,e4ff2e3f,0.959
1456319881.0,7a0f0cd4,0.959
1456319881.0,c96b90cb,0.969
1456319881.0,31dfb194,0.989
1456319881.0,68a6a16a,0.969
1456319881.0,3ba3cf9a,0.959
1456319881.0,198d543d,0.989
1456319881.0,4c5ddfb7,0.999
1456319881.0,b136a71d,0.969
1456319881.0,577368de,0.979
1456319881.0,bf816140,0.969
1456319881.0,f4507b0a,0.989
1456319881.0,6e0e837e,0.969
1456319881.0,1b140b5b,0.989
1456319881.0,2af3ad73,0.959
1456319881.0,a60237e8,1.009
1456319881.0,1489e7c1,0.939
1456319881.0,617ff48b,0.989
1456319881.0,20931f17,1.029
1456319881.0,d87652c8,0.969
1456319881.0,c1c6485d,0.979
1456319881.0,7a875bfd,1.009
1456319881.0,07908b66,0.979
1456319881.0,4c715086,0.959
1456319881.0,b2e5f301,0.969
1456319881.0,672c6cfd,1.019
1456319881.0,cf09734d,0.959
1456319881.0,65c5fcbe,0.969
1456319881.0,0290e578,0.969
1456319881.0,d3508125,0.989
1456319881.0,21a9251c,0.989
1456319881.0,3f144301,0.959
1456319881.0,4d2f0ccd,1.039
1456319881.0,113fcda7,0.969
1456319881.0,24acb441,0.959
1456319881.0,1b7f7503,0.999
1456319881.0,00fa08de,0.989
1456319881.0,3645c978,0.989
1456319881.0,0b1eb29a,0.979
1456319881.0,e1920309,0.969
1456319881.0,146c8d31,0.999
1456319881.0,f1e93609,0.949
1456319881.0,a23f1295,0.939
1456319881.0,5d5a9bdb,0.969
1456319881.0,950d79ab,0.969
1456319881.0,bed994ff,0.959
1456319881.0,5bb89bd2,0.939
1456319881.0,747529c4,0.939
1456319881.0,dd530bc1,0.949
1456319881.0,d31fa383,0.949
1456319881.0,3f2144a4,0.949
1456319881.0,794d6351,0.989
1456319881.0,c089a061,0.969
1456319881.0,594fc2e9,0.989
1456319881.0,c2e96d64,0.939
1456319881.0,ddbf70bf,0.999
1456319881.0,ecaab335,0.969
1456319881.0,def62512,1.009
1456319881.0,c042fdd9,0.969
1456319881.0,d7f4cb8b,0.969
1456319881.0,799f1fd6,0.979
1456319881.0,799875f1,0.989
1456319881.0,03c6addd,0.969
1456319881.0,1365e671,0.979
1456319881.0,488ad6ad,1.009
1456319881.0,ddb4781d,0.949
1456319881.0,7ecce629,0.959
1456319881.0,87767ef4,0.969
1456319881.0,28b3e0b6,0.979
1456319881.0,2616645b,0.969
1456319881.0,be7b9424,0.979
1456319881.0,a7b5f5e9,0.959
1456319881.0,473de136,0.989
1456319881.0,d307494f,0.939
1456319881.0,94b09940,0.999
1456319881.0,d1780d08,0.979
1456319881.0,70f30d88,0.969
1456319881.0,e3586265,0.979
1456319881.0,dbdba84f,0.929
1456319881.0,33d673e1,0.979
1456319881.0,cf9e9232,0.929
1456319881.0,a5e3beef,0.959
1456319881.0,01e3af77,0.969
1456319881.0,bd50e8e2,0.949
1456320121.0,a4006e8d,0.939
1456320121.0,cdf9674a,0.929
1456320121.0,25e49541,0.924
1456320121.0,c3b95d3f,0.979
1456320121.0,26db6e6e,0.979
1456320121.0,cc6d6eb2,0.969
1456320121.0,2ae20e3b,0.959
1456320121.0,cea20e68,0.949
1456320121.0,caff03c9,0.929
1456320121.0,42821895,0.939
1456320121.0,bd167c7d,0.939
1456320121.0,5b75cc8d,0.949
1456320121.0,cb7b59b6,0.979
1456320121.0,375f0e67,0.949
1456320121.0,464f5c00,0.969
1456320121.0,3ccd631d,0.989
1456320121.0,f0cb2dbb,0.919
1456320121.0,b26e91af,0.939
1456320121.0,00206126,0.959
1456320121.0,601bbb50,0.999
1456320121.0,80e60cfc,0.969
1456320121.0,e8262d9e,0.969
1456320121.0,24787319,0.949
1456320121.0,f38a8116,0.939
1456320121.0,fcf48a23,0.939
1456320121.0,79957fd7,1.029
1456320121.0,78566eaf,0.939
1456320121.0,2dc33c12,0.959
1456320121.0,7b125f4e,0.969
1456320121.0,bca31534,0.999
1456320121.0,eee1b640,1.029
1456320121.0,83cf5969,0.979
1456320121.0,73e5c32d,0.979
1456320121.0,baa200b9,0.969
1456320121.0,02f5834c,0.969
1456320121.0,a14af66a,0.969
1456320121.0,69c4db90,0.979
1456320121.0,1018f316,0.959
1456320121.0,3b11c17c,1.029
1456320121.0,c5151d58,0.959
1456320121.0,49c15bc9,0.969
1456320121.0,04da5ab2,0.969
1456320121.0,8fc0b78f,1.009
1456320121.0,f0d6aa58,0.939
1456320121.0,91cd34b3,0.989
1456320121.0,e53def27,1.009
1456320121.0,3fc9a04c,0.919
1456320121.0,0db4d96c,0.979
1456320121.0,de920e08,0.959
1456320121.0,1bbf25c0,0.929
1456320121.0,e70ecea8,0.949
1456320121.0,323627e3,0.949
1456320121.0,772a26c5,0.979
1456320121.0,eccadaa3,1.009
1456320121.0,0c5920e5,0.939
1456320121.0,6362d058,0.989
1456320121.0,47647764,0.969
1456320121.0,9b358c84,0.959
1456320121.0,f868a6b6,0.989
1456320121.0,0defca9f,1.009
1456320121.0,6b347fa9,0.999
1456320121.0,f2c567b7,0.989
1456320121.0,629268ea,0.999
1456320121.0,025d09a7,0.939
1456320121.0,2189cfd2,0.969
1456320121.0,e50a3733,0.959
1456320121.0,9c044e4f,0.999
1456320121.0,59446250,0.939
1456320121.0,61ee6f5a,1.029
1456320121.0,e5a12873,0.999
1456320121.0,3d74c9d4,0.939
1456320121.0,6560327b,1.009
1456320121.0,67c2a2b3,0.949
1456320121.0,e29f148a,0.989
1456320121.0,405af975,0.989
1456320121.0,e7e474b4,0.959
1456320121.0,89d43501,0.989
1456320121.0,cb70fbd6,0.939
1456320121.0,114290a9,0.934
1456320121.0,1d223722,1.009
1456320121.0,35822dd5,0.949
1456320121.0,fd70cdfd,0.969
1456320121.0,2cdb8a62,0.969
1456320121.0,50518311,0.909
1456320121.0,1357de7e,0.959
1456320121.0,3f118a37,0.959
1456320121.0,89756dbc,0.969
1456320121.0,f1894033,0.979
1456320121.0,8b7a46ae,0.969
1456320121.0,e8ad44f5,0.989
1456320121.0,,1.029
1456320121.0,c662c11f,0.959
1456320121.0,f4accce7,0.989
1456320121.0,87f30cbe,0.999
1456320121.0,eb4b87cc,0.959
1456320121.0,87969b95,0.939
1456320121.0,fe9290cc,0.949
1456320121.0,f9ce73b2,0.979
1456320121.0,4be880d0,0.969
1456320121.0,c1f003e3,0.989
1456320121.0,325a3e8f,0.999
1456320121.0,e20c7066,0.979
1456320121.0,ce736f1a,0.959
1456320121.0,5b46611d,0.979
1456320121.0,a9b88996,0.999
1456320121.0,9b209e8a,0.979
1456320121.0,acf0a7d7,0.969
1456320121.0,11fbd55b,0.939
1456320121.0,64da7e72,1.019
1456320121.0,11b5806d,1.029
1456320121.0,5747e8a7,0.999
1456320121.0,4917f7ee,0.939
1456320121.0,40eead28,0.949
1456320121.0,4c7d9195,1.019
1456320121.0,c3450ec5,0.999
1456320121.0,5e1a19db,0.929
1456320121.0,7bed69b1,0.919
1456320121.0,c5aaafc3,0.959
1456320121.0,da9f2014,0.979
1456320121.0,7448deb7,0.959
1456320121.0,fe88606f,0.979
1456320121.0,edd40aaa,1.019
1456320121.0,b3088432,0.979
1456320121.0,559cb7a2,0.969
1456320121.0,07b98643,0.999
1456320121.0,466c174a,0.979
1456320121.0,0e55eb67,0.959
1456320121.0,d5d9e64c,1.009
1456320121.0,13de7212,0.949
1456320121.0,,0.949
1456320121.0,1ba4d2a5,0.939
1456320121.0,2e49818d,0.949
1456320121.0,3f3762d6,0.959
1456320121.0,283d3a46,0.949
1456320121.0,2da54b83,0.949
1456320121.0,aa75d7c1,0.979
1456320121.0,d16d0a6e,1.009
1456320121.0,aecec7b2,0.969
1456320121.0,81510092,0.999
1456320121.0,2d22d73a,0.989
1456320121.0,39c4efe0,0.939
1456320121.0,68e5bc6e,0.929
1456320121.0,51ebd486,0.939
1456320121.0,e6be1477,0.929
1456320121.0,763d4744,0.939
1456320121.0,f05c17a0,0.919
1456320121.0,23728172,0.959
1456320121.0,3747e646,0.909
1456320121.0,a3ff8022,0.959
1456320121.0,b27b4435,0.969
1456320121.0,e6b01768,0.909
1456320121.0,bc29eda7,0.949
1456320121.0,b0471346,0.929
1456320121.0,603e075c,0.959
1456320121.0,dafee924,0.929
1456320121.0,0ae0fa71,0.959
1456320121.0,cce3fded,0.939
1456320121.0,2771327d,0.939
1456320121.0,6bf68abb,0.949
1456320121.0,04583028,0.949
1456320121.0,a5cf2ad0,0.989
1456320121.0,65154942,0.969
1456320121.0,876763f5,0.939
1456320121.0,e02ea09b,0.969
1456320121.0,619a79d6,0.979
1456320121.0,a89295ed,0.959
1456320121.0,6d9dcb86,0.969
1456320121.0,485a4ee4,0.959
1456320121.0,6a9f29fb,0.969
1456320121.0,a409f033,0.979
1456320121.0,2359a629,0.909
1456320121.0,88b83d81,0.949
1456320121.0,ad269c98,0.959
1456320121.0,a07eee38,0.979
1456320121.0,b884bbc1,0.929
1456320121.0,bd0ac826,0.929
1456320121.0,658cce02,0.939
1456320121.0,7a781cc2,0.919
1456320121.0,4e48e1df,0.939
1456320121.0,e9a8e0dc,0.939
1456320121.0,c296d5cd,0.939
1456320121.0,e4e801a1,0.909
1456320121.0,68477221,0.929
1456320121.0,e2aee352,0.999
1456320121.0,27b7f65f,0.919
1456320121.0,7709f8cb,0.919
1456320121.0,e3667c9c,0.939
1456320121.0,53c0a7e5,0.949
1456320121.0,0c55457f,0.929
1456320121.0,5b0a88cf,0.959
1456320121.0,decc5fc7,0.929
1456320121.0,467edc58,0.969
1456320121.0,c03c60b1,0.989
1456320121.0,856fe499,0.929
1456320121.0,83748919,0.939
1456320121.0,8a338e32,0.939
1456320121.0,fc60a1e0,0.979
1456320121.0,801ccbc6,0.999
1456320121.0,f26bfef4,0.979
1456320121.0,e4070c0e,0.949
1456320121.0,ffb71aa8,0.929
1456320121.0,c31f354d,0.969
1456320121.0,0538e9ee,0.949
1456320121.0,662f41b7,0.979
1456320121.0,fe45add5,0.999
1456320121.0,350879b3,0.959
1456320121.0,6a4ad02d,0.989
1456320121.0,1eb0d0e5,0.969
1456320121.0,efd0b72b,1.009
1456320121.0,d0407554,0.949
1456320121.0,3a474dd3,0.959
1456320121.0,bfb3c76b,0.939
1456320121.0,6ad60cac,0.969
1456320121.0,26e6f2fe,0.999
1456320121.0,b6510a87,0.969
1456320121.0,350e97c6,0.919
1456320121.0,d4024d48,0.999
1456320121.0,e335e0bc,0.969
1456320121.0,4880519d,0.949
1456320121.0,aa700ca2,0.959
1456320121.0,43d05eaa,0.959
1456320121.0,25a653d4,0.989
1456320121.0,aaed4223,0.979
1456320121.0,8cfcff71,0.929
1456320121.0,eea64b3d,0.979
1456320121.0,22bf0e3c,0.989
1456320121.0,2a167286,0.969
1456320121.0,5dd1bb39,0.964
1456320121.0,344ab5b8,1.009
1456320121.0,12967a7f,0.949
1456320121.0,1ae63c31,0.969
1456320121.0,a44224fe,0.959
1456320121.0,59b6280c,0.949
1456320121.0,9256a6d6,1.009
1456320121.0,14ab7113,0.969
1456320121.0,ae6ec1fd,0.989
1456320121.0,e4983efc,0.999
1456320121.0,444273fb,0.979
1456320121.0,7d1570f9,0.989
1456320121.0,26613c3a,0.999
1456320121.0,199f5310,0.949
1456320121.0,13bb32b4,0.929
1456320121.0,bcce0991,0.999
1456320121.0,615f2b40,0.939
1456320121.0,58d54fd0,0.959
1456320121.0,936bc3be,0.959
1456320121.0,96407ff6,0.999
1456320121.0,558fc57e,0.989
1456320121.0,85edb580,1.019
1456320121.0,5d132310,0.959
1456320121.0,cac2d933,0.939
1456320121.0,4fea3631,0.999
1456320121.0,8716bc8f,0.949
1456320121.0,1cbb92e5,0.959
1456320121.0,aa2cc83b,0.979
1456320121.0,f649936e,0.989
1456320121.0,b683841e,0.949
1456320121.0,46da1895,0.979
1456320121.0,4b4c10fa,0.969
1456320121.0,2ee62167,0.999
1456320121.0,a664a217,0.919
1456320121.0,e58aa567,1.009
1456320121.0,c17eb923,0.939
1456320121.0,,0.949
1456320121.0,57caca32,0.989
1456320121.0,dadc3ef8,0.969
1456320121.0,691ce904,0.959
1456320121.0,4331b36c,0.979
1456320121.0,b42c9802,0.969
1456320121.0,e63c7432,0.989
1456320121.0,ded69fbb,0.979
1456320121.0,0a20dd73,0.979
1456320121.0,61149352,0.979
1456320121.0,74addb95,0.939
1456320121.0,3c29e148,0.954
1456320121.0,0d686aad,0.959
1456320121.0,61173148,0.928
1456320121.0,2b00ce60,0.979
1456320121.0,9e46459f,0.989
1456320121.0,784f069a,0.999
1456320121.0,de567861,0.959
1456320121.0,68af1b90,0.938
1456320121.0,6e2b84da,0.959
1456320121.0,5928fc5b,1.009
1456320121.0,6ae406fe,0.939
1456320121.0,55c0201d,0.949
1456320121.0,ba7cab9b,1.009
1456320121.0,d62c0561,0.979
1456320121.0,6f92e401,0.989
1456320121.0,45dbb997,0.979
1456320121.0,2d5c56d1,0.949
1456320121.0,c27cff48,0.989
1456320121.0,25a7d9dc,0.939
1456320121.0,602ec85f,0.989
1456320121.0,a998716f,0.959
1456320121.0,5fc08dd5,0.949
1456320121.0,c4d9fd71,1.019
1456320121.0,3e4faa99,1.009
1456320121.0,5626cf3c,1.019
1456320121.0,b5d20065,0.969
1456320121.0,e30bdaa0,1.049
1456320121.0,62e0bf83,1.009
1456320121.0,6a1fadd6,0.939
1456320121.0,c4b1a3a1,0.989
1456320121.0,86ef5966,1.009
1456320121.0,f0261559,0.969
1456320121.0,795efed5,0.929
1456320121.0,3d12dc1e,0.979
1456320121.0,cc9281aa,0.969
1456320121.0,858fd8de,0.929
1456320121.0,9d3b9bdc,0.989
1456320121.0,052c8059,0.939
1456320121.0,8fec22b9,1.009
1456320121.0,0a42099e,0.979
1456320121.0,150a8031,0.969
1456320121.0,2cd83fd1,0.999
1456320121.0,1144e996,0.979
1456320121.0,51ce5c84,0.919
1456320121.0,cf213ad2,0.989
1456320121.0,bf83ff8d,0.969
1456320121.0,16870e6a,0.949
1456320121.0,5196f76a,0.959
1456320121.0,09925d9d,0.969
1456320121.0,d717e4c7,0.959
1456320121.0,8e88bf8c,0.929
1456320121.0,9ca722d6,0.969
1456320121.0,59304ef4,1.019
1456320121.0,f6eddbb3,0.969
1456320121.0,,0.979
1456320121.0,437a065e,0.989
1456320121.0,,0.939
1456320121.0,61ebbc40,0.939
1456320121.0,4dd8d911,0.979
1456320121.0,2212e62a,0.959
1456320121.0,72ce5694,0.959
1456320121.0,5ed50ecc,0.929
1456320121.0,3fa62bf3,0.979
1456320121.0,a6443453,0.939
1456320121.0,5cb012ef,0.989
1456320121.0,14c7e96d,0.979
1456320121.0,e50cc55b,0.949
1456320121.0,f29cadc1,0.999
1456320121.0,c0fe932e,0.929
1456320121.0,13ca0d8f,0.969
1456320121.0,473c0aec,0.989
1456320121.0,c55ed271,0.979
1456320121.0,bc4dffd2,1.019
1456320121.0,66073ded,0.984
1456320121.0,9679655e,0.979
1456320121.0,fea5f4ce,0.999
1456320121.0,ba97bb47,0.979
1456320121.0,1b136bef,0.979
1456320121.0,5bc4ff19,0.959
1456320121.0,f39134b3,0.949
1456320121.0,1b97a3ad,0.969
1456320121.0,3fc2e10c,0.929
1456320121.0,ca9bd89a,0.959
1456320121.0,129f9511,1.019
1456320121.0,ab22dac4,0.959
1456320121.0,93e9a320,0.959
1456320121.0,4ca2fd5f,0.939
1456320121.0,b6002806,0.949
1456320121.0,12d2f4a6,0.959
1456320121.0,dfb29247,0.949
1456320121.0,85ae0b90,0.949
1456320121.0,106daba7,0.939
1456320121.0,f047579e,0.939
1456320121.0,c12620e7,0.939
1456320121.0,2fec3510,0.969
1456320121.0,abba0a2d,0.959
1456320121.0,2d973990,0.979
1456320121.0,82319435,0.959
1456320121.0,80267da5,1.039
1456320121.0,5d07eeec,0.949
1456320121.0,433a3c58,0.954
1456320121.0,d2e90d39,0.949
1456320121.0,0675dfd1,0.969
1456320121.0,e4ee3824,0.949
1456320121.0,50e8deb3,0.949
1456320121.0,4d91361c,0.959
1456320121.0,5acde0f1,0.939
1456320121.0,8ce27d1a,0.969
1456320121.0,0e995a71,0.939
1456320121.0,dea57116,1.009
1456320121.0,63111fa6,0.979
1456320121.0,900b80b7,0.989
1456320121.0,adfff05a,1.009
1456320121.0,1685cf9c,1.004
1456320121.0,35cf8855,0.969
1456320121.0,ae45fd8e,0.959
1456320121.0,97c6460d,0.969
1456320121.0,aa4b4ae6,1.029
1456320121.0,751be3f3,0.929
1456320121.0,3893b380,0.979
1456320121.0,d69a2326,1.019
1456320121.0,00496bce,0.939
1456320121.0,a5ce2de1,0.969
1456320121.0,fe909c5b,0.979
1456320121.0,9d64de92,0.949
1456320121.0,64f5be3f,0.949
1456320121.0,60da834f,0.939
1456320121.0,b4e0667f,0.999
1456320121.0,a32bd6b9,0.909
1456320121.0,90cec242,0.959
1456320121.0,2ad0a689,0.989
1456320121.0,d1b1547c,0.969
1456320121.0,2b52627f,0.969
1456320121.0,54ad26b8,0.939
1456320121.0,ddaa5083,0.929
1456320121.0,97d3de54,0.959
1456320121.0,a8a26144,0.979
1456320121.0,ea971a7b,0.949
1456320121.0,4579a85c,0.979
1456320121.0,3be33cb4,0.939
1456320121.0,597ada5a,0.959
1456320121.0,0980ddb6,0.999
1456320121.0,dd192f15,0.959
1456320121.0,558b1611,0.949
1456320121.0,70cb8cb9,0.939
1456320121.0,684a7ab7,0.929
1456320121.0,1488066c,0.969
1456320121.0,f87bab74,0.969
1456320121.0,,0.979
1456320121.0,0a356552,0.959
1456320121.0,0e7f8607,0.999
1456320121.0,9ab966b7,0.979
1456320121.0,901e7c74,0.989
1456320121.0,c0fe2d57,0.959
1456320121.0,3d05e45a,0.949
1456320121.0,909c21e3,0.969
1456320121.0,ec2d257d,0.989
1456320121.0,f573d9de,0.979
1456320121.0,140ced81,0.959
1456320121.0,e1eebe52,0.949
1456320121.0,30389cde,0.979
1456320121.0,6860f6a1,0.939
1456320121.0,4b5de4ac,0.989
1456320121.0,1d777e62,0.949
1456320121.0,5dcd5582,0.939
1456320121.0,a06379c3,0.959
1456320121.0,ad29f10c,0.969
1456320121.0,1717d8ca,0.979
1456320121.0,94013d10,0.989
1456320121.0,dfb31960,0.959
1456320121.0,7f2cf706,0.929
1456320121.0,b77ce910,0.939
1456320121.0,6587d030,0.949
1456320121.0,c5d7d298,0.949
1456320121.0,5bf41255,0.959
1456320121.0,fbd0490f,0.979
1456320121.0,8e1179a4,0.959
1456320121.0,5d5f21ff,1.019
1456320121.0,f28edad2,0.959
1456320121.0,,0.999
1456320121.0,d3549133,0.939
1456320121.0,e6cf2bea,0.999
1456320121.0,8c6f1d05,0.999
1456320121.0,de5aa582,1.039
1456320121.0,1c3b6ee2,0.949
1456320121.0,0764c8b7,0.979
1456320121.0,9410a8d1,0.999
1456320121.0,788d83d5,0.999
1456320121.0,0434e895,0.999
1456320121.0,,0.969
1456320121.0,b893996a,0.959
1456320121.0,4d47a676,0.959
1456320121.0,95401194,0.959
1456320121.0,6e966a1c,0.969
1456320121.0,58c92ed6,0.969
1456320121.0,d9c57dad,0.969
1456320121.0,39dabb89,0.949
1456320121.0,74c7be75,1.019
1456320121.0,90b15783,0.989
1456320121.0,,0.919
1456320121.0,43396ca7,0.989
1456320121.0,6388b41c,0.949
1456320121.0,d195f0c9,0.989
1456320121.0,dd81b30a,0.969
1456320121.0,bd5bd28e,0.939
1456320121.0,c43ed044,0.969
1456320121.0,38b527b3,0.989
1456320121.0,efb9b2b5,0.949
1456320121.0,f290a992,0.949
1456320121.0,36ed9058,0.949
1456320121.0,b93a61f3,0.949
1456320121.0,6a27f09d,0.939
1456320121.0,c6f69752,0.949
1456320121.0,f4b9f379,0.949
1456320121.0,a07f50c4,0.959
1456320121.0,2b987960,0.909
1456320121.0,e146d88a,0.959
1456320121.0,6d6a4209,0.939
1456320121.0,efdbec8f,0.959
1456320121.0,0a2b6f09,0.949
1456320121.0,7cefc69f,0.929
1456320121.0,758e532b,0.959
1456320121.0,e4dcc2ad,0.989
1456320121.0,aa661eb4,0.939
1456320121.0,20338fa9,0.949
1456320121.0,0ac38eb6,0.939
1456320121.0,66a925d6,0.939
1456320121.0,f720cc81,0.939
1456320121.0,a57ba9f4,0.949
1456320121.0,26664969,0.949
1456320121.0,b4666217,0.949
1456320121.0,114606f9,0.919
1456320121.0,a49f5d4b,0.979
1456320121.0,17b40c62,0.989
1456320121.0,5a549ff7,0.919
1456320121.0,58452604,0.969
1456320121.0,e7b28238,0.949
1456320121.0,b72ae868,0.979
1456320121.0,16fa63dc,0.969
1456320121.0,471d5cec,0.959
1456320121.0,09391e15,0.949
1456320121.0,6d8cc159,0.979
1456320121.0,688653f8,0.939
1456320121.0,69a09fed,0.959
1456320121.0,128ef159,0.959
1456320121.0,fdcc2a55,0.929
1456320121.0,0d5cb1e5,0.949
1456320121.0,27282b70,0.909
1456320121.0,1cedaf70,0.949
1456320121.0,8c7add3d,0.939
1456320121.0,14d17f9a,0.919
1456320121.0,c368907a,0.989
1456320121.0,a07be25b,0.959
1456320121.0,b883c155,0.959
1456320121.0,217404b2,0.939
1456320121.0,f6afdfd6,0.939
1456320121.0,be936d1c,0.969
1456320121.0,1cdbfafd,0.949
1456320121.0,bb8d0742,0.939
1456320121.0,7b8e3478,0.999
1456320121.0,52734345,0.949
1456320121.0,3d6503e3,1.029
1456320121.0,9ebd92af,0.949
1456320121.0,ec29d73c,0.989
1456320121.0,8fdafbf6,0.929
1456320121.0,73f7d503,0.949
1456320121.0,b07ee4ba,0.969
1456320121.0,b894b272,0.999
1456320121.0,3f9a7b26,0.979
1456320121.0,dcf18486,0.989
1456320121.0,a3480cfc,0.979
1456320121.0,fe0014ec,1.009
1456320121.0,35d91334,0.969
1456320121.0,47d7ec0a,0.939
1456320121.0,83a3b810,0.969
1456320121.0,a39811f3,1.009
1456320121.0,dcfb9c34,0.979
1456320121.0,c1c6485d,0.959
1456320121.0,e4f15ee0,0.989
1456320121.0,61271939,0.939
1456320121.0,70692280,0.999
1456320121.0,6d0c8ba1,0.969
1456320121.0,66444795,0.969
1456320121.0,f7dcd56c,0.949
1456320121.0,8236d188,0.979
1456320121.0,159f07cc,0.969
1456320121.0,0f96b386,0.979
1456320121.0,565eeda5,1.019
1456320121.0,7cc0b5a2,0.959
1456320121.0,a711b7d5,1.019
1456320121.0,,0.999
1456320121.0,eeb5162c,0.969
1456320121.0,871f200d,0.939
1456320121.0,7ecce629,0.939
1456320121.0,1f721c24,0.939
1456320121.0,28b3e0b6,0.959
1456320121.0,5d11fd07,0.969
1456320121.0,e5e6c292,0.929
1456320121.0,,0.939
1456320121.0,7269da44,0.979
1456320121.0,3fa012b6,0.989
1456320121.0,4b3bf40e,0.939
1456320121.0,53282654,0.979
1456320362.0,,0.969
1456320362.0,3ae6396e,0.955
1456320362.0,a8e7b6ec,0.919
1456320362.0,3a4ffbbf,0.969
1456320362.0,9d116358,0.959
1456320362.0,317387f0,0.949
1456320362.0,778f55da,0.949
1456320362.0,a377df7d,0.929
1456320362.0,6474f616,0.989
1456320362.0,396cfed4,0.949
1456320362.0,588ff3f2,0.969
1456320362.0,982b4a02,1.009
1456320362.0,91fb648d,0.939
1456320362.0,6853fb18,0.989
1456320362.0,5cf99b9e,0.949
1456320362.0,dfe43ff9,0.919
1456320362.0,d3a25b8a,0.949
1456320362.0,190c77e7,0.929
1456320362.0,2a7d911f,0.929
1456320362.0,69a62773,0.939
1456320362.0,4e6ab199,0.959
1456320362.0,d0a0e33f,0.939
1456320362.0,d64909aa,0.959
1456320362.0,e1b4b7f3,0.959
1456320362.0,e2851b26,0.949
1456320362.0,3f38fa55,0.939
1456320362.0,ee0b813f,0.929
1456320362.0,7f7f6b17,0.949
1456320362.0,35fd3576,0.969
1456320362.0,f4ec7ff4,0.949
1456320362.0,5b737243,0.959
1456320362.0,0297c11e,0.959
1456320362.0,bded4d61,0.929
1456320362.0,1c83ff33,0.999
1456320362.0,7f555c9e,0.959
1456320362.0,412fc646,0.969
1456320362.0,6977fd5c,0.939
1456320362.0,f822968e,0.959
1456320362.0,0b293007,0.939
1456320362.0,62b52d6c,0.939
1456320362.0,68a6f582,0.939
1456320362.0,3f1cb112,0.959
1456320362.0,82a52db3,0.939
1456320362.0,6e7d1516,0.979
1456320362.0,85e6dacf,0.929
1456320362.0,872ca533,0.939
1456320362.0,7ccc3654,0.929
1456320362.0,72d94c9d,1.009
1456320362.0,c0f22ef5,0.959
1456320362.0,7e0a33b2,0.959
1456320362.0,bd86f3ea,0.949
1456320362.0,5a22f16c,0.949
1456320362.0,3daf455c,0.929
1456320362.0,7473e055,0.969
1456320362.0,671a83b1,0.959
1456320362.0,0a8d1b89,0.959
1456320362.0,417dc490,0.969
1456320362.0,caaf83c5,0.929
1456320362.0,ed94db5a,0.999
1456320362.0,271e2be1,0.979
1456320362.0,549a242e,0.959
1456320362.0,8175f3cb,0.989
1456320362.0,a2ab785a,0.959
1456320362.0,337b7102,0.969
1456320362.0,166e7f73,0.959
1456320362.0,89b4dcbb,0.969
1456320362.0,f15b5390,0.929
1456320362.0,9cdd4f3a,0.939
1456320362.0,de115c83,0.949
1456320362.0,3a35a2ab,0.969
1456320362.0,c8fac997,0.939
1456320362.0,a1de4c4f,0.989
1456320362.0,909782ef,0.999
1456320362.0,cf1a869e,0.949
1456320362.0,ddd15cbb,0.999
1456320362.0,5f7106c3,0.999
1456320362.0,06f8b9dc,0.979
1456320362.0,baf6a6cd,0.959
1456320362.0,6f9842b1,0.939
1456320362.0,0d9ac59b,0.949
1456320362.0,8a9d0035,0.979
1456320362.0,0c728d01,0.949
1456320362.0,ef9d6356,0.929
1456320362.0,99a0f87e,0.959
1456320362.0,3f5ce6b8,0.969
1456320362.0,d2f10be7,0.969
1456320362.0,de1ded73,1.009
1456320362.0,190c7dc9,0.989
1456320362.0,b3a02a90,0.959
1456320362.0,acb93b88,0.989
1456320362.0,d991f8d3,0.939
1456320362.0,4dd5805a,0.959
1456320362.0,f88a40bc,0.979
1456320362.0,10a68c90,0.954
1456320362.0,eed6c533,0.969
1456320362.0,75005b6a,0.979
1456320362.0,b2c67780,0.999
1456320362.0,01117f28,0.959
1456320362.0,2aaf451f,0.929
1456320362.0,7dcac0a5,0.939
1456320362.0,12f330d3,0.939
1456320362.0,77a337be,0.959
1456320362.0,0943a46e,0.949
1456320362.0,eaadc508,0.999
1456320362.0,9278d791,0.969
1456320362.0,3b937318,0.979
1456320362.0,28071dbd,0.949
1456320362.0,76b80c65,0.979
1456320362.0,e1b2f9c0,0.949
1456320362.0,,1.019
1456320362.0,8d7db884,0.989
1456320362.0,86a500f1,0.969
1456320362.0,829bd977,0.999
1456320362.0,6d934eee,0.959
1456320362.0,b9e8287e,0.959
1456320362.0,c1c31623,0.959
1456320362.0,572bb7e5,0.969
1456320362.0,23e9a491,0.979
1456320362.0,0670c33b,0.989
1456320362.0,a1add909,0.969
1456320362.0,6a686e72,0.979
1456320362.0,2371f256,0.989
1456320362.0,b6583eaf,0.929
1456320362.0,c8c692b0,0.999
1456320362.0,68efde5b,0.949
1456320362.0,c5cb9d46,0.969
1456320362.0,fd3d8f28,0.969
1456320362.0,bce22baa,0.949
1456320362.0,7a018377,0.949
1456320362.0,2c58ecc7,0.939
1456320362.0,41618289,1.009
1456320362.0,bc467691,0.939
1456320362.0,f3608951,0.969
1456320362.0,4484bbef,0.969
1456320362.0,2b39ff64,0.969
1456320362.0,29f0b62e,0.939
1456320362.0,4bc4b71f,0.949
1456320362.0,8144ba58,0.969
1456320362.0,9f7d89ff,0.959
1456320362.0,5d5e9ec8,0.949
1456320362.0,ac54aab9,0.979
1456320362.0,d9273836,1.029
1456320362.0,095187b4,0.999
1456320362.0,1a20bec9,0.949
1456320362.0,d500f94f,0.989
1456320362.0,91925b72,0.989
1456320362.0,9b358c84,0.939
1456320362.0,79ec8492,0.939
1456320362.0,982ef9d8,0.949
1456320362.0,bb2d140b,0.999
1456320362.0,b82cdd94,1.039
1456320362.0,78676005,0.969
1456320362.0,3df4abe9,0.969
1456320362.0,6f589bf0,0.969
1456320362.0,60a86cf4,1.009
1456320362.0,2f0207af,0.999
1456320362.0,1f7b82e5,0.939
1456320362.0,45d8dea2,0.999
1456320362.0,20772809,0.969
1456320362.0,521a2127,0.949
1456320362.0,d2f8a338,0.949
1456320362.0,1d3c1b45,0.989
1456320362.0,be8fa131,0.969
1456320362.0,71c8efd1,1.029
1456320362.0,82f09d4f,0.939
1456320362.0,68a4ad40,0.979
1456320362.0,ef878178,0.959
1456320362.0,c56a25e8,0.969
1456320362.0,e96cd138,0.929
1456320362.0,45427090,0.999
1456320362.0,632dad6b,0.969
1456320362.0,4a647add,0.974
1456320362.0,d02d7c58,0.939
1456320362.0,e10f157c,0.959
1456320362.0,d10538bd,0.959
1456320362.0,c92339a1,0.979
1456320362.0,7f79215f,0.979
1456320362.0,d586ebeb,0.949
1456320362.0,57bad7ea,0.949
1456320362.0,9d888387,0.949
1456320362.0,12fa7f3d,0.979
1456320362.0,09a6cc4e,0.989
1456320362.0,f38a8e26,1.009
1456320362.0,35e9dc97,1.019
1456320362.0,5133ebd5,0.969
1456320362.0,d0e7222d,1.019
1456320362.0,1d1e053d,0.959
1456320362.0,3663fc5c,0.959
1456320362.0,b7281837,0.999
1456320362.0,cbb111f4,1.009
1456320362.0,1bbcc3e6,0.979
1456320362.0,08f6024d,1.019
1456320362.0,0f173106,0.959
1456320362.0,f9b056ba,0.949
1456320362.0,c6e90545,0.949
1456320362.0,a83de21c,0.939
1456320362.0,14d00757,0.939
1456320362.0,3c701ea8,0.959
1456320362.0,3c4c7ab9,0.939
1456320362.0,fea3781d,0.969
1456320362.0,,0.979
1456320362.0,aff519f2,0.949
1456320362.0,270e05c1,0.949
1456320362.0,77b7abe7,0.989
1456320362.0,0cae0d02,1.019
1456320362.0,c6306633,0.939
1456320362.0,1105f74e,0.989
1456320362.0,d07a0e73,0.949
1456320362.0,efb9c112,0.949
1456320362.0,502b4b71,0.969
1456320362.0,a6f38b75,0.979
1456320362.0,d9d4a6fe,0.969
1456320362.0,29e73a19,0.999
1456320362.0,182d46ad,0.969
1456320362.0,ebeb4dec,0.969
1456320362.0,c69497b1,0.949
1456320362.0,131436f2,0.969
1456320362.0,507d25cf,1.039
1456320362.0,64da7e72,1.019
1456320362.0,52932f4e,0.939
1456320362.0,61a8a961,0.969
1456320362.0,c2cb0818,0.959
1456320362.0,5bb532d0,0.939
1456320362.0,fd43a211,0.959
1456320362.0,2f3e857f,0.959
1456320362.0,732a1178,0.959
1456320362.0,1398c802,0.969
1456320362.0,b6553c9c,0.949
1456320362.0,29bd5a9a,0.959
1456320362.0,6866a590,0.939
1456320362.0,acbfa560,0.959
1456320362.0,44479fee,0.979
1456320362.0,410d90fe,0.989
1456320362.0,1e7768a8,0.949
1456320362.0,0edfca49,0.999
1456320362.0,d9de1c75,0.989
1456320362.0,317db5c8,0.979
1456320362.0,bf64b735,0.949
1456320362.0,97c3c089,0.939
1456320362.0,9dca124a,0.939
1456320362.0,2bb1e7cb,0.999
1456320362.0,b6f82f10,0.959
1456320362.0,adf7b918,0.979
1456320362.0,6946f633,0.969
1456320362.0,6df00f1d,0.979
1456320362.0,78e80807,0.989
1456320362.0,c7381288,0.989
1456320362.0,b892ab69,0.939
1456320362.0,123a197a,0.939
1456320362.0,8737cde9,0.979
1456320362.0,b0eedb32,0.959
1456320362.0,0e55eb67,0.939
1456320362.0,d97b6339,0.929
1456320362.0,f141ff6e,0.949
1456320362.0,61d59ee9,0.989
1456320362.0,ead88417,0.989
1456320362.0,1d06a6fd,0.989
1456320362.0,e3a298ff,0.969
1456320362.0,22a61e4f,0.989
1456320362.0,0ec0905b,0.969
1456320362.0,cd5312ba,0.979
1456320362.0,38cbcd42,1.019
1456320362.0,fedb2736,0.979
1456320362.0,421e1370,0.949
1456320362.0,7156911f,0.979
1456320362.0,4cad0289,0.959
1456320362.0,25f73f25,0.979
1456320362.0,7f3123c2,0.989
1456320362.0,7f90a219,0.959
1456320362.0,e17eccc4,1.019
1456320362.0,0945bafb,0.969
1456320362.0,4c906efb,0.969
1456320362.0,d13de972,0.959
1456320362.0,63ded480,0.989
1456320362.0,78b3ccb1,0.979
1456320362.0,b6ba34e1,0.949
1456320362.0,6ba205cd,0.949
1456320362.0,45b03d62,0.959
1456320362.0,de0b1b58,0.959
1456320362.0,ab23cef1,0.949
1456320362.0,14a12755,0.919
1456320362.0,4e176577,0.959
1456320362.0,2a99bdaf,0.939
1456320362.0,ca724a33,0.969
1456320362.0,aa930a31,0.929
1456320362.0,857a97e0,0.959
1456320362.0,9e81ec36,0.979
1456320362.0,232a4a6a,0.979
1456320362.0,6a4ad02d,0.979
1456320362.0,cf235e84,0.959
1456320362.0,d9cff4b8,0.969
1456320362.0,5036bf9f,1.019
1456320362.0,c64e61d0,0.939
1456320362.0,148c8e58,0.939
1456320362.0,aa6b62c4,0.949
1456320362.0,de2c9edf,0.939
1456320362.0,6f11a226,0.969
1456320362.0,df7589ae,0.959
1456320362.0,27809f91,0.979
1456320362.0,a73bef5e,0.959
1456320362.0,9672aa1d,0.969
1456320362.0,a9a62b06,0.989
1456320362.0,b387d3fa,0.959
1456320362.0,fe4f9d49,1.019
1456320362.0,d623182f,0.969
1456320362.0,26f14416,0.949
1456320362.0,8642884a,0.989
1456320362.0,59005fdf,0.969
1456320362.0,da93bb21,0.939
1456320362.0,e47eb76f,0.959
1456320362.0,aa700ca2,0.959
1456320362.0,,0.969
1456320362.0,a6fdc066,0.959
1456320362.0,affe7d62,0.939
1456320362.0,0b2f66ab,0.969
1456320362.0,ec99cf72,0.959
1456320362.0,2e175fc6,0.929
1456320362.0,369db971,0.949
1456320362.0,99b9ccd3,0.959
1456320362.0,0bc9e7ef,0.929
1456320362.0,181a93a7,0.939
1456320362.0,dac3b9fb,0.989
1456320362.0,cacdc0ed,0.989
1456320362.0,d9b08f78,0.959
1456320362.0,09cfdaed,1.039
1456320362.0,67b209f1,1.009
1456320362.0,3e13dc7c,0.979
1456320362.0,,0.959
1456320362.0,72536881,0.929
1456320362.0,9707b24c,0.949
1456320362.0,671cf752,0.984
1456320362.0,ea9276b9,0.959
1456320362.0,ffe4ba98,0.929
1456320362.0,a3af7ef1,0.959
1456320362.0,56f54684,0.949
1456320362.0,d91c0f8d,1.009
1456320362.0,7b2a5f7c,0.949
1456320362.0,800e66db,0.939
1456320362.0,17efd51c,1.019
1456320362.0,4432f96b,0.999
1456320362.0,1e2441ce,0.929
1456320362.0,fce7ca5c,0.979
1456320362.0,623aaf90,0.999
1456320362.0,013daa88,0.949
1456320362.0,b8ede601,0.969
1456320362.0,7993d053,0.979
1456320362.0,f71bbe39,0.929
1456320362.0,a2eb34d1,0.939
1456320362.0,19dd6ffa,0.959
1456320362.0,4d2618e5,0.959
1456320362.0,d82d3ed0,0.959
1456320362.0,094c7293,1.019
1456320362.0,56d1fe2a,0.979
1456320362.0,4c962a80,0.969
1456320362.0,6c6c9588,0.969
1456320362.0,6d8d97a4,0.959
1456320362.0,4d9daac2,0.959
1456320362.0,0f574058,1.029
1456320362.0,93d95943,0.959
1456320362.0,d0e41b74,0.979
1456320362.0,920f6cbb,0.959
1456320362.0,f885a3d3,1.009
1456320362.0,d3db6e64,0.989
1456320362.0,f4e35d1f,0.989
1456320362.0,f8874753,0.999
1456320362.0,52628b2e,0.949
1456320362.0,471c7127,0.939
1456320362.0,c6ab8656,0.949
1456320362.0,26e8a3e0,0.959
1456320362.0,e4b56a05,0.949
1456320362.0,8fc1cab3,0.959
1456320362.0,4fadcb9d,0.939
1456320362.0,,1.009
1456320362.0,,0.969
1456320362.0,48b393b2,0.969
1456320362.0,bf6500cb,0.999
1456320362.0,3a67bc28,0.999
1456320362.0,2a45cfbb,0.959
1456320362.0,c26a49db,0.969
1456320362.0,65aa334d,0.969
1456320362.0,7c246f5c,1.039
1456320362.0,8792c041,0.969
1456320362.0,39ee1e11,0.969
1456320362.0,90f5114b,0.939
1456320362.0,0535a64d,0.979
1456320362.0,d19b61da,0.959
1456320362.0,75d9dd17,0.929
1456320362.0,70370c43,0.959
1456320362.0,badcf1ca,0.949
1456320362.0,5e6ec38a,0.949
1456320362.0,b4c8d60e,0.949
1456320362.0,dadc3ef8,0.969
1456320362.0,514a99f3,0.959
1456320362.0,690fedaf,0.918
1456320362.0,529f6f9b,0.979
1456320362.0,3c90b73b,0.969
1456320362.0,6727ef58,0.999
1456320362.0,8b20c3e0,0.949
1456320362.0,49a6b4d3,0.959
1456320362.0,bbe091e3,0.939
1456320362.0,c569cea2,0.959
1456320362.0,1b359e8d,0.949
1456320362.0,097d0950,0.969
1456320362.0,2278471b,0.939
1456320362.0,7e7b7769,0.939
1456320362.0,8051f241,0.949
1456320362.0,74439aaa,0.979
1456320362.0,cd3a9dfc,0.969
1456320362.0,94ea8533,0.954
1456320362.0,4b71d2b1,0.969
1456320362.0,56db8c22,0.979
1456320362.0,0d686aad,0.949
1456320362.0,041032df,1.039
1456320362.0,4ff9d49d,1.009
1456320362.0,a5b2040e,0.979
1456320362.0,78962747,1.039
1456320362.0,,0.989
1456320362.0,bef35d30,0.939
1456320362.0,ee1e8107,0.959
1456320362.0,f22bbd79,0.939
1456320362.0,d4fe6b6d,0.939
1456320362.0,8b04f514,0.989
1456320362.0,3b980bc9,0.999
1456320362.0,13dccb04,0.929
1456320362.0,f654bb63,0.979
1456320362.0,b8aae107,0.959
1456320362.0,868d1b66,0.939
1456320362.0,093ad451,0.959
1456320362.0,f8cd8b31,0.959
1456320362.0,ec3feaec,0.969
1456320362.0,0243f1d9,0.949
1456320362.0,8b68e5d5,0.969
1456320362.0,00330016,0.989
1456320362.0,ab937a23,0.969
1456320362.0,21fb52c4,0.969
1456320362.0,6da1952d,0.929
1456320362.0,6174c30f,0.949
1456320362.0,d62c0561,0.959
1456320362.0,,0.979
1456320362.0,f4a86f83,0.959
1456320362.0,b4b8fb9d,0.959
1456320362.0,98f928d6,0.969
1456320362.0,7b8d5b92,0.959
1456320362.0,d83809d0,0.969
1456320362.0,ed93716a,1.009
1456320362.0,d319e0cd,1.019
1456320362.0,74d77c58,0.964
1456320362.0,0e565dc4,0.949
1456320362.0,195401ef,0.969
1456320362.0,4a7d41a5,0.959
1456320362.0,ec19c93a,0.999
1456320362.0,66fb48c6,0.979
1456320362.0,195fb3bd,0.959
1456320362.0,bde563ae,0.969
1456320362.0,29a14f86,1.009
1456320362.0,0616421e,0.959
1456320362.0,b863dc49,0.949
1456320362.0,1b39d7f7,0.999
1456320362.0,40f78b64,0.979
1456320362.0,a8334abd,0.949
1456320362.0,543855ac,0.999
1456320362.0,95a133c8,0.939
1456320362.0,faa72267,0.949
1456320362.0,5260998a,0.969
1456320362.0,460a08a3,0.959
1456320362.0,76379735,0.999
1456320362.0,a63774ee,0.969
1456320362.0,087f9ad5,0.939
1456320362.0,9bccabe6,0.959
1456320362.0,a4c2cb8d,0.989
1456320362.0,f7fc57ea,1.009
1456320362.0,dd465a5d,1.019
1456320362.0,f060b95e,0.979
1456320362.0,ea476e14,0.959
1456320362.0,410bb594,0.959
1456320362.0,d3e36a6e,0.939
1456320362.0,16870e6a,0.939
1456320362.0,3ceb9aae,0.949
1456320362.0,a65b986b,1.029
1456320362.0,c7f1eb71,0.959
1456320362.0,e539e257,1.009
1456320362.0,8acfd379,0.999
1456320362.0,5aeee11f,0.989
1456320362.0,3af55c11,0.949
1456320362.0,4663920f,0.949
1456320362.0,55a24e99,0.954
1456320362.0,bc3ec897,0.979
1456320362.0,14583564,0.969
1456320362.0,332d02ad,0.979
1456320362.0,23ffa8c7,0.924
1456320362.0,16cc4c6d,0.979
1456320362.0,aca882da,0.938
1456320362.0,1b1894a9,0.999
1456320362.0,b6a10cdf,0.939
1456320362.0,6b20d7e5,0.969
1456320362.0,2174c3f9,0.939
1456320362.0,83e73636,0.979
1456320362.0,5fcd0ac6,0.969
1456320362.0,726fb61b,0.999
1456320362.0,2e2669a6,1.019
1456320362.0,8a2bccd1,0.959
1456320362.0,13037d15,0.949
1456320362.0,287fc858,0.979
1456320362.0,fe9c0e02,0.999
1456320362.0,01dd1b6f,0.989
1456320362.0,336c678f,0.979
1456320362.0,f9e46da5,0.939
1456320362.0,f7f8ab67,0.959
1456320362.0,4103c1eb,0.969
1456320362.0,fbddd358,0.979
1456320362.0,e821cf4d,0.979
1456320362.0,02d10a00,0.979
1456320362.0,f5684ccb,0.979
1456320362.0,32ba3943,0.989
1456320362.0,bcc9307a,0.989
1456320362.0,ca9bd89a,0.969
1456320362.0,a0e239a8,0.959
1456320362.0,33300818,0.969
1456320362.0,f7d11bff,1.009
1456320362.0,40dc7ae9,0.979
1456320362.0,dce58b64,0.939
1456320362.0,234744ea,0.999
1456320362.0,15566f60,0.999
1456320362.0,9da3a4c0,1.009
1456320362.0,7163665c,0.999
1456320362.0,a7b1a4ab,0.959
1456320362.0,fa56fc6e,0.969
1456320362.0,ad852670,0.969
1456320362.0,e1811d4f,0.979
1456320362.0,12d2f4a6,0.949
1456320362.0,4aba346d,0.969
1456320362.0,0ec71297,0.949
1456320362.0,895ceaef,0.949
1456320362.0,cfeaab1a,0.999
1456320362.0,b18611aa,0.969
1456320362.0,d98fe3f5,0.934
1456320362.0,39409a93,0.959
1456320362.0,6fbcc336,0.929
1456320362.0,ffacc137,0.969
1456320362.0,415092bd,1.029
1456320362.0,f57033cf,0.999
1456320362.0,b8563039,0.959
1456320362.0,b3898d20,0.959
1456320362.0,01b26f60,0.969
1456320362.0,9eebc5a7,0.959
1456320362.0,e6176ad3,0.959
1456320362.0,bdc12d8e,0.959
1456320362.0,f0710c08,0.969
1456320362.0,d97e33d2,0.969
1456320362.0,ff71148f,0.969
1456320362.0,e0fed588,0.939
1456320362.0,0c37347b,0.969
1456320362.0,ce2ccf2c,0.969
1456320362.0,6877801d,0.999
1456320362.0,ab84ea8f,0.979
1456320362.0,e42847f6,1.009
1456320362.0,f5774e0e,0.959
1456320362.0,8f9ca1ed,0.979
1456320362.0,81038dd7,0.949
1456320362.0,aa9ca821,0.959
1456320362.0,fd6b00bc,0.929
1456320362.0,ca757f3f,0.989
1456320362.0,3ea4d9dc,0.939
1456320362.0,8ea85961,0.979
1456320362.0,2cdfc56f,0.969
1456320362.0,cd09a0d6,0.939
1456320362.0,71405ff7,0.969
1456320362.0,93656c34,0.979
1456320362.0,6a5c522a,0.969
1456320362.0,,0.959
1456320362.0,7e6785e2,1.019
1456320362.0,94f34687,0.949
1456320362.0,921192f1,0.969
1456320362.0,36f30de6,0.959
1456320362.0,2b4f9432,0.969
1456320362.0,cbd96815,0.999
1456320362.0,5204d6df,1.009
1456320362.0,3b1a99c0,0.999
1456320362.0,d81a826a,0.969
1456320362.0,1b21d50b,0.939
1456320362.0,392b75a8,0.959
1456320362.0,e183f4cf,0.979
1456320362.0,3bed1f31,0.999
1456320362.0,1bc107ca,0.959
1456320362.0,80d7d85e,0.969
1456320362.0,ea5a9904,0.959
1456320362.0,f747cfc3,0.949
1456320362.0,dc7fb76c,0.959
1456320362.0,48038048,0.959
1456320362.0,e256d75b,0.979
1456320362.0,6279da87,0.939
1456320362.0,bedf720e,0.979
1456320362.0,422fbafa,0.989
1456320362.0,ffe8f0be,0.969
1456320362.0,19feb15d,0.999
1456320362.0,9f34d3c7,0.979
1456320362.0,5695114d,0.959
1456320362.0,cc350ace,0.929
1456320362.0,fe172e09,0.969
1456320362.0,3f241a2c,0.999
1456320362.0,1929bb2b,0.979
1456320362.0,e939fab3,0.959
1456320362.0,4719c036,0.959
1456320362.0,b1342e4a,0.999
1456320362.0,76cc63cc,0.969
1456320362.0,e24d8cab,0.959
1456320362.0,612f96e1,0.969
1456320362.0,ee288062,0.999
1456320362.0,6fc48997,0.949
1456320362.0,0b7d0a63,0.969
1456320362.0,2e5cae9f,0.979
1456320362.0,4e5b883c,0.959
1456320362.0,25294ce8,0.979
1456320362.0,576d4884,0.969
1456320362.0,62f495a7,0.939
1456320362.0,4158664a,0.989
1456320362.0,c257e761,0.969
1456320362.0,6a49dcf0,0.979
1456320362.0,bfce3f9b,0.939
1456320362.0,73af6d41,0.959
1456320362.0,c7ec58cd,0.939
1456320362.0,9e184682,0.969
1456320362.0,f1adb6c9,0.959
1456320362.0,fab2186a,0.969
1456320362.0,ac8fbe39,0.969
1456320362.0,1b5356f1,0.969
1456320362.0,db3cd271,0.939
1456320362.0,f47f4232,0.919
1456320362.0,d56413d1,0.949
1456320362.0,09c6edbf,0.949
1456320362.0,8d433ec5,0.929
1456320362.0,8597e067,0.929
1456320362.0,a2140381,1.089
1456320362.0,b6bd8b96,0.929
1456320362.0,be99051f,1.009
1456320362.0,849ac669,1.009
1456320362.0,367e0536,0.959
1456320362.0,,0.949
1456320362.0,65788d91,0.939
1456320362.0,ebccb800,0.989
1456320362.0,ff20eed6,0.979
1456320362.0,9bc16c2e,0.929
1456320362.0,bbc1d831,0.939
1456320362.0,9425b86b,0.969
1456320362.0,b350758d,0.959
1456320362.0,e7dd6621,0.914
1456320362.0,47bf3acc,0.949
1456320362.0,c6cff611,0.979
1456320362.0,c6c05a1d,0.969
1456320362.0,9ac3ac4d,0.949
1456320362.0,2a753e23,0.939
1456320362.0,26d49c51,0.959
1456320362.0,538edcf9,0.979
1456320362.0,ecf4342f,0.949
1456320362.0,74b6c8cb,1.009
1456320362.0,ea255676,0.989
1456320362.0,a03e4bfc,1.009
1456320362.0,304a6497,0.969
1456320362.0,2b04db76,0.989
1456320362.0,0880a239,0.949
1456320362.0,2cf8ea35,0.919
1456320362.0,8405466d,0.949
1456320362.0,4aeeebe8,0.959
1456320362.0,af343ad6,0.949
1456320362.0,8e5758d4,0.969
1456320362.0,7ee5da0f,0.969
1456320362.0,3ce106d3,0.979
1456320362.0,33fa60b9,0.989
1456320362.0,41f89d4b,0.959
1456320362.0,65beaeab,0.939
1456320362.0,e305ccae,0.979
1456320362.0,0f7beaca,0.989
1456320362.0,196b11c0,0.969
1456320362.0,0748225f,0.949
1456320362.0,1636cb5c,0.999
1456320362.0,8b3bba8f,0.939
1456320362.0,41fc3133,0.959
1456320362.0,7c245713,0.959
1456320362.0,18db456a,0.989
1456320362.0,aa45910c,0.989
1456320362.0,71992fbe,0.929
1456320362.0,3e2d7201,0.949
1456320362.0,f92bdf7c,0.959
1456320362.0,53d76725,0.979
1456320362.0,5f0ea8ff,0.979
1456320362.0,b870f094,0.999
1456320362.0,53988e6f,0.979
1456320362.0,5bdf1cdf,0.999
1456320362.0,c2c9a813,0.999
1456320362.0,e4d02e08,0.969
1456320362.0,85e6cd0f,1.009
1456320362.0,726bbc28,0.949
1456320362.0,efb9b2b5,0.949
1456320362.0,210e50b8,0.949
1456320362.0,6d6a4209,0.939
1456320362.0,0a2b6f09,0.949
1456320362.0,758e532b,0.959
1456320362.0,512f32d1,0.959
1456320362.0,21b1fd87,0.939
1456320362.0,a49f5d4b,0.969
1456320362.0,17b40c62,0.989
1456320362.0,688653f8,0.929
1456320362.0,955c334e,0.959
1456320362.0,1cdbfafd,0.949
1456320362.0,74b98eac,0.939
1456320362.0,124a48e9,0.979
1456320362.0,053b7fd8,0.929
1456320362.0,46cbebe3,0.989
1456320362.0,22491a38,0.939
1456320362.0,045fdfdf,0.959
1456320362.0,467ac0ec,0.949
1456320362.0,351dd222,0.919
1456320362.0,26e8cf72,0.959
1456320362.0,9eec96b9,0.979
1456320362.0,bf7e9cdf,0.989
1456320362.0,a5b2c28c,0.959
1456320362.0,e2a5f261,0.969
1456320362.0,07d4d93c,0.979
1456320362.0,3965f1ec,0.979
1456320362.0,0d27caae,0.929
1456320362.0,2178a97e,0.959
1456320362.0,ecaf9af2,1.009
1456320362.0,9f415abc,0.989
1456320362.0,661e8c68,0.959
1456320362.0,e36e5558,0.979
1456320362.0,91742e49,0.999
1456320362.0,f8fc52b4,0.939
1456320362.0,50e4f2c0,0.989
1456320362.0,89d5bd42,0.949
1456320362.0,669a039e,0.929
1456320362.0,63a3fa08,0.959
1456320362.0,aca99357,1.019
1456320362.0,81b7d9e6,0.989
1456320362.0,e532c6da,0.979
1456320362.0,617ff48b,0.979
1456320362.0,86515341,0.959
1456320362.0,503c695b,0.919
1456320362.0,b57a6a63,0.959
1456320362.0,15fe382d,0.979
1456320362.0,823e96f7,0.959
1456320362.0,07908b66,0.969
1456320362.0,58d29ccf,0.919
1456320362.0,10603241,0.959
1456320362.0,65ab6225,0.979
1456320362.0,19c8f617,0.989
1456320362.0,0da9043c,1.019
1456320362.0,836023d3,0.989
1456320362.0,98ba3c6d,0.989
1456320362.0,b2590879,0.979
1456320362.0,65188032,0.999
1456320362.0,1a48cf2f,0.989
1456320362.0,303dd086,0.959
1456320362.0,6655797e,0.959
1456320362.0,a5042c9b,0.949
1456320362.0,c29d02a5,0.959
1456320362.0,928e1254,0.929
1456320362.0,dd530bc1,0.939
1456320362.0,bb7226f1,0.939
1456320362.0,b65f17d4,0.949
1456320362.0,df8d090e,0.919
1456320362.0,9845e20e,0.969
1456320362.0,eb060797,0.969
1456320362.0,801fe77a,0.949
1456320362.0,4d5d9361,0.969
1456320362.0,06a2513a,0.989
1456320362.0,6e5aeb52,0.979
1456320362.0,3ad0e13e,1.039
1456320362.0,9b8af649,0.929
1456320362.0,16a70ba2,1.019
1456320362.0,b6ac7c95,0.939
1456320362.0,4f807f9a,0.979
1456320362.0,676ddd24,0.969
1456320362.0,afc65a6d,0.989
1456320362.0,68bdb4cb,0.969
1456320362.0,eeb5162c,0.949
1456320362.0,7af18d81,0.989
1456320362.0,85711ea4,1.019
1456320362.0,2ae6578d,0.969
1456320362.0,9dd2f35d,1.029
1456320362.0,dce99b82,1.029
1456320362.0,26dda5ba,0.979
1456320362.0,fc42b1f2,1.009
1456320362.0,,0.939
1456320601.0,c9d6d32f,0.939
1456320601.0,16bc38f7,0.919
1456320601.0,600b45e8,0.979
1456320601.0,cbf8d95f,0.959
1456320601.0,421e1e29,0.949
1456320601.0,5f00ab6a,0.959
1456320601.0,909a8e2d,0.959
1456320601.0,61ef0e4f,0.959
1456320601.0,7f0a95e2,0.959
1456320601.0,41577ba2,0.999
1456320601.0,70931d91,0.959
1456320601.0,b12129d0,0.999
1456320601.0,ec0fb945,0.939
1456320601.0,9d2b8d38,0.949
1456320601.0,a6cf9c73,0.949
1456320601.0,78d86c64,0.939
1456320601.0,e624a815,0.919
1456320601.0,b86da903,0.939
1456320601.0,08903b8c,0.929
1456320601.0,1e3d64de,0.919
1456320601.0,e6289f57,0.929
1456320601.0,d015fcf3,0.909
1456320601.0,a3a3361e,0.939
1456320601.0,e1b4b7f3,0.949
1456320601.0,716f400f,0.959
1456320601.0,e54743a0,0.949
1456320601.0,3c8508a5,0.929
1456320601.0,e6b8819f,0.929
1456320601.0,3b40de08,0.929
1456320601.0,e0d2b4fe,0.989
1456320601.0,e72628ad,0.949
1456320601.0,721139ba,0.979
1456320601.0,58e4c668,0.969
1456320601.0,877aae3b,0.959
1456320601.0,83cf7d34,0.959
1456320601.0,7bbf0d9c,0.939
1456320601.0,dfb47eed,0.929
1456320601.0,c2d8e386,0.929
1456320601.0,69152a7b,0.919
1456320601.0,b6364ec3,0.949
1456320601.0,5ff2f593,1.009
1456320601.0,b8ddb5a8,0.929
1456320601.0,dd59fed2,0.959
1456320601.0,05bcda3c,0.919
1456320601.0,2239a830,0.999
1456320601.0,16a6da02,0.959
1456320601.0,55da4d14,0.939
1456320601.0,37907db5,0.939
1456320601.0,c1b0a4e8,0.999
1456320601.0,f704c239,0.979
1456320601.0,583bd0d6,0.929
1456320601.0,f3aefdfa,0.919
1456320601.0,87fbb61d,0.969
1456320601.0,e9eeb033,0.919
1456320601.0,e1daef8f,0.909
1456320601.0,aacc4471,0.919
1456320601.0,a3827856,0.949
1456320601.0,6894d9e7,0.939
1456320601.0,976e4795,0.999
1456320601.0,8730426e,0.959
1456320601.0,4ca12111,0.969
1456320601.0,667e0f37,0.939
1456320601.0,fc64f929,0.989
1456320601.0,671d6e1d,0.949
1456320601.0,885b2e54,1.019
1456320601.0,04fe94aa,0.979
1456320601.0,2ef24e6a,0.939
1456320601.0,5e0f74ed,0.969
1456320601.0,b7fdbb95,0.969
1456320601.0,e85f8007,0.949
1456320601.0,c6d2e518,0.949
1456320601.0,1176658b,0.959
1456320601.0,3909e8e8,0.949
1456320601.0,84028c7a,0.979
1456320601.0,0375f449,0.949
1456320601.0,3855d1bc,0.989
1456320601.0,1d57ebaf,0.959
1456320601.0,fc127178,0.969
1456320601.0,340e9b8b,0.979
1456320601.0,06c32dfe,0.999
1456320601.0,0a1259e1,0.969
1456320601.0,6ecefdf4,1.009
1456320601.0,ed770a27,0.989
1456320601.0,ed84fb55,0.959
1456320601.0,2410740f,0.939
1456320601.0,1de97778,0.949
1456320601.0,097b0d22,0.929
1456320601.0,292cfe23,0.959
1456320601.0,302b9338,0.959
1456320601.0,1e9c1caa,0.949
1456320601.0,ac4f6a54,0.909
1456320601.0,69bda9c6,0.979
1456320601.0,5798eb33,0.949
1456320601.0,297818d7,0.969
1456320601.0,761dd171,0.979
1456320601.0,bf024497,1.019
1456320601.0,112e83a5,0.969
1456320601.0,8d4cbfeb,0.999
1456320601.0,602cea26,0.999
1456320601.0,ad0995a1,0.929
1456320601.0,9c38cf72,0.949
1456320601.0,d20092c4,0.929
1456320601.0,f53a8f17,0.969
1456320601.0,2498b287,0.959
1456320601.0,684f8459,0.999
1456320601.0,bd45085f,0.949
1456320601.0,26db277e,0.969
1456320601.0,74d27484,0.959
1456320601.0,4c3e0377,0.999
1456320601.0,c952f3ae,0.959
1456320601.0,,0.989
1456320601.0,a27aa278,1.009
1456320601.0,d34c2ebc,0.954
1456320601.0,a9d61346,0.929
1456320601.0,86cc51ec,0.999
1456320601.0,008b0fac,0.999
1456320601.0,d489f647,1.019
1456320601.0,93da27ed,0.969
1456320601.0,6a8da366,0.939
1456320601.0,5dc70b90,0.989
1456320601.0,5d4a550d,0.939
1456320601.0,7b9f0ef9,0.999
1456320601.0,fc3fcf48,0.959
1456320601.0,a7e5b405,0.969
1456320601.0,f27854f0,0.929
1456320601.0,aa53bc55,0.949
1456320601.0,a470edc3,0.969
1456320601.0,08f7db25,0.949
1456320601.0,cf40d91b,0.939
1456320601.0,de920e08,0.939
1456320601.0,0622b5eb,0.959
1456320601.0,7eafe473,0.969
1456320601.0,6938babb,0.969
1456320601.0,46c099d0,0.939
1456320601.0,19413372,0.979
1456320601.0,9dc599bb,0.949
1456320601.0,,0.989
1456320601.0,3f58dc20,0.939
1456320601.0,37427601,0.949
1456320601.0,b90ce0f4,0.969
1456320601.0,5ae6dfd2,1.029
1456320601.0,d9273836,1.009
1456320601.0,a66ad3ee,0.939
1456320601.0,59bf4a11,0.919
1456320601.0,8f6a43ef,0.949
1456320601.0,b79612a4,0.959
1456320601.0,96300c44,0.989
1456320601.0,763190d4,0.979
1456320601.0,5a5b83e5,0.979
1456320601.0,386807be,0.969
1456320601.0,37e9ba19,0.989
1456320601.0,79ec8492,0.929
1456320601.0,6b347fa9,0.989
1456320601.0,05976f26,0.959
1456320601.0,ded1172c,0.949
1456320601.0,ef0ae2f2,0.959
1456320601.0,cbf83fe3,0.979
1456320601.0,cb98fbad,0.969
1456320601.0,45edf39e,0.939
1456320601.0,9c044e4f,0.969
1456320601.0,5b93fb87,0.949
1456320601.0,1d86aff5,0.969
1456320601.0,392c6ac7,0.939
1456320601.0,5110d453,1.009
1456320601.0,663bd568,0.969
1456320601.0,fdd7a859,0.949
1456320601.0,c184854c,0.969
1456320601.0,08506b59,0.959
1456320601.0,adb0e3b5,0.949
1456320601.0,c7316ab3,0.979
1456320601.0,8977de4b,0.974
1456320601.0,d0d137e8,0.959
1456320601.0,9b0605bd,0.959
1456320601.0,51fd157b,0.949
1456320601.0,50acf721,0.949
1456320601.0,6568fb81,0.939
1456320601.0,a825b9fa,0.959
1456320601.0,eacc3482,0.969
1456320601.0,6b1c47cf,0.959
1456320601.0,92300cd4,0.929
1456320601.0,c78085b8,0.969
1456320601.0,90057d6c,0.939
1456320601.0,615801d6,0.989
1456320601.0,b3fe373b,0.969
1456320601.0,7a7219bc,0.979
1456320601.0,6452d682,0.94
1456320601.0,59d94ded,1.029
1456320601.0,301f8f7b,1.009
1456320601.0,df43a8b2,0.929
1456320601.0,48198db0,0.944
1456320601.0,ac8396c4,0.939
1456320601.0,f3ffc72b,0.959
1456320601.0,e5b18dec,0.929
1456320601.0,0657e6a3,0.979
1456320601.0,251b8d8a,0.979
1456320601.0,3580f1ac,0.989
1456320601.0,e25e53b1,1.009
1456320601.0,37f61ca4,0.969
1456320601.0,909da1d9,0.959
1456320601.0,944eaea5,0.979
1456320601.0,a0f9d44d,1.019
1456320601.0,5318f3a8,0.999
1456320601.0,149d33f0,0.949
1456320601.0,6e97a289,0.999
1456320601.0,6baeb328,1.009
1456320601.0,0d9f89b8,0.959
1456320601.0,35305598,0.939
1456320601.0,e7dc4cd2,0.979
1456320601.0,9789b717,0.979
1456320601.0,b615461b,0.939
1456320601.0,414a4374,0.959
1456320601.0,9fbf8dcd,1.019
1456320601.0,,0.969
1456320601.0,aca2d2bc,0.959
1456320601.0,628e1099,0.979
1456320601.0,,0.949
1456320601.0,75d484dc,0.919
1456320601.0,403a1c86,0.959
1456320601.0,62ebae64,0.999
1456320601.0,feda8910,0.939
1456320601.0,7da0a752,0.999
1456320601.0,b54a85b1,0.949
1456320601.0,e592b5d0,0.949
1456320601.0,7ab8a6b9,0.999
1456320601.0,11fbd55b,0.929
1456320601.0,9d205788,0.939
1456320601.0,d088285e,0.969
1456320601.0,b85957cd,0.959
1456320601.0,ca2862c6,0.959
1456320601.0,410ba324,0.939
1456320601.0,6f96e265,0.959
1456320601.0,2b30a775,0.909
1456320601.0,82360936,0.959
1456320601.0,7aa7e8fe,0.949
1456320601.0,871acdd2,0.979
1456320601.0,83cc51b1,0.989
1456320601.0,b49fc8ed,0.989
1456320601.0,7e67d294,0.959
1456320601.0,344119e7,0.939
1456320601.0,d872a109,0.939
1456320601.0,3d589997,0.959
1456320601.0,7ad9a6eb,0.979
1456320601.0,aa1ef023,0.969
1456320601.0,901b3dc2,0.999
1456320601.0,,0.949
1456320601.0,455166b9,0.979
1456320601.0,1c370637,0.969
1456320601.0,d7932eeb,0.909
1456320601.0,ec0f640c,0.979
1456320601.0,8d6ec707,0.919
1456320601.0,5e56181c,0.939
1456320601.0,b52679e9,0.949
1456320601.0,6647542f,0.979
1456320601.0,9dce1619,0.979
1456320601.0,86466323,0.979
1456320601.0,63796bb7,0.939
1456320601.0,7964974d,0.959
1456320601.0,f84d262d,0.939
1456320601.0,237d6474,0.949
1456320601.0,e487e118,0.989
1456320601.0,5f59e3c7,0.979
1456320601.0,772cd349,0.979
1456320601.0,ba746e17,1.049
1456320601.0,bd131e65,0.959
1456320601.0,0d5b98eb,0.999
1456320601.0,9f3e7014,0.999
1456320601.0,dde1b45b,0.989
1456320601.0,4aa385bb,0.929
1456320601.0,60a39e86,0.999
1456320601.0,d1bfa6c5,0.969
1456320601.0,5d1b2141,0.969
1456320601.0,9d98dcbb,0.989
1456320601.0,b84fb396,0.999
1456320601.0,776ee4f1,0.969
1456320601.0,556b6079,0.989
1456320601.0,,0.974
1456320601.0,b6ef86a2,0.939
1456320601.0,7800fa83,0.939
1456320601.0,6acdb3a0,0.969
1456320601.0,3e32f401,0.939
1456320601.0,ba0d3095,0.979
1456320601.0,c8c94822,0.949
1456320601.0,9b0b4894,0.939
1456320601.0,97f7398e,0.939
1456320601.0,8f268946,0.899
1456320601.0,fa3c7cd8,0.969
1456320601.0,6ba205cd,0.929
1456320601.0,eb79ce7f,0.959
1456320601.0,ac4a6914,0.969
1456320601.0,7174859c,0.959
1456320601.0,d3bf8582,0.959
1456320601.0,ec85f8b2,0.929
1456320601.0,3dfd3678,0.939
1456320601.0,ff8a65f2,0.919
1456320601.0,c330a48b,0.939
1456320601.0,897a7af7,0.969
1456320601.0,11b725ec,0.959
1456320601.0,04583028,0.939
1456320601.0,727b85d9,0.949
1456320601.0,eecbf37e,0.959
1456320601.0,2207feed,0.939
1456320601.0,aa822d7f,0.929
1456320601.0,72615718,0.939
1456320601.0,d1b50fc2,0.959
1456320601.0,8b2b7d79,0.939
1456320601.0,8ee67957,0.939
1456320601.0,27eb52b2,0.959
1456320601.0,05de04c2,0.959
1456320601.0,c8da9d10,0.939
1456320601.0,6135497e,0.959
1456320601.0,4ef36239,0.979
1456320601.0,dbc1bba3,0.929
1456320601.0,6304ec3a,0.969
1456320601.0,7f44346f,0.939
1456320601.0,657861bc,0.929
1456320601.0,131b8ba4,0.919
1456320601.0,73d508f6,0.939
1456320601.0,c8eaf4a4,0.959
1456320601.0,8f280c89,0.939
1456320601.0,91f0a0fd,0.949
1456320601.0,3f15b05a,0.949
1456320601.0,8e01dbc3,0.979
1456320601.0,60429413,0.939
1456320601.0,dbad6afc,0.939
1456320601.0,93a0a521,0.984
1456320601.0,40a98fc9,0.949
1456320601.0,7dfbe965,0.939
1456320601.0,7f6c5ae2,1.009
1456320601.0,23dfefb8,0.979
1456320601.0,03f96d6c,0.979
1456320601.0,50c1aaef,0.999
1456320601.0,fb17adac,0.999
1456320601.0,4824bf4c,0.939
1456320601.0,78767dc5,0.989
1456320601.0,8b9c037d,0.959
1456320601.0,21ab2968,0.999
1456320601.0,a06397bf,0.979
1456320601.0,995615f7,0.969
1456320601.0,6f8f49f1,0.959
1456320601.0,ce45fa96,0.939
1456320601.0,8de146cf,0.969
1456320601.0,38b12dcf,0.969
1456320601.0,c0d663b4,0.989
1456320601.0,a894c70b,0.979
1456320601.0,c699c115,0.979
1456320601.0,ae5da76e,0.939
1456320601.0,22dc5d73,0.949
1456320601.0,bba52d69,1.009
1456320601.0,,0.959
1456320601.0,5ba0908f,0.999
1456320601.0,3050301a,0.989
1456320601.0,b39d969e,0.999
1456320601.0,b594d429,0.989
1456320601.0,c38cb4a1,0.969
1456320601.0,0fafd241,0.979
1456320601.0,f7877ed7,0.939
1456320601.0,3b5de5d2,0.959
1456320601.0,59182828,0.989
1456320601.0,79555dbb,0.939
1456320601.0,271f6d48,0.939
1456320601.0,af12e3b6,0.989
1456320601.0,8cdff641,0.959
1456320601.0,95a26ce2,0.909
1456320601.0,46bbffea,0.989
1456320601.0,81e0ef7b,0.959
1456320601.0,6b2baaee,0.969
1456320601.0,6c8423e1,0.939
1456320601.0,fbcad1cd,0.939
1456320601.0,26613c3a,0.999
1456320601.0,14b507db,0.969
1456320601.0,db68109c,0.979
1456320601.0,e60f2fb7,1.009
1456320601.0,acca0be9,0.959
1456320601.0,a4416f40,0.949
1456320601.0,0aad0d01,0.979
1456320601.0,c8dc6d04,0.939
1456320601.0,4abb67a5,0.959
1456320601.0,98624c5c,0.979
1456320601.0,521538f8,0.959
1456320601.0,c8df6e1a,0.939
1456320601.0,48ebcec1,0.989
1456320601.0,5cdcf2a5,0.969
1456320601.0,561829d6,0.939
1456320601.0,6d017696,0.999
1456320601.0,4cd470ad,0.929
1456320601.0,555c0035,0.959
1456320601.0,74903af4,0.919
1456320601.0,6e41593c,0.969
1456320601.0,365e9221,0.959
1456320601.0,256da341,0.939
1456320601.0,02516583,0.989
1456320601.0,83b18a20,0.939
1456320601.0,b5940e7d,0.999
1456320601.0,7a64f89c,0.959
1456320601.0,da91fae8,0.939
1456320601.0,,0.939
1456320601.0,e4e4bf18,0.929
1456320601.0,4395666c,0.939
1456320601.0,baf1ff57,0.969
1456320601.0,44a2c936,1.009
1456320601.0,337bdfc2,0.949
1456320601.0,c03f4ffa,0.939
1456320601.0,0e7a54cf,0.939
1456320601.0,5463fafc,0.939
1456320601.0,70a38521,0.949
1456320601.0,552250d6,0.959
1456320601.0,eebe0685,0.959
1456320601.0,88d7ccee,0.999
1456320601.0,64cf2668,0.989
1456320601.0,8f0c450a,0.959
1456320601.0,60ccb68d,0.969
1456320601.0,6bbc54b6,0.989
1456320601.0,e4de6238,1.009
1456320601.0,e71f7bdd,0.949
1456320601.0,202af8f9,0.969
1456320601.0,bc85d300,0.969
1456320601.0,92dce960,0.989
1456320601.0,2cbd6d3c,0.939
1456320601.0,1bc36219,0.969
1456320601.0,f7664845,0.969
1456320601.0,61c492dd,0.939
1456320601.0,4a902369,0.949
1456320601.0,a5de0540,0.959
1456320601.0,4d4039fd,0.939
1456320601.0,79eb6d1c,0.949
1456320601.0,5e11d4e5,0.969
1456320601.0,4a1fb5a4,0.999
1456320601.0,39bd20ff,0.989
1456320601.0,4de24a20,0.959
1456320601.0,80e3422f,0.969
1456320601.0,07d1cb29,0.929
1456320601.0,2ee6700c,0.959
1456320601.0,4e13229f,0.939
1456320601.0,ce969ca1,0.959
1456320601.0,5c3d3863,0.989
1456320601.0,afc2b240,0.959
1456320601.0,278329af,0.979
1456320601.0,ce2cb57e,0.949
1456320601.0,f574fa00,0.989
1456320601.0,9db8f5e1,0.939
1456320601.0,aaa29d7c,0.929
1456320601.0,6b012e3a,0.919
1456320601.0,c960300b,0.979
1456320601.0,ab57f5d6,0.959
1456320601.0,55b1a563,0.919
1456320601.0,11bd050d,0.949
1456320601.0,6a687cf5,0.979
1456320601.0,3680125e,0.949
1456320601.0,,0.959
1456320601.0,aa65bfee,0.959
1456320601.0,c0ccdcc4,0.969
1456320601.0,8bd3b9de,0.989
1456320601.0,151efb9f,0.959
1456320601.0,0d0f23bd,0.939
1456320601.0,78e9f79a,0.969
1456320601.0,9c45c396,0.969
1456320601.0,2d4e58b5,1.009
1456320601.0,1db779ce,0.959
1456320601.0,9f01dc28,0.999
1456320601.0,2839dc7d,0.969
1456320601.0,80ec45da,0.939
1456320601.0,f960ce49,0.989
1456320601.0,d9a504fe,0.939
1456320601.0,24797e98,0.969
1456320601.0,25a832ea,0.939
1456320601.0,8b485c5e,0.969
1456320601.0,ab473015,0.969
1456320601.0,f7f4f1c0,0.939
1456320601.0,82ca3bd9,0.959
1456320601.0,4100c9dd,0.959
1456320601.0,f8cd8b31,0.949
1456320601.0,,0.979
1456320601.0,bc58fcd6,0.969
1456320601.0,ce519ed4,0.979
1456320601.0,180c4928,1.049
1456320601.0,046da538,1.019
1456320601.0,0d45e0bd,0.979
1456320601.0,a10d5095,0.949
1456320601.0,bfd9d768,0.979
1456320601.0,d54426c4,0.979
1456320601.0,9e3fd3b1,0.939
1456320601.0,3b92c6ae,0.909
1456320601.0,9aff86f3,0.959
1456320601.0,180c401e,0.959
1456320601.0,81b79933,0.979
1456320601.0,fff62873,0.949
1456320601.0,1d01b950,0.959
1456320601.0,8c6a9ff5,0.999
1456320601.0,9272dad9,0.989
1456320601.0,e99fa253,0.979
1456320601.0,98c5755b,0.969
1456320601.0,0ec80a86,0.939
1456320601.0,2b428719,0.959
1456320601.0,68519520,0.939
1456320601.0,1f52483c,0.969
1456320601.0,9a4568c6,0.939
1456320601.0,a50ae4a2,0.939
1456320601.0,a9ad29e3,0.949
1456320601.0,15afd395,0.959
1456320601.0,e068e0ba,0.979
1456320601.0,46950b68,0.929
1456320601.0,374e91b4,0.959
1456320601.0,6f03c04e,0.959
1456320601.0,2660c764,0.959
1456320601.0,fb5125c0,0.949
1456320601.0,72ecbc2d,0.999
1456320601.0,ad4337a9,0.939
1456320601.0,c57c6085,0.979
1456320601.0,202abd50,0.939
1456320601.0,82cff99e,0.949
1456320601.0,9090ae53,0.979
1456320601.0,9f51dbf4,0.949
1456320601.0,d0fb35a1,0.959
1456320601.0,e3669521,1.009
1456320601.0,35de2e09,0.969
1456320601.0,7a630a93,0.939
1456320601.0,,0.959
1456320601.0,bb8487e5,0.949
1456320601.0,6264e826,0.949
1456320601.0,58d274cb,0.969
1456320601.0,834ff98a,0.949
1456320601.0,7d4e7386,0.929
1456320601.0,ccecf336,0.949
1456320601.0,2c5f3e59,0.919
1456320601.0,8a0d026c,0.939
1456320601.0,997db707,0.939
1456320601.0,ab01842d,0.989
1456320601.0,4e30bdf2,0.949
1456320601.0,2e4b5644,0.929
1456320601.0,0eef2037,0.969
1456320601.0,ba2fdbe6,0.949
1456320601.0,80e97677,0.979
1456320601.0,41095c7b,0.949
1456320601.0,e431e0c7,0.959
1456320601.0,a2346f9b,0.969
1456320601.0,fdc55c51,0.989
1456320601.0,2d4ea0c1,0.969
1456320601.0,0fc44087,0.979
1456320601.0,9b8b3fcc,0.979
1456320601.0,b7488969,1.009
1456320601.0,57525dc2,0.979
1456320601.0,d3a16954,0.949
1456320601.0,edb096b5,0.989
1456320601.0,a0f3e216,0.969
1456320601.0,48a1c30a,0.939
1456320601.0,f1ccda26,1.029
1456320601.0,2735badd,0.999
1456320601.0,87bbe419,0.949
1456320601.0,4773dbd2,0.959
1456320601.0,94686fc0,0.999
1456320601.0,cb04d9ea,0.979
1456320601.0,27268be1,0.979
1456320601.0,1388562b,0.949
1456320601.0,73242acd,0.929
1456320601.0,dd490099,0.949
1456320601.0,b0c0a395,0.979
1456320601.0,8035b52d,0.939
1456320601.0,62ae11f0,0.979
1456320601.0,99fbfc30,0.989
1456320601.0,8e8b8a63,0.939
1456320601.0,e5573fdc,0.969
1456320601.0,5cb012ef,0.979
1456320601.0,2d2c9c3f,0.939
1456320601.0,662ae541,0.969
1456320601.0,5b1eb6c6,0.929
1456320601.0,c985912f,0.999
1456320601.0,4aa96079,0.979
1456320601.0,db414715,0.999
1456320601.0,776d3e19,0.989
1456320601.0,ab49a3d7,0.959
1456320601.0,dcbbade5,0.929
1456320601.0,123a41c8,0.969
1456320601.0,c843ae37,0.939
1456320601.0,5e575550,0.949
1456320601.0,1555e8c5,0.979
1456320601.0,335765fb,0.999
1456320601.0,43d54d96,0.999
1456320601.0,fc93128d,0.994
1456320601.0,c21f352d,0.939
1456320601.0,f7f90554,0.939
1456320601.0,5b70fdaa,1.019
1456320601.0,b1450a7d,0.979
1456320601.0,b471c98a,0.969
1456320601.0,1edee463,1.009
1456320601.0,7150ecaf,0.939
1456320601.0,5c49f018,0.969
1456320601.0,0ec71297,0.949
1456320601.0,a18aae3d,0.969
1456320601.0,92401764,0.969
1456320601.0,a622d33e,0.939
1456320601.0,07de256c,0.989
1456320601.0,14c0148e,0.969
1456320601.0,bdc7131f,0.949
1456320601.0,5d07eeec,0.949
1456320601.0,570306b1,0.959
1456320601.0,8c24cc40,0.939
1456320601.0,e9e52898,0.959
1456320601.0,67fdfb0c,0.949
1456320601.0,769eb8e0,0.959
1456320601.0,c6a1b911,0.954
1456320601.0,de55d6cb,0.969
1456320601.0,aafab111,0.969
1456320601.0,b8088ed5,0.989
1456320601.0,0675dfd1,0.959
1456320601.0,fbb0ba26,0.939
1456320601.0,74148a57,0.979
1456320601.0,bd4bb0e4,0.989
1456320601.0,db7cca98,0.959
1456320601.0,ae26bf83,0.979
1456320601.0,58a7384f,0.969
1456320601.0,ebdb10e8,0.979
1456320601.0,882076f4,1.019
1456320601.0,174ab84b,0.939
1456320601.0,d2eebffb,0.949
1456320601.0,f74fad88,0.949
1456320601.0,4a590311,0.959
1456320601.0,3a2ce890,0.949
1456320601.0,a40e9c55,0.969
1456320601.0,943913cb,0.959
1456320601.0,47368d32,0.959
1456320601.0,236e355f,0.929
1456320601.0,714dc178,0.999
1456320601.0,c37b5d5b,1.029
1456320601.0,8b4986e3,0.919
1456320601.0,cbd96815,0.979
1456320601.0,da20711a,0.939
1456320601.0,e9c8afa0,0.999
1456320601.0,7e63be59,0.979
1456320601.0,96c2dcec,0.949
1456320601.0,5f6ca326,0.989
1456320601.0,84839580,1.009
1456320601.0,aa5647b4,0.959
1456320601.0,39040b75,0.989
1456320601.0,ee2e8a1d,0.949
1456320601.0,2445bcef,0.939
1456320601.0,d5b64c05,0.979
1456320601.0,0baaf637,0.949
1456320601.0,e9ff4fd7,0.939
1456320601.0,ffcde0bb,0.969
1456320601.0,3be33cb4,0.929
1456320601.0,4ea69365,0.959
1456320601.0,6eae4d80,1.029
1456320601.0,d73f9554,0.959
1456320601.0,df5c751f,0.969
1456320601.0,25a4e3ad,0.929
1456320601.0,d361902b,0.979
1456320601.0,1a70fd7f,0.959
1456320601.0,b75d609f,0.929
1456320601.0,e7b6ab01,0.969
1456320601.0,f11ba63d,0.929
1456320601.0,79d27478,0.959
1456320601.0,dce30980,0.959
1456320601.0,bbf6435f,0.939
1456320601.0,7db23301,0.979
1456320601.0,e2c0e5e5,0.949
1456320601.0,16259776,0.969
1456320601.0,ec6f00be,0.929
1456320601.0,0dbe7cbf,0.969
1456320601.0,18a2553e,0.949
1456320601.0,e340b28d,0.939
1456320601.0,dca8997b,0.989
1456320601.0,,0.959
1456320601.0,c4eb2874,0.999
1456320601.0,c6f8f2a3,0.959
1456320601.0,f03c398a,0.929
1456320601.0,48676749,0.989
1456320601.0,bab71d7a,0.989
1456320601.0,f28e5efe,0.969
1456320601.0,83e7f124,0.959
1456320601.0,c98807b3,0.969
1456320601.0,9de40edf,0.959
1456320601.0,ec487980,0.939
1456320601.0,d7a6a6c2,0.969
1456320601.0,e21e887d,0.999
1456320601.0,85676e8b,0.969
1456320601.0,6097ffe8,0.979
1456320601.0,350b5605,0.949
1456320601.0,7117e5bf,0.949
1456320601.0,e37dd80a,0.959
1456320601.0,30389cde,0.959
1456320601.0,034f42f5,0.969
1456320601.0,7091515f,0.939
1456320601.0,5eddffaf,0.989
1456320601.0,8b143527,0.989
1456320601.0,4bd28877,0.949
1456320601.0,6b867ae3,0.979
1456320601.0,284c6af0,0.969
1456320601.0,d8032a5b,0.959
1456320601.0,05878847,0.959
1456320601.0,c1a5c3a6,0.969
1456320601.0,98677b5e,0.969
1456320601.0,747fbf01,0.959
1456320601.0,d7d071dd,0.949
1456320601.0,e57877ff,0.989
1456320601.0,e2e13a04,0.989
1456320601.0,5cd10b8c,0.979
1456320601.0,e89c4d58,0.969
1456320601.0,083297f9,0.999
1456320601.0,22ed3351,0.959
1456320601.0,d5289a25,0.939
1456320601.0,72b223b1,0.939
1456320601.0,0846ce19,0.959
1456320601.0,8c6f1d05,0.989
1456320601.0,ebccb800,0.939
1456320601.0,bbb7883b,0.974
1456320601.0,5aa8ba94,0.969
1456320601.0,8c5ae0bd,0.979
1456320601.0,481c090b,0.969
1456320601.0,1a8a222a,0.949
1456320601.0,ae948682,1.009
1456320601.0,cb728243,0.969
1456320601.0,956c6d65,0.949
1456320601.0,c74d8db0,0.994
1456320601.0,16e01aa0,0.999
1456320601.0,17ed1c05,0.959
1456320601.0,69137adc,0.969
1456320601.0,1c3b6ee2,0.949
1456320601.0,9eb9c031,0.959
1456320601.0,5ba385a2,1.059
1456320601.0,7ead535b,0.939
1456320601.0,abb8ccea,1.009
1456320601.0,1c52e235,0.959
1456320601.0,eaaeb33a,0.959
1456320601.0,a372d56c,0.929
1456320601.0,d4a925dc,1.049
1456320601.0,369fd22f,0.949
1456320601.0,7c0d469a,1.014
1456320601.0,a3e519bb,1.019
1456320601.0,2358eb9a,0.959
1456320601.0,26562367,1.009
1456320601.0,,0.979
1456320601.0,8b66ac81,0.969
1456320601.0,38fda503,0.999
1456320601.0,4768200e,0.969
1456320601.0,8f767099,0.959
1456320601.0,d180cfeb,0.949
1456320601.0,7fccdc2c,0.959
1456320601.0,39116d5f,0.949
1456320601.0,b84f5be2,0.959
1456320601.0,6c715e12,0.969
1456320601.0,62bd758c,0.949
1456320601.0,f4ec92d7,0.949
1456320601.0,7f358136,1.109
1456320601.0,df7edd4e,0.979
1456320601.0,705d6b16,0.949
1456320601.0,c8b54491,0.959
1456320601.0,cd860c0f,0.979
1456320601.0,94b48398,0.979
1456320601.0,57d1fddc,0.939
1456320601.0,1dad0cef,0.969
1456320601.0,2ee8e08d,0.969
1456320601.0,e173589c,0.939
1456320601.0,c99b3a87,0.949
1456320601.0,54c764d3,0.999
1456320601.0,6fe947de,0.929
1456320601.0,5f4d5496,0.989
1456320601.0,801a4bcc,0.919
1456320601.0,c96f410f,0.949
1456320601.0,fa5a267f,1.019
1456320601.0,a07f50c4,0.959
1456320601.0,efdbec8f,0.939
1456320601.0,0a2b6f09,0.939
1456320601.0,193d5fa7,0.929
1456320601.0,6f901805,0.979
1456320601.0,2fd29268,0.949
1456320601.0,bba9fe67,0.929
1456320601.0,ce8b60a3,0.929
1456320601.0,ed826035,0.989
1456320601.0,69a09fed,0.949
1456320601.0,128ef159,0.949
1456320601.0,6ee20bbd,0.909
1456320601.0,46ad9f53,0.949
1456320601.0,e9aeb918,0.989
1456320601.0,0f122625,0.989
1456320601.0,fc486af7,0.989
1456320601.0,c08ff843,0.959
1456320601.0,,0.949
1456320601.0,add88990,0.999
1456320601.0,82ca9901,0.979
1456320601.0,09d54524,0.959
1456320601.0,c07076c6,0.949
1456320601.0,186f9d64,0.929
1456320601.0,20ac7ec9,0.949
1456320601.0,d6703157,0.959
1456320601.0,ce55c12b,0.949
1456320601.0,f7e10e7b,0.969
1456320601.0,2638af68,0.969
1456320601.0,94ce365f,0.969
1456320601.0,9168991d,0.939
1456320601.0,0570dbe0,0.929
1456320601.0,d99ae405,0.999
1456320601.0,29eed38e,0.959
1456320601.0,39f9c0aa,0.979
1456320601.0,0d1f648e,0.989
1456320601.0,d587eb93,1.009
1456320601.0,69877eac,0.949
1456320601.0,80148308,0.989
1456320601.0,18f6cef8,0.929
1456320601.0,da1fbd53,0.959
1456320601.0,07d4d93c,0.969
1456320601.0,b563d649,1.029
1456320601.0,037aefcb,0.979
1456320601.0,37179b6c,0.969
1456320601.0,5693dbae,0.959
1456320601.0,f0910caa,0.969
1456320601.0,3f9a7b26,0.959
1456320601.0,82812943,0.969
1456320601.0,821e5bd3,0.919
1456320601.0,4235a8fd,0.939
1456320601.0,498c4e0f,0.969
1456320601.0,52bd7863,0.979
1456320601.0,3ec9f041,0.989
1456320601.0,2b043615,0.919
1456320601.0,9a0f8848,0.919
1456320601.0,f185e887,0.979
1456320601.0,974e4706,0.939
1456320601.0,b29e1284,1.009
1456320601.0,c2e9c850,0.939
1456320601.0,06c6ad62,0.979
1456320601.0,b6167e3e,0.979
1456320601.0,c1c6485d,0.949
1456320601.0,9e1d1354,0.979
1456320601.0,6ba68e3c,0.979
1456320601.0,5b1a63ab,0.959
1456320601.0,2278ee7b,0.939
1456320601.0,ef21b674,0.929
1456320601.0,56006177,0.999
1456320601.0,6f55f694,1.019
1456320601.0,9d229bd2,0.959
1456320601.0,dd6f9c1c,0.969
1456320601.0,c9faeb03,0.949
1456320601.0,43e34126,1.009
1456320601.0,5dc3decc,0.989
1456320601.0,5e6de772,0.999
1456320601.0,6e409c53,0.949
1456320601.0,632d8c88,0.959
1456320601.0,cb814e8e,0.969
1456320601.0,60d3d6ee,0.939
1456320601.0,33358700,0.949
1456320601.0,0bae1b96,0.949
1456320601.0,eac805c4,0.969
1456320601.0,345d440e,0.969
1456320601.0,3fb5dad7,0.999
1456320601.0,747529c4,0.939
1456320601.0,6222a80d,0.959
1456320601.0,04ea2134,0.959
1456320601.0,d31fa383,0.949
1456320601.0,3f2144a4,0.949
1456320601.0,a54c76e8,0.959
1456320601.0,08aa7fc0,0.949
1456320601.0,7a78b9d0,0.939
1456320601.0,823a371f,0.969
1456320601.0,3de9352c,0.979
1456320601.0,9b8af649,0.929
1456320601.0,f061e4b5,0.899
1456320601.0,69055d76,0.949
1456320601.0,8fbe5276,0.949
1456320601.0,c6e11963,0.949
1456320601.0,08f59b41,0.959
1456320601.0,ed46fdb9,0.929
1456320601.0,4b0b0867,0.979
1456320601.0,89c3b080,0.939
1456320601.0,a35401af,0.949
1456320841.0,56808aa1,0.969
1456320841.0,35eaad61,0.939
1456320841.0,e1a9f11a,0.989
1456320841.0,2623501c,0.959
1456320841.0,deeb75c9,0.959
1456320841.0,bebb6d12,0.939
1456320841.0,4dc57f20,0.969
1456320841.0,5cf99b9e,0.939
1456320841.0,7ae877b2,0.969
1456320841.0,30797552,0.909
1456320841.0,9e687000,0.919
1456320841.0,1e3d64de,0.919
1456320841.0,e9776f5d,0.919
1456320841.0,e1b4b7f3,0.949
1456320841.0,735f3dba,0.939
1456320841.0,3272290a,0.949
1456320841.0,b38c29e8,0.939
1456320841.0,0622e30b,0.969
1456320841.0,018fafee,1.029
1456320841.0,2a879abf,0.939
1456320841.0,c0bff642,0.949
1456320841.0,ad7e1163,0.959
1456320841.0,da9fe8af,0.939
1456320841.0,7571a6bb,1.009
1456320841.0,a75efbf5,0.919
1456320841.0,0c3bcbe7,0.959
1456320841.0,570dabcb,0.959
1456320841.0,d6ae9903,0.979
1456320841.0,354d360a,0.919
1456320841.0,b45ba0f1,1.029
1456320841.0,afbe3668,0.939
1456320841.0,4e65762e,0.979
1456320841.0,14033ffb,0.979
1456320841.0,ebd3c375,0.979
1456320841.0,c597ae24,0.999
1456320841.0,9e96bd97,0.959
1456320841.0,d88f7597,1.019
1456320841.0,ebeb80cb,0.949
1456320841.0,1bfa0edf,0.999
1456320841.0,3ccd631d,0.989
1456320841.0,668cb8e1,0.979
1456320841.0,ba0bd9d0,0.949
1456320841.0,82781b7c,0.959
1456320841.0,09bc3f2e,0.999
1456320841.0,5bf5865e,0.949
1456320841.0,d33e0437,0.979
1456320841.0,a6575e4e,0.929
1456320841.0,897fceb5,1.014
1456320841.0,42a9168f,1.009
1456320841.0,630f5fa3,0.969
1456320841.0,57813c32,0.949
1456320841.0,09576ba9,0.969
1456320841.0,9a0afbbb,0.909
1456320841.0,bd52c7bf,0.939
1456320841.0,03c6bccb,0.959
1456320841.0,97d56680,0.969
1456320841.0,cb6f9df2,0.969
1456320841.0,c63ba8fa,0.949
1456320841.0,170daeaf,0.989
1456320841.0,963a5d2e,0.999
1456320841.0,ca1add7b,1.029
1456320841.0,c3ff1b21,0.969
1456320841.0,a271e835,0.979
1456320841.0,25cdefd0,0.989
1456320841.0,9a8f9943,0.989
1456320841.0,0e6ac101,0.929
1456320841.0,d55bad5b,0.939
1456320841.0,9c49f636,0.949
1456320841.0,631ddb8a,0.919
1456320841.0,84b4d9e4,0.999
1456320841.0,bb7a74ed,0.989
1456320841.0,139cc5da,0.969
1456320841.0,2c0b3549,0.969
1456320841.0,66e25ec6,0.969
1456320841.0,d5843ecf,0.939
1456320841.0,d3913b4a,0.999
1456320841.0,36a9895c,0.969
1456320841.0,0f6fe1eb,0.959
1456320841.0,81e03bde,1.039
1456320841.0,bedbc8dd,0.999
1456320841.0,117e8bca,0.959
1456320841.0,3e606994,0.949
1456320841.0,6904580a,0.959
1456320841.0,8e50b796,1.009
1456320841.0,67c4f219,0.999
1456320841.0,e53f989c,0.959
1456320841.0,b961310a,0.969
1456320841.0,04364ad2,0.949
1456320841.0,6f6a8c9c,0.949
1456320841.0,e8c3f262,0.959
1456320841.0,14af1303,0.959
1456320841.0,41065536,0.954
1456320841.0,07971b4b,0.959
1456320841.0,2195c038,0.969
1456320841.0,2e991b23,0.929
1456320841.0,c25c5571,0.939
1456320841.0,d2a9c0a1,0.959
1456320841.0,b79612a4,0.959
1456320841.0,3eb1b356,0.949
1456320841.0,3d1e3ab6,0.969
1456320841.0,c4c2ead1,1.009
1456320841.0,0eb21c86,0.979
1456320841.0,1ad0b27a,0.969
1456320841.0,a64ec2ce,0.959
1456320841.0,35dcdb61,1.009
1456320841.0,f8e15df3,0.969
1456320841.0,4b757a5a,0.939
1456320841.0,20fa2e02,1.019
1456320841.0,8661e539,0.969
1456320841.0,fb66374e,0.979
1456320841.0,10337302,0.929
1456320841.0,6065d7c5,0.999
1456320841.0,2e1bed62,0.989
1456320841.0,30ffa8c9,0.959
1456320841.0,c5f0fecb,0.969
1456320841.0,aea8331e,0.969
1456320841.0,a1b6608c,0.959
1456320841.0,0f7d325c,0.989
1456320841.0,817bcf9d,0.959
1456320841.0,bc02464b,0.959
1456320841.0,dcb4f731,0.949
1456320841.0,653088f9,0.989
1456320841.0,70afc256,0.929
1456320841.0,8c7a089d,0.939
1456320841.0,49467b62,1.009
1456320841.0,6d44f87b,0.949
1456320841.0,dbce00b6,0.979
1456320841.0,f30258dc,0.969
1456320841.0,3d74c9d4,0.939
1456320841.0,53f9f79f,0.959
1456320841.0,3cbc3531,1.009
1456320841.0,43973ab1,0.939
1456320841.0,058f886a,0.959
1456320841.0,fad81120,0.929
1456320841.0,7ea9e64e,0.969
1456320841.0,2ca3372b,0.949
1456320841.0,c6317552,0.949
1456320841.0,6195bd29,0.969
1456320841.0,9602e1b1,0.959
1456320841.0,31bc02c2,1.019
1456320841.0,40afb361,0.999
1456320841.0,81342b13,0.999
1456320841.0,61907898,1.019
1456320841.0,f4098695,0.999
1456320841.0,9281365e,0.969
1456320841.0,92d959c6,1.029
1456320841.0,67642b0d,0.989
1456320841.0,966a7f4d,0.989
1456320841.0,27792a3d,0.959
1456320841.0,c0aa824a,0.949
1456320841.0,6430d951,1.009
1456320841.0,ac1ca792,0.969
1456320841.0,e93a322c,0.999
1456320841.0,c8efbe00,0.989
1456320841.0,41f0bb18,0.979
1456320841.0,0b46b912,0.979
1456320841.0,ccd61b2c,0.979
1456320841.0,dbca9739,0.969
1456320841.0,3796fed2,0.999
1456320841.0,a08d8ae6,0.959
1456320841.0,be8c65ec,0.959
1456320841.0,f1def287,0.949
1456320841.0,0b069a72,0.989
1456320841.0,7785d660,0.999
1456320841.0,7a74beb2,0.989
1456320841.0,9d2aa0e1,0.979
1456320841.0,77b7abe7,0.979
1456320841.0,d15de565,0.989
1456320841.0,,0.979
1456320841.0,249c81ea,0.919
1456320841.0,e3f71be8,0.969
1456320841.0,c290b93a,0.919
1456320841.0,9fbf8dcd,1.029
1456320841.0,1223090e,0.989
1456320841.0,5ca2e06e,0.959
1456320841.0,cd0841fe,0.949
1456320841.0,34293664,0.929
1456320841.0,ff9beead,0.989
1456320841.0,85f13a6c,0.939
1456320841.0,507d25cf,1.019
1456320841.0,4abd2f17,0.969
1456320841.0,29291727,0.949
1456320841.0,63b23aaa,0.969
1456320841.0,e946aba1,0.959
1456320841.0,b7dc9356,0.979
1456320841.0,b6553c9c,0.949
1456320841.0,f43bc6b9,0.989
1456320841.0,fb589379,0.999
1456320841.0,829de252,0.969
1456320841.0,5559a0b4,0.969
1456320841.0,645c2661,0.969
1456320841.0,2c82fe56,0.969
1456320841.0,e8716217,0.929
1456320841.0,313e84fe,0.929
1456320841.0,249fa6e1,0.979
1456320841.0,f989aaff,0.939
1456320841.0,64d3fea8,0.969
1456320841.0,0dc5ec60,0.969
1456320841.0,b9bdc200,0.959
1456320841.0,adf7b918,0.949
1456320841.0,7fc3def3,0.989
1456320841.0,bebb76d2,0.969
1456320841.0,53680e05,0.999
1456320841.0,33e1917c,0.969
1456320841.0,a05c9bbf,0.999
1456320841.0,d59d4bb4,0.949
1456320841.0,07b98643,0.979
1456320841.0,096706c3,0.979
1456320841.0,5a12d25f,0.989
1456320841.0,fad136e0,0.969
1456320841.0,ab706620,0.939
1456320841.0,3615bb32,0.999
1456320841.0,9dd61d06,0.939
1456320841.0,2eea7b6b,0.979
1456320841.0,b46502fa,0.979
1456320841.0,122ff711,0.959
1456320841.0,25528e17,0.928
1456320841.0,14b98d5e,0.979
1456320841.0,6e416e85,0.959
1456320841.0,9d98dcbb,0.979
1456320841.0,0c811233,0.919
1456320841.0,f74c5752,0.969
1456320841.0,575bb735,0.989
1456320841.0,21cc26f8,0.929
1456320841.0,85f08836,0.979
1456320841.0,d887646b,0.949
1456320841.0,2cd4012d,0.959
1456320841.0,9b66ed80,0.939
1456320841.0,763d4744,0.929
1456320841.0,19e65444,0.949
1456320841.0,41c579d4,0.909
1456320841.0,bc509654,0.969
1456320841.0,925f335a,0.949
1456320841.0,984855aa,0.949
1456320841.0,de66ae92,0.949
1456320841.0,e6fe3770,0.909
1456320841.0,8caf6dad,0.969
1456320841.0,10e899a5,0.929
1456320841.0,9a95dc46,0.939
1456320841.0,495247fc,0.939
1456320841.0,48666ddb,0.929
1456320841.0,398e7989,0.989
1456320841.0,54c3da9c,0.919
1456320841.0,6cd5cdf8,0.929
1456320841.0,6d9dcb86,0.949
1456320841.0,fcd1aad6,0.959
1456320841.0,fc2ec0dc,0.999
1456320841.0,83c02c47,0.929
1456320841.0,ab6aed65,0.949
1456320841.0,96a5f54a,0.959
1456320841.0,fee64542,0.929
1456320841.0,5466334e,0.989
1456320841.0,cf429d6f,0.949
1456320841.0,229d2673,0.949
1456320841.0,44454521,0.929
1456320841.0,e9a8e0dc,0.939
1456320841.0,32e01564,0.969
1456320841.0,5b60b9f6,0.969
1456320841.0,238e8285,0.929
1456320841.0,f0da030f,0.959
1456320841.0,c03c60b1,0.969
1456320841.0,38c0a12d,0.949
1456320841.0,adaf8fbc,0.969
1456320841.0,d2fc2219,0.949
1456320841.0,637e523f,0.919
1456320841.0,8eaac040,0.979
1456320841.0,ec934b69,0.929
1456320841.0,d8823f4b,0.969
1456320841.0,ee54e371,0.959
1456320841.0,d560f27c,1.009
1456320841.0,6805990d,0.929
1456320841.0,3ca3325c,0.959
1456320841.0,2efa85d4,0.959
1456320841.0,f8423c6c,0.989
1456320841.0,27809f91,0.949
1456320841.0,9189e6dc,0.959
1456320841.0,90c8ee01,0.959
1456320841.0,4ee36e5e,0.929
1456320841.0,851acde1,0.979
1456320841.0,17651816,1.009
1456320841.0,a9683117,0.959
1456320841.0,c2400430,0.989
1456320841.0,103696f9,0.949
1456320841.0,db856260,0.969
1456320841.0,d3d9b662,0.969
1456320841.0,e2edff7e,0.949
1456320841.0,d21a57fd,0.939
1456320841.0,8fb2a5f0,0.919
1456320841.0,1c7251ad,0.959
1456320841.0,285b781f,0.949
1456320841.0,cd393023,0.949
1456320841.0,028b67f7,0.939
1456320841.0,0a1db8aa,0.999
1456320841.0,22bf0e3c,0.979
1456320841.0,035e6206,0.949
1456320841.0,d2e86e86,0.999
1456320841.0,49d8f4c8,0.979
1456320841.0,953976b2,0.989
1456320841.0,7294c364,0.939
1456320841.0,f8b10f81,1.009
1456320841.0,1e7c15e2,0.969
1456320841.0,4769e054,0.969
1456320841.0,b3c3d798,0.949
1456320841.0,50cbdca4,0.979
1456320841.0,f57077f3,0.999
1456320841.0,fb9a8547,0.889
1456320841.0,02917849,1.019
1456320841.0,486e56d0,0.919
1456320841.0,1cf625f0,0.969
1456320841.0,8309ecb0,0.989
1456320841.0,831f7129,1.009
1456320841.0,14af5c6e,0.989
1456320841.0,92a6e659,0.949
1456320841.0,d8714e76,0.929
1456320841.0,e00e317c,1.039
1456320841.0,d3b5995d,0.919
1456320841.0,abdc4de1,0.959
1456320841.0,623aaf90,0.989
1456320841.0,3c2da6fc,0.939
1456320841.0,235dd814,0.989
1456320841.0,c9e05214,0.999
1456320841.0,3621af3f,0.959
1456320841.0,67946f4f,0.979
1456320841.0,58d54fd0,0.949
1456320841.0,f1164896,0.989
1456320841.0,c1802a5a,0.949
1456320841.0,bde06776,0.979
1456320841.0,09f8dfad,0.979
1456320841.0,db8bff55,0.969
1456320841.0,84526a99,0.949
1456320841.0,215d680b,1.009
1456320841.0,f91caef6,0.949
1456320841.0,19ff419b,0.959
1456320841.0,ff922650,0.959
1456320841.0,6f27a50f,0.959
1456320841.0,e5561b2d,0.939
1456320841.0,102821f8,0.939
1456320841.0,99148d2d,0.969
1456320841.0,cfc3caef,0.979
1456320841.0,328b1075,0.939
1456320841.0,ebecf1c6,0.969
1456320841.0,5d843d6e,0.959
1456320841.0,b3c78089,0.969
1456320841.0,08f23eff,0.949
1456320841.0,fca5511b,0.969
1456320841.0,9720bdd7,0.979
1456320841.0,4c45b855,0.979
1456320841.0,4307435a,0.959
1456320841.0,80d45a73,0.979
1456320841.0,2df3151b,0.999
1456320841.0,eebe0685,0.949
1456320841.0,d01e5e31,0.959
1456320841.0,710d9693,0.929
1456320841.0,a40e1f56,0.999
1456320841.0,4ba70eb8,0.969
1456320841.0,a6ffe7e6,1.019
1456320841.0,92dce960,0.949
1456320841.0,25604f87,0.959
1456320841.0,01f8d023,0.979
1456320841.0,0a0ef89e,0.969
1456320841.0,8a128851,0.979
1456320841.0,01ca69d4,0.919
1456320841.0,097d0950,0.969
1456320841.0,994a98f2,0.959
1456320841.0,f66ed49b,0.979
1456320841.0,deed609f,0.959
1456320841.0,5c152248,1.019
1456320841.0,8b68df1f,0.949
1456320841.0,f105f24c,0.979
1456320841.0,33565053,0.959
1456320841.0,2d3e73c9,0.959
1456320841.0,78962747,1.019
1456320841.0,9e46459f,0.989
1456320841.0,edd1487d,0.989
1456320841.0,e21625af,1.019
1456320841.0,83e564c6,0.999
1456320841.0,d3f0653f,0.979
1456320841.0,6decf6c4,0.959
1456320841.0,a500d475,0.939
1456320841.0,ba2ae41b,0.999
1456320841.0,67b560d4,0.969
1456320841.0,b1d84f35,0.979
1456320841.0,ff608fc4,0.959
1456320841.0,ad16cbfe,0.939
1456320841.0,082d29ca,0.979
1456320841.0,1d71d64c,0.969
1456320841.0,57fbf14f,0.949
1456320841.0,1422263b,0.989
1456320841.0,60ad081f,0.979
1456320841.0,6a2bab6d,1.009
1456320841.0,bf552ee6,0.979
1456320841.0,284b19f5,0.979
1456320841.0,3b9afeb7,0.959
1456320841.0,004e3e89,1.029
1456320841.0,71f647de,0.959
1456320841.0,d6fe953b,0.979
1456320841.0,ae2f47a9,0.959
1456320841.0,f4333371,0.949
1456320841.0,16cd7944,0.969
1456320841.0,b2a4889d,0.959
1456320841.0,71885813,1.029
1456320841.0,22c97836,1.009
1456320841.0,9a2da055,0.929
1456320841.0,8fa55c72,0.959
1456320841.0,4110a4d8,0.999
1456320841.0,b7f96330,0.939
1456320841.0,f7f36fa4,0.999
1456320841.0,de5f4ef7,0.999
1456320841.0,94eae4ee,1.029
1456320841.0,850f168b,1.009
1456320841.0,3bfabc79,0.989
1456320841.0,195fb3bd,0.959
1456320841.0,669b7d94,0.979
1456320841.0,806c0af2,0.959
1456320841.0,5f9e44dd,0.979
1456320841.0,38c93eee,0.949
1456320841.0,85f4421b,0.939
1456320841.0,12203554,0.979
1456320841.0,f14d7030,0.919
1456320841.0,765dab48,0.969
1456320841.0,75151463,0.979
1456320841.0,1a68318e,0.989
1456320841.0,202abd50,0.939
1456320841.0,67a88200,0.969
1456320841.0,432fc77d,0.979
1456320841.0,f6884200,0.949
1456320841.0,1c1b5783,0.959
1456320841.0,c0911b94,0.949
1456320841.0,f2b7e0d3,0.969
1456320841.0,92eb0a93,0.979
1456320841.0,16870e6a,0.939
1456320841.0,dd5107f2,0.959
1456320841.0,7c91739b,1.019
1456320841.0,b60ced65,0.949
1456320841.0,6499e58a,0.959
1456320841.0,ac8e61fe,0.979
1456320841.0,dd700b9a,0.979
1456320841.0,c3c0fce5,0.969
1456320841.0,dd80a4bd,0.969
1456320841.0,a1456bb3,0.969
1456320841.0,e539e257,0.979
1456320841.0,9ba26da7,0.939
1456320841.0,c97403d4,0.969
1456320841.0,14583564,0.939
1456320841.0,4abbc65e,0.979
1456320841.0,5ff01128,0.939
1456320841.0,e466a86a,1.009
1456320841.0,f85e7c2f,1.019
1456320841.0,b9c86ec7,1.009
1456320841.0,87750b0a,0.949
1456320841.0,49c6ce00,1.059
1456320841.0,aa7a4e3a,0.999
1456320841.0,94be3c52,0.949
1456320841.0,a2367d31,0.929
1456320841.0,a5296298,0.959
1456320841.0,6cc0c611,0.969
1456320841.0,743a840f,0.989
1456320841.0,603bc731,0.949
1456320841.0,9bf3cbf5,0.969
1456320841.0,2b508314,1.019
1456320841.0,3ecb2b24,0.979
1456320841.0,8e68c7c0,1.009
1456320841.0,3321fa98,0.949
1456320841.0,179709d6,1.009
1456320841.0,5222efd2,0.979
1456320841.0,3753e98b,0.959
1456320841.0,115ba3fe,0.959
1456320841.0,d3063bdf,0.969
1456320841.0,336c678f,0.959
1456320841.0,39c2af9c,0.959
1456320841.0,8686166f,0.949
1456320841.0,068a30eb,0.979
1456320841.0,2b797ecc,0.939
1456320841.0,7f05643c,0.939
1456320841.0,ba35e551,0.939
1456320841.0,4103c1eb,0.949
1456320841.0,ab49a3d7,0.939
1456320841.0,a813c756,1.009
1456320841.0,89aea340,0.939
1456320841.0,3f788efe,0.949
1456320841.0,43556abc,1.029
1456320841.0,fbdbeb1c,1.009
1456320841.0,7b5e0499,0.989
1456320841.0,e613bc2b,0.949
1456320841.0,f85abf7d,0.979
1456320841.0,0ec71297,0.939
1456320841.0,dddb4fe2,0.959
1456320841.0,51129db6,0.999
1456320841.0,d6e49931,0.989
1456320841.0,3d47f506,0.949
1456320841.0,9ec0aefd,0.989
1456320841.0,18c16fc4,0.969
1456320841.0,9aadb3f4,1.009
1456320841.0,86cda778,0.959
1456320841.0,0800eb0f,0.999
1456320841.0,536d9ac3,1.039
1456320841.0,0b45563b,0.979
1456320841.0,,0.959
1456320841.0,38ad9bbf,0.959
1456320841.0,7f7b1e43,0.959
1456320841.0,72975548,0.999
1456320841.0,2d2c8e81,0.989
1456320841.0,73b5d3b6,0.959
1456320841.0,a40e9c55,0.939
1456320841.0,1718ae0b,0.989
1456320841.0,99017784,0.979
1456320841.0,e3c6260c,0.939
1456320841.0,6e9e301f,0.959
1456320841.0,1929517b,0.969
1456320841.0,9e7d95ec,0.979
1456320841.0,921192f1,0.949
1456320841.0,bec87d80,0.979
1456320841.0,fec7d478,0.949
1456320841.0,63e70cd3,0.959
1456320841.0,5533e7bf,0.989
1456320841.0,d5c5e431,0.949
1456320841.0,f11235cb,0.979
1456320841.0,2907236c,0.989
1456320841.0,b2c4b0c2,0.989
1456320841.0,8536a14e,0.959
1456320841.0,493eff35,0.979
1456320841.0,5d9ba671,0.969
1456320841.0,2e1573c2,0.979
1456320841.0,17bbc60e,0.969
1456320841.0,e256d75b,0.949
1456320841.0,c4ede5e6,0.959
1456320841.0,f2ef7300,0.949
1456320841.0,1ee7bf79,0.949
1456320841.0,a3beb05f,0.969
1456320841.0,e645d618,0.959
1456320841.0,ac02a968,0.959
1456320841.0,b43ac946,0.969
1456320841.0,03325fa4,0.939
1456320841.0,d7ee03a5,0.969
1456320841.0,054cfa5d,0.949
1456320841.0,034c5ff6,0.959
1456320841.0,219c5d83,0.969
1456320841.0,c1d22562,0.969
1456320841.0,c38e01fd,0.949
1456320841.0,3746716c,1.029
1456320841.0,7a4d72a4,0.979
1456320841.0,4f8a6ea2,1.029
1456320841.0,11eac3c2,0.939
1456320841.0,371f287c,0.939
1456320841.0,793351ef,0.929
1456320841.0,cef14abc,0.979
1456320841.0,d0e10ca9,0.949
1456320841.0,ccd903a8,0.959
1456320841.0,e491b6d7,0.959
1456320841.0,63f7c118,0.949
1456320841.0,26bf1a80,0.999
1456320841.0,94c17036,0.969
1456320841.0,ece9cf3e,0.949
1456320841.0,,1.019
1456320841.0,e217a1a8,1.059
1456320841.0,26e74126,1.019
1456320841.0,6b867ae3,0.939
1456320841.0,95577aab,0.949
1456320841.0,c3bfe078,0.949
1456320841.0,fb804097,0.959
1456320841.0,44e030ce,0.959
1456320841.0,6df33a19,0.949
1456320841.0,05878847,0.959
1456320841.0,e767706d,0.939
1456320841.0,c1a5c3a6,0.939
1456320841.0,c061e163,0.959
1456320841.0,015ecd27,0.919
1456320841.0,fdda2a1f,0.979
1456320841.0,0a48df72,0.999
1456320841.0,54cd89cc,1.009
1456320841.0,,0.958
1456320841.0,0ab7f18e,0.959
1456320841.0,dfb31960,0.949
1456320841.0,b77ce910,0.929
1456320841.0,5bf41255,0.959
1456320841.0,7c8f8d4d,0.939
1456320841.0,5fede4f0,0.929
1456320841.0,d790573d,0.939
1456320841.0,75856052,0.929
1456320841.0,220f070d,0.989
1456320841.0,130615f8,0.999
1456320841.0,056cb40c,0.979
1456320841.0,eb7de52f,0.949
1456320841.0,26a56374,0.919
1456320841.0,f9befed0,0.999
1456320841.0,ee19e026,0.979
1456320841.0,40e0779e,0.969
1456320841.0,,0.979
1456320841.0,ba76fc84,0.979
1456320841.0,792ef841,0.989
1456320841.0,e49e0407,1.019
1456320841.0,06f357b3,0.959
1456320841.0,5fc37dfd,0.979
1456320841.0,fca43092,0.969
1456320841.0,ece022de,0.949
1456320841.0,06282a1f,0.979
1456320841.0,d5ced0b2,1.029
1456320841.0,e2fdcbf3,0.949
1456320841.0,b9cdf061,1.009
1456320841.0,6f9eb627,0.944
1456320841.0,6ff38393,0.989
1456320841.0,4503fc83,0.949
1456320841.0,1c52e235,0.929
1456320841.0,0be30200,0.959
1456320841.0,a45ec88a,0.969
1456320841.0,309a250b,0.919
1456320841.0,909f02fa,0.979
1456320841.0,926c754c,0.959
1456320841.0,83d3e011,0.949
1456320841.0,9259e081,0.989
1456320841.0,75808ab7,0.949
1456320841.0,fc9dc8e5,0.949
1456320841.0,294ed3f5,0.979
1456320841.0,f659a576,1.019
1456320841.0,0e7628ed,0.969
1456320841.0,5cbce85b,0.949
1456320841.0,8563b305,0.979
1456320841.0,84333954,0.929
1456320841.0,c6d02f74,0.959
1456320841.0,f74a068e,1.004
1456320841.0,92a7ca0c,0.969
1456320841.0,76aa3b14,0.959
1456320841.0,847fdc50,0.989
1456320841.0,51aab8d5,0.939
1456320841.0,a1338d18,0.979
1456320841.0,32a9a0e5,0.959
1456320841.0,3429a55d,0.979
1456320841.0,e4d02e08,0.939
1456320841.0,e05f9010,0.949
1456320841.0,97ca12f9,0.979
1456320841.0,d7f9f13e,1.039
1456320841.0,676ac223,1.009
1456320841.0,91823808,0.949
1456320841.0,465c77ae,1.039
1456320841.0,a373cdfc,0.939
1456320841.0,724b8382,0.979
1456320841.0,801a4bcc,0.919
1456320841.0,60983be1,0.969
1456320841.0,36ed9058,0.949
1456320841.0,9f5a9e69,0.929
1456320841.0,d3a7aabc,0.949
1456320841.0,864a3cb2,0.939
1456320841.0,c973ec97,0.979
1456320841.0,078f0784,0.939
1456320841.0,471da9da,0.959
1456320841.0,ae7f358a,1.029
1456320841.0,981008e5,0.979
1456320841.0,3b68a541,0.959
1456320841.0,22ac7d75,0.959
1456320841.0,3f48f52e,0.959
1456320841.0,193d5fa7,0.929
1456320841.0,ee74bc99,0.929
1456320841.0,9275ec29,0.969
1456320841.0,f720cc81,0.929
1456320841.0,939b3a38,0.919
1456320841.0,c53c6b6d,0.969
1456320841.0,abe52a6d,0.969
1456320841.0,512f32d1,0.949
1456320841.0,bcfc04fa,0.939
1456320841.0,3c76ded2,0.929
1456320841.0,740982ff,0.969
1456320841.0,5d3a9ec2,0.969
1456320841.0,be2df1d8,0.929
1456320841.0,2fd29268,0.939
1456320841.0,1fd8fcdd,0.979
1456320841.0,67ceb000,0.969
1456320841.0,ed826035,0.989
1456320841.0,f6955150,0.929
1456320841.0,471d5cec,0.949
1456320841.0,09391e15,0.939
1456320841.0,6ee20bbd,0.909
1456320841.0,b661e7f7,0.929
1456320841.0,,1.039
1456320841.0,3728281b,0.929
1456320841.0,8ec1148e,0.949
1456320841.0,3be6fb85,0.959
1456320841.0,56d52752,0.959
1456320841.0,677b8f35,0.929
1456320841.0,,0.939
1456320841.0,27d9a178,0.939
1456320841.0,0f122625,0.989
1456320841.0,b07873c7,0.979
1456320841.0,9398e203,0.949
1456320841.0,,0.959
1456320841.0,c313d773,0.959
1456320841.0,fc59259b,0.989
1456320841.0,39278907,0.989
1456320841.0,158ed0df,0.949
1456320841.0,48194f3c,0.969
1456320841.0,e05e8acf,1.019
1456320841.0,c404557e,0.939
1456320841.0,7142929d,0.969
1456320841.0,b1eaa840,0.969
1456320841.0,d74906d1,1.029
1456320841.0,b4a13ec7,0.979
1456320841.0,7586849a,0.939
1456320841.0,9ebd92af,0.949
1456320841.0,85b5c3d8,0.969
1456320841.0,7a9d4c97,1.009
1456320841.0,b5fd05ce,0.989
1456320841.0,67ac9fc0,0.999
1456320841.0,0955d064,0.979
1456320841.0,530fa955,0.989
1456320841.0,f42ca072,0.979
1456320841.0,b5897439,0.979
1456320841.0,0d270d75,0.929
1456320841.0,,0.979
1456320841.0,4922811e,0.959
1456320841.0,6ad5396e,0.979
1456320841.0,87d1caf0,0.949
1456320841.0,89d5bd42,0.939
1456320841.0,bbdcf660,0.969
1456320841.0,b685ec66,0.979
1456320841.0,83e1a999,0.979
1456320841.0,7bfc5ac0,0.949
1456320841.0,7f40cac3,0.999
1456320841.0,99d09a30,0.949
1456320841.0,991367ac,0.949
1456320841.0,ce90c05e,0.959
1456320841.0,0a1ab9f7,0.969
1456320841.0,8432eede,0.949
1456320841.0,40b7c070,0.909
1456320841.0,bee45034,0.959
1456320841.0,9987c547,0.949
1456320841.0,,0.949
1456320841.0,1f1403a7,0.999
1456320841.0,a18277f9,0.969
1456320841.0,11c799de,0.949
1456320841.0,4500efc2,0.949
1456320841.0,50f68290,0.969
1456320841.0,722c9387,0.949
1456320841.0,a462d05b,0.989
1456320841.0,b8b66437,0.989
1456320841.0,3af8e691,0.979
1456320841.0,f2be6718,0.959
1456320841.0,1a48cf2f,0.989
1456320841.0,d31fa383,0.929
1456320841.0,7a49343f,0.959
1456320841.0,ecb99613,0.949
1456320841.0,4d8df4a1,0.979
1456320841.0,bfe1fb46,0.989
1456320841.0,cf3782fe,0.979
1456320841.0,6244903c,0.979
1456320841.0,2a953aa3,1.009
1456320841.0,9422b117,0.949
1456320841.0,ac94744b,0.979
1456320841.0,fed9f427,0.979
1456320841.0,32806aee,0.999
1456320841.0,b91e259c,1.019
1456320841.0,871f200d,0.929
1456320841.0,39376aa1,0.989
1456320841.0,53216105,0.959
1456320841.0,09c4d8a3,0.989
1456320841.0,406bce1e,0.979
1456320841.0,a7b5f5e9,0.939
1456320841.0,5fc94f68,0.989
1456320841.0,5a76daff,0.999
1456320841.0,46c0cc5b,0.959
1456320841.0,cd52f1cb,0.999
1456320841.0,441f2c5b,0.959
1456320841.0,c07a946a,0.929
1456320841.0,c1819b96,0.959
1456320841.0,69c5d24a,1.019
1456321081.0,c6f2fec6,0.959
1456321081.0,4bdbb457,0.969
1456321081.0,055288cb,0.939
1456321081.0,a83646b4,0.969
1456321081.0,003fdf3a,0.959
1456321081.0,a6389424,0.949
1456321081.0,746c4a4d,0.969
1456321081.0,0c3d62f5,0.939
1456321081.0,f7d2bcca,0.939
1456321081.0,f5434e55,0.969
1456321081.0,d027b10d,0.939
1456321081.0,f000c864,0.969
1456321081.0,021612d8,0.939
1456321081.0,61ef0e4f,0.949
1456321081.0,d2578b12,0.959
1456321081.0,43951a64,0.989
1456321081.0,b3aa51d6,0.959
1456321081.0,9dd86999,0.929
1456321081.0,6a8c75fd,0.999
1456321081.0,877aae3b,0.949
1456321081.0,329aad11,0.969
1456321081.0,045578a1,0.969
1456321081.0,9b79f246,0.909
1456321081.0,cc7ffbf9,0.989
1456321081.0,e396466d,0.929
1456321081.0,e71f194a,0.989
1456321081.0,6f9fee8c,0.959
1456321081.0,f131e26a,0.929
1456321081.0,4f6de997,0.969
1456321081.0,71dd6cb9,0.989
1456321081.0,33c885cc,0.919
1456321081.0,4015542f,0.969
1456321081.0,897fceb5,0.989
1456321081.0,06f8b9dc,0.979
1456321081.0,baf6a6cd,0.949
1456321081.0,91632530,0.929
1456321081.0,,0.999
1456321081.0,8a9d0035,0.969
1456321081.0,3aecb034,0.979
1456321081.0,1650734b,0.999
1456321081.0,157d06a5,1.009
1456321081.0,c63212af,0.939
1456321081.0,148a7a27,1.039
1456321081.0,a9083629,0.949
1456321081.0,beeaf561,0.949
1456321081.0,16b53bbf,1.019
1456321081.0,e33ec07a,0.979
1456321081.0,ce2f1007,1.019
1456321081.0,80835ea0,0.939
1456321081.0,2afeabea,0.979
1456321081.0,297818d7,0.969
1456321081.0,eca6ad54,0.939
1456321081.0,ffde8249,0.924
1456321081.0,2a3fa9e1,0.949
1456321081.0,cbeda884,0.949
1456321081.0,e31897db,0.949
1456321081.0,9278d791,0.949
1456321081.0,ae0b5aa6,0.959
1456321081.0,884a1646,0.949
1456321081.0,1543d7ff,0.979
1456321081.0,3f84b02f,0.979
1456321081.0,c1c31623,0.949
1456321081.0,0670c33b,0.979
1456321081.0,ea6ba7ed,0.959
1456321081.0,a38344c9,0.939
1456321081.0,30546742,0.959
1456321081.0,c003352f,0.999
1456321081.0,8bb9b028,0.939
1456321081.0,c6463fb6,0.969
1456321081.0,8be22ce1,0.959
1456321081.0,ddce8cd4,0.949
1456321081.0,254d26d3,0.949
1456321081.0,2b60b515,0.969
1456321081.0,9dc599bb,0.949
1456321081.0,3c7bc366,1.009
1456321081.0,2b88e2db,1.009
1456321081.0,21fa9a42,0.969
1456321081.0,4220c4a0,0.979
1456321081.0,d7e428bf,0.999
1456321081.0,9cff31f0,0.959
1456321081.0,a55049e5,0.959
1456321081.0,47396921,0.929
1456321081.0,387b14fd,0.979
1456321081.0,2f9dd7f6,0.959
1456321081.0,f86a6ea1,0.969
1456321081.0,,0.959
1456321081.0,00174a6e,1.059
1456321081.0,06a21d8f,0.979
1456321081.0,d2c61288,0.939
1456321081.0,880fa3fb,0.999
1456321081.0,5c22ef82,0.969
1456321081.0,7efc6d8f,0.959
1456321081.0,835f9ec0,1.019
1456321081.0,d3b39801,0.959
1456321081.0,02bd7477,0.999
1456321081.0,d84e5b34,0.929
1456321081.0,bce781d3,1.039
1456321081.0,d903b794,0.959
1456321081.0,37c4f1e4,0.939
1456321081.0,efd8315d,0.949
1456321081.0,4da99a4e,0.969
1456321081.0,710830cb,0.959
1456321081.0,f92b1138,0.989
1456321081.0,b2825105,0.909
1456321081.0,53c6c605,0.959
1456321081.0,65964ff0,0.959
1456321081.0,814d74ac,0.939
1456321081.0,fdce782f,0.989
1456321081.0,06857c62,0.949
1456321081.0,3bb3ff25,0.949
1456321081.0,d02c5bf4,0.949
1456321081.0,00a2a041,0.979
1456321081.0,f7345a16,0.999
1456321081.0,d16fca8a,0.989
1456321081.0,752a50a3,0.948
1456321081.0,9db07996,0.989
1456321081.0,ef61acd1,0.999
1456321081.0,9d888387,0.939
1456321081.0,c20a8487,0.949
1456321081.0,253839e1,0.999
1456321081.0,81342b13,0.989
1456321081.0,0187d1d6,1.009
1456321081.0,45ee1cd9,0.939
1456321081.0,0c18ba5f,0.929
1456321081.0,018c0b0e,1.029
1456321081.0,b948058a,0.929
1456321081.0,ccd8aac4,0.959
1456321081.0,1d7aa7ce,1.059
1456321081.0,df43a8b2,0.929
1456321081.0,17c924e4,0.979
1456321081.0,b24e03a5,0.969
1456321081.0,4d917f63,0.969
1456321081.0,785d1098,0.959
1456321081.0,fc998162,0.999
1456321081.0,cf68ef20,0.979
1456321081.0,8067eaa3,1.009
1456321081.0,1d3d3ee8,0.949
1456321081.0,4b926ccb,0.929
1456321081.0,4b2eb0cf,0.949
1456321081.0,75bb0d76,0.969
1456321081.0,8b6fae1c,0.999
1456321081.0,4e41baa5,0.979
1456321081.0,77b7abe7,0.959
1456321081.0,c441e36d,1.029
1456321081.0,2947866d,0.969
1456321081.0,d8c88922,0.989
1456321081.0,8b670386,0.989
1456321081.0,b07918a9,0.949
1456321081.0,bbc2b8d4,0.939
1456321081.0,71b758db,0.979
1456321081.0,f3165b36,0.959
1456321081.0,a9b88996,0.969
1456321081.0,7d9fd3be,0.929
1456321081.0,7391a07f,0.969
1456321081.0,9b209e8a,0.959
1456321081.0,c8961000,0.949
1456321081.0,9d244fa5,0.999
1456321081.0,ad129baa,0.969
1456321081.0,ff9beead,0.949
1456321081.0,b553e369,0.949
1456321081.0,7ab8a6b9,0.989
1456321081.0,4abd2f17,0.959
1456321081.0,192552f2,0.979
1456321081.0,f3a6a0c8,0.969
1456321081.0,4724644a,0.969
1456321081.0,310e041a,0.989
1456321081.0,82198727,0.959
1456321081.0,5bbe0a9d,0.939
1456321081.0,3fcbe3b5,0.999
1456321081.0,c0b30328,0.999
1456321081.0,8e390e63,0.969
1456321081.0,ab3bff5d,1.009
1456321081.0,bf64b735,0.949
1456321081.0,bcdd8796,0.949
1456321081.0,302e12a9,0.979
1456321081.0,,0.999
1456321081.0,14b2ac02,0.979
1456321081.0,1f23d8f2,0.969
1456321081.0,6ebcf0bd,0.939
1456321081.0,4c7f88c9,0.959
1456321081.0,37af09a8,0.959
1456321081.0,759c0ad5,0.939
1456321081.0,408faf33,0.979
1456321081.0,13247f37,0.929
1456321081.0,fc7209ce,0.969
1456321081.0,72f7edea,0.959
1456321081.0,f6301788,0.979
1456321081.0,48bf5afb,0.969
1456321081.0,ab23cef1,0.939
1456321081.0,3b746ea0,0.909
1456321081.0,545c4117,0.909
1456321081.0,1f6ccf56,0.929
1456321081.0,e206c1b6,0.949
1456321081.0,91a5c341,0.959
1456321081.0,7e2a8251,0.999
1456321081.0,d04e4045,0.969
1456321081.0,b511f34b,1.009
1456321081.0,8469fbc7,0.989
1456321081.0,a2fee1df,0.989
1456321081.0,36317a57,0.929
1456321081.0,fe4f9d49,0.989
1456321081.0,128ea457,0.949
1456321081.0,3ede3ac4,0.979
1456321081.0,475377c3,0.959
1456321081.0,511114cf,0.959
1456321081.0,eaa8f83c,0.939
1456321081.0,7e16c19d,0.999
1456321081.0,24c052f2,0.969
1456321081.0,23328c7a,0.959
1456321081.0,0543d2e4,0.989
1456321081.0,302dd48b,0.989
1456321081.0,292f3ea8,0.939
1456321081.0,7ef423c0,1.029
1456321081.0,c9c1fe89,0.939
1456321081.0,522b4780,0.949
1456321081.0,fd7ffd20,0.979
1456321081.0,7c1d5106,1.009
1456321081.0,344ab5b8,0.979
1456321081.0,b594d429,0.969
1456321081.0,5325ade4,0.979
1456321081.0,98e9a25d,0.959
1456321081.0,67b209f1,0.999
1456321081.0,28712072,0.949
1456321081.0,2214026d,0.969
1456321081.0,02917849,0.999
1456321081.0,2bcfc668,0.959
1456321081.0,dd78438d,0.979
1456321081.0,cc4d2444,0.949
1456321081.0,a470ddc2,0.949
1456321081.0,13afa0e9,0.959
1456321081.0,fce7ca5c,0.979
1456321081.0,c9e05214,0.989
1456321081.0,450ed4aa,0.949
1456321081.0,fc1fc595,0.949
1456321081.0,24e573e4,0.959
1456321081.0,f98eae96,0.989
1456321081.0,,0.989
1456321081.0,21d0f81c,0.989
1456321081.0,642a4242,0.949
1456321081.0,62bff896,0.969
1456321081.0,85edb580,0.989
1456321081.0,6d40e0d7,0.929
1456321081.0,90bdfe5b,0.959
1456321081.0,b5ead699,0.939
1456321081.0,c7d7314f,0.969
1456321081.0,4f58556c,0.919
1456321081.0,4fea3631,0.959
1456321081.0,f245c083,0.979
1456321081.0,d046f0d3,0.959
1456321081.0,1f23d768,0.939
1456321081.0,d34df514,0.979
1456321081.0,efc1c355,0.949
1456321081.0,5ec85307,0.999
1456321081.0,186a1294,0.959
1456321081.0,59214d4e,0.999
1456321081.0,d19b61da,0.949
1456321081.0,e58aa567,0.989
1456321081.0,70370c43,0.949
1456321081.0,8e2ad6dc,0.969
1456321081.0,468267fb,0.939
1456321081.0,25604f87,0.969
1456321081.0,fcbae89e,0.959
1456321081.0,faf03f8f,0.979
1456321081.0,477465f0,0.979
1456321081.0,ba9cc930,0.939
1456321081.0,8b3b52bb,0.959
1456321081.0,6727ef58,0.999
1456321081.0,18429d44,0.959
1456321081.0,df6b217b,0.969
1456321081.0,0dd22df0,0.949
1456321081.0,15b53516,0.919
1456321081.0,07d1cb29,0.929
1456321081.0,41170479,0.989
1456321081.0,278329af,0.979
1456321081.0,917af1e0,0.929
1456321081.0,aa2f1ae8,0.959
1456321081.0,64dc13d7,1.069
1456321081.0,812e609b,0.949
1456321081.0,07f603f1,0.939
1456321081.0,43206580,0.949
1456321081.0,,0.959
1456321081.0,b204b97b,1.019
1456321081.0,2e852031,0.959
1456321081.0,8ac64b4e,0.959
1456321081.0,7858e931,0.949
1456321081.0,b7217ae2,1.019
1456321081.0,6fb3ea7a,0.929
1456321081.0,56db44d2,0.959
1456321081.0,dcab2d5d,0.939
1456321081.0,65600788,0.999
1456321081.0,182bd28a,0.949
1456321081.0,bc723644,0.939
1456321081.0,a59acdf3,0.949
1456321081.0,fe7899cb,0.938
1456321081.0,efcf22b5,0.969
1456321081.0,ba7cab9b,0.999
1456321081.0,046da538,1.019
1456321081.0,5308f610,0.949
1456321081.0,2e72931a,0.969
1456321081.0,19afbee8,0.909
1456321081.0,44495201,0.959
1456321081.0,05845b5e,0.959
1456321081.0,ccc808c9,0.949
1456321081.0,6da1952d,0.929
1456321081.0,086d076b,0.989
1456321081.0,a9ccf9a0,1.139
1456321081.0,cdf21700,0.959
1456321081.0,e6fdbd0c,1.019
1456321081.0,5aab5487,0.979
1456321081.0,171447e0,0.939
1456321081.0,826ef9e5,0.929
1456321081.0,ce5281ae,0.959
1456321081.0,df74c4c4,0.969
1456321081.0,8a7ae372,0.959
1456321081.0,b5b5497e,0.989
1456321081.0,4b75217a,0.969
1456321081.0,e6322e78,0.969
1456321081.0,9bccabe6,0.949
1456321081.0,e576fe06,0.989
1456321081.0,c5f1c80c,0.959
1456321081.0,0ea383e0,1.069
1456321081.0,cc9281aa,0.949
1456321081.0,32669d3d,0.949
1456321081.0,5048cff6,0.999
1456321081.0,e3a6c1d2,0.959
1456321081.0,,0.939
1456321081.0,c79adad0,0.959
1456321081.0,75ed1160,0.999
1456321081.0,58d274cb,0.969
1456321081.0,0345dfe7,0.959
1456321081.0,6c261cbe,0.929
1456321081.0,16870e6a,0.929
1456321081.0,a093cd4b,0.939
1456321081.0,bbd2a218,0.959
1456321081.0,ab01842d,0.979
1456321081.0,84a3b636,0.989
1456321081.0,c126260f,0.999
1456321081.0,a2346f9b,0.949
1456321081.0,293f7598,0.999
1456321081.0,86672300,0.989
1456321081.0,3b1d17e6,0.979
1456321081.0,1b5d5766,0.939
1456321081.0,f6eddbb3,0.969
1456321081.0,0fc44087,0.979
1456321081.0,b7b6386b,0.989
1456321081.0,04543b56,0.969
1456321081.0,ea01675f,0.939
1456321081.0,9beb1b98,0.969
1456321081.0,b6f2c106,0.949
1456321081.0,c85470f1,0.929
1456321081.0,9f41a7c7,0.989
1456321081.0,e628dd10,0.919
1456321081.0,b13eb8fa,1.019
1456321081.0,c62b5500,0.979
1456321081.0,4f97968a,0.949
1456321081.0,db29506f,0.989
1456321081.0,fe69cf27,0.979
1456321081.0,14e4cad9,0.969
1456321081.0,603bc731,0.949
1456321081.0,4dac6b68,0.959
1456321081.0,d39d4848,0.979
1456321081.0,ecf85bf9,0.979
1456321081.0,997cbfdf,0.969
1456321081.0,4f913836,0.949
1456321081.0,287fc858,0.959
1456321081.0,7d63776b,0.979
1456321081.0,73df71fc,0.979
1456321081.0,77cb599d,0.949
1456321081.0,bdf0a3dc,0.959
1456321081.0,07aab62d,0.929
1456321081.0,f5268ec9,0.979
1456321081.0,6bbf6dea,0.939
1456321081.0,b3701dfd,0.949
1456321081.0,155982b5,0.979
1456321081.0,ffa36ea0,0.949
1456321081.0,43d54d96,0.989
1456321081.0,550f37fb,0.959
1456321081.0,8d45e432,1.009
1456321081.0,dcfdd6fc,0.949
1456321081.0,0d94f40b,0.969
1456321081.0,9171a74f,0.939
1456321081.0,f06281fb,0.969
1456321081.0,5652b1d3,0.969
1456321081.0,28e051b2,0.989
1456321081.0,dd41b331,0.979
1456321081.0,2d3f410b,0.979
1456321081.0,684e26a4,1.009
1456321081.0,a202f414,0.949
1456321081.0,a76feaa2,0.949
1456321081.0,1259d1b0,0.979
1456321081.0,b1184001,0.969
1456321081.0,72b1b375,0.989
1456321081.0,8cb4fc7c,0.929
1456321081.0,937baa0c,1.029
1456321081.0,9c47cca4,0.979
1456321081.0,dea57116,0.989
1456321081.0,18bb0375,1.039
1456321081.0,691d5ce3,0.939
1456321081.0,1685cf9c,0.974
1456321081.0,02202a18,0.939
1456321081.0,a2c55ea4,0.969
1456321081.0,fb94863a,1.029
1456321081.0,26056533,0.969
1456321081.0,9536d208,0.959
1456321081.0,74864c80,1.009
1456321081.0,236e355f,0.929
1456321081.0,91cac178,0.949
1456321081.0,4438eb3c,0.979
1456321081.0,4b14d7f0,0.969
1456321081.0,5ec35915,0.959
1456321081.0,e2800d44,0.949
1456321081.0,ca804af5,0.979
1456321081.0,d47bc4c5,0.999
1456321081.0,eb885b64,0.959
1456321081.0,9ab54d52,0.989
1456321081.0,682730ca,0.939
1456321081.0,16a73c7d,0.989
1456321081.0,329fbc05,0.949
1456321081.0,ceda1d43,0.959
1456321081.0,1bc107ca,0.949
1456321081.0,d5b64c05,0.969
1456321081.0,dde85d42,0.949
1456321081.0,504126f8,0.999
1456321081.0,260e3a4c,0.949
1456321081.0,2abd710b,0.979
1456321081.0,1ff0ade7,0.958
1456321081.0,7906e124,0.939
1456321081.0,640c2258,0.959
1456321081.0,4d5c23ec,0.989
1456321081.0,56c5d463,0.989
1456321081.0,376c7260,0.979
1456321081.0,b1342e4a,0.969
1456321081.0,449f9515,0.999
1456321081.0,66a1358d,1.019
1456321081.0,f05206bf,0.989
1456321081.0,d14573c7,0.939
1456321081.0,2e24ce9f,0.939
1456321081.0,30cf0bb4,0.989
1456321081.0,e21e887d,0.969
1456321081.0,5f695bd8,0.929
1456321081.0,e2716599,0.979
1456321081.0,57c78750,0.989
1456321081.0,3b37a294,0.969
1456321081.0,c4124a50,0.989
1456321081.0,b81c2aae,1.009
1456321081.0,7a3844f2,0.929
1456321081.0,4cfb1a89,1.039
1456321081.0,9e184682,0.959
1456321081.0,3e574cd0,0.959
1456321081.0,d8601954,0.979
1456321081.0,539e7513,0.939
1456321081.0,e2cc6025,0.939
1456321081.0,26d58413,0.929
1456321081.0,85a8d903,0.929
1456321081.0,,0.939
1456321081.0,6b43b20f,0.969
1456321081.0,a46de094,0.919
1456321081.0,e00ca8bb,0.959
1456321081.0,59ae9cca,0.949
1456321081.0,,0.969
1456321081.0,5db56b1d,0.949
1456321081.0,5c2e3a01,0.949
1456321081.0,b5935794,0.939
1456321081.0,d285af63,0.939
1456321081.0,9628820d,0.979
1456321081.0,29259211,0.979
1456321081.0,b2f56e84,0.969
1456321081.0,a4338625,0.999
1456321081.0,a0f41fbb,0.959
1456321081.0,33cd03d6,0.949
1456321081.0,7c0d469a,0.989
1456321081.0,790cb266,0.979
1456321081.0,c1548059,1.019
1456321081.0,f659a576,0.989
1456321081.0,13388a58,0.939
1456321081.0,624ba629,0.959
1456321081.0,4612acab,0.969
1456321081.0,4622dd55,0.949
1456321081.0,58c92ed6,0.949
1456321081.0,5446812c,1.019
1456321081.0,,0.959
1456321081.0,0748225f,0.939
1456321081.0,16fbfac7,0.969
1456321081.0,43396ca7,0.959
1456321081.0,9f02c9d0,0.979
1456321081.0,836bcdaa,0.979
1456321081.0,1f9d1ea6,0.979
1456321081.0,625146af,0.959
1456321081.0,53e57ac2,0.999
1456321081.0,53988e6f,0.969
1456321081.0,1db152f7,0.969
1456321081.0,c139e7ed,1.059
1456321081.0,39c16317,0.979
1456321081.0,abe52a6d,0.939
1456321081.0,3c76ded2,0.929
1456321081.0,1f311bb3,0.929
1456321081.0,f26c00e4,0.949
1456321081.0,7b5a8540,0.949
1456321081.0,9af812fc,0.959
1456321081.0,36ba87a1,0.969
1456321081.0,48d0e555,1.009
1456321081.0,1b10d043,1.009
1456321081.0,afb0335d,0.959
1456321081.0,676f4e53,0.929
1456321081.0,3473636a,0.959
1456321081.0,c846f887,0.979
1456321081.0,e64fba92,0.959
1456321081.0,f4507b0a,0.959
1456321081.0,9cd1b58f,0.959
1456321081.0,6f8c077f,0.959
1456321081.0,576c1f5f,0.999
1456321081.0,990b3bf9,0.969
1456321081.0,fcb3f0ac,0.969
1456321081.0,4c6c04a6,0.949
1456321081.0,1809b397,0.939
1456321081.0,7f1b927c,0.969
1456321081.0,ad659ace,0.939
1456321081.0,9987c547,0.959
1456321081.0,f1a9cf2a,0.919
1456321081.0,b76902b4,0.959
1456321081.0,a07d5f54,0.959
1456321081.0,0d0459d7,1.039
1456321081.0,87a23e83,0.969
1456321081.0,6334f8a6,0.949
1456321081.0,4d5330ca,0.979
1456321081.0,a388f36b,0.949
1456321081.0,5e6de772,0.999
1456321081.0,702a8264,0.929
1456321081.0,950d79ab,0.969
1456321081.0,48772908,0.949
1456321081.0,d5f0bacd,0.929
1456321081.0,bed994ff,0.939
1456321081.0,ecb99613,0.959
1456321081.0,d7552124,1.029
1456321081.0,f8abf94c,0.939
1456321081.0,6bd698e2,0.959
1456321081.0,ea6d4e44,0.989
1456321081.0,7423e9d0,0.969
1456321081.0,6b4ba54d,0.979
1456321081.0,13cfdfb2,1.049
1456321081.0,4ddf478c,0.979
1456321081.0,f02ffbd3,0.979
1456321081.0,ddb4781d,0.939
1456321081.0,a774140b,0.989
1456321081.0,c7eb5131,0.929
1456321081.0,32dcc2c9,0.979
1456321081.0,32ecd8d4,0.979
1456321081.0,a6f98df6,0.989
1456321081.0,58e56c66,0.949
1456321081.0,dbdba84f,0.909
1456321081.0,773b1599,0.969
1456321081.0,b67f8bb3,0.969
1456321081.0,a59de654,0.959
1456321081.0,f7a225a7,0.989
1456321081.0,9cb727d2,0.939
1456321081.0,b5ff1b6a,0.979
1456321081.0,c2fe2847,0.939
1456321081.0,b299d8d7,0.959
1456321321.0,9a2cf8fa,0.959
1456321321.0,dcb25a3c,0.989
1456321321.0,0aeed7ce,0.939
1456321321.0,0f01b9c8,1.009
1456321321.0,f58434d3,0.999
1456321321.0,b208a709,0.934
1456321321.0,13b165d7,0.959
1456321321.0,82c6c5bb,0.969
1456321321.0,17b8eb16,0.999
1456321321.0,c40488f6,0.943
1456321321.0,41a43995,0.959
1456321321.0,f000c864,0.979
1456321321.0,909a8e2d,0.949
1456321321.0,19838731,0.929
1456321321.0,440eff71,0.929
1456321321.0,0bb2e1c5,0.959
1456321321.0,37649bcc,0.929
1456321321.0,c77b8785,0.939
1456321321.0,c2d8e386,0.929
1456321321.0,ba074c78,0.939
1456321321.0,646811ac,0.929
1456321321.0,264d6745,0.949
1456321321.0,681bcf47,0.949
1456321321.0,df009d5a,0.949
1456321321.0,720d6cbc,0.989
1456321321.0,fc64f929,0.979
1456321321.0,1d2b410a,0.969
1456321321.0,57c6a470,0.969
1456321321.0,568f7193,0.959
1456321321.0,3f2ba968,0.939
1456321321.0,fbf71c0b,0.959
1456321321.0,186db07d,0.959
1456321321.0,99d46a35,0.949
1456321321.0,472cc7af,0.919
1456321321.0,52f801fe,0.979
1456321321.0,ddaef23c,0.959
1456321321.0,9bf65a40,0.969
1456321321.0,43bfc6b5,0.959
1456321321.0,9d51c1aa,0.969
1456321321.0,6df2a6aa,0.969
1456321321.0,4f5b6b22,0.939
1456321321.0,0fd4a5a3,0.949
1456321321.0,012cf605,0.939
1456321321.0,71f3b1d9,0.999
1456321321.0,587132ed,0.929
1456321321.0,4b229f4e,0.979
1456321321.0,57842eba,0.959
1456321321.0,fba18531,0.969
1456321321.0,797e753d,1.019
1456321321.0,bca31534,0.989
1456321321.0,cfab0b9f,0.959
1456321321.0,5000f0c5,0.969
1456321321.0,ca1add7b,1.009
1456321321.0,0fc08209,0.949
1456321321.0,53db0fe7,1.029
1456321321.0,34f8b648,0.959
1456321321.0,515a767d,0.949
1456321321.0,0ea03633,0.959
1456321321.0,2a7b6c27,0.954
1456321321.0,485c7940,0.959
1456321321.0,fae436b2,0.949
1456321321.0,,0.979
1456321321.0,ac3c5f1a,0.949
1456321321.0,0334f503,0.949
1456321321.0,912d452f,0.939
1456321321.0,8371a1aa,0.989
1456321321.0,b9e8287e,0.949
1456321321.0,0c39b458,0.959
1456321321.0,04da5ab2,0.969
1456321321.0,2371f256,0.979
1456321321.0,6229a06b,0.969
1456321321.0,31d8b133,0.969
1456321321.0,626c6699,0.949
1456321321.0,0f76eceb,0.949
1456321321.0,7ef38273,0.959
1456321321.0,faa85b47,0.969
1456321321.0,772a26c5,0.969
1456321321.0,fa12ad0f,0.949
1456321321.0,ed2deb3d,0.969
1456321321.0,46c099d0,0.919
1456321321.0,c465775f,1.009
1456321321.0,4190ae32,0.969
1456321321.0,010520ef,0.949
1456321321.0,8e3599bc,0.969
1456321321.0,6437efd0,0.929
1456321321.0,cc6976b2,0.989
1456321321.0,9f4abaf3,0.959
1456321321.0,41065536,0.944
1456321321.0,12434f8d,0.939
1456321321.0,3a8770f2,0.939
1456321321.0,90004d8a,0.949
1456321321.0,c25c5571,0.949
1456321321.0,5ff2bd7f,0.929
1456321321.0,3b3e1ce0,0.939
1456321321.0,2f9dd7f6,0.959
1456321321.0,44da8f35,0.949
1456321321.0,386807be,0.969
1456321321.0,79ec8492,0.919
1456321321.0,17d98ba9,0.979
1456321321.0,75db1286,0.999
1456321321.0,d242c421,0.949
1456321321.0,5a40cb90,0.929
1456321321.0,780043a9,0.949
1456321321.0,075322ca,0.959
1456321321.0,7f667b18,0.919
1456321321.0,5a55ec8e,0.969
1456321321.0,8c14cf23,0.989
1456321321.0,e50a3733,0.939
1456321321.0,6f53ff69,0.999
1456321321.0,708936ad,0.939
1456321321.0,8a0db953,0.939
1456321321.0,44850052,0.939
1456321321.0,64e138c3,0.979
1456321321.0,a3b7ebf8,1.009
1456321321.0,293b9125,0.989
1456321321.0,4b23821f,0.969
1456321321.0,010c74dd,0.959
1456321321.0,cca00c58,0.979
1456321321.0,d31ca38d,0.989
1456321321.0,a9b1239f,0.959
1456321321.0,b00dd683,0.999
1456321321.0,710830cb,0.959
1456321321.0,28136f7e,0.959
1456321321.0,de72ae1a,0.969
1456321321.0,610a0f34,0.939
1456321321.0,8eafa47a,0.949
1456321321.0,ed327e9c,0.969
1456321321.0,b0a6c8a3,0.959
1456321321.0,21b0fe98,0.969
1456321321.0,45427090,0.989
1456321321.0,0b75329b,0.959
1456321321.0,03098eb9,0.969
1456321321.0,0aa181fc,0.979
1456321321.0,1d5cb0e7,0.949
1456321321.0,fbc6af74,0.939
1456321321.0,15b99812,0.959
1456321321.0,118d4934,0.979
1456321321.0,b7b730d9,0.979
1456321321.0,d596df4f,1.009
1456321321.0,ef3ecd77,0.929
1456321321.0,c78085b8,0.969
1456321321.0,72889fd6,0.969
1456321321.0,67642b0d,0.989
1456321321.0,2a8db2e4,0.979
1456321321.0,249a69d6,0.969
1456321321.0,316a2f5b,0.959
1456321321.0,27917288,0.979
1456321321.0,466bb8f2,0.979
1456321321.0,84985353,0.929
1456321321.0,3663fc5c,0.949
1456321321.0,4fbbcd3f,0.949
1456321321.0,c66eeb5b,0.959
1456321321.0,a02bf729,0.969
1456321321.0,e2c6b885,0.979
1456321321.0,012d8a4c,0.949
1456321321.0,f389a9e7,0.979
1456321321.0,b2a7f637,0.949
1456321321.0,f84b6775,0.979
1456321321.0,d854b7df,0.949
1456321321.0,12ad7001,0.969
1456321321.0,285e45c2,0.969
1456321321.0,4cd75c68,0.939
1456321321.0,0094aa42,0.929
1456321321.0,71df72f8,0.929
1456321321.0,27613fe7,0.979
1456321321.0,050d62ae,0.949
1456321321.0,3f5f0189,0.929
1456321321.0,325a3e8f,0.999
1456321321.0,e20c7066,0.969
1456321321.0,8aaabcb9,0.929
1456321321.0,02771ac8,0.959
1456321321.0,130149c2,0.949
1456321321.0,d8497cfd,0.959
1456321321.0,d1ad7add,0.959
1456321321.0,c5208f75,0.969
1456321321.0,34c23076,0.939
1456321321.0,6551e91d,0.969
1456321321.0,34293664,0.929
1456321321.0,b24a2efc,0.999
1456321321.0,06f39bb4,0.959
1456321321.0,dc9da122,0.979
1456321321.0,aade08a5,0.949
1456321321.0,8c19e662,0.949
1456321321.0,c8216f55,0.969
1456321321.0,2bd26467,0.949
1456321321.0,c2cbc81c,0.969
1456321321.0,80c4f678,0.979
1456321321.0,e246da13,0.949
1456321321.0,6f16196e,0.939
1456321321.0,5455a5f8,0.969
1456321321.0,438b0f85,0.969
1456321321.0,9bc2e863,0.964
1456321321.0,fbfbf15b,0.969
1456321321.0,e830fd7a,0.989
1456321321.0,ee0b2b76,0.959
1456321321.0,f4084cef,0.929
1456321321.0,dd12b2b6,0.979
1456321321.0,74f3df02,0.969
1456321321.0,784d4e2a,0.949
1456321321.0,29804b96,0.989
1456321321.0,ce9c03ce,0.979
1456321321.0,86b711fa,0.959
1456321321.0,68be5dbf,0.989
1456321321.0,eca01ef8,0.999
1456321321.0,e0fd14c5,0.939
1456321321.0,78128a2a,0.949
1456321321.0,c3aa0b78,0.929
1456321321.0,b5dfdabd,0.949
1456321321.0,66691780,0.969
1456321321.0,34b00dee,0.939
1456321321.0,e8a8876f,0.959
1456321321.0,3a2ef803,0.999
1456321321.0,edf38f90,0.979
1456321321.0,283d3a46,0.949
1456321321.0,6b90433e,0.979
1456321321.0,ce366998,0.979
1456321321.0,a1904e6e,0.979
1456321321.0,c7df902b,0.959
1456321321.0,251d5667,0.969
1456321321.0,279f7243,0.979
1456321321.0,d2a69e6d,0.979
1456321321.0,bef1c266,0.969
1456321321.0,,0.929
1456321321.0,3ae75c74,0.959
1456321321.0,1db5b62a,0.979
1456321321.0,c61bf054,0.954
1456321321.0,a9e7d486,0.979
1456321321.0,7cad2e85,0.969
1456321321.0,6ba4d917,0.97
1456321321.0,5353d90f,0.989
1456321321.0,5f379a02,0.939
1456321321.0,ac4a43b1,0.939
1456321321.0,350e97c6,0.919
1456321321.0,9cb577d8,0.989
1456321321.0,875ec97a,0.939
1456321321.0,b2f68bd2,0.969
1456321321.0,5991ce93,0.989
1456321321.0,2e175fc6,0.929
1456321321.0,23328c7a,0.979
1456321321.0,ed8a5a8a,0.979
1456321321.0,6aa7f92d,1.029
1456321321.0,d21a57fd,0.949
1456321321.0,8ca1f59e,0.959
1456321321.0,c743acd1,0.949
1456321321.0,eea64b3d,0.979
1456321321.0,9279854d,0.979
1456321321.0,b1ca0ed3,0.969
1456321321.0,b85a1ca3,0.959
1456321321.0,51e1327b,0.979
1456321321.0,348737ad,0.989
1456321321.0,4a79d3d5,0.929
1456321321.0,da0a00ad,1.009
1456321321.0,e0d2c90f,0.949
1456321321.0,7f2dbefe,0.969
1456321321.0,d2d1eae3,0.949
1456321321.0,1c239584,0.959
1456321321.0,e274299b,0.959
1456321321.0,9086a5b2,0.969
1456321321.0,4b7e86ba,1.009
1456321321.0,a7fc7f1f,0.939
1456321321.0,baa66b57,0.979
1456321321.0,3a7d2c69,0.979
1456321321.0,15a5d68a,0.949
1456321321.0,6cf550c8,0.999
1456321321.0,feeb48dc,0.939
1456321321.0,576e47d1,0.919
1456321321.0,c0e75897,1.109
1456321321.0,24e573e4,0.959
1456321321.0,f78f34d4,1.019
1456321321.0,dc6dee32,0.969
1456321321.0,55af4e12,0.929
1456321321.0,f1164896,0.969
1456321321.0,,0.939
1456321321.0,96407ff6,0.989
1456321321.0,154a309d,0.979
1456321321.0,bde06776,0.969
1456321321.0,68492860,1.009
1456321321.0,40d8f838,0.929
1456321321.0,561829d6,0.929
1456321321.0,46179c4a,0.969
1456321321.0,0d20ed99,0.959
1456321321.0,62bff896,0.969
1456321321.0,5b2750c6,1.029
1456321321.0,100b6cf2,0.989
1456321321.0,0fa50e56,0.949
1456321321.0,8587a0a7,0.949
1456321321.0,f5a51e57,0.979
1456321321.0,926a9855,0.949
1456321321.0,cf23bc29,0.969
1456321321.0,df9cde99,0.969
1456321321.0,f312c960,0.969
1456321321.0,3a67bc28,0.969
1456321321.0,2b1d13c5,0.919
1456321321.0,f37029f1,0.969
1456321321.0,c4c8b56b,0.979
1456321321.0,46da1895,0.949
1456321321.0,1c551e1f,0.949
1456321321.0,d338e293,1.009
1456321321.0,d2575398,0.969
1456321321.0,36098a3a,0.979
1456321321.0,4e1da1a2,0.939
1456321321.0,07991b53,0.949
1456321321.0,9e5a10db,0.969
1456321321.0,88128993,0.989
1456321321.0,e05ee428,0.979
1456321321.0,c5f7c662,0.919
1456321321.0,8e300fb3,0.939
1456321321.0,6c39a1af,0.929
1456321321.0,99acd99a,0.949
1456321321.0,1e7f80e8,0.999
1456321321.0,90a8536c,0.969
1456321321.0,481a8ed4,0.949
1456321321.0,930b627b,0.949
1456321321.0,bd925387,0.969
1456321321.0,f7a5dd5a,0.969
1456321321.0,11e04c6a,0.979
1456321321.0,256dd9bf,0.959
1456321321.0,c1dfd045,0.989
1456321321.0,3bb9d5ac,0.969
1456321321.0,5bc7d850,0.949
1456321321.0,ab7d8dd4,0.949
1456321321.0,716935a5,0.989
1456321321.0,8845e1a5,0.989
1456321321.0,7fc9d4ff,0.969
1456321321.0,16ea6be7,0.949
1456321321.0,db1d08fc,1.029
1456321321.0,0a5b2682,0.999
1456321321.0,90789f94,0.929
1456321321.0,fb6a534f,0.939
1456321321.0,d14b5840,0.929
1456321321.0,57c3f6b1,0.959
1456321321.0,a55edb00,0.949
1456321321.0,e9c48a65,1.009
1456321321.0,f2eb270f,0.939
1456321321.0,8fb53921,0.929
1456321321.0,ccb88791,0.959
1456321321.0,ca4047f3,0.949
1456321321.0,6cee9445,0.979
1456321321.0,d18613bf,0.969
1456321321.0,3f2e3b3e,0.959
1456321321.0,7f46e3b9,1.019
1456321321.0,,0.929
1456321321.0,2bb65033,0.969
1456321321.0,33d5d488,0.979
1456321321.0,31a9b6e7,0.979
1456321321.0,3fc377d7,1.049
1456321321.0,c1154259,0.949
1456321321.0,ba7d4f54,0.969
1456321321.0,f2b5514e,0.979
1456321321.0,b1bae9b8,0.949
1456321321.0,28c16e42,0.979
1456321321.0,7f9596ee,0.989
1456321321.0,19b72b96,0.989
1456321321.0,42bfbcca,0.979
1456321321.0,ab4da979,0.969
1456321321.0,c33a7e9f,0.959
1456321321.0,2ab14021,0.939
1456321321.0,805943eb,0.949
1456321321.0,3b6590c2,0.949
1456321321.0,1d287189,0.949
1456321321.0,68c15014,0.959
1456321321.0,78eacf4a,0.969
1456321321.0,8b5cc87c,0.939
1456321321.0,e57ad6a0,0.959
1456321321.0,5b430faa,0.939
1456321321.0,7dfe4528,0.959
1456321321.0,b38002eb,0.939
1456321321.0,7b9d3d6a,0.979
1456321321.0,cbe160e3,0.959
1456321321.0,5962da15,0.979
1456321321.0,27825143,0.969
1456321321.0,c3efdbea,0.979
1456321321.0,c63b0b80,0.949
1456321321.0,fd278e66,0.959
1456321321.0,dd700b9a,0.969
1456321321.0,95d6571c,0.979
1456321321.0,312c3ed5,0.949
1456321321.0,0acb65ea,1.009
1456321321.0,c9d0b757,0.929
1456321321.0,ae6758fc,0.954
1456321321.0,c3606f90,0.949
1456321321.0,d262266d,0.949
1456321321.0,f6eddbb3,0.959
1456321321.0,d998872e,0.969
1456321321.0,c10bd90f,0.979
1456321321.0,04762b7c,0.999
1456321321.0,5a5daf30,0.939
1456321321.0,11db12fc,0.979
1456321321.0,a3fd285b,0.979
1456321321.0,8785401b,0.969
1456321321.0,69cf448c,1.029
1456321321.0,db29506f,0.979
1456321321.0,8c231795,0.979
1456321321.0,ece6b02f,0.969
1456321321.0,2dd4faf7,0.919
1456321321.0,6169c430,0.969
1456321321.0,98c2fb0e,0.959
1456321321.0,9e8d8571,0.959
1456321321.0,0daf2906,0.959
1456321321.0,2323e5c3,0.989
1456321321.0,f09eccb2,0.949
1456321321.0,cdaa8d46,1.059
1456321321.0,698d5fbc,0.939
1456321321.0,fee47ded,0.979
1456321321.0,02239e4c,0.979
1456321321.0,d65cfd6c,0.999
1456321321.0,77cb599d,0.929
1456321321.0,d080ea89,0.994
1456321321.0,fbddd358,0.979
1456321321.0,09d90f95,0.989
1456321321.0,272828c5,0.989
1456321321.0,1555e8c5,0.969
1456321321.0,5e64662a,0.989
1456321321.0,ca9bd89a,0.959
1456321321.0,2925337f,0.969
1456321321.0,c096f63b,0.929
1456321321.0,bc6a3d8b,0.979
1456321321.0,d6831509,0.959
1456321321.0,a2c4c052,0.939
1456321321.0,084224e7,0.989
1456321321.0,b913c112,0.979
1456321321.0,fff1f639,0.949
1456321321.0,74311576,0.989
1456321321.0,0af09136,0.969
1456321321.0,a202f414,0.939
1456321321.0,6465956f,0.909
1456321321.0,a5ef49c6,0.989
1456321321.0,c449f1b5,0.999
1456321321.0,572ecc04,0.949
1456321321.0,2c487233,0.979
1456321321.0,849a27f2,0.949
1456321321.0,3893ca3e,0.959
1456321321.0,a54d4e57,0.979
1456321321.0,6f9a376c,0.979
1456321321.0,db7cca98,0.959
1456321321.0,f51c98aa,0.979
1456321321.0,bdc12d8e,0.959
1456321321.0,e78a8608,0.999
1456321321.0,dea57116,0.979
1456321321.0,19ff993e,0.969
1456321321.0,6357dca2,0.969
1456321321.0,73b5d3b6,0.969
1456321321.0,5ec4b70c,0.949
1456321321.0,b6aadfa1,0.989
1456321321.0,9536d208,0.939
1456321321.0,ca757f3f,0.989
1456321321.0,2cdfc56f,0.949
1456321321.0,eb8fef56,0.979
1456321321.0,,0.959
1456321321.0,c290efa7,0.959
1456321321.0,2965e148,0.959
1456321321.0,efda2508,0.949
1456321321.0,79b3e9cf,0.959
1456321321.0,bd3a11a3,0.959
1456321321.0,a601b597,0.979
1456321321.0,42917976,1.009
1456321321.0,63e70cd3,0.949
1456321321.0,004c0eac,0.999
1456321321.0,bfadc236,0.999
1456321321.0,ae7c12ce,0.954
1456321321.0,75290178,0.969
1456321321.0,969b9276,0.969
1456321321.0,523156b3,0.999
1456321321.0,2380bb04,0.999
1456321321.0,8c299260,0.939
1456321321.0,b44f61b0,0.939
1456321321.0,260b8710,0.959
1456321321.0,d1c24269,0.979
1456321321.0,84944aec,0.969
1456321321.0,8bdd5502,0.939
1456321321.0,77c9f305,0.949
1456321321.0,72fef334,0.959
1456321321.0,d4f76c4a,0.969
1456321321.0,0c03d863,0.979
1456321321.0,a48343d6,0.949
1456321321.0,82d40753,0.959
1456321321.0,684a7ab7,0.919
1456321321.0,64abbe63,0.969
1456321321.0,27ad4edd,0.999
1456321321.0,d7ee03a5,0.939
1456321321.0,54352ce8,0.979
1456321321.0,5c59a043,0.959
1456321321.0,29f85de3,1.009
1456321321.0,553c4dc5,0.969
1456321321.0,4d79856a,0.959
1456321321.0,7d0e5e60,0.969
1456321321.0,332fb1ba,0.959
1456321321.0,8098495e,0.979
1456321321.0,b4154d71,0.969
1456321321.0,88dd7fc5,0.969
1456321321.0,1bb94f90,0.959
1456321321.0,6c663a7b,1.029
1456321321.0,9efb9e6b,0.949
1456321321.0,660b3922,1.029
1456321321.0,3365e596,0.999
1456321321.0,568d33c2,1.009
1456321321.0,f2924e85,0.949
1456321321.0,8dc0342e,0.959
1456321321.0,a03824da,0.959
1456321321.0,4b2b710a,0.979
1456321321.0,fa0db63e,0.979
1456321321.0,b4a05b7f,0.979
1456321321.0,e83ab5b0,0.999
1456321321.0,ce43b17e,0.979
1456321321.0,9264eade,0.999
1456321321.0,54e207d2,0.999
1456321321.0,8a4440a7,0.969
1456321321.0,49119bd2,0.939
1456321321.0,c7f22027,0.989
1456321321.0,f82bf8c5,0.919
1456321321.0,31af8a72,0.929
1456321321.0,cb987f86,0.999
1456321321.0,01668234,0.939
1456321321.0,788d83d5,0.989
1456321321.0,a5d5884d,0.939
1456321321.0,0950d2ac,0.999
1456321321.0,a70de662,0.999
1456321321.0,c35029f0,0.999
1456321321.0,c269e5db,0.969
1456321321.0,63a9da40,0.959
1456321321.0,04aefaad,0.989
1456321321.0,07f1bf63,0.939
1456321321.0,b6972fc0,0.929
1456321321.0,f3860d8d,1.009
1456321321.0,53668235,0.959
1456321321.0,9ac881d5,0.939
1456321321.0,ca39cb77,0.989
1456321321.0,d99f8c72,0.979
1456321321.0,2bec2986,0.949
1456321321.0,0f7cd5d5,0.939
1456321321.0,6b13020d,0.959
1456321321.0,02b1651b,0.969
1456321321.0,073f77fc,0.949
1456321321.0,a9ec9678,0.949
1456321321.0,08654386,0.959
1456321321.0,cada2616,0.949
1456321321.0,66ff2f80,0.979
1456321321.0,bae5af8d,0.949
1456321321.0,e4d02e08,0.949
1456321321.0,3bfc6e44,0.989
1456321321.0,60983be1,0.969
1456321321.0,22ac7d75,0.949
1456321321.0,3f48f52e,0.949
1456321321.0,939b3a38,0.909
1456321321.0,3c76ded2,0.929
1456321321.0,,1.029
1456321321.0,2bb40266,0.969
1456321321.0,83981d2d,1.009
1456321321.0,0110af37,0.979
1456321321.0,d01ea35a,0.959
1456321321.0,8a7526b9,0.949
1456321321.0,2335fb5f,0.959
1456321321.0,271bd07b,0.929
1456321321.0,7142929d,0.969
1456321321.0,,0.969
1456321321.0,9220c62a,0.969
1456321321.0,8d86cbc4,0.949
1456321321.0,237e0152,0.959
1456321321.0,5c451464,0.959
1456321321.0,c1f19463,0.989
1456321321.0,042a624d,0.929
1456321321.0,435e7b69,0.949
1456321321.0,e1cf4b4c,0.999
1456321321.0,7797b09b,0.949
1456321321.0,1f6c44dc,0.979
1456321321.0,91db14ed,0.939
1456321321.0,d6c505e9,0.969
1456321321.0,4c67dc1a,0.949
1456321321.0,8f697f0a,0.949
1456321321.0,982daa57,0.959
1456321321.0,d8bbe2c4,0.959
1456321321.0,7de31d71,0.969
1456321321.0,75e0a1f1,0.959
1456321321.0,7059e623,0.929
1456321321.0,8577f793,0.929
1456321321.0,91fe985a,0.929
1456321321.0,f4400a4f,0.939
1456321321.0,cd7095cd,0.969
1456321321.0,,0.959
1456321321.0,b68ce153,0.969
1456321321.0,5eb29de6,0.939
1456321321.0,7475385b,0.969
1456321321.0,4eaad293,0.959
1456321321.0,07908b66,0.969
1456321321.0,76186cf8,0.969
1456321321.0,9975506f,0.989
1456321321.0,e1920309,0.959
1456321321.0,63f74b4d,0.949
1456321321.0,99180475,0.979
1456321321.0,049b2af8,0.979
1456321321.0,e0e8a55b,1.019
1456321321.0,82b0380b,0.979
1456321321.0,0a9446f2,0.929
1456321321.0,5f1e3ccf,0.969
1456321321.0,,0.949
1456321321.0,7867dbe8,1.029
1456321321.0,57c3de2f,0.939
1456321321.0,0664aa97,0.979
1456321321.0,4fe4aa3c,0.949
1456321321.0,69055d76,0.949
1456321321.0,5d2ae7b8,0.949
1456321321.0,6bbd3dc3,0.969
1456321321.0,5e128548,0.969
1456321321.0,46c0cc5b,0.939
1456321321.0,f0fd118b,0.969
1456321321.0,6754752f,0.999
1456321321.0,cf3aa97f,0.989
1456321321.0,5fab2045,0.999
1456321321.0,7a952315,0.959
1456321321.0,,0.949
1456321561.0,73142f8b,0.999
1456321561.0,6617dc3f,0.989
1456321561.0,ef0301c2,0.969
1456321561.0,f9799e28,0.959
1456321561.0,10e3f6cf,0.929
1456321561.0,ecf3763b,0.929
1456321561.0,9d116358,0.949
1456321561.0,8eb59fab,0.989
1456321561.0,de4ca432,0.989
1456321561.0,7564a57b,0.929
1456321561.0,659b2e72,0.959
1456321561.0,21904c45,0.929
1456321561.0,afd3de60,0.929
1456321561.0,5da50d00,0.949
1456321561.0,ef2c1942,0.929
1456321561.0,4c338d03,0.949
1456321561.0,930a4c50,0.989
1456321561.0,a5ca89e4,0.949
1456321561.0,58d48103,0.979
1456321561.0,3a3a0afe,0.949
1456321561.0,a790f6d4,0.919
1456321561.0,f0e00fe9,0.919
1456321561.0,eedec9cc,0.919
1456321561.0,c17b17c8,0.949
1456321561.0,59e65cb9,0.939
1456321561.0,77b1b0cd,0.929
1456321561.0,271e2be1,0.979
1456321561.0,669db224,0.919
1456321561.0,6d7e72b2,0.989
1456321561.0,9f4127f4,1.009
1456321561.0,3ed1efe5,0.929
1456321561.0,ea571d68,0.929
1456321561.0,4ffe2958,0.969
1456321561.0,7787058a,1.009
1456321561.0,78e71612,0.999
1456321561.0,db49e9d2,0.969
1456321561.0,ff49d861,1.009
1456321561.0,fbbb030d,0.959
1456321561.0,2a7a2a42,0.999
1456321561.0,ceefde2a,0.939
1456321561.0,25f9d419,0.949
1456321561.0,20d94201,0.969
1456321561.0,16b53bbf,1.019
1456321561.0,5ef22064,0.969
1456321561.0,ee75d139,0.969
1456321561.0,ce2f1007,1.019
1456321561.0,2629c35e,1.009
1456321561.0,24e62803,0.949
1456321561.0,d09811d3,0.959
1456321561.0,f36ccecf,0.949
1456321561.0,d5a86b4b,1.069
1456321561.0,9b5b616a,0.999
1456321561.0,5d8a25e3,1.009
1456321561.0,45bd4b76,0.939
1456321561.0,eba73bce,0.959
1456321561.0,da5389d9,0.969
1456321561.0,5bf4abd4,0.959
1456321561.0,b9930116,0.969
1456321561.0,43b030ef,0.989
1456321561.0,12077d15,0.949
1456321561.0,6b162563,0.959
1456321561.0,9f8e2486,0.979
1456321561.0,,0.959
1456321561.0,b7b69890,0.989
1456321561.0,4a523aab,1.019
1456321561.0,0c39b458,0.939
1456321561.0,3fcb4cf6,0.939
1456321561.0,81e03bde,1.039
1456321561.0,dd62114c,0.999
1456321561.0,c6463fb6,0.949
1456321561.0,9c389a21,0.979
1456321561.0,603c4e8c,0.999
1456321561.0,f0d7ea8a,0.949
1456321561.0,a77ad37d,0.969
1456321561.0,fb81e05e,0.969
1456321561.0,e7b24018,0.929
1456321561.0,85a9ebeb,1.019
1456321561.0,592bb59f,0.939
1456321561.0,510c3f58,0.959
1456321561.0,7d4cb90b,0.979
1456321561.0,9f7d89ff,0.939
1456321561.0,85bcd8a9,0.959
1456321561.0,095187b4,0.999
1456321561.0,06594e01,0.959
1456321561.0,ce5f4f85,0.959
1456321561.0,73275cc4,0.969
1456321561.0,c22091a3,0.959
1456321561.0,763190d4,0.979
1456321561.0,b37f9c11,0.939
1456321561.0,ed56981f,0.999
1456321561.0,4397d974,0.989
1456321561.0,b82cdd94,1.029
1456321561.0,835f9ec0,0.979
1456321561.0,8f3d810d,0.999
1456321561.0,8c14cf23,0.979
1456321561.0,30ffa8c9,0.959
1456321561.0,f969dc08,0.949
1456321561.0,859fc025,0.969
1456321561.0,e6c42bec,0.979
1456321561.0,e9ddb2b9,0.959
1456321561.0,d5eb41ec,0.969
1456321561.0,39bde8e3,1.019
1456321561.0,53f9f79f,0.949
1456321561.0,23b3b2e9,0.959
1456321561.0,31e85a65,0.949
1456321561.0,e3667aa9,0.979
1456321561.0,b4222b9d,0.934
1456321561.0,fc8981fc,0.959
1456321561.0,d02c5bf4,0.939
1456321561.0,29551811,0.989
1456321561.0,ce204e86,0.959
1456321561.0,5056106a,0.949
1456321561.0,b484f1ea,0.959
1456321561.0,9b71f290,0.949
1456321561.0,67642b0d,0.959
1456321561.0,b69db0fc,1.019
1456321561.0,6306053f,0.959
1456321561.0,82fb994b,0.969
1456321561.0,8cec6d32,0.979
1456321561.0,ccd8aac4,0.949
1456321561.0,f64d1649,0.949
1456321561.0,e9edf509,0.969
1456321561.0,6cc392bc,1.049
1456321561.0,cbb111f4,0.999
1456321561.0,41f0bb18,0.959
1456321561.0,1cb7429a,0.959
1456321561.0,b916d3a8,0.929
1456321561.0,b6b05490,0.969
1456321561.0,102d2e04,1.009
1456321561.0,08ee2078,0.979
1456321561.0,8d87181e,0.959
1456321561.0,9b047271,0.999
1456321561.0,3c701ea8,0.949
1456321561.0,e823f51f,1.009
1456321561.0,9789b717,0.979
1456321561.0,34062783,0.939
1456321561.0,1105f74e,0.969
1456321561.0,c08e7742,0.939
1456321561.0,5aa86555,0.979
1456321561.0,53f24788,0.999
1456321561.0,1223090e,0.969
1456321561.0,bbe6dd3b,0.929
1456321561.0,1bfef5b8,0.949
1456321561.0,0c2ddab7,0.969
1456321561.0,1168538d,0.959
1456321561.0,f006b34b,0.959
1456321561.0,c76945cf,0.959
1456321561.0,cadf2d6d,0.949
1456321561.0,b54a85b1,0.939
1456321561.0,c5e5d152,0.979
1456321561.0,3f0d0273,0.989
1456321561.0,9b7becbc,0.999
1456321561.0,29bd5a9a,0.939
1456321561.0,e4436253,0.959
1456321561.0,ddefb778,1.019
1456321561.0,97c3c089,0.939
1456321561.0,9cd2e129,0.969
1456321561.0,c17f3537,0.959
1456321561.0,d80a7ccf,0.959
1456321561.0,fedb2736,0.969
1456321561.0,d5b8a8fd,0.919
1456321561.0,5773d9f5,0.949
1456321561.0,d9e01646,0.959
1456321561.0,fa6ffdb7,0.969
1456321561.0,81510092,0.979
1456321561.0,bb41a6c9,0.949
1456321561.0,cff9e937,0.959
1456321561.0,b0be9751,0.899
1456321561.0,7c4e6cc9,0.939
1456321561.0,07656553,0.969
1456321561.0,7001785d,0.949
1456321561.0,b1cca41e,0.939
1456321561.0,703564df,0.929
1456321561.0,fa3c7cd8,0.959
1456321561.0,65d912cc,0.949
1456321561.0,8a1713b6,1.019
1456321561.0,e65042ca,0.939
1456321561.0,4f434ea1,0.939
1456321561.0,082564ba,0.939
1456321561.0,197e1542,0.929
1456321561.0,2d673aaf,0.949
1456321561.0,f19a2bc5,0.929
1456321561.0,61508d3c,0.909
1456321561.0,b6774f71,0.949
1456321561.0,44adf9c1,0.919
1456321561.0,051dd907,0.999
1456321561.0,b2b56b82,0.989
1456321561.0,3696709e,0.949
1456321561.0,3f96a850,0.929
1456321561.0,ad2972b3,0.949
1456321561.0,be84ceff,0.969
1456321561.0,916b15ba,0.929
1456321561.0,4ef36239,0.969
1456321561.0,7d24179d,0.989
1456321561.0,5001b72b,0.949
1456321561.0,b9b3f0de,0.989
1456321561.0,6304ec3a,0.959
1456321561.0,7f44346f,0.929
1456321561.0,89a0ee54,0.949
1456321561.0,d9adfaac,0.929
1456321561.0,35c5c2f1,0.939
1456321561.0,6499badf,1.039
1456321561.0,1ea7ac66,0.979
1456321561.0,d8823f4b,0.949
1456321561.0,77c7b043,0.969
1456321561.0,bc81a8ae,0.959
1456321561.0,5f32b37f,0.969
1456321561.0,c8ce828b,0.969
1456321561.0,26e6f2fe,0.989
1456321561.0,4f3f8f5e,0.969
1456321561.0,e0bab6c8,0.919
1456321561.0,27d37db7,0.959
1456321561.0,5486cb1a,0.979
1456321561.0,c2400430,0.959
1456321561.0,80340164,0.979
1456321561.0,3563be5a,0.939
1456321561.0,aa700ca2,0.929
1456321561.0,30007963,0.909
1456321561.0,563059fb,0.969
1456321561.0,f6e29329,0.959
1456321561.0,769a446c,0.989
1456321561.0,cdf74228,0.949
1456321561.0,2864a863,0.949
1456321561.0,ebef875b,0.969
1456321561.0,fb417046,0.989
1456321561.0,94862ec3,1.029
1456321561.0,9279854d,0.959
1456321561.0,b1ca0ed3,0.969
1456321561.0,c8bea281,0.939
1456321561.0,e5e2ac35,1.009
1456321561.0,4287c54a,0.999
1456321561.0,8c77ed6c,0.969
1456321561.0,1e7c15e2,0.939
1456321561.0,1b7b3aab,0.949
1456321561.0,8309ecb0,0.979
1456321561.0,bbc65417,0.979
1456321561.0,4f44e38b,0.959
1456321561.0,048e9166,0.949
1456321561.0,fbcad1cd,0.929
1456321561.0,5288c0b4,0.969
1456321561.0,7ac12ae4,0.929
1456321561.0,2f32ed4f,0.979
1456321561.0,cd36fb24,0.959
1456321561.0,066bd102,0.969
1456321561.0,e9a10aef,0.959
1456321561.0,b546c000,0.949
1456321561.0,094c7293,0.999
1456321561.0,a2d171ec,0.969
1456321561.0,54255515,0.989
1456321561.0,0eba39cf,0.989
1456321561.0,44bf3174,0.929
1456321561.0,b2baa0fb,0.939
1456321561.0,54c2232b,1.029
1456321561.0,70e22a28,0.969
1456321561.0,14e03a1d,0.999
1456321561.0,d9b229c5,0.969
1456321561.0,1a497a4b,1.009
1456321561.0,bf6500cb,0.979
1456321561.0,9705cfe5,0.969
1456321561.0,c1bc16cb,0.989
1456321561.0,d4310eb6,0.929
1456321561.0,46da1895,0.949
1456321561.0,0535a64d,0.969
1456321561.0,72c22a1e,0.989
1456321561.0,d87d8186,0.949
1456321561.0,bba7ec32,0.939
1456321561.0,266713de,0.929
1456321561.0,ef5fb7f7,0.989
1456321561.0,aecb2a58,0.969
1456321561.0,4d541f34,0.979
1456321561.0,49a6b4d3,0.959
1456321561.0,2ed18a58,0.949
1456321561.0,d63aac19,0.969
1456321561.0,e63c7432,0.969
1456321561.0,8b783ddd,0.949
1456321561.0,5fb9dfa5,0.979
1456321561.0,69b3e99c,0.959
1456321561.0,75b73329,1.009
1456321561.0,d85e66c0,0.959
1456321561.0,4a513f03,0.989
1456321561.0,7fb54fbf,0.959
1456321561.0,7776be9f,0.919
1456321561.0,b3457bb4,1.019
1456321561.0,50a1f055,0.969
1456321561.0,98a7af6d,0.949
1456321561.0,9c708662,0.949
1456321561.0,1f215746,0.979
1456321561.0,49c3be27,0.939
1456321561.0,4bdede16,0.959
1456321561.0,200f98db,0.989
1456321561.0,63763e17,0.959
1456321561.0,a472716e,1.009
1456321561.0,c9a50b4f,0.919
1456321561.0,a10d5095,0.949
1456321561.0,5e6a8982,1.039
1456321561.0,3f896bf8,0.929
1456321561.0,d0445c11,0.969
1456321561.0,2d5c56d1,0.949
1456321561.0,9136fc55,0.969
1456321561.0,10c41b90,0.989
1456321561.0,19b72b96,0.969
1456321561.0,de5f4ef7,0.989
1456321561.0,5cf89d62,0.969
1456321561.0,9f816ba2,0.969
1456321561.0,,0.929
1456321561.0,4dcce79a,0.939
1456321561.0,195fb3bd,0.949
1456321561.0,6cf3fd28,0.949
1456321561.0,286eacff,0.999
1456321561.0,0616421e,0.949
1456321561.0,4c5615f5,0.929
1456321561.0,6a1fadd6,0.939
1456321561.0,9d74578a,0.969
1456321561.0,d0b3d48c,0.949
1456321561.0,d88c2313,0.979
1456321561.0,e5e2bf67,0.949
1456321561.0,95ab5a1d,0.949
1456321561.0,4960decd,0.959
1456321561.0,830e3a6b,0.949
1456321561.0,74004306,0.939
1456321561.0,5b35d3e9,0.919
1456321561.0,756b37e6,0.959
1456321561.0,68e0a118,0.949
1456321561.0,a8582781,0.989
1456321561.0,af83f8c0,0.949
1456321561.0,179ba00b,0.969
1456321561.0,5ff01128,0.939
1456321561.0,1e5cdac4,0.924
1456321561.0,fecd7c64,0.979
1456321561.0,e82185b8,0.979
1456321561.0,2092821a,0.939
1456321561.0,830faf16,0.949
1456321561.0,c2d485ca,0.949
1456321561.0,de0d13cd,0.969
1456321561.0,93f35a10,0.979
1456321561.0,5a8b0e02,0.959
1456321561.0,cc3a718f,0.969
1456321561.0,28af0625,0.969
1456321561.0,69cf448c,1.019
1456321561.0,53bde5da,0.969
1456321561.0,9ea3d2b6,0.959
1456321561.0,5cb012ef,0.969
1456321561.0,,0.989
1456321561.0,1858a39e,0.979
1456321561.0,c7804480,1.039
1456321561.0,fbddd358,0.969
1456321561.0,41af5e4b,0.979
1456321561.0,d00a147b,0.979
1456321561.0,47f0950d,0.929
1456321561.0,6fec83f8,0.959
1456321561.0,fbb2872c,0.939
1456321561.0,9ad11a57,0.989
1456321561.0,d606d463,0.979
1456321561.0,d9663827,0.979
1456321561.0,91d18db5,0.959
1456321561.0,f1832ad0,0.949
1456321561.0,17475683,0.959
1456321561.0,7124c657,0.969
1456321561.0,91636cd2,0.959
1456321561.0,a5ef49c6,0.989
1456321561.0,0c58647e,0.989
1456321561.0,fe2e5d6e,0.979
1456321561.0,46dba843,0.979
1456321561.0,db7cca98,0.939
1456321561.0,63111fa6,0.959
1456321561.0,,0.939
1456321561.0,990757d8,0.939
1456321561.0,3fdc528a,0.989
1456321561.0,9b1003bd,0.919
1456321561.0,49fa8372,0.959
1456321561.0,4c74fdcc,0.959
1456321561.0,a2db42f9,0.965
1456321561.0,a1dd080e,0.999
1456321561.0,668a9de0,0.959
1456321561.0,ffce6baf,0.949
1456321561.0,1b21d50b,0.929
1456321561.0,3344673e,0.959
1456321561.0,b2c4b0c2,0.969
1456321561.0,5b2c0b33,0.939
1456321561.0,b9bbf9ee,0.999
1456321561.0,a2d8eda4,0.989
1456321561.0,84944aec,0.959
1456321561.0,a971d6fb,0.949
1456321561.0,5580f197,0.999
1456321561.0,b54ce38d,0.959
1456321561.0,7ebce3f0,0.989
1456321561.0,6d18dcdf,0.969
1456321561.0,0eec9a7b,0.959
1456321561.0,6fc48997,0.939
1456321561.0,48676749,0.979
1456321561.0,2edd040a,0.999
1456321561.0,61e52b01,0.969
1456321561.0,7653cc6a,0.949
1456321561.0,e1eebe52,0.949
1456321561.0,de8bd970,0.939
1456321561.0,da4a42a1,1.039
1456321561.0,ab899df0,0.999
1456321561.0,8f6ac169,0.949
1456321561.0,0bffb72e,0.969
1456321561.0,5aa87776,0.979
1456321561.0,e8780170,0.979
1456321561.0,308408ca,0.949
1456321561.0,0a48df72,0.989
1456321561.0,1b5356f1,0.959
1456321561.0,e89c4d58,0.959
1456321561.0,c7a5dad9,0.979
1456321561.0,130615f8,0.989
1456321561.0,2dc3d215,0.989
1456321561.0,80b92918,0.908
1456321561.0,9264eade,0.969
1456321561.0,077aee0e,0.949
1456321561.0,57b36972,0.999
1456321561.0,4530e328,0.959
1456321561.0,cd9d922f,0.959
1456321561.0,1e7aac59,0.999
1456321561.0,12d17fec,0.949
1456321561.0,c793eda5,0.944
1456321561.0,06f357b3,0.949
1456321561.0,14da1401,0.979
1456321561.0,b45fce81,0.939
1456321561.0,e2fdcbf3,0.939
1456321561.0,aaba4ebc,0.969
1456321561.0,1c3b6ee2,0.939
1456321561.0,04b38cb5,0.939
1456321561.0,0764c8b7,0.979
1456321561.0,b8fe1af4,0.929
1456321561.0,e9b0b14e,0.999
1456321561.0,b205cecb,0.979
1456321561.0,ae505f44,0.969
1456321561.0,a514041e,1.019
1456321561.0,b893996a,0.949
1456321561.0,6e781ba8,0.949
1456321561.0,29a6303c,0.979
1456321561.0,a7eeba86,0.949
1456321561.0,2c882c96,0.969
1456321561.0,459be729,0.954
1456321561.0,379a6719,0.949
1456321561.0,26eb11ab,0.969
1456321561.0,3a0a2d0d,0.959
1456321561.0,16fbfac7,0.929
1456321561.0,6388b41c,0.939
1456321561.0,21ccc86d,0.959
1456321561.0,68f71b6d,0.989
1456321561.0,3fa49d91,1.029
1456321561.0,3429a55d,0.979
1456321561.0,6842cc4a,0.929
1456321561.0,91211c7b,0.939
1456321561.0,d371719e,0.979
1456321561.0,efb9b2b5,0.939
1456321561.0,b93a61f3,0.929
1456321561.0,9758fc2a,0.999
1456321561.0,e0e02d9a,0.919
1456321561.0,c973ec97,0.979
1456321561.0,dfa90483,0.949
1456321561.0,efc5b46c,0.939
1456321561.0,6e1a006b,0.949
1456321561.0,758e532b,0.939
1456321561.0,3b68a541,0.939
1456321561.0,2ee2a0a5,0.949
1456321561.0,810fc069,0.949
1456321561.0,740982ff,0.959
1456321561.0,89f88deb,0.969
1456321561.0,10811cd9,0.939
1456321561.0,0ee7204e,0.929
1456321561.0,8c9cc6bc,0.929
1456321561.0,c08ff843,0.939
1456321561.0,b215d388,0.959
1456321561.0,053f1320,0.949
1456321561.0,672ba0d9,0.979
1456321561.0,39278907,0.969
1456321561.0,b0c139bb,0.969
1456321561.0,41bdb6f9,0.918
1456321561.0,07d4d93c,0.959
1456321561.0,29b468e1,0.969
1456321561.0,c97471de,0.959
1456321561.0,c97f1f02,0.939
1456321561.0,8401f134,0.999
1456321561.0,15b221c0,0.929
1456321561.0,a39811f3,0.979
1456321561.0,7bfc5ac0,0.919
1456321561.0,a60237e8,0.999
1456321561.0,46d1ac1a,0.959
1456321561.0,20931f17,1.009
1456321561.0,fcb3f0ac,0.969
1456321561.0,df1ba7d7,0.929
1456321561.0,46379d52,0.929
1456321561.0,2c831a38,0.949
1456321561.0,0cc05186,0.949
1456321561.0,a4a288ce,0.959
1456321561.0,12812efd,0.929
1456321561.0,10753208,0.989
1456321561.0,dbb6df9e,1.009
1456321561.0,b8b66437,0.959
1456321561.0,b093e5e6,0.969
1456321561.0,1a48cf2f,0.979
1456321561.0,6db0e332,0.949
1456321561.0,ef38b8ce,0.959
1456321561.0,6c200339,0.969
1456321561.0,794d6351,0.959
1456321561.0,5dd52cfc,0.969
1456321561.0,aaadef5f,0.999
1456321561.0,488fcdf2,0.959
1456321561.0,5270f932,1.029
1456321561.0,2f5be2f4,1.029
1456321561.0,5c4d093f,0.969
1456321561.0,cef089b3,0.959
1456321561.0,ec2a5548,0.949
1456321561.0,5cbc21f8,0.969
1456321561.0,30bed2b3,0.969
1456321561.0,dae6ec80,0.969
1456321561.0,85db4cd5,1.009
1456321561.0,aae7bd53,0.959
1456321561.0,2ab8cee3,0.959
1456321561.0,8fe7f10d,0.939
1456321561.0,218fd480,0.969
1456321561.0,cf3aa97f,0.949
1456321561.0,14efadf9,0.969
1456321561.0,ded8bee6,0.949
1456321561.0,f7a225a7,0.979
1456321561.0,60b56507,0.969
1456321561.0,bd50e8e2,0.939
1456321561.0,b299d8d7,0.949
1456321801.0,6c5a28c6,0.949
1456321801.0,f3834b4f,0.949
1456321801.0,bf66734b,0.989
1456321801.0,09975f4d,0.989
1456321801.0,f59ac186,0.979
1456321801.0,7632d7b7,0.949
1456321801.0,88693ceb,0.959
1456321801.0,dc4873f6,0.989
1456321801.0,29076544,0.929
1456321801.0,722c316b,0.919
1456321801.0,53bdc202,0.949
1456321801.0,d355e704,0.919
1456321801.0,b26d8334,0.909
1456321801.0,86700cdc,0.949
1456321801.0,a49ea2ee,0.949
1456321801.0,4818c908,0.939
1456321801.0,b6867cd0,0.919
1456321801.0,9fa10842,0.919
1456321801.0,b51f0a61,0.949
1456321801.0,39213e3c,0.929
1456321801.0,1b611c60,0.949
1456321801.0,ce58aeb7,0.949
1456321801.0,7bbf0d9c,0.929
1456321801.0,4b841e5b,0.909
1456321801.0,7468efc0,0.939
1456321801.0,a278d48e,0.949
1456321801.0,21b793b4,0.929
1456321801.0,22ec99c7,0.929
1456321801.0,0accabdc,0.919
1456321801.0,f2925995,0.919
1456321801.0,427c61e9,0.949
1456321801.0,5b75cc8d,0.939
1456321801.0,19284bc1,0.959
1456321801.0,dd460aef,0.969
1456321801.0,e399a8ea,0.949
1456321801.0,c6af1c49,0.949
1456321801.0,4a262cc4,0.949
1456321801.0,464f5c00,0.969
1456321801.0,2ddaec8d,0.929
1456321801.0,c143cd5a,0.919
1456321801.0,410d799f,0.979
1456321801.0,c5627012,0.999
1456321801.0,0d053eb3,0.969
1456321801.0,,0.969
1456321801.0,c5b39c57,0.949
1456321801.0,a23b6ab7,0.999
1456321801.0,4281b5d2,0.939
1456321801.0,65cb0157,0.959
1456321801.0,61638e00,0.979
1456321801.0,abcdcbad,0.969
1456321801.0,a9083629,0.949
1456321801.0,d3fff19d,0.919
1456321801.0,ff574b02,0.969
1456321801.0,b5464430,0.949
1456321801.0,4f0a94f9,0.939
1456321801.0,332127f3,0.939
1456321801.0,edcf5ae9,0.989
1456321801.0,17e38b8d,0.949
1456321801.0,3693b2a0,1.039
1456321801.0,be6a8603,0.979
1456321801.0,2dc33c12,0.949
1456321801.0,57842eba,0.939
1456321801.0,7a80054c,0.979
1456321801.0,2a3fa9e1,0.939
1456321801.0,ba9bb9e7,1.009
1456321801.0,8d4cbfeb,0.989
1456321801.0,98cb49b1,0.979
1456321801.0,eaadc508,0.979
1456321801.0,2a7b6c27,0.944
1456321801.0,485c7940,0.959
1456321801.0,02f5834c,0.969
1456321801.0,884a1646,0.939
1456321801.0,a47c6f9f,0.929
1456321801.0,1f6a05c5,0.969
1456321801.0,09638887,0.969
1456321801.0,829bd977,0.959
1456321801.0,d00ee189,0.959
1456321801.0,0f4a41fc,0.919
1456321801.0,0abfa69b,0.929
1456321801.0,222b778e,0.939
1456321801.0,6c406288,0.969
1456321801.0,1beae976,0.989
1456321801.0,9cad2f94,0.989
1456321801.0,13266d18,0.939
1456321801.0,d60a08fc,0.999
1456321801.0,365236e8,1.029
1456321801.0,9917cb8f,0.979
1456321801.0,e43cd622,0.999
1456321801.0,7e846ee6,1.009
1456321801.0,b7502504,0.949
1456321801.0,3d3db611,0.969
1456321801.0,85a9ebeb,1.019
1456321801.0,5b7092cb,0.979
1456321801.0,d338b0f2,1.019
1456321801.0,42d76a3c,0.969
1456321801.0,9795d6a5,0.939
1456321801.0,5fbe505b,0.949
1456321801.0,973edd3d,0.949
1456321801.0,97ba0d32,0.959
1456321801.0,447dba6a,0.969
1456321801.0,9969f9df,0.959
1456321801.0,ed56981f,0.989
1456321801.0,8d3bf964,0.979
1456321801.0,428929ab,0.959
1456321801.0,ea2d6eca,0.999
1456321801.0,062cca99,0.949
1456321801.0,113d0a42,0.999
1456321801.0,ef0ae2f2,0.929
1456321801.0,7ac5212c,0.969
1456321801.0,955ed41d,0.944
1456321801.0,3a244657,0.959
1456321801.0,0c091e76,0.959
1456321801.0,12d8b2e2,0.959
1456321801.0,980d97ef,0.959
1456321801.0,45752743,0.999
1456321801.0,92a71bb7,0.989
1456321801.0,533ac141,0.959
1456321801.0,da976c9d,0.979
1456321801.0,f74600d5,0.969
1456321801.0,,0.969
1456321801.0,8f3896e1,0.969
1456321801.0,be2d5691,0.969
1456321801.0,b4c00a25,0.979
1456321801.0,7244640d,0.929
1456321801.0,3564f546,0.999
1456321801.0,be95bdc3,0.969
1456321801.0,8358c467,0.939
1456321801.0,345d3b8a,0.999
1456321801.0,28f0e708,0.959
1456321801.0,0998aab1,0.949
1456321801.0,0567b4b5,0.979
1456321801.0,43973ab1,0.929
1456321801.0,09be7dd3,0.969
1456321801.0,48a40a0d,0.979
1456321801.0,7cd5a3ab,0.939
1456321801.0,f5ddff39,0.949
1456321801.0,f5c869d0,0.959
1456321801.0,04ba07e6,0.959
1456321801.0,1cd02c26,0.969
1456321801.0,ef6ce8ef,0.939
1456321801.0,7ada6968,0.939
1456321801.0,9602e1b1,0.949
1456321801.0,98cd55ee,0.949
1456321801.0,e1f35c29,0.939
1456321801.0,eeb36e25,0.959
1456321801.0,7581214d,0.959
1456321801.0,c92339a1,0.969
1456321801.0,f2ac2fd2,0.939
1456321801.0,98f1e355,0.979
1456321801.0,57bad7ea,0.939
1456321801.0,2c835e88,0.979
1456321801.0,36a033f9,0.949
1456321801.0,403c6797,0.959
1456321801.0,b9331765,1.009
1456321801.0,acc17656,0.939
1456321801.0,6881e83e,0.999
1456321801.0,c0aa824a,0.979
1456321801.0,b0a3504b,0.969
1456321801.0,0aececa4,0.959
1456321801.0,f46401d5,0.929
1456321801.0,fdef9afa,0.989
1456321801.0,085661ca,0.979
1456321801.0,592c2c00,0.929
1456321801.0,cead4e62,0.979
1456321801.0,0657e6a3,0.969
1456321801.0,d7cf6845,0.939
1456321801.0,a02bf729,0.969
1456321801.0,b6b05490,0.949
1456321801.0,22d16d09,0.949
1456321801.0,c637f136,0.979
1456321801.0,4f2880a9,0.969
1456321801.0,a1a458cd,0.979
1456321801.0,6b7777cb,0.929
1456321801.0,c2301b5a,0.969
1456321801.0,2b0edf3c,0.999
1456321801.0,d224cc8c,0.979
1456321801.0,a3e98f9b,0.939
1456321801.0,7bf1b975,0.989
1456321801.0,0c2b92ac,0.999
1456321801.0,aca2d2bc,0.949
1456321801.0,f72df52e,0.979
1456321801.0,628e1099,1.009
1456321801.0,75d484dc,0.919
1456321801.0,1d0693d6,0.999
1456321801.0,bc7c0216,0.979
1456321801.0,3b3dda8f,0.959
1456321801.0,6e907110,0.949
1456321801.0,df264ce2,0.999
1456321801.0,3b561556,0.959
1456321801.0,5bec6b46,0.959
1456321801.0,871acdd2,0.969
1456321801.0,4c76dbcf,0.999
1456321801.0,438b0f85,0.949
1456321801.0,83cc51b1,0.969
1456321801.0,7e67d294,0.949
1456321801.0,de28ebc0,0.979
1456321801.0,c5aaafc3,0.949
1456321801.0,61da3eca,0.929
1456321801.0,32bf0348,0.949
1456321801.0,5fcd0f7a,0.979
1456321801.0,18b20a61,0.999
1456321801.0,fe1c0582,0.969
1456321801.0,9f4969b7,0.999
1456321801.0,6567da70,0.929
1456321801.0,9aa047ac,0.999
1456321801.0,7cb1bbc0,0.989
1456321801.0,4d6144cb,1.029
1456321801.0,c8c80a71,0.929
1456321801.0,ddefb778,1.019
1456321801.0,235c0c8c,0.999
1456321801.0,ef811cbc,0.999
1456321801.0,055e54a6,1.009
1456321801.0,a3b2ea52,0.939
1456321801.0,3271e76a,1.019
1456321801.0,6ebcf0bd,0.939
1456321801.0,86466323,0.939
1456321801.0,bd5a8e8c,0.959
1456321801.0,a65b0645,0.939
1456321801.0,87d167da,0.979
1456321801.0,,0.939
1456321801.0,283d3a46,0.944
1456321801.0,62e5651b,0.949
1456321801.0,8a3c1b82,0.939
1456321801.0,c7df902b,0.949
1456321801.0,f723b50e,0.949
1456321801.0,55167147,0.949
1456321801.0,42863645,0.999
1456321801.0,dee66d10,0.949
1456321801.0,c89b1391,0.979
1456321801.0,5aa76680,0.939
1456321801.0,6f2ba4ed,0.979
1456321801.0,7674ea9d,0.939
1456321801.0,2c716111,0.949
1456321801.0,2cd4012d,0.949
1456321801.0,557f7d87,0.929
1456321801.0,867677f2,0.949
1456321801.0,68492368,0.949
1456321801.0,19e65444,0.939
1456321801.0,c95d532b,0.989
1456321801.0,6cc0c30a,0.939
1456321801.0,67ffc54d,0.949
1456321801.0,67c6aa2e,0.919
1456321801.0,53410888,0.929
1456321801.0,15200152,0.919
1456321801.0,29552de4,0.979
1456321801.0,cc9fe40d,0.979
1456321801.0,493b6369,0.899
1456321801.0,45b03d62,0.949
1456321801.0,f05c17a0,0.909
1456321801.0,66ef9bdc,0.949
1456321801.0,1d736429,0.929
1456321801.0,b1628a80,0.929
1456321801.0,5cec73e9,0.929
1456321801.0,3bb367b0,0.949
1456321801.0,a3ff8022,0.949
1456321801.0,cc3dc9ec,0.939
1456321801.0,de0b1b58,0.949
1456321801.0,119cb795,0.919
1456321801.0,de66ae92,0.939
1456321801.0,e48ca6d1,0.989
1456321801.0,a7f61984,0.939
1456321801.0,45e18000,0.959
1456321801.0,cef28ece,0.939
1456321801.0,31d7c8d8,0.969
1456321801.0,11b725ec,0.939
1456321801.0,72a57388,0.909
1456321801.0,3d592311,0.949
1456321801.0,11b2e08c,0.899
1456321801.0,e792e7d9,0.909
1456321801.0,fec5bce2,0.949
1456321801.0,8caf6dad,0.959
1456321801.0,10e899a5,0.929
1456321801.0,4a6264de,0.959
1456321801.0,258c7298,0.949
1456321801.0,9a95dc46,0.929
1456321801.0,f7b92fac,0.909
1456321801.0,bd03317d,0.929
1456321801.0,c7095984,0.949
1456321801.0,1da77d0b,0.989
1456321801.0,fac7adae,0.949
1456321801.0,7ccb6541,0.939
1456321801.0,aa86d47e,0.989
1456321801.0,eecbf37e,0.959
1456321801.0,81fb03d2,0.929
1456321801.0,e0808ce1,0.959
1456321801.0,d27a3901,0.969
1456321801.0,6e3aab0e,0.979
1456321801.0,cd0b941e,0.929
1456321801.0,bb827240,0.949
1456321801.0,2ede932c,0.969
1456321801.0,7250f4a7,0.919
1456321801.0,5bf247b1,0.959
1456321801.0,d6fc46e5,0.949
1456321801.0,0f283ef6,0.929
1456321801.0,54c3da9c,0.909
1456321801.0,abf096af,0.919
1456321801.0,2ab02348,0.909
1456321801.0,9733a9c0,0.949
1456321801.0,6933007f,0.969
1456321801.0,6eb8cb33,0.949
1456321801.0,f3b3c473,0.969
1456321801.0,253ddd10,0.939
1456321801.0,fcd1aad6,0.949
1456321801.0,c1342b0e,0.949
1456321801.0,2207feed,0.929
1456321801.0,,0.939
1456321801.0,9c7e6b4f,0.929
1456321801.0,d78b438e,0.939
1456321801.0,e96c8f9b,0.949
1456321801.0,ddc99e87,0.959
1456321801.0,101c8b80,0.939
1456321801.0,2ddad231,0.999
1456321801.0,5970db62,0.939
1456321801.0,8ee67957,0.929
1456321801.0,24523b3b,0.989
1456321801.0,a099cd62,0.989
1456321801.0,05de04c2,0.939
1456321801.0,92ea5ddf,0.939
1456321801.0,96a5f54a,0.949
1456321801.0,8dbc9e66,0.949
1456321801.0,3275ca99,0.969
1456321801.0,acc75705,0.959
1456321801.0,67fb32f7,0.989
1456321801.0,6934dd1a,0.959
1456321801.0,cf429d6f,0.939
1456321801.0,cb40cd62,0.929
1456321801.0,229d2673,0.949
1456321801.0,03a8f542,0.979
1456321801.0,476699aa,0.909
1456321801.0,5d362644,0.949
1456321801.0,c9f023c6,0.909
1456321801.0,18e554be,0.959
1456321801.0,658cce02,0.939
1456321801.0,44454521,0.919
1456321801.0,03b45f42,0.979
1456321801.0,c7a00e1c,0.949
1456321801.0,f7ad88b8,0.919
1456321801.0,da28f05d,0.919
1456321801.0,305d8693,0.929
1456321801.0,b067bcf6,0.949
1456321801.0,25e78288,0.939
1456321801.0,5b60b9f6,0.959
1456321801.0,96ad35a6,0.929
1456321801.0,eb0ad874,0.909
1456321801.0,f67b6a8f,0.949
1456321801.0,c19378b9,0.939
1456321801.0,b61b4b10,0.929
1456321801.0,32fc4e8c,0.929
1456321801.0,dbc1bba3,0.929
1456321801.0,0c83befd,0.959
1456321801.0,2bc0bc0e,0.959
1456321801.0,2917c697,0.949
1456321801.0,9ecc2084,0.969
1456321801.0,1e16b905,0.949
1456321801.0,56c42334,0.929
1456321801.0,2c1a8318,0.959
1456321801.0,a9ac5dea,0.949
1456321801.0,6a9ba9c7,0.939
1456321801.0,ad0d24dc,0.929
1456321801.0,acd894be,0.899
1456321801.0,8a338e32,0.939
1456321801.0,801ccbc6,0.989
1456321801.0,f26bfef4,0.959
1456321801.0,45162ff3,0.959
1456321801.0,e4070c0e,0.939
1456321801.0,85f12dca,0.929
1456321801.0,ffb71aa8,0.929
1456321801.0,1dc8cdb7,0.919
1456321801.0,9e283f94,0.949
1456321801.0,0b790115,0.949
1456321801.0,94a8272b,0.969
1456321801.0,413f1831,0.979
1456321801.0,258838b1,0.919
1456321801.0,73d508f6,0.929
1456321801.0,f435573a,0.979
1456321801.0,0c514e6f,0.969
1456321801.0,21a92259,0.929
1456321801.0,91f0a0fd,0.939
1456321801.0,0538e9ee,0.949
1456321801.0,fe45add5,0.979
1456321801.0,25e13742,0.949
1456321801.0,d22fa3c4,0.919
1456321801.0,4d655bc9,0.939
1456321801.0,f47b98eb,0.969
1456321801.0,b511f34b,0.969
1456321801.0,fabaa853,0.959
1456321801.0,48b70727,0.969
1456321801.0,727a279d,0.979
1456321801.0,2efa85d4,0.949
1456321801.0,70276361,0.919
1456321801.0,2e518aaf,0.939
1456321801.0,89255a1b,0.979
1456321801.0,56277da5,0.959
1456321801.0,d4024d48,0.979
1456321801.0,4e56b21e,0.939
1456321801.0,32cdea2d,0.989
1456321801.0,57881875,0.969
1456321801.0,6f8f49f1,0.959
1456321801.0,9a4aa177,0.979
1456321801.0,0aed8034,0.979
1456321801.0,32569e43,0.944
1456321801.0,7e1ad2f6,0.939
1456321801.0,3050301a,0.969
1456321801.0,a3c5ca6f,0.979
1456321801.0,5e9aaf1c,1.009
1456321801.0,d9077691,0.939
1456321801.0,f625efde,1.019
1456321801.0,0b2dae68,0.939
1456321801.0,755c641f,0.959
1456321801.0,59182828,0.969
1456321801.0,c92bf6e3,0.939
1456321801.0,1c239584,0.959
1456321801.0,8cdff641,0.939
1456321801.0,625f6c86,0.969
1456321801.0,48d21f5a,0.959
1456321801.0,430cbb77,0.999
1456321801.0,4f3ac261,0.999
1456321801.0,2b8a1d9c,0.979
1456321801.0,3b31f64c,0.929
1456321801.0,f98eae96,0.949
1456321801.0,6af75028,1.039
1456321801.0,9eb1be1f,0.969
1456321801.0,7993d053,0.959
1456321801.0,0088407b,1.039
1456321801.0,db26ca9c,0.989
1456321801.0,14d744d4,0.949
1456321801.0,662b7063,0.939
1456321801.0,85edb580,0.979
1456321801.0,7c6725e1,0.979
1456321801.0,91e45e6a,0.949
1456321801.0,bda6612d,0.969
1456321801.0,592ba5ff,0.959
1456321801.0,cd5c4fc2,0.969
1456321801.0,99148d2d,0.969
1456321801.0,f8874753,0.969
1456321801.0,ace2e1f9,0.969
1456321801.0,2229a37a,0.939
1456321801.0,1cbb92e5,0.949
1456321801.0,0bd89a27,0.999
1456321801.0,9c269747,0.939
1456321801.0,17bc7e07,0.939
1456321801.0,,0.979
1456321801.0,84e18861,0.959
1456321801.0,70a38521,0.949
1456321801.0,e147c97d,0.969
1456321801.0,3da2bd95,1.009
1456321801.0,8792c041,0.969
1456321801.0,6d10aa30,0.969
1456321801.0,f2a783d7,0.979
1456321801.0,b0dc334c,0.959
1456321801.0,28e3481f,0.989
1456321801.0,8de805ba,0.949
1456321801.0,2ee62167,0.989
1456321801.0,427f1026,0.939
1456321801.0,01f93c7c,1.009
1456321801.0,f04fe50a,0.979
1456321801.0,a709f6ca,0.959
1456321801.0,2cf05648,0.939
1456321801.0,,0.999
1456321801.0,d63e056b,0.949
1456321801.0,34226dec,0.959
1456321801.0,79eb6d1c,0.949
1456321801.0,4331b36c,0.969
1456321801.0,ee4163c1,0.929
1456321801.0,864faff4,0.939
1456321801.0,ded69fbb,0.969
1456321801.0,afc2b240,0.929
1456321801.0,9db8f5e1,0.929
1456321801.0,f76fac88,0.979
1456321801.0,088d1639,1.019
1456321801.0,f2523c62,1.029
1456321801.0,56db8c22,0.979
1456321801.0,ace72885,0.929
1456321801.0,51266623,0.969
1456321801.0,1df1aad3,0.954
1456321801.0,c1bc3b48,0.959
1456321801.0,26d674df,0.929
1456321801.0,465c84e0,0.909
1456321801.0,34df7d57,1.009
1456321801.0,6e1fafd5,0.959
1456321801.0,e181d5d0,0.939
1456321801.0,5e8d6563,0.939
1456321801.0,96c588c8,0.949
1456321801.0,78e9f79a,0.939
1456321801.0,356493b9,0.939
1456321801.0,5459c738,0.939
1456321801.0,86b4e823,0.949
1456321801.0,e0ff758f,0.949
1456321801.0,d18613bf,0.949
1456321801.0,3784c135,0.979
1456321801.0,dc06e82c,0.939
1456321801.0,5629e39c,0.999
1456321801.0,ab473015,0.979
1456321801.0,8e25d9aa,0.959
1456321801.0,08d73b70,0.979
1456321801.0,6ea74d6f,0.929
1456321801.0,27536df6,1.029
1456321801.0,086d076b,0.979
1456321801.0,5a5bd833,0.939
1456321801.0,86f2d661,0.999
1456321801.0,26ae107e,0.929
1456321801.0,aa7bb382,0.939
1456321801.0,2d5c56d1,0.939
1456321801.0,a4ab46ee,0.949
1456321801.0,e6fdbd0c,1.009
1456321801.0,eac2af55,0.959
1456321801.0,f00b592d,0.969
1456321801.0,b791cb2d,0.929
1456321801.0,ff19a228,0.979
1456321801.0,d54da67a,0.939
1456321801.0,be9c118a,0.949
1456321801.0,1a3b21e0,0.979
1456321801.0,6c0bfd68,0.989
1456321801.0,bf861b98,0.959
1456321801.0,d3faff64,0.949
1456321801.0,1d513400,0.999
1456321801.0,f8947f1b,0.959
1456321801.0,3f09175f,0.979
1456321801.0,53e9b1ac,0.979
1456321801.0,baef0398,0.979
1456321801.0,e9fe3dfb,0.999
1456321801.0,a975f508,0.989
1456321801.0,3d12dc1e,0.959
1456321801.0,cdb901b1,0.959
1456321801.0,01859229,0.979
1456321801.0,04d2538c,0.959
1456321801.0,38ec146a,0.979
1456321801.0,990f2a08,0.999
1456321801.0,c0911b94,0.939
1456321801.0,f5a1aba3,1.149
1456321801.0,8fcd9062,0.939
1456321801.0,3487a048,0.979
1456321801.0,afc58f9d,0.979
1456321801.0,c36c0090,0.999
1456321801.0,444fc3ef,1.009
1456321801.0,01fb21d8,0.989
1456321801.0,41095c7b,0.939
1456321801.0,15807244,0.959
1456321801.0,468066ad,1.009
1456321801.0,460c213f,0.929
1456321801.0,31b11e9e,0.979
1456321801.0,7a03b89d,0.969
1456321801.0,d02509ed,0.979
1456321801.0,12389609,0.979
1456321801.0,476837aa,0.959
1456321801.0,8785401b,0.969
1456321801.0,0c3d5570,0.979
1456321801.0,135c7773,0.959
1456321801.0,2212e62a,0.949
1456321801.0,48aac8e9,0.969
1456321801.0,1ab8e201,0.929
1456321801.0,86622959,0.999
1456321801.0,fb1b5fff,0.929
1456321801.0,59e71e77,0.959
1456321801.0,e9d5d1a1,0.949
1456321801.0,204d8d56,0.939
1456321801.0,0bfb8ade,0.969
1456321801.0,c985912f,0.989
1456321801.0,2eeb1496,0.949
1456321801.0,be6ae742,0.959
1456321801.0,72ee9f2a,0.959
1456321801.0,1fa4f36e,0.949
1456321801.0,528fe9d2,0.999
1456321801.0,de257006,0.989
1456321801.0,95845353,0.929
1456321801.0,3fb149fc,0.959
1456321801.0,37350fbc,0.979
1456321801.0,3fc2e10c,0.929
1456321801.0,8d710f46,0.979
1456321801.0,b25c9e2a,0.949
1456321801.0,d73f85dd,0.959
1456321801.0,85fc0347,0.979
1456321801.0,f06e40a6,0.949
1456321801.0,ed5cd338,0.919
1456321801.0,882f175b,0.949
1456321801.0,6459c68c,0.969
1456321801.0,7a9eef7e,0.949
1456321801.0,a5ef49c6,0.979
1456321801.0,beaae59a,0.959
1456321801.0,b862e775,0.969
1456321801.0,90f06420,0.939
1456321801.0,74148a57,0.949
1456321801.0,4352ae26,0.939
1456321801.0,,0.999
1456321801.0,79a7959f,0.959
1456321801.0,2bdc4b63,0.979
1456321801.0,16ff16ba,0.939
1456321801.0,dc6e88b0,0.989
1456321801.0,c7028794,0.969
1456321801.0,881dfc32,0.939
1456321801.0,edc52f30,0.969
1456321801.0,0311c6ae,0.989
1456321801.0,26056533,0.959
1456321801.0,47c5f8f7,0.959
1456321801.0,3e8e99dc,0.969
1456321801.0,accab0f2,0.979
1456321801.0,74864c80,0.969
1456321801.0,409b2b7e,0.959
1456321801.0,649a77db,0.939
1456321801.0,b16a7660,0.959
1456321801.0,3ded8d7a,0.939
1456321801.0,65995c53,0.959
1456321801.0,8c2be7ba,1.149
1456321801.0,90cec242,0.949
1456321801.0,1bfa13b3,0.929
1456321801.0,1cc005a8,0.929
1456321801.0,ae7c12ce,0.944
1456321801.0,9499ceea,0.979
1456321801.0,16a73c7d,0.959
1456321801.0,1b21d50b,0.929
1456321801.0,834f6271,0.949
1456321801.0,6bd74eed,0.989
1456321801.0,e06480d6,0.919
1456321801.0,6770a660,0.969
1456321801.0,18641c7f,0.979
1456321801.0,e0c1778e,0.959
1456321801.0,62704b8a,0.969
1456321801.0,b26d9567,0.939
1456321801.0,210d7aa0,0.999
1456321801.0,dc7739ef,0.989
1456321801.0,0cef0607,0.959
1456321801.0,c706a4de,0.989
1456321801.0,9fdff1e2,0.999
1456321801.0,4ebc6df3,0.949
1456321801.0,eb9dfa86,0.959
1456321801.0,6338dd07,1.039
1456321801.0,26906f78,0.989
1456321801.0,0980ddb6,0.989
1456321801.0,e645d618,0.949
1456321801.0,af4316ed,0.959
1456321801.0,4e694e7a,0.969
1456321801.0,83f13659,1.039
1456321801.0,3f241a2c,0.979
1456321801.0,82e36ee5,0.969
1456321801.0,f3e6f0ea,0.969
1456321801.0,0ccf9d49,0.949
1456321801.0,b6c365a0,0.959
1456321801.0,b5ec285f,0.989
1456321801.0,aef0d8b9,0.999
1456321801.0,064f5bd1,0.959
1456321801.0,66a1358d,0.999
1456321801.0,4c59d12d,0.929
1456321801.0,f7f13c47,0.979
1456321801.0,2faaffd9,0.959
1456321801.0,2e24ce9f,0.929
1456321801.0,c0fe2d57,0.939
1456321801.0,d1ff19d3,0.979
1456321801.0,bf7f79ce,0.939
1456321801.0,de8bd970,0.939
1456321801.0,31be0909,0.949
1456321801.0,4158664a,0.959
1456321801.0,456d2310,0.929
1456321801.0,e657e4ae,0.989
1456321801.0,207db76e,0.999
1456321801.0,209e8416,0.969
1456321801.0,8a8346fc,0.939
1456321801.0,265c7e5d,0.949
1456321801.0,6b867ae3,0.929
1456321801.0,da670ade,0.929
1456321801.0,db2c1d84,0.979
1456321801.0,1717d8ca,0.949
1456321801.0,2a5e6e74,0.959
1456321801.0,98e26149,0.929
1456321801.0,a2c0fdb0,0.979
1456321801.0,0aedf476,0.969
1456321801.0,8714c0df,0.939
1456321801.0,edde0c0f,1.029
1456321801.0,7efa821a,0.959
1456321801.0,5ce80f96,1.019
1456321801.0,84fcbe9f,0.939
1456321801.0,81adfc57,0.959
1456321801.0,c54c18c9,0.969
1456321801.0,0f0331a5,0.939
1456321801.0,5d9df6f0,0.989
1456321801.0,0a0baf66,0.979
1456321801.0,ac394be0,0.939
1456321801.0,f0bce0a6,0.979
1456321801.0,69137adc,0.959
1456321801.0,6f9eb627,0.934
1456321801.0,823f1901,0.949
1456321801.0,ae8a27ee,1.019
1456321801.0,d1832039,0.969
1456321801.0,0967fa61,0.939
1456321801.0,9628820d,0.969
1456321801.0,d3730b6f,0.999
1456321801.0,83d3e011,0.939
1456321801.0,03ed2a59,0.959
1456321801.0,a8605009,0.959
1456321801.0,b6458958,0.939
1456321801.0,97c7cfca,0.949
1456321801.0,08e59639,0.949
1456321801.0,bcee3dc6,0.979
1456321801.0,268fc119,1.009
1456321801.0,4ea41fde,0.939
1456321801.0,07f1bf63,0.939
1456321801.0,e2c5c4f3,0.969
1456321801.0,4ab47d1a,0.949
1456321801.0,41f89d4b,0.949
1456321801.0,2385c761,0.949
1456321801.0,5de75327,0.959
1456321801.0,c0862a83,0.959
1456321801.0,5446812c,1.009
1456321801.0,0dd8ba4c,1.029
1456321801.0,0a224fb3,0.969
1456321801.0,41ca6c6a,1.019
1456321801.0,6c1e7a7a,1.019
1456321801.0,035ff990,0.949
1456321801.0,c5df532c,0.959
1456321801.0,0da2e486,0.959
1456321801.0,398b6ec7,0.999
1456321801.0,81c26764,0.949
1456321801.0,bae5af8d,0.939
1456321801.0,c43ed044,0.969
1456321801.0,b1020387,0.969
1456321801.0,a373cdfc,0.939
1456321801.0,bda7134d,0.919
1456321801.0,60983be1,0.949
1456321801.0,e0e02d9a,0.919
1456321801.0,6d6a4209,0.939
1456321801.0,107d750c,0.939
1456321801.0,a02da48f,0.959
1456321801.0,f29f6270,0.939
1456321801.0,670eaa88,0.969
1456321801.0,abd4db7e,0.919
1456321801.0,e567333d,0.939
1456321801.0,f91b7082,0.969
1456321801.0,2f34dd60,0.969
1456321801.0,8d30c99a,0.939
1456321801.0,5c64167f,0.929
1456321801.0,a13f8970,0.969
1456321801.0,bcfc04fa,0.929
1456321801.0,bba9fe67,0.929
1456321801.0,b72ae868,0.969
1456321801.0,c984e1be,0.939
1456321801.0,494f6481,0.929
1456321801.0,78f2b451,0.999
1456321801.0,44c15478,0.959
1456321801.0,c83af05f,0.949
1456321801.0,8a7526b9,0.939
1456321801.0,a53100f4,0.949
1456321801.0,d74906d1,1.019
1456321801.0,0d366466,0.929
1456321801.0,009194ff,0.999
1456321801.0,7b417f71,0.939
1456321801.0,ec29d73c,0.979
1456321801.0,7f6c2062,0.959
1456321801.0,baff6152,0.979
1456321801.0,48d0e555,0.969
1456321801.0,fe407811,0.929
1456321801.0,8c4f6021,0.959
1456321801.0,f0910caa,0.959
1456321801.0,e5d7defc,0.939
1456321801.0,6768f241,0.969
1456321801.0,13596539,0.969
1456321801.0,828ee9a9,0.959
1456321801.0,9cc2158c,0.979
1456321801.0,f88288ac,0.969
1456321801.0,4465e992,0.959
1456321801.0,46d1ac1a,0.959
1456321801.0,9d668c87,0.949
1456321801.0,ee131d1e,0.939
1456321801.0,11ab82be,0.949
1456321801.0,01a1e47b,0.989
1456321801.0,8ac12153,0.989
1456321801.0,5efe91dc,0.969
1456321801.0,d766ce97,0.939
1456321801.0,f2e88219,0.969
1456321801.0,a937e574,0.979
1456321801.0,974de11a,0.989
1456321801.0,1fb879cb,0.979
1456321801.0,495cdb73,0.969
1456321801.0,a388f36b,0.949
1456321801.0,3b5ee4d1,0.999
1456321801.0,b2590879,0.969
1456321801.0,6e409c53,0.939
1456321801.0,960bd28e,0.989
1456321801.0,247b4cda,0.999
1456321801.0,3e4dabe9,0.999
1456321801.0,c330d63c,0.959
1456321801.0,129427de,0.969
1456321801.0,6b4ba54d,0.969
1456321801.0,4ddf478c,0.969
1456321801.0,,0.989
1456321801.0,5b1fabef,0.949
1456321801.0,3e8ffe66,0.949
1456321801.0,6fd1563c,0.939
1456321801.0,32ecd8d4,0.959
1456321801.0,9dd2f35d,1.009
1456321801.0,a8f9e25b,0.994
1456321801.0,26e1a0a7,0.969
1456321801.0,89c3b080,0.939
1456321801.0,8f6f71cb,0.929
1456322042.0,f58434d3,0.959
1456322042.0,fc134cb6,0.989
1456322042.0,17b8eb16,0.959
1456322042.0,2ce9c67c,0.938
1456322042.0,7632d7b7,0.959
1456322042.0,04e35776,0.969
1456322042.0,3cce768e,0.969
1456322042.0,fbbd6af8,0.929
1456322042.0,e07c0604,0.939
1456322042.0,0d102e85,0.929
1456322042.0,5ce764c2,0.949
1456322042.0,e8ce1950,0.959
1456322042.0,ef6d9b93,0.949
1456322042.0,5666e885,0.939
1456322042.0,53bdc202,0.909
1456322042.0,01f0fa8d,0.979
1456322042.0,692e3609,0.949
1456322042.0,bd100d45,0.939
1456322042.0,55adeb92,0.969
1456322042.0,dfe43ff9,0.909
1456322042.0,d66e3405,0.959
1456322042.0,dd270564,0.959
1456322042.0,a49ea2ee,0.939
1456322042.0,57012344,0.969
1456322042.0,e6289f57,0.919
1456322042.0,716f400f,0.929
1456322042.0,7de58c01,0.939
1456322042.0,7d989a39,0.949
1456322042.0,2c9a6a74,0.939
1456322042.0,4e7b5ef6,0.939
1456322042.0,9a11b9a9,0.949
1456322042.0,bd3ac554,0.949
1456322042.0,329aad11,0.969
1456322042.0,ce58aeb7,0.939
1456322042.0,045578a1,0.969
1456322042.0,a16736fc,0.959
1456322042.0,dfb47eed,0.919
1456322042.0,e6ea469e,0.939
1456322042.0,5b11b517,0.949
1456322042.0,7571a6bb,0.979
1456322042.0,a278d48e,0.939
1456322042.0,ecfdcbbe,0.939
1456322042.0,210f8a85,0.929
1456322042.0,859ddb14,0.959
1456322042.0,7d98e545,0.959
1456322042.0,16a6da02,0.939
1456322042.0,18436369,0.939
1456322042.0,85037928,0.979
1456322042.0,,0.969
1456322042.0,24c0c404,1.009
1456322042.0,5ac34503,0.989
1456322042.0,effc0f5f,0.989
1456322042.0,a46f6f07,0.989
1456322042.0,14033ffb,0.969
1456322042.0,ef296ca3,0.979
1456322042.0,134cefdf,0.929
1456322042.0,061deeda,0.979
1456322042.0,5b042101,0.969
1456322042.0,6a8dc69b,1.009
1456322042.0,ca5390ed,0.959
1456322042.0,09c88ed9,0.969
1456322042.0,325a8ac2,0.969
1456322042.0,4721133a,0.919
1456322042.0,a8f5bb50,0.939
1456322042.0,4a243585,0.929
1456322042.0,a4d2bd28,0.939
1456322042.0,4db94296,0.969
1456322042.0,667e0f37,0.929
1456322042.0,0aede896,0.959
1456322042.0,ab7cf567,0.939
1456322042.0,668cb8e1,0.949
1456322042.0,9b76dd1d,0.969
1456322042.0,1a2a17d8,0.969
1456322042.0,,0.959
1456322042.0,b7218e20,0.979
1456322042.0,f889436a,0.959
1456322042.0,f754cf3e,0.949
1456322042.0,9204320b,0.939
1456322042.0,0fd4a5a3,0.939
1456322042.0,265fe188,0.989
1456322042.0,b60e1ffb,1.019
1456322042.0,fe18c405,0.969
1456322042.0,b86ca5b3,0.939
1456322042.0,24e62803,0.939
1456322042.0,297818d7,0.949
1456322042.0,2cd62c9f,0.959
1456322042.0,655988e9,0.969
1456322042.0,bca31534,0.979
1456322042.0,75005b6a,0.969
1456322042.0,493bde6c,0.989
1456322042.0,2aaf451f,0.929
1456322042.0,e1c57a67,0.959
1456322042.0,44e9da67,0.929
1456322042.0,9a8f9943,0.979
1456322042.0,c2cfa7d5,0.939
1456322042.0,56ce5673,0.989
1456322042.0,2b390ecb,0.939
1456322042.0,0f7d5e0f,0.949
1456322042.0,a66ed93a,0.989
1456322042.0,01decbb4,0.969
1456322042.0,84b4d9e4,0.979
1456322042.0,763d8dd8,0.989
1456322042.0,84524e63,0.979
1456322042.0,161691b3,0.999
1456322042.0,8dbae4c1,0.919
1456322042.0,e3705385,0.989
1456322042.0,b48ba10e,0.939
1456322042.0,577be558,0.969
1456322042.0,158d42d8,0.989
1456322042.0,a08b0e98,0.949
1456322042.0,5b7092cb,0.979
1456322042.0,d338b0f2,0.989
1456322042.0,1829c766,0.959
1456322042.0,59bf4a11,0.909
1456322042.0,26d3d3cd,0.949
1456322042.0,88034757,0.949
1456322042.0,e73846ae,0.954
1456322042.0,7e69e0ea,0.989
1456322042.0,85e51241,0.969
1456322042.0,e3776f3c,0.919
1456322042.0,4b757a5a,0.939
1456322042.0,9c3caa26,0.979
1456322042.0,27e6396b,0.944
1456322042.0,f0359f5c,0.989
1456322042.0,159f8b0e,0.979
1456322042.0,728dbc4e,0.949
1456322042.0,95cc0772,0.959
1456322042.0,30ffa8c9,0.949
1456322042.0,60a86cf4,1.009
1456322042.0,44850052,0.929
1456322042.0,20772809,0.969
1456322042.0,87959c0c,0.929
1456322042.0,61ee6f5a,0.999
1456322042.0,8eb14afc,0.939
1456322042.0,ab133851,0.959
1456322042.0,9f61347e,0.939
1456322042.0,be95bdc3,0.939
1456322042.0,02797da2,0.989
1456322042.0,5110d453,0.989
1456322042.0,610a0f34,0.939
1456322042.0,7d9e71ad,0.989
1456322042.0,e448c44d,0.959
1456322042.0,21d78be4,0.949
1456322042.0,70571d8c,0.899
1456322042.0,4f9ccf16,0.979
1456322042.0,2f92fadd,0.949
1456322042.0,93d1f437,0.969
1456322042.0,7cf49500,0.979
1456322042.0,3abee862,0.969
1456322042.0,f32fed85,0.969
1456322042.0,0108f899,0.959
1456322042.0,ffaebdb9,0.959
1456322042.0,993479c7,0.959
1456322042.0,7e7d612d,0.964
1456322042.0,35822dd5,0.949
1456322042.0,54f48068,1.029
1456322042.0,ffa82d76,0.989
1456322042.0,35e9dc97,1.009
1456322042.0,77979e7e,0.979
1456322042.0,6797c38e,0.989
1456322042.0,9cfce39c,0.929
1456322042.0,8cec6d32,0.969
1456322042.0,60fea7bf,0.969
1456322042.0,8bd77566,0.999
1456322042.0,796a098a,0.979
1456322042.0,4cbdb1d8,0.989
1456322042.0,0b46b912,0.959
1456322042.0,f1894033,0.969
1456322042.0,5d78b25e,0.949
1456322042.0,88ae9f44,0.989
1456322042.0,059e6005,1.009
1456322042.0,9830928e,0.999
1456322042.0,b899de50,0.999
1456322042.0,2f7eea5b,0.989
1456322042.0,a4b3856b,0.969
1456322042.0,fc85f4ab,0.949
1456322042.0,46078bef,0.959
1456322042.0,6e8e3ed0,1.009
1456322042.0,8855a699,0.969
1456322042.0,ad129baa,0.959
1456322042.0,036e385d,0.969
1456322042.0,d5e3ccf5,0.969
1456322042.0,058b068a,0.949
1456322042.0,8bf65820,0.929
1456322042.0,bcc54274,0.959
1456322042.0,5e2800be,0.959
1456322042.0,b6553c9c,0.949
1456322042.0,39c4abbc,0.979
1456322042.0,348f6171,0.999
1456322042.0,cf25dcdb,1.029
1456322042.0,86b711fa,0.949
1456322042.0,61b974e5,0.979
1456322042.0,5b63b72b,0.969
1456322042.0,4d77b026,0.949
1456322042.0,566376d2,0.949
1456322042.0,096706c3,0.949
1456322042.0,693441d5,0.959
1456322042.0,5d59e18d,1.004
1456322042.0,83c03208,0.939
1456322042.0,22ea287c,0.989
1456322042.0,245efbad,0.999
1456322042.0,14a12755,0.909
1456322042.0,eaa7c105,0.909
1456322042.0,6135497e,0.939
1456322042.0,4442e246,0.929
1456322042.0,176e9b96,0.919
1456322042.0,f44172d4,0.929
1456322042.0,e3667c9c,0.929
1456322042.0,da84e1ef,0.949
1456322042.0,95be882a,0.969
1456322042.0,1c7a02ad,0.969
1456322042.0,d04e4045,0.969
1456322042.0,78c97f05,0.949
1456322042.0,ee24a3c9,0.969
1456322042.0,36728450,0.969
1456322042.0,4837de5d,0.939
1456322042.0,c9a19301,0.979
1456322042.0,29b24eee,0.959
1456322042.0,fe4f9d49,0.969
1456322042.0,33fc971c,0.939
1456322042.0,ac4a43b1,0.929
1456322042.0,077be4df,0.969
1456322042.0,5963169b,0.979
1456322042.0,6f8f49f1,0.949
1456322042.0,d9f10362,0.949
1456322042.0,6791f8cd,0.989
1456322042.0,d7cd0f44,0.949
1456322042.0,6b5b80c3,0.949
1456322042.0,f1b09e9f,0.939
1456322042.0,6319bbbb,1.039
1456322042.0,457bd3fb,0.939
1456322042.0,4769e054,0.949
1456322042.0,e5b98666,0.949
1456322042.0,9e5c868a,1.029
1456322042.0,6a276ef2,0.969
1456322042.0,30895e60,0.949
1456322042.0,4f44e38b,0.929
1456322042.0,92e96565,0.979
1456322042.0,6809dfa8,0.959
1456322042.0,e87a6fdb,0.969
1456322042.0,baa66b57,0.979
1456322042.0,14b507db,0.959
1456322042.0,,0.989
1456322042.0,fce7ca5c,0.969
1456322042.0,8c92cd65,0.949
1456322042.0,3621af3f,0.949
1456322042.0,34f054d7,0.979
1456322042.0,066bd102,0.969
1456322042.0,4f8db0e1,0.969
1456322042.0,fee45b54,0.969
1456322042.0,96407ff6,0.979
1456322042.0,100339eb,0.949
1456322042.0,7c6725e1,0.979
1456322042.0,c11feddb,0.929
1456322042.0,04524480,0.969
1456322042.0,100b6cf2,0.989
1456322042.0,b4fd97c1,0.989
1456322042.0,17c50748,0.979
1456322042.0,effb6af0,0.979
1456322042.0,a3cd819d,0.939
1456322042.0,14e03a1d,0.969
1456322042.0,9720bdd7,0.969
1456322042.0,4c45b855,0.949
1456322042.0,a41bb594,0.919
1456322042.0,1df8493a,0.989
1456322042.0,999cd9a5,0.959
1456322042.0,1a497a4b,0.979
1456322042.0,80d45a73,0.969
1456322042.0,82786d09,0.929
1456322042.0,db0dfab2,0.939
1456322042.0,5e6b1f04,0.919
1456322042.0,2e25253e,0.969
1456322042.0,eb7b02bd,0.959
1456322042.0,d811c7b5,0.999
1456322042.0,eee56c4d,0.979
1456322042.0,4331b36c,0.959
1456322042.0,6fb61b09,0.999
1456322042.0,bd925387,0.959
1456322042.0,61149352,0.969
1456322042.0,8dc9de7b,0.959
1456322042.0,88a26674,0.939
1456322042.0,fb6a534f,0.939
1456322042.0,dee5637c,0.999
1456322042.0,691bf1db,0.939
1456322042.0,6982586c,0.959
1456322042.0,300d7670,0.949
1456322042.0,7b424e1c,0.989
1456322042.0,,0.999
1456322042.0,3784c135,0.959
1456322042.0,9d2a511e,0.969
1456322042.0,988da765,0.939
1456322042.0,36d6fa9e,0.989
1456322042.0,181dcd43,0.989
1456322042.0,3d5d3cef,0.969
1456322042.0,b518e445,0.989
1456322042.0,8fcd6088,0.939
1456322042.0,45dbb997,0.959
1456322042.0,7ca6fc38,0.939
1456322042.0,9136fc55,0.959
1456322042.0,63904947,0.989
1456322042.0,85872f93,1.009
1456322042.0,3b6590c2,0.939
1456322042.0,171447e0,0.929
1456322042.0,0616421e,0.949
1456322042.0,2703d1c4,0.959
1456322042.0,39c1eecb,0.994
1456322042.0,95d7c5d3,0.939
1456322042.0,6ee6c33d,0.929
1456322042.0,52e70aca,0.939
1456322042.0,4bb3c1ba,0.949
1456322042.0,59d4a720,0.959
1456322042.0,324dc3f8,0.969
1456322042.0,3340d6a0,0.979
1456322042.0,5048cff6,0.989
1456322042.0,097d5277,1.009
1456322042.0,e3a6c1d2,0.949
1456322042.0,424834c6,0.959
1456322042.0,d5a420b3,0.989
1456322042.0,bd907a4a,0.939
1456322042.0,b17608a3,0.959
1456322042.0,212fd8e9,0.979
1456322042.0,67c0cb5c,0.969
1456322042.0,c083a2d4,0.959
1456322042.0,444fc3ef,0.999
1456322042.0,c4395b95,0.979
1456322042.0,82130afe,0.929
1456322042.0,7d6631ad,0.949
1456322042.0,66e5052b,0.979
1456322042.0,f85e7c2f,0.979
1456322042.0,3b609665,0.959
1456322042.0,7490aa54,0.959
1456322042.0,022de539,0.979
1456322042.0,b9c82901,0.979
1456322042.0,a9fbf376,1.029
1456322042.0,058212e2,0.939
1456322042.0,e6b1064f,0.989
1456322042.0,9ea3d2b6,0.939
1456322042.0,b14fcca2,0.939
1456322042.0,7f2c7280,0.969
1456322042.0,53d2ed19,0.999
1456322042.0,ece6b02f,0.969
1456322042.0,cae9afe7,0.969
1456322042.0,fb34a733,0.989
1456322042.0,fee47ded,0.979
1456322042.0,30da56b7,0.959
1456322042.0,9be01fd7,0.969
1456322042.0,c12b33f3,0.959
1456322042.0,fbddd358,0.969
1456322042.0,9fbde140,0.969
1456322042.0,689f962f,0.979
1456322042.0,5083e533,0.959
1456322042.0,1f82b6fb,0.989
1456322042.0,02540c78,0.959
1456322042.0,,0.949
1456322042.0,e9b0a748,0.959
1456322042.0,b6002806,0.939
1456322042.0,c704c346,0.969
1456322042.0,375abe19,0.989
1456322042.0,2be28aa5,0.959
1456322042.0,9bcbbbc7,0.989
1456322042.0,a1a059cc,0.999
1456322042.0,a2f965eb,0.969
1456322042.0,684e26a4,1.009
1456322042.0,4a4627da,0.939
1456322042.0,ec2d78c3,0.959
1456322042.0,f044fc49,0.989
1456322042.0,9c47cca4,0.979
1456322042.0,74d89e9b,0.939
1456322042.0,1ef95412,0.959
1456322042.0,e0fed588,0.919
1456322042.0,6170e6c3,0.969
1456322042.0,adfff05a,0.989
1456322042.0,ba94f47b,0.939
1456322042.0,82f98249,0.959
1456322042.0,35cf8855,0.939
1456322042.0,97c6460d,0.959
1456322042.0,5ef62f10,0.969
1456322042.0,4a5ba0e5,0.949
1456322042.0,987496d6,0.979
1456322042.0,09534857,0.979
1456322042.0,3e8e99dc,0.969
1456322042.0,e600cf0f,0.939
1456322042.0,779d347d,0.959
1456322042.0,a3813b89,0.959
1456322042.0,b3c64afe,0.939
1456322042.0,fbd93087,0.949
1456322042.0,714dc178,0.969
1456322042.0,b4e0667f,0.979
1456322042.0,4917afaa,1.009
1456322042.0,668a9de0,0.939
1456322042.0,fec7d478,0.949
1456322042.0,450f3a21,0.969
1456322042.0,9f711a09,0.959
1456322042.0,260b8710,0.949
1456322042.0,b650cdbb,0.959
1456322042.0,17bbc60e,0.949
1456322042.0,52303ab3,0.979
1456322042.0,bc7724e9,1.004
1456322042.0,3b4197b0,0.989
1456322042.0,5d637168,0.939
1456322042.0,4ebc6df3,0.939
1456322042.0,a870af34,1.039
1456322042.0,efadda78,0.989
1456322042.0,72fef334,0.939
1456322042.0,0d6425bc,0.969
1456322042.0,1929bb2b,0.979
1456322042.0,10ae4031,1.039
1456322042.0,a395cb1b,0.979
1456322042.0,0eec9a7b,0.929
1456322042.0,bbca138f,0.939
1456322042.0,6fc48997,0.949
1456322042.0,f4f5e1d8,0.969
1456322042.0,a6971d57,0.949
1456322042.0,e8b2cb64,0.939
1456322042.0,333d1cac,0.979
1456322042.0,56ad714d,0.969
1456322042.0,c2cdc545,0.929
1456322042.0,7dc2c962,0.979
1456322042.0,269a5648,0.979
1456322042.0,c5669e2f,0.929
1456322042.0,8098495e,0.979
1456322042.0,d97307ab,0.959
1456322042.0,b4154d71,0.969
1456322042.0,cef14abc,0.939
1456322042.0,6860f6a1,0.929
1456322042.0,1d853aae,0.959
1456322042.0,83fa6876,0.949
1456322042.0,91698594,0.949
1456322042.0,0022ec87,0.929
1456322042.0,f9fbac11,0.959
1456322042.0,73086606,0.949
1456322042.0,6c9a5e04,0.979
1456322042.0,481140af,0.949
1456322042.0,6bbab4fd,0.969
1456322042.0,cb67b2ff,0.949
1456322042.0,0ad7f620,1.019
1456322042.0,e076eba6,0.969
1456322042.0,7a475c04,1.039
1456322042.0,fd9a80c1,0.924
1456322042.0,0846ce19,0.949
1456322042.0,6ab142e0,0.949
1456322042.0,017f1d73,0.969
1456322042.0,5ce80f96,0.989
1456322042.0,6fe5086e,0.949
1456322042.0,c2ed0986,0.949
1456322042.0,0f0331a5,0.939
1456322042.0,e49e0407,0.979
1456322042.0,f25ec39b,0.989
1456322042.0,c6cff611,0.949
1456322042.0,1231b9e1,0.919
1456322042.0,60e38539,0.989
1456322042.0,c3cd9932,0.959
1456322042.0,a042f697,0.959
1456322042.0,909f02fa,0.959
1456322042.0,,0.949
1456322042.0,a5d5884d,0.929
1456322042.0,327ea807,0.989
1456322042.0,26562367,0.999
1456322042.0,,0.959
1456322042.0,4951f110,1.029
1456322042.0,76f9948e,0.949
1456322042.0,6e966a1c,0.949
1456322042.0,8f2fb041,0.989
1456322042.0,41ca6c6a,0.989
1456322042.0,8b3bba8f,0.939
1456322042.0,1f5803f6,1.009
1456322042.0,9bff6895,0.959
1456322042.0,42b80e51,0.959
1456322042.0,46bea8c9,0.959
1456322042.0,069afd75,0.959
1456322042.0,51aab8d5,0.939
1456322042.0,caaa0b46,1.009
1456322042.0,c6c3a80a,1.049
1456322042.0,1d2f1425,0.939
1456322042.0,02065938,0.939
1456322042.0,e0e02d9a,0.929
1456322042.0,552e6bdb,0.939
1456322042.0,5d0bbc06,0.919
1456322042.0,758e532b,0.929
1456322042.0,84387118,1.029
1456322042.0,bcdf1eb5,0.949
1456322042.0,d0c595a5,0.949
1456322042.0,f1f57418,0.929
1456322042.0,a82fcd07,0.999
1456322042.0,0aedc373,0.969
1456322042.0,a13f8970,0.939
1456322042.0,2c946e5c,0.939
1456322042.0,21b1fd87,0.929
1456322042.0,9aab0c6c,0.939
1456322042.0,d9461dd7,0.999
1456322042.0,00d6d029,0.929
1456322042.0,524d848c,0.929
1456322042.0,09391e15,0.929
1456322042.0,094fab78,1.029
1456322042.0,0367164b,0.929
1456322042.0,733cb25c,0.949
1456322042.0,b559c5aa,0.949
1456322042.0,1cc76c84,0.999
1456322042.0,94c64075,0.949
1456322042.0,b215d388,0.949
1456322042.0,672ba0d9,0.979
1456322042.0,d01ea35a,0.949
1456322042.0,c6ca359a,0.949
1456322042.0,7142929d,0.959
1456322042.0,844861f9,0.959
1456322042.0,ec29d73c,0.979
1456322042.0,8d86cbc4,0.939
1456322042.0,265be8c2,0.979
1456322042.0,237e0152,0.959
1456322042.0,5f8076ef,0.939
1456322042.0,78a3ab05,0.949
1456322042.0,73f7d503,0.939
1456322042.0,4f362e94,0.969
1456322042.0,2a7c4091,0.949
1456322042.0,5a4ca547,0.909
1456322042.0,c3e9fea8,0.934
1456322042.0,bc09f6c1,0.979
1456322042.0,e410897d,1.009
1456322042.0,89d5bd42,0.929
1456322042.0,9d4458f3,0.949
1456322042.0,26a76357,0.939
1456322042.0,6e731ae8,0.999
1456322042.0,4ec9ba2c,0.939
1456322042.0,b2fe027e,0.979
1456322042.0,c57bb6b4,0.949
1456322042.0,991367ac,0.949
1456322042.0,46d1ac1a,0.959
1456322042.0,11ab82be,0.939
1456322042.0,06f5e166,0.939
1456322042.0,06e6f1e6,0.959
1456322042.0,2ab4115c,0.969
1456322042.0,,0.949
1456322042.0,07908b66,0.959
1456322042.0,10fa0582,0.929
1456322042.0,d3508125,0.979
1456322042.0,00fa08de,0.959
1456322042.0,996dd733,0.979
1456322042.0,b093e5e6,0.959
1456322042.0,d00be129,0.989
1456322042.0,af91c953,0.999
1456322042.0,e95d3d87,0.959
1456322042.0,30466612,0.979
1456322042.0,1f59edd4,0.979
1456322042.0,02e680f9,0.959
1456322042.0,f230f25c,0.999
1456322042.0,096893a3,0.959
1456322042.0,fd36fe3a,0.939
1456322042.0,583ed604,0.969
1456322042.0,c8a16513,0.999
1456322042.0,cef089b3,0.939
1456322042.0,7ff76277,0.959
1456322042.0,5d4d46b3,0.989
1456322042.0,aae7bd53,0.959
1456322042.0,,0.929
1456322042.0,df59b3f7,0.929
1456322042.0,afed3ef4,0.939
1456322281.0,79e4f3bc,0.929
1456322281.0,2073a897,0.939
1456322281.0,4dc57f20,0.959
1456322281.0,6e7d1516,0.949
1456322281.0,6610198a,0.979
1456322281.0,5b042101,0.959
1456322281.0,09c88ed9,0.969
1456322281.0,0f755a63,0.979
1456322281.0,667e0f37,0.919
1456322281.0,1ed95260,0.979
1456322281.0,3277bf79,0.949
1456322281.0,70dce2c3,0.959
1456322281.0,48c665d2,0.939
1456322281.0,601bbb50,0.989
1456322281.0,8bf505c8,0.969
1456322281.0,1be36265,0.949
1456322281.0,86832214,0.929
1456322281.0,3201c40b,0.959
1456322281.0,8fc85062,0.939
1456322281.0,7ad9844c,0.949
1456322281.0,ec60ed5f,0.949
1456322281.0,b1111566,0.949
1456322281.0,b3a02a90,0.949
1456322281.0,3693b2a0,1.029
1456322281.0,f5c448cd,0.999
1456322281.0,2228d8bc,0.979
1456322281.0,5bb4e610,0.969
1456322281.0,f893c068,1.009
1456322281.0,136e5310,1.009
1456322281.0,ed93bc71,0.949
1456322281.0,d6f2eeec,0.939
1456322281.0,fa5732ce,0.949
1456322281.0,b18ffb73,0.949
1456322281.0,2b390ecb,0.919
1456322281.0,a72d491e,0.959
1456322281.0,e85fcc79,0.959
1456322281.0,8371a1aa,0.969
1456322281.0,0f6fe1eb,0.949
1456322281.0,8fc0b78f,0.969
1456322281.0,5dc70b90,0.989
1456322281.0,3fc9a04c,0.909
1456322281.0,9dc599bb,0.939
1456322281.0,c1db295a,0.969
1456322281.0,c25c5571,0.939
1456322281.0,4a10a924,0.969
1456322281.0,f868a6b6,0.989
1456322281.0,9300020e,0.989
1456322281.0,e571ac33,0.999
1456322281.0,de505192,0.969
1456322281.0,92d99a98,0.969
1456322281.0,56858967,0.969
1456322281.0,d1b70ad0,0.899
1456322281.0,8c14cf23,0.959
1456322281.0,492796c0,0.969
1456322281.0,49a12bf4,0.949
1456322281.0,0b3fd25f,0.979
1456322281.0,f2d58e5e,0.989
1456322281.0,0346b908,0.969
1456322281.0,ddd69a66,0.989
1456322281.0,a10531f9,0.959
1456322281.0,e96cd138,0.919
1456322281.0,ace7c36e,0.949
1456322281.0,b655f194,0.969
1456322281.0,20330ee3,0.959
1456322281.0,4ccb2bae,0.979
1456322281.0,e1dc56d2,0.939
1456322281.0,c6771c57,0.999
1456322281.0,b7b730d9,0.979
1456322281.0,58bc480d,0.964
1456322281.0,3d1b021c,0.979
1456322281.0,61f59311,0.959
1456322281.0,92d959c6,1.009
1456322281.0,b69db0fc,1.029
1456322281.0,d04338f7,0.959
1456322281.0,c9b21507,0.949
1456322281.0,a4af82a5,0.999
1456322281.0,17c924e4,0.959
1456322281.0,fc998162,0.989
1456322281.0,cf72999d,0.939
1456322281.0,8b0f07ad,0.989
1456322281.0,8067eaa3,0.999
1456322281.0,aae85374,1.009
1456322281.0,0fd8b490,0.979
1456322281.0,8dfeb73b,0.969
1456322281.0,bdc3a9dd,0.949
1456322281.0,d854b7df,0.949
1456322281.0,88113d35,0.969
1456322281.0,d15de565,0.989
1456322281.0,9a88a460,0.929
1456322281.0,c1f003e3,0.979
1456322281.0,628e1099,0.969
1456322281.0,ce736f1a,0.949
1456322281.0,8b4029da,0.959
1456322281.0,f3165b36,0.939
1456322281.0,4a852856,0.959
1456322281.0,d6c38103,0.929
1456322281.0,6e907110,0.949
1456322281.0,27f88bd4,0.949
1456322281.0,192552f2,0.969
1456322281.0,15d15c6f,0.979
1456322281.0,028c59d7,0.959
1456322281.0,ca2862c6,0.949
1456322281.0,4724644a,0.939
1456322281.0,1922bce9,0.959
1456322281.0,c08bba33,0.999
1456322281.0,95a3de9e,0.949
1456322281.0,20e9b084,0.919
1456322281.0,39c4abbc,0.979
1456322281.0,a753f001,0.969
1456322281.0,60531009,0.959
1456322281.0,18984cb5,0.969
1456322281.0,4ac089ef,0.969
1456322281.0,c33f8f41,0.989
1456322281.0,90df0b88,0.979
1456322281.0,9e5f97a3,0.979
1456322281.0,cffd6e1f,1.039
1456322281.0,9087534b,0.949
1456322281.0,acf2a6b8,0.959
1456322281.0,98e2efcd,0.949
1456322281.0,c7e1e757,0.909
1456322281.0,466c174a,0.969
1456322281.0,1d06a6fd,0.959
1456322281.0,66691780,0.969
1456322281.0,afba3b1b,0.949
1456322281.0,d3d96d55,0.959
1456322281.0,d48d3de5,0.929
1456322281.0,157fcdd4,0.979
1456322281.0,c7b9d409,1.009
1456322281.0,22ea287c,0.979
1456322281.0,759c0ad5,0.929
1456322281.0,910c6a77,0.939
1456322281.0,532a5017,0.949
1456322281.0,addbc61c,0.979
1456322281.0,110c184e,0.939
1456322281.0,a7f61984,0.939
1456322281.0,1da77d0b,0.979
1456322281.0,62f01f83,0.969
1456322281.0,99bcd97c,0.929
1456322281.0,8aa565b4,0.969
1456322281.0,a484c61a,0.949
1456322281.0,1f57f9be,0.969
1456322281.0,32ba58a5,1.029
1456322281.0,a99fe7eb,0.939
1456322281.0,49a9b4e0,1.029
1456322281.0,5f32b37f,0.969
1456322281.0,9d2005fa,0.969
1456322281.0,75341878,0.949
1456322281.0,4119ba76,0.979
1456322281.0,5d8781bf,0.959
1456322281.0,8f545eb0,0.949
1456322281.0,c74444b1,0.999
1456322281.0,67ba0742,0.979
1456322281.0,9cb577d8,0.959
1456322281.0,0b0a4614,0.969
1456322281.0,e371c619,1.029
1456322281.0,511114cf,0.949
1456322281.0,28dc9f41,0.979
1456322281.0,2e175fc6,0.919
1456322281.0,23328c7a,0.959
1456322281.0,9719805f,0.999
1456322281.0,d51ef3f5,0.939
1456322281.0,ae7c1497,0.999
1456322281.0,be60701b,0.999
1456322281.0,c8bea281,0.939
1456322281.0,51e1327b,0.979
1456322281.0,e5e2ac35,1.009
1456322281.0,56b0dc6a,0.979
1456322281.0,ebde5c50,0.959
1456322281.0,9ad361ad,0.979
1456322281.0,4c2d3e35,0.959
1456322281.0,cd2bd6ee,0.959
1456322281.0,6e62772c,0.979
1456322281.0,8fe50322,0.949
1456322281.0,8cdff641,0.929
1456322281.0,e0758377,0.969
1456322281.0,17efd51c,1.009
1456322281.0,cc4d2444,0.929
1456322281.0,dc4b8ae9,1.019
1456322281.0,8cc39ecd,0.969
1456322281.0,c0e7740b,0.994
1456322281.0,13579cfd,0.959
1456322281.0,6c6c9588,0.959
1456322281.0,6390097a,0.959
1456322281.0,99148d2d,0.959
1456322281.0,33f1db85,0.959
1456322281.0,0a0a9a40,0.959
1456322281.0,3435fb8d,1.009
1456322281.0,dbb88534,0.979
1456322281.0,14e91513,0.959
1456322281.0,20dcb5cd,0.969
1456322281.0,020c53c2,0.969
1456322281.0,d338e293,0.979
1456322281.0,2685fde6,0.969
1456322281.0,3bee1311,0.969
1456322281.0,2cf05648,0.939
1456322281.0,334babb3,0.969
1456322281.0,df6b217b,0.959
1456322281.0,3983dfd0,0.959
1456322281.0,6fb61b09,0.979
1456322281.0,5271a4f6,0.939
1456322281.0,1e734ea9,0.959
1456322281.0,5282e595,0.989
1456322281.0,56db8c22,0.949
1456322281.0,d1d61cfb,0.989
1456322281.0,26d674df,0.929
1456322281.0,afa80a02,0.979
1456322281.0,f7f58a1b,0.999
1456322281.0,e57be742,0.969
1456322281.0,83e564c6,0.989
1456322281.0,4dc73eb8,1.009
1456322281.0,6982586c,0.959
1456322281.0,c32d3f5d,0.959
1456322281.0,13683185,0.939
1456322281.0,6fb3ea7a,0.929
1456322281.0,8247d46d,0.939
1456322281.0,5fc4c82d,0.959
1456322281.0,5ab60468,0.929
1456322281.0,7b702829,0.969
1456322281.0,5985a6df,0.949
1456322281.0,f028637b,0.999
1456322281.0,e04ac56b,0.949
1456322281.0,4d70ed85,0.949
1456322281.0,f2b5514e,0.969
1456322281.0,e8a69269,0.999
1456322281.0,88348828,0.939
1456322281.0,15bd4d4c,0.969
1456322281.0,ebfecca5,0.919
1456322281.0,9136fc55,0.959
1456322281.0,040531cf,0.929
1456322281.0,c27cff48,0.969
1456322281.0,153762cf,0.939
1456322281.0,e99b762c,0.969
1456322281.0,b7f96330,0.929
1456322281.0,3d45d1b9,0.979
1456322281.0,4c1bb47a,0.939
1456322281.0,2ce7ea0e,0.979
1456322281.0,54aa9266,0.929
1456322281.0,9520e162,0.959
1456322281.0,66fb48c6,0.959
1456322281.0,5180eda7,0.999
1456322281.0,6cd66c40,1.009
1456322281.0,62e0bf83,0.999
1456322281.0,6f9b604d,0.939
1456322281.0,765dab48,0.959
1456322281.0,6f03c04e,0.949
1456322281.0,1aa38dcc,0.999
1456322281.0,6d3f757f,0.969
1456322281.0,49633dc8,0.949
1456322281.0,9a40848b,1.029
1456322281.0,150a8031,0.959
1456322281.0,2cd83fd1,0.989
1456322281.0,e2eeab30,0.919
1456322281.0,cb409a1c,0.979
1456322281.0,38ec146a,0.949
1456322281.0,b685aa76,0.949
1456322281.0,c0911b94,0.929
1456322281.0,c631958b,0.949
1456322281.0,3487a048,0.939
1456322281.0,552017b2,0.949
1456322281.0,6c10bb5f,0.939
1456322281.0,06e56593,1.019
1456322281.0,5be837d4,0.979
1456322281.0,8cd391f3,0.929
1456322281.0,800fab5c,0.989
1456322281.0,9f0d800f,0.979
1456322281.0,01fb21d8,0.989
1456322281.0,7902adc7,0.949
1456322281.0,,1.009
1456322281.0,680d2cb8,1.019
1456322281.0,7f03066f,0.939
1456322281.0,59304ef4,0.979
1456322281.0,80ba6950,0.949
1456322281.0,fb77e994,1.009
1456322281.0,e466a86a,0.999
1456322281.0,8e27fa83,0.969
1456322281.0,85a43300,0.979
1456322281.0,a0bca24c,0.969
1456322281.0,2e047349,0.939
1456322281.0,9c308e5f,0.949
1456322281.0,022de539,0.969
1456322281.0,1b1894a9,0.989
1456322281.0,5e3c55e4,0.949
1456322281.0,07404fa2,0.959
1456322281.0,616bd931,0.949
1456322281.0,eabcfe38,0.984
1456322281.0,4f7c5e0a,0.959
1456322281.0,726fb61b,0.979
1456322281.0,8c231795,0.949
1456322281.0,86622959,0.989
1456322281.0,0a3bb4b4,0.989
1456322281.0,15b3db43,0.959
1456322281.0,3e1a04a2,0.969
1456322281.0,d39d4848,0.969
1456322281.0,d22c2ab6,0.979
1456322281.0,d620afe2,0.949
1456322281.0,8d8152a0,0.989
1456322281.0,4c7d1e42,0.949
1456322281.0,bc4dffd2,0.979
1456322281.0,2e77c5e7,0.949
1456322281.0,734b43c2,0.939
1456322281.0,eca21f05,0.959
1456322281.0,0a6dec42,0.929
1456322281.0,e2cdf18c,0.979
1456322281.0,8b79452e,0.929
1456322281.0,c94456d2,0.969
1456322281.0,53070d21,0.969
1456322281.0,989f7968,0.959
1456322281.0,fe599048,1.019
1456322281.0,c9dc18ed,0.979
1456322281.0,08e08bee,0.969
1456322281.0,4270cadf,0.959
1456322281.0,d5022b7f,0.939
1456322281.0,a2f965eb,0.949
1456322281.0,1fa4b26a,0.969
1456322281.0,684e26a4,0.989
1456322281.0,1acb5863,0.959
1456322281.0,827dc8bb,1.009
1456322281.0,56afcb19,0.939
1456322281.0,0800eb0f,0.969
1456322281.0,2ae61bab,0.989
1456322281.0,1cdb45b5,0.949
1456322281.0,eaf67225,0.979
1456322281.0,ebdb10e8,0.959
1456322281.0,900b80b7,0.979
1456322281.0,8325fe97,0.949
1456322281.0,4db7ed00,0.949
1456322281.0,bdd46409,0.979
1456322281.0,3dd3b13f,1.029
1456322281.0,5553d199,0.979
1456322281.0,fff23df4,0.989
1456322281.0,168f1ca6,1.019
1456322281.0,cbc2f9db,0.959
1456322281.0,64f5be3f,0.939
1456322281.0,c0210272,0.949
1456322281.0,79534436,0.949
1456322281.0,dc5b8dc2,0.979
1456322281.0,8ccf4a30,0.939
1456322281.0,966a40ae,0.969
1456322281.0,a0bc57ce,0.969
1456322281.0,8c225212,1.019
1456322281.0,ddaa5083,0.929
1456322281.0,551c6932,0.959
1456322281.0,ea971a7b,0.939
1456322281.0,1f790c2c,0.989
1456322281.0,58cb2ae4,0.939
1456322281.0,2f349c74,0.959
1456322281.0,8d0323d4,0.999
1456322281.0,6338dd07,1.029
1456322281.0,9c586989,0.969
1456322281.0,88977ce9,1.009
1456322281.0,d010f6f4,0.969
1456322281.0,f09149cd,0.979
1456322281.0,f4b9d561,0.949
1456322281.0,6582ce6e,0.954
1456322281.0,64784ae8,0.969
1456322281.0,7a4d72a4,0.979
1456322281.0,c98807b3,0.939
1456322281.0,6db00370,0.989
1456322281.0,c7922998,0.939
1456322281.0,7653cc6a,0.939
1456322281.0,53ae9528,0.939
1456322281.0,b44da49f,0.969
1456322281.0,294a09dc,0.979
1456322281.0,58e1a8b4,0.979
1456322281.0,3506918b,0.939
1456322281.0,26bf1a80,0.979
1456322281.0,e3330ca1,0.949
1456322281.0,a11621b6,0.949
1456322281.0,64bc8569,0.939
1456322281.0,f47e8638,0.959
1456322281.0,8c04c7d4,0.939
1456322281.0,481140af,0.949
1456322281.0,b20731bb,1.009
1456322281.0,8c5ae0bd,0.949
1456322281.0,0a0baf66,0.979
1456322281.0,7a411a95,0.999
1456322281.0,1543d9a2,0.959
1456322281.0,,0.949
1456322281.0,b8fe1af4,0.929
1456322281.0,788d83d5,0.979
1456322281.0,8337e967,0.989
1456322281.0,c1548059,0.999
1456322281.0,a514041e,0.999
1456322281.0,de86b064,0.979
1456322281.0,1f5803f6,1.009
1456322281.0,0d046d70,0.979
1456322281.0,b870f094,0.979
1456322281.0,d1afa721,0.959
1456322281.0,16d9bba6,0.979
1456322281.0,c6f69752,0.949
1456322281.0,1054110c,0.924
1456322281.0,5132fe1c,0.949
1456322281.0,a07f50c4,0.949
1456322281.0,1fe05a5f,0.939
1456322281.0,1c504132,0.939
1456322281.0,56ea4a71,0.949
1456322281.0,9a2903a3,0.989
1456322281.0,b53fa888,0.929
1456322281.0,981008e5,0.959
1456322281.0,92eaccdc,0.949
1456322281.0,c01aa13a,0.959
1456322281.0,12d8c014,0.989
1456322281.0,511a1f46,0.919
1456322281.0,8bbd302b,0.939
1456322281.0,9e4730c6,0.959
1456322281.0,92dfb6d0,0.939
1456322281.0,f6955150,0.929
1456322281.0,8ff83879,0.919
1456322281.0,6d8cc159,0.969
1456322281.0,e5b25ce5,0.929
1456322281.0,69b6ac4f,0.939
1456322281.0,0ee7204e,0.929
1456322281.0,1700f01a,0.909
1456322281.0,5df9b393,0.929
1456322281.0,eeca31d3,0.999
1456322281.0,46ad9f53,0.939
1456322281.0,7cc832ba,0.929
1456322281.0,494f6481,0.929
1456322281.0,0f122625,0.969
1456322281.0,fc486af7,0.969
1456322281.0,d080aa8b,0.969
1456322281.0,053f1320,0.949
1456322281.0,9eabd75a,0.959
1456322281.0,d8382d2b,1.009
1456322281.0,b5897439,0.939
1456322281.0,eecd4599,0.959
1456322281.0,3f9a7b26,0.949
1456322281.0,a23d5fdf,0.999
1456322281.0,9ab681ea,0.999
1456322281.0,1d50351d,0.979
1456322281.0,10c81160,1.019
1456322281.0,4c5ddfb7,0.989
1456322281.0,5fd30b48,0.999
1456322281.0,9544a82b,1.019
1456322281.0,b53fe392,0.949
1456322281.0,2139100d,0.979
1456322281.0,8fa20ff5,0.969
1456322281.0,f93a1db7,0.979
1456322281.0,6d0c8ba1,0.959
1456322281.0,6bca438d,0.979
1456322281.0,607d89d2,0.999
1456322281.0,e34047b9,0.949
1456322281.0,b093e5e6,0.959
1456322281.0,1e17f92c,0.949
1456322281.0,6db0e332,0.949
1456322281.0,dea8af98,0.959
1456322281.0,bfe1fb46,0.959
1456322281.0,9a2b7600,0.919
1456322281.0,7ec09a5a,0.969
1456322281.0,ee9738ce,0.939
1456322281.0,ddb4781d,0.939
1456322281.0,bc1f7e5b,0.949
1456322281.0,85db4cd5,0.989
1456322281.0,ed57f511,0.929
1456322281.0,0b37f4f1,0.989
1456322281.0,67a0637d,0.949
1456322281.0,a6f98df6,0.969
1456322281.0,3e1191fb,0.939
1456322281.0,6754752f,0.989
1456322281.0,076da68e,0.939
1456322281.0,d3755983,0.949
1456322521.0,8f921904,0.949
1456322521.0,d9a3e681,0.919
1456322521.0,cd0a3f67,0.919
1456322521.0,19296a92,0.979
1456322521.0,2b056224,0.939
1456322521.0,59c2e6d6,0.929
1456322521.0,79fb50bd,0.929
1456322521.0,deeb75c9,0.929
1456322521.0,cd730ee9,0.919
1456322521.0,70931d91,0.929
1456322521.0,1962a412,0.919
1456322521.0,7349daff,0.939
1456322521.0,65d316f1,0.939
1456322521.0,cea20e68,0.939
1456322521.0,a6cf9c73,0.939
1456322521.0,90bfadfa,0.949
1456322521.0,d3bbcf3a,0.929
1456322521.0,7b0b6a1b,0.929
1456322521.0,d6a85f7b,0.949
1456322521.0,e72628ad,0.939
1456322521.0,b51f0a61,0.929
1456322521.0,1b611c60,0.929
1456322521.0,abb42d56,0.929
1456322521.0,1c83ff33,0.979
1456322521.0,607a5b45,0.989
1456322521.0,922129f9,0.959
1456322521.0,c23345b4,0.919
1456322521.0,7999ba62,0.929
1456322521.0,460c6eb9,0.949
1456322521.0,b7dba17c,0.939
1456322521.0,85b6788a,0.959
1456322521.0,3f147b18,0.929
1456322521.0,64a186d2,0.949
1456322521.0,c15538a6,0.999
1456322521.0,1febf6ac,0.919
1456322521.0,d56a4712,0.979
1456322521.0,fa657190,0.969
1456322521.0,c5b39c57,0.949
1456322521.0,b48db3d0,0.959
1456322521.0,4015542f,0.959
1456322521.0,ddd15cbb,0.989
1456322521.0,7d5bf573,0.909
1456322521.0,0feab2d6,0.939
1456322521.0,7dfddaf9,0.959
1456322521.0,bf4ccf7b,0.989
1456322521.0,c060503d,0.949
1456322521.0,7a8bfc02,0.959
1456322521.0,99a0f87e,0.939
1456322521.0,7771824e,0.939
1456322521.0,1898c240,0.989
1456322521.0,655c57b5,0.939
1456322521.0,d5fd7f0e,0.949
1456322521.0,5ef22064,0.959
1456322521.0,9a52a6cd,0.949
1456322521.0,d5b6651a,0.939
1456322521.0,f6c7ffc6,1.039
1456322521.0,df7fa5fe,0.929
1456322521.0,be6a8603,0.999
1456322521.0,13b8b105,0.969
1456322521.0,c232241f,0.959
1456322521.0,d89d5f83,0.929
1456322521.0,3959f076,0.939
1456322521.0,e47205b5,0.939
1456322521.0,305c755c,0.939
1456322521.0,d52f4585,0.979
1456322521.0,01decbb4,0.959
1456322521.0,6598cfb9,0.949
1456322521.0,8e4d1e9d,0.979
1456322521.0,c7d8f43f,0.919
1456322521.0,e1b2f9c0,0.939
1456322521.0,a14af66a,0.949
1456322521.0,a176d119,0.949
1456322521.0,4d87be41,0.969
1456322521.0,89376981,0.949
1456322521.0,d161f15f,0.959
1456322521.0,cb511574,0.929
1456322521.0,a705a30f,0.999
1456322521.0,a38344c9,0.939
1456322521.0,215c30e8,0.949
1456322521.0,136065e7,1.009
1456322521.0,254d26d3,0.949
1456322521.0,ad7b7c05,0.949
1456322521.0,b3141223,0.999
1456322521.0,75cdd5eb,0.959
1456322521.0,ddd25787,1.009
1456322521.0,c78ef341,0.979
1456322521.0,6aeae29e,1.019
1456322521.0,2cb5ba1b,0.959
1456322521.0,c4c2ead1,0.989
1456322521.0,,0.959
1456322521.0,0b96eaac,0.949
1456322521.0,dcd7801a,0.939
1456322521.0,6a19a25a,0.959
1456322521.0,03cdbd16,0.989
1456322521.0,cb98fbad,0.959
1456322521.0,dd154694,0.939
1456322521.0,9238f031,0.939
1456322521.0,6065d7c5,0.969
1456322521.0,b066103f,0.939
1456322521.0,7faaef53,1.009
1456322521.0,a2729b52,0.959
1456322521.0,f233face,0.969
1456322521.0,930fbc1c,0.989
1456322521.0,dbce00b6,0.949
1456322521.0,8c716afc,0.999
1456322521.0,9fa8d44e,0.999
1456322521.0,7f4e0339,0.989
1456322521.0,1cd02c26,0.969
1456322521.0,e01507d6,0.989
1456322521.0,0d8a8599,0.969
1456322521.0,7e76b239,0.974
1456322521.0,b6387436,0.989
1456322521.0,89d43501,0.969
1456322521.0,c78085b8,0.949
1456322521.0,7cdcdb86,0.959
1456322521.0,b191b282,0.949
1456322521.0,c8d87efe,0.999
1456322521.0,5aede176,0.949
1456322521.0,fd3cde5f,1.019
1456322521.0,27792a3d,0.949
1456322521.0,11450a74,0.959
1456322521.0,189a4381,0.969
1456322521.0,df43a8b2,0.929
1456322521.0,a8b30b85,1.019
1456322521.0,72cb62f7,0.949
1456322521.0,a07f741f,0.989
1456322521.0,a676af82,0.979
1456322521.0,dc57dd3e,0.979
1456322521.0,6aba67c5,0.929
1456322521.0,1cb7429a,0.959
1456322521.0,,1.019
1456322521.0,398f397d,0.979
1456322521.0,22d16d09,0.949
1456322521.0,ae3fcddd,0.949
1456322521.0,4a978308,0.979
1456322521.0,21f51b7d,0.959
1456322521.0,a40a6e44,0.959
1456322521.0,e57dfb90,1.009
1456322521.0,c441e36d,1.009
1456322521.0,4be880d0,0.969
1456322521.0,048e7fdc,1.009
1456322521.0,81be7dbb,0.969
1456322521.0,c86f3c0f,0.949
1456322521.0,e946aba1,0.949
1456322521.0,1922bce9,0.939
1456322521.0,12fc2a75,0.969
1456322521.0,9b7becbc,0.979
1456322521.0,e2feb644,0.999
1456322521.0,29bd5a9a,0.929
1456322521.0,598ebfd8,1.009
1456322521.0,2af629f5,0.929
1456322521.0,103ca42c,0.949
1456322521.0,2976f46b,0.959
1456322521.0,3b06308c,0.999
1456322521.0,ae88cb1f,0.959
1456322521.0,70efa82e,0.959
1456322521.0,a03c9b78,0.999
1456322521.0,287b8e5b,0.959
1456322521.0,edd40aaa,0.999
1456322521.0,7fc3def3,0.959
1456322521.0,ec0f640c,0.979
1456322521.0,860a70dd,0.999
1456322521.0,241a49d8,0.969
1456322521.0,d59d4bb4,0.939
1456322521.0,6bd14210,0.949
1456322521.0,d80a7ccf,0.949
1456322521.0,fad136e0,0.959
1456322521.0,66691780,0.959
1456322521.0,fd334dae,0.949
1456322521.0,fedb2736,0.969
1456322521.0,3a2ef803,0.969
1456322521.0,daecd82c,0.959
1456322521.0,a1904e6e,0.979
1456322521.0,7f90a219,0.949
1456322521.0,f723b50e,0.949
1456322521.0,98acaed1,0.929
1456322521.0,d16d0a6e,0.999
1456322521.0,dee66d10,0.949
1456322521.0,408faf33,0.949
1456322521.0,073b7de4,1.019
1456322521.0,7c4e6cc9,0.929
1456322521.0,6aa8dde2,1.009
1456322521.0,dff52c69,0.949
1456322521.0,9593b2f6,0.919
1456322521.0,51ebd486,0.929
1456322521.0,cf8764e5,0.939
1456322521.0,53df0ec3,0.989
1456322521.0,67ffc54d,0.939
1456322521.0,e904bee6,0.929
1456322521.0,45b03d62,0.939
1456322521.0,2132dc97,0.939
1456322521.0,d921f4ce,0.929
1456322521.0,e65042ca,0.929
1456322521.0,7f3fc915,0.979
1456322521.0,b27b4435,0.959
1456322521.0,a314e8b8,0.969
1456322521.0,bc29eda7,0.939
1456322521.0,9da51b85,0.979
1456322521.0,e3e96875,0.919
1456322521.0,c78b7333,0.979
1456322521.0,9ffeb5ed,0.959
1456322521.0,cef28ece,0.929
1456322521.0,12d210d8,0.949
1456322521.0,9c16f557,0.909
1456322521.0,62f01f83,0.959
1456322521.0,48666ddb,0.919
1456322521.0,30eed8b6,0.939
1456322521.0,253ddd10,0.929
1456322521.0,72615718,0.939
1456322521.0,fc2ec0dc,0.989
1456322521.0,010fdae7,0.939
1456322521.0,63f573eb,0.969
1456322521.0,0757f54d,0.979
1456322521.0,2f20611a,0.929
1456322521.0,78563886,0.919
1456322521.0,96a5f54a,0.949
1456322521.0,04c55c68,0.949
1456322521.0,440673be,0.979
1456322521.0,c687a4a1,0.929
1456322521.0,c52d9727,0.979
1456322521.0,476699aa,0.909
1456322521.0,83c9051f,0.969
1456322521.0,1ca78cac,0.919
1456322521.0,5dea9761,0.919
1456322521.0,5b60b9f6,0.949
1456322521.0,3b9fb083,0.999
1456322521.0,d137631c,0.939
1456322521.0,3b9765f2,0.919
1456322521.0,0c83befd,0.949
1456322521.0,2917c697,0.939
1456322521.0,efe3611d,0.969
1456322521.0,b912a2af,0.939
1456322521.0,a7984b2a,0.929
1456322521.0,35e560ad,0.969
1456322521.0,b0777eff,0.969
1456322521.0,81d8b241,0.959
1456322521.0,73d508f6,0.919
1456322521.0,d3bb1de9,0.919
1456322521.0,8f280c89,0.939
1456322521.0,637e523f,0.919
1456322521.0,613352d7,0.969
1456322521.0,8eaac040,0.979
1456322521.0,418815f0,0.949
1456322521.0,1c7a02ad,0.959
1456322521.0,a8329ca7,0.919
1456322521.0,49a9b4e0,0.999
1456322521.0,fabaa853,0.959
1456322521.0,5ca22d34,0.929
1456322521.0,e8cb3a6b,0.959
1456322521.0,fb17adac,0.979
1456322521.0,7616bc62,0.989
1456322521.0,d4391500,0.959
1456322521.0,26f14416,0.939
1456322521.0,21ab2968,0.989
1456322521.0,881e9700,0.979
1456322521.0,08805dfe,1.049
1456322521.0,fc30928f,0.959
1456322521.0,35b3e2a2,0.939
1456322521.0,1f37368c,0.939
1456322521.0,e03ab537,0.999
1456322521.0,d21a57fd,0.939
1456322521.0,a894c70b,0.959
1456322521.0,a625d115,0.949
1456322521.0,ae5da76e,0.929
1456322521.0,ae7c1497,0.969
1456322521.0,6319bbbb,1.029
1456322521.0,3b5de5d2,0.949
1456322521.0,fac91609,0.949
1456322521.0,a58775a0,0.959
1456322521.0,5fb10ad5,0.949
1456322521.0,db462146,0.969
1456322521.0,d96a698b,0.949
1456322521.0,79555dbb,0.929
1456322521.0,fb9a8547,0.879
1456322521.0,c7cc37d7,1.029
1456322521.0,6edd64cb,0.969
1456322521.0,e8ee4568,0.939
1456322521.0,4f3ac261,0.989
1456322521.0,878510cb,0.959
1456322521.0,26f7c61c,0.899
1456322521.0,f78f34d4,1.009
1456322521.0,6af75028,1.039
1456322521.0,8bad9db5,0.969
1456322521.0,e70bbd05,0.959
1456322521.0,0088407b,0.999
1456322521.0,3f3da6de,0.939
1456322521.0,19dd6ffa,0.949
1456322521.0,d6485ff3,0.939
1456322521.0,41d483a2,0.979
1456322521.0,a5b00954,0.989
1456322521.0,f2458f35,0.989
1456322521.0,0f574058,1.019
1456322521.0,100b6cf2,0.969
1456322521.0,e5561b2d,0.939
1456322521.0,37c87f5e,0.959
1456322521.0,f885a3d3,0.989
1456322521.0,8e8a5274,0.919
1456322521.0,a98772fc,0.969
1456322521.0,235541b4,0.959
1456322521.0,d02c3a0e,0.939
1456322521.0,2080cd01,0.959
1456322521.0,3b9d2939,0.929
1456322521.0,3435fb8d,1.009
1456322521.0,3ca42fdd,0.979
1456322521.0,5463fafc,0.929
1456322521.0,b99abf38,0.959
1456322521.0,70a38521,0.939
1456322521.0,6039b8e3,0.959
1456322521.0,ccd1f9f2,0.979
1456322521.0,369b5326,0.969
1456322521.0,bcb00f3f,0.969
1456322521.0,c17eb923,0.929
1456322521.0,77c875bb,0.979
1456322521.0,e837786a,0.979
1456322521.0,39bd20ff,0.969
1456322521.0,ba33f726,0.969
1456322521.0,774ee61f,0.989
1456322521.0,278329af,0.959
1456322521.0,5e3d40d3,0.949
1456322521.0,69b3e99c,0.949
1456322521.0,8e4357a4,0.929
1456322521.0,06865c2e,0.969
1456322521.0,2c9d609d,0.949
1456322521.0,4ff9d49d,0.989
1456322521.0,ac8fe45c,0.969
1456322521.0,bbbc6ece,0.959
1456322521.0,6ab5f130,0.974
1456322521.0,5b0a2fcf,0.939
1456322521.0,af766fc5,0.959
1456322521.0,f72a7ec2,0.959
1456322521.0,6decf6c4,0.949
1456322521.0,b32694b6,0.959
1456322521.0,b662488a,0.939
1456322521.0,c408f13e,0.949
1456322521.0,4baeb9d6,0.969
1456322521.0,d83a98ce,0.949
1456322521.0,47a5253e,0.989
1456322521.0,5928fc5b,0.979
1456322521.0,8e25d9aa,0.959
1456322521.0,4b92e661,0.999
1456322521.0,dcb337e4,0.959
1456322521.0,a10d5095,0.939
1456322521.0,38cc0cb5,0.929
1456322521.0,,0.979
1456322521.0,28c16e42,0.979
1456322521.0,98f928d6,0.949
1456322521.0,4527646d,0.929
1456322521.0,602ec85f,0.979
1456322521.0,,0.949
1456322521.0,2ce7ea0e,0.969
1456322521.0,5d45148e,0.979
1456322521.0,be9c118a,0.949
1456322521.0,4446050c,0.959
1456322521.0,669b7d94,0.969
1456322521.0,9272dad9,0.979
1456322521.0,ddb691b0,0.949
1456322521.0,39c1eecb,0.964
1456322521.0,dc9494a5,0.979
1456322521.0,460a08a3,0.939
1456322521.0,a20ae2e0,0.949
1456322521.0,9e0e4f3e,0.989
1456322521.0,1bae705e,0.979
1456322521.0,f0261559,0.959
1456322521.0,6643d108,0.959
1456322521.0,821f92f0,0.939
1456322521.0,d556f79b,0.919
1456322521.0,22521c52,0.979
1456322521.0,e3669521,0.999
1456322521.0,cbe160e3,0.949
1456322521.0,4d470b9f,0.939
1456322521.0,6f40a7c4,0.969
1456322521.0,3487a048,0.929
1456322521.0,257e72cc,0.989
1456322521.0,2bd2ffb1,0.989
1456322521.0,86fe7e76,0.969
1456322521.0,d64dcb15,0.959
1456322521.0,eb680822,0.959
1456322521.0,8cd391f3,0.919
1456322521.0,c9d0b757,0.919
1456322521.0,9ba26da7,0.939
1456322521.0,9fc5c687,0.939
1456322521.0,345de47d,1.019
1456322521.0,1d1829c8,0.939
1456322521.0,bc3ec897,0.949
1456322521.0,8f39da00,0.959
1456322521.0,03b3aa33,0.919
1456322521.0,068f53ad,0.919
1456322521.0,af83f8c0,0.949
1456322521.0,29e79793,0.949
1456322521.0,5ff01128,0.939
1456322521.0,9d7fe73c,0.929
1456322521.0,23efaa4b,0.919
1456322521.0,8785401b,0.949
1456322521.0,caa3866b,0.949
1456322521.0,a65d4e81,0.909
1456322521.0,fcb53c89,0.969
1456322521.0,d881269d,0.999
1456322521.0,caf4c5e5,0.959
1456322521.0,322c083e,0.929
1456322521.0,15d36622,0.969
1456322521.0,2b508314,0.979
1456322521.0,a8154896,0.939
1456322521.0,3e1a04a2,0.959
1456322521.0,1553efff,0.959
1456322521.0,d1a41417,0.969
1456322521.0,038e6a0c,0.929
1456322521.0,db414715,0.969
1456322521.0,fe9c0e02,0.969
1456322521.0,5d25b0e7,0.959
1456322521.0,09d90f95,0.959
1456322521.0,5cb6e8a5,0.969
1456322521.0,b07fa89b,0.939
1456322521.0,7232ac4c,0.949
1456322521.0,4604fb62,0.979
1456322521.0,8a72c03e,0.929
1456322521.0,c8b41091,0.939
1456322521.0,a4deb49e,0.939
1456322521.0,5b70fdaa,1.009
1456322521.0,1425b025,0.959
1456322521.0,d9663827,0.959
1456322521.0,f2ba4bc6,0.969
1456322521.0,f8d71c41,0.939
1456322521.0,a7b1a4ab,0.949
1456322521.0,f85abf7d,0.959
1456322521.0,6514f251,0.959
1456322521.0,400e5197,0.939
1456322521.0,086cb9a9,0.949
1456322521.0,ecc75f2c,0.949
1456322521.0,2237382a,1.009
1456322521.0,731e56e7,0.979
1456322521.0,6b5979c5,0.939
1456322521.0,be5dd10f,0.959
1456322521.0,a9ac5f0c,0.958
1456322521.0,4cc0a19b,0.949
1456322521.0,a7987242,0.969
1456322521.0,b3898d20,0.949
1456322521.0,d96f8933,0.979
1456322521.0,bdc12d8e,0.949
1456322521.0,b0cbad3f,0.969
1456322521.0,3501927a,1.019
1456322521.0,39edd173,0.969
1456322521.0,768030e0,0.938
1456322521.0,85e1584b,0.989
1456322521.0,9636dbe4,0.959
1456322521.0,40271791,0.979
1456322521.0,ee7c2d70,0.979
1456322521.0,93157d05,0.989
1456322521.0,d69a2326,0.979
1456322521.0,fe909c5b,0.979
1456322521.0,4ffb64c8,0.989
1456322521.0,a9f47df0,0.989
1456322521.0,ae3c2fda,0.979
1456322521.0,e9c8afa0,0.989
1456322521.0,5204d6df,0.989
1456322521.0,92740284,0.949
1456322521.0,1fdc64f7,0.949
1456322521.0,,0.949
1456322521.0,d5b64c05,0.949
1456322521.0,210d7aa0,0.989
1456322521.0,bedf720e,0.959
1456322521.0,f4105cbc,0.959
1456322521.0,9f34d3c7,0.959
1456322521.0,37741f9a,1.009
1456322521.0,573b539e,0.969
1456322521.0,a59c4cfa,0.979
1456322521.0,83f13659,1.039
1456322521.0,58ec06f1,0.979
1456322521.0,1a839c73,0.959
1456322521.0,,0.979
1456322521.0,9a0a078c,0.948
1456322521.0,5c59a043,0.959
1456322521.0,f05206bf,0.959
1456322521.0,c38e01fd,0.939
1456322521.0,9acedda4,0.969
1456322521.0,2e5cae9f,0.959
1456322521.0,aea5cadc,0.969
1456322521.0,a5b43fe1,0.959
1456322521.0,aa10726f,0.939
1456322521.0,d1ff19d3,0.969
1456322521.0,8098495e,0.969
1456322521.0,30389cde,0.959
1456322521.0,5982ef09,0.949
1456322521.0,c257e761,0.959
1456322521.0,d6f1e726,0.969
1456322521.0,54f751e5,0.949
1456322521.0,e3f9ebe0,0.959
1456322521.0,196134a5,0.959
1456322521.0,558f57a1,0.989
1456322521.0,,0.999
1456322521.0,5ab36501,0.949
1456322521.0,b0b0be19,0.939
1456322521.0,db2c1d84,0.969
1456322521.0,fdda2a1f,0.959
1456322521.0,dedc2342,0.919
1456322521.0,421a6353,0.949
1456322521.0,c9850105,0.919
1456322521.0,edde0c0f,1.029
1456322521.0,220f070d,0.979
1456322521.0,59ae9cca,0.939
1456322521.0,3c227dc2,0.979
1456322521.0,57b493fa,0.959
1456322521.0,c4348493,0.989
1456322521.0,32c905a8,0.989
1456322521.0,63f5a00a,0.959
1456322521.0,8e0d1caa,1.019
1456322521.0,44222522,0.939
1456322521.0,ee19e026,0.959
1456322521.0,b3b0a131,0.949
1456322521.0,d1deaf7f,0.969
1456322521.0,14da1401,0.969
1456322521.0,ece022de,0.939
1456322521.0,ed0f06c1,0.979
1456322521.0,cb987f86,0.989
1456322521.0,aef9c468,0.999
1456322521.0,65a0b74e,0.959
1456322521.0,9eb9c031,0.949
1456322521.0,abb8ccea,0.999
1456322521.0,9755b499,0.969
1456322521.0,5363d71f,0.959
1456322521.0,75a2e00a,0.919
1456322521.0,33f25c75,0.969
1456322521.0,b205cecb,0.969
1456322521.0,26562367,0.999
1456322521.0,cd6facd7,0.939
1456322521.0,f2c8e01a,0.959
1456322521.0,8f767099,0.949
1456322521.0,19f036ce,1.029
1456322521.0,76f9948e,0.949
1456322521.0,c93210c8,0.999
1456322521.0,d5ed0ac8,0.949
1456322521.0,,0.949
1456322521.0,e4c3638f,0.959
1456322521.0,73b03911,0.999
1456322521.0,136c3dcd,0.949
1456322521.0,0d6640ae,0.949
1456322521.0,cf017ad5,0.929
1456322521.0,2ee8e08d,0.949
1456322521.0,4d5ab1e1,0.949
1456322521.0,9f82b029,0.989
1456322521.0,f36b3182,0.959
1456322521.0,b598078e,0.979
1456322521.0,10f309c6,0.949
1456322521.0,5bdf1cdf,0.989
1456322521.0,8117afb7,0.949
1456322521.0,3335bb20,0.949
1456322521.0,3bfc6e44,0.979
1456322521.0,f290a992,0.939
1456322521.0,1d2f1425,0.929
1456322521.0,fa5a267f,0.999
1456322521.0,e0e02d9a,0.919
1456322521.0,6c90e89a,0.919
1456322521.0,56ea4a71,0.929
1456322521.0,bcab79d7,0.939
1456322521.0,5d0bbc06,0.919
1456322521.0,35c85b81,0.919
1456322521.0,f1f57418,0.909
1456322521.0,c59b6311,0.949
1456322521.0,2a684001,0.939
1456322521.0,d07d6e2f,0.989
1456322521.0,6d8cc159,0.969
1456322521.0,0ee7204e,0.919
1456322521.0,78f791f9,0.949
1456322521.0,eeca31d3,0.999
1456322521.0,a167f6d7,0.959
1456322521.0,9398e203,0.949
1456322521.0,94df3c4a,0.989
1456322521.0,,0.909
1456322521.0,fc086bfa,0.969
1456322521.0,fc59259b,0.959
1456322521.0,1cdbfafd,0.939
1456322521.0,64e31076,0.979
1456322521.0,c7cf7e3e,0.989
1456322521.0,b4a13ec7,0.969
1456322521.0,844861f9,0.949
1456322521.0,9ebd92af,0.939
1456322521.0,469d3f8c,0.969
1456322521.0,0955d064,0.969
1456322521.0,dc387962,0.949
1456322521.0,4c13609c,0.989
1456322521.0,530fa955,0.979
1456322521.0,97588053,0.949
1456322521.0,82812943,0.949
1456322521.0,fa216f55,0.999
1456322521.0,67c5b01c,0.949
1456322521.0,f9294b46,0.979
1456322521.0,c57bb6b4,0.949
1456322521.0,cf98a394,0.949
1456322521.0,fcb3f0ac,0.949
1456322521.0,9cb41098,1.009
1456322521.0,415c90aa,0.959
1456322521.0,a9864022,0.939
1456322521.0,524b14cc,0.959
1456322521.0,7c3d138b,0.929
1456322521.0,652a7261,0.949
1456322521.0,53567364,0.969
1456322521.0,0b1eb29a,0.959
1456322521.0,e1920309,0.959
1456322521.0,4d5330ca,0.969
1456322521.0,98ba3c6d,0.969
1456322521.0,d361cee8,0.989
1456322521.0,0a501873,0.979
1456322521.0,5d5a9bdb,0.949
1456322521.0,0eeb22de,0.979
1456322521.0,8838e6a7,0.979
1456322521.0,ddbf70bf,0.999
1456322521.0,360e9fbc,0.969
1456322521.0,90f776c5,0.959
1456322521.0,a1d1ae1e,0.919
1456322521.0,69055d76,0.949
1456322521.0,4f57cc33,0.979
1456322521.0,7dc477e0,0.929
1456322521.0,09c4d8a3,0.969
1456322521.0,2ae6578d,0.959
1456322521.0,d1780d08,0.969
1456322521.0,6d97a497,0.949
1456322521.0,2fab73d2,0.929
1456322521.0,8a3f89ed,0.989
1456322521.0,8f6f71cb,0.919
1456322761.0,16585150,0.959
1456322761.0,bf66734b,0.969
1456322761.0,2fbb9c5a,0.939
1456322761.0,c27a8db0,0.947
1456322761.0,a6389424,0.949
1456322761.0,3a4ffbbf,0.959
1456322761.0,1738722f,0.999
1456322761.0,dc82bdd6,0.979
1456322761.0,e75954a3,0.979
1456322761.0,f72fa144,0.949
1456322761.0,7f0a95e2,0.959
1456322761.0,72c6425d,0.999
1456322761.0,c32a82d9,0.999
1456322761.0,a227c930,0.959
1456322761.0,01f0fa8d,0.969
1456322761.0,f0d132f4,1.004
1456322761.0,f64d5154,0.939
1456322761.0,0efd5423,0.959
1456322761.0,dd270564,0.939
1456322761.0,bcbe32bc,0.949
1456322761.0,c0bff642,0.939
1456322761.0,731a1055,0.939
1456322761.0,dd59fed2,0.959
1456322761.0,7d98e545,0.939
1456322761.0,d8834ec2,0.999
1456322761.0,81eb1428,0.939
1456322761.0,16a6da02,0.929
1456322761.0,4a4c4dca,0.959
1456322761.0,9530b219,0.979
1456322761.0,42b1b318,1.009
1456322761.0,417dc490,0.969
1456322761.0,fa482668,0.949
1456322761.0,64a186d2,0.919
1456322761.0,0e65094f,0.949
1456322761.0,57f9c142,0.959
1456322761.0,a979524c,0.939
1456322761.0,08311643,0.929
1456322761.0,6a74be04,0.989
1456322761.0,4cee5beb,0.959
1456322761.0,fc64f929,0.949
1456322761.0,5426515a,0.949
1456322761.0,b524582e,0.959
1456322761.0,debd4594,0.949
1456322761.0,9694fac5,0.979
1456322761.0,b7fdbb95,0.959
1456322761.0,831b5225,0.929
1456322761.0,00206126,0.949
1456322761.0,7b80d32c,0.949
1456322761.0,9423afb9,0.949
1456322761.0,74767a2c,0.949
1456322761.0,5f7106c3,0.989
1456322761.0,3201c40b,0.939
1456322761.0,87531960,0.979
1456322761.0,e32371df,0.979
1456322761.0,dcbfbcf3,0.939
1456322761.0,2a7a2a42,0.969
1456322761.0,9bf65a40,0.959
1456322761.0,1027f7e1,0.959
1456322761.0,ed770a27,0.979
1456322761.0,33a40844,0.979
1456322761.0,655c57b5,0.939
1456322761.0,f4eea80c,0.949
1456322761.0,8d7cf3c9,0.989
1456322761.0,d10d6c8d,0.939
1456322761.0,d5a86b4b,1.059
1456322761.0,5000f0c5,0.939
1456322761.0,c2cfa7d5,0.939
1456322761.0,3b937318,0.959
1456322761.0,a25aae71,0.949
1456322761.0,a66ed93a,0.979
1456322761.0,f53a8f17,0.959
1456322761.0,22878111,0.929
1456322761.0,eeb16be0,0.929
1456322761.0,d33634e3,0.929
1456322761.0,7b3fcbc6,0.959
1456322761.0,796dcdf3,0.969
1456322761.0,2753be9b,0.949
1456322761.0,4b36fa89,0.959
1456322761.0,d34c2ebc,0.944
1456322761.0,86cc51ec,0.989
1456322761.0,3b11c17c,1.009
1456322761.0,30546742,0.959
1456322761.0,79ca8f37,0.989
1456322761.0,e37ae88a,0.959
1456322761.0,832073a2,0.929
1456322761.0,3fdc1762,0.929
1456322761.0,aa5b4d9a,0.949
1456322761.0,a46b4f3d,0.929
1456322761.0,7e01bac4,0.979
1456322761.0,0722a606,1.009
1456322761.0,0618ae27,0.969
1456322761.0,14af1303,0.959
1456322761.0,edd33695,0.939
1456322761.0,4146a204,1.019
1456322761.0,9baa546c,0.979
1456322761.0,aae7e937,0.989
1456322761.0,32c66e9a,0.969
1456322761.0,2cb5ba1b,0.959
1456322761.0,97ba0d32,0.949
1456322761.0,3aba7e15,0.969
1456322761.0,0c5920e5,0.929
1456322761.0,84b346b1,0.979
1456322761.0,17d98ba9,0.949
1456322761.0,05976f26,0.939
1456322761.0,da3e3f70,0.969
1456322761.0,ea2d6eca,0.979
1456322761.0,03cdbd16,0.979
1456322761.0,fa92cd9b,0.959
1456322761.0,b0a76bca,0.969
1456322761.0,be8e21ab,0.989
1456322761.0,b4b8fe99,0.949
1456322761.0,2f8220df,0.959
1456322761.0,45dd43b7,0.959
1456322761.0,,0.959
1456322761.0,f5ddff39,0.949
1456322761.0,d650bbff,0.989
1456322761.0,ec4683cf,0.939
1456322761.0,904d15e4,0.929
1456322761.0,861dd273,0.919
1456322761.0,e1dc56d2,0.929
1456322761.0,6735727d,0.929
1456322761.0,8f84a914,0.939
1456322761.0,dd5271ec,0.979
1456322761.0,a2459b61,0.979
1456322761.0,d596df4f,0.999
1456322761.0,cf228ee3,0.979
1456322761.0,f38a8e26,1.009
1456322761.0,403c6797,0.929
1456322761.0,9bf2ca69,0.989
1456322761.0,6781fe81,0.979
1456322761.0,82fb994b,0.949
1456322761.0,7a7219bc,0.949
1456322761.0,3ca3cce3,0.969
1456322761.0,3663fc5c,0.949
1456322761.0,0aececa4,0.959
1456322761.0,d9e1665f,0.949
1456322761.0,3c9e1eb4,0.919
1456322761.0,e16e5312,0.959
1456322761.0,22bd49d5,1.009
1456322761.0,1d3d3ee8,0.939
1456322761.0,e6c64a05,0.999
1456322761.0,7785d660,0.979
1456322761.0,91b59473,0.959
1456322761.0,0491309a,0.979
1456322761.0,f12b117d,0.949
1456322761.0,de4dfcb8,0.969
1456322761.0,6b7777cb,0.919
1456322761.0,ae9b302a,0.939
1456322761.0,305b11b7,0.969
1456322761.0,8a3d4726,0.919
1456322761.0,d15de565,0.979
1456322761.0,4d248889,0.949
1456322761.0,5bcbe59f,0.949
1456322761.0,01735f50,0.949
1456322761.0,894d4a6d,0.929
1456322761.0,e7c76ce2,0.969
1456322761.0,9ec908ec,1.019
1456322761.0,f4af1b17,0.979
1456322761.0,f8ebbae1,0.969
1456322761.0,036e385d,0.959
1456322761.0,507d25cf,1.009
1456322761.0,cbaf22db,0.969
1456322761.0,7a760845,0.939
1456322761.0,c8216f55,0.949
1456322761.0,c862713a,0.979
1456322761.0,dbee4a44,0.949
1456322761.0,7f9a33f8,0.969
1456322761.0,719aa84a,0.979
1456322761.0,13228d53,0.969
1456322761.0,83cc51b1,0.959
1456322761.0,b49fc8ed,0.979
1456322761.0,7bed69b1,0.919
1456322761.0,251d80d6,0.949
1456322761.0,57b4fcab,0.989
1456322761.0,f6d88954,0.959
1456322761.0,4afaa787,0.959
1456322761.0,2febafeb,0.979
1456322761.0,a376033a,0.979
1456322761.0,21dc0042,0.949
1456322761.0,fca1ea0f,0.939
1456322761.0,2f6a5cea,0.959
1456322761.0,72162ebe,0.969
1456322761.0,488e0fcf,0.939
1456322761.0,5a599746,0.949
1456322761.0,03719a0b,0.969
1456322761.0,2ec70998,0.909
1456322761.0,e487e118,0.979
1456322761.0,bbd94150,0.969
1456322761.0,38cbcd42,1.019
1456322761.0,3094c3d0,1.069
1456322761.0,5773d9f5,0.949
1456322761.0,6e416e85,0.959
1456322761.0,67fb9f82,0.959
1456322761.0,7f90a219,0.949
1456322761.0,5fcf7eea,0.959
1456322761.0,bb41a6c9,0.949
1456322761.0,c6d5ab7e,0.979
1456322761.0,c43140bc,0.969
1456322761.0,a37cd3e6,0.959
1456322761.0,76e85116,0.929
1456322761.0,3273810e,0.979
1456322761.0,d887646b,0.939
1456322761.0,7001785d,0.949
1456322761.0,b6ba34e1,0.939
1456322761.0,460a378a,0.939
1456322761.0,91170ebc,0.949
1456322761.0,68f4a74c,0.929
1456322761.0,bf8c6324,0.929
1456322761.0,cbc5f7c3,0.939
1456322761.0,165068db,0.949
1456322761.0,7694edff,0.959
1456322761.0,2815cfa2,0.949
1456322761.0,545c4117,0.909
1456322761.0,619a79d6,0.969
1456322761.0,eb0ad874,0.909
1456322761.0,cca8f84d,0.939
1456322761.0,25e13742,0.939
1456322761.0,178c1416,0.959
1456322761.0,d9749191,0.949
1456322761.0,77017769,0.969
1456322761.0,740b965a,1.009
1456322761.0,8e01dbc3,0.959
1456322761.0,e99f823b,0.959
1456322761.0,d0407554,0.939
1456322761.0,7cad2e85,0.969
1456322761.0,49098718,1.039
1456322761.0,9672aa1d,0.959
1456322761.0,a9a62b06,0.959
1456322761.0,143e78de,0.939
1456322761.0,20bf2483,0.979
1456322761.0,631aa32c,0.939
1456322761.0,67185f46,0.999
1456322761.0,59005fdf,0.959
1456322761.0,da93bb21,0.929
1456322761.0,919c9e96,0.989
1456322761.0,e0d89735,1.019
1456322761.0,,0.959
1456322761.0,1df9dc01,0.969
1456322761.0,8c1c23fb,0.929
1456322761.0,2df8fc01,0.949
1456322761.0,57b28a51,0.919
1456322761.0,2276c640,0.919
1456322761.0,6a0d1e37,1.039
1456322761.0,a5647053,0.969
1456322761.0,8cfcff71,0.919
1456322761.0,54a44614,0.949
1456322761.0,b30ca48e,0.959
1456322761.0,b061fef9,0.929
1456322761.0,e5e2ac35,0.989
1456322761.0,1ae63c31,0.949
1456322761.0,863245a5,0.959
1456322761.0,02c0b252,0.949
1456322761.0,1e7c15e2,0.929
1456322761.0,f75e28b0,0.939
1456322761.0,1902d951,0.959
1456322761.0,0df7c170,0.939
1456322761.0,14296800,0.939
1456322761.0,6a276ef2,0.949
1456322761.0,a3af7ef1,0.949
1456322761.0,b4be46ac,0.934
1456322761.0,4734ef79,0.939
1456322761.0,15a5d68a,0.949
1456322761.0,acca0be9,0.949
1456322761.0,6eaed040,0.979
1456322761.0,49644a9b,0.979
1456322761.0,474197ee,0.979
1456322761.0,443ddb72,0.989
1456322761.0,5cdcf2a5,0.959
1456322761.0,9bcd0dae,0.969
1456322761.0,bb0418d7,0.939
1456322761.0,09a0b63a,0.959
1456322761.0,b9456e15,0.949
1456322761.0,64d3ba48,0.979
1456322761.0,8587a0a7,0.949
1456322761.0,4ad60c88,0.979
1456322761.0,87c05c40,0.989
1456322761.0,a7f164b3,0.959
1456322761.0,80d45a73,0.949
1456322761.0,,0.999
1456322761.0,a1605c07,0.939
1456322761.0,eebe0685,0.949
1456322761.0,72c22a1e,0.979
1456322761.0,1d5b89e9,0.949
1456322761.0,05fa8b72,0.979
1456322761.0,76c4a30b,0.939
1456322761.0,badcf1ca,0.949
1456322761.0,60ccb68d,0.969
1456322761.0,88128993,0.959
1456322761.0,ff138580,0.959
1456322761.0,fa99c07b,0.989
1456322761.0,1bc36219,0.959
1456322761.0,33a8b66f,0.919
1456322761.0,7af9d9ad,1.019
1456322761.0,6188876b,0.939
1456322761.0,66571899,0.949
1456322761.0,1c358963,0.959
1456322761.0,8b783ddd,0.939
1456322761.0,7e7b7769,0.929
1456322761.0,5271a4f6,0.939
1456322761.0,4b71d2b1,0.969
1456322761.0,7fa657a5,0.989
1456322761.0,,0.969
1456322761.0,613ea133,0.999
1456322761.0,9ee8e646,0.969
1456322761.0,49c222c8,0.969
1456322761.0,c1bc3b48,0.959
1456322761.0,7f2d651e,0.939
1456322761.0,11bd050d,0.949
1456322761.0,c2bf8f60,0.929
1456322761.0,78962747,1.009
1456322761.0,bef35d30,0.939
1456322761.0,cedf23e6,0.949
1456322761.0,b026b716,0.969
1456322761.0,7858e931,0.949
1456322761.0,188e69f1,0.949
1456322761.0,66e3c96f,0.929
1456322761.0,9c708662,0.939
1456322761.0,ab473015,0.969
1456322761.0,dd487ced,0.929
1456322761.0,1fef1b51,0.959
1456322761.0,3d5d3cef,0.959
1456322761.0,31a9b6e7,0.969
1456322761.0,4cb2a111,0.959
1456322761.0,b1172c22,0.989
1456322761.0,8fcd6088,0.939
1456322761.0,21fb52c4,0.969
1456322761.0,41c3b887,0.939
1456322761.0,a50be724,0.969
1456322761.0,ce714a39,0.969
1456322761.0,d54426c4,0.969
1456322761.0,307b02ce,0.969
1456322761.0,f9660ed1,1.049
1456322761.0,7cf7e16b,0.989
1456322761.0,d2b45043,0.979
1456322761.0,8a3aa486,0.979
1456322761.0,3bafbbfc,0.969
1456322761.0,98c5755b,0.959
1456322761.0,2b428719,0.939
1456322761.0,43ebfdc2,0.959
1456322761.0,965ccdb6,0.939
1456322761.0,4e3aa155,0.949
1456322761.0,2b7cf924,0.979
1456322761.0,b84742db,0.969
1456322761.0,cfe82c42,0.969
1456322761.0,7bfdb8c2,0.969
1456322761.0,46950b68,0.929
1456322761.0,78e8bb93,0.939
1456322761.0,63038217,0.939
1456322761.0,c44abeea,0.979
1456322761.0,626de707,0.969
1456322761.0,d556f79b,0.919
1456322761.0,72ecbc2d,0.989
1456322761.0,9e47d969,0.939
1456322761.0,c08d3d8e,0.959
1456322761.0,b934f66f,0.939
1456322761.0,d1749881,1.009
1456322761.0,7ed2f8ec,0.949
1456322761.0,ea476e14,0.949
1456322761.0,3edff2fe,0.999
1456322761.0,68480e7b,0.979
1456322761.0,c394bd6a,0.989
1456322761.0,fdf7f420,0.949
1456322761.0,c79adad0,0.949
1456322761.0,f9f28f31,0.959
1456322761.0,8ef380b6,0.999
1456322761.0,0acb65ea,0.999
1456322761.0,8acfd379,0.989
1456322761.0,01fb21d8,0.989
1456322761.0,f5000af4,0.929
1456322761.0,ef80a9d5,0.959
1456322761.0,2d4ea0c1,0.939
1456322761.0,ae6758fc,0.944
1456322761.0,29e79793,0.939
1456322761.0,b7b6386b,0.969
1456322761.0,e466a86a,0.999
1456322761.0,4721b010,0.949
1456322761.0,8f5cffb0,1.009
1456322761.0,0ea9619d,0.949
1456322761.0,71b846ff,0.929
1456322761.0,538bd786,0.919
1456322761.0,01170a5d,0.959
1456322761.0,cbe823ba,0.959
1456322761.0,da9d831f,0.939
1456322761.0,6a1dd3bb,0.979
1456322761.0,2651ccb9,0.949
1456322761.0,48314cda,0.949
1456322761.0,36f5bf63,0.929
1456322761.0,2e2669a6,1.009
1456322761.0,662ae541,0.959
1456322761.0,3ecb2b24,0.969
1456322761.0,be572aa5,0.969
1456322761.0,6162ba82,0.979
1456322761.0,353d57fb,0.949
1456322761.0,b2a8b4b9,0.919
1456322761.0,39195ba2,0.969
1456322761.0,810ecb7a,0.949
1456322761.0,29c5c2e2,0.969
1456322761.0,d65cfd6c,0.969
1456322761.0,0a6dec42,0.919
1456322761.0,2601854e,0.979
1456322761.0,88c2caef,0.999
1456322761.0,37350fbc,0.949
1456322761.0,f7d11bff,1.009
1456322761.0,5ec2ab05,0.969
1456322761.0,5abc5719,0.959
1456322761.0,1cc4daa8,0.989
1456322761.0,c096f63b,0.909
1456322761.0,39614aa8,0.949
1456322761.0,793d12bc,0.964
1456322761.0,e8770e69,0.999
1456322761.0,a668a335,0.979
1456322761.0,1edee463,0.999
1456322761.0,72d26b77,0.959
1456322761.0,54151b0d,0.989
1456322761.0,fa4d44ce,0.979
1456322761.0,cece28cb,0.929
1456322761.0,827dc8bb,0.999
1456322761.0,fe2e5d6e,0.969
1456322761.0,69f7d4d7,0.949
1456322761.0,f2054fb8,0.989
1456322761.0,2ae61bab,0.969
1456322761.0,937baa0c,1.019
1456322761.0,ae26bf83,0.959
1456322761.0,9426443b,0.969
1456322761.0,9c47cca4,0.979
1456322761.0,,0.989
1456322761.0,1ef95412,0.949
1456322761.0,6202734a,0.989
1456322761.0,0c37347b,0.959
1456322761.0,adfff05a,0.979
1456322761.0,ba94f47b,0.939
1456322761.0,33fb9f1a,0.989
1456322761.0,1e78351c,0.969
1456322761.0,7c5c81e2,0.969
1456322761.0,74864c80,0.989
1456322761.0,a3813b89,0.959
1456322761.0,4c74fdcc,0.949
1456322761.0,a3932df8,0.989
1456322761.0,93656c34,0.969
1456322761.0,b04f3f69,0.999
1456322761.0,01d5bb85,0.949
1456322761.0,a32bd6b9,0.899
1456322761.0,67af76e1,0.959
1456322761.0,8c2be7ba,1.149
1456322761.0,2ad0a689,0.989
1456322761.0,1cc005a8,0.919
1456322761.0,74e89a36,0.949
1456322761.0,5204d6df,0.979
1456322761.0,0d1c8f35,0.929
1456322761.0,0c1335db,0.969
1456322761.0,a5998664,0.959
1456322761.0,3bed1f31,0.989
1456322761.0,dc7fb76c,0.949
1456322761.0,bc7724e9,0.974
1456322761.0,708c9a0d,0.959
1456322761.0,a870af34,1.039
1456322761.0,d361902b,0.979
1456322761.0,51c7bb55,0.959
1456322761.0,ae934bd5,0.979
1456322761.0,b43ac946,0.959
1456322761.0,dce30980,0.949
1456322761.0,4e694e7a,0.959
1456322761.0,c09f1e3e,1.009
1456322761.0,f61ba063,0.959
1456322761.0,228ecb81,0.959
1456322761.0,ae9a3b9d,0.959
1456322761.0,95434626,0.989
1456322761.0,9200bb2c,0.999
1456322761.0,10ae4031,1.039
1456322761.0,d2ffce1f,0.979
1456322761.0,e433bf13,0.949
1456322761.0,f4b9d561,0.939
1456322761.0,e24d8cab,0.949
1456322761.0,bd396f56,0.989
1456322761.0,bab71d7a,0.979
1456322761.0,f28e5efe,0.949
1456322761.0,243c29de,0.989
1456322761.0,3d05e45a,0.949
1456322761.0,e21e887d,0.959
1456322761.0,576d4884,0.959
1456322761.0,c82dccc8,0.949
1456322761.0,07874667,0.969
1456322761.0,6232cf12,0.959
1456322761.0,da19dfd3,0.969
1456322761.0,c460ad8e,0.989
1456322761.0,e4b1c6fb,0.969
1456322761.0,142ed653,0.969
1456322761.0,474644ad,0.979
1456322761.0,3ab2d959,0.979
1456322761.0,6b43b20f,0.939
1456322761.0,14295632,0.929
1456322761.0,0aedf476,0.959
1456322761.0,e89c4d58,0.949
1456322761.0,8e1179a4,0.959
1456322761.0,baaf8b05,0.979
1456322761.0,7a475c04,1.039
1456322761.0,8d39e4b4,0.939
1456322761.0,367e0536,0.959
1456322761.0,b2b29318,0.999
1456322761.0,d6d166bf,0.999
1456322761.0,44f748b5,0.959
1456322761.0,5aa8ba94,0.959
1456322761.0,bbc1d831,0.939
1456322761.0,166ca755,0.999
1456322761.0,8f62454a,0.939
1456322761.0,002160c4,0.989
1456322761.0,3f290ee2,0.919
1456322761.0,461b2a68,0.949
1456322761.0,111e657f,0.959
1456322761.0,95924e15,0.969
1456322761.0,a76bbf53,0.979
1456322761.0,9755b499,0.939
1456322761.0,cb91687d,0.969
1456322761.0,538edcf9,0.949
1456322761.0,ea255676,0.989
1456322761.0,a3e519bb,1.009
1456322761.0,a05a18cd,0.969
1456322761.0,f4217802,1.009
1456322761.0,aea7ec1f,0.979
1456322761.0,0bcef4ad,0.939
1456322761.0,95401194,0.959
1456322761.0,95bbbe2f,0.999
1456322761.0,3ce106d3,0.959
1456322761.0,4612acab,0.949
1456322761.0,c93210c8,0.999
1456322761.0,e305ccae,0.969
1456322761.0,12c23508,0.959
1456322761.0,17e982d2,0.959
1456322761.0,dc5ff7cf,0.959
1456322761.0,cadf0fec,0.959
1456322761.0,fed67d30,0.969
1456322761.0,1f9d1ea6,0.979
1456322761.0,3db6506a,0.969
1456322761.0,f92bdf7c,0.949
1456322761.0,ea0a7462,0.919
1456322761.0,4e37aaef,0.979
1456322761.0,29d690c6,0.979
1456322761.0,64171ce8,0.949
1456322761.0,c0a4ac06,0.919
1456322761.0,210e50b8,0.949
1456322761.0,fc8f41b2,0.929
1456322761.0,fa5a267f,0.999
1456322761.0,b8705ff2,0.959
1456322761.0,9247febd,0.919
1456322761.0,dc944647,0.929
1456322761.0,e5139cec,0.929
1456322761.0,961fadac,0.939
1456322761.0,efc5b46c,0.929
1456322761.0,bcab79d7,0.929
1456322761.0,803beab6,0.959
1456322761.0,4d4b1ca0,0.919
1456322761.0,35c85b81,0.919
1456322761.0,92eaccdc,0.929
1456322761.0,029c6a16,0.949
1456322761.0,8c7525a6,0.949
1456322761.0,00faf6a6,0.929
1456322761.0,0c74abc4,0.949
1456322761.0,0a0b5f30,0.939
1456322761.0,2c946e5c,0.929
1456322761.0,76a02736,0.949
1456322761.0,8af7e008,0.939
1456322761.0,90bcaabc,0.919
1456322761.0,c674dd96,0.949
1456322761.0,f6a0a590,0.939
1456322761.0,38f5a01f,0.949
1456322761.0,a67c83ad,0.949
1456322761.0,5daabe07,0.969
1456322761.0,dc4c222b,0.939
1456322761.0,8c9cc6bc,0.929
1456322761.0,8c7add3d,0.939
1456322761.0,d2e84b49,0.949
1456322761.0,,0.929
1456322761.0,2e474264,0.949
1456322761.0,f4070bfa,0.969
1456322761.0,053f1320,0.939
1456322761.0,,0.969
1456322761.0,672ba0d9,0.969
1456322761.0,f7e10e7b,0.959
1456322761.0,5076e63c,0.979
1456322761.0,4900212f,0.949
1456322761.0,d4f7e2c6,0.979
1456322761.0,cf57d1bf,0.949
1456322761.0,85b5c3d8,0.959
1456322761.0,48d0e555,0.989
1456322761.0,8c4f6021,0.949
1456322761.0,bc302c7c,0.959
1456322761.0,c846f887,0.949
1456322761.0,9ab681ea,0.999
1456322761.0,7bc454c7,0.969
1456322761.0,198d543d,0.949
1456322761.0,18e5d4af,0.969
1456322761.0,9a0f8848,0.909
1456322761.0,fa216f55,0.979
1456322761.0,76ab87bf,0.919
1456322761.0,1489e7c1,0.939
1456322761.0,f912f47a,0.969
1456322761.0,,0.969
1456322761.0,1809b397,0.929
1456322761.0,40b7c070,0.899
1456322761.0,8d47e406,0.979
1456322761.0,f8e5ba22,0.919
1456322761.0,e4e43cad,0.969
1456322761.0,08911c61,0.939
1456322761.0,836023d3,0.979
1456322761.0,cf3dfe31,0.959
1456322761.0,66444795,0.959
1456322761.0,4d4ddfe6,0.989
1456322761.0,6db0e332,0.939
1456322761.0,ef38b8ce,0.949
1456322761.0,312f1849,0.969
1456322761.0,6a6b6015,0.959
1456322761.0,2e89adbb,0.979
1456322761.0,7fc72456,0.969
1456322761.0,22609e3d,0.939
1456322761.0,ee9738ce,0.939
1456322761.0,53635853,0.969
1456322761.0,efe39034,0.959
1456322761.0,fed9f427,0.979
1456322761.0,61074f89,0.929
1456322761.0,a793fb91,1.009
1456322761.0,994f9854,0.959
1456322761.0,893b4e64,0.959
1456322761.0,7d0753eb,0.959
1456322761.0,421ac3f9,0.949
1456322761.0,d307494f,0.929
1456322761.0,af7679c0,0.929
1456322761.0,a774140b,0.959
1456322761.0,0b37f4f1,0.949
1456322761.0,c26e2bbb,0.929
1456322761.0,cd52f1cb,0.989
1456322761.0,0b617cbb,0.949
1456323001.0,bba16a90,0.959
1456323001.0,20351c65,0.919
1456323001.0,0f01b9c8,0.989
1456323001.0,a8e7b6ec,0.919
1456323001.0,0437ac58,0.969
1456323001.0,bfbbb2dd,0.969
1456323001.0,e050ed52,0.969
1456323001.0,e8fba845,0.949
1456323001.0,b892eed3,0.929
1456323001.0,396cfed4,0.939
1456323001.0,e2851b26,0.929
1456323001.0,0bb2e1c5,0.949
1456323001.0,d98cee9c,0.929
1456323001.0,f4e60d5a,0.939
1456323001.0,6a8c75fd,0.969
1456323001.0,7715f72c,0.979
1456323001.0,e6ea469e,0.959
1456323001.0,1686f694,0.929
1456323001.0,0335180a,0.989
1456323001.0,210f8a85,0.929
1456323001.0,b583c190,0.989
1456323001.0,6fa8087e,0.959
1456323001.0,0a8d1b89,0.949
1456323001.0,6a8dc69b,0.989
1456323001.0,c597ae24,0.989
1456323001.0,6ac0d50f,0.929
1456323001.0,e77100d2,0.989
1456323001.0,b45e9e13,0.939
1456323001.0,1e846991,0.969
1456323001.0,b524582e,0.949
1456323001.0,3f2ba968,0.929
1456323001.0,4e54ae8f,0.959
1456323001.0,87fa15f1,0.969
1456323001.0,50b27f80,0.969
1456323001.0,8bf505c8,0.949
1456323001.0,98d8519a,0.949
1456323001.0,7592b37a,0.969
1456323001.0,7787058a,0.999
1456323001.0,630f5fa3,0.949
1456323001.0,6a8257d5,0.999
1456323001.0,974b1cae,1.009
1456323001.0,977ad3ab,0.949
1456323001.0,157d06a5,0.949
1456323001.0,a9083629,0.939
1456323001.0,adb530b9,0.989
1456323001.0,,0.959
1456323001.0,6168ea65,0.969
1456323001.0,4764c22b,0.989
1456323001.0,2dc33c12,0.929
1456323001.0,0eaf6606,0.979
1456323001.0,6a8a4a7e,0.959
1456323001.0,,0.969
1456323001.0,9f236f48,1.019
1456323001.0,d0ecac7c,0.989
1456323001.0,ca1add7b,0.999
1456323001.0,eee1b640,0.979
1456323001.0,83cf5969,0.959
1456323001.0,34f8b648,0.959
1456323001.0,e055b194,0.939
1456323001.0,73e5c32d,0.969
1456323001.0,df0d590a,0.969
1456323001.0,a16c8d86,0.969
1456323001.0,485c7940,0.929
1456323001.0,3e081642,0.949
1456323001.0,b9930116,0.959
1456323001.0,161691b3,0.959
1456323001.0,8d7db884,0.969
1456323001.0,eecb0e50,0.979
1456323001.0,0f6fe1eb,0.939
1456323001.0,e53def27,0.999
1456323001.0,24f83a95,0.949
1456323001.0,0e025df7,0.999
1456323001.0,626c6699,0.939
1456323001.0,c349e5a2,0.999
1456323001.0,f0e3472f,0.959
1456323001.0,eed2b29b,0.959
1456323001.0,7e846ee6,0.999
1456323001.0,010520ef,0.939
1456323001.0,c67cc2dd,0.959
1456323001.0,06eb0513,0.979
1456323001.0,c1db295a,0.949
1456323001.0,c78ef341,0.949
1456323001.0,42d76a3c,0.969
1456323001.0,5ae6dfd2,0.989
1456323001.0,1f897af1,0.949
1456323001.0,dd08505c,0.979
1456323001.0,2fe20e60,0.949
1456323001.0,459eef9d,0.949
1456323001.0,e28599f0,0.969
1456323001.0,6362d058,0.969
1456323001.0,adc04be9,0.969
1456323001.0,d0fef588,0.919
1456323001.0,3afb0fab,0.989
1456323001.0,12aafa0c,0.974
1456323001.0,fbe6e575,0.979
1456323001.0,6949ed4a,1.019
1456323001.0,56858967,0.949
1456323001.0,37034115,0.979
1456323001.0,5a55ec8e,0.959
1456323001.0,9a1a2584,0.929
1456323001.0,108a3669,1.019
1456323001.0,c5772f6a,0.949
1456323001.0,92a71bb7,0.989
1456323001.0,bf54e94e,0.969
1456323001.0,995e56cb,0.959
1456323001.0,04c08bf0,0.989
1456323001.0,39bde8e3,0.979
1456323001.0,e77693ae,0.969
1456323001.0,d2905129,0.969
1456323001.0,c2b3c7ad,0.939
1456323001.0,b988bb8b,0.989
1456323001.0,e391e28b,0.939
1456323001.0,4838da54,0.999
1456323001.0,88759e4a,0.929
1456323001.0,632dad6b,0.959
1456323001.0,31993f75,0.999
1456323001.0,2ca3372b,0.939
1456323001.0,1cd02c26,0.949
1456323001.0,afdd844a,0.939
1456323001.0,36ceb401,0.999
1456323001.0,09a6cc4e,0.979
1456323001.0,bdda7ca8,0.979
1456323001.0,eabde0e7,0.939
1456323001.0,b59cf984,0.944
1456323001.0,301f8f7b,0.999
1456323001.0,4cbdb1d8,0.979
1456323001.0,0696d69c,0.969
1456323001.0,8b7a46ae,0.959
1456323001.0,abac441c,0.999
1456323001.0,398f397d,0.959
1456323001.0,e5cb0020,0.949
1456323001.0,6c18369e,1.009
1456323001.0,4517cdd2,0.959
1456323001.0,b42f77df,0.949
1456323001.0,4fdca23f,0.949
1456323001.0,9fbf8dcd,0.989
1456323001.0,3bf045f8,0.959
1456323001.0,1c27f412,0.959
1456323001.0,121e3dd1,0.949
1456323001.0,959e5dd8,0.959
1456323001.0,5a88efab,0.919
1456323001.0,131436f2,0.959
1456323001.0,3c26fe7c,0.929
1456323001.0,dc9da122,0.949
1456323001.0,d088285e,0.959
1456323001.0,7c00341e,0.959
1456323001.0,6e05b79b,0.949
1456323001.0,6d6ba0fc,0.969
1456323001.0,15d15c6f,0.969
1456323001.0,4b64bcb3,0.949
1456323001.0,c5aaafc3,0.929
1456323001.0,af6137bf,0.989
1456323001.0,e4436253,0.949
1456323001.0,60531009,0.939
1456323001.0,1a704d84,0.979
1456323001.0,90df0b88,0.969
1456323001.0,fd3c454f,0.979
1456323001.0,05babe25,0.959
1456323001.0,f320c081,0.969
1456323001.0,d0498c7a,0.949
1456323001.0,ce0ea4c3,0.959
1456323001.0,c51b41ba,0.969
1456323001.0,0ee1a63f,0.969
1456323001.0,9cd2e129,0.959
1456323001.0,4d7d95fb,0.979
1456323001.0,99929b71,0.999
1456323001.0,a09958dd,0.949
1456323001.0,6d978c2b,0.959
1456323001.0,e82ffdb7,0.929
1456323001.0,aa28e876,0.969
1456323001.0,f4507e0e,0.919
1456323001.0,b52679e9,0.949
1456323001.0,5f817b41,0.949
1456323001.0,ead88417,0.979
1456323001.0,42043d80,0.959
1456323001.0,25528e17,0.918
1456323001.0,dfe1b885,0.969
1456323001.0,a4c96d17,0.969
1456323001.0,6d24e5fe,0.969
1456323001.0,70bc5eff,0.929
1456323001.0,ffb2584e,0.949
1456323001.0,5900ebe4,0.939
1456323001.0,88b83d81,0.929
1456323001.0,6a4ad02d,0.979
1456323001.0,d560f27c,0.989
1456323001.0,bd986553,0.999
1456323001.0,fb3a21ef,0.979
1456323001.0,7616bc62,0.979
1456323001.0,ccf6a6c3,0.989
1456323001.0,f76f3d3a,0.939
1456323001.0,a8f01af7,0.959
1456323001.0,563059fb,0.969
1456323001.0,5991ce93,0.979
1456323001.0,e2edff7e,0.919
1456323001.0,49ac9777,0.919
1456323001.0,9719805f,0.959
1456323001.0,06f668ff,0.939
1456323001.0,7ef423c0,0.979
1456323001.0,87478a1e,0.979
1456323001.0,ab2859a5,0.949
1456323001.0,1c79df7a,0.939
1456323001.0,a3e4145b,0.959
1456323001.0,c8bea281,0.929
1456323001.0,36ce665f,0.939
1456323001.0,fe21fda2,0.969
1456323001.0,b4094a10,0.929
1456323001.0,18dbb515,0.949
1456323001.0,81e0ef7b,0.959
1456323001.0,53758d2b,0.959
1456323001.0,4b7e86ba,0.999
1456323001.0,1629d59f,0.939
1456323001.0,17efd51c,0.999
1456323001.0,4432f96b,0.989
1456323001.0,eada05de,0.939
1456323001.0,cb086a2d,0.939
1456323001.0,80d93018,0.949
1456323001.0,d64ff6b9,0.969
1456323001.0,eb751c39,0.969
1456323001.0,ee5d8408,0.979
1456323001.0,13579cfd,0.959
1456323001.0,32bea9c7,0.909
1456323001.0,2843ab89,0.939
1456323001.0,42e838c7,0.939
1456323001.0,dca18dd2,1.009
1456323001.0,1a45c6ef,0.949
1456323001.0,b1eee7a8,0.919
1456323001.0,b2baa0fb,0.929
1456323001.0,02516583,0.979
1456323001.0,328b1075,0.929
1456323001.0,b3c78089,0.969
1456323001.0,1f23d768,0.939
1456323001.0,303e6b78,0.989
1456323001.0,8fc1cab3,0.939
1456323001.0,,0.949
1456323001.0,c95ebb24,0.969
1456323001.0,397db294,0.949
1456323001.0,b0599356,0.959
1456323001.0,,0.979
1456323001.0,4c24bd23,0.919
1456323001.0,b11dbf11,0.939
1456323001.0,790402b3,0.939
1456323001.0,291c62c4,0.959
1456323001.0,4f2bb69c,0.969
1456323001.0,d01e5e31,0.959
1456323001.0,710d9693,0.929
1456323001.0,1670b93b,0.939
1456323001.0,84d84a54,0.969
1456323001.0,43b0f319,0.939
1456323001.0,62d0fb5f,0.969
1456323001.0,0716682f,0.959
1456323001.0,530591a4,0.944
1456323001.0,d2823b8f,1.009
1456323001.0,78390be0,0.949
1456323001.0,58ef2865,0.959
1456323001.0,8538f0f5,1.079
1456323001.0,db1d08fc,0.999
1456323001.0,8f8b3ebe,0.949
1456323001.0,da18f772,0.919
1456323001.0,7adf8914,0.959
1456323001.0,cf4becee,0.939
1456323001.0,e512031e,0.959
1456323001.0,76176c12,0.959
1456323001.0,550acd6a,0.949
1456323001.0,784f069a,0.989
1456323001.0,5459c738,0.939
1456323001.0,1dcc8077,0.969
1456323001.0,f960ce49,0.989
1456323001.0,1b4a9928,0.959
1456323001.0,1769c36a,0.979
1456323001.0,537fac20,0.939
1456323001.0,b8aae107,0.939
1456323001.0,f8cd8b31,0.939
1456323001.0,f3d19615,0.939
1456323001.0,9d2a511e,0.989
1456323001.0,c88d1f3b,0.989
1456323001.0,284b19f5,0.969
1456323001.0,15b8b7e7,0.959
1456323001.0,457e579e,0.978
1456323001.0,2a2c8207,0.979
1456323001.0,776f095d,1.019
1456323001.0,2e72931a,0.949
1456323001.0,7ddbfdc8,0.939
1456323001.0,a1143c6a,0.979
1456323001.0,67f771de,0.989
1456323001.0,6325417f,0.999
1456323001.0,f4a86f83,0.929
1456323001.0,7b13a550,0.999
1456323001.0,3e4faa99,0.989
1456323001.0,9c250156,0.949
1456323001.0,6479b534,0.939
1456323001.0,9fde81ae,1.009
1456323001.0,60deaffb,0.979
1456323001.0,f14a4629,0.939
1456323001.0,52e70aca,0.929
1456323001.0,a302497e,0.969
1456323001.0,a100fb36,0.989
1456323001.0,ed56f7ed,0.959
1456323001.0,087f9ad5,0.929
1456323001.0,10774c7e,0.979
1456323001.0,e576fe06,0.979
1456323001.0,75151463,0.979
1456323001.0,72ecbc2d,0.989
1456323001.0,c5f1c80c,0.939
1456323001.0,3c41d6ca,0.959
1456323001.0,b7a7ee6f,0.969
1456323001.0,7ed2f8ec,0.949
1456323001.0,41815ba2,0.979
1456323001.0,12dd04fe,0.909
1456323001.0,b22e443b,1.009
1456323001.0,f73b5de2,0.989
1456323001.0,8fd408b7,0.919
1456323001.0,39c2a91f,0.939
1456323001.0,b60ced65,0.919
1456323001.0,3487a048,0.979
1456323001.0,997db707,0.929
1456323001.0,37df3e29,0.969
1456323001.0,bec40c36,0.939
1456323001.0,f5000af4,0.929
1456323001.0,51ef56f1,0.949
1456323001.0,63fe8dd4,0.939
1456323001.0,3e1f426f,0.969
1456323001.0,201b87a9,0.969
1456323001.0,a335cad7,0.939
1456323001.0,4d7be304,0.949
1456323001.0,a0bca24c,0.949
1456323001.0,7e9106b6,0.979
1456323001.0,0218a51d,0.939
1456323001.0,c2d485ca,0.939
1456323001.0,35d2c9ad,0.969
1456323001.0,a0b4fcec,0.959
1456323001.0,b0c0a395,0.979
1456323001.0,6a1dd3bb,0.939
1456323001.0,,0.979
1456323001.0,48aac8e9,0.949
1456323001.0,d950f36c,1.009
1456323001.0,8e7cb537,0.999
1456323001.0,53d2ed19,0.999
1456323001.0,1d10714b,0.989
1456323001.0,0bf731c0,0.979
1456323001.0,6162ba82,0.969
1456323001.0,bacddc78,0.939
1456323001.0,0e72a56a,0.949
1456323001.0,7d63776b,0.959
1456323001.0,47019357,0.969
1456323001.0,5083e533,0.949
1456323001.0,37350fbc,0.939
1456323001.0,45ae0804,0.954
1456323001.0,3fc2e10c,0.919
1456323001.0,25365ee8,0.969
1456323001.0,793d12bc,0.964
1456323001.0,91d18db5,0.949
1456323001.0,3d10cfa0,0.999
1456323001.0,8365b918,0.979
1456323001.0,358a1773,0.969
1456323001.0,ee372f15,0.949
1456323001.0,87856e5d,0.999
1456323001.0,70879f72,0.959
1456323001.0,1c087491,0.929
1456323001.0,6e2e5e05,1.019
1456323001.0,a2f965eb,0.949
1456323001.0,dd41b331,0.979
1456323001.0,9c4972e3,0.949
1456323001.0,8c24cc40,0.929
1456323001.0,a0df1a9c,0.999
1456323001.0,f86a4e1f,1.009
1456323001.0,1259d1b0,0.959
1456323001.0,90f06420,0.929
1456323001.0,85813afe,1.139
1456323001.0,52492fd5,0.969
1456323001.0,53b7ad2a,0.969
1456323001.0,0c9168e0,0.949
1456323001.0,72975548,0.989
1456323001.0,aa9ca821,0.959
1456323001.0,edc52f30,0.949
1456323001.0,476b265b,1.039
1456323001.0,8ea85961,0.959
1456323001.0,96378df9,0.989
1456323001.0,b24fd72d,0.949
1456323001.0,36f30de6,0.949
1456323001.0,8c2be7ba,1.119
1456323001.0,1dd35703,0.939
1456323001.0,368b0430,0.959
1456323001.0,54bf86d1,0.949
1456323001.0,c466d5fa,1.009
1456323001.0,672e6c5e,1.009
1456323001.0,33aa21fa,1.039
1456323001.0,504126f8,0.989
1456323001.0,c06606c4,0.959
1456323001.0,3b4197b0,0.979
1456323001.0,0afde6c7,0.939
1456323001.0,3ef0b5d2,0.909
1456323001.0,a33116a4,0.939
1456323001.0,ef081ec1,0.979
1456323001.0,82e36ee5,0.979
1456323001.0,adf9dd3f,0.969
1456323001.0,,0.989
1456323001.0,0e7f8607,0.969
1456323001.0,2dcd1fcb,1.019
1456323001.0,6fc48997,0.939
1456323001.0,3a1e42ab,0.949
1456323001.0,fd09c85a,0.919
1456323001.0,f7e752c7,0.969
1456323001.0,30389cde,0.959
1456323001.0,1d853aae,0.949
1456323001.0,1746d28b,0.949
1456323001.0,e491b6d7,0.949
1456323001.0,978bcc85,0.949
1456323001.0,209e8416,0.959
1456323001.0,e4b1c6fb,0.959
1456323001.0,d8032a5b,0.959
1456323001.0,1d65a34f,0.949
1456323001.0,f9265ab5,0.949
1456323001.0,28eb51aa,1.019
1456323001.0,dedc2342,0.919
1456323001.0,d7d071dd,0.949
1456323001.0,c8898ee2,0.929
1456323001.0,c05855cb,0.929
1456323001.0,d33e9e56,0.959
1456323001.0,cf0f7009,0.959
1456323001.0,edde0c0f,1.019
1456323001.0,46dc9054,0.949
1456323001.0,e17ef357,0.939
1456323001.0,cd9d922f,0.929
1456323001.0,a16adda9,0.939
1456323001.0,0fb24e7d,0.989
1456323001.0,48a1176e,0.949
1456323001.0,166fc900,0.949
1456323001.0,f02aba4d,0.929
1456323001.0,f97a19ce,0.969
1456323001.0,cb987f86,0.979
1456323001.0,7a411a95,0.959
1456323001.0,1c3b6ee2,0.939
1456323001.0,9628820d,0.959
1456323001.0,b2f56e84,0.949
1456323001.0,216f7e87,0.959
1456323001.0,19e1cad6,0.989
1456323001.0,d983a1c7,0.919
1456323001.0,635564fa,0.959
1456323001.0,857545c7,0.999
1456323001.0,ea255676,0.979
1456323001.0,77f8c9fe,0.959
1456323001.0,2358eb9a,0.949
1456323001.0,d45add49,0.989
1456323001.0,7fccdc2c,0.949
1456323001.0,39116d5f,0.939
1456323001.0,41f89d4b,0.939
1456323001.0,04359025,0.969
1456323001.0,b7d922c5,0.999
1456323001.0,6388b41c,0.939
1456323001.0,21ccc86d,0.949
1456323001.0,952e8670,0.979
1456323001.0,7c245713,0.949
1456323001.0,160addff,0.969
1456323001.0,0da2e486,0.959
1456323001.0,b02d78c3,0.979
1456323001.0,4f650c42,0.969
1456323001.0,2ebde489,0.949
1456323001.0,e07b502e,0.969
1456323001.0,b41d8903,0.949
1456323001.0,30f60874,0.989
1456323001.0,85e6cd0f,0.989
1456323001.0,c6f69752,0.939
1456323001.0,ac7dd410,0.929
1456323001.0,8ddd7eaf,0.929
1456323001.0,7ce44a8d,0.949
1456323001.0,803beab6,0.959
1456323001.0,e3a60e8a,0.939
1456323001.0,00faf6a6,0.929
1456323001.0,0c74abc4,0.949
1456323001.0,c674dd96,0.949
1456323001.0,ad6a99ce,0.919
1456323001.0,00d6d029,0.929
1456323001.0,1f311bb3,0.929
1456323001.0,89d25593,0.919
1456323001.0,,0.939
1456323001.0,8c7add3d,0.929
1456323001.0,d2e84b49,0.929
1456323001.0,20ac7ec9,0.949
1456323001.0,72054327,0.969
1456323001.0,97eccc29,1.039
1456323001.0,5c853f92,0.916
1456323001.0,,0.959
1456323001.0,f8f516ae,0.979
1456323001.0,6b47dc33,0.959
1456323001.0,3da96054,0.959
1456323001.0,b27d26fa,0.959
1456323001.0,29eed38e,0.949
1456323001.0,776d441b,0.989
1456323001.0,862d0831,0.959
1456323001.0,806052b0,0.949
1456323001.0,a3dd230b,1.009
1456323001.0,fd3e8c64,0.999
1456323001.0,0028e6e8,0.959
1456323001.0,560ee759,0.959
1456323001.0,bbdcf660,0.969
1456323001.0,fab43cd7,0.969
1456323001.0,fe0014ec,0.999
1456323001.0,18b3ac80,0.949
1456323001.0,87d69f36,0.959
1456323001.0,57970dd5,0.979
1456323001.0,d8a16c26,0.939
1456323001.0,e532c6da,0.939
1456323001.0,8a52d816,0.999
1456323001.0,6b365c9c,0.979
1456323001.0,06e6f1e6,0.949
1456323001.0,e3a2ddca,0.939
1456323001.0,70692280,0.989
1456323001.0,974de11a,0.959
1456323001.0,524b14cc,0.959
1456323001.0,d2690695,0.949
1456323001.0,9975506f,0.949
1456323001.0,a3eb6d42,0.994
1456323001.0,8784631f,1.139
1456323001.0,4d5f25c7,0.959
1456323001.0,b712cdad,1.009
1456323001.0,b9b3ea8d,0.969
1456323001.0,3fb5dad7,0.979
1456323001.0,e0e8a55b,0.959
1456323001.0,142082b9,0.949
1456323001.0,6222a80d,0.959
1456323001.0,30466612,0.979
1456323001.0,04ea2134,0.949
1456323001.0,8236d188,0.969
1456323001.0,d7552124,0.979
1456323001.0,ceb1fd3e,0.949
1456323001.0,6bd698e2,0.949
1456323001.0,5270f932,0.999
1456323001.0,2f5be2f4,1.009
1456323001.0,,0.939
1456323001.0,1365e671,0.969
1456323001.0,f625c166,0.949
1456323001.0,cb7e73c0,0.959
1456323001.0,7dc477e0,0.929
1456323001.0,53216105,0.939
1456323001.0,a96e4603,0.949
1456323001.0,f7a225a7,0.959
1456323001.0,9cb727d2,0.939
1456323001.0,a5e3beef,0.949
1456323001.0,a41abd0c,0.969
1456323001.0,01e3af77,0.949
1456323001.0,53282654,0.969
1456323241.0,f168ac15,1.019
1456323241.0,684b2be8,0.939
1456323241.0,f8a9a11e,0.949
1456323241.0,09975f4d,0.979
1456323241.0,b5cf690e,0.929
1456323241.0,0edac3f0,0.939
1456323241.0,de99c5f4,0.949
1456323241.0,b8c5de33,0.949
1456323241.0,39b9a4d8,0.949
1456323241.0,e5abf377,0.939
1456323241.0,8cdfd072,0.919
1456323241.0,d2597bc8,0.919
1456323241.0,35cce7bf,0.939
1456323241.0,396cfed4,0.939
1456323241.0,52ff86b2,0.929
1456323241.0,dfe43ff9,0.909
1456323241.0,a6e1038f,0.929
1456323241.0,69a62773,0.939
1456323241.0,3f38fa55,0.929
1456323241.0,9a59f347,0.939
1456323241.0,843c0434,0.939
1456323241.0,86d5dab8,0.999
1456323241.0,bded4d61,0.929
1456323241.0,6977fd5c,0.939
1456323241.0,d4bbb0ba,0.939
1456323241.0,e6ea469e,0.939
1456323241.0,3fc372ae,0.979
1456323241.0,ebd9a39f,0.929
1456323241.0,cd64024f,0.939
1456323241.0,afd8c999,0.939
1456323241.0,3c5b5221,0.939
1456323241.0,c6af1c49,0.949
1456323241.0,8175f3cb,0.979
1456323241.0,681bcf47,0.929
1456323241.0,d62b675f,0.959
1456323241.0,5236886a,0.959
1456323241.0,671d6e1d,0.939
1456323241.0,cb17fa8d,0.969
1456323241.0,885b2e54,1.009
1456323241.0,a447b2ea,0.949
1456323241.0,3277bf79,0.939
1456323241.0,8e2183f6,0.999
1456323241.0,c8fac997,0.919
1456323241.0,48c665d2,0.939
1456323241.0,ae71af81,0.979
1456323241.0,c74b9c21,0.939
1456323241.0,2181a96b,0.939
1456323241.0,4b649587,0.939
1456323241.0,2d591431,0.919
1456323241.0,87531960,0.979
1456323241.0,8cc8a7cc,0.969
1456323241.0,1027f7e1,0.959
1456323241.0,,0.959
1456323241.0,6fb67f4c,0.929
1456323241.0,dfb2f931,0.969
1456323241.0,beeaf561,0.939
1456323241.0,d2f10be7,0.969
1456323241.0,190c7dc9,0.959
1456323241.0,,0.949
1456323241.0,9481f21d,0.969
1456323241.0,d991f8d3,0.939
1456323241.0,7b125f4e,0.969
1456323241.0,761dd171,0.959
1456323241.0,3c01d155,0.969
1456323241.0,e790ca88,0.949
1456323241.0,ca8f532f,0.949
1456323241.0,cbeda884,0.929
1456323241.0,f10a7896,0.959
1456323241.0,602cea26,0.979
1456323241.0,cfc34477,0.969
1456323241.0,a16c8d86,0.959
1456323241.0,eaadc508,0.959
1456323241.0,03dc24ac,0.949
1456323241.0,cc6a0aeb,0.949
1456323241.0,eac0620e,0.969
1456323241.0,7d2a6e6a,0.949
1456323241.0,1543d7ff,0.969
1456323241.0,05f9cd85,0.969
1456323241.0,2778bb34,0.969
1456323241.0,669333e3,0.939
1456323241.0,7bc75eb5,0.979
1456323241.0,796dcdf3,0.939
1456323241.0,8371a1aa,0.959
1456323241.0,b9e8287e,0.939
1456323241.0,572bb7e5,0.949
1456323241.0,26d466bb,0.949
1456323241.0,86cc51ec,0.979
1456323241.0,36a9895c,0.949
1456323241.0,c5151d58,0.929
1456323241.0,d489f647,0.999
1456323241.0,8720b933,0.999
1456323241.0,2371f256,0.979
1456323241.0,7b9f0ef9,0.989
1456323241.0,5af6e995,0.969
1456323241.0,3fc9a04c,0.909
1456323241.0,9cad2f94,0.969
1456323241.0,,0.979
1456323241.0,7a48e549,0.979
1456323241.0,98860edd,0.969
1456323241.0,55c2b2eb,0.929
1456323241.0,7a018377,0.939
1456323241.0,603c4e8c,0.979
1456323241.0,2c58ecc7,0.939
1456323241.0,b802ed2f,0.979
1456323241.0,19413372,0.979
1456323241.0,971ff457,0.939
1456323241.0,5a8fcce2,0.969
1456323241.0,2bd60a02,0.969
1456323241.0,1db561d0,1.019
1456323241.0,9baa546c,0.969
1456323241.0,980060a7,0.969
1456323241.0,2ae36ba1,0.939
1456323241.0,06594e01,0.949
1456323241.0,c307725e,0.979
1456323241.0,84b346b1,0.969
1456323241.0,720a51d5,1.009
1456323241.0,1ad0b27a,0.969
1456323241.0,3ad50a81,0.969
1456323241.0,5a5b83e5,0.979
1456323241.0,a64ec2ce,0.949
1456323241.0,85e51241,0.969
1456323241.0,5d832d02,0.959
1456323241.0,79ec8492,0.909
1456323241.0,cb479352,1.009
1456323241.0,e571ac33,0.979
1456323241.0,21c418e3,0.929
1456323241.0,bddf10a7,0.949
1456323241.0,ac1176c4,0.949
1456323241.0,7bcf3535,0.989
1456323241.0,8012958f,0.959
1456323241.0,03cdbd16,0.949
1456323241.0,3fafd99a,0.979
1456323241.0,629268ea,0.959
1456323241.0,8f3d810d,0.979
1456323241.0,ce063fd7,0.969
1456323241.0,10337302,0.919
1456323241.0,f873156d,0.949
1456323241.0,2f0207af,0.989
1456323241.0,64e138c3,0.959
1456323241.0,b3e6c96a,0.929
1456323241.0,37b3aafc,0.999
1456323241.0,,0.959
1456323241.0,7027d1cc,0.959
1456323241.0,cb6bf035,1.014
1456323241.0,392c6ac7,0.939
1456323241.0,02797da2,0.979
1456323241.0,1c546ae2,0.969
1456323241.0,91d2ac21,0.954
1456323241.0,c065b81d,0.954
1456323241.0,d0cff5c1,0.979
1456323241.0,e448c44d,0.949
1456323241.0,e3667aa9,0.979
1456323241.0,8ff28f6b,0.949
1456323241.0,c56a25e8,0.959
1456323241.0,632dad6b,0.949
1456323241.0,31993f75,0.959
1456323241.0,4a647add,0.964
1456323241.0,d16fca8a,0.959
1456323241.0,51fcda8d,0.969
1456323241.0,23b2b0b7,0.989
1456323241.0,f32fed85,0.959
1456323241.0,df4fadef,0.939
1456323241.0,d596df4f,0.999
1456323241.0,83cdf5cb,0.969
1456323241.0,114290a9,0.924
1456323241.0,9281365e,0.939
1456323241.0,219ec5d8,0.959
1456323241.0,8b1f5a6f,0.949
1456323241.0,f79bb7dd,0.949
1456323241.0,185c6827,0.949
1456323241.0,a3f64b8b,0.979
1456323241.0,6781fe81,0.969
1456323241.0,e3d91258,1.019
1456323241.0,466bb8f2,0.959
1456323241.0,ab11e935,0.949
1456323241.0,bf2623d5,0.999
1456323241.0,d2b9e2a3,0.939
1456323241.0,8bd77566,0.979
1456323241.0,3dbe97df,0.979
1456323241.0,a332486b,0.969
1456323241.0,e25e53b1,0.989
1456323241.0,e2c6b885,0.949
1456323241.0,3796fed2,0.999
1456323241.0,0c379bda,0.999
1456323241.0,deb0665c,0.949
1456323241.0,c5931a7d,0.949
1456323241.0,0fd8b490,0.969
1456323241.0,145d5525,0.949
1456323241.0,f4accce7,0.969
1456323241.0,b29751cb,0.969
1456323241.0,8c94be49,0.969
1456323241.0,734c00a8,0.969
1456323241.0,fe905128,0.949
1456323241.0,9f28cd19,0.969
1456323241.0,,0.969
1456323241.0,71a6b9f3,0.949
1456323241.0,c6306633,0.929
1456323241.0,4c9a5839,0.969
1456323241.0,fc76fd7c,0.939
1456323241.0,ca13e033,0.909
1456323241.0,efb9c112,0.949
1456323241.0,121e3dd1,0.949
1456323241.0,46078bef,0.949
1456323241.0,d9d4a6fe,0.949
1456323241.0,9ec908ec,0.999
1456323241.0,1d039583,0.959
1456323241.0,9b1f0c3c,0.979
1456323241.0,ad129baa,0.949
1456323241.0,a0622dfc,0.989
1456323241.0,c69497b1,0.949
1456323241.0,e1e7fd9f,0.949
1456323241.0,507d25cf,1.009
1456323241.0,546992ee,0.949
1456323241.0,3a349054,0.939
1456323241.0,4917f7ee,0.929
1456323241.0,c680f14f,0.969
1456323241.0,92667f30,0.979
1456323241.0,be6d21fe,1.019
1456323241.0,410ba324,0.929
1456323241.0,4b64bcb3,0.949
1456323241.0,732a1178,0.949
1456323241.0,6866a590,0.929
1456323241.0,a7eae27d,0.969
1456323241.0,ee0b2b76,0.949
1456323241.0,aaf8d479,0.999
1456323241.0,94d5e6b7,0.959
1456323241.0,f6d88954,0.929
1456323241.0,7ad9a6eb,0.969
1456323241.0,3b06308c,0.989
1456323241.0,74f3df02,0.959
1456323241.0,784d4e2a,0.939
1456323241.0,ae88cb1f,0.949
1456323241.0,,0.999
1456323241.0,249fa6e1,0.959
1456323241.0,9dca124a,0.939
1456323241.0,64d3fea8,0.959
1456323241.0,ac3b0cb7,0.919
1456323241.0,c7e1e757,0.909
1456323241.0,78300ca0,0.969
1456323241.0,b75272ba,0.949
1456323241.0,6ebcf0bd,0.929
1456323241.0,d67b3850,0.929
1456323241.0,225d6797,0.959
1456323241.0,2da54b83,0.939
1456323241.0,7f3123c2,0.969
1456323241.0,5d1b2141,0.959
1456323241.0,7f90a219,0.939
1456323241.0,b84fb396,0.979
1456323241.0,b2e44198,0.949
1456323241.0,73b32664,0.939
1456323241.0,7d589b96,0.979
1456323241.0,45374890,0.979
1456323241.0,f74c5752,0.939
1456323241.0,2337ee59,0.969
1456323241.0,d4b5646a,0.969
1456323241.0,4c906efb,0.959
1456323241.0,2d22d73a,0.989
1456323241.0,860dceaa,0.939
1456323241.0,59698c83,0.939
1456323241.0,7b66aa84,0.939
1456323241.0,94642f21,0.939
1456323241.0,d7fbc628,0.939
1456323241.0,740b965a,0.979
1456323241.0,d04e4045,0.959
1456323241.0,26dbefc0,0.989
1456323241.0,148c8e58,0.939
1456323241.0,0a7d02af,0.969
1456323241.0,8469fbc7,0.959
1456323241.0,de2c9edf,0.929
1456323241.0,6f11a226,0.959
1456323241.0,40a98fc9,0.939
1456323241.0,20bf2483,0.959
1456323241.0,2e518aaf,0.929
1456323241.0,d4391500,0.959
1456323241.0,d623182f,0.959
1456323241.0,0660fa74,1.039
1456323241.0,8642884a,0.969
1456323241.0,59005fdf,0.949
1456323241.0,622ea82b,0.979
1456323241.0,5991ce93,0.959
1456323241.0,0543d2e4,0.969
1456323241.0,8de146cf,0.949
1456323241.0,38b12dcf,0.969
1456323241.0,0a1808e5,0.969
1456323241.0,25a653d4,0.969
1456323241.0,369db971,0.939
1456323241.0,5d5ce6c9,0.959
1456323241.0,c699c115,0.969
1456323241.0,edb0d416,0.939
1456323241.0,181a93a7,0.929
1456323241.0,bfc6b6eb,0.939
1456323241.0,22bf0e3c,0.949
1456323241.0,70681f39,0.969
1456323241.0,2a167286,0.949
1456323241.0,a438cba7,0.989
1456323241.0,841961d9,0.999
1456323241.0,5ba0908f,0.979
1456323241.0,51e1327b,0.959
1456323241.0,b39d969e,0.979
1456323241.0,c38cb4a1,0.959
1456323241.0,42fc2804,1.039
1456323241.0,cc0830cf,0.949
1456323241.0,953976b2,0.969
1456323241.0,5e9aaf1c,0.989
1456323241.0,3082ffa7,1.009
1456323241.0,3e13dc7c,0.969
1456323241.0,74ddd640,1.139
1456323241.0,210ec430,0.959
1456323241.0,1b7b3aab,0.939
1456323241.0,853a3988,0.959
1456323241.0,ea9276b9,0.939
1456323241.0,a3af7ef1,0.949
1456323241.0,6c8423e1,0.939
1456323241.0,bfb7a4d6,0.959
1456323241.0,7b2a5f7c,0.949
1456323241.0,3a7d2c69,0.969
1456323241.0,846c2ab2,0.949
1456323241.0,17efd51c,0.999
1456323241.0,d02ee7d1,0.969
1456323241.0,e00e317c,1.019
1456323241.0,3b31f64c,0.919
1456323241.0,13bb32b4,0.919
1456323241.0,0fa96932,0.939
1456323241.0,b8ede601,0.949
1456323241.0,4abb67a5,0.959
1456323241.0,ff485bff,0.949
1456323241.0,443ddb72,0.949
1456323241.0,100339eb,0.939
1456323241.0,6d017696,0.979
1456323241.0,38b5e14e,0.919
1456323241.0,2a5a0676,0.949
1456323241.0,43d5cbaa,0.949
1456323241.0,5022eb7f,0.959
1456323241.0,5d132310,0.939
1456323241.0,2c93cd27,0.979
1456323241.0,90bdfe5b,0.949
1456323241.0,682a7b74,0.999
1456323241.0,b7361158,0.959
1456323241.0,e5561b2d,0.929
1456323241.0,256da341,0.939
1456323241.0,52628b2e,0.939
1456323241.0,,0.979
1456323241.0,f7de9c1d,0.949
1456323241.0,14342e98,0.969
1456323241.0,17bc7e07,0.929
1456323241.0,316fd7de,0.919
1456323241.0,48b393b2,0.959
1456323241.0,020c53c2,0.959
1456323241.0,59214d4e,0.999
1456323241.0,2df3151b,0.979
1456323241.0,4d90c00c,0.979
1456323241.0,e7aa0c08,0.969
1456323241.0,a709f6ca,0.949
1456323241.0,,0.969
1456323241.0,18a9621c,0.939
1456323241.0,8f9c3c61,0.959
1456323241.0,fe454b1d,0.949
1456323241.0,f37a54f6,0.949
1456323241.0,b5259455,0.949
1456323241.0,99acd99a,0.939
1456323241.0,f60a2c42,0.989
1456323241.0,bbe091e3,0.929
1456323241.0,45aadc4d,0.949
1456323241.0,8b13f9ae,1.009
1456323241.0,8a128851,0.959
1456323241.0,5e11d4e5,0.959
1456323241.0,4a1fb5a4,0.999
1456323241.0,39bd20ff,0.949
1456323241.0,66571899,0.939
1456323241.0,e1aebaad,0.929
1456323241.0,c390d56a,0.989
1456323241.0,dbb755da,0.969
1456323241.0,f32894b0,0.929
1456323241.0,f574fa00,0.939
1456323241.0,,0.929
1456323241.0,76e0688e,0.949
1456323241.0,3232f3f2,0.979
1456323241.0,d9e58766,1.029
1456323241.0,9ee8e646,0.959
1456323241.0,8b68df1f,0.949
1456323241.0,c5d12e92,0.949
1456323241.0,c33ca0b5,0.949
1456323241.0,78962747,1.009
1456323241.0,6a687cf5,0.969
1456323241.0,712e5646,0.959
1456323241.0,f56256a9,0.949
1456323241.0,4d15a2cc,0.939
1456323241.0,151efb9f,0.949
1456323241.0,a2312d54,0.959
1456323241.0,8e940b00,0.949
1456323241.0,25d0b512,0.969
1456323241.0,8b04f514,0.989
1456323241.0,1db779ce,0.939
1456323241.0,3b980bc9,0.989
1456323241.0,80ec45da,0.929
1456323241.0,0e8115b4,0.989
1456323241.0,d2585bd9,0.949
1456323241.0,868d1b66,0.929
1456323241.0,4bdede16,0.949
1456323241.0,a3956c28,0.939
1456323241.0,85d39803,0.939
1456323241.0,4b92e661,0.999
1456323241.0,15b8b7e7,0.939
1456323241.0,ce519ed4,0.959
1456323241.0,c1154259,0.949
1456323241.0,6f6329ff,0.959
1456323241.0,d95d9c1e,0.949
1456323241.0,6174c30f,0.939
1456323241.0,9136fc55,0.949
1456323241.0,98f928d6,0.939
1456323241.0,4817973e,0.989
1456323241.0,cdf21700,0.939
1456323241.0,18b93d5d,0.939
1456323241.0,f9347e34,0.969
1456323241.0,ed93716a,0.989
1456323241.0,d319e0cd,0.999
1456323241.0,864611cd,0.929
1456323241.0,3e4faa99,0.979
1456323241.0,da701b06,0.959
1456323241.0,c33a7e9f,0.949
1456323241.0,466dfd41,0.989
1456323241.0,286eacff,0.979
1456323241.0,afef2724,0.949
1456323241.0,7549bbf6,0.979
1456323241.0,4e3aa155,0.949
1456323241.0,a7d43dc2,0.939
1456323241.0,faa72267,0.949
1456323241.0,72567073,0.959
1456323241.0,46950b68,0.919
1456323241.0,8f644357,0.959
1456323241.0,a63774ee,0.939
1456323241.0,fb5125c0,0.939
1456323241.0,4cd127d6,0.979
1456323241.0,c08d3d8e,0.949
1456323241.0,f060b95e,0.969
1456323241.0,0db94a7a,0.969
1456323241.0,9f51dbf4,0.939
1456323241.0,ea476e14,0.949
1456323241.0,21f78260,0.959
1456323241.0,e3669521,0.979
1456323241.0,e3a6c1d2,0.939
1456323241.0,4a7395cf,0.969
1456323241.0,c79adad0,0.939
1456323241.0,570b52de,0.999
1456323241.0,061f678d,0.919
1456323241.0,ccecf336,0.939
1456323241.0,0acb65ea,0.999
1456323241.0,afc58f9d,0.969
1456323241.0,86b9d04d,0.959
1456323241.0,e539e257,0.949
1456323241.0,8cd391f3,0.919
1456323241.0,d1ac10cc,0.939
1456323241.0,3af55c11,0.939
1456323241.0,53cfbe4b,0.979
1456323241.0,b6930305,0.999
1456323241.0,d4a3f247,0.989
1456323241.0,52658688,0.969
1456323241.0,b7488969,0.969
1456323241.0,87750b0a,0.949
1456323241.0,3b609665,0.949
1456323241.0,1947b494,0.939
1456323241.0,f1ccda26,1.009
1456323241.0,03261265,0.969
1456323241.0,aa46c43b,0.949
1456323241.0,9e91033c,0.959
1456323241.0,ed5d3dbd,0.949
1456323241.0,da9d831f,0.939
1456323241.0,b71fea96,0.979
1456323241.0,8035b52d,0.939
1456323241.0,5d660e99,0.974
1456323241.0,5fcd0ac6,0.959
1456323241.0,af5a4fe6,0.949
1456323241.0,99fbfc30,0.989
1456323241.0,aadb880b,0.959
1456323241.0,aac41384,0.969
1456323241.0,d33a84e0,0.959
1456323241.0,997cbfdf,0.949
1456323241.0,f29cadc1,0.989
1456323241.0,662ae541,0.959
1456323241.0,346a1694,0.989
1456323241.0,5222efd2,0.969
1456323241.0,9010dbc0,0.959
1456323241.0,c55ed271,0.969
1456323241.0,564ef774,0.939
1456323241.0,4aa96079,0.969
1456323241.0,7d63776b,0.949
1456323241.0,a1766ee6,1.009
1456323241.0,528fe9d2,0.989
1456323241.0,f9e46da5,0.929
1456323241.0,77cb599d,0.929
1456323241.0,e010375a,0.999
1456323241.0,fbddd358,0.949
1456323241.0,f6bf784e,0.969
1456323241.0,71a34e9b,1.009
1456323241.0,7433201e,0.929
1456323241.0,1b97a3ad,0.949
1456323241.0,bcc9307a,0.959
1456323241.0,d279ee07,0.959
1456323241.0,d606d463,0.949
1456323241.0,f7f90554,0.929
1456323241.0,8167fa85,0.949
1456323241.0,4a78586a,0.949
1456323241.0,7390d2d3,0.989
1456323241.0,4e905f58,0.979
1456323241.0,ad852670,0.949
1456323241.0,12d2f4a6,0.949
1456323241.0,5b2284eb,0.959
1456323241.0,3f1e04e5,0.959
1456323241.0,28e051b2,0.979
1456323241.0,cfeaab1a,0.989
1456323241.0,a18aae3d,0.959
1456323241.0,4020de03,0.919
1456323241.0,ecc75f2c,0.939
1456323241.0,b18611aa,0.959
1456323241.0,0f155e0a,0.939
1456323241.0,2237382a,0.979
1456323241.0,dd41b331,0.949
1456323241.0,6465956f,0.899
1456323241.0,6411aa60,0.999
1456323241.0,769eb8e0,0.939
1456323241.0,162fc7b8,0.969
1456323241.0,c0a4aa92,0.949
1456323241.0,2215a30b,1.009
1456323241.0,ce2ccf2c,0.949
1456323241.0,b040c821,0.949
1456323241.0,6877801d,0.979
1456323241.0,bf7d7adb,0.949
1456323241.0,882076f4,1.009
1456323241.0,7718e2fa,0.959
1456323241.0,10adc414,0.979
1456323241.0,efb71c12,1.009
1456323241.0,9a03cdbc,0.939
1456323241.0,cd09a0d6,0.919
1456323241.0,ce5b6ffc,0.969
1456323241.0,fa3092ba,0.989
1456323241.0,7f89f971,0.989
1456323241.0,50b6cf61,0.949
1456323241.0,2b4f9432,0.939
1456323241.0,72056682,0.959
1456323241.0,bd3a11a3,0.959
1456323241.0,e9c8afa0,0.979
1456323241.0,353d2391,0.959
1456323241.0,96ae55d2,0.919
1456323241.0,ddaa5083,0.919
1456323241.0,3b1a99c0,0.979
1456323241.0,c466d5fa,0.979
1456323241.0,e183f4cf,0.959
1456323241.0,8536a14e,0.949
1456323241.0,d983cd5e,0.959
1456323241.0,4c05520d,0.929
1456323241.0,2445bcef,0.929
1456323241.0,dde85d42,0.939
1456323241.0,0cef0607,0.929
1456323241.0,0baaf637,0.939
1456323241.0,0ee68fe4,0.939
1456323241.0,3ceab2dc,0.979
1456323241.0,422fbafa,0.959
1456323241.0,935b74b4,0.959
1456323241.0,614629e1,0.929
1456323241.0,df5c751f,0.949
1456323241.0,16ee4d80,0.969
1456323241.0,250c9baa,0.939
1456323241.0,77c9f305,0.949
1456323241.0,9f34d3c7,0.959
1456323241.0,0d6425bc,0.959
1456323241.0,1929bb2b,0.979
1456323241.0,b5ec285f,0.979
1456323241.0,4719c036,0.939
1456323241.0,7929baa2,0.979
1456323241.0,7c912d45,0.949
1456323241.0,18a2553e,0.939
1456323241.0,d923719a,0.979
1456323241.0,c93058ac,0.979
1456323241.0,e24d8cab,0.949
1456323241.0,66a1358d,0.999
1456323241.0,612f96e1,0.959
1456323241.0,f7f13c47,0.969
1456323241.0,f03c398a,0.919
1456323241.0,f28e5efe,0.939
1456323241.0,3d05e45a,0.939
1456323241.0,19317a43,0.949
1456323241.0,ce40795f,1.029
1456323241.0,a18bcb80,0.969
1456323241.0,ec2d257d,0.989
1456323241.0,f04e168f,0.959
1456323241.0,25294ce8,0.969
1456323241.0,62f495a7,0.929
1456323241.0,9f99b7ac,0.929
1456323241.0,77409cad,0.979
1456323241.0,30389cde,0.929
1456323241.0,c257e761,0.939
1456323241.0,6a49dcf0,0.969
1456323241.0,c8d4613a,0.909
1456323241.0,e3f9ebe0,0.949
1456323241.0,,0.949
1456323241.0,,0.979
1456323241.0,e3330ca1,0.939
1456323241.0,0e5d84cd,0.959
1456323241.0,284c6af0,0.959
1456323241.0,c7ec58cd,0.939
1456323241.0,7662cc12,0.969
1456323241.0,fab2186a,0.959
1456323241.0,388c693e,0.979
1456323241.0,e57877ff,0.959
1456323241.0,2bbe715d,0.979
1456323241.0,ca71f476,1.009
1456323241.0,32c6c249,0.959
1456323241.0,54e207d2,0.979
1456323241.0,077aee0e,0.939
1456323241.0,a6339a0a,1.019
1456323241.0,6d94eae4,0.999
1456323241.0,49119bd2,0.939
1456323241.0,5c88c29d,0.949
1456323241.0,6ad7e90e,0.939
1456323241.0,b24d84c3,0.969
1456323241.0,e3fcda3f,0.989
1456323241.0,3a9a5bc8,0.929
1456323241.0,017f1d73,0.969
1456323241.0,c22d075f,0.969
1456323241.0,8c6f1d05,0.959
1456323241.0,1e7aac59,0.979
1456323241.0,d6d166bf,0.949
1456323241.0,496612a8,0.989
1456323241.0,ddef27e6,0.959
1456323241.0,02e413b6,0.979
1456323241.0,50f115af,0.989
1456323241.0,d428a044,0.949
1456323241.0,9ac3ac4d,0.939
1456323241.0,476697da,0.979
1456323241.0,e5ccd3f7,0.969
1456323241.0,2a753e23,0.929
1456323241.0,26d49c51,0.949
1456323241.0,6ffcaa16,0.939
1456323241.0,86d6d36f,1.009
1456323241.0,6e065b53,0.939
1456323241.0,c35029f0,0.979
1456323241.0,24398b7a,0.949
1456323241.0,0880a239,0.939
1456323241.0,b2ad3bc8,0.959
1456323241.0,38fda503,0.989
1456323241.0,d34f18ac,0.959
1456323241.0,11b72709,0.999
1456323241.0,c93210c8,0.979
1456323241.0,c25699b5,0.999
1456323241.0,402dea62,0.949
1456323241.0,173bf0b5,0.989
1456323241.0,f5234ec2,0.969
1456323241.0,5543a9fd,0.974
1456323241.0,c8b54491,0.949
1456323241.0,ec17af21,0.979
1456323241.0,fed67d30,0.969
1456323241.0,3e4c89c9,0.929
1456323241.0,eb179375,0.979
1456323241.0,476429df,0.939
1456323241.0,ec60ccb8,0.969
1456323241.0,eb3bf9c1,0.939
1456323241.0,5a271ac1,0.929
1456323241.0,625146af,0.949
1456323241.0,d6d2e0fe,0.969
1456323241.0,91211c7b,0.929
1456323241.0,7a6a4fd5,0.919
1456323241.0,75aac7da,0.929
1456323241.0,32f0b93e,0.919
1456323241.0,b8705ff2,0.949
1456323241.0,e5139cec,0.919
1456323241.0,cca094f8,0.949
1456323241.0,078f0784,0.929
1456323241.0,803beab6,0.949
1456323241.0,a02da48f,0.949
1456323241.0,5e068b6e,0.969
1456323241.0,856ff254,0.929
1456323241.0,2a684001,0.939
1456323241.0,d472efac,0.919
1456323241.0,9f42fd97,0.929
1456323241.0,8af7e008,0.939
1456323241.0,73e22345,0.959
1456323241.0,757cb5e7,0.929
1456323241.0,524d848c,0.929
1456323241.0,,0.929
1456323241.0,006407b4,0.929
1456323241.0,55148824,0.929
1456323241.0,09d54524,0.949
1456323241.0,0bb28765,0.959
1456323241.0,fb428d4f,0.949
1456323241.0,113fe84c,0.959
1456323241.0,672ba0d9,0.949
1456323241.0,e8775be0,0.979
1456323241.0,1cdbfafd,0.929
1456323241.0,20fea5aa,1.049
1456323241.0,94ce365f,0.959
1456323241.0,c404557e,0.939
1456323241.0,d99ae405,0.969
1456323241.0,042a624d,0.929
1456323241.0,435e7b69,0.939
1456323241.0,39f9c0aa,0.969
1456323241.0,0d1f648e,0.969
1456323241.0,467ac0ec,0.949
1456323241.0,73f7d503,0.929
1456323241.0,d2c2433a,0.959
1456323241.0,e551966a,0.989
1456323241.0,5c197824,0.959
1456323241.0,f33d10dd,0.929
1456323241.0,e4ff2e3f,0.949
1456323241.0,8de01e99,0.969
1456323241.0,0fc168e5,0.949
1456323241.0,1377ad59,0.929
1456323241.0,82812943,0.939
1456323241.0,331cb87c,0.939
1456323241.0,1403b858,1.029
1456323241.0,5fec062c,0.979
1456323241.0,3089305b,0.949
1456323241.0,bf816140,0.959
1456323241.0,39ff66f8,0.949
1456323241.0,2cbca1fc,0.949
1456323241.0,f185e887,0.979
1456323241.0,974e4706,0.929
1456323241.0,5fd30b48,0.989
1456323241.0,b29e1284,1.009
1456323241.0,f02e1c4e,0.929
1456323241.0,46d1ac1a,0.949
1456323241.0,cb46ac6c,0.959
1456323241.0,1489e7c1,0.929
1456323241.0,,0.989
1456323241.0,d87652c8,0.959
1456323241.0,b6167e3e,0.979
1456323241.0,3851f5d5,0.939
1456323241.0,2ab4115c,0.969
1456323241.0,829cb453,0.989
1456323241.0,2278ee7b,0.929
1456323241.0,a889c99a,0.939
1456323241.0,f0c6ab59,0.989
1456323241.0,036b80ad,0.939
1456323241.0,99144e06,0.979
1456323241.0,72ec8a0d,0.949
1456323241.0,76186cf8,0.969
1456323241.0,19c8f617,0.979
1456323241.0,3c0b225f,0.989
1456323241.0,b093e5e6,0.949
1456323241.0,cb814e8e,0.949
1456323241.0,0bae1b96,0.939
1456323241.0,f7dcd56c,0.929
1456323241.0,747529c4,0.919
1456323241.0,5574cdd5,0.959
1456323241.0,30466612,0.959
1456323241.0,7f0b245a,0.949
1456323241.0,159f07cc,0.959
1456323241.0,7fc72456,0.969
1456323241.0,ebe29594,0.949
1456323241.0,a711b7d5,0.989
1456323241.0,68bdb4cb,0.959
1456323241.0,7ecce629,0.929
1456323241.0,16b7ada0,0.994
1456323241.0,08f59b41,0.949
1456323241.0,5a76daff,0.979
1456323241.0,ccf05044,0.929
1456323241.0,a6f98df6,0.959
1456323241.0,70f30d88,0.959
1456323241.0,218fd480,0.959
1456323241.0,5d11fd07,0.969
1456323241.0,5fab2045,0.989
1456323241.0,873f022b,0.979
1456323241.0,a41abd0c,0.939
1456323241.0,3fa012b6,0.989
1456323241.0,014adbc0,0.949
1456323241.0,2052e025,0.949
1456323481.0,dfc32fdb,0.939
1456323481.0,ec44b311,0.919
1456323481.0,d779b267,0.999
1456323481.0,2fbb9c5a,0.939
1456323481.0,ea3de48b,0.969
1456323481.0,ae5b7656,0.999
1456323481.0,d2ae9270,0.929
1456323481.0,65f99718,0.959
1456323481.0,7632d7b7,0.949
1456323481.0,f5434e55,0.959
1456323481.0,d6f28452,0.999
1456323481.0,ad1f45e5,0.939
1456323481.0,b81b8885,0.939
1456323481.0,4af328a9,0.929
1456323481.0,d2578b12,0.939
1456323481.0,af6ce086,0.939
1456323481.0,de6c0c12,0.929
1456323481.0,a9b325ba,1.009
1456323481.0,ed5ad0df,0.959
1456323481.0,54f6175e,0.919
1456323481.0,57f9c142,0.949
1456323481.0,a979524c,0.929
1456323481.0,9e96bd97,0.939
1456323481.0,cf18b057,0.929
1456323481.0,1a56d0e9,0.969
1456323481.0,690132ab,0.929
1456323481.0,4ca12111,0.969
1456323481.0,3ee07cac,1.009
1456323481.0,01a42eea,0.959
1456323481.0,ac22a573,0.949
1456323481.0,09f3e38a,0.999
1456323481.0,89b4dcbb,0.969
1456323481.0,04fe94aa,0.969
1456323481.0,71dd6cb9,0.979
1456323481.0,f15b5390,0.919
1456323481.0,9b76dd1d,0.949
1456323481.0,33d56fd4,0.929
1456323481.0,2db0e1c7,0.949
1456323481.0,dd239a42,0.969
1456323481.0,9423afb9,0.949
1456323481.0,ca466dce,0.969
1456323481.0,3855d1bc,0.969
1456323481.0,7b9e88e2,0.989
1456323481.0,de1ded73,0.989
1456323481.0,1f6e5e51,1.009
1456323481.0,5bb4e610,0.949
1456323481.0,2820e4a6,0.939
1456323481.0,d7bb7cbb,0.949
1456323481.0,2628e12f,0.979
1456323481.0,fa4b70b0,1.029
1456323481.0,493bde6c,0.969
1456323481.0,e1307a34,0.989
1456323481.0,cd7f824c,0.979
1456323481.0,44e801f0,0.969
1456323481.0,ba9bb9e7,0.949
1456323481.0,dc36cd86,0.969
1456323481.0,77a71659,0.999
1456323481.0,76b80c65,0.959
1456323481.0,1fb105e7,0.969
1456323481.0,63b76619,0.969
1456323481.0,684f8459,0.999
1456323481.0,4af5893f,0.959
1456323481.0,4c3e0377,0.969
1456323481.0,822f88d8,0.969
1456323481.0,eb5d6331,1.019
1456323481.0,eb0a0090,0.969
1456323481.0,e938b089,0.959
1456323481.0,008b0fac,0.969
1456323481.0,5af6e995,0.939
1456323481.0,ddce8cd4,0.939
1456323481.0,832073a2,0.929
1456323481.0,7a018377,0.939
1456323481.0,2a348345,0.929
1456323481.0,c465775f,0.989
1456323481.0,17ac33f0,0.959
1456323481.0,84cd3ae4,0.949
1456323481.0,9f4abaf3,0.949
1456323481.0,2ae36ba1,0.929
1456323481.0,c25c5571,0.949
1456323481.0,5fbe505b,0.939
1456323481.0,f8e15df3,0.959
1456323481.0,24696b6f,0.919
1456323481.0,0defca9f,0.989
1456323481.0,ab89240b,0.979
1456323481.0,ded1172c,0.939
1456323481.0,f2c567b7,0.959
1456323481.0,d2c61288,0.939
1456323481.0,bb2d140b,0.989
1456323481.0,b82cdd94,1.029
1456323481.0,3dfc83c4,0.979
1456323481.0,7efc6d8f,0.959
1456323481.0,58d71582,0.959
1456323481.0,a5513d36,0.949
1456323481.0,708936ad,0.929
1456323481.0,a1c28fee,0.949
1456323481.0,829f8adc,0.949
1456323481.0,a9b1239f,0.949
1456323481.0,ee69ffcc,0.959
1456323481.0,7d9e71ad,0.979
1456323481.0,80ebee07,0.969
1456323481.0,e3667aa9,0.949
1456323481.0,c7316ab3,0.969
1456323481.0,deadb46b,0.979
1456323481.0,df5fc4c4,0.949
1456323481.0,99101bcc,1.029
1456323481.0,9db07996,0.969
1456323481.0,e878527c,0.959
1456323481.0,b3646450,0.939
1456323481.0,80072a71,0.959
1456323481.0,615801d6,0.989
1456323481.0,c0aa824a,0.949
1456323481.0,549d95e1,0.949
1456323481.0,6dd14a95,0.919
1456323481.0,df43a8b2,0.919
1456323481.0,c89e4e5e,0.999
1456323481.0,3a04ab7b,0.959
1456323481.0,7573fd74,0.949
1456323481.0,e8ad44f5,0.979
1456323481.0,5318f3a8,0.979
1456323481.0,0b069a72,0.979
1456323481.0,0fd8b490,0.969
1456323481.0,6aba45bf,0.959
1456323481.0,f4e77bcd,0.999
1456323481.0,6b7777cb,0.909
1456323481.0,c4a22935,0.979
1456323481.0,7f8ae480,1.039
1456323481.0,e7dc4cd2,0.959
1456323481.0,374b5919,0.959
1456323481.0,,0.979
1456323481.0,9fbf8dcd,1.009
1456323481.0,ff894f80,0.989
1456323481.0,65c13d89,0.929
1456323481.0,b07918a9,0.939
1456323481.0,c2952252,0.949
1456323481.0,bc7c0216,0.959
1456323481.0,d04dc22d,0.969
1456323481.0,d15d1648,0.979
1456323481.0,b24a2efc,0.989
1456323481.0,f8ebbae1,0.969
1456323481.0,1b6cee7c,0.939
1456323481.0,3ba3d773,0.959
1456323481.0,6fc8bedc,0.949
1456323481.0,bd1e659d,0.969
1456323481.0,d36c0bc0,0.959
1456323481.0,c9f99a88,0.939
1456323481.0,15c74866,0.959
1456323481.0,aa1ef023,0.949
1456323481.0,410d90fe,0.979
1456323481.0,7cb1bbc0,0.969
1456323481.0,ef0bc256,0.929
1456323481.0,4d6144cb,0.999
1456323481.0,2f7c96af,0.959
1456323481.0,6df00f1d,0.969
1456323481.0,78e80807,0.979
1456323481.0,993df4e5,0.999
1456323481.0,ce9c03ce,0.969
1456323481.0,575d8182,0.959
1456323481.0,055e54a6,0.999
1456323481.0,b258c197,0.999
1456323481.0,0cebd045,0.959
1456323481.0,454f4a05,0.949
1456323481.0,d9e01646,0.959
1456323481.0,556b6079,0.949
1456323481.0,f052c9f4,0.969
1456323481.0,ba0d3095,0.969
1456323481.0,1b2eb583,0.959
1456323481.0,2b6d5808,0.939
1456323481.0,f65e3be6,0.939
1456323481.0,79470901,0.909
1456323481.0,fee64542,0.919
1456323481.0,0ef5bf4d,0.949
1456323481.0,8c807692,0.959
1456323481.0,11f3128c,0.939
1456323481.0,1db5b62a,0.959
1456323481.0,6499badf,1.029
1456323481.0,8e01dbc3,0.949
1456323481.0,d165c2c6,1.009
1456323481.0,c8ce828b,0.939
1456323481.0,03f96d6c,0.949
1456323481.0,50c1aaef,0.989
1456323481.0,e7295166,0.919
1456323481.0,3ede3ac4,0.969
1456323481.0,17651816,0.999
1456323481.0,78767dc5,0.969
1456323481.0,58d78a43,0.949
1456323481.0,c7b29cc5,0.969
1456323481.0,907c9e39,0.979
1456323481.0,0a67fa6f,0.979
1456323481.0,d21a57fd,0.949
1456323481.0,61637c84,0.989
1456323481.0,5d73d979,0.929
1456323481.0,a894c70b,0.959
1456323481.0,a625d115,0.949
1456323481.0,977ac60e,0.969
1456323481.0,0d8ee6ff,0.969
1456323481.0,0220896d,0.939
1456323481.0,35d8c725,0.969
1456323481.0,f847749e,0.949
1456323481.0,5e9aaf1c,0.989
1456323481.0,09cfdaed,0.959
1456323481.0,865b080f,0.979
1456323481.0,cfe370d6,0.989
1456323481.0,4c2d3e35,0.959
1456323481.0,467c21a8,0.989
1456323481.0,2c0cf8f5,0.979
1456323481.0,76f44572,0.959
1456323481.0,be70fae4,0.939
1456323481.0,a9fd24ed,0.939
1456323481.0,b4a9375f,0.949
1456323481.0,6f59ab1a,0.954
1456323481.0,9581fe81,0.949
1456323481.0,0aad0d01,0.959
1456323481.0,fee45b54,0.949
1456323481.0,48ebcec1,0.959
1456323481.0,54dcc913,0.939
1456323481.0,67b3d058,0.969
1456323481.0,6bf563af,0.939
1456323481.0,0fc11a52,0.939
1456323481.0,9501b2c0,0.979
1456323481.0,6927d550,0.949
1456323481.0,cdf2f211,0.959
1456323481.0,28119274,0.949
1456323481.0,b5940e7d,0.959
1456323481.0,0ad1807b,0.979
1456323481.0,c558dd18,0.989
1456323481.0,b706633d,0.949
1456323481.0,04d9d4a8,0.939
1456323481.0,9dc9d249,0.959
1456323481.0,c26a49db,0.959
1456323481.0,28e3481f,0.979
1456323481.0,57a33e46,0.969
1456323481.0,82786d09,0.929
1456323481.0,36098a3a,0.969
1456323481.0,23ffe49b,0.949
1456323481.0,a6ffe7e6,0.999
1456323481.0,20015b2d,0.999
1456323481.0,11e2fc79,0.949
1456323481.0,1bc36219,0.939
1456323481.0,fcbae89e,0.949
1456323481.0,0a0ef89e,0.939
1456323481.0,37768192,0.979
1456323481.0,a4b11e87,0.949
1456323481.0,29c7431a,0.979
1456323481.0,c0508b12,0.979
1456323481.0,41170479,0.979
1456323481.0,e62672b9,0.959
1456323481.0,5fb9dfa5,0.969
1456323481.0,3c497123,0.949
1456323481.0,ec81af8f,0.959
1456323481.0,b25b4ab0,0.959
1456323481.0,80e1c626,0.949
1456323481.0,164df318,1.019
1456323481.0,e6ebe240,0.929
1456323481.0,74a97362,0.929
1456323481.0,c4b99997,0.969
1456323481.0,b026b716,0.959
1456323481.0,b3d2e1c5,0.959
1456323481.0,67b560d4,0.959
1456323481.0,ff608fc4,0.929
1456323481.0,68af1b90,0.938
1456323481.0,b8529633,0.919
1456323481.0,f507ce06,0.999
1456323481.0,60ad081f,0.979
1456323481.0,02d133f6,1.009
1456323481.0,0d45e0bd,0.969
1456323481.0,e766a873,0.979
1456323481.0,a74299cc,0.949
1456323481.0,550ebfc1,0.959
1456323481.0,575ae8b7,1.019
1456323481.0,ccc808c9,0.949
1456323481.0,5d693719,0.979
1456323481.0,a4ab46ee,0.939
1456323481.0,7b018030,0.969
1456323481.0,a2be7bcb,0.959
1456323481.0,5d8dcd1a,0.949
1456323481.0,f6c091f9,0.959
1456323481.0,37a893dc,0.959
1456323481.0,1aa7daeb,0.999
1456323481.0,171447e0,0.929
1456323481.0,ddb691b0,0.939
1456323481.0,ca089b70,0.969
1456323481.0,5982a304,0.979
1456323481.0,b632c5ee,0.959
1456323481.0,8bdbf457,0.959
1456323481.0,91b891b8,0.989
1456323481.0,00c551a1,0.949
1456323481.0,c4b1a3a1,0.969
1456323481.0,ed56f7ed,0.959
1456323481.0,3f09175f,0.969
1456323481.0,48ef3fea,0.979
1456323481.0,f2abb84b,0.969
1456323481.0,9d3b9bdc,0.959
1456323481.0,67a88200,0.959
1456323481.0,ff263010,0.979
1456323481.0,4a7395cf,0.959
1456323481.0,5962da15,0.969
1456323481.0,f9f28f31,0.959
1456323481.0,8fcd9062,0.929
1456323481.0,90e6d279,1.039
1456323481.0,275898da,1.039
1456323481.0,ab01842d,0.959
1456323481.0,a182ab0c,0.969
1456323481.0,c05a0ef2,0.959
1456323481.0,b4078397,0.959
1456323481.0,80e97677,0.969
1456323481.0,444fc3ef,0.969
1456323481.0,42d0c2aa,0.959
1456323481.0,c97403d4,0.949
1456323481.0,3b1d17e6,0.969
1456323481.0,e40ec31e,0.929
1456323481.0,076cbc57,0.939
1456323481.0,faaa1fe7,0.959
1456323481.0,cec51495,0.939
1456323481.0,94686fc0,0.959
1456323481.0,28af0625,0.939
1456323481.0,f8627d5e,0.949
1456323481.0,9354b0fc,0.969
1456323481.0,93aae403,0.939
1456323481.0,14e4cad9,0.969
1456323481.0,743a840f,0.979
1456323481.0,2cf175a8,0.969
1456323481.0,51e83074,0.969
1456323481.0,6df6da28,0.989
1456323481.0,f708be71,0.959
1456323481.0,6384651f,0.959
1456323481.0,b43aab28,0.949
1456323481.0,7f8a14da,0.959
1456323481.0,77cb599d,0.929
1456323481.0,ba35e551,0.919
1456323481.0,bdf0a3dc,0.959
1456323481.0,dcbbade5,0.929
1456323481.0,a813c756,0.999
1456323481.0,32ba3943,0.959
1456323481.0,fbb2872c,0.919
1456323481.0,43556abc,1.009
1456323481.0,c21f352d,0.939
1456323481.0,e8770e69,0.979
1456323481.0,9171a74f,0.929
1456323481.0,b1450a7d,0.969
1456323481.0,0ec71297,0.939
1456323481.0,1e78130a,0.979
1456323481.0,7124c657,0.949
1456323481.0,c5a3cdcb,0.979
1456323481.0,4e8aa2e9,0.999
1456323481.0,80267da5,1.029
1456323481.0,7eb639ab,0.979
1456323481.0,812f5a36,0.959
1456323481.0,844296bd,0.969
1456323481.0,8f4c771c,1.049
1456323481.0,536d9ac3,1.039
1456323481.0,4d91361c,0.949
1456323481.0,d97e33d2,0.959
1456323481.0,2bdc4b63,0.969
1456323481.0,52227bb2,0.999
1456323481.0,1effdd9e,1.039
1456323481.0,649461ec,0.949
1456323481.0,476b265b,0.949
1456323481.0,fff23df4,0.969
1456323481.0,99017784,0.969
1456323481.0,b16a7660,0.939
1456323481.0,ad1c95ab,0.969
1456323481.0,006248be,1.029
1456323481.0,2ad0a689,0.979
1456323481.0,8c225212,1.009
1456323481.0,7e63be59,0.969
1456323481.0,5e983c4b,0.969
1456323481.0,425da802,0.989
1456323481.0,2096e49a,0.939
1456323481.0,3ceab2dc,0.949
1456323481.0,2e64cc2e,0.999
1456323481.0,c90ddd1c,0.999
1456323481.0,76b10566,0.949
1456323481.0,65bf913d,0.949
1456323481.0,0f1a4e9a,1.019
1456323481.0,89923e95,0.949
1456323481.0,9c586989,0.959
1456323481.0,ab141bc6,1.069
1456323481.0,e73d5934,1.009
1456323481.0,0dbe7cbf,0.939
1456323481.0,53da2dce,0.969
1456323481.0,d2ffce1f,0.979
1456323481.0,be031347,0.959
1456323481.0,054cfa5d,0.939
1456323481.0,29f85de3,0.979
1456323481.0,449f9515,0.959
1456323481.0,43a05b46,0.959
1456323481.0,dca8997b,0.979
1456323481.0,,0.929
1456323481.0,7eb5a5a4,0.939
1456323481.0,c4eb2874,0.969
1456323481.0,6204496e,0.959
1456323481.0,61e52b01,0.959
1456323481.0,350b5605,0.939
1456323481.0,15383da3,0.939
1456323481.0,e37dd80a,0.949
1456323481.0,d0e10ca9,0.939
1456323481.0,5e8ffc69,0.969
1456323481.0,31be0909,0.939
1456323481.0,33caf979,0.959
1456323481.0,199fdffc,0.989
1456323481.0,a3b4b0af,0.939
1456323481.0,58e1a8b4,0.959
1456323481.0,9fc9a999,0.989
1456323481.0,3365e596,0.969
1456323481.0,e3330ca1,0.929
1456323481.0,95577aab,0.929
1456323481.0,9e184682,0.949
1456323481.0,308408ca,0.949
1456323481.0,682145e8,0.969
1456323481.0,fb80b39a,0.949
1456323481.0,621f191f,0.949
1456323481.0,1443c8f6,0.989
1456323481.0,40e47eaa,0.959
1456323481.0,5321252a,0.969
1456323481.0,4c925894,0.969
1456323481.0,40e0779e,0.959
1456323481.0,54cd733f,0.959
1456323481.0,33edb985,1.009
1456323481.0,db97e7b4,0.949
1456323481.0,792ef841,0.959
1456323481.0,0f0331a5,0.939
1456323481.0,3463f37f,0.959
1456323481.0,35cb7ed4,0.949
1456323481.0,9af0b5ab,1.029
1456323481.0,d1832039,0.969
1456323481.0,5ba385a2,1.049
1456323481.0,eaaeb33a,0.949
1456323481.0,0434e895,0.989
1456323481.0,923a028b,0.989
1456323481.0,2b04db76,0.979
1456323481.0,76994b54,0.939
1456323481.0,8f767099,0.949
1456323481.0,4bb19235,0.939
1456323481.0,a5312f3b,0.929
1456323481.0,e305ccae,0.959
1456323481.0,ed61f658,0.949
1456323481.0,0dd8ba4c,1.029
1456323481.0,f7f51e72,0.969
1456323481.0,ac12c84c,1.009
1456323481.0,31cd43d6,0.939
1456323481.0,cd860c0f,0.969
1456323481.0,aa45910c,0.949
1456323481.0,d195f0c9,0.979
1456323481.0,d6d2e0fe,0.959
1456323481.0,398b6ec7,0.989
1456323481.0,9dff86f1,0.959
1456323481.0,c6f69752,0.929
1456323481.0,02a3ff50,0.929
1456323481.0,e1936457,0.929
1456323481.0,cb71673a,0.989
1456323481.0,2f34dd60,0.959
1456323481.0,d07d6e2f,0.969
1456323481.0,9f4967c5,0.939
1456323481.0,ce8b60a3,0.929
1456323481.0,16fa63dc,0.969
1456323481.0,00d6d029,0.919
1456323481.0,471d5cec,0.949
1456323481.0,09391e15,0.919
1456323481.0,094fab78,1.009
1456323481.0,69a09fed,0.949
1456323481.0,128ef159,0.949
1456323481.0,484ff98d,0.949
1456323481.0,78f2b451,0.989
1456323481.0,9f62a2b2,0.949
1456323481.0,97eccc29,0.949
1456323481.0,7eb51d57,0.979
1456323481.0,e05e8acf,0.999
1456323481.0,21a51aa6,0.969
1456323481.0,a74e1057,1.029
1456323481.0,7b8e3478,0.989
1456323481.0,0f5578bb,0.969
1456323481.0,d4f7e2c6,0.969
1456323481.0,7818ad58,0.949
1456323481.0,2bbb3f4f,1.009
1456323481.0,f36f4393,0.949
1456323481.0,f33d10dd,0.919
1456323481.0,7a0f0cd4,0.949
1456323481.0,2178a97e,0.949
1456323481.0,560ee759,0.959
1456323481.0,a60237e8,0.979
1456323481.0,576c1f5f,0.989
1456323481.0,a6ea6f37,0.959
1456323481.0,c1c6485d,0.949
1456323481.0,a7a2a72e,0.959
1456323481.0,4c14d834,0.979
1456323481.0,4500efc2,0.939
1456323481.0,e9b61dbc,0.959
1456323481.0,e34047b9,0.939
1456323481.0,146c8d31,0.979
1456323481.0,b8ab8097,0.979
1456323481.0,5d5a9bdb,0.949
1456323481.0,5bb89bd2,0.929
1456323481.0,3fb5dad7,0.969
1456323481.0,2678c9c4,0.959
1456323481.0,b2fe44c9,0.989
1456323481.0,fb363438,0.949
1456323481.0,502fb54b,0.959
1456323481.0,657e6dae,0.949
1456323481.0,741f4fab,0.949
1456323481.0,ebe29594,0.949
1456323481.0,200bc827,0.969
1456323481.0,ac94744b,0.969
1456323481.0,c6e11963,0.939
1456323481.0,7af18d81,0.969
1456323481.0,8404a707,0.959
1456323481.0,09c4d8a3,0.969
1456323481.0,aee35b92,0.919
1456323481.0,7ae317da,0.989
1456323481.0,91012236,1.009
1456323481.0,5fab2045,0.989
1456323481.0,33d673e1,0.979
1456323481.0,,0.969
1456323721.0,,0.959
1456323721.0,d3193e38,1.009
1456323721.0,d81fbb3d,0.999
1456323721.0,3318e0c6,0.999
1456323721.0,83a8ae72,0.939
1456323721.0,e07c0604,0.939
1456323721.0,51d953d8,0.919
1456323721.0,0bab7166,0.949
1456323721.0,2f40868f,0.969
1456323721.0,d685db42,0.929
1456323721.0,43be7e31,0.949
1456323721.0,408e52ea,0.949
1456323721.0,9d2b8d38,0.929
1456323721.0,00605faf,0.949
1456323721.0,e99e5f77,0.939
1456323721.0,a9b325ba,0.969
1456323721.0,820d9924,0.939
1456323721.0,31a01e0e,0.989
1456323721.0,5b737243,0.939
1456323721.0,2c9a6a74,0.939
1456323721.0,4e7b5ef6,0.939
1456323721.0,c45f047d,0.929
1456323721.0,939e85bc,0.919
1456323721.0,8e0ec690,0.939
1456323721.0,81eb1428,0.939
1456323721.0,f6b43ef3,0.949
1456323721.0,48085700,0.969
1456323721.0,c8fd7bd8,0.929
1456323721.0,e42f2550,0.949
1456323721.0,5a22f16c,0.939
1456323721.0,b65176ae,0.939
1456323721.0,58dfb803,0.959
1456323721.0,59e24118,0.959
1456323721.0,9d6f620d,0.939
1456323721.0,09c88ed9,0.939
1456323721.0,57f9c142,0.949
1456323721.0,ba9a540e,0.969
1456323721.0,3f809e45,0.959
1456323721.0,b7fdbb95,0.949
1456323721.0,7828885e,0.919
1456323721.0,3133beb1,0.949
1456323721.0,9b76dd1d,0.949
1456323721.0,0375f449,0.939
1456323721.0,42a9168f,0.979
1456323721.0,384c3465,0.969
1456323721.0,52f801fe,0.979
1456323721.0,7ad9844c,0.929
1456323721.0,069bf848,0.969
1456323721.0,01169ddb,0.979
1456323721.0,14dfafb1,0.989
1456323721.0,a9ae74bd,0.969
1456323721.0,a634c773,0.969
1456323721.0,d3b57fc9,0.949
1456323721.0,05076f05,0.959
1456323721.0,5b68d8ad,0.939
1456323721.0,9f8e2486,0.969
1456323721.0,86cc51ec,0.959
1456323721.0,79ca8f37,0.969
1456323721.0,5dc70b90,0.969
1456323721.0,2371f256,0.969
1456323721.0,fc3fcf48,0.949
1456323721.0,9dc599bb,0.929
1456323721.0,9c43f621,0.939
1456323721.0,21fa9a42,0.939
1456323721.0,42f2621b,0.969
1456323721.0,763190d4,0.969
1456323721.0,3d1e3ab6,0.959
1456323721.0,44da8f35,0.939
1456323721.0,cb479352,1.009
1456323721.0,95402468,0.929
1456323721.0,788fd9ec,0.959
1456323721.0,7a719de4,0.979
1456323721.0,fef37507,0.969
1456323721.0,eda96774,0.959
1456323721.0,a8b18b6e,0.939
1456323721.0,e6c42bec,0.969
1456323721.0,cca00c58,0.949
1456323721.0,91d2ac21,0.944
1456323721.0,3d74c9d4,0.929
1456323721.0,ed327e9c,0.949
1456323721.0,92bebd84,0.979
1456323721.0,814d74ac,0.929
1456323721.0,6e12c790,0.939
1456323721.0,3104967c,0.949
1456323721.0,623e9424,0.969
1456323721.0,e10f157c,0.949
1456323721.0,0dac1cdc,0.959
1456323721.0,16b0be39,0.969
1456323721.0,3d1b021c,0.969
1456323721.0,35822dd5,0.939
1456323721.0,2a8db2e4,0.969
1456323721.0,b69db0fc,1.009
1456323721.0,a8dbe3f9,0.969
1456323721.0,8eef6c32,0.939
1456323721.0,e3d91258,0.989
1456323721.0,4d917f63,0.959
1456323721.0,08f6024d,0.999
1456323721.0,1cb7429a,0.949
1456323721.0,dbca9739,0.959
1456323721.0,8db8c96c,0.979
1456323721.0,e6d32ea4,0.979
1456323721.0,191737f5,0.949
1456323721.0,42daef27,1.028
1456323721.0,eb4b87cc,0.949
1456323721.0,2736cca4,0.939
1456323721.0,2f7eea5b,0.969
1456323721.0,249c81ea,0.919
1456323721.0,ab01d0f4,0.949
1456323721.0,f94d8069,0.969
1456323721.0,b553e369,0.949
1456323721.0,8d590271,0.939
1456323721.0,8983a3f5,0.949
1456323721.0,0399244a,0.959
1456323721.0,63b23aaa,0.969
1456323721.0,3b561556,0.939
1456323721.0,ef3c7f93,0.954
1456323721.0,4bf0dfb0,0.979
1456323721.0,3fcbe3b5,0.989
1456323721.0,13228d53,0.969
1456323721.0,bbc01d1b,0.899
1456323721.0,3b59a143,0.989
1456323721.0,61da3eca,0.919
1456323721.0,645c2661,0.969
1456323721.0,21dc0042,0.939
1456323721.0,2c82fe56,0.939
1456323721.0,b6de77a6,0.959
1456323721.0,a03c9b78,0.989
1456323721.0,c4ac8df0,0.979
1456323721.0,da6302b3,0.939
1456323721.0,89f0cfb7,0.939
1456323721.0,216b96ab,0.969
1456323721.0,575d8182,0.949
1456323721.0,b05147af,0.939
1456323721.0,cb5cc628,0.949
1456323721.0,6ba4e2d1,0.979
1456323721.0,3bb74884,0.959
1456323721.0,34b00dee,0.939
1456323721.0,b840a41d,0.969
1456323721.0,de1eff76,0.959
1456323721.0,e17eccc4,1.009
1456323721.0,0c811233,0.919
1456323721.0,f1ba09c1,0.959
1456323721.0,8700c374,0.939
1456323721.0,a20f676d,0.929
1456323721.0,980707a9,0.949
1456323721.0,2cb63a21,0.949
1456323721.0,3044d200,0.989
1456323721.0,6aa8dde2,0.969
1456323721.0,e7ec8759,0.949
1456323721.0,97f7398e,0.939
1456323721.0,557f7d87,0.929
1456323721.0,1a0f3e2b,0.949
1456323721.0,a7be9b25,0.929
1456323721.0,,0.969
1456323721.0,53410888,0.929
1456323721.0,25a151c2,0.939
1456323721.0,29552de4,0.969
1456323721.0,110c184e,0.929
1456323721.0,5762e9a9,0.989
1456323721.0,ea80ce64,0.929
1456323721.0,98fad8c5,0.959
1456323721.0,cc3dc9ec,0.939
1456323721.0,5dbdb1ad,0.909
1456323721.0,05ab806f,0.959
1456323721.0,59698c83,0.939
1456323721.0,99079efc,0.969
1456323721.0,c330a48b,0.939
1456323721.0,55446f74,0.959
1456323721.0,2771327d,0.929
1456323721.0,39b11db0,0.979
1456323721.0,a5cf2ad0,0.969
1456323721.0,a5b19cba,0.979
1456323721.0,f19a2bc5,0.919
1456323721.0,aa86d47e,0.949
1456323721.0,65154942,0.959
1456323721.0,ae578482,0.949
1456323721.0,4141a0aa,0.929
1456323721.0,ed3acf54,0.959
1456323721.0,6933007f,0.959
1456323721.0,0fb8b04e,0.959
1456323721.0,,0.939
1456323721.0,22bbd2e9,0.929
1456323721.0,72615718,0.929
1456323721.0,fc2ec0dc,0.959
1456323721.0,010fdae7,0.929
1456323721.0,63f573eb,0.959
1456323721.0,6a9f29fb,0.959
1456323721.0,24523b3b,0.949
1456323721.0,7de438fa,0.989
1456323721.0,ad269c98,0.939
1456323721.0,78562f9b,0.959
1456323721.0,41d0e7f4,0.959
1456323721.0,03a8f542,0.969
1456323721.0,fa890292,0.949
1456323721.0,840dc1e3,0.929
1456323721.0,6ac179bc,0.949
1456323721.0,e4e801a1,0.909
1456323721.0,cb7fae49,0.939
1456323721.0,b4a263f0,0.949
1456323721.0,5b0a88cf,0.939
1456323721.0,2330f268,0.929
1456323721.0,efe3611d,0.949
1456323721.0,3a2d39a0,0.949
1456323721.0,e9e141d7,0.979
1456323721.0,8a338e32,0.929
1456323721.0,2eccf490,0.929
1456323721.0,aed09b0f,0.949
1456323721.0,cd422423,0.959
1456323721.0,9e283f94,0.949
1456323721.0,662f41b7,0.949
1456323721.0,4683ed0e,0.979
1456323721.0,8e306a91,0.939
1456323721.0,4370ed3a,0.969
1456323721.0,727a279d,0.969
1456323721.0,f8b49237,0.959
1456323721.0,a9683117,0.949
1456323721.0,aa700ca2,0.919
1456323721.0,e371c619,0.999
1456323721.0,563059fb,0.959
1456323721.0,affe7d62,0.929
1456323721.0,0324ee01,0.959
1456323721.0,302dd48b,0.979
1456323721.0,84167b40,0.959
1456323721.0,8cfcff71,0.919
1456323721.0,7c1d5106,0.979
1456323721.0,f93d7536,0.929
1456323721.0,d604a294,0.979
1456323721.0,9e5c868a,0.999
1456323721.0,755c641f,0.939
1456323721.0,02917849,0.979
1456323721.0,81e0ef7b,0.939
1456323721.0,18175a0a,0.949
1456323721.0,f34c3a36,0.959
1456323721.0,3a7d2c69,0.949
1456323721.0,8576f4a6,0.929
1456323721.0,64808918,0.999
1456323721.0,ba54ed5e,0.969
1456323721.0,443ae02b,0.969
1456323721.0,a253f17e,0.949
1456323721.0,c804ac06,0.949
1456323721.0,bcfb8220,0.969
1456323721.0,6027b071,0.939
1456323721.0,465ed67d,0.979
1456323721.0,a1eb62eb,0.959
1456323721.0,6719ddbc,0.959
1456323721.0,a2d171ec,0.959
1456323721.0,4cd470ad,0.919
1456323721.0,af07b81f,0.959
1456323721.0,04524480,0.959
1456323721.0,6e41593c,0.969
1456323721.0,cfc3caef,0.969
1456323721.0,c00a63fa,0.979
1456323721.0,f7e2f65d,0.999
1456323721.0,926a9855,0.939
1456323721.0,8babf7a8,0.959
1456323721.0,0c4f31d4,0.939
1456323721.0,44a2c936,0.999
1456323721.0,2606727d,0.939
1456323721.0,7300bd43,0.969
1456323721.0,552250d6,0.949
1456323721.0,bed26785,0.949
1456323721.0,0535a64d,0.959
1456323721.0,e22b9886,0.989
1456323721.0,3f9273de,0.949
1456323721.0,dadc3ef8,0.959
1456323721.0,8f9c3c61,0.959
1456323721.0,6e565eb4,0.939
1456323721.0,8b3b52bb,0.959
1456323721.0,c980bb7e,0.959
1456323721.0,3ff7f5f2,0.969
1456323721.0,e31720af,0.929
1456323721.0,bdd3f5c9,0.939
1456323721.0,8b68df1f,0.939
1456323721.0,81dd5a9d,0.939
1456323721.0,f56256a9,0.949
1456323721.0,76176c12,0.949
1456323721.0,7961ef76,0.959
1456323721.0,e4465e8e,0.939
1456323721.0,8bd3b9de,0.959
1456323721.0,388f42fa,0.929
1456323721.0,24afea5b,0.969
1456323721.0,ff58f7ef,0.959
1456323721.0,384af07c,0.939
1456323721.0,69539d07,0.939
1456323721.0,1e866267,0.949
1456323721.0,e25fe2d7,0.949
1456323721.0,4b92e661,0.989
1456323721.0,70afbb14,0.979
1456323721.0,004e3e89,1.029
1456323721.0,f39dbcda,0.979
1456323721.0,f4333371,0.939
1456323721.0,d54426c4,0.959
1456323721.0,b7bd3267,0.979
1456323721.0,6321db63,0.939
1456323721.0,4110a4d8,0.979
1456323721.0,4817973e,0.959
1456323721.0,8cedb45b,0.929
1456323721.0,2fe25570,0.929
1456323721.0,36da90c6,0.959
1456323721.0,eac2af55,0.939
1456323721.0,,0.919
1456323721.0,2ef6b1d5,0.949
1456323721.0,9babce8b,0.949
1456323721.0,26a6aed5,0.949
1456323721.0,4a8e26ae,0.989
1456323721.0,d473e239,0.939
1456323721.0,1249f58e,0.949
1456323721.0,aac612fe,0.989
1456323721.0,d0b3d48c,0.939
1456323721.0,c8767aa3,0.939
1456323721.0,9867054e,0.989
1456323721.0,04f94792,0.989
1456323721.0,59d4a720,0.949
1456323721.0,f7fc57ea,0.969
1456323721.0,c08d3d8e,0.939
1456323721.0,c2f64bdc,0.949
1456323721.0,27825143,0.939
1456323721.0,1b2380b6,0.959
1456323721.0,b3d667a6,0.929
1456323721.0,e743f9ea,0.919
1456323721.0,54b81d07,0.939
1456323721.0,84a3b636,0.979
1456323721.0,9c59b375,0.989
1456323721.0,c4395b95,0.969
1456323721.0,d262266d,0.939
1456323721.0,f6eddbb3,0.949
1456323721.0,4c83adf3,0.979
1456323721.0,d998872e,0.959
1456323721.0,4a6fab59,0.959
1456323721.0,73ad722d,0.959
1456323721.0,aca882da,0.928
1456323721.0,5709c9ed,0.939
1456323721.0,437a065e,0.949
1456323721.0,b6a10cdf,0.929
1456323721.0,27268be1,0.969
1456323721.0,0e31f374,0.959
1456323721.0,b13eb8fa,1.019
1456323721.0,61ebbc40,0.939
1456323721.0,fcb53c89,0.959
1456323721.0,db29506f,0.959
1456323721.0,e600b76d,0.949
1456323721.0,2e2669a6,1.009
1456323721.0,8d8152a0,0.959
1456323721.0,be572aa5,0.949
1456323721.0,8e68c7c0,0.999
1456323721.0,564ef774,0.939
1456323721.0,336c678f,0.949
1456323721.0,92b69eed,0.939
1456323721.0,77cb599d,0.919
1456323721.0,068a30eb,0.949
1456323721.0,57e63781,0.949
1456323721.0,2df68795,0.979
1456323721.0,f5684ccb,0.949
1456323721.0,5daf9270,0.989
1456323721.0,25365ee8,0.959
1456323721.0,59f961f5,0.959
1456323721.0,eadc25e7,0.949
1456323721.0,790c4be8,0.979
1456323721.0,2fec3510,0.939
1456323721.0,6e2e5e05,0.989
1456323721.0,63a8e437,0.949
1456323721.0,c449f1b5,0.969
1456323721.0,81c9cec5,0.979
1456323721.0,4352ae26,0.929
1456323721.0,6357dca2,0.959
1456323721.0,01a2d8cf,0.969
1456323721.0,97c6460d,0.939
1456323721.0,1698d005,0.969
1456323721.0,aa4b4ae6,0.999
1456323721.0,e600cf0f,0.929
1456323721.0,eb159d17,0.974
1456323721.0,57393752,0.999
1456323721.0,bd6c269c,0.899
1456323721.0,a5ce2de1,0.939
1456323721.0,b04f3f69,0.989
1456323721.0,63e70cd3,0.939
1456323721.0,506ea768,0.979
1456323721.0,58cb2ae4,0.929
1456323721.0,523156b3,0.949
1456323721.0,c393d3fc,0.949
1456323721.0,1e05521d,0.949
1456323721.0,33a2e297,0.939
1456323721.0,dcd3f71a,0.949
1456323721.0,af4316ed,0.949
1456323721.0,8c5eeeac,0.979
1456323721.0,d1002658,0.949
1456323721.0,684a7ab7,0.909
1456323721.0,cd749265,0.939
1456323721.0,,0.949
1456323721.0,3f241a2c,0.979
1456323721.0,4853f9f1,0.949
1456323721.0,27ad4edd,0.999
1456323721.0,716baf59,0.939
1456323721.0,0b37cd71,0.979
1456323721.0,ee288062,0.979
1456323721.0,c6f8f2a3,0.949
1456323721.0,5953f6dc,0.939
1456323721.0,9de40edf,0.949
1456323721.0,332fb1ba,0.949
1456323721.0,5043ba52,0.979
1456323721.0,1bb94f90,0.949
1456323721.0,81f221f2,0.919
1456323721.0,c4124a50,0.989
1456323721.0,9b127d1f,0.979
1456323721.0,2771cba6,0.939
1456323721.0,24bf40f3,0.929
1456323721.0,dc07718c,0.959
1456323721.0,a06379c3,0.949
1456323721.0,682145e8,0.959
1456323721.0,42aa3fce,0.949
1456323721.0,c0a9edc8,0.989
1456323721.0,d9686f25,0.939
1456323721.0,c4348493,0.979
1456323721.0,22ed3351,0.949
1456323721.0,fac5bd9e,0.939
1456323721.0,e6cf2bea,0.999
1456323721.0,9672cfaf,0.949
1456323721.0,65a0b74e,0.939
1456323721.0,40dffb00,0.949
1456323721.0,7e056bdf,0.929
1456323721.0,c2fe56f7,0.939
1456323721.0,b962ee53,0.999
1456323721.0,,0.939
1456323721.0,f4217802,0.979
1456323721.0,fc9dc8e5,0.939
1456323721.0,6d257c8c,0.969
1456323721.0,04aefaad,0.969
1456323721.0,8405466d,0.939
1456323721.0,3e32276d,0.939
1456323721.0,5c531135,0.929
1456323721.0,f13a2469,0.989
1456323721.0,930998e2,0.949
1456323721.0,81665a82,0.919
1456323721.0,3f2c1a7b,0.929
1456323721.0,0e392bbd,0.939
1456323721.0,37f5ab7c,0.969
1456323721.0,b36ed3e1,1.019
1456323721.0,16d9bba6,0.969
1456323721.0,1db152f7,0.969
1456323721.0,d51594f4,0.939
1456323721.0,2a4f7cb1,0.939
1456323721.0,fc8f41b2,0.929
1456323721.0,e1936457,0.929
1456323721.0,4d4b1ca0,0.909
1456323721.0,73e22345,0.949
1456323721.0,46ad9f53,0.929
1456323721.0,024c1344,0.939
1456323721.0,9398e203,0.939
1456323721.0,d6703157,0.939
1456323721.0,265be8c2,0.959
1456323721.0,2b2b7338,0.929
1456323721.0,267e21dd,0.929
1456323721.0,4827ec0b,0.959
1456323721.0,afb0335d,0.939
1456323721.0,e8812318,1.039
1456323721.0,3f9a7b26,0.939
1456323721.0,c846f887,0.979
1456323721.0,661e8c68,0.949
1456323721.0,6ad5396e,0.949
1456323721.0,038eae7e,0.979
1456323721.0,9a0f8848,0.909
1456323721.0,8577f793,0.919
1456323721.0,74adc87d,0.949
1456323721.0,40fe1f50,0.949
1456323721.0,aca99357,0.999
1456323721.0,92f8fe19,1.009
1456323721.0,990b3bf9,0.949
1456323721.0,06170933,0.979
1456323721.0,bee45034,0.949
1456323721.0,3851f5d5,0.929
1456323721.0,574bc6fc,0.969
1456323721.0,e4f15ee0,0.989
1456323721.0,65b05fee,0.959
1456323721.0,d3508125,0.979
1456323721.0,6f93e9a4,0.949
1456323721.0,a4a288ce,0.959
1456323721.0,93d44ba8,0.989
1456323721.0,3645c978,0.959
1456323721.0,c73ee0fc,0.979
1456323721.0,a3eb6d42,0.974
1456323721.0,836023d3,0.969
1456323721.0,e38fc560,0.959
1456323721.0,0eeb22de,0.979
1456323721.0,c77607db,0.969
1456323721.0,23f3fdd2,0.949
1456323721.0,bb7226f1,0.919
1456323721.0,f230f25c,0.979
1456323721.0,6244903c,0.969
1456323721.0,129427de,0.949
1456323721.0,16a70ba2,0.999
1456323721.0,b927af62,0.959
1456323721.0,9499ff78,0.929
1456323721.0,7680fb35,0.939
1456323721.0,96aa8cbc,0.959
1456323721.0,2ae6578d,0.949
1456323721.0,a41abd0c,0.929
1456323961.0,7d485af0,0.949
1456323961.0,ae0b5a92,0.939
1456323961.0,7db0ea2e,0.939
1456323961.0,b5cf690e,0.939
1456323961.0,ea1e491b,1.009
1456323961.0,0d102e85,0.919
1456323961.0,5ce764c2,0.939
1456323961.0,819eb542,0.939
1456323961.0,982b4a02,0.989
1456323961.0,01f0fa8d,0.969
1456323961.0,2ec1e1ad,0.909
1456323961.0,d68ef316,0.979
1456323961.0,d109e19e,0.979
1456323961.0,82444c93,0.959
1456323961.0,1af22ca6,0.949
1456323961.0,0297c11e,0.949
1456323961.0,beb3b49b,0.909
1456323961.0,893b96a5,0.979
1456323961.0,7c556e65,0.949
1456323961.0,ad7e1163,0.949
1456323961.0,c2d8e386,0.909
1456323961.0,2295e162,0.909
1456323961.0,bc11a9fb,0.939
1456323961.0,a39def90,0.929
1456323961.0,7006be5d,0.949
1456323961.0,6fa8087e,0.949
1456323961.0,a85e6b62,0.949
1456323961.0,6bafd8aa,0.939
1456323961.0,646811ac,0.929
1456323961.0,1b369933,0.959
1456323961.0,c17b17c8,0.939
1456323961.0,069182e4,0.959
1456323961.0,ca5390ed,0.949
1456323961.0,669db224,0.919
1456323961.0,609e4eb1,0.989
1456323961.0,09bc3f2e,0.989
1456323961.0,5bf5865e,0.939
1456323961.0,7a5a5f94,0.979
1456323961.0,0a1259e1,0.959
1456323961.0,33a40844,0.969
1456323961.0,21a0bd76,0.979
1456323961.0,24a41128,0.979
1456323961.0,02f94ae2,0.979
1456323961.0,f5c448cd,0.969
1456323961.0,45bd4b76,0.929
1456323961.0,eed6c533,0.949
1456323961.0,7da8091a,1.009
1456323961.0,e31897db,0.929
1456323961.0,d20092c4,0.899
1456323961.0,bb79fa75,0.949
1456323961.0,f1a7c19d,1.009
1456323961.0,6b162563,0.949
1456323961.0,e401b629,0.979
1456323961.0,d36374e8,0.959
1456323961.0,afa8e37d,0.969
1456323961.0,6c406288,0.969
1456323961.0,55a8333b,0.969
1456323961.0,e37ae88a,0.949
1456323961.0,b0f0f3c3,0.969
1456323961.0,5f0b3d94,0.959
1456323961.0,7840ee28,0.939
1456323961.0,f71e9613,0.939
1456323961.0,55c76ce6,0.979
1456323961.0,7ef38273,0.949
1456323961.0,62e58d1d,0.959
1456323961.0,eccadaa3,0.989
1456323961.0,2bd60a02,0.969
1456323961.0,7481989a,0.929
1456323961.0,b787856a,0.979
1456323961.0,c392588c,0.959
1456323961.0,9e099f07,1.009
1456323961.0,2861d5a0,0.959
1456323961.0,c25c5571,0.939
1456323961.0,b79612a4,0.949
1456323961.0,2a4db9c0,0.979
1456323961.0,f86a6ea1,0.959
1456323961.0,0b96eaac,0.949
1456323961.0,ea2d6eca,0.969
1456323961.0,df7d4f7c,0.949
1456323961.0,10337302,0.919
1456323961.0,,0.959
1456323961.0,d65d6aba,0.999
1456323961.0,3a85d29b,0.969
1456323961.0,cd3580e7,0.969
1456323961.0,3b5be616,0.969
1456323961.0,53f9f79f,0.949
1456323961.0,,0.999
1456323961.0,f92b1138,0.979
1456323961.0,70900101,0.989
1456323961.0,bff84a14,0.969
1456323961.0,03098eb9,0.939
1456323961.0,d596df4f,0.989
1456323961.0,57bad7ea,0.939
1456323961.0,92300cd4,0.899
1456323961.0,3fd4709d,0.989
1456323961.0,bd333cd1,0.949
1456323961.0,69e0cb90,0.949
1456323961.0,0f76854a,0.959
1456323961.0,19eaaa8f,0.939
1456323961.0,249a69d6,0.959
1456323961.0,d0e7222d,1.009
1456323961.0,633828e5,0.959
1456323961.0,1b9cc9e7,0.999
1456323961.0,cf68ef20,0.969
1456323961.0,ccd61b2c,0.969
1456323961.0,3047d3f5,0.979
1456323961.0,fc6311f1,1.009
1456323961.0,4f2880a9,0.949
1456323961.0,0491309a,0.969
1456323961.0,fea3781d,0.959
1456323961.0,53b427ae,0.959
1456323961.0,34525e5b,0.949
1456323961.0,4fdca23f,0.939
1456323961.0,81be7dbb,0.949
1456323961.0,2397e1c5,0.949
1456323961.0,ac995a23,0.959
1456323961.0,c76945cf,0.949
1456323961.0,9d244fa5,0.969
1456323961.0,09d4eccb,0.939
1456323961.0,9e6ada8a,0.989
1456323961.0,79df2cb3,0.969
1456323961.0,2ff0d839,0.929
1456323961.0,bcc54274,0.949
1456323961.0,5bbe0a9d,0.939
1456323961.0,7ae5eaaa,0.969
1456323961.0,82360936,0.949
1456323961.0,8cf36275,0.979
1456323961.0,a376033a,0.969
1456323961.0,95761004,0.939
1456323961.0,a09958dd,0.939
1456323961.0,ca3dd4d1,0.959
1456323961.0,a05c9bbf,0.969
1456323961.0,c302d35e,0.939
1456323961.0,5e56181c,0.929
1456323961.0,883007ed,0.959
1456323961.0,1f23d8f2,0.949
1456323961.0,59ac6c1c,0.939
1456323961.0,9f3e7014,0.989
1456323961.0,e8b13926,0.959
1456323961.0,84953eae,0.959
1456323961.0,25f73f25,0.959
1456323961.0,f8562e1c,0.919
1456323961.0,5fcf7eea,0.949
1456323961.0,6b488736,0.939
1456323961.0,2d22d73a,0.989
1456323961.0,7fa92b87,0.984
1456323961.0,63ded480,0.979
1456323961.0,78b3ccb1,0.969
1456323961.0,e6b2872b,0.949
1456323961.0,3d5353b9,0.979
1456323961.0,b619b05f,0.949
1456323961.0,b47f33d8,0.969
1456323961.0,56995334,0.909
1456323961.0,29626b91,0.939
1456323961.0,8a924c37,0.929
1456323961.0,3747e646,0.909
1456323961.0,54ba3e2f,0.934
1456323961.0,a6980904,0.949
1456323961.0,411372b9,0.979
1456323961.0,38f800d8,0.919
1456323961.0,db623e54,0.919
1456323961.0,bc29eda7,0.929
1456323961.0,d14d8358,0.959
1456323961.0,603e075c,0.939
1456323961.0,12d210d8,0.939
1456323961.0,165068db,0.939
1456323961.0,478ca3dd,0.969
1456323961.0,7694edff,0.949
1456323961.0,876763f5,0.929
1456323961.0,0b4a5e48,0.939
1456323961.0,6d9dcb86,0.939
1456323961.0,f985130f,0.959
1456323961.0,70ab0b09,0.929
1456323961.0,050b15b6,0.949
1456323961.0,a099cd62,0.969
1456323961.0,8dbc9e66,0.939
1456323961.0,c1d8560d,0.979
1456323961.0,67fb32f7,0.959
1456323961.0,5466334e,0.949
1456323961.0,bed52cfb,0.989
1456323961.0,8c807692,0.949
1456323961.0,dfd511ab,0.939
1456323961.0,ffb71aa8,0.919
1456323961.0,9e81ec36,0.969
1456323961.0,8f280c89,0.929
1456323961.0,613352d7,0.949
1456323961.0,350879b3,0.949
1456323961.0,232a4a6a,0.969
1456323961.0,25e13742,0.939
1456323961.0,178c1416,0.939
1456323961.0,1c7a02ad,0.939
1456323961.0,b511f34b,0.959
1456323961.0,e99f823b,0.949
1456323961.0,83c3c3bf,0.969
1456323961.0,d4391500,0.949
1456323961.0,c74444b1,0.989
1456323961.0,e335e0bc,0.959
1456323961.0,3563be5a,0.929
1456323961.0,f76f3d3a,0.929
1456323961.0,ed416c52,0.979
1456323961.0,d21a57fd,0.939
1456323961.0,a5c5f9b2,0.969
1456323961.0,bfc6b6eb,0.929
1456323961.0,84f19301,0.939
1456323961.0,b1ca0ed3,0.959
1456323961.0,8c77ed6c,0.949
1456323961.0,a2943eb8,0.959
1456323961.0,67b209f1,0.979
1456323961.0,391179ed,0.969
1456323961.0,4c2d3e35,0.929
1456323961.0,cd2bd6ee,0.959
1456323961.0,1cf625f0,0.959
1456323961.0,ae6ec1fd,0.979
1456323961.0,dc080c47,0.979
1456323961.0,056edfd2,0.939
1456323961.0,5b37a40b,0.979
1456323961.0,4f3ac261,0.979
1456323961.0,b23e37d9,0.939
1456323961.0,50317e5f,0.949
1456323961.0,b546c000,0.939
1456323961.0,6c6c9588,0.959
1456323961.0,68492860,1.009
1456323961.0,40d8f838,0.909
1456323961.0,ac6e085e,0.979
1456323961.0,555c0035,0.939
1456323961.0,19ff419b,0.949
1456323961.0,cd5c4fc2,0.959
1456323961.0,ebecf1c6,0.959
1456323961.0,d327c1d7,0.999
1456323961.0,3ca42fdd,0.959
1456323961.0,4f60f2d3,0.949
1456323961.0,f37029f1,0.949
1456323961.0,3da2bd95,0.989
1456323961.0,552250d6,0.949
1456323961.0,f77077c1,0.989
1456323961.0,46691d06,0.989
1456323961.0,75d9dd17,0.929
1456323961.0,266713de,0.929
1456323961.0,05fa8b72,0.969
1456323961.0,5e6b1f04,0.909
1456323961.0,529f6f9b,0.969
1456323961.0,6727ef58,0.989
1456323961.0,8a128851,0.949
1456323961.0,d63aac19,0.949
1456323961.0,7bd23993,0.949
1456323961.0,6ad0086e,0.939
1456323961.0,11e04c6a,0.969
1456323961.0,256dd9bf,0.959
1456323961.0,,0.959
1456323961.0,f76fac88,0.969
1456323961.0,0e752181,0.979
1456323961.0,aa2f1ae8,0.949
1456323961.0,c960300b,0.979
1456323961.0,be03744e,0.959
1456323961.0,dd81b39f,0.969
1456323961.0,3680125e,0.949
1456323961.0,4dc73eb8,0.979
1456323961.0,d4fe6b6d,0.929
1456323961.0,3219cb04,0.939
1456323961.0,ba77d89e,0.959
1456323961.0,5fc4c82d,0.959
1456323961.0,5629e39c,0.949
1456323961.0,50a1f055,0.949
1456323961.0,ac0c8eee,0.969
1456323961.0,537fac20,0.939
1456323961.0,f028637b,0.989
1456323961.0,ec3feaec,0.959
1456323961.0,3d5d3cef,0.959
1456323961.0,5e6a8982,0.989
1456323961.0,d6fe953b,0.949
1456323961.0,d247620c,0.949
1456323961.0,ceb2372e,0.959
1456323961.0,a2be7bcb,0.949
1456323961.0,6cd66c40,1.009
1456323961.0,1b39d7f7,0.969
1456323961.0,6f5e3368,0.959
1456323961.0,44959c83,0.999
1456323961.0,ac1a5d1b,0.939
1456323961.0,23542a3f,0.969
1456323961.0,52e70aca,0.919
1456323961.0,72567073,0.949
1456323961.0,374e91b4,0.949
1456323961.0,baef0398,0.959
1456323961.0,b7a7ee6f,0.959
1456323961.0,f44b6301,0.979
1456323961.0,add1235c,1.029
1456323961.0,da4f51da,1.009
1456323961.0,8bda8d2f,0.939
1456323961.0,a4dec78a,0.999
1456323961.0,3ceb9aae,0.929
1456323961.0,bc0ec46f,0.969
1456323961.0,fd278e66,0.949
1456323961.0,7c91739b,0.999
1456323961.0,7934cb40,0.959
1456323961.0,bbd2a218,0.949
1456323961.0,1f1e2904,0.939
1456323961.0,88cccf93,0.919
1456323961.0,b8091458,0.949
1456323961.0,b75d9830,0.939
1456323961.0,fb77e994,0.979
1456323961.0,04543b56,0.939
1456323961.0,d3a16954,0.939
1456323961.0,18ecad37,0.959
1456323961.0,efb267f7,0.969
1456323961.0,b6f2c106,0.949
1456323961.0,ae5d2bb7,0.949
1456323961.0,dff89479,0.939
1456323961.0,73242acd,0.929
1456323961.0,989cb65d,0.949
1456323961.0,c580e761,0.929
1456323961.0,a65d4e81,0.909
1456323961.0,47196a5d,1.029
1456323961.0,2174c3f9,0.929
1456323961.0,b4e57aeb,0.939
1456323961.0,d39d4848,0.949
1456323961.0,057738a5,0.949
1456323961.0,94d24f55,0.959
1456323961.0,2e2669a6,0.989
1456323961.0,,0.969
1456323961.0,4f913836,0.949
1456323961.0,8e8fcbca,0.959
1456323961.0,c985912f,0.979
1456323961.0,7f3bdc08,0.939
1456323961.0,58a914d5,0.929
1456323961.0,c7804480,1.039
1456323961.0,559fcfde,1.009
1456323961.0,07ccba78,0.989
1456323961.0,2601854e,0.939
1456323961.0,b46c0713,0.989
1456323961.0,a0e239a8,0.949
1456323961.0,9ad11a57,0.979
1456323961.0,91d18db5,0.939
1456323961.0,325d4b8f,0.929
1456323961.0,bcca3d12,0.959
1456323961.0,8b2f9092,0.969
1456323961.0,9da3a4c0,0.999
1456323961.0,a2c4c052,0.929
1456323961.0,6514f251,0.949
1456323961.0,bc4f26f3,0.969
1456323961.0,fa4d44ce,0.969
1456323961.0,85fc0347,0.969
1456323961.0,dd7c2cef,0.949
1456323961.0,91636cd2,0.949
1456323961.0,acd225f7,0.979
1456323961.0,39409a93,0.949
1456323961.0,2d3f410b,0.979
1456323961.0,0af09136,0.959
1456323961.0,99d4f63c,0.949
1456323961.0,4a4627da,0.929
1456323961.0,a9061770,0.939
1456323961.0,a54d4e57,0.969
1456323961.0,38ad9bbf,0.949
1456323961.0,d565fdf7,0.949
1456323961.0,8cb4fc7c,0.919
1456323961.0,5e5886b8,0.999
1456323961.0,b2a8f247,0.979
1456323961.0,1ff45876,0.939
1456323961.0,4a590311,0.959
1456323961.0,3fdc528a,0.969
1456323961.0,40271791,0.959
1456323961.0,3346c58a,0.969
1456323961.0,9a03cdbc,0.939
1456323961.0,8ce1b5f8,0.969
1456323961.0,91cac178,0.939
1456323961.0,60da834f,0.929
1456323961.0,4917afaa,0.999
1456323961.0,44e433ed,0.989
1456323961.0,ceda1d43,0.949
1456323961.0,a459b6b0,0.989
1456323961.0,bd227bfb,1.009
1456323961.0,65bf913d,0.949
1456323961.0,37741f9a,0.979
1456323961.0,5f6019e0,0.919
1456323961.0,4d5c23ec,0.979
1456323961.0,69e0d4ed,0.949
1456323961.0,82e36ee5,0.969
1456323961.0,88977ce9,0.979
1456323961.0,bbca138f,0.929
1456323961.0,2faaffd9,0.949
1456323961.0,b8e3788a,0.989
1456323961.0,0e7f0bd4,0.969
1456323961.0,89911292,0.959
1456323961.0,49ea8294,0.969
1456323961.0,8f806f27,0.979
1456323961.0,b88f7241,0.969
1456323961.0,e657e4ae,0.979
1456323961.0,8f6ac169,0.949
1456323961.0,3982c15e,0.979
1456323961.0,8b143527,0.979
1456323961.0,5cfe2697,0.959
1456323961.0,bf1ede3b,0.919
1456323961.0,85a8d903,0.929
1456323961.0,0a48df72,0.979
1456323961.0,3167769c,0.969
1456323961.0,fb80b39a,0.929
1456323961.0,0aedf476,0.939
1456323961.0,4b2b710a,0.969
1456323961.0,b9535339,0.899
1456323961.0,e00ca8bb,0.959
1456323961.0,3b50751f,0.959
1456323961.0,18cc7b01,0.959
1456323961.0,48c3f251,1.009
1456323961.0,680fd459,0.959
1456323961.0,b20731bb,0.979
1456323961.0,f48ed1d8,0.959
1456323961.0,40e0779e,0.959
1456323961.0,a3409eaf,0.959
1456323961.0,4b7b3dd3,0.989
1456323961.0,b9cdf061,1.009
1456323961.0,c6c05a1d,0.939
1456323961.0,9af0b5ab,0.979
1456323961.0,9410a8d1,0.959
1456323961.0,790cb266,0.969
1456323961.0,8b18bb85,0.979
1456323961.0,4951f110,1.019
1456323961.0,8e5758d4,0.969
1456323961.0,3c0f4b64,0.939
1456323961.0,04359025,0.949
1456323961.0,0a224fb3,0.959
1456323961.0,90b15783,0.969
1456323961.0,0b4a487b,0.979
1456323961.0,2ee8e08d,0.939
1456323961.0,f92bdf7c,0.939
1456323961.0,3fa49d91,0.979
1456323961.0,c3d72a2f,1.009
1456323961.0,53d76725,0.959
1456323961.0,cada2616,0.939
1456323961.0,d6eb1a7f,0.939
1456323961.0,fc8f41b2,0.919
1456323961.0,02065938,0.939
1456323961.0,a07f50c4,0.949
1456323961.0,,0.989
1456323961.0,84387118,1.009
1456323961.0,6ed1ade4,0.919
1456323961.0,22ac7d75,0.939
1456323961.0,3f48f52e,0.939
1456323961.0,8f41fe32,1.029
1456323961.0,0c74abc4,0.929
1456323961.0,a49f5d4b,0.949
1456323961.0,17b40c62,0.969
1456323961.0,5d3a9ec2,0.969
1456323961.0,757cb5e7,0.919
1456323961.0,00d6d029,0.919
1456323961.0,471d5cec,0.939
1456323961.0,094fab78,0.999
1456323961.0,733cb25c,0.939
1456323961.0,69a09fed,0.939
1456323961.0,128ef159,0.939
1456323961.0,0d5cb1e5,0.949
1456323961.0,b6daf677,0.949
1456323961.0,eeca31d3,0.989
1456323961.0,f98ff970,0.949
1456323961.0,,0.939
1456323961.0,add88990,0.989
1456323961.0,,0.949
1456323961.0,0110af37,0.979
1456323961.0,5076e63c,0.969
1456323961.0,434de2f2,0.959
1456323961.0,6e520560,0.999
1456323961.0,baff6152,0.969
1456323961.0,d4817c1a,0.939
1456323961.0,8f697f0a,0.939
1456323961.0,31dfb194,0.949
1456323961.0,e36e5558,0.959
1456323961.0,152f6019,0.939
1456323961.0,be5a4a27,0.969
1456323961.0,b29e1284,0.994
1456323961.0,f9294b46,0.949
1456323961.0,27612978,0.939
1456323961.0,873835b6,0.949
1456323961.0,1247a204,0.989
1456323961.0,0a1ab9f7,0.939
1456323961.0,43030d9f,0.949
1456323961.0,9cb41098,0.989
1456323961.0,a937e574,0.969
1456323961.0,c698b4f6,0.999
1456323961.0,eae702bd,0.959
1456323961.0,1fb879cb,0.959
1456323961.0,4c14d834,0.969
1456323961.0,19c8f617,0.979
1456323961.0,0b1eb29a,0.949
1456323961.0,722c9387,0.939
1456323961.0,cb814e8e,0.939
1456323961.0,66444795,0.939
1456323961.0,049b2af8,0.969
1456323961.0,484d9d04,0.959
1456323961.0,eac805c4,0.969
1456323961.0,6c200339,0.949
1456323961.0,24248782,0.969
1456323961.0,a54c76e8,0.949
1456323961.0,cdf95c47,1.009
1456323961.0,68bce29e,1.019
1456323961.0,def62512,0.999
1456323961.0,2a953aa3,0.989
1456323961.0,b48a36b2,0.959
1456323961.0,06a2513a,0.979
1456323961.0,6b4ba54d,0.959
1456323961.0,ebe29594,0.949
1456323961.0,85dcde4e,0.919
1456323961.0,03c6addd,0.959
1456323961.0,6ebc2d88,0.949
1456323961.0,47e03c5b,0.999
1456323961.0,9f9d06bd,0.964
1456323961.0,c26e2bbb,0.919
1456323961.0,26dda5ba,0.979
1456323961.0,076da68e,0.934
1456323961.0,9cb727d2,0.929
1456323961.0,837ae634,0.959
1456324201.0,6c5a28c6,0.939
1456324201.0,8f3027b6,0.949
1456324201.0,f000c864,0.969
1456324201.0,dc4873f6,0.959
1456324201.0,5da50d00,0.939
1456324201.0,7b247260,0.909
1456324201.0,134cefdf,0.929
1456324201.0,d52caa0c,0.959
1456324201.0,d52b5e19,0.949
1456324201.0,c6cd3146,0.969
1456324201.0,264d6745,0.929
1456324201.0,6f9fee8c,0.949
1456324201.0,1bfa0edf,0.979
1456324201.0,3bb20ba7,0.959
1456324201.0,3f2ba968,0.919
1456324201.0,80e60cfc,0.959
1456324201.0,897fceb5,0.969
1456324201.0,e32371df,0.969
1456324201.0,,0.969
1456324201.0,0c728d01,0.939
1456324201.0,cfe72b95,0.969
1456324201.0,a9083629,0.929
1456324201.0,8bb0059b,0.929
1456324201.0,d5fd7f0e,0.949
1456324201.0,ee75d139,0.959
1456324201.0,79957fd7,1.019
1456324201.0,71f3b1d9,0.979
1456324201.0,f6c7ffc6,0.969
1456324201.0,dd52b873,1.009
1456324201.0,091ee9ad,1.009
1456324201.0,655988e9,0.949
1456324201.0,797e753d,0.999
1456324201.0,557d2fc5,0.959
1456324201.0,c3fac240,0.969
1456324201.0,860d9600,0.959
1456324201.0,53db0fe7,0.989
1456324201.0,73e5c32d,0.949
1456324201.0,7dcac0a5,0.919
1456324201.0,477c7bcf,0.929
1456324201.0,77a337be,0.949
1456324201.0,39175664,0.939
1456324201.0,b1df20da,0.989
1456324201.0,884a1646,0.939
1456324201.0,8e4d1e9d,0.959
1456324201.0,c952f3ae,0.959
1456324201.0,86a500f1,0.949
1456324201.0,a9bfa2fb,0.959
1456324201.0,a27aa278,0.999
1456324201.0,23e9a491,0.969
1456324201.0,8804fa13,0.989
1456324201.0,117e8bca,0.949
1456324201.0,a7e5b405,0.959
1456324201.0,26dc2927,0.969
1456324201.0,faddd104,0.959
1456324201.0,1ab747ac,0.939
1456324201.0,6938babb,0.949
1456324201.0,722bfb7b,0.979
1456324201.0,e7b24018,0.919
1456324201.0,c392588c,0.999
1456324201.0,2258db93,0.969
1456324201.0,b90ce0f4,0.949
1456324201.0,12434f8d,0.929
1456324201.0,5fbe505b,0.939
1456324201.0,1e85a7ee,0.959
1456324201.0,bedfcf7f,1.149
1456324201.0,b79612a4,0.949
1456324201.0,1a20bec9,0.939
1456324201.0,91925b72,0.989
1456324201.0,ed56981f,0.979
1456324201.0,8d3bf964,0.969
1456324201.0,4397d974,0.959
1456324201.0,12aafa0c,0.949
1456324201.0,00d41319,0.939
1456324201.0,7a53b849,0.939
1456324201.0,37034115,0.969
1456324201.0,58d71582,0.959
1456324201.0,192ba8fb,0.939
1456324201.0,811b6a32,0.979
1456324201.0,37c4f1e4,0.929
1456324201.0,92a71bb7,0.959
1456324201.0,f74600d5,0.949
1456324201.0,859fc025,0.969
1456324201.0,1d86aff5,0.949
1456324201.0,3a9fbebb,0.979
1456324201.0,2d55bf5c,0.949
1456324201.0,71c8efd1,1.019
1456324201.0,c3a379ab,0.939
1456324201.0,65964ff0,0.959
1456324201.0,3bb3ff25,0.939
1456324201.0,45427090,0.989
1456324201.0,4204f478,0.939
1456324201.0,2ca3372b,0.939
1456324201.0,815252d2,0.909
1456324201.0,b6387436,0.969
1456324201.0,668ec837,0.989
1456324201.0,b95b2152,0.959
1456324201.0,b9331765,0.969
1456324201.0,5133ebd5,0.969
1456324201.0,3dbf1358,1.019
1456324201.0,d0e7222d,1.009
1456324201.0,301f8f7b,0.989
1456324201.0,ac1ca792,0.959
1456324201.0,2a57a759,0.949
1456324201.0,8b7a46ae,0.959
1456324201.0,4fbb3ab4,0.949
1456324201.0,102d2e04,0.969
1456324201.0,2168c0a1,0.979
1456324201.0,,0.999
1456324201.0,bb738427,0.959
1456324201.0,2ffbebf3,0.949
1456324201.0,57636a29,0.949
1456324201.0,325a3e8f,0.959
1456324201.0,4c9a5839,0.969
1456324201.0,e307b347,0.939
1456324201.0,c5208f75,0.949
1456324201.0,1168538d,0.949
1456324201.0,c8961000,0.949
1456324201.0,b54a85b1,0.939
1456324201.0,ebeb4dec,0.969
1456324201.0,507d25cf,0.999
1456324201.0,1ad30a9a,0.959
1456324201.0,15d15c6f,0.959
1456324201.0,028c59d7,0.959
1456324201.0,719aa84a,0.949
1456324201.0,3b3b7c54,0.959
1456324201.0,dd14d9c0,0.989
1456324201.0,7aa7e8fe,0.949
1456324201.0,8215d943,1.019
1456324201.0,4c76dbcf,0.989
1456324201.0,60531009,0.929
1456324201.0,3d589997,0.949
1456324201.0,d20d5219,0.949
1456324201.0,90df0b88,0.959
1456324201.0,317db5c8,0.969
1456324201.0,96eb851e,0.939
1456324201.0,65c65682,0.949
1456324201.0,bebb76d2,0.949
1456324201.0,58419a90,0.949
1456324201.0,8ab710a0,0.929
1456324201.0,b05147af,0.939
1456324201.0,b646a001,0.979
1456324201.0,f7bef751,0.979
1456324201.0,b52679e9,0.949
1456324201.0,c6388189,0.949
1456324201.0,cd2e6031,0.979
1456324201.0,61d59ee9,0.979
1456324201.0,9dce1619,0.949
1456324201.0,cd5312ba,0.979
1456324201.0,e537497e,0.929
1456324201.0,283d3a46,0.939
1456324201.0,62e5651b,0.939
1456324201.0,7d589b96,0.959
1456324201.0,beb2cad8,0.959
1456324201.0,db29e260,0.909
1456324201.0,76e85116,0.929
1456324201.0,85f08836,0.959
1456324201.0,703564df,0.929
1456324201.0,b6ba34e1,0.929
1456324201.0,3a3fcab7,0.929
1456324201.0,c78b7333,0.969
1456324201.0,2815cfa2,0.939
1456324201.0,e206c1b6,0.939
1456324201.0,3a19f7bb,0.929
1456324201.0,5a24bfe1,0.939
1456324201.0,89a0ee54,0.939
1456324201.0,0c558324,1.019
1456324201.0,8b77e169,0.919
1456324201.0,f8b49237,0.959
1456324201.0,e0bab6c8,0.919
1456324201.0,,0.909
1456324201.0,d4391500,0.939
1456324201.0,bb23fbe2,0.979
1456324201.0,8c1c23fb,0.924
1456324201.0,f6e29329,0.949
1456324201.0,20021fca,0.929
1456324201.0,ed8a5a8a,0.949
1456324201.0,2864a863,0.939
1456324201.0,77793a3e,0.929
1456324201.0,2d02e703,0.959
1456324201.0,b30ca48e,0.949
1456324201.0,b1ca0ed3,0.959
1456324201.0,4eea00cc,0.959
1456324201.0,34832faa,0.989
1456324201.0,98e9a25d,0.959
1456324201.0,1b7b3aab,0.939
1456324201.0,eec8c179,0.949
1456324201.0,e4983efc,0.979
1456324201.0,048e9166,0.939
1456324201.0,bfb7a4d6,0.959
1456324201.0,430cbb77,0.999
1456324201.0,17efd51c,0.979
1456324201.0,cb489a3a,0.949
1456324201.0,235dd814,0.989
1456324201.0,34f054d7,0.979
1456324201.0,eb751c39,0.959
1456324201.0,21d0f81c,0.969
1456324201.0,56d1fe2a,0.959
1456324201.0,5a3d51b4,0.969
1456324201.0,09f8dfad,0.949
1456324201.0,0f574058,1.009
1456324201.0,bd8f68d2,0.969
1456324201.0,bda6612d,0.939
1456324201.0,30ac5a0c,0.949
1456324201.0,4ee0535e,0.969
1456324201.0,aa2cc83b,0.959
1456324201.0,0bd89a27,0.989
1456324201.0,ae09ed04,0.959
1456324201.0,c03f4ffa,0.939
1456324201.0,17127e8d,0.959
1456324201.0,84e18861,0.959
1456324201.0,39ee1e11,0.949
1456324201.0,9e5a10db,0.959
1456324201.0,e4de6238,0.999
1456324201.0,affb443e,1.019
1456324201.0,a5de0540,0.959
1456324201.0,0f7cfab9,0.939
1456324201.0,cbc79cc7,0.969
1456324201.0,c1dfd045,0.979
1456324201.0,ec81af8f,0.959
1456324201.0,c713cfc0,0.979
1456324201.0,90789f94,0.929
1456324201.0,33565053,0.939
1456324201.0,718fb25f,0.949
1456324201.0,78962747,0.999
1456324201.0,ac8fe45c,0.959
1456324201.0,712e5646,0.959
1456324201.0,9c45c396,0.959
1456324201.0,de567861,0.959
1456324201.0,2b6463d1,0.959
1456324201.0,9a0bacc1,0.939
1456324201.0,49925c42,0.949
1456324201.0,ce519ed4,0.959
1456324201.0,f2b5514e,0.959
1456324201.0,3f896bf8,0.919
1456324201.0,45dbb997,0.929
1456324201.0,8025debd,0.959
1456324201.0,b791cb2d,0.919
1456324201.0,9aff86f3,0.949
1456324201.0,195fb3bd,0.949
1456324201.0,0ddddfa0,0.939
1456324201.0,68c15014,0.939
1456324201.0,422c3409,0.949
1456324201.0,26058f82,0.949
1456324201.0,ca089b70,0.959
1456324201.0,b84742db,0.969
1456324201.0,5d07df0f,0.939
1456324201.0,11fd2741,0.959
1456324201.0,c4b1a3a1,0.949
1456324201.0,ed56f7ed,0.949
1456324201.0,96854150,0.989
1456324201.0,324dc3f8,0.949
1456324201.0,a260f4a5,0.969
1456324201.0,1c1b5783,0.939
1456324201.0,a59df71b,0.969
1456324201.0,fec908f7,0.979
1456324201.0,86b9d04d,0.949
1456324201.0,86ca3bf1,0.959
1456324201.0,f322d52b,0.999
1456324201.0,94d55606,0.969
1456324201.0,e431e0c7,0.949
1456324201.0,6dc3c176,0.929
1456324201.0,18ecad37,0.959
1456324201.0,a453e0de,0.939
1456324201.0,9beb1b98,0.959
1456324201.0,cf422a5e,0.989
1456324201.0,830faf16,0.949
1456324201.0,69cf448c,0.999
1456324201.0,1d295295,1.019
1456324201.0,53d2ed19,0.969
1456324201.0,0bf731c0,0.969
1456324201.0,,0.999
1456324201.0,ece6b02f,0.959
1456324201.0,bf0b9827,0.939
1456324201.0,8e8fcbca,0.999
1456324201.0,302c9dc6,0.969
1456324201.0,6c1eda32,0.979
1456324201.0,aeba37f9,0.949
1456324201.0,bf12232f,0.939
1456324201.0,3fb149fc,0.949
1456324201.0,f224f5b7,0.949
1456324201.0,8ff3cfbc,0.969
1456324201.0,07effad4,0.949
1456324201.0,c4a3a803,0.959
1456324201.0,eb8520ef,0.989
1456324201.0,895ceaef,0.949
1456324201.0,87856e5d,0.979
1456324201.0,abba0a2d,0.959
1456324201.0,f06e40a6,0.939
1456324201.0,a2f965eb,0.949
1456324201.0,6459c68c,0.959
1456324201.0,e9e52898,0.959
1456324201.0,6465956f,0.899
1456324201.0,56afcb19,0.939
1456324201.0,46dba843,0.959
1456324201.0,c366f7fc,0.949
1456324201.0,c8e00f1c,0.939
1456324201.0,b8461f7b,0.929
1456324201.0,8b47b275,0.939
1456324201.0,958542ce,0.989
1456324201.0,d97e33d2,0.959
1456324201.0,c39953ee,0.979
1456324201.0,2bdc4b63,0.949
1456324201.0,2d2c8e81,0.979
1456324201.0,f5774e0e,0.949
1456324201.0,8706aa4c,0.959
1456324201.0,385d85e8,0.969
1456324201.0,982ba5cc,0.949
1456324201.0,1718ae0b,0.949
1456324201.0,71424e6c,0.939
1456324201.0,9d64de92,0.949
1456324201.0,7e6785e2,1.009
1456324201.0,bec87d80,0.959
1456324201.0,bd3a11a3,0.959
1456324201.0,5533e7bf,0.969
1456324201.0,966a40ae,0.959
1456324201.0,9ab54d52,0.969
1456324201.0,5e983c4b,0.959
1456324201.0,97d3de54,0.949
1456324201.0,6f79337c,0.959
1456324201.0,2e1573c2,0.969
1456324201.0,33a2e297,0.929
1456324201.0,37b5d60a,0.939
1456324201.0,963911cc,1.009
1456324201.0,dd192f15,0.949
1456324201.0,a48343d6,0.949
1456324201.0,82d40753,0.959
1456324201.0,d643ef3d,0.939
1456324201.0,39cc6655,0.979
1456324201.0,74bb761d,1.009
1456324201.0,5c0dc2e6,0.999
1456324201.0,4d79856a,0.959
1456324201.0,48676749,0.969
1456324201.0,c4088196,0.969
1456324201.0,44aa767f,0.959
1456324201.0,f6f661ae,0.999
1456324201.0,ed3dcd2f,0.959
1456324201.0,333d1cac,0.979
1456324201.0,8098495e,0.959
1456324201.0,82d7fda1,0.959
1456324201.0,b4154d71,0.959
1456324201.0,07874667,0.949
1456324201.0,2249d84a,0.999
1456324201.0,f73244c0,0.939
1456324201.0,e74667af,0.939
1456324201.0,ece9cf3e,0.949
1456324201.0,265c7e5d,0.939
1456324201.0,bf1ede3b,0.919
1456324201.0,8ab03024,0.969
1456324201.0,a48ea25e,0.939
1456324201.0,d7d071dd,0.949
1456324201.0,fb54ae4c,0.909
1456324201.0,1595cde4,0.969
1456324201.0,250c83be,0.939
1456324201.0,e9fcf416,0.929
1456324201.0,130615f8,0.979
1456324201.0,0e7d2ef5,0.979
1456324201.0,056cb40c,0.969
1456324201.0,40e47eaa,0.949
1456324201.0,3c227dc2,0.969
1456324201.0,4829f4f6,0.989
1456324201.0,a6339a0a,1.019
1456324201.0,f010f0a1,0.999
1456324201.0,4401812d,0.959
1456324201.0,db97e7b4,0.939
1456324201.0,c793eda5,0.934
1456324201.0,a7c93552,0.909
1456324201.0,7ead535b,0.939
1456324201.0,b5883920,0.949
1456324201.0,7c0d469a,0.969
1456324201.0,f876e3e8,0.929
1456324201.0,b893996a,0.939
1456324201.0,7b90d598,0.929
1456324201.0,13388a58,0.939
1456324201.0,95bbbe2f,0.999
1456324201.0,f1929c3e,0.959
1456324201.0,f74a068e,0.994
1456324201.0,2c3fb747,0.979
1456324201.0,de86b064,0.959
1456324201.0,d99f8c72,0.959
1456324201.0,0f7cd5d5,0.929
1456324201.0,ac9a449a,0.959
1456324201.0,539144f8,0.979
1456324201.0,fed67d30,0.949
1456324201.0,0d6640ae,0.939
1456324201.0,94b48398,0.959
1456324201.0,ec60ccb8,0.969
1456324201.0,30f8c62f,0.989
1456324201.0,398b6ec7,0.969
1456324201.0,c6c3a80a,1.049
1456324201.0,24b936ef,0.949
1456324201.0,bd5bd28e,0.929
1456324201.0,91823808,0.949
1456324201.0,f4b9f379,0.929
1456324201.0,fa5a267f,0.979
1456324201.0,f856d6e0,0.939
1456324201.0,e5139cec,0.919
1456324201.0,ae30d7e3,0.929
1456324201.0,1d6f1deb,0.939
1456324201.0,ae7f358a,0.999
1456324201.0,abc596af,0.939
1456324201.0,cb71673a,0.969
1456324201.0,0c74abc4,0.929
1456324201.0,17b40c62,0.959
1456324201.0,5d3a9ec2,0.949
1456324201.0,b7acce06,0.929
1456324201.0,27824fdf,0.929
1456324201.0,fa7a7823,0.939
1456324201.0,38f5a01f,0.939
1456324201.0,733cb25c,0.939
1456324201.0,,1.009
1456324201.0,bf694984,0.929
1456324201.0,b07873c7,0.959
1456324201.0,2bb40266,0.949
1456324201.0,87298a04,0.949
1456324201.0,c07076c6,0.929
1456324201.0,78f2b451,0.969
1456324201.0,0bb28765,0.939
1456324201.0,0110af37,0.959
1456324201.0,c368907a,0.989
1456324201.0,20ac7ec9,0.949
1456324201.0,fd7d736f,0.959
1456324201.0,f6936d02,0.979
1456324201.0,2492502b,0.969
1456324201.0,46cbebe3,0.979
1456324201.0,bd27836d,0.969
1456324201.0,d2c2433a,0.959
1456324201.0,8c4f6021,0.939
1456324201.0,a5b2c28c,0.949
1456324201.0,241c63b0,0.949
1456324201.0,085f0fd3,0.929
1456324201.0,560ee759,0.949
1456324201.0,34b739ce,0.959
1456324201.0,741c727e,0.959
1456324201.0,9cc2158c,0.979
1456324201.0,7121a112,0.979
1456324201.0,c48df784,0.999
1456324201.0,1489e7c1,0.919
1456324201.0,04a002fa,0.979
1456324201.0,04486e6c,0.949
1456324201.0,e1dcdd8e,0.959
1456324201.0,7cb03693,0.969
1456324201.0,c7df12d5,0.999
1456324201.0,e523456f,0.949
1456324201.0,a4a288ce,0.949
1456324201.0,3645c978,0.949
1456324201.0,e0973b4a,0.949
1456324201.0,f50a208b,0.959
1456324201.0,e9f34b51,0.949
1456324201.0,c03e39ca,0.939
1456324201.0,adaeaab7,0.969
1456324201.0,41453b7f,0.969
1456324201.0,dea8af98,0.939
1456324201.0,3a65963d,0.979
1456324201.0,823a371f,0.949
1456324201.0,ecaab335,0.959
1456324201.0,3306088b,0.979
1456324201.0,ed1587ed,0.939
1456324201.0,bc1f7e5b,0.939
1456324201.0,473de136,0.959
1456324201.0,a03a811d,0.969
1456324201.0,773b1599,0.969
1456324201.0,5fab2045,0.979
1456324201.0,91666de8,0.949
1456324201.0,f7a225a7,0.929
1456324201.0,37a8af42,0.979
1456324201.0,8979e403,0.939
1456324201.0,6e42bec6,0.969
1456324201.0,fe41844a,1.019
1456324441.0,0f01b9c8,0.969
1456324441.0,c58eee91,0.959
1456324441.0,5ae3b069,0.939
1456324441.0,4a51e02f,0.939
1456324441.0,2623501c,0.949
1456324441.0,021612d8,0.929
1456324441.0,4c338d03,0.939
1456324441.0,3d54f8a9,0.929
1456324441.0,fd7494bd,0.939
1456324441.0,41577ba2,0.939
1456324441.0,b12129d0,0.939
1456324441.0,9837b0a0,0.949
1456324441.0,90bfadfa,0.949
1456324441.0,e8f015ea,0.929
1456324441.0,7f7f6b17,0.929
1456324441.0,9a59f347,0.939
1456324441.0,6a8c75fd,0.969
1456324441.0,86d5dab8,0.989
1456324441.0,1c8ada9b,0.949
1456324441.0,2cfa82fa,0.939
1456324441.0,f4a95cf0,0.929
1456324441.0,be7b97ad,0.969
1456324441.0,5ff2f593,0.999
1456324441.0,2145d038,0.949
1456324441.0,175bcea1,0.969
1456324441.0,cd64024f,0.939
1456324441.0,fd627db5,0.929
1456324441.0,55da4d14,0.929
1456324441.0,c1b0a4e8,0.939
1456324441.0,a85e6b62,0.949
1456324441.0,671a83b1,0.939
1456324441.0,caf99587,0.999
1456324441.0,761fd77f,0.959
1456324441.0,d600dfb6,0.949
1456324441.0,4a262cc4,0.939
1456324441.0,f032f387,0.999
1456324441.0,815c5703,0.939
1456324441.0,6769da06,0.969
1456324441.0,c07bd363,0.939
1456324441.0,3277bf79,0.939
1456324441.0,b7fdbb95,0.939
1456324441.0,7c8cc75b,0.989
1456324441.0,82781b7c,0.949
1456324441.0,fa657190,0.959
1456324441.0,601bbb50,0.979
1456324441.0,472cc7af,0.909
1456324441.0,1a2a17d8,0.959
1456324441.0,4ffe2958,0.949
1456324441.0,0feab2d6,0.939
1456324441.0,697d8735,0.989
1456324441.0,340e9b8b,0.959
1456324441.0,25f9d419,0.949
1456324441.0,9a099132,1.019
1456324441.0,c62a443d,0.949
1456324441.0,13ac9af6,0.949
1456324441.0,f785fb75,0.949
1456324441.0,ec60ed5f,0.939
1456324441.0,012cf605,0.929
1456324441.0,be6a8603,0.969
1456324441.0,097b0d22,0.919
1456324441.0,d93d5579,0.979
1456324441.0,83bbc321,0.969
1456324441.0,228b1c39,0.959
1456324441.0,249f3b9d,0.939
1456324441.0,34f8b648,0.959
1456324441.0,9c49f636,0.939
1456324441.0,1f6a05c5,0.959
1456324441.0,0334f503,0.949
1456324441.0,1f6d15b5,0.949
1456324441.0,c01a1b5d,0.989
1456324441.0,5c42d174,0.979
1456324441.0,a0b68564,0.989
1456324441.0,f0d6aa58,0.939
1456324441.0,de77f6c5,0.979
1456324441.0,8bb9b028,0.939
1456324441.0,1815e4b9,0.949
1456324441.0,f1a2379b,0.918
1456324441.0,34021125,0.969
1456324441.0,fa12ad0f,0.939
1456324441.0,bdb44643,0.959
1456324441.0,9917cb8f,0.969
1456324441.0,453bb6b1,0.979
1456324441.0,2bd60a02,0.949
1456324441.0,6437efd0,0.919
1456324441.0,86041d34,0.959
1456324441.0,6687aab3,0.979
1456324441.0,b79612a4,0.939
1456324441.0,35dcdb61,0.999
1456324441.0,780043a9,0.939
1456324441.0,4b757a5a,0.929
1456324441.0,f0430871,1.009
1456324441.0,43605438,0.979
1456324441.0,3bbe7509,0.949
1456324441.0,10a613d1,0.979
1456324441.0,492796c0,0.949
1456324441.0,8a0db953,0.929
1456324441.0,60a86cf4,0.999
1456324441.0,a990e1a1,0.959
1456324441.0,45d8dea2,0.989
1456324441.0,e7b78fcf,0.959
1456324441.0,4da99a4e,0.949
1456324441.0,cc29c87a,0.914
1456324441.0,6d0d4e8a,0.959
1456324441.0,bd469a6d,0.939
1456324441.0,31f5cac5,0.949
1456324441.0,8eafa47a,0.939
1456324441.0,0aa181fc,0.949
1456324441.0,f9a3f449,0.979
1456324441.0,7e76b239,0.964
1456324441.0,4778e8a1,0.969
1456324441.0,e878527c,0.949
1456324441.0,778c7dfa,0.969
1456324441.0,668ec837,0.969
1456324441.0,b484f1ea,0.949
1456324441.0,28bd26e0,0.979
1456324441.0,6306053f,0.949
1456324441.0,a9f75b32,0.969
1456324441.0,e01a7247,0.949
1456324441.0,4130795c,0.949
1456324441.0,ce942bef,0.939
1456324441.0,6259b60b,0.989
1456324441.0,fdef9afa,0.989
1456324441.0,71d4dca2,0.969
1456324441.0,a83de21c,0.929
1456324441.0,08ee2078,0.979
1456324441.0,0c379bda,0.989
1456324441.0,0fd8b490,0.959
1456324441.0,7785d660,0.959
1456324441.0,4f6c20ab,0.969
1456324441.0,9d2aa0e1,0.979
1456324441.0,2ef17053,1.039
1456324441.0,35305598,0.929
1456324441.0,d15de565,0.969
1456324441.0,1fbcfe52,0.959
1456324441.0,57636a29,0.949
1456324441.0,8aaabcb9,0.919
1456324441.0,965dce20,0.989
1456324441.0,1a5348cf,0.979
1456324441.0,3bf045f8,0.949
1456324441.0,e88430a3,0.939
1456324441.0,a9b88996,0.969
1456324441.0,7d9fd3be,0.929
1456324441.0,34c23076,0.939
1456324441.0,9b209e8a,0.929
1456324441.0,29e73a19,0.989
1456324441.0,396b08fd,0.949
1456324441.0,5c405f95,0.959
1456324441.0,d6c38103,0.929
1456324441.0,7ab8a6b9,0.959
1456324441.0,11b5806d,1.009
1456324441.0,3f0d0273,0.989
1456324441.0,97911c0d,0.939
1456324441.0,2bd26467,0.939
1456324441.0,f3a6a0c8,0.959
1456324441.0,b7dc9356,0.969
1456324441.0,3ff39a76,0.979
1456324441.0,98a945b9,0.989
1456324441.0,25a36592,0.959
1456324441.0,b6de77a6,0.959
1456324441.0,026ce3d1,0.979
1456324441.0,eca01ef8,0.999
1456324441.0,f8d1d2e4,0.979
1456324441.0,,0.919
1456324441.0,37af09a8,0.949
1456324441.0,5d59e18d,0.974
1456324441.0,9d98dcbb,0.949
1456324441.0,7895f019,0.969
1456324441.0,bdd20cc3,0.979
1456324441.0,ec3d4f7a,0.939
1456324441.0,d2a69e6d,0.979
1456324441.0,980707a9,0.939
1456324441.0,16863815,0.949
1456324441.0,078ea69e,0.959
1456324441.0,beb2cad8,0.959
1456324441.0,d13de972,0.929
1456324441.0,488f6e67,0.969
1456324441.0,245efbad,0.959
1456324441.0,597a414c,0.939
1456324441.0,2b6d5808,0.929
1456324441.0,,0.909
1456324441.0,867677f2,0.939
1456324441.0,6cc0c30a,0.919
1456324441.0,53df0ec3,0.969
1456324441.0,29552de4,0.969
1456324441.0,759e3fcc,0.939
1456324441.0,b1628a80,0.929
1456324441.0,98fad8c5,0.949
1456324441.0,185ab0a1,0.949
1456324441.0,05ab806f,0.949
1456324441.0,82d0b907,0.939
1456324441.0,e3e96875,0.919
1456324441.0,45e18000,0.949
1456324441.0,cef28ece,0.929
1456324441.0,3d026101,0.939
1456324441.0,dc2aecd3,0.939
1456324441.0,6bf68abb,0.939
1456324441.0,f19a2bc5,0.919
1456324441.0,f8bbef60,0.929
1456324441.0,bccce565,0.929
1456324441.0,0f283ef6,0.929
1456324441.0,ed3acf54,0.939
1456324441.0,0da71099,0.919
1456324441.0,6cd5cdf8,0.919
1456324441.0,619a79d6,0.959
1456324441.0,44adf9c1,0.909
1456324441.0,38aa9352,0.959
1456324441.0,b2fa05f2,0.929
1456324441.0,ca724a33,0.959
1456324441.0,ed8f4b16,0.919
1456324441.0,63f573eb,0.949
1456324441.0,6a9f29fb,0.949
1456324441.0,88b83d81,0.929
1456324441.0,050b15b6,0.949
1456324441.0,80da2bc7,0.919
1456324441.0,82e87a14,0.929
1456324441.0,0c07c233,0.909
1456324441.0,a07eee38,0.979
1456324441.0,fa890292,0.939
1456324441.0,42ad8b68,0.969
1456324441.0,f86f0531,0.909
1456324441.0,a656288b,0.949
1456324441.0,6ac179bc,0.949
1456324441.0,1ea1e147,0.979
1456324441.0,5dea9761,0.919
1456324441.0,3b9fb083,0.979
1456324441.0,9aa6fe97,0.929
1456324441.0,4ef36239,0.959
1456324441.0,b4a263f0,0.949
1456324441.0,dfd511ab,0.939
1456324441.0,2d084788,0.929
1456324441.0,9ecc2084,0.949
1456324441.0,138b43bf,0.969
1456324441.0,1e16b905,0.939
1456324441.0,5a24bfe1,0.929
1456324441.0,467edc58,0.959
1456324441.0,a7984b2a,0.929
1456324441.0,ad0d24dc,0.929
1456324441.0,c03c60b1,0.959
1456324441.0,0cdf8545,0.949
1456324441.0,acd894be,0.899
1456324441.0,a2b07888,0.919
1456324441.0,413f1831,0.959
1456324441.0,c8eaf4a4,0.939
1456324441.0,adaf8fbc,0.939
1456324441.0,fa179beb,0.939
1456324441.0,6a9f527e,0.939
1456324441.0,662f41b7,0.949
1456324441.0,fdb2c58e,0.929
1456324441.0,3ca3325c,0.949
1456324441.0,aa9b2273,0.929
1456324441.0,065dc992,0.939
1456324441.0,afafdf69,0.929
1456324441.0,0ee3214c,0.999
1456324441.0,f8423c6c,0.969
1456324441.0,8b3f44b0,0.979
1456324441.0,851acde1,0.969
1456324441.0,41d32756,0.969
1456324441.0,2a85aef8,0.939
1456324441.0,e335e0bc,0.939
1456324441.0,769a446c,0.969
1456324441.0,88b90de7,0.979
1456324441.0,94862ec3,0.989
1456324441.0,5dd1bb39,0.964
1456324441.0,a6a91c87,0.959
1456324441.0,97c3022d,0.989
1456324441.0,26f4791b,0.949
1456324441.0,14ab7113,0.959
1456324441.0,,0.949
1456324441.0,625f6c86,0.949
1456324441.0,08c3c4e6,0.949
1456324441.0,753356e0,0.989
1456324441.0,f78f34d4,0.989
1456324441.0,03ca5dbc,0.949
1456324441.0,21d0f81c,0.969
1456324441.0,db26ca9c,0.959
1456324441.0,ee5d8408,0.969
1456324441.0,c8df6e1a,0.939
1456324441.0,bde06776,0.949
1456324441.0,8c0782e7,0.929
1456324441.0,91757ae2,0.909
1456324441.0,f91caef6,0.939
1456324441.0,5d132310,0.939
1456324441.0,c4953ffa,0.989
1456324441.0,04524480,0.949
1456324441.0,0290389c,0.949
1456324441.0,e8ebd286,0.959
1456324441.0,33f1db85,0.959
1456324441.0,7aa8077e,0.949
1456324441.0,b3c78089,0.969
1456324441.0,c558dd18,0.979
1456324441.0,31487663,0.959
1456324441.0,26e8a3e0,0.949
1456324441.0,f5a51e57,0.979
1456324441.0,8fc1cab3,0.939
1456324441.0,8babf7a8,0.959
1456324441.0,f9580460,0.919
1456324441.0,890c4fe1,0.959
1456324441.0,ae09ed04,0.959
1456324441.0,452d82ab,0.969
1456324441.0,f37029f1,0.959
1456324441.0,42ad21c1,0.949
1456324441.0,a35aac09,0.959
1456324441.0,8551d143,0.959
1456324441.0,c5f7c662,0.909
1456324441.0,cc1424f8,0.939
1456324441.0,34226dec,0.939
1456324441.0,d8154473,0.969
1456324441.0,76e0e2ad,0.949
1456324441.0,0dd22df0,0.949
1456324441.0,5ace285c,0.979
1456324441.0,c390d56a,0.969
1456324441.0,6256f51b,0.969
1456324441.0,3ff7f5f2,0.969
1456324441.0,a40e21ff,0.928
1456324441.0,74439aaa,0.969
1456324441.0,530591a4,0.924
1456324441.0,5c152248,0.989
1456324441.0,e93f71a6,0.969
1456324441.0,8845e1a5,0.949
1456324441.0,aaa29d7c,0.929
1456324441.0,3c29e148,0.934
1456324441.0,0d686aad,0.929
1456324441.0,5ed7343e,1.009
1456324441.0,e1b4e808,0.949
1456324441.0,09d9579a,0.949
1456324441.0,50bbc649,0.929
1456324441.0,12dc6fb6,0.939
1456324441.0,9acf7952,0.929
1456324441.0,f6e9717f,0.979
1456324441.0,9c45c396,0.959
1456324441.0,ba2ae41b,0.979
1456324441.0,1dcc8077,0.949
1456324441.0,66e3c96f,0.919
1456324441.0,b1eebb11,0.959
1456324441.0,a59acdf3,0.939
1456324441.0,70afbb14,0.969
1456324441.0,094e5a20,0.979
1456324441.0,d62c0561,0.949
1456324441.0,6f92e401,0.959
1456324441.0,22c97836,0.989
1456324441.0,7ca6fc38,0.939
1456324441.0,77d95702,0.959
1456324441.0,,0.949
1456324441.0,42bfbcca,0.969
1456324441.0,db4ed6aa,1.029
1456324441.0,fff62873,0.939
1456324441.0,195fb3bd,0.939
1456324441.0,b8682312,0.969
1456324441.0,5982a304,0.969
1456324441.0,60deaffb,0.969
1456324441.0,12203554,0.959
1456324441.0,9cd812fc,0.979
1456324441.0,f84d3d37,0.969
1456324441.0,bc8d7f92,0.949
1456324441.0,4cd127d6,0.969
1456324441.0,b70f82b5,0.949
1456324441.0,410bb594,0.949
1456324441.0,354f3556,0.969
1456324441.0,c63b0b80,0.939
1456324441.0,3487a048,0.929
1456324441.0,76f75d37,0.989
1456324441.0,e5a3d8f9,0.939
1456324441.0,d64dcb15,0.939
1456324441.0,552017b2,0.939
1456324441.0,4132ae7c,0.969
1456324441.0,1feea3c1,0.989
1456324441.0,9fc5c687,0.929
1456324441.0,7902adc7,0.939
1456324441.0,,0.959
1456324441.0,8cba3640,0.979
1456324441.0,93b3dc63,0.959
1456324441.0,1e13d4f8,0.939
1456324441.0,104560d9,0.949
1456324441.0,2c2152b5,0.939
1456324441.0,bf0b9827,0.939
1456324441.0,b12d4dc7,0.939
1456324441.0,0daf2906,0.949
1456324441.0,2323e5c3,0.959
1456324441.0,94d24f55,0.949
1456324441.0,80a74921,1.019
1456324441.0,0bfb8ade,0.949
1456324441.0,f09eccb2,0.939
1456324441.0,8af66ed4,0.949
1456324441.0,6105a562,0.939
1456324441.0,29c5c2e2,0.949
1456324441.0,9be01fd7,0.959
1456324441.0,bd4d552d,0.999
1456324441.0,f6bf784e,0.959
1456324441.0,2df68795,0.969
1456324441.0,272828c5,0.969
1456324441.0,77690552,0.979
1456324441.0,9558140d,0.969
1456324441.0,8d710f46,0.959
1456324441.0,f7d11bff,0.999
1456324441.0,,0.979
1456324441.0,3d10cfa0,0.979
1456324441.0,15629b2c,0.969
1456324441.0,8b3bfbbc,0.989
1456324441.0,f56cecf3,0.979
1456324441.0,a622d33e,0.929
1456324441.0,bdd70033,0.959
1456324441.0,8ce27d1a,0.939
1456324441.0,c39953ee,0.969
1456324441.0,dea57116,0.979
1456324441.0,6202734a,0.959
1456324441.0,dc6e88b0,0.969
1456324441.0,8706aa4c,0.959
1456324441.0,768030e0,0.928
1456324441.0,18301e82,0.949
1456324441.0,4fdba90a,0.919
1456324441.0,4c74fdcc,0.949
1456324441.0,c0210272,0.939
1456324441.0,,0.959
1456324441.0,13fdcfbe,0.939
1456324441.0,65995c53,0.949
1456324441.0,2965e148,0.939
1456324441.0,75290178,0.959
1456324441.0,9ab54d52,0.969
1456324441.0,96c2dcec,0.939
1456324441.0,9499ceea,0.969
1456324441.0,23e2d722,0.979
1456324441.0,0d1c8f35,0.919
1456324441.0,2f70ad86,0.969
1456324441.0,ea971a7b,0.939
1456324441.0,6bd74eed,0.949
1456324441.0,b650cdbb,0.949
1456324441.0,504126f8,0.989
1456324441.0,96bf62ca,0.979
1456324441.0,dc76e214,0.959
1456324441.0,aa0cc0ae,0.959
1456324441.0,af4316ed,0.929
1456324441.0,65b91ff4,0.929
1456324441.0,b6c365a0,0.949
1456324441.0,66a1358d,0.979
1456324441.0,257b4f91,0.949
1456324441.0,6fc48997,0.949
1456324441.0,c897fba4,0.959
1456324441.0,a6971d57,0.939
1456324441.0,28cedc00,1.009
1456324441.0,58056342,0.939
1456324441.0,e8b2cb64,0.929
1456324441.0,a9b4d8a2,0.949
1456324441.0,5043ba52,0.969
1456324441.0,82d7fda1,0.939
1456324441.0,593279ef,0.939
1456324441.0,9aa3b9ad,1.019
1456324441.0,f28d04f5,0.949
1456324441.0,baa96361,0.999
1456324441.0,d5be29d1,1.009
1456324441.0,8f6ac169,0.939
1456324441.0,f2924e85,0.939
1456324441.0,,0.949
1456324441.0,2ccce8c3,0.939
1456324441.0,59c3c78c,0.979
1456324441.0,a2c0fdb0,0.959
1456324441.0,afd35ba0,0.929
1456324441.0,220f070d,0.959
1456324441.0,130615f8,0.969
1456324441.0,ee1d296d,0.999
1456324441.0,cb67b2ff,0.939
1456324441.0,85e45131,0.929
1456324441.0,80b92918,0.898
1456324441.0,6d6e84e0,0.909
1456324441.0,44daa76b,0.949
1456324441.0,3b9a2c70,0.949
1456324441.0,c54c18c9,0.949
1456324441.0,c793eda5,0.934
1456324441.0,496612a8,0.979
1456324441.0,987b9a76,0.969
1456324441.0,5192889f,0.979
1456324441.0,461b2a68,0.939
1456324441.0,ebe777f4,0.939
1456324441.0,62595ff2,0.969
1456324441.0,788d83d5,0.979
1456324441.0,9259e081,0.959
1456324441.0,33cd03d6,0.939
1456324441.0,a3e519bb,0.999
1456324441.0,29a6303c,0.969
1456324441.0,13388a58,0.929
1456324441.0,4ab47d1a,0.929
1456324441.0,256e2f5b,1.009
1456324441.0,65beaeab,0.929
1456324441.0,2bec2986,0.939
1456324441.0,cb758bb7,0.949
1456324441.0,539144f8,0.969
1456324441.0,43396ca7,0.959
1456324441.0,073f77fc,0.939
1456324441.0,2ce5573c,0.969
1456324441.0,57d1fddc,0.929
1456324441.0,1b481393,0.939
1456324441.0,0c1688de,0.949
1456324441.0,51aab8d5,0.929
1456324441.0,c99b3a87,0.949
1456324441.0,32a9a0e5,0.949
1456324441.0,f36b3182,0.949
1456324441.0,6842cc4a,0.919
1456324441.0,be63db8b,0.959
1456324441.0,d7f9f13e,1.019
1456324441.0,676ac223,0.999
1456324441.0,38b527b3,0.979
1456324441.0,2a4f7cb1,0.929
1456324441.0,364488f7,0.929
1456324441.0,60983be1,0.939
1456324441.0,f4b9f379,0.929
1456324441.0,d3a7aabc,0.939
1456324441.0,c2caedd9,0.929
1456324441.0,2f54d4c9,0.939
1456324441.0,961fadac,0.939
1456324441.0,9a2903a3,0.969
1456324441.0,62d05b95,0.939
1456324441.0,e4dcc2ad,0.979
1456324441.0,bcdf1eb5,0.939
1456324441.0,670eaa88,0.969
1456324441.0,20338fa9,0.949
1456324441.0,6fb50287,0.919
1456324441.0,12d8c014,0.959
1456324441.0,939b3a38,0.909
1456324441.0,b4666217,0.939
1456324441.0,d07d6e2f,0.949
1456324441.0,1edd50b1,0.959
1456324441.0,9e4730c6,0.959
1456324441.0,fb7ac0c9,0.969
1456324441.0,d224352c,0.909
1456324441.0,16fa63dc,0.949
1456324441.0,a67c83ad,0.939
1456324441.0,3c9479d6,0.929
1456324441.0,0d5cb1e5,0.929
1456324441.0,27282b70,0.899
1456324441.0,ea2f710b,1.019
1456324441.0,ead165dc,0.979
1456324441.0,83981d2d,0.979
1456324441.0,c2725526,0.949
1456324441.0,c313d773,0.949
1456324441.0,864188f5,0.979
1456324441.0,158ed0df,0.939
1456324441.0,27c6fcd5,0.959
1456324441.0,549b0288,0.959
1456324441.0,211776ed,0.959
1456324441.0,27568398,0.979
1456324441.0,94ca27a8,0.939
1456324441.0,91db14ed,0.939
1456324441.0,d6c505e9,0.969
1456324441.0,0ff89a05,0.969
1456324441.0,57ef5f09,0.919
1456324441.0,0028e6e8,0.949
1456324441.0,7bc454c7,0.959
1456324441.0,910dca6c,0.969
1456324441.0,5fec062c,0.969
1456324441.0,9cc2158c,0.969
1456324441.0,2cbca1fc,0.949
1456324441.0,6e731ae8,0.959
1456324441.0,f4507b0a,0.949
1456324441.0,81b7d9e6,0.969
1456324441.0,ea5c90c0,0.979
1456324441.0,33fb4cf3,0.959
1456324441.0,21b965d9,0.999
1456324441.0,ed7d2122,1.019
1456324441.0,ea850711,0.939
1456324441.0,10fa0582,0.919
1456324441.0,524b14cc,0.949
1456324441.0,f8e5ba22,0.919
1456324441.0,1b7f7503,0.989
1456324441.0,dbb6df9e,0.999
1456324441.0,a23f1295,0.929
1456324441.0,881b7fb8,0.979
1456324441.0,7406d60c,1.009
1456324441.0,6a6b6015,0.959
1456324441.0,631cd0c7,0.979
1456324441.0,82b0380b,0.959
1456324441.0,b2fe44c9,0.979
1456324441.0,c58078e1,1.119
1456324441.0,7b4a45e6,0.929
1456324441.0,6244903c,0.959
1456324441.0,3ad0e13e,1.009
1456324441.0,7867dbe8,1.019
1456324441.0,ef3d8860,0.969
1456324441.0,9422b117,0.949
1456324441.0,fed9f427,0.959
1456324441.0,32806aee,0.989
1456324441.0,9499ff78,0.919
1456324441.0,7d0753eb,0.949
1456324441.0,b09e60a5,0.969
1456324441.0,5aad9bc8,0.979
1456324441.0,2ab8cee3,0.949
1456324441.0,ac7163ca,0.949
1456324441.0,fc42b1f2,0.999
1456324441.0,873f022b,0.969
1456324681.0,4bdbb457,0.929
1456324681.0,61ef0e4f,0.929
1456324681.0,3b8b727e,0.989
1456324681.0,af6ce086,0.929
1456324681.0,7d989a39,0.939
1456324681.0,877aae3b,0.929
1456324681.0,27ea09b1,0.919
1456324681.0,52c1ccfa,0.919
1456324681.0,325a8ac2,0.969
1456324681.0,3c5b5221,0.929
1456324681.0,3ccd631d,0.979
1456324681.0,a23b6ab7,0.989
1456324681.0,baf6a6cd,0.939
1456324681.0,84705f45,0.949
1456324681.0,d2f10be7,0.969
1456324681.0,b60e1ffb,1.009
1456324681.0,48ee050c,0.949
1456324681.0,bbf56463,0.939
1456324681.0,7b125f4e,0.969
1456324681.0,7a80054c,0.969
1456324681.0,9b5b616a,0.979
1456324681.0,0ff209cc,0.959
1456324681.0,f1736b62,0.929
1456324681.0,73e5c32d,0.949
1456324681.0,56ce5673,0.969
1456324681.0,baa200b9,0.959
1456324681.0,09638887,0.949
1456324681.0,912d452f,0.929
1456324681.0,30546742,0.949
1456324681.0,d0abe7db,0.989
1456324681.0,832073a2,0.929
1456324681.0,136065e7,0.979
1456324681.0,aa5b4d9a,0.939
1456324681.0,c5cb9d46,0.959
1456324681.0,34021125,0.959
1456324681.0,faddd104,0.949
1456324681.0,fd3d8f28,0.959
1456324681.0,254d26d3,0.949
1456324681.0,dacaa91d,0.949
1456324681.0,f0d7ea8a,0.939
1456324681.0,85a9ebeb,1.009
1456324681.0,2258db93,0.969
1456324681.0,0f29b89a,0.969
1456324681.0,d9273836,0.979
1456324681.0,32c66e9a,0.959
1456324681.0,30572f18,0.924
1456324681.0,10a8c388,0.929
1456324681.0,973edd3d,0.949
1456324681.0,0defca9f,0.979
1456324681.0,7053ce5b,0.989
1456324681.0,6148f9f1,0.939
1456324681.0,92d99a98,0.959
1456324681.0,00d41319,0.929
1456324681.0,8f4fb8f1,0.969
1456324681.0,ce063fd7,0.959
1456324681.0,58d71582,0.949
1456324681.0,eede80ef,0.929
1456324681.0,45752743,0.989
1456324681.0,92a71bb7,0.949
1456324681.0,0f7d325c,0.979
1456324681.0,b09942f7,0.959
1456324681.0,533ac141,0.949
1456324681.0,1d3c1b45,0.989
1456324681.0,04c08bf0,0.949
1456324681.0,f2d58e5e,0.979
1456324681.0,f30258dc,0.969
1456324681.0,65964ff0,0.949
1456324681.0,c515316c,0.949
1456324681.0,688487a8,0.969
1456324681.0,7cf49500,0.959
1456324681.0,f9a3f449,0.959
1456324681.0,eacc3482,0.959
1456324681.0,36ceb401,0.979
1456324681.0,ffaebdb9,0.959
1456324681.0,b95b2152,0.949
1456324681.0,61f59311,0.959
1456324681.0,c0aa824a,0.979
1456324681.0,8cec6d32,0.959
1456324681.0,27707ee4,0.939
1456324681.0,a07f741f,0.959
1456324681.0,592c2c00,0.929
1456324681.0,cead4e62,0.969
1456324681.0,f9b056ba,0.939
1456324681.0,c662c11f,0.959
1456324681.0,4f6c20ab,0.969
1456324681.0,fea3781d,0.949
1456324681.0,9547004b,0.969
1456324681.0,,0.999
1456324681.0,e7ea0c12,0.959
1456324681.0,236e2f71,0.969
1456324681.0,5b46611d,0.969
1456324681.0,1bfef5b8,0.939
1456324681.0,b54a85b1,0.929
1456324681.0,227099c3,0.999
1456324681.0,ca6cf07d,0.959
1456324681.0,9d205788,0.939
1456324681.0,d261d6e0,0.959
1456324681.0,8c19e662,0.929
1456324681.0,4c76dbcf,0.989
1456324681.0,06259905,0.959
1456324681.0,32bf0348,0.939
1456324681.0,aaf8d479,0.999
1456324681.0,47c14a5e,1.029
1456324681.0,d9de1c75,0.989
1456324681.0,ddefb778,1.009
1456324681.0,99929b71,0.979
1456324681.0,766e7cd2,0.939
1456324681.0,6819963e,0.939
1456324681.0,d80a7ccf,0.939
1456324681.0,801653fe,0.989
1456324681.0,bd5a8e8c,0.949
1456324681.0,31923c9d,0.949
1456324681.0,16faf672,0.939
1456324681.0,92e00096,0.959
1456324681.0,d225b33f,0.959
1456324681.0,16863815,0.949
1456324681.0,63ded480,0.969
1456324681.0,469f3690,0.959
1456324681.0,e6b2872b,0.949
1456324681.0,1da77d0b,0.959
1456324681.0,65154942,0.949
1456324681.0,7d24179d,0.949
1456324681.0,7e6fd376,0.909
1456324681.0,d28733f8,0.959
1456324681.0,ee54e371,0.949
1456324681.0,efd0b72b,0.969
1456324681.0,d9132efc,0.989
1456324681.0,fabaa853,0.949
1456324681.0,7cad2e85,0.959
1456324681.0,a7f53ccb,0.949
1456324681.0,56277da5,0.949
1456324681.0,4e56b21e,0.929
1456324681.0,5c39d395,0.939
1456324681.0,28dc9f41,0.969
1456324681.0,ab583e1e,0.959
1456324681.0,3050301a,0.959
1456324681.0,5e9aaf1c,0.969
1456324681.0,1727b18d,0.919
1456324681.0,e55033ae,0.949
1456324681.0,0df7c170,0.939
1456324681.0,53758d2b,0.959
1456324681.0,831f7129,0.999
1456324681.0,2b8a1d9c,0.959
1456324681.0,13afa0e9,0.949
1456324681.0,64808918,0.969
1456324681.0,5aaeb8a3,1.029
1456324681.0,0d245387,0.954
1456324681.0,34664756,0.969
1456324681.0,26f7c61c,0.899
1456324681.0,8c92cd65,0.949
1456324681.0,5c093e22,0.949
1456324681.0,3621af3f,0.939
1456324681.0,6027b071,0.939
1456324681.0,129ccfd3,0.959
1456324681.0,58d54fd0,0.929
1456324681.0,094c7293,0.989
1456324681.0,6c6c9588,0.949
1456324681.0,32fde081,1.029
1456324681.0,46179c4a,0.939
1456324681.0,bbdbf0e7,0.929
1456324681.0,,0.949
1456324681.0,dad373d3,0.949
1456324681.0,102821f8,0.939
1456324681.0,99148d2d,0.949
1456324681.0,9b0e4618,0.959
1456324681.0,8716bc8f,0.929
1456324681.0,7a64f89c,0.949
1456324681.0,4af2260b,0.959
1456324681.0,0bd89a27,0.989
1456324681.0,f9580460,0.909
1456324681.0,17127e8d,0.949
1456324681.0,84e18861,0.949
1456324681.0,214f33fa,0.929
1456324681.0,6cf5b38f,0.949
1456324681.0,c4c8b56b,0.949
1456324681.0,2dff1380,0.959
1456324681.0,4b4c10fa,0.949
1456324681.0,6540cb14,0.939
1456324681.0,d01e5e31,0.959
1456324681.0,5e6b1f04,0.909
1456324681.0,faf03f8f,0.939
1456324681.0,8d66ca64,0.949
1456324681.0,6e565eb4,0.939
1456324681.0,5984eea4,0.939
1456324681.0,fb867340,0.969
1456324681.0,49a6b4d3,0.949
1456324681.0,6bc88fc7,0.929
1456324681.0,b38a715c,0.949
1456324681.0,481a8ed4,0.939
1456324681.0,6ad0086e,0.939
1456324681.0,d97d5b77,0.939
1456324681.0,0b8418b0,0.939
1456324681.0,ec81af8f,0.949
1456324681.0,5282e595,0.979
1456324681.0,13cd1498,0.949
1456324681.0,099e78c7,0.939
1456324681.0,8538f0f5,1.029
1456324681.0,fb2e36a4,0.949
1456324681.0,fb6a534f,0.929
1456324681.0,7adf8914,0.969
1456324681.0,9e46459f,0.979
1456324681.0,b204b97b,1.009
1456324681.0,c1f62db6,0.999
1456324681.0,,0.989
1456324681.0,b3d2e1c5,0.949
1456324681.0,7b0ff594,0.979
1456324681.0,8b04f514,0.979
1456324681.0,1d76bf20,0.939
1456324681.0,dc06e82c,0.939
1456324681.0,b8aae107,0.939
1456324681.0,02d133f6,0.999
1456324681.0,49c93205,0.949
1456324681.0,e6fdbd0c,0.999
1456324681.0,7eb76101,1.039
1456324681.0,54aa9266,0.929
1456324681.0,45c5436a,0.939
1456324681.0,d3c31af6,0.949
1456324681.0,1d287189,0.949
1456324681.0,55344490,0.939
1456324681.0,ce5281ae,0.959
1456324681.0,aac612fe,0.969
1456324681.0,09982da6,0.979
1456324681.0,6bddc0c9,0.949
1456324681.0,f8ed5739,0.969
1456324681.0,1aa38dcc,0.979
1456324681.0,e576fe06,0.959
1456324681.0,ad4337a9,0.939
1456324681.0,ebb6637d,0.989
1456324681.0,1c00717b,0.989
1456324681.0,fdf7f420,0.939
1456324681.0,f2b7e0d3,0.959
1456324681.0,0345dfe7,0.949
1456324681.0,bc0ec46f,0.959
1456324681.0,0e367b40,0.969
1456324681.0,0bcc45f5,0.989
1456324681.0,86ca3bf1,0.959
1456324681.0,b8091458,0.949
1456324681.0,15807244,0.949
1456324681.0,,0.949
1456324681.0,c85470f1,0.919
1456324681.0,b9c82901,0.979
1456324681.0,b003d766,0.979
1456324681.0,,0.939
1456324681.0,104560d9,0.949
1456324681.0,0bf731c0,0.959
1456324681.0,aad3e88a,0.959
1456324681.0,020dac80,0.999
1456324681.0,d5d87feb,0.999
1456324681.0,729dc678,0.969
1456324681.0,47019357,0.969
1456324681.0,b1600fca,0.999
1456324681.0,0a6dec42,0.919
1456324681.0,2b797ecc,0.939
1456324681.0,e821cf4d,0.969
1456324681.0,7232ac4c,0.939
1456324681.0,c53a45b7,0.999
1456324681.0,5ec2ab05,0.959
1456324681.0,d73f85dd,0.939
1456324681.0,793d12bc,0.954
1456324681.0,bcca3d12,0.949
1456324681.0,bfa3a95a,0.929
1456324681.0,9dd5a00c,0.949
1456324681.0,286b8a57,0.959
1456324681.0,b14bb16f,0.949
1456324681.0,28e051b2,0.949
1456324681.0,92401764,0.959
1456324681.0,c24a4e37,0.939
1456324681.0,a0df1a9c,0.989
1456324681.0,dac4fe2a,0.909
1456324681.0,67fdfb0c,0.939
1456324681.0,ffacc137,0.959
1456324681.0,f57033cf,0.949
1456324681.0,536d9ac3,1.029
1456324681.0,459e8360,0.929
1456324681.0,d97e33d2,0.939
1456324681.0,a6d4d300,0.979
1456324681.0,4a5ba0e5,0.949
1456324681.0,deaa8f7b,0.969
1456324681.0,a0ea8015,0.959
1456324681.0,3e8e99dc,0.959
1456324681.0,18301e82,0.949
1456324681.0,b8c293ba,0.949
1456324681.0,c2c24012,0.929
1456324681.0,96378df9,0.979
1456324681.0,eac5c61f,0.999
1456324681.0,33aa21fa,0.989
1456324681.0,c5094307,0.959
1456324681.0,a952ede9,0.959
1456324681.0,3e211f86,0.999
1456324681.0,ffcde0bb,0.959
1456324681.0,1cb6dd4e,0.969
1456324681.0,76b10566,0.939
1456324681.0,f25babad,0.949
1456324681.0,19feb15d,0.989
1456324681.0,5580f197,0.989
1456324681.0,d18dd289,0.949
1456324681.0,8c5eeeac,0.969
1456324681.0,b636f504,0.939
1456324681.0,14a4c386,0.969
1456324681.0,efdee81f,0.939
1456324681.0,c6f8f2a3,0.939
1456324681.0,c4088196,0.969
1456324681.0,7b5f8374,0.959
1456324681.0,61e52b01,0.949
1456324681.0,9de40edf,0.939
1456324681.0,bd3ce4cc,1.009
1456324681.0,efd124a1,0.949
1456324681.0,5e8ffc69,0.949
1456324681.0,aa642af9,0.949
1456324681.0,71afb3c0,0.939
1456324681.0,d8032a5b,0.949
1456324681.0,25600fab,0.979
1456324681.0,f47e8638,0.959
1456324681.0,fab2186a,0.949
1456324681.0,130615f8,0.969
1456324681.0,befd1f24,0.989
1456324681.0,69e811f1,0.949
1456324681.0,fffcb866,0.959
1456324681.0,b4c7a5ed,0.939
1456324681.0,8e0ce406,0.949
1456324681.0,57b36972,0.999
1456324681.0,b24d84c3,0.969
1456324681.0,fa2e9d72,0.999
1456324681.0,bbb7883b,0.974
1456324681.0,f8f041cb,0.959
1456324681.0,12d17fec,0.939
1456324681.0,0a0baf66,0.969
1456324681.0,069e66bc,0.929
1456324681.0,b9cdf061,0.999
1456324681.0,7ead535b,0.929
1456324681.0,01668234,0.929
1456324681.0,216f7e87,0.949
1456324681.0,d3567757,0.929
1456324681.0,788d83d5,0.969
1456324681.0,bfe9ba44,0.989
1456324681.0,0e416155,0.929
1456324681.0,fcfe3bbf,0.949
1456324681.0,e196e62c,0.969
1456324681.0,5446812c,0.999
1456324681.0,379a6719,0.939
1456324681.0,930998e2,0.949
1456324681.0,1f5803f6,0.999
1456324681.0,c0f54c09,0.959
1456324681.0,0d6640ae,0.939
1456324681.0,9f02c9d0,0.969
1456324681.0,1dad0cef,0.949
1456324681.0,dd81b30a,0.959
1456324681.0,0da2e486,0.949
1456324681.0,58c2b34c,0.939
1456324681.0,5f0ea8ff,0.969
1456324681.0,cba1718d,0.939
1456324681.0,b9d3793b,0.929
1456324681.0,a67c83ad,0.939
1456324681.0,,0.999
1456324681.0,1cc76c84,0.989
1456324681.0,6a5b57f4,0.979
1456324681.0,2e474264,0.939
1456324681.0,66651818,0.959
1456324681.0,3573c1c1,0.949
1456324681.0,d01ea35a,0.939
1456324681.0,5718b51b,0.959
1456324681.0,a0088371,0.979
1456324681.0,0f5578bb,0.969
1456324681.0,7b417f71,0.929
1456324681.0,d587eb93,1.009
1456324681.0,e4ee5ec7,0.929
1456324681.0,9b4458a3,0.959
1456324681.0,e2a5f261,0.959
1456324681.0,e410897d,0.999
1456324681.0,7121a112,0.959
1456324681.0,effeb23b,0.949
1456324681.0,46d1ac1a,0.939
1456324681.0,8a52d816,0.979
1456324681.0,740b387e,0.959
1456324681.0,e3a2ddca,0.939
1456324681.0,eae702bd,0.949
1456324681.0,e9b61dbc,0.949
1456324681.0,0b1eb29a,0.949
1456324681.0,e34047b9,0.939
1456324681.0,b2590879,0.969
1456324681.0,3e71f6ea,0.929
1456324681.0,312f1849,0.959
1456324681.0,6e050889,0.959
1456324681.0,c2e96d64,0.939
1456324681.0,0cbee1b5,0.96
1456324681.0,c042fdd9,0.959
1456324681.0,3106c23c,0.949
1456324681.0,bc1f7e5b,0.939
1456324681.0,2ab8cee3,0.949
1456324681.0,70f30d88,0.949
1456324681.0,f94e75cd,0.959
1456324681.0,26dda5ba,0.959
1456324681.0,5d11fd07,0.969
1456324681.0,076da68e,0.934
1456324681.0,809b9631,0.979
1456324681.0,91666de8,0.949
1456324681.0,c9d5e94d,0.969
1456324681.0,a5e3beef,0.939
1456324681.0,b5ff1b6a,0.969
1456324681.0,014adbc0,0.949
1456324681.0,b299d8d7,0.949
1456324681.0,89c3b080,0.939
1456324921.0,dcb25a3c,0.979
1456324921.0,a4006e8d,0.939
1456324921.0,4bdbb457,0.929
1456324921.0,ae0b5a92,0.929
1456324921.0,3a4ffbbf,0.949
1456324921.0,cc6d6eb2,0.959
1456324921.0,3cce768e,0.959
1456324921.0,909a8e2d,0.949
1456324921.0,1809ed14,0.989
1456324921.0,735f3dba,0.919
1456324921.0,83cf7d34,0.949
1456324921.0,abb42d56,0.919
1456324921.0,a16736fc,0.929
1456324921.0,0b18086e,0.959
1456324921.0,d0ad460e,0.919
1456324921.0,a5cf2a42,0.949
1456324921.0,e42f2550,0.949
1456324921.0,5b75cc8d,0.939
1456324921.0,bc572eb7,0.959
1456324921.0,37907db5,0.929
1456324921.0,,0.939
1456324921.0,effc0f5f,0.989
1456324921.0,d7f868f0,0.959
1456324921.0,fbe17e11,0.959
1456324921.0,0e4b0554,0.939
1456324921.0,bcace6fa,0.959
1456324921.0,ff280add,0.939
1456324921.0,6769da06,0.969
1456324921.0,ba9a540e,0.949
1456324921.0,66c8a343,0.959
1456324921.0,15c2c195,0.949
1456324921.0,d1cb3372,0.969
1456324921.0,415ad4d0,0.979
1456324921.0,19a4dc27,0.969
1456324921.0,630f5fa3,0.939
1456324921.0,52f801fe,0.949
1456324921.0,9a099132,0.989
1456324921.0,6df2a6aa,0.949
1456324921.0,68002bd4,0.959
1456324921.0,bd9e200b,0.989
1456324921.0,297818d7,0.939
1456324921.0,eed6c533,0.939
1456324921.0,a271e835,0.949
1456324921.0,c0698259,0.959
1456324921.0,0ea03633,0.929
1456324921.0,28071dbd,0.939
1456324921.0,a72d491e,0.959
1456324921.0,01decbb4,0.959
1456324921.0,95321d2a,0.959
1456324921.0,,0.959
1456324921.0,d00ee189,0.949
1456324921.0,21a6bb0f,0.959
1456324921.0,3fcb4cf6,0.929
1456324921.0,6a686e72,0.979
1456324921.0,24f83a95,0.949
1456324921.0,19bab6ff,0.939
1456324921.0,6670ab73,0.969
1456324921.0,fda59bae,0.979
1456324921.0,8e50b796,0.999
1456324921.0,22455ce3,0.939
1456324921.0,c8c692b0,0.989
1456324921.0,b48ba10e,0.929
1456324921.0,f044b2d1,0.969
1456324921.0,6f5fb6ba,0.949
1456324921.0,04364ad2,0.939
1456324921.0,f90c625e,0.989
1456324921.0,c6930db9,0.999
1456324921.0,9e990cfe,0.959
1456324921.0,6e72fd5e,0.949
1456324921.0,af468490,0.989
1456324921.0,18ff9945,0.969
1456324921.0,720a51d5,1.009
1456324921.0,79ec8492,0.899
1456324921.0,06a21d8f,0.969
1456324921.0,3afb0fab,0.979
1456324921.0,63616f1f,0.929
1456324921.0,c5772f6a,0.929
1456324921.0,db422f1f,0.949
1456324921.0,0e7f553a,0.959
1456324921.0,da976c9d,0.979
1456324921.0,5b5fec22,0.959
1456324921.0,3564f546,0.959
1456324921.0,2d55bf5c,0.939
1456324921.0,8a4d8b45,0.949
1456324921.0,610a0f34,0.929
1456324921.0,7d9e71ad,0.959
1456324921.0,f77aa11c,0.939
1456324921.0,3bb3ff25,0.939
1456324921.0,8ff28f6b,0.929
1456324921.0,87e8f563,0.939
1456324921.0,c52fae08,0.949
1456324921.0,c7bec506,0.949
1456324921.0,51fd157b,0.939
1456324921.0,0cd1139e,0.919
1456324921.0,f6d52050,0.979
1456324921.0,67642b0d,0.949
1456324921.0,54f48068,0.979
1456324921.0,2a8db2e4,0.959
1456324921.0,f5815103,0.959
1456324921.0,6430d951,0.979
1456324921.0,3663fc5c,0.949
1456324921.0,edc9f1cc,0.939
1456324921.0,05194a31,0.949
1456324921.0,17c924e4,0.949
1456324921.0,03199c21,0.939
1456324921.0,1bbcc3e6,0.969
1456324921.0,22bd49d5,1.009
1456324921.0,6b69df8f,0.969
1456324921.0,97738c26,0.969
1456324921.0,909da1d9,0.959
1456324921.0,4b926ccb,0.919
1456324921.0,0b069a72,0.979
1456324921.0,d854b7df,0.939
1456324921.0,a0a636f9,0.949
1456324921.0,f83dda73,0.969
1456324921.0,07e43968,0.959
1456324921.0,5d34075a,0.989
1456324921.0,71a6b9f3,0.949
1456324921.0,916aaf2f,0.949
1456324921.0,b1ebea76,0.939
1456324921.0,9fbf8dcd,0.999
1456324921.0,5aa86555,0.969
1456324921.0,c5208f75,0.939
1456324921.0,e706722a,0.969
1456324921.0,c5e5d152,0.959
1456324921.0,8d9a1e0c,0.959
1456324921.0,de18aa7d,0.949
1456324921.0,39c4abbc,0.969
1456324921.0,b5f637aa,0.969
1456324921.0,edd40aaa,0.999
1456324921.0,93f963de,0.979
1456324921.0,259f0ed8,0.909
1456324921.0,,0.989
1456324921.0,b646a001,0.969
1456324921.0,73da0ab6,0.949
1456324921.0,1660ed2f,0.989
1456324921.0,212fde28,0.949
1456324921.0,559bd10e,0.969
1456324921.0,9dce1619,0.949
1456324921.0,87d167da,0.949
1456324921.0,34b00dee,0.929
1456324921.0,05b48929,0.989
1456324921.0,6acdb3a0,0.949
1456324921.0,,0.959
1456324921.0,29552de4,0.949
1456324921.0,3d592311,0.939
1456324921.0,aa86d47e,0.949
1456324921.0,99bcd97c,0.919
1456324921.0,c7a70dd8,0.949
1456324921.0,7e2a8251,0.989
1456324921.0,93a0a521,0.964
1456324921.0,5353d90f,0.959
1456324921.0,8068124c,0.949
1456324921.0,b6510a87,0.959
1456324921.0,a9683117,0.939
1456324921.0,31063bb4,0.969
1456324921.0,9cb577d8,0.949
1456324921.0,c6ce8e17,0.939
1456324921.0,18b5f856,0.979
1456324921.0,5d5ce6c9,0.949
1456324921.0,06f668ff,0.929
1456324921.0,aabcd7eb,0.959
1456324921.0,ab2859a5,0.939
1456324921.0,c8bea281,0.919
1456324921.0,c2648ee3,0.939
1456324921.0,348737ad,0.979
1456324921.0,b594d429,0.959
1456324921.0,f8f5edae,0.979
1456324921.0,e5b98666,0.939
1456324921.0,0eb17bed,0.949
1456324921.0,ee57ce17,0.969
1456324921.0,4f44e38b,0.919
1456324921.0,92e96565,0.969
1456324921.0,444273fb,0.969
1456324921.0,9e80ff49,0.969
1456324921.0,fbcad1cd,0.929
1456324921.0,e0758377,0.959
1456324921.0,b338177f,0.929
1456324921.0,065ebbad,0.949
1456324921.0,baa66b57,0.969
1456324921.0,846c2ab2,0.949
1456324921.0,,0.949
1456324921.0,8b0687ba,0.969
1456324921.0,fce7ca5c,0.949
1456324921.0,cb489a3a,0.939
1456324921.0,dc4b8ae9,1.009
1456324921.0,a97b419d,0.959
1456324921.0,5c093e22,0.949
1456324921.0,cea7fb15,0.949
1456324921.0,b7f65739,0.939
1456324921.0,576e47d1,0.919
1456324921.0,066bd102,0.959
1456324921.0,50317e5f,0.939
1456324921.0,252bd95d,0.959
1456324921.0,558fc57e,0.969
1456324921.0,42996534,0.939
1456324921.0,42c3f67b,0.999
1456324921.0,e751ae48,0.939
1456324921.0,5b2750c6,1.029
1456324921.0,e003a827,0.999
1456324921.0,592ba5ff,0.949
1456324921.0,c7d7314f,0.939
1456324921.0,1dbcc94c,0.959
1456324921.0,365e9221,0.939
1456324921.0,39c4256a,0.929
1456324921.0,f245c083,0.969
1456324921.0,1cbb92e5,0.939
1456324921.0,c6ab8656,0.949
1456324921.0,8587a0a7,0.939
1456324921.0,2adce28c,0.959
1456324921.0,96fed1a2,0.959
1456324921.0,1df8493a,0.979
1456324921.0,ccd1f9f2,0.959
1456324921.0,e05ee428,0.969
1456324921.0,d63e056b,0.939
1456324921.0,071ee1b4,0.979
1456324921.0,b4c8d60e,0.939
1456324921.0,00f37a56,0.979
1456324921.0,4d541f34,0.969
1456324921.0,d811c7b5,0.969
1456324921.0,2ee6700c,0.949
1456324921.0,c5d12e92,0.949
1456324921.0,c2a87587,0.969
1456324921.0,57c3f6b1,0.949
1456324921.0,6a687cf5,0.959
1456324921.0,6982586c,0.959
1456324921.0,563f2b5a,0.939
1456324921.0,ede4801f,1.009
1456324921.0,6c2590c1,0.979
1456324921.0,a1ca21f6,0.919
1456324921.0,7b0ff594,0.979
1456324921.0,b32694b6,0.949
1456324921.0,ca4047f3,0.939
1456324921.0,e35dbbb3,0.959
1456324921.0,b1dd859f,0.979
1456324921.0,8e25d9aa,0.949
1456324921.0,5c70351c,0.949
1456324921.0,33d5d488,0.969
1456324921.0,2a2c8207,0.959
1456324921.0,27536df6,1.029
1456324921.0,a1143c6a,0.959
1456324921.0,645a5047,0.939
1456324921.0,71885813,1.019
1456324921.0,7b13a550,0.989
1456324921.0,602ec85f,0.969
1456324921.0,e74e26f5,0.979
1456324921.0,b5d20065,0.949
1456324921.0,aac612fe,0.969
1456324921.0,2a2dae94,0.969
1456324921.0,72d303e8,0.959
1456324921.0,91b891b8,0.979
1456324921.0,813a6cd1,0.959
1456324921.0,8b6fe7ae,0.969
1456324921.0,882951be,0.949
1456324921.0,4389dbbf,0.949
1456324921.0,10774c7e,0.959
1456324921.0,d07492b4,0.919
1456324921.0,,0.939
1456324921.0,82cff99e,0.949
1456324921.0,22521c52,0.959
1456324921.0,d0fb35a1,0.949
1456324921.0,b70f82b5,0.939
1456324921.0,432fc77d,0.969
1456324921.0,bb4e75d9,0.909
1456324921.0,fdf7f420,0.939
1456324921.0,570b52de,0.969
1456324921.0,c88259dc,0.969
1456324921.0,,0.979
1456324921.0,4a126c56,0.959
1456324921.0,d5a420b3,0.979
1456324921.0,f9512832,0.959
1456324921.0,dd700b9a,0.959
1456324921.0,86fe7e76,0.959
1456324921.0,95d6571c,0.969
1456324921.0,37df3e29,0.949
1456324921.0,fec908f7,0.979
1456324921.0,1f1e2904,0.929
1456324921.0,7902adc7,0.939
1456324921.0,756b37e6,0.949
1456324921.0,66e5052b,0.969
1456324921.0,349ae420,0.939
1456324921.0,aca882da,0.908
1456324921.0,cec51495,0.929
1456324921.0,30176a30,0.989
1456324921.0,231c19cd,0.959
1456324921.0,61ebbc40,0.929
1456324921.0,e6b1064f,0.989
1456324921.0,4dd8d911,0.969
1456324921.0,b4f10cda,0.939
1456324921.0,3ecb2b24,0.959
1456324921.0,1858a39e,0.969
1456324921.0,5f650df4,0.959
1456324921.0,9679655e,0.969
1456324921.0,37bb70be,0.989
1456324921.0,fee47ded,0.969
1456324921.0,aeba37f9,0.949
1456324921.0,c1a93b91,0.949
1456324921.0,1484001b,0.959
1456324921.0,207c13df,0.989
1456324921.0,9fbde140,0.939
1456324921.0,5ea93ccf,0.989
1456324921.0,123a41c8,0.949
1456324921.0,1555e8c5,0.959
1456324921.0,25365ee8,0.939
1456324921.0,93e9a320,0.949
1456324921.0,7390d2d3,0.979
1456324921.0,82089458,0.929
1456324921.0,109dc483,0.989
1456324921.0,779f3780,0.939
1456324921.0,1e78130a,0.949
1456324921.0,4270cadf,0.969
1456324921.0,731e56e7,0.969
1456324921.0,95dade99,0.969
1456324921.0,89105f13,0.969
1456324921.0,7a9eef7e,0.939
1456324921.0,57a8495c,0.919
1456324921.0,90f06420,0.919
1456324921.0,7a6dcdb0,0.959
1456324921.0,3893ca3e,0.939
1456324921.0,d565fdf7,0.949
1456324921.0,f51c98aa,0.959
1456324921.0,8cc37d2e,0.959
1456324921.0,b040c821,0.939
1456324921.0,6357dca2,0.939
1456324921.0,ae45fd8e,0.939
1456324921.0,47c5f8f7,0.959
1456324921.0,ee7c2d70,0.959
1456324921.0,fbd93087,0.939
1456324921.0,dee2e5fc,0.939
1456324921.0,eb8fef56,0.959
1456324921.0,,0.939
1456324921.0,353d2391,0.949
1456324921.0,4e0db6e7,0.959
1456324921.0,f25ee766,0.939
1456324921.0,e5710690,0.959
1456324921.0,bedf720e,0.949
1456324921.0,eb9dfa86,0.949
1456324921.0,9a36bae8,0.959
1456324921.0,14a4c386,0.969
1456324921.0,54352ce8,0.949
1456324921.0,7c912d45,0.939
1456324921.0,06931b13,0.969
1456324921.0,0eec9a7b,0.919
1456324921.0,025d70e0,0.969
1456324921.0,a84b87d8,0.959
1456324921.0,6fc48997,0.939
1456324921.0,8098495e,0.959
1456324921.0,5136691e,0.949
1456324921.0,9b127d1f,0.969
1456324921.0,,0.949
1456324921.0,9e80e5e2,0.969
1456324921.0,e8a25ade,0.989
1456324921.0,c061e163,0.949
1456324921.0,4b2b710a,0.959
1456324921.0,fa0db63e,0.969
1456324921.0,f01bd5b6,0.949
1456324921.0,46dc9054,0.939
1456324921.0,a291fa50,0.949
1456324921.0,270ee8bf,0.959
1456324921.0,9264eade,0.939
1456324921.0,aa2018b8,0.949
1456324921.0,e3fcda3f,0.979
1456324921.0,017f1d73,0.959
1456324921.0,b620c103,0.969
1456324921.0,2eb47ed3,0.959
1456324921.0,e26d9873,0.979
1456324921.0,b869515f,0.989
1456324921.0,194f69ab,0.929
1456324921.0,ed0f06c1,0.969
1456324921.0,d428a044,0.949
1456324921.0,8337e967,0.969
1456324921.0,0950d2ac,0.969
1456324921.0,c269e5db,0.959
1456324921.0,f7bd1199,0.959
1456324921.0,82376744,0.969
1456324921.0,aea7ec1f,0.969
1456324921.0,eba76f21,0.959
1456324921.0,04aefaad,0.969
1456324921.0,d34f18ac,0.959
1456324921.0,11b72709,0.969
1456324921.0,f0d226b8,0.929
1456324921.0,deb8af6b,0.989
1456324921.0,ca39cb77,0.979
1456324921.0,90b15783,0.949
1456324921.0,73b03911,0.989
1456324921.0,6388b41c,0.929
1456324921.0,847fdc50,0.979
1456324921.0,eb179375,0.969
1456324921.0,293e1b9a,0.909
1456324921.0,d85ccd5e,0.959
1456324921.0,e074abb1,0.969
1456324921.0,,0.929
1456324921.0,3bfc6e44,0.959
1456324921.0,b484fa6e,1.009
1456324921.0,b1020387,0.939
1456324921.0,726bbc28,0.929
1456324921.0,bcab79d7,0.929
1456324921.0,3cb9cc00,0.949
1456324921.0,7f1371b6,0.959
1456324921.0,758e532b,0.929
1456324921.0,f6955150,0.929
1456324921.0,1bce0e67,0.949
1456324921.0,238f3319,0.949
1456324921.0,955c334e,0.949
1456324921.0,a05c4f54,0.989
1456324921.0,fc59259b,0.949
1456324921.0,f184201b,0.909
1456324921.0,7b5a8540,0.939
1456324921.0,f51a2c3d,0.919
1456324921.0,eb32d6b5,0.989
1456324921.0,69877eac,0.929
1456324921.0,47a742a7,0.959
1456324921.0,b5897439,0.939
1456324921.0,,0.949
1456324921.0,c96b90cb,0.949
1456324921.0,bc09f6c1,0.969
1456324921.0,beef4f02,0.969
1456324921.0,18b3ac80,0.939
1456324921.0,9cd1b58f,0.949
1456324921.0,592095a9,0.919
1456324921.0,5be10874,0.989
1456324921.0,04a002fa,0.979
1456324921.0,43030d9f,0.939
1456324921.0,7cb03693,0.969
1456324921.0,d132d021,0.969
1456324921.0,2ab4115c,0.959
1456324921.0,7475385b,0.949
1456324921.0,44f943cf,0.999
1456324921.0,19fb2ffb,0.969
1456324921.0,eae89db3,0.979
1456324921.0,996dd733,0.979
1456324921.0,a3eb6d42,0.954
1456324921.0,3c0b225f,0.969
1456324921.0,6d03a4f8,0.959
1456324921.0,96d9319b,0.949
1456324921.0,af91c953,0.989
1456324921.0,657e6dae,0.939
1456324921.0,6bd698e2,0.939
1456324921.0,6dbdc4a2,0.939
1456324921.0,53c036d3,0.959
1456324921.0,4fe4aa3c,0.929
1456324921.0,2616645b,0.959
1456324921.0,be7b9424,0.969
1456324921.0,a056e347,0.939
1456324921.0,2132d21b,0.979
1456324921.0,6bbd3dc3,0.959
1456324921.0,d307494f,0.929
1456324921.0,db096089,0.929
1456324921.0,5fab2045,0.959
1456324921.0,7ad9dcdf,0.979
1456325161.0,2587793f,0.939
1456325161.0,52aa0343,0.979
1456325161.0,26db6e6e,0.929
1456325161.0,363ab0d1,0.939
1456325161.0,2e12dc58,0.979
1456325161.0,396cfed4,0.929
1456325161.0,9e33ac5a,0.939
1456325161.0,78a7be14,0.929
1456325161.0,ee22ef31,0.939
1456325161.0,65d316f1,0.929
1456325161.0,dfa3f4f3,0.939
1456325161.0,cea20e68,0.929
1456325161.0,5cf99b9e,0.929
1456325161.0,d3a25b8a,0.919
1456325161.0,4e6ab199,0.939
1456325161.0,d64909aa,0.939
1456325161.0,d6a85f7b,0.949
1456325161.0,b38c29e8,0.929
1456325161.0,6e66567c,0.939
1456325161.0,f822968e,0.949
1456325161.0,731a1055,0.929
1456325161.0,f4a95cf0,0.919
1456325161.0,bfcfe44e,0.969
1456325161.0,0f141446,0.939
1456325161.0,7d1cd9cd,0.939
1456325161.0,aacc4471,0.909
1456325161.0,976e4795,0.979
1456325161.0,6cfd795c,0.929
1456325161.0,681bcf47,0.929
1456325161.0,74b270e2,0.969
1456325161.0,cea10ab0,0.949
1456325161.0,,0.969
1456325161.0,00206126,0.939
1456325161.0,a6575e4e,0.919
1456325161.0,4aaa267e,0.959
1456325161.0,ddaef23c,0.959
1456325161.0,9a0afbbb,0.899
1456325161.0,518317d2,0.979
1456325161.0,896f2819,0.979
1456325161.0,9d51c1aa,0.959
1456325161.0,6ecefdf4,0.999
1456325161.0,33a40844,0.959
1456325161.0,000f12ff,0.989
1456325161.0,be189140,0.919
1456325161.0,78566eaf,0.929
1456325161.0,7b125f4e,0.959
1456325161.0,7da8091a,0.999
1456325161.0,8d4cbfeb,0.979
1456325161.0,77a337be,0.929
1456325161.0,dc36cd86,0.959
1456325161.0,485c7940,0.919
1456325161.0,1fb105e7,0.959
1456325161.0,fbd5f329,0.949
1456325161.0,0334f503,0.939
1456325161.0,8aefbe17,0.989
1456325161.0,b9e8287e,0.929
1456325161.0,6a686e72,0.949
1456325161.0,dd62114c,0.989
1456325161.0,5af6e995,0.939
1456325161.0,,0.939
1456325161.0,158d42d8,0.949
1456325161.0,ed2deb3d,0.959
1456325161.0,3f6704e5,0.979
1456325161.0,b8bbf107,0.949
1456325161.0,3c7bc366,0.999
1456325161.0,2861d5a0,0.939
1456325161.0,459eef9d,0.939
1456325161.0,efa93e18,0.959
1456325161.0,6362d058,0.959
1456325161.0,,0.949
1456325161.0,f0359f5c,0.979
1456325161.0,159f8b0e,0.979
1456325161.0,bc02464b,0.939
1456325161.0,fce0e5a7,0.919
1456325161.0,cb6bf035,0.984
1456325161.0,a30a80ce,0.929
1456325161.0,92bebd84,0.969
1456325161.0,7f4e0339,0.959
1456325161.0,623e9424,0.959
1456325161.0,7ada6968,0.929
1456325161.0,ef61acd1,0.989
1456325161.0,58bc480d,0.954
1456325161.0,83cdf5cb,0.959
1456325161.0,5aede176,0.939
1456325161.0,56f076dc,0.919
1456325161.0,27792a3d,0.939
1456325161.0,93e7b34a,0.969
1456325161.0,b24e03a5,0.959
1456325161.0,,0.949
1456325161.0,41f0bb18,0.959
1456325161.0,7573fd74,0.949
1456325161.0,adf7bc54,0.949
1456325161.0,1da01d32,1.019
1456325161.0,8c94be49,0.969
1456325161.0,270e05c1,0.939
1456325161.0,9b77de60,1.039
1456325161.0,2ec1652c,0.969
1456325161.0,4be880d0,0.959
1456325161.0,687cd7ef,0.979
1456325161.0,ab01d0f4,0.939
1456325161.0,7904e674,0.928
1456325161.0,e88430a3,0.929
1456325161.0,cadc6575,0.959
1456325161.0,11fbd55b,0.929
1456325161.0,9d205788,0.919
1456325161.0,6e05b79b,0.939
1456325161.0,bdf78206,0.959
1456325161.0,af6137bf,0.959
1456325161.0,e830fd7a,0.979
1456325161.0,a376033a,0.959
1456325161.0,2bb1e7cb,0.969
1456325161.0,d7932eeb,0.899
1456325161.0,c7381288,0.979
1456325161.0,f8c4c5f6,0.949
1456325161.0,22a61e4f,0.979
1456325161.0,66691780,0.949
1456325161.0,0fdbf750,0.959
1456325161.0,d1bfa6c5,0.959
1456325161.0,c7b9d409,0.999
1456325161.0,7d589b96,0.949
1456325161.0,beb2cad8,0.949
1456325161.0,b83dae63,0.919
1456325161.0,4c0e3547,0.919
1456325161.0,4141a0aa,0.919
1456325161.0,9733a9c0,0.939
1456325161.0,0757f54d,0.949
1456325161.0,da53e9ba,0.949
1456325161.0,29ebe1f6,0.969
1456325161.0,0451fc7d,0.949
1456325161.0,45162ff3,0.949
1456325161.0,8eaac040,0.969
1456325161.0,d8823f4b,0.939
1456325161.0,bd986553,0.989
1456325161.0,b511f34b,0.949
1456325161.0,ee24a3c9,0.959
1456325161.0,df7589ae,0.939
1456325161.0,263e0b44,0.949
1456325161.0,d4024d48,0.969
1456325161.0,990356d6,0.959
1456325161.0,30007963,0.899
1456325161.0,d1dcee78,0.989
1456325161.0,0395f025,0.969
1456325161.0,10da2bc6,0.979
1456325161.0,2864a863,0.939
1456325161.0,99b9ccd3,0.949
1456325161.0,70507c40,0.999
1456325161.0,be8433cf,0.949
1456325161.0,fd7ffd20,0.969
1456325161.0,9279854d,0.949
1456325161.0,51e1327b,0.949
1456325161.0,d2e86e86,0.999
1456325161.0,fb46bd6e,0.989
1456325161.0,4287c54a,0.999
1456325161.0,49d8f4c8,0.969
1456325161.0,88fe1686,0.949
1456325161.0,76f44572,0.949
1456325161.0,8576f4a6,0.929
1456325161.0,5aaeb8a3,0.959
1456325161.0,fce7ca5c,0.949
1456325161.0,a2eb34d1,0.939
1456325161.0,58d54fd0,0.929
1456325161.0,094c7293,0.989
1456325161.0,ff485bff,0.939
1456325161.0,32fde081,0.959
1456325161.0,ac6e085e,0.959
1456325161.0,028572b1,0.939
1456325161.0,b1eee7a8,0.919
1456325161.0,3c83ccc5,0.939
1456325161.0,74903af4,0.909
1456325161.0,9b0e4618,0.949
1456325161.0,f7de9c1d,0.949
1456325161.0,b4fd97c1,0.979
1456325161.0,f7e2f65d,0.949
1456325161.0,91013e76,0.979
1456325161.0,82786d09,0.929
1456325161.0,8de805ba,0.939
1456325161.0,f4aa351e,0.969
1456325161.0,4d90c00c,0.969
1456325161.0,6cda24f6,0.979
1456325161.0,05fa8b72,0.959
1456325161.0,77283132,0.979
1456325161.0,affb443e,0.989
1456325161.0,1fea6f98,0.949
1456325161.0,529f6f9b,0.969
1456325161.0,8b3b52bb,0.949
1456325161.0,eee56c4d,0.969
1456325161.0,d202dd5d,0.929
1456325161.0,0e752181,0.959
1456325161.0,c13504fe,0.979
1456325161.0,db1d08fc,0.989
1456325161.0,be03744e,0.939
1456325161.0,3b2ce948,0.979
1456325161.0,918e2883,0.949
1456325161.0,81dd5a9d,0.929
1456325161.0,e512031e,0.949
1456325161.0,4a513f03,0.979
1456325161.0,023c4d8c,0.929
1456325161.0,24afea5b,0.969
1456325161.0,57fbf14f,0.939
1456325161.0,b580ced3,0.919
1456325161.0,0243f1d9,0.949
1456325161.0,6b72bc31,0.999
1456325161.0,ce519ed4,0.939
1456325161.0,c1154259,0.939
1456325161.0,f559d01a,0.959
1456325161.0,5308f610,0.939
1456325161.0,e8a69269,0.959
1456325161.0,8f098aa2,0.969
1456325161.0,7da93d4e,0.939
1456325161.0,7faa0c9c,0.969
1456325161.0,b4b8fb9d,0.949
1456325161.0,63904947,0.969
1456325161.0,d35f6224,1.039
1456325161.0,d90a2276,0.949
1456325161.0,dbdc1743,0.989
1456325161.0,543855ac,0.969
1456325161.0,91b891b8,0.969
1456325161.0,d0b3d48c,0.929
1456325161.0,9c1e716a,1.029
1456325161.0,ad4337a9,0.919
1456325161.0,b7a7ee6f,0.949
1456325161.0,d78a5a29,0.939
1456325161.0,2bd2ffb1,0.979
1456325161.0,fc0599eb,0.974
1456325161.0,c083a2d4,0.949
1456325161.0,01fb21d8,0.989
1456325161.0,85e99aa8,0.949
1456325161.0,a4ba2fb9,0.939
1456325161.0,5d4e52c0,0.949
1456325161.0,18ecad37,0.949
1456325161.0,4e359e7b,0.939
1456325161.0,e82185b8,0.969
1456325161.0,cf422a5e,0.969
1456325161.0,af9c113d,0.979
1456325161.0,0f282fe6,0.979
1456325161.0,53d2ed19,0.969
1456325161.0,ac9715c2,0.959
1456325161.0,1c1982b4,0.929
1456325161.0,2b8c12d2,0.939
1456325161.0,66073ded,0.974
1456325161.0,54b31cf8,0.949
1456325161.0,eca21f05,0.949
1456325161.0,aeba37f9,0.939
1456325161.0,b07fa89b,0.939
1456325161.0,325d4b8f,0.929
1456325161.0,9dd5a00c,0.939
1456325161.0,286b8a57,0.959
1456325161.0,a18aae3d,0.959
1456325161.0,fa4d44ce,0.959
1456325161.0,d5022b7f,0.929
1456325161.0,a9061770,0.939
1456325161.0,bdc12d8e,0.949
1456325161.0,61a6d2eb,0.979
1456325161.0,768030e0,0.928
1456325161.0,bdd46409,0.969
1456325161.0,168f1ca6,1.009
1456325161.0,faba1eea,0.989
1456325161.0,38a3a737,0.929
1456325161.0,bfaaf354,0.959
1456325161.0,,1.029
1456325161.0,d47bc4c5,0.989
1456325161.0,551c6932,0.949
1456325161.0,329fbc05,0.939
1456325161.0,1bc107ca,0.939
1456325161.0,a45c4dc1,0.959
1456325161.0,0baaf637,0.939
1456325161.0,c706a4de,0.949
1456325161.0,a459b6b0,0.969
1456325161.0,f2ef7300,0.949
1456325161.0,77c9f305,0.939
1456325161.0,adda6336,0.969
1456325161.0,9c586989,0.949
1456325161.0,e2c0e5e5,0.939
1456325161.0,3f241a2c,0.959
1456325161.0,75aa9617,0.969
1456325161.0,d20a9f5b,0.939
1456325161.0,3b0fb08c,0.959
1456325161.0,576d4884,0.949
1456325161.0,8f6ac169,0.929
1456325161.0,4cfb1a89,1.009
1456325161.0,1d65a34f,0.939
1456325161.0,d8601954,0.979
1456325161.0,421a6353,0.939
1456325161.0,a6a9676b,0.969
1456325161.0,1744da60,0.959
1456325161.0,5bf41255,0.949
1456325161.0,38d183bf,0.959
1456325161.0,e3fcda3f,0.969
1456325161.0,b156c7a5,0.949
1456325161.0,bbb7883b,0.959
1456325161.0,166ca755,0.999
1456325161.0,fe4b1f4a,0.929
1456325161.0,de5aa582,1.039
1456325161.0,a93262c3,0.949
1456325161.0,111e657f,0.949
1456325161.0,1543d9a2,0.949
1456325161.0,7ead535b,0.929
1456325161.0,d3567757,0.929
1456325161.0,b82c12f6,0.888
1456325161.0,d3730b6f,0.979
1456325161.0,7d9700c4,0.949
1456325161.0,f98afd49,1.019
1456325161.0,74ffd54c,0.939
1456325161.0,0434e895,0.979
1456325161.0,327ea807,0.959
1456325161.0,cd6facd7,0.939
1456325161.0,8b18bb85,0.969
1456325161.0,8f767099,0.949
1456325161.0,579ffc07,0.949
1456325161.0,a7eeba86,0.939
1456325161.0,fdd8eb18,0.939
1456325161.0,c8b54491,0.939
1456325161.0,d43af2d2,0.949
1456325161.0,fe496e01,0.909
1456325161.0,7e8947c2,0.979
1456325161.0,5f0ea8ff,0.969
1456325161.0,aa4cdb22,0.979
1456325161.0,cc232225,0.939
1456325161.0,2f54d4c9,0.929
1456325161.0,bcab79d7,0.929
1456325161.0,a02da48f,0.939
1456325161.0,8f41fe32,0.979
1456325161.0,271bd07b,0.929
1456325161.0,5ac69ef8,0.979
1456325161.0,5076e63c,0.959
1456325161.0,549b0288,0.939
1456325161.0,8d86cbc4,0.929
1456325161.0,36ba87a1,0.949
1456325161.0,da1fbd53,0.949
1456325161.0,afb0335d,0.939
1456325161.0,8f697f0a,0.929
1456325161.0,8401f134,0.999
1456325161.0,8577f793,0.919
1456325161.0,5fd30b48,0.979
1456325161.0,a5fbf851,0.909
1456325161.0,a07d5f54,0.949
1456325161.0,a462d05b,0.969
1456325161.0,c8bad2ad,0.969
1456325161.0,d00be129,0.979
1456325161.0,632d8c88,0.959
1456325161.0,04ea2134,0.939
1456325161.0,247b4cda,0.979
1456325161.0,72ed613b,0.949
1456325161.0,6b4ba54d,0.949
1456325161.0,f02ffbd3,0.959
1456325161.0,7af18d81,0.949
1456325161.0,39376aa1,0.989
1456325161.0,8962a152,0.949
1456325161.0,a7b5f5e9,0.929
1456325161.0,5e128548,0.959
1456325161.0,a6f98df6,0.949
1456325161.0,218fd480,0.959
1456325161.0,5d11fd07,0.959
1456325161.0,60b56507,0.949
1456325161.0,9c4c0229,0.919
1456325401.0,c58eee91,0.959
1456325401.0,e07c0604,0.929
1456325401.0,e8ce1950,0.949
1456325401.0,396cfed4,0.929
1456325401.0,c32a82d9,0.979
1456325401.0,e0f84539,0.939
1456325401.0,692e3609,0.939
1456325401.0,bd100d45,0.929
1456325401.0,30797552,0.899
1456325401.0,d9da2e7f,1.009
1456325401.0,69a62773,0.929
1456325401.0,d0a0e33f,0.919
1456325401.0,e1b4b7f3,0.929
1456325401.0,e54743a0,0.929
1456325401.0,2c9a6a74,0.929
1456325401.0,4e7b5ef6,0.929
1456325401.0,3f539c39,0.979
1456325401.0,a16736fc,0.929
1456325401.0,6977fd5c,0.929
1456325401.0,84556510,0.929
1456325401.0,b6364ec3,0.929
1456325401.0,0b293007,0.919
1456325401.0,ed04967d,0.979
1456325401.0,ff4bec86,0.939
1456325401.0,859ddb14,0.939
1456325401.0,872ca533,0.919
1456325401.0,8732a111,0.959
1456325401.0,f2925995,0.919
1456325401.0,79da1dfc,0.949
1456325401.0,2fbced23,0.949
1456325401.0,0a8d1b89,0.939
1456325401.0,6e67857f,0.959
1456325401.0,68a4c69f,0.949
1456325401.0,5b042101,0.949
1456325401.0,a3827856,0.919
1456325401.0,325a8ac2,0.969
1456325401.0,21168c26,0.929
1456325401.0,23090d56,0.989
1456325401.0,ebeb80cb,0.949
1456325401.0,a2ab785a,0.949
1456325401.0,e77100d2,0.959
1456325401.0,3bb20ba7,0.959
1456325401.0,85d0e643,0.959
1456325401.0,e0ca8158,0.969
1456325401.0,00206126,0.939
1456325401.0,601bbb50,0.979
1456325401.0,897fceb5,0.969
1456325401.0,84028c7a,0.969
1456325401.0,9bf65a40,0.949
1456325401.0,58e3ecab,0.979
1456325401.0,b5464430,0.949
1456325401.0,b86ca5b3,0.939
1456325401.0,b1111566,0.949
1456325401.0,06c6d7b1,0.949
1456325401.0,3693b2a0,1.009
1456325401.0,d09811d3,0.949
1456325401.0,bb3f103e,0.959
1456325401.0,186dc55a,0.959
1456325401.0,e6c4cb15,0.929
1456325401.0,8f3e0f32,0.969
1456325401.0,eb058e2c,0.929
1456325401.0,963a5d2e,0.989
1456325401.0,265ebd00,0.979
1456325401.0,25cdefd0,0.949
1456325401.0,515a767d,0.939
1456325401.0,2a7b6c27,0.934
1456325401.0,5bf4abd4,0.959
1456325401.0,7d020a61,0.959
1456325401.0,7b5e3751,0.959
1456325401.0,763d8dd8,0.969
1456325401.0,829bd977,0.939
1456325401.0,7af1a190,0.989
1456325401.0,d36374e8,0.949
1456325401.0,4d87940f,0.949
1456325401.0,8720b933,0.979
1456325401.0,a38344c9,0.929
1456325401.0,ebba1d3e,0.969
1456325401.0,cb4c397b,0.949
1456325401.0,60cf6168,0.999
1456325401.0,8be22ce1,0.939
1456325401.0,41618289,0.979
1456325401.0,b3141223,0.989
1456325401.0,8feda8b5,0.959
1456325401.0,cc6976b2,0.969
1456325401.0,42d76a3c,0.959
1456325401.0,c25c5571,0.939
1456325401.0,208f7301,0.949
1456325401.0,07d22eab,0.974
1456325401.0,fe0b6fc9,0.969
1456325401.0,d2a9c0a1,0.939
1456325401.0,3ad50a81,0.959
1456325401.0,c060c224,0.969
1456325401.0,8e20b783,0.939
1456325401.0,7bcf3535,0.979
1456325401.0,3fa1622b,0.979
1456325401.0,5c22ef82,0.939
1456325401.0,0c091e76,0.949
1456325401.0,462fde27,0.999
1456325401.0,fb66374e,0.959
1456325401.0,30ffa8c9,0.949
1456325401.0,6f589bf0,0.949
1456325401.0,d4857812,0.969
1456325401.0,2f0207af,0.969
1456325401.0,efd8315d,0.939
1456325401.0,f969dc08,0.939
1456325401.0,7027d1cc,0.959
1456325401.0,be8fa131,0.969
1456325401.0,e5a12873,0.979
1456325401.0,43b50967,0.949
1456325401.0,a10531f9,0.949
1456325401.0,9fa8d44e,0.969
1456325401.0,4838da54,0.999
1456325401.0,ef878178,0.949
1456325401.0,4e4e1a16,0.959
1456325401.0,84d195a7,0.979
1456325401.0,45427090,0.979
1456325401.0,4ccb2bae,0.979
1456325401.0,d0af3229,0.949
1456325401.0,6195bd29,0.959
1456325401.0,a3a74fcc,0.989
1456325401.0,98d8fb7a,0.959
1456325401.0,23b2b0b7,0.979
1456325401.0,c6771c57,0.959
1456325401.0,1ef6f99b,0.949
1456325401.0,253839e1,0.959
1456325401.0,61907898,0.999
1456325401.0,f4098695,0.989
1456325401.0,fd70cdfd,0.969
1456325401.0,35e9dc97,0.999
1456325401.0,77979e7e,0.929
1456325401.0,67830b76,0.949
1456325401.0,386d835f,0.999
1456325401.0,549d95e1,0.939
1456325401.0,085661ca,0.939
1456325401.0,99c7ace3,0.969
1456325401.0,cb0a8cc8,0.959
1456325401.0,a332486b,0.959
1456325401.0,adf7bc54,0.949
1456325401.0,716b6235,0.989
1456325401.0,012d8a4c,0.939
1456325401.0,990318d3,0.989
1456325401.0,41d7fd8c,0.949
1456325401.0,c14319fd,0.959
1456325401.0,7d15e55f,0.969
1456325401.0,ee84886f,0.969
1456325401.0,02d3e7aa,0.939
1456325401.0,e8c6402f,0.949
1456325401.0,39b32a77,0.929
1456325401.0,e823f51f,0.999
1456325401.0,9547004b,0.949
1456325401.0,6728212d,0.969
1456325401.0,0d7322ac,0.939
1456325401.0,bd1e7435,0.949
1456325401.0,6551e91d,0.959
1456325401.0,ad129baa,0.949
1456325401.0,e7e4d4a0,0.959
1456325401.0,4abd2f17,0.939
1456325401.0,29291727,0.949
1456325401.0,6d6ba0fc,0.959
1456325401.0,b85957cd,0.939
1456325401.0,b037d703,0.949
1456325401.0,92667f30,0.959
1456325401.0,2f3e857f,0.939
1456325401.0,c3450ec5,0.979
1456325401.0,dbaf66ec,0.939
1456325401.0,00a4579d,0.949
1456325401.0,348f6171,0.979
1456325401.0,ab3bff5d,1.009
1456325401.0,8c28af86,0.969
1456325401.0,455166b9,0.949
1456325401.0,470345fb,0.989
1456325401.0,39c5a6e0,0.999
1456325401.0,7fc3def3,0.959
1456325401.0,b3088432,0.979
1456325401.0,766e7cd2,0.929
1456325401.0,ef811cbc,0.979
1456325401.0,ad4d142d,0.929
1456325401.0,a09a844e,0.969
1456325401.0,e975b4d9,0.929
1456325401.0,237d6474,0.939
1456325401.0,bb24af7d,0.929
1456325401.0,fc8b3633,0.959
1456325401.0,28f4a8a5,0.959
1456325401.0,2d149d2f,0.929
1456325401.0,e17eccc4,0.999
1456325401.0,f9b9ebef,0.939
1456325401.0,70be42f6,0.949
1456325401.0,7895f019,0.959
1456325401.0,e983031d,0.959
1456325401.0,ff5d1617,0.949
1456325401.0,7ec4fa7d,0.959
1456325401.0,2d22d73a,0.979
1456325401.0,63ded480,0.959
1456325401.0,5900ebe4,0.939
1456325401.0,602a9d95,0.939
1456325401.0,53410888,0.919
1456325401.0,e904bee6,0.919
1456325401.0,bce1fe2d,0.919
1456325401.0,534bd2b7,0.939
1456325401.0,ea80ce64,0.929
1456325401.0,242f5c69,0.919
1456325401.0,dc3f469b,0.929
1456325401.0,d165a6a0,0.919
1456325401.0,10e899a5,0.919
1456325401.0,1dd5e241,0.939
1456325401.0,3b746ea0,0.899
1456325401.0,ae578482,0.939
1456325401.0,5bf247b1,0.949
1456325401.0,72615718,0.919
1456325401.0,929af7b6,0.909
1456325401.0,cc42928d,0.959
1456325401.0,3f96a850,0.919
1456325401.0,f5b117ef,0.929
1456325401.0,dc2d8878,0.929
1456325401.0,d5118031,0.939
1456325401.0,44454521,0.919
1456325401.0,4ef36239,0.949
1456325401.0,7d24179d,0.949
1456325401.0,32fc4e8c,0.919
1456325401.0,a7984b2a,0.919
1456325401.0,5001b72b,0.939
1456325401.0,75e3e514,0.939
1456325401.0,8f280c89,0.919
1456325401.0,d2fc2219,0.939
1456325401.0,662f41b7,0.939
1456325401.0,4d655bc9,0.929
1456325401.0,6499badf,1.019
1456325401.0,d9cff4b8,0.969
1456325401.0,5036bf9f,0.979
1456325401.0,0c558324,1.009
1456325401.0,bc81a8ae,0.939
1456325401.0,0a7d02af,0.959
1456325401.0,23dfefb8,0.969
1456325401.0,a7a6c781,0.939
1456325401.0,622ea82b,0.959
1456325401.0,75515814,0.999
1456325401.0,063c7988,0.939
1456325401.0,d21a57fd,0.939
1456325401.0,aaed4223,0.979
1456325401.0,794a868c,0.959
1456325401.0,0bc9e7ef,0.929
1456325401.0,4eea00cc,0.959
1456325401.0,33c8c51e,0.949
1456325401.0,c72ef065,0.989
1456325401.0,0220896d,0.929
1456325401.0,0fafd241,0.969
1456325401.0,e9b4f3f5,0.929
1456325401.0,34832faa,0.979
1456325401.0,a58775a0,0.959
1456325401.0,0b2dae68,0.919
1456325401.0,6e62772c,0.959
1456325401.0,1cf625f0,0.949
1456325401.0,53758d2b,0.959
1456325401.0,cb37d4b9,0.949
1456325401.0,48d21f5a,0.949
1456325401.0,e7a0ae36,0.979
1456325401.0,4f3ac261,0.979
1456325401.0,2b8a1d9c,0.959
1456325401.0,13afa0e9,0.949
1456325401.0,663b1f4b,0.989
1456325401.0,235dd814,0.959
1456325401.0,a4416f40,0.929
1456325401.0,8c44d237,0.939
1456325401.0,dc6dee32,0.959
1456325401.0,13579cfd,0.949
1456325401.0,92e54876,0.989
1456325401.0,861a2709,0.939
1456325401.0,6fc67d43,0.949
1456325401.0,bb0418d7,0.929
1456325401.0,db8bff55,0.969
1456325401.0,8e6d4b8d,0.959
1456325401.0,ba6f9de2,0.959
1456325401.0,4d01f5f7,0.959
1456325401.0,4fea3631,0.939
1456325401.0,c4af3f8d,0.979
1456325401.0,f645748d,0.959
1456325401.0,2080cd01,0.949
1456325401.0,17bc7e07,0.929
1456325401.0,186a1294,0.959
1456325401.0,59214d4e,0.969
1456325401.0,268d8ff7,0.959
1456325401.0,aa7e6b7c,0.959
1456325401.0,,0.969
1456325401.0,bf3faa63,0.939
1456325401.0,051e5f5f,0.959
1456325401.0,2a762595,0.969
1456325401.0,90a8536c,0.959
1456325401.0,b38a715c,0.939
1456325401.0,ad6f7aae,0.979
1456325401.0,0f7cfab9,0.939
1456325401.0,ee4163c1,0.929
1456325401.0,813fd6aa,0.939
1456325401.0,994a98f2,0.959
1456325401.0,016f3133,0.919
1456325401.0,f7a5dd5a,0.959
1456325401.0,d85e66c0,0.949
1456325401.0,f2523c62,1.019
1456325401.0,346b37d2,0.949
1456325401.0,c960300b,0.959
1456325401.0,812e609b,0.939
1456325401.0,7adf8914,0.959
1456325401.0,c2a87587,0.949
1456325401.0,f7f58a1b,0.989
1456325401.0,9bb8a377,0.959
1456325401.0,e9c48a65,0.979
1456325401.0,9c45c396,0.939
1456325401.0,5459c738,0.929
1456325401.0,1e41b091,0.959
1456325401.0,9f01dc28,0.979
1456325401.0,5629e39c,0.949
1456325401.0,f960ce49,0.959
1456325401.0,85d39803,0.929
1456325401.0,bc514af8,0.959
1456325401.0,08d4658c,0.909
1456325401.0,d8c4e623,0.989
1456325401.0,f53d423d,0.989
1456325401.0,a472716e,0.999
1456325401.0,776f095d,0.969
1456325401.0,c635730e,0.979
1456325401.0,dc99dfd7,0.959
1456325401.0,bfd9d768,0.969
1456325401.0,7ca6fc38,0.929
1456325401.0,261381d7,0.969
1456325401.0,f7f36fa4,0.969
1456325401.0,f9347e34,0.959
1456325401.0,19b72b96,0.959
1456325401.0,ab11cdb9,0.959
1456325401.0,db4ed6aa,1.029
1456325401.0,ec19c93a,0.989
1456325401.0,8c6a9ff5,0.979
1456325401.0,9babce8b,0.949
1456325401.0,b699022b,0.969
1456325401.0,ae7d5dd1,0.949
1456325401.0,0ddddfa0,0.939
1456325401.0,b8682312,0.969
1456325401.0,0ec80a86,0.939
1456325401.0,6f5e3368,0.959
1456325401.0,8a7ae372,0.959
1456325401.0,a5852f7d,0.939
1456325401.0,5d07df0f,0.939
1456325401.0,94fba20b,0.989
1456325401.0,f84d3d37,0.969
1456325401.0,86ef5966,0.969
1456325401.0,71afe6ef,0.969
1456325401.0,72ecbc2d,0.989
1456325401.0,b9204fb6,0.969
1456325401.0,80e8cb89,1.009
1456325401.0,22521c52,0.949
1456325401.0,2cd83fd1,0.969
1456325401.0,cb409a1c,0.969
1456325401.0,4067a772,0.949
1456325401.0,32073d45,1.009
1456325401.0,e3a6c1d2,0.939
1456325401.0,c79adad0,0.939
1456325401.0,82dfbbfb,0.979
1456325401.0,b22e443b,0.969
1456325401.0,4b42bb0a,0.969
1456325401.0,186a2106,0.959
1456325401.0,27825143,0.939
1456325401.0,39c2a91f,0.929
1456325401.0,7c91739b,0.989
1456325401.0,,0.929
1456325401.0,ac8e61fe,0.969
1456325401.0,17c70718,0.979
1456325401.0,a1456bb3,0.939
1456325401.0,fec908f7,0.969
1456325401.0,d5a11ce9,0.979
1456325401.0,fdc55c51,0.979
1456325401.0,d4a3f247,0.979
1456325401.0,afb05ae2,0.999
1456325401.0,201b87a9,0.969
1456325401.0,,0.979
1456325401.0,b9c86ec7,0.989
1456325401.0,87750b0a,0.939
1456325401.0,cb673463,0.969
1456325401.0,9c308e5f,0.949
1456325401.0,12389609,0.969
1456325401.0,43b2838d,0.949
1456325401.0,1b1894a9,0.969
1456325401.0,0c3d5570,0.949
1456325401.0,708eea9d,0.989
1456325401.0,07404fa2,0.959
1456325401.0,c62b5500,0.939
1456325401.0,53bde5da,0.949
1456325401.0,53d2ed19,0.959
1456325401.0,6000fe5e,0.929
1456325401.0,aea9d5b4,0.959
1456325401.0,2323e5c3,0.949
1456325401.0,1553efff,0.949
1456325401.0,ecf85bf9,0.969
1456325401.0,4c6fce6c,0.949
1456325401.0,9598f3ac,0.949
1456325401.0,be6ae742,0.949
1456325401.0,02239e4c,0.969
1456325401.0,c7804480,1.029
1456325401.0,07ccba78,0.979
1456325401.0,170a4510,0.959
1456325401.0,e821cf4d,0.969
1456325401.0,f6bf784e,0.949
1456325401.0,d45b556e,0.959
1456325401.0,530cc62e,0.979
1456325401.0,af131774,0.929
1456325401.0,ffa36ea0,0.939
1456325401.0,147959b5,0.949
1456325401.0,c9dc18ed,0.969
1456325401.0,b471c98a,0.939
1456325401.0,f06281fb,0.959
1456325401.0,eb8520ef,0.969
1456325401.0,d2e178a4,0.969
1456325401.0,6577b47a,0.929
1456325401.0,d6e49931,0.939
1456325401.0,91636cd2,0.949
1456325401.0,882f175b,0.949
1456325401.0,570306b1,0.949
1456325401.0,a202f414,0.939
1456325401.0,827dc8bb,0.979
1456325401.0,47647d8f,0.969
1456325401.0,699fb3bc,0.959
1456325401.0,b8563039,0.949
1456325401.0,c366f7fc,0.949
1456325401.0,9199777f,0.959
1456325401.0,e0fed588,0.919
1456325401.0,e9ef6088,0.959
1456325401.0,0fc58d33,0.919
1456325401.0,cd78b99c,0.949
1456325401.0,649461ec,0.929
1456325401.0,fb94863a,1.029
1456325401.0,8706aa4c,0.949
1456325401.0,5553d199,0.949
1456325401.0,3893b380,0.939
1456325401.0,ee7c2d70,0.949
1456325401.0,4c74fdcc,0.939
1456325401.0,161cb545,0.989
1456325401.0,0ebd49bf,0.994
1456325401.0,67b32df0,0.969
1456325401.0,94f34687,0.949
1456325401.0,a2987081,0.969
1456325401.0,cbd96815,0.949
1456325401.0,0b3074b7,0.949
1456325401.0,cfc7df71,0.979
1456325401.0,760168a7,0.959
1456325401.0,597ada5a,0.939
1456325401.0,6338dd07,1.009
1456325401.0,299d6edc,0.949
1456325401.0,0a356552,0.959
1456325401.0,034c5ff6,0.959
1456325401.0,6582ce6e,0.944
1456325401.0,3cef8afc,0.919
1456325401.0,ddb539ed,0.989
1456325401.0,41b2d714,1.009
1456325401.0,0b0f2129,0.919
1456325401.0,8098495e,0.949
1456325401.0,07874667,0.939
1456325401.0,14c3a02f,1.029
1456325401.0,ef6a4535,0.929
1456325401.0,8c545197,0.989
1456325401.0,ece9cf3e,0.939
1456325401.0,,0.969
1456325401.0,1d777e62,0.939
1456325401.0,26e74126,0.989
1456325401.0,c3bfe078,0.939
1456325401.0,acf3fb4b,0.939
1456325401.0,d8601954,0.969
1456325401.0,41ea449e,0.959
1456325401.0,28eb51aa,0.969
1456325401.0,2a8a850f,0.949
1456325401.0,,0.948
1456325401.0,bdc0736f,0.969
1456325401.0,8d433ec5,0.929
1456325401.0,e00ca8bb,0.949
1456325401.0,a291fa50,0.939
1456325401.0,270ee8bf,0.939
1456325401.0,d9686f25,0.939
1456325401.0,63f5a00a,0.949
1456325401.0,1e88c869,0.939
1456325401.0,c54c18c9,0.939
1456325401.0,166ca755,0.979
1456325401.0,11bec0f1,0.959
1456325401.0,aaa58622,0.989
1456325401.0,622ea8b5,0.949
1456325401.0,30c4e2b1,0.979
1456325401.0,7af3790e,0.929
1456325401.0,33f25c75,0.949
1456325401.0,7c0d469a,0.969
1456325401.0,24398b7a,0.949
1456325401.0,0e7628ed,0.959
1456325401.0,8563b305,0.959
1456325401.0,4ea41fde,0.939
1456325401.0,95bbbe2f,0.979
1456325401.0,64ce1a2a,0.969
1456325401.0,74c7be75,1.009
1456325401.0,00ae5b70,0.989
1456325401.0,a42108f2,0.999
1456325401.0,dddc0e70,0.929
1456325401.0,981fcdf6,0.979
1456325401.0,152983d0,0.939
1456325401.0,035ff990,0.939
1456325401.0,d54e3a6e,0.919
1456325401.0,30f60874,0.959
1456325401.0,1db152f7,0.959
1456325401.0,b484fa6e,0.999
1456325401.0,5470379e,0.969
1456325401.0,2b987960,0.909
1456325401.0,dc944647,0.929
1456325401.0,ac7dd410,0.919
1456325401.0,8ddd7eaf,0.919
1456325401.0,1c504132,0.939
1456325401.0,dfa90483,0.939
1456325401.0,6e1a006b,0.939
1456325401.0,db21940b,0.939
1456325401.0,73787573,0.919
1456325401.0,810fc069,0.939
1456325401.0,9e4730c6,0.949
1456325401.0,f6a0a590,0.929
1456325401.0,1cedaf70,0.939
1456325401.0,66af339e,0.919
1456325401.0,,0.929
1456325401.0,a66e3813,0.989
1456325401.0,fa5f29ac,0.969
1456325401.0,20fea5aa,1.049
1456325401.0,f4df3f30,0.939
1456325401.0,0d366466,0.929
1456325401.0,7586849a,0.939
1456325401.0,7a9d4c97,0.999
1456325401.0,67ac9fc0,0.949
1456325401.0,d587eb93,0.979
1456325401.0,36ba87a1,0.949
1456325401.0,b894b272,0.989
1456325401.0,a3dd230b,0.979
1456325401.0,9ab681ea,0.989
1456325401.0,94600741,0.979
1456325401.0,1d50351d,0.969
1456325401.0,606d52e3,0.939
1456325401.0,87d1caf0,0.939
1456325401.0,b136a71d,0.959
1456325401.0,84491c5b,0.959
1456325401.0,fe0014ec,0.989
1456325401.0,85e1d8aa,0.959
1456325401.0,f3a1181b,0.959
1456325401.0,37020abb,0.959
1456325401.0,688e8d82,0.969
1456325401.0,8d47e406,0.969
1456325401.0,4c715086,0.949
1456325401.0,1f1403a7,0.979
1456325401.0,a18277f9,0.959
1456325401.0,415c90aa,0.949
1456325401.0,77b1dec8,0.919
1456325401.0,ea850711,0.929
1456325401.0,e54e047f,0.989
1456325401.0,6f55f694,1.009
1456325401.0,f2a2a323,0.969
1456325401.0,4c14d834,0.949
1456325401.0,91baebbc,0.949
1456325401.0,98ba3c6d,0.959
1456325401.0,950d79ab,0.949
1456325401.0,9940dbfc,0.929
1456325401.0,7406d60c,0.989
1456325401.0,631cd0c7,0.969
1456325401.0,c77607db,0.939
1456325401.0,84bb5636,0.939
1456325401.0,9b8af649,0.929
1456325401.0,583ed604,0.959
1456325401.0,863b1324,0.939
1456325401.0,ad827347,0.989
1456325401.0,630f211d,0.939
1456325401.0,5d4d46b3,0.979
1456325401.0,dae6ec80,0.959
1456325401.0,94b09940,0.979
1456325401.0,0b37f4f1,0.949
1456325401.0,b5ff1b6a,0.959
1456325401.0,4657a318,0.949
1456325401.0,2a4d5e67,0.979
1456325401.0,c6ad410f,0.949
1456325641.0,56808aa1,0.959
1456325641.0,09975f4d,0.939
1456325641.0,e9e52190,0.929
1456325641.0,4bdbb457,0.929
1456325641.0,0593bd1c,0.959
1456325641.0,9d116358,0.939
1456325641.0,778f55da,0.939
1456325641.0,3318e0c6,0.999
1456325641.0,909a8e2d,0.949
1456325641.0,61ef0e4f,0.929
1456325641.0,c391ee8f,0.949
1456325641.0,c8fad469,0.979
1456325641.0,7f6a82d1,0.949
1456325641.0,caff03c9,0.929
1456325641.0,d3415f41,1.039
1456325641.0,877aae3b,0.929
1456325641.0,ad7e1163,0.929
1456325641.0,9727ab3a,0.919
1456325641.0,1a70a04d,0.949
1456325641.0,427c61e9,0.939
1456325641.0,27ea09b1,0.909
1456325641.0,ebd3c375,0.969
1456325641.0,52c1ccfa,0.909
1456325641.0,ae48b914,0.949
1456325641.0,671d6e1d,0.939
1456325641.0,ab7cf567,0.939
1456325641.0,6769da06,0.959
1456325641.0,,0.959
1456325641.0,c5b39c57,0.939
1456325641.0,e64f148b,0.969
1456325641.0,aa00a8f6,1.004
1456325641.0,7dfddaf9,0.949
1456325641.0,e8262d9e,0.959
1456325641.0,f448cc0a,0.949
1456325641.0,c9b6490b,0.959
1456325641.0,06c32dfe,0.979
1456325641.0,7d2e5c20,0.969
1456325641.0,6a471cde,0.929
1456325641.0,cb6f9df2,0.959
1456325641.0,bca31534,0.949
1456325641.0,461c1a45,0.959
1456325641.0,01117f28,0.929
1456325641.0,c94cdc6e,0.989
1456325641.0,8d4cbfeb,0.979
1456325641.0,22878111,0.929
1456325641.0,95321d2a,0.939
1456325641.0,5b68d8ad,0.939
1456325641.0,248d1f5e,0.969
1456325641.0,8aefbe17,0.989
1456325641.0,5c42d174,0.949
1456325641.0,81e03bde,1.029
1456325641.0,626c6699,0.919
1456325641.0,98860edd,0.939
1456325641.0,34021125,0.949
1456325641.0,3e1f509e,0.959
1456325641.0,158d42d8,0.949
1456325641.0,5a8fcce2,0.959
1456325641.0,f41e2fff,0.949
1456325641.0,9e990cfe,0.939
1456325641.0,1829c766,0.949
1456325641.0,cf184a67,0.919
1456325641.0,9cff31f0,0.959
1456325641.0,9795d6a5,0.929
1456325641.0,113d0a42,0.979
1456325641.0,6148f9f1,0.929
1456325641.0,3fafd99a,0.959
1456325641.0,835f9ec0,0.939
1456325641.0,e03f4572,0.929
1456325641.0,00eccb46,0.929
1456325641.0,688487a8,0.969
1456325641.0,fc8981fc,0.949
1456325641.0,45dd43b7,0.949
1456325641.0,88759e4a,0.919
1456325641.0,d650bbff,0.989
1456325641.0,ec4683cf,0.939
1456325641.0,c1eb66c5,0.979
1456325641.0,bb9f0bc7,0.969
1456325641.0,eeb36e25,0.949
1456325641.0,db56e2a2,0.959
1456325641.0,b69db0fc,0.989
1456325641.0,249a69d6,0.949
1456325641.0,a3f64b8b,0.979
1456325641.0,421aabe4,0.949
1456325641.0,6cc392bc,1.029
1456325641.0,2b849c3c,0.959
1456325641.0,08f6024d,0.989
1456325641.0,08ee2078,0.959
1456325641.0,22d16d09,0.939
1456325641.0,a08d8ae6,0.949
1456325641.0,aae85374,0.979
1456325641.0,c0e39558,0.929
1456325641.0,41d7fd8c,0.939
1456325641.0,6baeb328,0.989
1456325641.0,553fb461,0.969
1456325641.0,bf53dadd,0.899
1456325641.0,d7523cd4,1.009
1456325641.0,5384cd69,0.969
1456325641.0,628e1099,0.949
1456325641.0,2d4023ea,0.929
1456325641.0,75d484dc,0.919
1456325641.0,ce736f1a,0.939
1456325641.0,8a4f9b54,0.959
1456325641.0,71fdd7b4,0.959
1456325641.0,b54a85b1,0.919
1456325641.0,8d590271,0.939
1456325641.0,ca3e36c7,0.959
1456325641.0,,0.939
1456325641.0,29291727,0.939
1456325641.0,ddaccd3e,0.939
1456325641.0,20e9b084,0.919
1456325641.0,aaf8d479,0.994
1456325641.0,784d4e2a,0.939
1456325641.0,a4a196e4,0.949
1456325641.0,7fc3def3,0.949
1456325641.0,e82ffdb7,0.929
1456325641.0,5b63b72b,0.959
1456325641.0,07b98643,0.949
1456325641.0,466c174a,0.959
1456325641.0,5a599746,0.939
1456325641.0,6ba4e2d1,0.979
1456325641.0,badafb9a,0.949
1456325641.0,2eea7b6b,0.969
1456325641.0,fedb2736,0.959
1456325641.0,25528e17,0.908
1456325641.0,705aeee8,0.959
1456325641.0,6e416e85,0.949
1456325641.0,f723b50e,0.939
1456325641.0,42863645,0.989
1456325641.0,dee66d10,0.939
1456325641.0,2cb63a21,0.939
1456325641.0,24c9552e,0.969
1456325641.0,19e65444,0.929
1456325641.0,c95d532b,0.979
1456325641.0,493b6369,0.899
1456325641.0,ae3ec7b1,0.959
1456325641.0,bc509654,0.959
1456325641.0,65d912cc,0.949
1456325641.0,ac4a6914,0.969
1456325641.0,d921f4ce,0.929
1456325641.0,1dfe7e94,0.939
1456325641.0,5cec73e9,0.919
1456325641.0,98fad8c5,0.939
1456325641.0,185ab0a1,0.939
1456325641.0,984855aa,0.939
1456325641.0,119cb795,0.909
1456325641.0,e6fe3770,0.899
1456325641.0,cef28ece,0.919
1456325641.0,897a7af7,0.959
1456325641.0,11b2e08c,0.899
1456325641.0,b44d5d41,0.999
1456325641.0,8caf6dad,0.949
1456325641.0,02664349,0.969
1456325641.0,478ca3dd,0.969
1456325641.0,eecbf37e,0.949
1456325641.0,81fb03d2,0.909
1456325641.0,d27a3901,0.949
1456325641.0,f8bbef60,0.919
1456325641.0,216f2e30,0.969
1456325641.0,bb827240,0.949
1456325641.0,e02ea09b,0.959
1456325641.0,398e7989,0.979
1456325641.0,619a79d6,0.949
1456325641.0,997e716d,0.959
1456325641.0,6eb8cb33,0.939
1456325641.0,f3b3c473,0.949
1456325641.0,3056759f,0.929
1456325641.0,6d9dcb86,0.929
1456325641.0,2b8e75ca,0.939
1456325641.0,9c7e6b4f,0.919
1456325641.0,7301ae23,0.979
1456325641.0,38aa9352,0.959
1456325641.0,d78b438e,0.939
1456325641.0,e96c8f9b,0.939
1456325641.0,d1b50fc2,0.949
1456325641.0,44144ccf,0.949
1456325641.0,f08235a1,0.939
1456325641.0,101c8b80,0.939
1456325641.0,3275ca99,0.959
1456325641.0,41225b43,0.949
1456325641.0,cc9dcdfc,0.929
1456325641.0,ad269c98,0.939
1456325641.0,051dd907,0.999
1456325641.0,cf429d6f,0.939
1456325641.0,229d2673,0.939
1456325641.0,eb4e983f,0.949
1456325641.0,0ef5bf4d,0.939
1456325641.0,fa890292,0.939
1456325641.0,5dd99d7f,0.949
1456325641.0,2205a893,0.969
1456325641.0,bed52cfb,0.979
1456325641.0,8f94226a,0.959
1456325641.0,03b45f42,0.959
1456325641.0,e9a8e0dc,0.929
1456325641.0,4442e246,0.919
1456325641.0,b067bcf6,0.939
1456325641.0,916b15ba,0.929
1456325641.0,5b0a88cf,0.939
1456325641.0,250f245f,0.949
1456325641.0,0cdf8545,0.939
1456325641.0,83748919,0.939
1456325641.0,2eccf490,0.919
1456325641.0,da84e1ef,0.939
1456325641.0,801ccbc6,0.959
1456325641.0,0b790115,0.939
1456325641.0,a9f2eece,0.939
1456325641.0,9f37e0a2,0.959
1456325641.0,7dedf4de,0.959
1456325641.0,38a93153,0.939
1456325641.0,21a92259,0.919
1456325641.0,4a9d5885,0.929
1456325641.0,d9749191,0.939
1456325641.0,0ee3214c,0.989
1456325641.0,c27724b2,0.939
1456325641.0,c9a19301,0.959
1456325641.0,6ad60cac,0.949
1456325641.0,a73bef5e,0.959
1456325641.0,b387d3fa,0.949
1456325641.0,263e0b44,0.939
1456325641.0,0cce0f70,0.969
1456325641.0,302dd48b,0.979
1456325641.0,6a39da51,0.999
1456325641.0,841961d9,0.959
1456325641.0,5e79f556,0.939
1456325641.0,5325ade4,0.959
1456325641.0,c38cb4a1,0.949
1456325641.0,6319bbbb,1.009
1456325641.0,1ed8d71f,0.959
1456325641.0,a58775a0,0.949
1456325641.0,baa66b57,0.969
1456325641.0,0d245387,0.934
1456325641.0,,0.959
1456325641.0,c328902c,0.969
1456325641.0,96407ff6,0.949
1456325641.0,54dcc913,0.939
1456325641.0,18d8a792,0.959
1456325641.0,db8bff55,0.949
1456325641.0,f1a1555c,0.969
1456325641.0,793eb726,0.949
1456325641.0,8792c041,0.969
1456325641.0,2ee62167,0.989
1456325641.0,bba7ec32,0.929
1456325641.0,1670b93b,0.929
1456325641.0,fa99c07b,0.969
1456325641.0,03436a85,0.959
1456325641.0,99acd99a,0.929
1456325641.0,f60a2c42,0.969
1456325641.0,c30f5865,0.949
1456325641.0,9cd02b8c,0.949
1456325641.0,0f7cfab9,0.929
1456325641.0,7683a8c0,0.959
1456325641.0,e38f46f2,0.969
1456325641.0,deed609f,0.929
1456325641.0,d2823b8f,0.999
1456325641.0,f105f24c,0.969
1456325641.0,76ee34f4,0.929
1456325641.0,e579a4d2,0.959
1456325641.0,bbbc6ece,0.949
1456325641.0,9c45c396,0.939
1456325641.0,a500d475,0.929
1456325641.0,86b4e823,0.939
1456325641.0,b3457bb4,0.979
1456325641.0,c25fac39,0.959
1456325641.0,4d0a22fb,0.939
1456325641.0,f4788388,0.959
1456325641.0,200f98db,0.959
1456325641.0,05845b5e,0.949
1456325641.0,086d076b,0.969
1456325641.0,3a762d33,0.949
1456325641.0,74d77c58,0.954
1456325641.0,66fb48c6,0.949
1456325641.0,85872f93,0.989
1456325641.0,be9c118a,0.939
1456325641.0,8fd505db,0.929
1456325641.0,6c0bfd68,0.969
1456325641.0,6282bbac,0.979
1456325641.0,38c93eee,0.949
1456325641.0,2a2dae94,0.959
1456325641.0,39c1eecb,0.934
1456325641.0,f14d7030,0.919
1456325641.0,59cec01d,0.949
1456325641.0,cfe82c42,0.959
1456325641.0,9e0e4f3e,0.979
1456325641.0,a64e2d63,0.969
1456325641.0,72ecbc2d,0.989
1456325641.0,a975f508,0.959
1456325641.0,9a40848b,1.029
1456325641.0,b7a7ee6f,0.939
1456325641.0,36dc6ea5,0.929
1456325641.0,e5e2bf67,0.939
1456325641.0,150a8031,0.949
1456325641.0,519422ae,0.949
1456325641.0,057efe6f,0.969
1456325641.0,840368fb,0.959
1456325641.0,92eb0a93,0.969
1456325641.0,ab1af76d,0.939
1456325641.0,dd5107f2,0.949
1456325641.0,84a3b636,0.969
1456325641.0,7950522d,0.989
1456325641.0,d998872e,0.949
1456325641.0,1947b494,0.939
1456325641.0,e82185b8,0.959
1456325641.0,9e91033c,0.949
1456325641.0,9354b0fc,0.949
1456325641.0,c46c7e06,0.949
1456325641.0,4f97968a,0.939
1456325641.0,fe69cf27,0.969
1456325641.0,b71fea96,0.969
1456325641.0,5ed50ecc,0.919
1456325641.0,f29cadc1,0.959
1456325641.0,2e589edd,0.939
1456325641.0,564ef774,0.939
1456325641.0,e60668f4,0.969
1456325641.0,6f8ba6b1,0.959
1456325641.0,fee47ded,0.969
1456325641.0,810ecb7a,0.949
1456325641.0,4ce21f31,0.959
1456325641.0,de257006,0.969
1456325641.0,92d39932,0.989
1456325641.0,06ac238a,0.969
1456325641.0,689f962f,0.959
1456325641.0,530cc62e,0.979
1456325641.0,ca9bd89a,0.959
1456325641.0,13fe91d4,0.949
1456325641.0,129f9511,1.009
1456325641.0,b6002806,0.929
1456325641.0,9c4972e3,0.939
1456325641.0,684e26a4,0.969
1456325641.0,7eb639ab,0.969
1456325641.0,147f3142,0.969
1456325641.0,dac4fe2a,0.909
1456325641.0,f86a4e1f,0.999
1456325641.0,bdd70033,0.959
1456325641.0,06fb0c54,0.959
1456325641.0,f2054fb8,0.979
1456325641.0,c8e00f1c,0.939
1456325641.0,38ad9bbf,0.949
1456325641.0,fb94863a,0.979
1456325641.0,075244ea,0.949
1456325641.0,da2a28a0,0.979
1456325641.0,85e1584b,0.979
1456325641.0,9572e9cf,1.009
1456325641.0,0d779f5e,0.969
1456325641.0,00496bce,0.929
1456325641.0,a3932df8,0.979
1456325641.0,e291397b,0.949
1456325641.0,65995c53,0.939
1456325641.0,90cec242,0.939
1456325641.0,0b3074b7,0.939
1456325641.0,44d0cc01,0.969
1456325641.0,ca804af5,0.969
1456325641.0,ae7c12ce,0.934
1456325641.0,734c23a5,0.939
1456325641.0,f11235cb,0.969
1456325641.0,c466d5fa,0.969
1456325641.0,8dbbf765,0.949
1456325641.0,3344673e,0.959
1456325641.0,493eff35,0.969
1456325641.0,ea5a9904,0.949
1456325641.0,dc7739ef,0.969
1456325641.0,c4ede5e6,0.929
1456325641.0,bd227bfb,0.999
1456325641.0,0afde6c7,0.939
1456325641.0,efadda78,0.989
1456325641.0,0980ddb6,0.989
1456325641.0,ae934bd5,0.959
1456325641.0,8df7b7e0,0.959
1456325641.0,5695114d,0.949
1456325641.0,5f6019e0,0.919
1456325641.0,5921c872,0.939
1456325641.0,a395cb1b,0.959
1456325641.0,9fe5444d,0.959
1456325641.0,31be0909,0.929
1456325641.0,1bb94f90,0.939
1456325641.0,6860f6a1,0.919
1456325641.0,a3b4b0af,0.929
1456325641.0,54f751e5,0.939
1456325641.0,1848de21,0.969
1456325641.0,1f1aef8f,0.939
1456325641.0,558f57a1,0.979
1456325641.0,6193821d,0.969
1456325641.0,474644ad,0.979
1456325641.0,a4a7e146,0.925
1456325641.0,98e26149,0.919
1456325641.0,8bb26207,0.949
1456325641.0,afd35ba0,0.909
1456325641.0,8714c0df,0.929
1456325641.0,129d1493,0.939
1456325641.0,130615f8,0.959
1456325641.0,ee1d296d,0.989
1456325641.0,57b493fa,0.959
1456325641.0,4829f4f6,0.979
1456325641.0,22ed3351,0.939
1456325641.0,49119bd2,0.929
1456325641.0,26a56374,0.909
1456325641.0,2d3711fd,0.949
1456325641.0,f9ec21b1,0.939
1456325641.0,6f9eb627,0.924
1456325641.0,9af0b5ab,0.979
1456325641.0,0764c8b7,0.969
1456325641.0,f0610621,0.959
1456325641.0,fd5c987c,0.939
1456325641.0,,0.949
1456325641.0,75808ab7,0.929
1456325641.0,,0.969
1456325641.0,87513076,0.979
1456325641.0,bcee3dc6,0.959
1456325641.0,8e5758d4,0.959
1456325641.0,f13a2469,0.979
1456325641.0,1b481393,0.929
1456325641.0,53d76725,0.939
1456325641.0,b598078e,0.969
1456325641.0,724b8382,0.959
1456325641.0,c76359a4,0.919
1456325641.0,76a48cbe,0.939
1456325641.0,32f0b93e,0.909
1456325641.0,e0e02d9a,0.909
1456325641.0,b8705ff2,0.949
1456325641.0,078f0784,0.919
1456325641.0,471da9da,0.959
1456325641.0,3cb9cc00,0.939
1456325641.0,803beab6,0.949
1456325641.0,ba0b1d1f,0.989
1456325641.0,bcdf1eb5,0.929
1456325641.0,2f34dd60,0.949
1456325641.0,225eaacb,0.949
1456325641.0,a13f8970,0.929
1456325641.0,ea6b204a,0.979
1456325641.0,3ea2f9db,0.949
1456325641.0,fa7a7823,0.929
1456325641.0,1bce0e67,0.939
1456325641.0,688653f8,0.929
1456325641.0,238f3319,0.939
1456325641.0,1f311bb3,0.929
1456325641.0,b6daf677,0.939
1456325641.0,56d52752,0.949
1456325641.0,8c9cc6bc,0.929
1456325641.0,494f6481,0.919
1456325641.0,,0.929
1456325641.0,2bb40266,0.949
1456325641.0,87298a04,0.949
1456325641.0,79f769b8,0.999
1456325641.0,c6ca359a,0.939
1456325641.0,20fea5aa,1.049
1456325641.0,0f5578bb,0.959
1456325641.0,92dbd199,0.999
1456325641.0,7f6c2062,0.949
1456325641.0,7ffa235a,0.969
1456325641.0,8fdafbf6,0.929
1456325641.0,d8382d2b,0.999
1456325641.0,256e6d2f,0.969
1456325641.0,7bc454c7,0.949
1456325641.0,85e1d8aa,0.959
1456325641.0,038eae7e,0.959
1456325641.0,75fc5799,0.959
1456325641.0,a8ea8361,0.969
1456325641.0,5b1dc219,0.949
1456325641.0,aca99357,0.989
1456325641.0,c57bb6b4,0.939
1456325641.0,834e2670,0.959
1456325641.0,04a002fa,0.959
1456325641.0,d87652c8,0.939
1456325641.0,7a198451,0.989
1456325641.0,9170b9cb,0.969
1456325641.0,5eb29de6,0.939
1456325641.0,c698b4f6,0.989
1456325641.0,3c4e3fea,1.009
1456325641.0,c93086be,0.929
1456325641.0,76186cf8,0.959
1456325641.0,c8bad2ad,0.949
1456325641.0,4d5f25c7,0.949
1456325641.0,2b5433ca,0.959
1456325641.0,c327932b,0.959
1456325641.0,096893a3,0.959
1456325641.0,ea6d4e44,0.969
1456325641.0,c330d63c,0.949
1456325641.0,7ec09a5a,0.969
1456325641.0,06a2513a,0.949
1456325641.0,16a70ba2,0.989
1456325641.0,85dcde4e,0.919
1456325641.0,a8f38887,0.959
1456325641.0,ac94744b,0.969
1456325641.0,5d11fd07,0.949
1456325641.0,773b1599,0.959
1456325641.0,fc42b1f2,0.989
1456325641.0,c96c8fe4,1.059
1456325641.0,31d95abd,0.949
1456325641.0,8f6f71cb,0.919
1456325881.0,0bc4a690,0.959
1456325881.0,fc134cb6,0.979
1456325881.0,4bdbb457,0.929
1456325881.0,0c56e9df,0.979
1456325881.0,50013026,0.949
1456325881.0,90941e78,0.939
1456325881.0,d2578b12,0.929
1456325881.0,e99e5f77,0.929
1456325881.0,dfe43ff9,0.909
1456325881.0,a6cf9c73,0.929
1456325881.0,d53e3a60,0.909
1456325881.0,820d9924,0.929
1456325881.0,caff03c9,0.919
1456325881.0,c0bff642,0.929
1456325881.0,7f555c9e,0.949
1456325881.0,790f62f3,0.929
1456325881.0,c928ed36,0.909
1456325881.0,ecfdcbbe,0.939
1456325881.0,3f1cb112,0.949
1456325881.0,646811ac,0.919
1456325881.0,14033ffb,0.959
1456325881.0,9530b219,0.969
1456325881.0,0ecdddfa,0.949
1456325881.0,42b1b318,0.999
1456325881.0,844f1480,0.929
1456325881.0,166e7f73,0.949
1456325881.0,b524582e,0.949
1456325881.0,d33e0437,0.969
1456325881.0,909782ef,0.969
1456325881.0,bd4fc874,0.939
1456325881.0,19a4dc27,0.969
1456325881.0,74767a2c,0.939
1456325881.0,09aa1a8b,0.989
1456325881.0,57813c32,0.949
1456325881.0,3aecb034,0.969
1456325881.0,2917587e,0.939
1456325881.0,1262b7a3,0.959
1456325881.0,ec60ed5f,0.939
1456325881.0,b4a7b915,0.989
1456325881.0,2afeabea,0.969
1456325881.0,091ee9ad,0.989
1456325881.0,0eaf6606,0.959
1456325881.0,5798eb33,0.939
1456325881.0,5000f0c5,0.939
1456325881.0,e1307a34,0.979
1456325881.0,ca8f532f,0.939
1456325881.0,c94cdc6e,0.959
1456325881.0,5ce35089,0.969
1456325881.0,4f72fca5,0.989
1456325881.0,9c38cf72,0.939
1456325881.0,28071dbd,0.939
1456325881.0,f4ba9484,0.969
1456325881.0,7d020a61,0.959
1456325881.0,7d2a6e6a,0.939
1456325881.0,a66ed93a,0.959
1456325881.0,2498b287,0.959
1456325881.0,ac3c5f1a,0.929
1456325881.0,a14af66a,0.949
1456325881.0,86a500f1,0.939
1456325881.0,e5b5fd93,0.949
1456325881.0,d8de669b,0.979
1456325881.0,e53def27,0.979
1456325881.0,13266d18,0.929
1456325881.0,b961310a,0.969
1456325881.0,78c59dfc,0.929
1456325881.0,c392588c,0.959
1456325881.0,c1db295a,0.939
1456325881.0,9cff31f0,0.949
1456325881.0,5f881538,0.949
1456325881.0,8f6a43ef,0.939
1456325881.0,936763a8,0.959
1456325881.0,b37f9c11,0.939
1456325881.0,,0.959
1456325881.0,492796c0,0.949
1456325881.0,2e1bed62,0.959
1456325881.0,63aa7558,0.959
1456325881.0,f2d58e5e,0.949
1456325881.0,02f94d04,0.939
1456325881.0,08df9d3b,0.959
1456325881.0,,0.959
1456325881.0,8358c467,0.929
1456325881.0,45dd43b7,0.949
1456325881.0,,0.949
1456325881.0,84d195a7,0.969
1456325881.0,00cf8738,0.959
1456325881.0,b655f194,0.959
1456325881.0,e446361e,0.979
1456325881.0,f1b1a06d,0.929
1456325881.0,c8efbe00,0.979
1456325881.0,a4af82a5,0.999
1456325881.0,a1f3fe7e,0.939
1456325881.0,7a66bf28,0.949
1456325881.0,,0.989
1456325881.0,bdc3a9dd,0.939
1456325881.0,ff8e9e8e,0.949
1456325881.0,8b4029da,0.949
1456325881.0,71b758db,0.969
1456325881.0,546992ee,0.939
1456325881.0,c1923e8f,0.979
1456325881.0,0399244a,0.959
1456325881.0,f1806c17,0.969
1456325881.0,15d15c6f,0.949
1456325881.0,6e610cb2,0.939
1456325881.0,5455a5f8,0.959
1456325881.0,06abd985,0.919
1456325881.0,467f7eb4,0.969
1456325881.0,e8d9a107,0.939
1456325881.0,cf25dcdb,1.009
1456325881.0,90df0b88,0.949
1456325881.0,0dc5ec60,0.969
1456325881.0,4d7d95fb,0.974
1456325881.0,7a34bcb6,0.929
1456325881.0,235c0c8c,0.969
1456325881.0,5e56181c,0.929
1456325881.0,b7e06233,0.989
1456325881.0,9dce1619,0.939
1456325881.0,9852ddd5,0.939
1456325881.0,1d06a6fd,0.949
1456325881.0,cd5312ba,0.949
1456325881.0,e8a8876f,0.949
1456325881.0,3094c3d0,1.049
1456325881.0,0cfa6754,0.969
1456325881.0,acc860ed,0.959
1456325881.0,72c5857a,0.959
1456325881.0,7e3542f5,0.969
1456325881.0,d2a69e6d,0.979
1456325881.0,c791d886,0.949
1456325881.0,76e85116,0.919
1456325881.0,819ea283,0.929
1456325881.0,b6a47707,0.989
1456325881.0,37e841fa,0.939
1456325881.0,91170ebc,0.939
1456325881.0,de66ae92,0.939
1456325881.0,71437915,0.969
1456325881.0,a5b19cba,0.979
1456325881.0,a426c65f,0.969
1456325881.0,2207feed,0.929
1456325881.0,662e48ec,0.959
1456325881.0,ad2972b3,0.929
1456325881.0,3b9fb083,0.979
1456325881.0,f44172d4,0.919
1456325881.0,945202a2,0.959
1456325881.0,c31f354d,0.969
1456325881.0,8d38052d,0.984
1456325881.0,a244f9b0,0.959
1456325881.0,7a05b007,0.959
1456325881.0,affe7d62,0.929
1456325881.0,302dd48b,0.969
1456325881.0,1ddd2ac0,0.909
1456325881.0,0a1db8aa,0.979
1456325881.0,946a6eb2,0.959
1456325881.0,6319bbbb,0.999
1456325881.0,dac2d51e,0.949
1456325881.0,755c641f,0.929
1456325881.0,865b080f,0.979
1456325881.0,6a276ef2,0.939
1456325881.0,26613c3a,0.989
1456325881.0,96d4afe8,0.969
1456325881.0,d02ee7d1,0.949
1456325881.0,5aaeb8a3,0.959
1456325881.0,1468aaa8,0.979
1456325881.0,eb751c39,0.959
1456325881.0,e01dae0b,0.979
1456325881.0,615f2b40,0.939
1456325881.0,67946f4f,0.969
1456325881.0,32fde081,0.959
1456325881.0,9d62bf3b,0.929
1456325881.0,215d680b,0.989
1456325881.0,c4953ffa,0.969
1456325881.0,868165bf,0.949
1456325881.0,44bf3174,0.919
1456325881.0,14342e98,0.959
1456325881.0,32065a23,0.939
1456325881.0,32aa70e6,0.989
1456325881.0,0d7e555d,0.974
1456325881.0,c16682b0,0.969
1456325881.0,88d7ccee,0.979
1456325881.0,f04fe50a,0.959
1456325881.0,aecb2a58,0.959
1456325881.0,477465f0,0.969
1456325881.0,56ca8f0b,0.949
1456325881.0,18429d44,0.959
1456325881.0,4de24a20,0.949
1456325881.0,3eaf47de,0.959
1456325881.0,ae8b60e9,0.989
1456325881.0,d3dc7d8c,0.969
1456325881.0,07e15eec,0.969
1456325881.0,8538f0f5,1.029
1456325881.0,80e1c626,0.939
1456325881.0,164df318,1.009
1456325881.0,26d674df,0.929
1456325881.0,5f71144d,0.939
1456325881.0,1d2442f5,0.979
1456325881.0,c0ccdcc4,0.939
1456325881.0,4d15a2cc,0.919
1456325881.0,aebeb22e,0.939
1456325881.0,9f01dc28,0.969
1456325881.0,6313d441,0.929
1456325881.0,6bc29395,0.999
1456325881.0,0e8115b4,0.949
1456325881.0,f8cd8b31,0.939
1456325881.0,55c0201d,0.939
1456325881.0,efcf22b5,0.959
1456325881.0,b518e445,0.959
1456325881.0,6da1952d,0.919
1456325881.0,d62c0561,0.939
1456325881.0,c27cff48,0.959
1456325881.0,e99b762c,0.959
1456325881.0,b760e17f,0.939
1456325881.0,3b92c6ae,0.909
1456325881.0,74d77c58,0.954
1456325881.0,69e52004,0.969
1456325881.0,5aab5487,0.969
1456325881.0,ae7d5dd1,0.949
1456325881.0,b5b5497e,0.979
1456325881.0,a64e2d63,0.969
1456325881.0,433a5787,0.959
1456325881.0,3c41d6ca,0.949
1456325881.0,7cdc9523,0.969
1456325881.0,538c9b65,0.979
1456325881.0,c3efdbea,0.969
1456325881.0,725ea57f,0.929
1456325881.0,0e367b40,0.959
1456325881.0,d717e4c7,0.949
1456325881.0,293f7598,0.999
1456325881.0,2a365ba8,0.949
1456325881.0,a0bca24c,0.939
1456325881.0,d02509ed,0.959
1456325881.0,714eaded,0.929
1456325881.0,2f02de37,1.009
1456325881.0,fcb53c89,0.939
1456325881.0,2174c3f9,0.929
1456325881.0,3fa62bf3,0.969
1456325881.0,2323e5c3,0.939
1456325881.0,6384651f,0.959
1456325881.0,8e8fcbca,0.959
1456325881.0,eca21f05,0.939
1456325881.0,37bb70be,0.969
1456325881.0,c409c6b3,0.989
1456325881.0,aeba37f9,0.939
1456325881.0,b1600fca,0.989
1456325881.0,4986d1aa,0.959
1456325881.0,e2cdf18c,0.959
1456325881.0,92d39932,0.969
1456325881.0,06ac238a,0.969
1456325881.0,2601854e,0.939
1456325881.0,168168ee,0.979
1456325881.0,335765fb,0.979
1456325881.0,1872a79b,0.949
1456325881.0,8f4cf94f,0.979
1456325881.0,c704c346,0.959
1456325881.0,f6ac0e85,0.969
1456325881.0,947b9ef2,0.939
1456325881.0,a2f965eb,0.939
1456325881.0,38716c97,0.969
1456325881.0,a5ef49c6,0.969
1456325881.0,c2039560,0.959
1456325881.0,0800eb0f,0.939
1456325881.0,4352ae26,0.919
1456325881.0,1cdb45b5,0.939
1456325881.0,ebdb10e8,0.949
1456325881.0,f74fad88,0.949
1456325881.0,9db34e97,0.969
1456325881.0,c6a933fe,0.969
1456325881.0,09aa4f77,0.929
1456325881.0,b4e0667f,0.969
1456325881.0,5ec35915,0.959
1456325881.0,ed996a11,0.959
1456325881.0,bd3a11a3,0.959
1456325881.0,368b0430,0.949
1456325881.0,966a40ae,0.939
1456325881.0,eaba5acb,1.009
1456325881.0,4579a85c,0.969
1456325881.0,39040b75,0.979
1456325881.0,d0ce4c92,0.939
1456325881.0,0ee68fe4,0.929
1456325881.0,3b4197b0,0.969
1456325881.0,df95008a,0.939
1456325881.0,6338dd07,0.999
1456325881.0,adda6336,0.969
1456325881.0,a90392b0,0.979
1456325881.0,f3e6f0ea,0.949
1456325881.0,9ab966b7,0.969
1456325881.0,48676749,0.959
1456325881.0,c98807b3,0.939
1456325881.0,5043ba52,0.949
1456325881.0,89911292,0.949
1456325881.0,39261c92,0.969
1456325881.0,b88f7241,0.959
1456325881.0,58e1a8b4,0.949
1456325881.0,13e237c2,0.959
1456325881.0,209e8416,0.949
1456325881.0,eb863f50,0.959
1456325881.0,2a7cdc44,0.959
1456325881.0,12b36b1c,0.959
1456325881.0,59c3c78c,0.979
1456325881.0,b4a05b7f,0.969
1456325881.0,130615f8,0.949
1456325881.0,a2140381,1.059
1456325881.0,57b36972,0.989
1456325881.0,eb7de52f,0.929
1456325881.0,5c88c29d,0.939
1456325881.0,74775b0d,0.969
1456325881.0,a93262c3,0.939
1456325881.0,9af0b5ab,0.959
1456325881.0,aaa58622,0.979
1456325881.0,c3cd9932,0.949
1456325881.0,7ead535b,0.929
1456325881.0,29259211,0.969
1456325881.0,90f0ff20,0.939
1456325881.0,0434e895,0.979
1456325881.0,3b58625d,0.939
1456325881.0,2358eb9a,0.944
1456325881.0,a514041e,0.999
1456325881.0,d180cfeb,0.939
1456325881.0,49878878,0.959
1456325881.0,2ac82f45,0.989
1456325881.0,8f2fb041,0.979
1456325881.0,10967cac,0.979
1456325881.0,7f358136,1.039
1456325881.0,c8b54491,0.939
1456325881.0,1dad0cef,0.949
1456325881.0,c41ce805,0.969
1456325881.0,b02d78c3,0.949
1456325881.0,8222952d,0.979
1456325881.0,b36ed3e1,0.989
1456325881.0,c6c3a80a,1.039
1456325881.0,c96f410f,0.919
1456325881.0,cca094f8,0.949
1456325881.0,7cefc69f,0.929
1456325881.0,c59b6311,0.939
1456325881.0,13f4ef46,0.919
1456325881.0,645289b9,0.959
1456325881.0,740982ff,0.949
1456325881.0,094fab78,0.989
1456325881.0,006407b4,0.929
1456325881.0,677b8f35,0.929
1456325881.0,973748fa,0.939
1456325881.0,add88990,0.979
1456325881.0,b07873c7,0.939
1456325881.0,c368907a,0.979
1456325881.0,64e31076,0.949
1456325881.0,1d4a06c1,0.979
1456325881.0,cf57d1bf,0.949
1456325881.0,39f9c0aa,0.959
1456325881.0,47a742a7,0.949
1456325881.0,69964900,0.969
1456325881.0,530fa955,0.959
1456325881.0,9901346d,0.939
1456325881.0,3ba3cf9a,0.949
1456325881.0,669a039e,0.929
1456325881.0,63a3fa08,0.949
1456325881.0,f4507b0a,0.939
1456325881.0,ba2213e9,0.979
1456325881.0,2139100d,0.959
1456325881.0,7a198451,0.949
1456325881.0,dff9a053,0.949
1456325881.0,3f144301,0.959
1456325881.0,87a23e83,0.959
1456325881.0,e8ecece5,0.959
1456325881.0,5e6de772,0.979
1456325881.0,60d3d6ee,0.939
1456325881.0,8f8ade78,0.969
1456325881.0,1d5839f0,0.969
1456325881.0,3d600548,0.949
1456325881.0,2f5be2f4,0.999
1456325881.0,82c54482,0.959
1456325881.0,efe39034,0.949
1456325881.0,ec2a5548,0.939
1456325881.0,a489065a,0.969
1456325881.0,d25d3d18,0.979
1456325881.0,53216105,0.939
1456325881.0,16b7ada0,0.974
1456325881.0,c7eb5131,0.929
1456325881.0,32dcc2c9,0.969
1456325881.0,79ee5792,0.949
1456325881.0,59be95b5,0.989
1456326121.0,bf66734b,0.959
1456326121.0,8eb59fab,0.979
1456326121.0,de4ca432,0.979
1456326121.0,2ae20e3b,0.939
1456326121.0,a212a289,0.969
1456326121.0,e75954a3,0.969
1456326121.0,deeb75c9,0.929
1456326121.0,90941e78,0.929
1456326121.0,e6b8819f,0.919
1456326121.0,3272290a,0.949
1456326121.0,f4ec7ff4,0.919
1456326121.0,e72628ad,0.919
1456326121.0,28e7f835,0.919
1456326121.0,9a11b9a9,0.939
1456326121.0,329aad11,0.959
1456326121.0,045578a1,0.959
1456326121.0,c2d8e386,0.909
1456326121.0,8e0ec690,0.929
1456326121.0,dd59fed2,0.949
1456326121.0,e40086e8,0.919
1456326121.0,0c475d4b,0.959
1456326121.0,72d94c9d,0.999
1456326121.0,bf5b9c36,0.949
1456326121.0,618beb09,0.929
1456326121.0,c17b17c8,0.939
1456326121.0,cb7b59b6,0.969
1456326121.0,bb34b27f,0.949
1456326121.0,337b7102,0.969
1456326121.0,74282c9f,0.909
1456326121.0,e77100d2,0.949
1456326121.0,c5627012,0.959
1456326121.0,fa657190,0.949
1456326121.0,50b27f80,0.959
1456326121.0,15c2c195,0.939
1456326121.0,601bbb50,0.959
1456326121.0,ea571d68,0.929
1456326121.0,1489c235,1.049
1456326121.0,4aaa267e,0.949
1456326121.0,,0.939
1456326121.0,8b42f488,0.969
1456326121.0,d9de1886,0.949
1456326121.0,58e3ecab,0.959
1456326121.0,3f5ce6b8,0.959
1456326121.0,b5464430,0.939
1456326121.0,1d0dbcee,0.949
1456326121.0,,0.939
1456326121.0,1f6e5e51,0.989
1456326121.0,3693b2a0,0.999
1456326121.0,2629c35e,0.989
1456326121.0,83bbc321,0.959
1456326121.0,136e5310,0.979
1456326121.0,7b51b5c3,0.969
1456326121.0,af8d1232,0.959
1456326121.0,761dd171,0.949
1456326121.0,c3ff1b21,0.939
1456326121.0,d4770cdf,0.979
1456326121.0,e1c57a67,0.949
1456326121.0,9278d791,0.949
1456326121.0,d52f4585,0.969
1456326121.0,f53a8f17,0.949
1456326121.0,e1b2f9c0,0.929
1456326121.0,161691b3,0.959
1456326121.0,a705a30f,0.979
1456326121.0,04da5ab2,0.969
1456326121.0,2a8702e9,0.939
1456326121.0,,0.929
1456326121.0,c349e5a2,0.969
1456326121.0,08f7db25,0.939
1456326121.0,cf6cd137,0.999
1456326121.0,a46b4f3d,0.919
1456326121.0,06eb0513,0.949
1456326121.0,4f1ec633,0.979
1456326121.0,93b5b301,0.949
1456326121.0,a618c589,0.979
1456326121.0,a64ec2ce,0.939
1456326121.0,30ab5003,0.959
1456326121.0,5d832d02,0.949
1456326121.0,ac1176c4,0.939
1456326121.0,4b788d2a,0.959
1456326121.0,b5e248eb,0.929
1456326121.0,10337302,0.909
1456326121.0,dfd2b591,0.939
1456326121.0,f233face,0.959
1456326121.0,e68e5f87,0.969
1456326121.0,4718f10b,0.949
1456326121.0,431a576a,0.939
1456326121.0,53f9f79f,0.939
1456326121.0,28f0e708,0.949
1456326121.0,eaa4c30e,0.949
1456326121.0,8c716afc,0.999
1456326121.0,92bebd84,0.959
1456326121.0,31993f75,0.949
1456326121.0,c6380930,0.939
1456326121.0,7581214d,0.959
1456326121.0,b6387436,0.959
1456326121.0,668ec837,0.969
1456326121.0,6d37e962,0.959
1456326121.0,eca8b228,0.959
1456326121.0,219ec5d8,0.939
1456326121.0,8eef6c32,0.929
1456326121.0,75a26cab,1.039
1456326121.0,e93a322c,0.969
1456326121.0,0aececa4,0.949
1456326121.0,796a098a,0.969
1456326121.0,a676af82,0.979
1456326121.0,b3a96696,0.929
1456326121.0,3b728838,0.989
1456326121.0,012d8a4c,0.939
1456326121.0,f84b6775,0.949
1456326121.0,4f6c20ab,0.949
1456326121.0,6e97a289,0.979
1456326121.0,de4dfcb8,0.959
1456326121.0,e57dfb90,1.009
1456326121.0,12aba19d,0.989
1456326121.0,b07918a9,0.929
1456326121.0,0e14978e,0.939
1456326121.0,403a1c86,0.949
1456326121.0,feda8910,0.919
1456326121.0,6e8e3ed0,0.969
1456326121.0,8e5f2dc6,0.979
1456326121.0,c737cf1c,1.009
1456326121.0,dc9da122,0.939
1456326121.0,11b5806d,0.959
1456326121.0,5747e8a7,0.979
1456326121.0,dbee4a44,0.939
1456326121.0,4724644a,0.939
1456326121.0,ef3c7f93,0.944
1456326121.0,310e041a,0.979
1456326121.0,de18aa7d,0.939
1456326121.0,9bc2e863,0.944
1456326121.0,a7eae27d,0.949
1456326121.0,,0.959
1456326121.0,00de5a7b,1.039
1456326121.0,c33f8f41,0.969
1456326121.0,9612e9a3,0.949
1456326121.0,a950db45,1.029
1456326121.0,8b1e2d4f,1.009
1456326121.0,b3088432,0.969
1456326121.0,559cb7a2,0.949
1456326121.0,2f6a5cea,0.949
1456326121.0,78300ca0,0.959
1456326121.0,b646a001,0.959
1456326121.0,d3e4d9b9,1.049
1456326121.0,fd334dae,0.939
1456326121.0,ba746e17,1.049
1456326121.0,291377c9,0.979
1456326121.0,288e33f2,0.969
1456326121.0,86f0ca05,0.949
1456326121.0,05b48929,0.979
1456326121.0,283d3a46,0.929
1456326121.0,ce366998,0.949
1456326121.0,7f3123c2,0.959
1456326121.0,7f90a219,0.939
1456326121.0,f1ba09c1,0.949
1456326121.0,d2a69e6d,0.949
1456326121.0,b6ef86a2,0.939
1456326121.0,3e32f401,0.939
1456326121.0,,0.919
1456326121.0,575bb735,0.979
1456326121.0,07656553,0.959
1456326121.0,6d2e115e,0.979
1456326121.0,11c55ae3,0.959
1456326121.0,7674ea9d,0.929
1456326121.0,53df0ec3,0.969
1456326121.0,5c0d42b0,0.949
1456326121.0,8bbde82e,0.929
1456326121.0,2a6c46a2,0.959
1456326121.0,45b03d62,0.939
1456326121.0,ac4a6914,0.959
1456326121.0,759e3fcc,0.929
1456326121.0,a8c6b173,0.959
1456326121.0,460a378a,0.939
1456326121.0,2a937026,0.929
1456326121.0,9da51b85,0.959
1456326121.0,0ae0fa71,0.939
1456326121.0,4a6264de,0.949
1456326121.0,3b746ea0,0.899
1456326121.0,495247fc,0.929
1456326121.0,f19a2bc5,0.909
1456326121.0,e0808ce1,0.949
1456326121.0,514e885f,0.959
1456326121.0,90bd0a2b,0.929
1456326121.0,a89295ed,0.949
1456326121.0,cc367c32,0.969
1456326121.0,44adf9c1,0.909
1456326121.0,38aa9352,0.939
1456326121.0,fc2ec0dc,0.949
1456326121.0,da53e9ba,0.939
1456326121.0,a409f033,0.959
1456326121.0,2ddad231,0.969
1456326121.0,8dbc9e66,0.939
1456326121.0,67fb32f7,0.929
1456326121.0,cf429d6f,0.929
1456326121.0,eb4e983f,0.939
1456326121.0,4ef36239,0.929
1456326121.0,dbc1bba3,0.919
1456326121.0,e3667c9c,0.919
1456326121.0,5a24bfe1,0.929
1456326121.0,034b845e,0.969
1456326121.0,da84e1ef,0.939
1456326121.0,7dedf4de,0.949
1456326121.0,38a93153,0.939
1456326121.0,d2fc2219,0.939
1456326121.0,0538e9ee,0.949
1456326121.0,613352d7,0.939
1456326121.0,d326a791,0.939
1456326121.0,26dbefc0,0.969
1456326121.0,c64e61d0,0.929
1456326121.0,6a3c7f9e,1.029
1456326121.0,047946f0,1.049
1456326121.0,e140b830,0.959
1456326121.0,fb3a21ef,0.949
1456326121.0,26f14416,0.929
1456326121.0,0660fa74,1.039
1456326121.0,21ab2968,0.969
1456326121.0,a06397bf,0.969
1456326121.0,19a65d8e,0.949
1456326121.0,0b0a4614,0.959
1456326121.0,511114cf,0.939
1456326121.0,28dc9f41,0.959
1456326121.0,2212e6eb,0.959
1456326121.0,9a4aa177,0.959
1456326121.0,a5647053,0.959
1456326121.0,794a868c,0.959
1456326121.0,d96a698b,0.939
1456326121.0,a486294c,0.929
1456326121.0,8cdff641,0.929
1456326121.0,44984473,0.929
1456326121.0,39fe3076,0.989
1456326121.0,dc080c47,0.969
1456326121.0,8cc39ecd,0.949
1456326121.0,34f054d7,0.969
1456326121.0,,0.959
1456326121.0,f125a348,0.969
1456326121.0,10d64a25,0.959
1456326121.0,41d483a2,0.969
1456326121.0,6d40e0d7,0.929
1456326121.0,96c236e7,0.959
1456326121.0,19ff419b,0.939
1456326121.0,dd4af19d,0.979
1456326121.0,f885a3d3,0.979
1456326121.0,dc639d24,1.059
1456326121.0,f645748d,0.959
1456326121.0,2d3b0c15,0.949
1456326121.0,64d3ba48,0.949
1456326121.0,f312c960,0.949
1456326121.0,c95ebb24,0.969
1456326121.0,b0599356,0.949
1456326121.0,d0465699,0.949
1456326121.0,9705cfe5,0.949
1456326121.0,6039b8e3,0.949
1456326121.0,705ebafa,0.969
1456326121.0,e58aa567,0.979
1456326121.0,07991b53,0.939
1456326121.0,d64903d3,0.969
1456326121.0,,0.959
1456326121.0,ba9cc930,0.929
1456326121.0,01ca69d4,0.909
1456326121.0,1b359e8d,0.939
1456326121.0,80e3422f,0.969
1456326121.0,1168f57c,0.969
1456326121.0,0abf9cad,0.959
1456326121.0,,0.919
1456326121.0,5282e595,0.979
1456326121.0,672a9d1c,0.959
1456326121.0,5ed7343e,0.959
1456326121.0,d14b5840,0.919
1456326121.0,4ff9d49d,0.979
1456326121.0,6a687cf5,0.949
1456326121.0,2b87f664,1.029
1456326121.0,18547ba1,0.969
1456326121.0,b273d286,0.969
1456326121.0,5a819f8f,0.949
1456326121.0,6fb3ea7a,0.929
1456326121.0,7b0e8c8c,0.969
1456326121.0,,0.919
1456326121.0,4b92e661,0.979
1456326121.0,ba7cab9b,0.969
1456326121.0,180c4928,1.039
1456326121.0,2b3ab72c,0.929
1456326121.0,a998716f,0.959
1456326121.0,93d189cf,0.969
1456326121.0,94d84ba4,0.949
1456326121.0,0061e71a,0.959
1456326121.0,d3c31af6,0.939
1456326121.0,5d45148e,0.979
1456326121.0,669b7d94,0.959
1456326121.0,bde563ae,0.959
1456326121.0,4a8e26ae,0.979
1456326121.0,b42a4f26,0.939
1456326121.0,b863dc49,0.939
1456326121.0,364c49b5,0.989
1456326121.0,7549bbf6,0.959
1456326121.0,78eacf4a,0.959
1456326121.0,f44d6f08,0.959
1456326121.0,9cd812fc,0.979
1456326121.0,4389dbbf,0.949
1456326121.0,96854150,0.969
1456326121.0,ef03dcfa,0.969
1456326121.0,a4c2cb8d,0.979
1456326121.0,d556f79b,0.909
1456326121.0,202abd50,0.939
1456326121.0,f44b6301,0.959
1456326121.0,d404277d,0.949
1456326121.0,8fec22b9,0.989
1456326121.0,c3e10c01,0.989
1456326121.0,990f2a08,0.999
1456326121.0,68480e7b,0.969
1456326121.0,0a6562b8,0.969
1456326121.0,90e6d279,1.039
1456326121.0,fc0599eb,0.964
1456326121.0,756b37e6,0.939
1456326121.0,076cbc57,0.939
1456326121.0,23ffa8c7,0.914
1456326121.0,,0.969
1456326121.0,16cc4c6d,0.969
1456326121.0,0fe71322,0.959
1456326121.0,57525dc2,0.969
1456326121.0,b5e27e69,0.929
1456326121.0,c9ee8c8d,0.939
1456326121.0,5a8b0e02,0.959
1456326121.0,45e21f92,0.959
1456326121.0,f4299aa3,0.999
1456326121.0,d950f36c,0.989
1456326121.0,8c231795,0.939
1456326121.0,2b508314,0.959
1456326121.0,0a3bb4b4,0.979
1456326121.0,59e71e77,0.949
1456326121.0,0daf2906,0.939
1456326121.0,5cb012ef,0.969
1456326121.0,7117c935,0.939
1456326121.0,db414715,0.949
1456326121.0,73df71fc,0.959
1456326121.0,77cb599d,0.909
1456326121.0,5a77d43f,0.929
1456326121.0,559fcfde,0.989
1456326121.0,92d39932,0.969
1456326121.0,d7ca536d,0.939
1456326121.0,5b70fdaa,0.999
1456326121.0,d9663827,0.959
1456326121.0,b1450a7d,0.949
1456326121.0,,0.969
1456326121.0,31ae92da,0.929
1456326121.0,f2ba4bc6,0.959
1456326121.0,7b5e0499,0.979
1456326121.0,a35ffacf,0.979
1456326121.0,96d95521,0.979
1456326121.0,084224e7,0.969
1456326121.0,375abe19,0.979
1456326121.0,3f1e04e5,0.949
1456326121.0,99c5c095,1.029
1456326121.0,99d4f63c,0.949
1456326121.0,b862e775,0.959
1456326121.0,937baa0c,1.009
1456326121.0,74d89e9b,0.939
1456326121.0,ff71148f,0.959
1456326121.0,1effdd9e,1.039
1456326121.0,8325fe97,0.939
1456326121.0,935f6e86,0.939
1456326121.0,fa3092ba,0.989
1456326121.0,f4e43bf3,1.029
1456326121.0,7f89f971,0.979
1456326121.0,efda2508,0.939
1456326121.0,e9c8afa0,0.949
1456326121.0,353d2391,0.939
1456326121.0,a19cfb72,0.929
1456326121.0,5204d6df,0.979
1456326121.0,672e6c5e,0.989
1456326121.0,2907236c,0.979
1456326121.0,92740284,0.939
1456326121.0,aa5647b4,0.959
1456326121.0,319cc820,0.949
1456326121.0,cfc7df71,0.969
1456326121.0,f747cfc3,0.949
1456326121.0,48038048,0.949
1456326121.0,17bbc60e,0.939
1456326121.0,e256d75b,0.949
1456326121.0,36849264,0.929
1456326121.0,9f34d3c7,0.959
1456326121.0,c9333668,0.979
1456326121.0,89923e95,0.939
1456326121.0,f5ccc280,0.949
1456326121.0,ab141bc6,1.059
1456326121.0,60625072,0.969
1456326121.0,573b539e,0.959
1456326121.0,009091bb,0.959
1456326121.0,cd749265,0.929
1456326121.0,3f241a2c,0.949
1456326121.0,f87bab74,0.959
1456326121.0,d923719a,0.949
1456326121.0,034c5ff6,0.949
1456326121.0,f4b9d561,0.929
1456326121.0,dca8997b,0.959
1456326121.0,cb7a19f8,0.949
1456326121.0,28cedc00,0.999
1456326121.0,0e7f0bd4,0.949
1456326121.0,25294ce8,0.959
1456326121.0,e1eebe52,0.949
1456326121.0,e5dd54d4,1.039
1456326121.0,c257e761,0.919
1456326121.0,ca27eadd,1.029
1456326121.0,6d10b873,0.949
1456326121.0,5ab36501,0.939
1456326121.0,ad29f10c,0.949
1456326121.0,fbd0490f,0.969
1456326121.0,48a1176e,0.949
1456326121.0,6fe5086e,0.949
1456326121.0,0a0baf66,0.969
1456326121.0,542fbb56,0.959
1456326121.0,aa01c225,0.959
1456326121.0,f25ec39b,0.979
1456326121.0,002160c4,0.959
1456326121.0,862d0257,0.979
1456326121.0,09d5caa7,0.979
1456326121.0,ae8a27ee,0.969
1456326121.0,476697da,0.969
1456326121.0,26562367,0.959
1456326121.0,5c84d184,0.939
1456326121.0,5f27c859,0.919
1456326121.0,75808ab7,0.939
1456326121.0,22e6cf1d,0.939
1456326121.0,7ee5da0f,0.959
1456326121.0,f1929c3e,0.949
1456326121.0,e9a7ff5d,0.989
1456326121.0,7e304939,0.959
1456326121.0,a6fe89c8,0.959
1456326121.0,62bd758c,0.939
1456326121.0,7a8eaed9,0.989
1456326121.0,c0f54c09,0.949
1456326121.0,c776555a,0.949
1456326121.0,2a82c08f,0.969
1456326121.0,3b38e104,0.959
1456326121.0,d497f4b5,0.949
1456326121.0,8c9613bc,0.939
1456326121.0,1219a469,0.999
1456326121.0,ccbd9cdd,0.959
1456326121.0,a9ba3d99,0.939
1456326121.0,c2c9a813,0.979
1456326121.0,2ac71882,0.979
1456326121.0,e05f9010,0.939
1456326121.0,8e38dad0,0.929
1456326121.0,2ce60956,1.089
1456326121.0,587af276,0.929
1456326121.0,3cc9b59f,0.979
1456326121.0,7cefc69f,0.929
1456326121.0,ee74bc99,0.929
1456326121.0,2ee2a0a5,0.939
1456326121.0,6fb50287,0.919
1456326121.0,6117cbac,0.939
1456326121.0,4c39660b,0.939
1456326121.0,b3843814,0.969
1456326121.0,d61494fe,0.949
1456326121.0,c368907a,0.969
1456326121.0,113fe84c,0.949
1456326121.0,74635252,0.959
1456326121.0,a74e1057,1.029
1456326121.0,0030aa59,1.049
1456326121.0,aa506433,0.959
1456326121.0,baff6152,0.959
1456326121.0,dcde1f7c,0.949
1456326121.0,2a7c4091,0.939
1456326121.0,e64fba92,0.949
1456326121.0,56878753,0.939
1456326121.0,1403b858,1.029
1456326121.0,18b3ac80,0.939
1456326121.0,034d1d51,0.939
1456326121.0,c2e9c850,0.939
1456326121.0,e578a879,0.959
1456326121.0,33fb4cf3,0.949
1456326121.0,6798b5d8,0.949
1456326121.0,ad659ace,0.929
1456326121.0,b57a6a63,0.949
1456326121.0,823e96f7,0.959
1456326121.0,e68575c0,0.989
1456326121.0,ba815d55,0.949
1456326121.0,93d44ba8,0.989
1456326121.0,11c799de,0.929
1456326121.0,32e6abfd,0.959
1456326121.0,19c8f617,0.969
1456326121.0,b2590879,0.969
1456326121.0,e38fc560,0.949
1456326121.0,f2be6718,0.939
1456326121.0,e9f34b51,0.939
1456326121.0,4d67e241,0.949
1456326121.0,1f59edd4,0.969
1456326121.0,fee76af5,0.939
1456326121.0,c1599ca9,1.009
1456326121.0,6244903c,0.949
1456326121.0,129427de,0.939
1456326121.0,6e5aeb52,0.959
1456326121.0,efe39034,0.949
1456326121.0,7cc0b5a2,0.959
1456326121.0,421ac3f9,0.939
1456326121.0,64735bee,0.919
1456326121.0,0b8d29ea,0.979
1456326121.0,ded8bee6,0.929
1456326121.0,d72800fe,0.989
1456326121.0,7269da44,0.969
1456326121.0,7ad9dcdf,0.979
1456326121.0,5d151192,1.049
1456326121.0,01e3af77,0.939
1456326361.0,,0.969
1456326361.0,3ae6396e,0.925
1456326361.0,5215269b,0.959
1456326361.0,0c3d62f5,0.939
1456326361.0,f7d2bcca,0.939
1456326361.0,e07c0604,0.929
1456326361.0,021612d8,0.929
1456326361.0,4c338d03,0.929
1456326361.0,cf4010a3,0.949
1456326361.0,49052290,0.939
1456326361.0,9d2b8d38,0.919
1456326361.0,f18a39be,0.939
1456326361.0,05b184bf,0.949
1456326361.0,e1b4b7f3,0.919
1456326361.0,19838731,0.929
1456326361.0,440eff71,0.929
1456326361.0,82e05795,0.959
1456326361.0,0bb2e1c5,0.929
1456326361.0,2c9a6a74,0.929
1456326361.0,4e7b5ef6,0.929
1456326361.0,68d5e021,0.949
1456326361.0,0297c11e,0.939
1456326361.0,37649bcc,0.929
1456326361.0,9b79f246,0.909
1456326361.0,0c3bcbe7,0.919
1456326361.0,62b52d6c,0.929
1456326361.0,570dabcb,0.919
1456326361.0,82a52db3,0.929
1456326361.0,f7665440,0.969
1456326361.0,e42f2550,0.929
1456326361.0,bd86f3ea,0.949
1456326361.0,30ac4ee7,0.979
1456326361.0,85b6788a,0.929
1456326361.0,3daf455c,0.919
1456326361.0,7b247260,0.909
1456326361.0,24c0c404,0.999
1456326361.0,59e65cb9,0.939
1456326361.0,8208358e,0.939
1456326361.0,375f0e67,0.939
1456326361.0,b7fdbb95,0.939
1456326361.0,5f7106c3,0.979
1456326361.0,8a33170f,0.989
1456326361.0,e32371df,0.969
1456326361.0,52f801fe,0.949
1456326361.0,c060503d,0.949
1456326361.0,0a1259e1,0.949
1456326361.0,d09811d3,0.949
1456326361.0,2820e4a6,0.939
1456326361.0,2f89ceb2,0.919
1456326361.0,c449aa2a,0.949
1456326361.0,822f88d8,0.959
1456326361.0,69c4db90,0.979
1456326361.0,a9bfa2fb,0.949
1456326361.0,2753be9b,0.939
1456326361.0,c01a1b5d,0.969
1456326361.0,de77f6c5,0.969
1456326361.0,aa9c4d31,0.929
1456326361.0,c875251d,0.979
1456326361.0,ddce8cd4,0.939
1456326361.0,a470edc3,0.959
1456326361.0,7840ee28,0.939
1456326361.0,d367f64c,0.959
1456326361.0,38d1fafb,1.019
1456326361.0,0722a606,0.979
1456326361.0,b5028985,0.959
1456326361.0,edd1ee07,0.959
1456326361.0,e8c3f262,0.939
1456326361.0,9fad7fea,0.949
1456326361.0,dd180cd9,0.939
1456326361.0,5d5e9ec8,0.939
1456326361.0,4146a204,0.979
1456326361.0,07971b4b,0.959
1456326361.0,9baa546c,0.959
1456326361.0,387b14fd,0.959
1456326361.0,3b3e1ce0,0.919
1456326361.0,711d036b,0.959
1456326361.0,73275cc4,0.959
1456326361.0,84b346b1,0.959
1456326361.0,14d6c87e,0.949
1456326361.0,17d98ba9,0.949
1456326361.0,00174a6e,1.049
1456326361.0,ed56981f,0.979
1456326361.0,21c418e3,0.929
1456326361.0,428929ab,0.949
1456326361.0,ab89240b,0.979
1456326361.0,062cca99,0.939
1456326361.0,7faaef53,0.999
1456326361.0,ad949c4b,0.959
1456326361.0,c5f0fecb,0.959
1456326361.0,39b9ba7f,0.969
1456326361.0,72795297,0.939
1456326361.0,e727162d,0.969
1456326361.0,22b994a8,0.969
1456326361.0,c6d444e1,0.929
1456326361.0,4d40c826,0.919
1456326361.0,91385da7,1.019
1456326361.0,f155a1eb,0.949
1456326361.0,a7a5f25b,0.929
1456326361.0,df5fc4c4,0.939
1456326361.0,50acf721,0.939
1456326361.0,ef3ecd77,0.929
1456326361.0,253839e1,0.939
1456326361.0,b40d9546,0.959
1456326361.0,68c7b059,0.939
1456326361.0,f38a8e26,0.979
1456326361.0,037efd2a,1.029
1456326361.0,7cdcdb86,0.949
1456326361.0,8a3a3f10,0.959
1456326361.0,9bf2ca69,0.979
1456326361.0,41e7918d,0.959
1456326361.0,eabde0e7,0.919
1456326361.0,615801d6,0.969
1456326361.0,1d1e053d,0.949
1456326361.0,1d7aa7ce,1.039
1456326361.0,8bd77566,0.969
1456326361.0,05c633c8,0.989
1456326361.0,cf68ef20,0.969
1456326361.0,28c041df,0.989
1456326361.0,a0f9d44d,1.009
1456326361.0,7a74beb2,0.979
1456326361.0,de4dfcb8,0.949
1456326361.0,9830928e,0.989
1456326361.0,d478cbe7,0.949
1456326361.0,7f8ae480,1.009
1456326361.0,305b11b7,0.959
1456326361.0,d224cc8c,0.959
1456326361.0,2736cca4,0.939
1456326361.0,965dce20,0.969
1456326361.0,1223090e,0.949
1456326361.0,5a0fb607,0.949
1456326361.0,9ec908ec,0.979
1456326361.0,ac284087,0.979
1456326361.0,acf0a7d7,0.959
1456326361.0,72cc479b,0.969
1456326361.0,ad129baa,0.939
1456326361.0,9520ba7c,0.949
1456326361.0,654abfa9,0.979
1456326361.0,9b7becbc,0.979
1456326361.0,95a3de9e,0.949
1456326361.0,f43bc6b9,0.959
1456326361.0,d872a109,0.939
1456326361.0,4afaa787,0.949
1456326361.0,f479c8f0,0.969
1456326361.0,410d90fe,0.969
1456326361.0,901b3dc2,0.989
1456326361.0,ae88cb1f,0.939
1456326361.0,70efa82e,0.959
1456326361.0,31b711f3,1.049
1456326361.0,9612e9a3,0.949
1456326361.0,,0.979
1456326361.0,1548bd57,0.939
1456326361.0,b6f82f10,0.949
1456326361.0,e87c38cc,0.949
1456326361.0,ec0f640c,0.959
1456326361.0,f6648caf,0.969
1456326361.0,575d8182,0.949
1456326361.0,806bbb49,0.969
1456326361.0,4d77b026,0.949
1456326361.0,d3e4d9b9,1.019
1456326361.0,6647542f,0.969
1456326361.0,03719a0b,0.959
1456326361.0,5f59e3c7,0.969
1456326361.0,dd2ff1a4,0.999
1456326361.0,08d22af2,0.959
1456326361.0,3a2ef803,0.949
1456326361.0,7156911f,0.969
1456326361.0,78c4502d,0.959
1456326361.0,60a39e86,0.989
1456326361.0,5fcf7eea,0.939
1456326361.0,55167147,0.939
1456326361.0,22ea287c,0.959
1456326361.0,c6d5ab7e,0.949
1456326361.0,adf56fc9,0.949
1456326361.0,54ba3e2f,0.924
1456326361.0,897a7af7,0.949
1456326361.0,475801e2,0.969
1456326361.0,e9e1dabb,0.949
1456326361.0,88b83d81,0.919
1456326361.0,ce6487d7,0.969
1456326361.0,c19378b9,0.929
1456326361.0,efe3611d,0.939
1456326361.0,0451fc7d,0.939
1456326361.0,d9749191,0.929
1456326361.0,ee54e371,0.929
1456326361.0,047946f0,1.029
1456326361.0,c39273d5,0.979
1456326361.0,49098718,1.009
1456326361.0,55739310,0.939
1456326361.0,eaf89b64,0.949
1456326361.0,75341878,0.939
1456326361.0,0660fa74,1.029
1456326361.0,da93bb21,0.919
1456326361.0,919c9e96,0.989
1456326361.0,e0d89735,1.009
1456326361.0,fc1c731b,0.949
1456326361.0,2df8fc01,0.939
1456326361.0,ec99cf72,0.949
1456326361.0,d3d9b662,0.959
1456326361.0,292f3ea8,0.934
1456326361.0,6a0d1e37,1.009
1456326361.0,aaed4223,0.969
1456326361.0,6b388a21,0.959
1456326361.0,99b9ccd3,0.949
1456326361.0,5d5ce6c9,0.939
1456326361.0,7b487a7f,0.939
1456326361.0,1c7251ad,0.939
1456326361.0,a894c70b,0.959
1456326361.0,5082e3d6,0.959
1456326361.0,9121921b,0.979
1456326361.0,2ebb5677,0.939
1456326361.0,4a79d3d5,0.919
1456326361.0,fb46bd6e,0.979
1456326361.0,782c1225,0.969
1456326361.0,863245a5,0.949
1456326361.0,f23e99d0,1.039
1456326361.0,48a48e67,0.939
1456326361.0,33972c60,0.969
1456326361.0,1902d951,0.949
1456326361.0,8cdff641,0.929
1456326361.0,4734ef79,0.929
1456326361.0,e60f2fb7,0.999
1456326361.0,059fe229,1.029
1456326361.0,a4416f40,0.919
1456326361.0,98624c5c,0.959
1456326361.0,ff485bff,0.929
1456326361.0,68492860,0.969
1456326361.0,f9e19175,0.949
1456326361.0,5d132310,0.929
1456326361.0,5ae3e1ca,0.939
1456326361.0,52628b2e,0.939
1456326361.0,b9456e15,0.939
1456326361.0,54fc2b4c,0.949
1456326361.0,d046f0d3,0.949
1456326361.0,9c5b140c,0.989
1456326361.0,70e22a28,0.969
1456326361.0,9c269747,0.929
1456326361.0,f649936e,0.979
1456326361.0,ccaf0017,0.939
1456326361.0,17a1e834,0.989
1456326361.0,c1bc16cb,0.989
1456326361.0,65aa334d,0.959
1456326361.0,b5d935e1,0.939
1456326361.0,20dcb5cd,0.959
1456326361.0,4b4c10fa,0.939
1456326361.0,c16682b0,0.949
1456326361.0,46691d06,0.989
1456326361.0,7bcda69c,0.959
1456326361.0,612d4614,0.939
1456326361.0,badcf1ca,0.939
1456326361.0,88128993,0.949
1456326361.0,ff138580,0.959
1456326361.0,fc51c26e,0.959
1456326361.0,2550001f,0.949
1456326361.0,802f8091,0.959
1456326361.0,1e7f80e8,0.969
1456326361.0,7af9d9ad,1.009
1456326361.0,a4b11e87,0.939
1456326361.0,5ace285c,0.979
1456326361.0,1c358963,0.949
1456326361.0,41170479,0.969
1456326361.0,774ee61f,0.979
1456326361.0,1df72c53,0.939
1456326361.0,b25b4ab0,0.949
1456326361.0,64dc13d7,1.059
1456326361.0,81ffe4cd,0.959
1456326361.0,bef35d30,0.939
1456326361.0,119b03dd,0.939
1456326361.0,cedf23e6,0.949
1456326361.0,b026b716,0.959
1456326361.0,544d8f74,0.949
1456326361.0,,0.989
1456326361.0,19447be6,0.979
1456326361.0,fa49aabc,0.949
1456326361.0,7fb54fbf,0.939
1456326361.0,e2227d47,0.979
1456326361.0,5a819f8f,0.939
1456326361.0,6cee9445,0.979
1456326361.0,6a2035ad,0.949
1456326361.0,4d0a22fb,0.949
1456326361.0,b1dd859f,0.979
1456326361.0,b8aae107,0.929
1456326361.0,988da765,0.939
1456326361.0,4c0bd4b5,0.939
1456326361.0,457e579e,0.948
1456326361.0,6b72bc31,0.989
1456326361.0,49925c42,0.939
1456326361.0,4cb2a111,0.959
1456326361.0,dcb337e4,0.959
1456326361.0,fe29bb22,1.039
1456326361.0,5ab833c5,0.959
1456326361.0,9a2da055,0.929
1456326361.0,c0debc06,0.914
1456326361.0,7eb76101,1.009
1456326361.0,f9660ed1,1.029
1456326361.0,7cf7e16b,0.989
1456326361.0,ff19a228,0.959
1456326361.0,b5d20065,0.949
1456326361.0,7eec6311,0.949
1456326361.0,1a3b21e0,0.959
1456326361.0,a8334abd,0.939
1456326361.0,f4281f38,0.909
1456326361.0,9a4568c6,0.929
1456326361.0,59cec01d,0.939
1456326361.0,dc9494a5,0.949
1456326361.0,6f394c33,0.979
1456326361.0,4bb3c1ba,0.939
1456326361.0,a715399f,0.959
1456326361.0,7ed2f8ec,0.939
1456326361.0,3edff2fe,0.989
1456326361.0,184a38c3,0.959
1456326361.0,e3a6c1d2,0.929
1456326361.0,c79adad0,0.929
1456326361.0,6264e826,0.949
1456326361.0,b342eb0d,0.939
1456326361.0,c69c61f6,0.969
1456326361.0,90e6d279,1.029
1456326361.0,ce8d08fc,0.929
1456326361.0,8ef380b6,0.979
1456326361.0,71fc80a1,0.949
1456326361.0,95d6571c,0.959
1456326361.0,0acb65ea,0.989
1456326361.0,8acfd379,0.979
1456326361.0,4e131669,0.939
1456326361.0,86672300,0.959
1456326361.0,ef80a9d5,0.959
1456326361.0,332d02ad,0.989
1456326361.0,7a03b89d,0.959
1456326361.0,4721b010,0.939
1456326361.0,f85e7c2f,0.959
1456326361.0,7e9106b6,0.969
1456326361.0,95e23a71,0.979
1456326361.0,229bb6b8,0.959
1456326361.0,b13eb8fa,1.009
1456326361.0,59635b5d,0.949
1456326361.0,61ebbc40,0.929
1456326361.0,42cc5c79,0.949
1456326361.0,a65d4e81,0.899
1456326361.0,b445540d,0.959
1456326361.0,5e3c55e4,0.939
1456326361.0,2651ccb9,0.939
1456326361.0,48314cda,0.939
1456326361.0,48aac8e9,0.939
1456326361.0,2a639c5a,0.949
1456326361.0,5ec70894,0.959
1456326361.0,2d2c9c3f,0.939
1456326361.0,776d3e19,0.979
1456326361.0,2d490ce5,0.979
1456326361.0,92f81808,0.969
1456326361.0,60ca3b5d,0.929
1456326361.0,123a41c8,0.939
1456326361.0,39f820cc,0.969
1456326361.0,9558140d,0.959
1456326361.0,88c2caef,0.989
1456326361.0,45ae0804,0.934
1456326361.0,1cc4daa8,0.979
1456326361.0,,0.959
1456326361.0,39614aa8,0.939
1456326361.0,9dd5a00c,0.919
1456326361.0,ad852670,0.949
1456326361.0,cfeaab1a,0.959
1456326361.0,ecc75f2c,0.929
1456326361.0,bdc7131f,0.939
1456326361.0,8f4c771c,1.039
1456326361.0,aafab111,0.959
1456326361.0,358bf5e4,0.969
1456326361.0,9426443b,0.949
1456326361.0,e78a8608,0.989
1456326361.0,28277250,0.959
1456326361.0,1effdd9e,1.029
1456326361.0,19ff993e,0.959
1456326361.0,82f98249,0.949
1456326361.0,ae45fd8e,0.939
1456326361.0,8f9ca1ed,0.969
1456326361.0,1e78351c,0.959
1456326361.0,4a5ba0e5,0.949
1456326361.0,00960a86,0.949
1456326361.0,1c33ec7e,0.969
1456326361.0,779d347d,0.959
1456326361.0,57393752,0.989
1456326361.0,fe909c5b,0.959
1456326361.0,1929517b,0.959
1456326361.0,93656c34,0.949
1456326361.0,b04f3f69,0.969
1456326361.0,01d5bb85,0.939
1456326361.0,c37b5d5b,0.989
1456326361.0,,0.959
1456326361.0,969b9276,0.949
1456326361.0,a5998664,0.959
1456326361.0,3bed1f31,0.979
1456326361.0,945ced86,1.019
1456326361.0,52303ab3,0.969
1456326361.0,39e2b6d0,0.949
1456326361.0,b9bbf9ee,0.989
1456326361.0,6eae4d80,1.019
1456326361.0,708c9a0d,0.949
1456326361.0,c90ddd1c,0.989
1456326361.0,51c7bb55,0.929
1456326361.0,adda6336,0.959
1456326361.0,79d27478,0.949
1456326361.0,95434626,0.979
1456326361.0,1a839c73,0.949
1456326361.0,7929baa2,0.969
1456326361.0,74bb761d,0.979
1456326361.0,d2ffce1f,0.939
1456326361.0,18a2553e,0.939
1456326361.0,1ce91205,1.009
1456326361.0,e24d8cab,0.939
1456326361.0,64e61e90,0.939
1456326361.0,95564cf1,0.909
1456326361.0,85676e8b,0.959
1456326361.0,333d1cac,0.969
1456326361.0,c2cdc545,0.919
1456326361.0,f4a20e89,1.029
1456326361.0,c5669e2f,0.919
1456326361.0,c82dccc8,0.939
1456326361.0,ccd903a8,0.949
1456326361.0,d351cb6a,0.949
1456326361.0,9b127d1f,0.959
1456326361.0,bce0d2a3,1.009
1456326361.0,6232cf12,0.959
1456326361.0,7091515f,0.939
1456326361.0,91698594,0.939
1456326361.0,,0.989
1456326361.0,e217a1a8,1.049
1456326361.0,e4b1c6fb,0.939
1456326361.0,9e184682,0.939
1456326361.0,,0.979
1456326361.0,421a6353,0.939
1456326361.0,a03824da,0.949
1456326361.0,e5e737e8,0.959
1456326361.0,5fede4f0,0.929
1456326361.0,d790573d,0.929
1456326361.0,cfaad8a4,0.949
1456326361.0,baaf8b05,0.959
1456326361.0,146a1da7,0.979
1456326361.0,6ab142e0,0.939
1456326361.0,,0.969
1456326361.0,bbb7883b,0.949
1456326361.0,c793eda5,0.924
1456326361.0,d0e02780,0.969
1456326361.0,eb3c6430,0.959
1456326361.0,11bec0f1,0.949
1456326361.0,b350758d,0.949
1456326361.0,b45fce81,0.929
1456326361.0,956c6d65,0.949
1456326361.0,7a9373b8,0.949
1456326361.0,aaba4ebc,0.959
1456326361.0,d3052d2c,0.949
1456326361.0,5f724cd6,0.979
1456326361.0,ba30d526,0.979
1456326361.0,b8fe1af4,0.919
1456326361.0,538edcf9,0.949
1456326361.0,ecf4342f,0.939
1456326361.0,a3e519bb,0.989
1456326361.0,d34f18ac,0.949
1456326361.0,e2c5c4f3,0.959
1456326361.0,548aceef,0.979
1456326361.0,ecf2754f,0.959
1456326361.0,d9c57dad,0.949
1456326361.0,73af7048,0.949
1456326361.0,f5234ec2,0.949
1456326361.0,43396ca7,0.959
1456326361.0,41fc3133,0.939
1456326361.0,c0f54c09,0.949
1456326361.0,46bea8c9,0.949
1456326361.0,483ffbcb,0.969
1456326361.0,4e37aaef,0.969
1456326361.0,dadcaa77,0.959
1456326361.0,5bdf1cdf,0.989
1456326361.0,64171ce8,0.939
1456326361.0,c139e7ed,1.049
1456326361.0,39c16317,0.959
1456326361.0,ffeb88c9,0.989
1456326361.0,9b77fa3c,1.019
1456326361.0,60983be1,0.929
1456326361.0,01e0d345,0.949
1456326361.0,f856d6e0,0.939
1456326361.0,5132fe1c,0.939
1456326361.0,864a3cb2,0.939
1456326361.0,dc944647,0.919
1456326361.0,961fadac,0.929
1456326361.0,471da9da,0.959
1456326361.0,66f21e35,0.939
1456326361.0,bf43b448,0.939
1456326361.0,b53fa888,0.919
1456326361.0,5e068b6e,0.959
1456326361.0,aa661eb4,0.939
1456326361.0,1fb16863,0.939
1456326361.0,e3a60e8a,0.929
1456326361.0,abe52a6d,0.919
1456326361.0,b4666217,0.939
1456326361.0,5bf5fced,0.949
1456326361.0,bba9fe67,0.919
1456326361.0,ea4294e9,0.949
1456326361.0,f6955150,0.919
1456326361.0,0a6aaa10,0.939
1456326361.0,89ed2644,0.959
1456326361.0,8c7add3d,0.919
1456326361.0,0f122625,0.949
1456326361.0,fc486af7,0.949
1456326361.0,f4070bfa,0.969
1456326361.0,d61494fe,0.939
1456326361.0,c83af05f,0.939
1456326361.0,8c27b2e6,0.969
1456326361.0,5b8f7949,1.049
1456326361.0,7b8e3478,0.979
1456326361.0,b4a13ec7,0.959
1456326361.0,2ebe0a5d,0.989
1456326361.0,5c451464,0.959
1456326361.0,0955d064,0.959
1456326361.0,c97d17c7,0.939
1456326361.0,26e8cf72,0.949
1456326361.0,6e9357c6,0.989
1456326361.0,b07ee4ba,0.969
1456326361.0,83c94fc4,0.959
1456326361.0,b563d649,0.989
1456326361.0,4349fbc3,0.979
1456326361.0,9ab681ea,0.989
1456326361.0,c3e9fea8,0.934
1456326361.0,2178a97e,0.939
1456326361.0,069947ad,0.929
1456326361.0,80f5f11b,1.039
1456326361.0,7c85d6ed,0.999
1456326361.0,e410897d,0.989
1456326361.0,18b3ac80,0.939
1456326361.0,fa216f55,0.969
1456326361.0,1b140b5b,0.949
1456326361.0,67c5b01c,0.939
1456326361.0,9a883b4c,0.949
1456326361.0,873835b6,0.939
1456326361.0,617ff48b,0.969
1456326361.0,d639792f,0.969
1456326361.0,9cb41098,0.979
1456326361.0,d77409e0,0.979
1456326361.0,672c6cfd,1.009
1456326361.0,ee8d39e2,0.939
1456326361.0,bea1993d,0.959
1456326361.0,6d0c8ba1,0.949
1456326361.0,4d2f0ccd,1.009
1456326361.0,24acb441,0.949
1456326361.0,3645c978,0.949
1456326361.0,c9faeb03,0.949
1456326361.0,a40495d3,0.929
1456326361.0,b9b3ea8d,0.959
1456326361.0,345d440e,0.959
1456326361.0,96a28302,1.049
1456326361.0,7a78b9d0,0.939
1456326361.0,ddbf70bf,0.989
1456326361.0,53635853,0.959
1456326361.0,13cfdfb2,1.039
1456326361.0,994f9854,0.959
1456326361.0,5b1fabef,0.939
1456326361.0,a9c635a6,1.049
1456326361.0,0c0befd3,1.039
1456326361.0,ab042a77,1.039
1456326361.0,a774140b,0.929
1456326361.0,3fa012b6,0.979
1456326361.0,2a4d5e67,0.969
1456326361.0,69c5d24a,0.989
1456326361.0,8a3f89ed,0.979
1456326601.0,f58434d3,0.939
1456326601.0,52aa0343,0.939
1456326601.0,41a43995,0.939
1456326601.0,f9799e28,0.939
1456326601.0,659b2e72,0.929
1456326601.0,3cce768e,0.949
1456326601.0,dc352ea6,0.919
1456326601.0,588ff3f2,0.959
1456326601.0,3b8b727e,0.969
1456326601.0,0bab7166,0.939
1456326601.0,1809ed14,0.969
1456326601.0,bcbe32bc,0.949
1456326601.0,31a01e0e,0.959
1456326601.0,6d6576d8,0.989
1456326601.0,d98cee9c,0.919
1456326601.0,35fd3576,0.959
1456326601.0,f4e60d5a,0.929
1456326601.0,a557a7d1,0.959
1456326601.0,7f555c9e,0.949
1456326601.0,412fc646,0.959
1456326601.0,1686f694,0.919
1456326601.0,3f1cb112,0.949
1456326601.0,d6ae9903,0.969
1456326601.0,afbe3668,0.919
1456326601.0,460c6eb9,0.939
1456326601.0,b7dba17c,0.939
1456326601.0,7473e055,0.959
1456326601.0,4423f9a9,0.959
1456326601.0,9e96bd97,0.929
1456326601.0,a8f5bb50,0.959
1456326601.0,d88f7597,0.989
1456326601.0,2ef24e6a,0.929
1456326601.0,70dce2c3,0.939
1456326601.0,45a492f6,0.959
1456326601.0,dad17cc9,0.959
1456326601.0,0b19d5fe,0.939
1456326601.0,a1de4c4f,0.979
1456326601.0,8bf505c8,0.939
1456326601.0,65cb0157,0.949
1456326601.0,1b56abb5,0.929
1456326601.0,974b1cae,0.989
1456326601.0,22e23737,0.979
1456326601.0,9df734df,0.929
1456326601.0,c63212af,0.929
1456326601.0,25f9d419,0.939
1456326601.0,de1ded73,0.969
1456326601.0,8d7cf3c9,0.969
1456326601.0,ed93bc71,0.929
1456326601.0,7a80054c,0.949
1456326601.0,655988e9,0.939
1456326601.0,ffde8249,0.919
1456326601.0,3c01d155,0.959
1456326601.0,461c1a45,0.949
1456326601.0,d0ecac7c,0.979
1456326601.0,e31897db,0.929
1456326601.0,73e5c32d,0.939
1456326601.0,fae436b2,0.929
1456326601.0,2498b287,0.949
1456326601.0,06f5dad2,0.969
1456326601.0,0d662c07,0.939
1456326601.0,09638887,0.949
1456326601.0,69c4db90,0.959
1456326601.0,8aefbe17,0.979
1456326601.0,0f6fe1eb,0.939
1456326601.0,93da27ed,0.959
1456326601.0,0db4d96c,0.959
1456326601.0,bce22baa,0.939
1456326601.0,365236e8,1.009
1456326601.0,b5028985,0.949
1456326601.0,bc235ee2,0.919
1456326601.0,722bfb7b,0.979
1456326601.0,21fa9a42,0.939
1456326601.0,c392588c,0.959
1456326601.0,64edaf71,0.939
1456326601.0,de376e73,0.929
1456326601.0,06594e01,0.949
1456326601.0,b289e557,1.039
1456326601.0,f9b6f1ea,1.009
1456326601.0,f86a6ea1,0.959
1456326601.0,cb479352,0.969
1456326601.0,c4d4fdc6,0.969
1456326601.0,99c10f15,1.039
1456326601.0,880fa3fb,0.969
1456326601.0,6949ed4a,1.009
1456326601.0,56858967,0.939
1456326601.0,6a79b20f,0.909
1456326601.0,159f8b0e,0.959
1456326601.0,3285fd04,1.039
1456326601.0,b5e248eb,0.929
1456326601.0,49ea5327,0.949
1456326601.0,5b93fb87,0.939
1456326601.0,20772809,0.949
1456326601.0,f5b0ba52,0.969
1456326601.0,37b3aafc,0.989
1456326601.0,d39098c4,0.999
1456326601.0,39bde8e3,0.959
1456326601.0,75096bd1,0.969
1456326601.0,c065b81d,0.944
1456326601.0,8a4d8b45,0.939
1456326601.0,77bdf3c5,1.009
1456326601.0,ab4700c2,0.939
1456326601.0,20330ee3,0.939
1456326601.0,e10f157c,0.949
1456326601.0,fbc6af74,0.939
1456326601.0,7e76b239,0.954
1456326601.0,7f79215f,0.949
1456326601.0,b3646450,0.929
1456326601.0,b9331765,0.969
1456326601.0,2cdb8a62,0.969
1456326601.0,72cb62f7,0.939
1456326601.0,66cc688a,0.949
1456326601.0,17c924e4,0.939
1456326601.0,cbb111f4,0.989
1456326601.0,cead4e62,0.959
1456326601.0,3c9e1eb4,0.919
1456326601.0,3dbe97df,0.959
1456326601.0,a9b672c3,0.939
1456326601.0,adf7bc54,0.939
1456326601.0,be8c65ec,0.959
1456326601.0,e5cb0020,0.939
1456326601.0,15e431dd,0.959
1456326601.0,b42f77df,0.939
1456326601.0,df34af64,0.929
1456326601.0,e1bc26f0,0.949
1456326601.0,71a6b9f3,0.939
1456326601.0,0a5953de,0.969
1456326601.0,f9ce73b2,0.969
1456326601.0,,0.969
1456326601.0,ffbeb4cc,1.039
1456326601.0,efb9c112,0.939
1456326601.0,1d0693d6,0.989
1456326601.0,24e3af46,0.979
1456326601.0,182d46ad,0.959
1456326601.0,e592b5d0,0.939
1456326601.0,2d75151c,0.979
1456326601.0,0e8c472c,1.009
1456326601.0,11fbd55b,0.919
1456326601.0,703cb794,0.949
1456326601.0,09798ba9,0.929
1456326601.0,64da7e72,0.989
1456326601.0,7a760845,0.939
1456326601.0,27f88bd4,0.939
1456326601.0,f1806c17,0.979
1456326601.0,192552f2,0.959
1456326601.0,82198727,0.949
1456326601.0,e946aba1,0.939
1456326601.0,da00f579,0.939
1456326601.0,8e390e63,0.959
1456326601.0,da9f2014,0.959
1456326601.0,44479fee,0.969
1456326601.0,a57535f1,0.979
1456326601.0,d9de1c75,0.969
1456326601.0,9e5f97a3,0.959
1456326601.0,97c3c089,0.929
1456326601.0,287b8e5b,0.959
1456326601.0,11c55079,0.939
1456326601.0,aaf971e5,0.949
1456326601.0,f735a69d,0.949
1456326601.0,6819963e,0.929
1456326601.0,3985622e,0.939
1456326601.0,f8c4c5f6,0.939
1456326601.0,8ab710a0,0.919
1456326601.0,65b329e2,0.979
1456326601.0,62b199da,0.999
1456326601.0,61d59ee9,0.969
1456326601.0,1660ed2f,0.979
1456326601.0,3615bb32,0.989
1456326601.0,3b988b25,0.909
1456326601.0,31923c9d,0.949
1456326601.0,d3d96d55,0.939
1456326601.0,2f3717cf,0.949
1456326601.0,aecec7b2,0.969
1456326601.0,ff5d1617,0.939
1456326601.0,caa1b5e1,0.959
1456326601.0,e7ec8759,0.939
1456326601.0,7eed54a8,0.959
1456326601.0,3a3fcab7,0.919
1456326601.0,de66ae92,0.929
1456326601.0,3d026101,0.929
1456326601.0,99bcd97c,0.919
1456326601.0,91a5c341,0.959
1456326601.0,d9adfaac,0.919
1456326601.0,c08c0585,0.969
1456326601.0,6a4ad02d,0.969
1456326601.0,25e13742,0.939
1456326601.0,d560f27c,0.979
1456326601.0,1674b9be,0.949
1456326601.0,5f32b37f,0.959
1456326601.0,57610ffb,0.959
1456326601.0,4f3f8f5e,0.969
1456326601.0,fe4f9d49,0.959
1456326601.0,b67ae9fe,0.949
1456326601.0,e2914261,0.959
1456326601.0,5486cb1a,0.959
1456326601.0,e335e0bc,0.979
1456326601.0,db856260,0.959
1456326601.0,a1403540,0.949
1456326601.0,fb417046,0.989
1456326601.0,7fd3e47e,0.959
1456326601.0,,0.959
1456326601.0,d2e86e86,0.999
1456326601.0,344ab5b8,0.959
1456326601.0,3d340b37,0.959
1456326601.0,5e0befb2,0.929
1456326601.0,49d8f4c8,0.959
1456326601.0,a7c128b6,0.989
1456326601.0,0b2dae68,0.919
1456326601.0,14296800,0.939
1456326601.0,4432f96b,0.969
1456326601.0,c7b90ec6,0.989
1456326601.0,bcce0991,0.949
1456326601.0,6af75028,1.029
1456326601.0,69ce0c69,0.959
1456326601.0,100339eb,0.929
1456326601.0,028572b1,0.929
1456326601.0,f2458f35,0.969
1456326601.0,c9e76d96,0.929
1456326601.0,90bdfe5b,0.939
1456326601.0,,0.939
1456326601.0,6f27a50f,0.959
1456326601.0,7bc87ccf,0.949
1456326601.0,70e22a28,0.959
1456326601.0,dbb88534,0.949
1456326601.0,2606727d,0.939
1456326601.0,4f60f2d3,0.939
1456326601.0,c95ebb24,0.939
1456326601.0,ccd1f9f2,0.949
1456326601.0,46da1895,0.949
1456326601.0,1c551e1f,0.939
1456326601.0,af82f4c3,0.929
1456326601.0,2ead543c,0.999
1456326601.0,a1605c07,0.939
1456326601.0,4a2d620a,0.949
1456326601.0,,0.949
1456326601.0,1beaf01f,0.969
1456326601.0,eee56c4d,0.949
1456326601.0,49a6b4d3,0.949
1456326601.0,ca8919db,0.939
1456326601.0,5e3d40d3,0.949
1456326601.0,bf276ef6,0.949
1456326601.0,1037129e,0.954
1456326601.0,34df7d57,0.989
1456326601.0,e57be742,0.949
1456326601.0,f7f61bfc,0.929
1456326601.0,18547ba1,0.969
1456326601.0,eb3b36ff,0.959
1456326601.0,a1df5d1b,0.969
1456326601.0,d56999f7,0.989
1456326601.0,60ad081f,0.969
1456326601.0,15b8b7e7,0.939
1456326601.0,c1d4eea2,0.979
1456326601.0,b518e445,0.959
1456326601.0,02d133f6,0.969
1456326601.0,477e21c8,0.969
1456326601.0,7ddbfdc8,0.939
1456326601.0,d247620c,0.939
1456326601.0,a5e1310f,0.959
1456326601.0,86f2d661,0.979
1456326601.0,b2a4889d,0.949
1456326601.0,7b13a550,0.969
1456326601.0,6321db63,0.929
1456326601.0,9eb48657,0.979
1456326601.0,63904947,0.949
1456326601.0,10c41b90,0.969
1456326601.0,850f168b,0.969
1456326601.0,7ab85794,0.969
1456326601.0,1b33191e,0.949
1456326601.0,83be7215,0.969
1456326601.0,26a6aed5,0.939
1456326601.0,4a451b1d,0.979
1456326601.0,5982a304,0.959
1456326601.0,9fde81ae,0.989
1456326601.0,4347f862,0.919
1456326601.0,94fba20b,0.989
1456326601.0,70d7dc75,1.019
1456326601.0,4a9b4bb1,0.969
1456326601.0,8d3023de,0.969
1456326601.0,d4f50f76,0.979
1456326601.0,b38002eb,0.919
1456326601.0,bc342274,0.949
1456326601.0,ce0bd00f,0.949
1456326601.0,7141f533,0.969
1456326601.0,b685aa76,0.939
1456326601.0,9517b906,0.919
1456326601.0,186a2106,0.949
1456326601.0,86fe7e76,0.949
1456326601.0,8fce9aca,0.959
1456326601.0,0acb65ea,0.959
1456326601.0,04a6f941,0.979
1456326601.0,5be837d4,0.959
1456326601.0,9f0d800f,0.959
1456326601.0,ba78050b,0.949
1456326601.0,42d0c2aa,0.949
1456326601.0,9ca722d6,0.939
1456326601.0,7f03066f,0.939
1456326601.0,1708f0d6,0.929
1456326601.0,b7b6386b,0.949
1456326601.0,5ff01128,0.939
1456326601.0,2b57a135,0.929
1456326601.0,98b996d3,0.949
1456326601.0,7e9106b6,0.959
1456326601.0,29fe4cae,0.969
1456326601.0,437a065e,0.949
1456326601.0,b6a10cdf,0.929
1456326601.0,fe69cf27,0.959
1456326601.0,a2367d31,0.929
1456326601.0,8e7cb537,0.989
1456326601.0,9f57c2e7,0.949
1456326601.0,55fc2c6d,0.939
1456326601.0,42c34934,0.969
1456326601.0,6162ba82,0.949
1456326601.0,9598f3ac,0.939
1456326601.0,346a1694,0.979
1456326601.0,287fc858,0.949
1456326601.0,8e8fcbca,0.959
1456326601.0,0f245a0f,0.969
1456326601.0,27544315,0.949
1456326601.0,90a21c47,0.969
1456326601.0,81f96eef,0.959
1456326601.0,5cb6e8a5,0.959
1456326601.0,dfed207f,0.969
1456326601.0,5abc5719,0.949
1456326601.0,7150ecaf,0.929
1456326601.0,12d2f4a6,0.939
1456326601.0,754da3ab,0.989
1456326601.0,f56cecf3,0.969
1456326601.0,3b675bd6,1.049
1456326601.0,ed5cd338,0.909
1456326601.0,147f3142,0.959
1456326601.0,6465956f,0.899
1456326601.0,c6a1b911,0.944
1456326601.0,a374c73d,0.999
1456326601.0,99d25d8f,0.929
1456326601.0,b90dd2fb,0.939
1456326601.0,df7ac2b6,1.029
1456326601.0,47c5f8f7,0.949
1456326601.0,99409692,0.919
1456326601.0,925e5435,0.949
1456326601.0,efb71c12,0.999
1456326601.0,8ea85961,0.959
1456326601.0,7e6785e2,0.989
1456326601.0,856e9b60,1.039
1456326601.0,a32bd6b9,0.899
1456326601.0,36f30de6,0.939
1456326601.0,79b3e9cf,0.929
1456326601.0,67af76e1,0.959
1456326601.0,e2800d44,0.939
1456326601.0,523156b3,0.939
1456326601.0,ceda1d43,0.949
1456326601.0,f8080a8e,0.949
1456326601.0,8536a14e,0.939
1456326601.0,7cce432f,0.949
1456326601.0,ee2e8a1d,0.939
1456326601.0,9efa2ed6,0.949
1456326601.0,d14859a1,0.999
1456326601.0,1ff0ade7,0.958
1456326601.0,7029afbd,0.939
1456326601.0,4d5c23ec,0.969
1456326601.0,83f13659,1.029
1456326601.0,1929bb2b,0.949
1456326601.0,27ad4edd,0.989
1456326601.0,beaffffe,0.999
1456326601.0,064f5bd1,0.939
1456326601.0,04bc5ae6,0.959
1456326601.0,30389cde,0.929
1456326601.0,8c2198f0,0.969
1456326601.0,6cf9c77a,0.939
1456326601.0,15a546f5,0.949
1456326601.0,dc07718c,0.949
1456326601.0,539e7513,0.929
1456326601.0,e767706d,0.939
1456326601.0,ac8fbe39,0.949
1456326601.0,dedc2342,0.909
1456326601.0,f01bd5b6,0.949
1456326601.0,d3549133,0.939
1456326601.0,be99051f,0.999
1456326601.0,aa2018b8,0.949
1456326601.0,8447198d,0.939
1456326601.0,4a9b9c71,0.969
1456326601.0,81adfc57,0.939
1456326601.0,cb987f86,0.949
1456326601.0,16e01aa0,0.999
1456326601.0,5192889f,0.969
1456326601.0,69137adc,0.949
1456326601.0,d1832039,0.939
1456326601.0,5ba385a2,1.029
1456326601.0,6ff38393,0.989
1456326601.0,19e1cad6,0.979
1456326601.0,857545c7,0.989
1456326601.0,cd84a2a9,0.949
1456326601.0,2358eb9a,0.939
1456326601.0,b6458958,0.939
1456326601.0,cd6facd7,0.929
1456326601.0,f09abf51,0.979
1456326601.0,6d257c8c,0.949
1456326601.0,73d6d267,0.949
1456326601.0,8f767099,0.949
1456326601.0,3c0f4b64,0.929
1456326601.0,4612acab,0.939
1456326601.0,ed61f658,0.929
1456326601.0,73b03911,0.979
1456326601.0,dddc0e70,0.929
1456326601.0,952e8670,0.949
1456326601.0,c5df532c,0.959
1456326601.0,2ee8e08d,0.929
1456326601.0,c3d72a2f,0.989
1456326601.0,6a9cf044,0.989
1456326601.0,69fc95ea,0.959
1456326601.0,dc944647,0.919
1456326601.0,471da9da,0.949
1456326601.0,c53c6b6d,0.969
1456326601.0,305cecfe,0.969
1456326601.0,a167f6d7,0.949
1456326601.0,89ed2644,0.939
1456326601.0,677b8f35,0.919
1456326601.0,fc086bfa,0.969
1456326601.0,79f769b8,0.969
1456326601.0,47c753f1,0.969
1456326601.0,6c9830ee,0.949
1456326601.0,237e0152,0.959
1456326601.0,7797b09b,0.919
1456326601.0,73f7d503,0.929
1456326601.0,9862f34c,0.969
1456326601.0,d8bbe2c4,0.929
1456326601.0,68a6a16a,0.959
1456326601.0,c97f1f02,0.929
1456326601.0,8d7a014c,0.979
1456326601.0,6e0e837e,0.959
1456326601.0,57970dd5,0.969
1456326601.0,d8a16c26,0.929
1456326601.0,e544e8dc,0.999
1456326601.0,70692280,0.979
1456326601.0,524b14cc,0.949
1456326601.0,8e53fc38,0.979
1456326601.0,577ae214,0.939
1456326601.0,6bca438d,0.959
1456326601.0,f50a208b,0.939
1456326601.0,a40495d3,0.929
1456326601.0,b8ab8097,0.969
1456326601.0,303dd086,0.949
1456326601.0,3e71f6ea,0.939
1456326601.0,881b7fb8,0.959
1456326601.0,a3a8caec,0.969
1456326601.0,8236d188,0.959
1456326601.0,248918d0,0.959
1456326601.0,68bce29e,0.999
1456326601.0,488fcdf2,0.949
1456326601.0,6bd698e2,0.929
1456326601.0,def62512,0.989
1456326601.0,f3d8409b,0.989
1456326601.0,0664aa97,0.959
1456326601.0,0f96b386,0.969
1456326601.0,ddb4781d,0.939
1456326601.0,f625c166,0.939
1456326601.0,5d2ae7b8,0.939
1456326601.0,a6f98df6,0.939
1456326601.0,c26e2bbb,0.909
1456326601.0,58e56c66,0.919
1456326601.0,7ad9dcdf,0.969
1456326601.0,8f6f71cb,0.909
1456326841.0,8e2dbe8e,0.949
1456326841.0,0aeed7ce,0.939
1456326841.0,cdf9674a,0.919
1456326841.0,a83646b4,0.939
1456326841.0,17b8eb16,0.939
1456326841.0,25e49541,0.914
1456326841.0,c798622e,0.939
1456326841.0,59c2e6d6,0.919
1456326841.0,c391ee8f,0.939
1456326841.0,3f9ee0ff,0.939
1456326841.0,a49ea2ee,0.929
1456326841.0,4818c908,0.929
1456326841.0,9837b0a0,0.939
1456326841.0,90bfadfa,0.929
1456326841.0,1af22ca6,0.939
1456326841.0,ce58aeb7,0.929
1456326841.0,3a3a0afe,0.919
1456326841.0,1c8ada9b,0.939
1456326841.0,e6ea469e,0.939
1456326841.0,2295e162,0.899
1456326841.0,a278d48e,0.929
1456326841.0,210f8a85,0.929
1456326841.0,d8834ec2,0.969
1456326841.0,7006be5d,0.939
1456326841.0,2145d038,0.939
1456326841.0,6fa8087e,0.939
1456326841.0,5b75cc8d,0.919
1456326841.0,4423f9a9,0.919
1456326841.0,0f755a63,0.969
1456326841.0,55100d94,0.979
1456326841.0,c968d61e,0.919
1456326841.0,7cd1d3ec,0.969
1456326841.0,4ca12111,0.959
1456326841.0,8175f3cb,0.969
1456326841.0,e76cdeb7,0.939
1456326841.0,337b7102,0.969
1456326841.0,6f9fee8c,0.939
1456326841.0,c4f355fb,0.929
1456326841.0,24c10ff0,0.939
1456326841.0,8e2183f6,0.989
1456326841.0,c8fac997,0.919
1456326841.0,c6d2e518,0.939
1456326841.0,80e60cfc,0.949
1456326841.0,5f67b593,0.929
1456326841.0,5f7106c3,0.979
1456326841.0,db49e9d2,0.949
1456326841.0,8a33170f,0.979
1456326841.0,,0.959
1456326841.0,1d57ebaf,0.949
1456326841.0,e63a5c48,0.979
1456326841.0,6fb67f4c,0.919
1456326841.0,25f9d419,0.939
1456326841.0,20d94201,0.939
1456326841.0,ed770a27,0.959
1456326841.0,9d2b8c43,0.959
1456326841.0,957f9612,0.969
1456326841.0,24a41128,0.979
1456326841.0,1262b7a3,0.949
1456326841.0,017c730c,0.969
1456326841.0,acb93b88,0.979
1456326841.0,b7bc3e61,0.949
1456326841.0,4dd5805a,0.949
1456326841.0,7b125f4e,0.949
1456326841.0,ac4f6a54,0.909
1456326841.0,d4c5b88e,0.939
1456326841.0,797e753d,0.989
1456326841.0,5ecab051,0.989
1456326841.0,d4770cdf,0.969
1456326841.0,112e83a5,0.949
1456326841.0,b2c67780,0.989
1456326841.0,2aaf451f,0.919
1456326841.0,,0.979
1456326841.0,cfc34477,0.959
1456326841.0,ae7b124a,0.939
1456326841.0,f6703dce,0.929
1456326841.0,eac0620e,0.969
1456326841.0,d52f4585,0.959
1456326841.0,a66ed93a,0.959
1456326841.0,76b80c65,0.949
1456326841.0,26db277e,0.959
1456326841.0,7b635a74,0.939
1456326841.0,69c4db90,0.949
1456326841.0,7af1a190,0.979
1456326841.0,9ba54253,0.939
1456326841.0,4a523aab,0.979
1456326841.0,d489f647,0.969
1456326841.0,f0d6aa58,0.939
1456326841.0,77aab11d,0.939
1456326841.0,9a249d55,0.959
1456326841.0,8bb9b028,0.929
1456326841.0,1beae976,0.959
1456326841.0,f27854f0,0.929
1456326841.0,9cad2f94,0.949
1456326841.0,,0.939
1456326841.0,cf6cd137,0.989
1456326841.0,e2266b20,0.979
1456326841.0,f6746552,0.959
1456326841.0,4b634f44,0.959
1456326841.0,603c4e8c,0.959
1456326841.0,bdb44643,0.939
1456326841.0,19413372,0.979
1456326841.0,f3608951,0.949
1456326841.0,a08b0e98,0.949
1456326841.0,e1d95425,1.029
1456326841.0,b46b0917,0.949
1456326841.0,2258db93,0.949
1456326841.0,ddd25787,0.969
1456326841.0,9e099f07,0.989
1456326841.0,dd08505c,0.969
1456326841.0,2fe20e60,0.939
1456326841.0,0c5920e5,0.919
1456326841.0,d500f94f,0.989
1456326841.0,e73846ae,0.944
1456326841.0,85e51241,0.959
1456326841.0,ae815f98,0.929
1456326841.0,21c418e3,0.919
1456326841.0,05976f26,0.929
1456326841.0,982ef9d8,0.929
1456326841.0,bb2d140b,0.979
1456326841.0,27e6396b,0.934
1456326841.0,41266bc4,0.949
1456326841.0,eda96774,0.949
1456326841.0,629268ea,0.949
1456326841.0,9d26d3dd,0.979
1456326841.0,2bb55c91,0.969
1456326841.0,af622e10,0.959
1456326841.0,b3e6c96a,0.919
1456326841.0,ab133851,0.959
1456326841.0,,0.959
1456326841.0,0f2f9c5f,0.969
1456326841.0,68a4ad40,0.959
1456326841.0,5110d453,0.979
1456326841.0,31e85a65,0.949
1456326841.0,45427090,0.979
1456326841.0,04ba07e6,0.949
1456326841.0,4a647add,0.954
1456326841.0,7cf49500,0.939
1456326841.0,861dd273,0.909
1456326841.0,3e68f1c7,0.959
1456326841.0,f38a8e26,0.979
1456326841.0,9b71f290,0.929
1456326841.0,615801d6,0.959
1456326841.0,d0e7222d,0.999
1456326841.0,92e92fe0,0.919
1456326841.0,506ed98f,0.919
1456326841.0,a676af82,0.959
1456326841.0,1cb7429a,0.949
1456326841.0,204c6f01,0.989
1456326841.0,9b047271,0.979
1456326841.0,149d33f0,0.929
1456326841.0,1b9ef516,0.959
1456326841.0,8c94be49,0.939
1456326841.0,9d2aa0e1,0.969
1456326841.0,d7d438ac,0.989
1456326841.0,e1bc26f0,0.949
1456326841.0,,0.959
1456326841.0,502b4b71,0.969
1456326841.0,5b46611d,0.959
1456326841.0,d9d4a6fe,0.929
1456326841.0,9b1f0c3c,0.979
1456326841.0,959e5dd8,0.949
1456326841.0,fd92c61e,0.959
1456326841.0,f8ebbae1,0.959
1456326841.0,227099c3,0.989
1456326841.0,c69497b1,0.939
1456326841.0,131436f2,0.939
1456326841.0,703cb794,0.939
1456326841.0,c680f14f,0.959
1456326841.0,df264ce2,0.989
1456326841.0,3fcbe3b5,0.979
1456326841.0,c9d1727e,0.949
1456326841.0,83cc51b1,0.949
1456326841.0,6866a590,0.919
1456326841.0,2febafeb,0.969
1456326841.0,,0.959
1456326841.0,9dca124a,0.919
1456326841.0,efc3cb20,0.949
1456326841.0,9ae06205,0.949
1456326841.0,a8918363,0.959
1456326841.0,19584345,0.999
1456326841.0,58419a90,0.939
1456326841.0,af7120b0,1.029
1456326841.0,62f9d469,0.929
1456326841.0,4be768df,0.949
1456326841.0,6ba4e2d1,0.949
1456326841.0,,0.939
1456326841.0,e487e118,0.959
1456326841.0,0d5b98eb,0.959
1456326841.0,83c03208,0.939
1456326841.0,1445b4c6,0.969
1456326841.0,60a39e86,0.969
1456326841.0,de1eff76,0.949
1456326841.0,b84fb396,0.969
1456326841.0,776ee4f1,0.949
1456326841.0,759c0ad5,0.929
1456326841.0,7b943951,0.969
1456326841.0,,0.964
1456326841.0,70bc5eff,0.929
1456326841.0,4c906d12,0.959
1456326841.0,3273810e,0.969
1456326841.0,d887646b,0.939
1456326841.0,4e74bd65,0.979
1456326841.0,68487393,0.959
1456326841.0,6a4ad02d,0.959
1456326841.0,efe888a1,0.939
1456326841.0,aa9b2273,0.919
1456326841.0,dbad6afc,0.929
1456326841.0,6f11a226,0.949
1456326841.0,9672aa1d,0.949
1456326841.0,fe4f9d49,0.939
1456326841.0,bc45bc13,1.029
1456326841.0,d36f6c02,0.959
1456326841.0,d623182f,0.949
1456326841.0,8b9c037d,0.929
1456326841.0,a06397bf,0.969
1456326841.0,867ec7f3,0.949
1456326841.0,a6fdc066,0.939
1456326841.0,5991ce93,0.949
1456326841.0,302dd48b,0.959
1456326841.0,2276c640,0.909
1456326841.0,8aa5540e,1.019
1456326841.0,1c79df7a,0.929
1456326841.0,b061fef9,0.919
1456326841.0,5ba0908f,0.959
1456326841.0,c72ef065,0.979
1456326841.0,5325ade4,0.959
1456326841.0,d443343e,0.969
1456326841.0,e0d2c90f,0.949
1456326841.0,3082ffa7,0.999
1456326841.0,6dda6f67,0.959
1456326841.0,1098a163,0.949
1456326841.0,210ec430,0.949
1456326841.0,af12e3b6,0.979
1456326841.0,95a26ce2,0.909
1456326841.0,02f7b616,0.959
1456326841.0,e87a6fdb,0.959
1456326841.0,800e66db,0.939
1456326841.0,2b8a1d9c,0.939
1456326841.0,acca0be9,0.949
1456326841.0,6cf550c8,0.979
1456326841.0,c9e05214,0.969
1456326841.0,0aad0d01,0.959
1456326841.0,34f054d7,0.969
1456326841.0,2f32ed4f,0.969
1456326841.0,,0.939
1456326841.0,3de5ce2e,0.939
1456326841.0,e76cb56f,0.959
1456326841.0,6d8d97a4,0.939
1456326841.0,41d483a2,0.959
1456326841.0,dca18dd2,0.989
1456326841.0,972f9ee7,0.979
1456326841.0,6719ddbc,0.959
1456326841.0,af07b81f,0.949
1456326841.0,,0.939
1456326841.0,04524480,0.939
1456326841.0,d0e41b74,0.969
1456326841.0,f1f7bee8,0.949
1456326841.0,256da341,0.939
1456326841.0,e8ebd286,0.949
1456326841.0,d3db6e64,0.979
1456326841.0,4369b2a7,0.949
1456326841.0,08f23eff,0.939
1456326841.0,926a9855,0.939
1456326841.0,c2aa03cb,0.959
1456326841.0,48b393b2,0.949
1456326841.0,459ffb84,0.959
1456326841.0,2a45cfbb,0.949
1456326841.0,8d2a1873,0.989
1456326841.0,001234ac,0.989
1456326841.0,02da420f,0.969
1456326841.0,020c53c2,0.949
1456326841.0,,0.989
1456326841.0,4d90c00c,0.949
1456326841.0,1623a484,0.989
1456326841.0,8f0c450a,0.939
1456326841.0,01f93c7c,0.979
1456326841.0,72c6e33b,0.939
1456326841.0,60ccb68d,0.969
1456326841.0,626cfc2a,0.949
1456326841.0,802f8091,0.959
1456326841.0,fe454b1d,0.939
1456326841.0,79eb6d1c,0.949
1456326841.0,7af9d9ad,1.009
1456326841.0,77c875bb,0.969
1456326841.0,e837786a,0.969
1456326841.0,5e11d4e5,0.949
1456326841.0,4a1fb5a4,0.989
1456326841.0,0dd22df0,0.939
1456326841.0,e1aebaad,0.919
1456326841.0,07d1cb29,0.929
1456326841.0,930b627b,0.939
1456326841.0,e3e4bea8,0.939
1456326841.0,4b71d2b1,0.969
1456326841.0,c33ca0b5,0.949
1456326841.0,e8509e54,0.0
1456326841.0,bef35d30,0.929
1456326841.0,b026b716,0.949
1456326841.0,85a2d988,0.929
1456326841.0,01b60b00,0.989
1456326841.0,3b980bc9,0.979
1456326841.0,f960ce49,0.959
1456326841.0,1b4a9928,0.949
1456326841.0,ff58f7ef,0.949
1456326841.0,4d0a22fb,0.939
1456326841.0,bc75cb58,0.969
1456326841.0,4bdede16,0.949
1456326841.0,181dcd43,0.989
1456326841.0,a472716e,0.989
1456326841.0,8b68e5d5,0.969
1456326841.0,21fb52c4,0.969
1456326841.0,5c566b33,0.889
1456326841.0,abb38991,1.029
1456326841.0,7b8d5b92,0.949
1456326841.0,496a23e0,0.969
1456326841.0,cf451fce,0.949
1456326841.0,1e3f04ab,0.969
1456326841.0,ed93716a,0.969
1456326841.0,d319e0cd,0.989
1456326841.0,69e52004,0.969
1456326841.0,9f816ba2,0.959
1456326841.0,ab4da979,0.959
1456326841.0,1ee9a733,0.959
1456326841.0,0cd37e1e,0.929
1456326841.0,356dc7aa,0.979
1456326841.0,98c5755b,0.949
1456326841.0,286eacff,0.959
1456326841.0,6d20a7b6,0.959
1456326841.0,5fd232c2,0.929
1456326841.0,7549bbf6,0.959
1456326841.0,1f52483c,0.959
1456326841.0,23542a3f,0.959
1456326841.0,cb8edd06,0.939
1456326841.0,f14d7030,0.919
1456326841.0,59cec01d,0.929
1456326841.0,324dc3f8,0.939
1456326841.0,a4c2cb8d,0.959
1456326841.0,4f9d836e,0.959
1456326841.0,e57ad6a0,0.949
1456326841.0,858fd8de,0.929
1456326841.0,d1b05fbc,0.969
1456326841.0,9f51dbf4,0.929
1456326841.0,e3669521,0.979
1456326841.0,840368fb,0.959
1456326841.0,bc0ec46f,0.949
1456326841.0,c6cbdee5,0.999
1456326841.0,a182ab0c,0.959
1456326841.0,84a3b636,0.959
1456326841.0,c126260f,0.979
1456326841.0,0eef2037,0.959
1456326841.0,d1ac10cc,0.939
1456326841.0,8acfd379,0.979
1456326841.0,ba78050b,0.949
1456326841.0,6de5506e,0.939
1456326841.0,076cbc57,0.929
1456326841.0,29e79793,0.929
1456326841.0,c2d485ca,0.919
1456326841.0,538bd786,0.899
1456326841.0,a9fbf376,1.019
1456326841.0,7c5bbb7e,0.979
1456326841.0,35ef9d63,0.949
1456326841.0,2540db20,0.999
1456326841.0,aadb880b,0.949
1456326841.0,378a8437,0.949
1456326841.0,662ae541,0.949
1456326841.0,4f913836,0.949
1456326841.0,13037d15,0.949
1456326841.0,c55ed271,0.959
1456326841.0,5f650df4,0.949
1456326841.0,4aa96079,0.959
1456326841.0,54b31cf8,0.939
1456326841.0,39195ba2,0.959
1456326841.0,,0.959
1456326841.0,30a3ca97,0.959
1456326841.0,de257006,0.959
1456326841.0,92d39932,0.969
1456326841.0,ba97bb47,0.969
1456326841.0,1b136bef,0.969
1456326841.0,9cc7617e,0.939
1456326841.0,8c81c551,0.959
1456326841.0,5083e533,0.949
1456326841.0,3f788efe,0.939
1456326841.0,ca9bd89a,0.939
1456326841.0,1cc4daa8,0.979
1456326841.0,b1450a7d,0.939
1456326841.0,8c1e3878,0.949
1456326841.0,8167fa85,0.939
1456326841.0,7d76b1c0,0.949
1456326841.0,96d95521,0.969
1456326841.0,d291a6c0,0.979
1456326841.0,ff49e52d,0.939
1456326841.0,dd41b331,0.939
1456326841.0,1fa4b26a,0.959
1456326841.0,6465956f,0.899
1456326841.0,1acb5863,0.959
1456326841.0,56be011a,0.949
1456326841.0,844296bd,0.959
1456326841.0,c2039560,0.949
1456326841.0,b8088ed5,0.979
1456326841.0,7f7b1e43,0.959
1456326841.0,d565fdf7,0.949
1456326841.0,0e995a71,0.929
1456326841.0,ff71148f,0.959
1456326841.0,ce2ccf2c,0.949
1456326841.0,882076f4,1.009
1456326841.0,ea00d8f0,0.949
1456326841.0,4a590311,0.959
1456326841.0,768030e0,0.918
1456326841.0,9b1003bd,0.919
1456326841.0,4db7ed00,0.949
1456326841.0,aeec46d3,0.989
1456326841.0,,0.949
1456326841.0,38a3a737,0.919
1456326841.0,22fb0e90,0.969
1456326841.0,50b6cf61,0.939
1456326841.0,2b4f9432,0.939
1456326841.0,8b4986e3,0.909
1456326841.0,e2800d44,0.939
1456326841.0,004c0eac,0.979
1456326841.0,ae3c2fda,0.959
1456326841.0,8c225212,0.989
1456326841.0,392b75a8,0.949
1456326841.0,e183f4cf,0.949
1456326841.0,3bed1f31,0.979
1456326841.0,b44f61b0,0.929
1456326841.0,7cce432f,0.949
1456326841.0,80d7d85e,0.959
1456326841.0,48038048,0.949
1456326841.0,e9ff4fd7,0.929
1456326841.0,1cb6dd4e,0.969
1456326841.0,d375e9a2,0.989
1456326841.0,a870af34,1.039
1456326841.0,df5c751f,0.939
1456326841.0,dcd3f71a,0.939
1456326841.0,eb9dfa86,0.939
1456326841.0,250c9baa,0.939
1456326841.0,a48343d6,0.949
1456326841.0,ab141bc6,1.039
1456326841.0,3e198165,0.949
1456326841.0,c09f1e3e,0.969
1456326841.0,3a46b0a0,0.969
1456326841.0,ae9a3b9d,0.949
1456326841.0,adf9dd3f,0.959
1456326841.0,10ae4031,1.039
1456326841.0,025d70e0,0.959
1456326841.0,e6c2b040,0.959
1456326841.0,11eac3c2,0.939
1456326841.0,909c21e3,0.959
1456326841.0,4e45a2b8,1.039
1456326841.0,3a7aff39,0.959
1456326841.0,62f495a7,0.919
1456326841.0,aa50fdab,0.959
1456326841.0,078685c9,0.959
1456326841.0,33caf979,0.949
1456326841.0,ccd903a8,0.939
1456326841.0,6c663a7b,1.019
1456326841.0,207db76e,0.959
1456326841.0,94c17036,0.969
1456326841.0,5eddffaf,0.949
1456326841.0,4646068e,0.959
1456326841.0,568d33c2,0.969
1456326841.0,18bd42e9,0.989
1456326841.0,e8a25ade,0.989
1456326841.0,3e574cd0,0.959
1456326841.0,72e91f24,0.929
1456326841.0,85a8d903,0.919
1456326841.0,388c693e,0.979
1456326841.0,dacc3a3f,0.939
1456326841.0,78daa5b5,0.939
1456326841.0,9e78816a,0.969
1456326841.0,1443c8f6,0.969
1456326841.0,e00ca8bb,0.949
1456326841.0,0e948ec0,0.959
1456326841.0,7a475c04,1.039
1456326841.0,fac5bd9e,0.929
1456326841.0,5321252a,0.959
1456326841.0,8d39e4b4,0.939
1456326841.0,849ac669,0.989
1456326841.0,017f1d73,0.949
1456326841.0,,0.949
1456326841.0,1e7aac59,0.959
1456326841.0,636ce33d,0.939
1456326841.0,e26d9873,0.949
1456326841.0,481c090b,0.959
1456326841.0,9425b86b,0.969
1456326841.0,441c3937,0.959
1456326841.0,abf09942,1.129
1456326841.0,476697da,0.949
1456326841.0,26d49c51,0.939
1456326841.0,,0.939
1456326841.0,7d9700c4,0.939
1456326841.0,ea255676,0.969
1456326841.0,0434e895,0.959
1456326841.0,386796b0,0.949
1456326841.0,f14d6045,0.989
1456326841.0,304a6497,0.949
1456326841.0,2cf8ea35,0.919
1456326841.0,4768200e,0.969
1456326841.0,298a8af2,0.949
1456326841.0,c93210c8,0.959
1456326841.0,9ac881d5,0.939
1456326841.0,33fa60b9,0.979
1456326841.0,ecf2754f,0.949
1456326841.0,0f7beaca,0.969
1456326841.0,,0.939
1456326841.0,3a0a2d0d,0.949
1456326841.0,6df8769f,0.979
1456326841.0,df7edd4e,0.969
1456326841.0,fdd8eb18,0.929
1456326841.0,14b80428,0.969
1456326841.0,136c3dcd,0.949
1456326841.0,5073c682,0.949
1456326841.0,,0.969
1456326841.0,7c245713,0.939
1456326841.0,18db456a,0.979
1456326841.0,069afd75,0.949
1456326841.0,aed2f04c,0.989
1456326841.0,32a9a0e5,0.939
1456326841.0,6fefe9a7,0.989
1456326841.0,cc232225,0.929
1456326841.0,91823808,0.939
1456326841.0,925baf40,0.939
1456326841.0,a07f50c4,0.939
1456326841.0,078f0784,0.919
1456326841.0,abc596af,0.939
1456326841.0,adc8589f,0.939
1456326841.0,ebca1266,0.959
1456326841.0,67ceb000,0.969
1456326841.0,c674dd96,0.939
1456326841.0,3f433cee,0.939
1456326841.0,16fa63dc,0.939
1456326841.0,471d5cec,0.939
1456326841.0,09391e15,0.909
1456326841.0,1f311bb3,0.919
1456326841.0,69a09fed,0.939
1456326841.0,128ef159,0.939
1456326841.0,3728281b,0.929
1456326841.0,006407b4,0.919
1456326841.0,a167f6d7,0.949
1456326841.0,1cedaf70,0.929
1456326841.0,09d54524,0.939
1456326841.0,decd254e,0.969
1456326841.0,186f9d64,0.919
1456326841.0,217404b2,0.929
1456326841.0,2ab0fae2,0.959
1456326841.0,e8775be0,0.939
1456326841.0,e2064e64,0.969
1456326841.0,94ce365f,0.949
1456326841.0,5a80a293,0.949
1456326841.0,d74906d1,0.989
1456326841.0,c7cf7e3e,0.979
1456326841.0,009194ff,0.959
1456326841.0,2a2b022b,0.989
1456326841.0,6c3352c9,0.969
1456326841.0,36ba87a1,0.939
1456326841.0,80148308,0.969
1456326841.0,6e9357c6,0.979
1456326841.0,776d441b,0.979
1456326841.0,dcde1f7c,0.939
1456326841.0,d6c505e9,0.959
1456326841.0,5c197824,0.949
1456326841.0,57ef5f09,0.909
1456326841.0,82812943,0.939
1456326841.0,ecaf9af2,0.949
1456326841.0,331cb87c,0.939
1456326841.0,2cbca1fc,0.949
1456326841.0,f185e887,0.969
1456326841.0,974e4706,0.919
1456326841.0,63a3fa08,0.939
1456326841.0,4ec9ba2c,0.939
1456326841.0,8289e2d3,0.969
1456326841.0,40b7c070,0.899
1456326841.0,b6167e3e,0.969
1456326841.0,c1b38961,0.939
1456326841.0,503c695b,0.919
1456326841.0,c1c6485d,0.939
1456326841.0,b5741ecf,0.969
1456326841.0,a388f36b,0.939
1456326841.0,3c0b225f,0.959
1456326841.0,2b9cc40e,0.959
1456326841.0,6655797e,0.939
1456326841.0,747529c4,0.919
1456326841.0,04ea2134,0.929
1456326841.0,08aa7fc0,0.939
1456326841.0,5f1e3ccf,0.969
1456326841.0,801fe77a,0.939
1456326841.0,7fc72456,0.959
1456326841.0,59e2c5e0,1.019
1456326841.0,7cf2b30a,0.989
1456326841.0,b927af62,0.949
1456326841.0,57e77986,0.919
1456326841.0,4ddf478c,0.959
1456326841.0,4f807f9a,0.969
1456326841.0,69055d76,0.949
1456326841.0,8fbe5276,0.949
1456326841.0,bcdeefc3,0.959
1456326841.0,ed1587ed,0.939
1456326841.0,87767ef4,0.969
1456326841.0,28b3e0b6,0.959
1456326841.0,08f59b41,0.939
1456326841.0,7680fb35,0.939
1456326841.0,85711ea4,0.999
1456326841.0,db096089,0.929
1456326841.0,14efadf9,0.959
1456326841.0,0b152e4a,0.979
1456326841.0,2052e025,0.939
1456327081.0,7d485af0,0.949
1456327081.0,715587a7,0.939
1456327081.0,6b5f9b32,0.959
1456327081.0,dc82bdd6,0.959
1456327081.0,b81b8885,0.929
1456327081.0,9ee6c90b,0.949
1456327081.0,4818c908,0.919
1456327081.0,92512d7c,0.959
1456327081.0,6672f80b,0.979
1456327081.0,75b9849f,0.939
1456327081.0,1c8ada9b,0.939
1456327081.0,7f555c9e,0.939
1456327081.0,09da3c04,0.919
1456327081.0,1b369933,0.949
1456327081.0,134cefdf,0.919
1456327081.0,9d6f620d,0.929
1456327081.0,6894d9e7,0.929
1456327081.0,d0f5a113,0.989
1456327081.0,885b2e54,1.009
1456327081.0,4e54ae8f,0.959
1456327081.0,e0ca8158,0.949
1456327081.0,99d46a35,0.939
1456327081.0,1be36265,0.939
1456327081.0,44ca04a3,0.989
1456327081.0,98d8519a,0.939
1456327081.0,7592b37a,0.959
1456327081.0,1489c235,1.019
1456327081.0,630f5fa3,0.939
1456327081.0,b7218e20,0.969
1456327081.0,fbbb030d,0.959
1456327081.0,255a4603,0.949
1456327081.0,9204320b,0.939
1456327081.0,cfe72b95,0.969
1456327081.0,b9cf4218,0.949
1456327081.0,d9de1886,0.939
1456327081.0,265fe188,0.979
1456327081.0,1de97778,0.939
1456327081.0,786f2950,1.129
1456327081.0,cfab0b9f,0.949
1456327081.0,,0.959
1456327081.0,e790ca88,0.939
1456327081.0,493bde6c,0.959
1456327081.0,44e801f0,0.929
1456327081.0,b18ffb73,0.939
1456327081.0,f10a7896,0.949
1456327081.0,3959f076,0.929
1456327081.0,602cea26,0.969
1456327081.0,da5389d9,0.959
1456327081.0,7e3ce0ca,0.959
1456327081.0,7d020a61,0.949
1456327081.0,3d817cf9,0.969
1456327081.0,fbd5f329,0.949
1456327081.0,d3b57fc9,0.939
1456327081.0,36a9895c,0.939
1456327081.0,5355dd4f,0.939
1456327081.0,dd62114c,0.979
1456327081.0,6229a06b,0.959
1456327081.0,c875251d,0.969
1456327081.0,60cf6168,0.989
1456327081.0,a470edc3,0.939
1456327081.0,f0dcfc81,0.949
1456327081.0,faddd104,0.949
1456327081.0,919c9f89,0.959
1456327081.0,ad7b7c05,0.939
1456327081.0,fa12ad0f,0.929
1456327081.0,c3a864db,1.029
1456327081.0,e43cd622,0.959
1456327081.0,,0.949
1456327081.0,e827975b,0.939
1456327081.0,0618ae27,0.959
1456327081.0,b7502504,0.929
1456327081.0,5b7092cb,0.969
1456327081.0,cb61d796,0.949
1456327081.0,5ff2bd7f,0.929
1456327081.0,ce5f4f85,0.959
1456327081.0,3aba7e15,0.959
1456327081.0,30e25cec,0.939
1456327081.0,91925b72,0.959
1456327081.0,7e69e0ea,0.979
1456327081.0,354f6a44,0.969
1456327081.0,0c091e76,0.939
1456327081.0,412f8103,0.999
1456327081.0,6065d7c5,0.949
1456327081.0,708936ad,0.919
1456327081.0,d4857812,0.959
1456327081.0,9c044e4f,0.969
1456327081.0,67d125a6,0.934
1456327081.0,8f3896e1,0.959
1456327081.0,49467b62,0.979
1456327081.0,,0.979
1456327081.0,43b50967,0.949
1456327081.0,8eafa47a,0.929
1456327081.0,fdce782f,0.959
1456327081.0,adb0e3b5,0.939
1456327081.0,ec4683cf,0.929
1456327081.0,20330ee3,0.939
1456327081.0,dda7560a,0.969
1456327081.0,ef6ce8ef,0.919
1456327081.0,5056106a,0.939
1456327081.0,28bd26e0,0.959
1456327081.0,63b1377c,0.959
1456327081.0,5e363c03,0.939
1456327081.0,b948058a,0.919
1456327081.0,386d835f,0.979
1456327081.0,26faab3e,0.999
1456327081.0,cf68ef20,0.959
1456327081.0,e5b18dec,0.919
1456327081.0,398f397d,0.939
1456327081.0,f389a9e7,0.959
1456327081.0,5318f3a8,0.969
1456327081.0,12ad7001,0.969
1456327081.0,15e431dd,0.949
1456327081.0,bf87bcf0,0.969
1456327081.0,7f8ae480,1.009
1456327081.0,0d9f89b8,0.949
1456327081.0,2b0edf3c,1.009
1456327081.0,f897dc71,0.949
1456327081.0,4e41baa5,0.949
1456327081.0,4c9a5839,0.959
1456327081.0,3601c357,0.969
1456327081.0,a3e876da,0.949
1456327081.0,bd0953f8,0.969
1456327081.0,4359dc60,0.969
1456327081.0,d15d1648,0.979
1456327081.0,396b08fd,0.949
1456327081.0,9d244fa5,0.959
1456327081.0,74abc1c5,0.949
1456327081.0,d5e3ccf5,0.959
1456327081.0,c862713a,0.959
1456327081.0,2bd26467,0.929
1456327081.0,ba7651f8,0.939
1456327081.0,27de662e,0.979
1456327081.0,598ebfd8,1.009
1456327081.0,fb589379,0.969
1456327081.0,a7eae27d,0.939
1456327081.0,fe1c0582,0.959
1456327081.0,c9f99a88,0.929
1456327081.0,7ad9a6eb,0.959
1456327081.0,39c5a6e0,0.989
1456327081.0,98e2efcd,0.949
1456327081.0,33e1917c,0.959
1456327081.0,ba636b7b,0.989
1456327081.0,d59d4bb4,0.929
1456327081.0,055e54a6,0.999
1456327081.0,883007ed,0.959
1456327081.0,5a3e246d,0.989
1456327081.0,581713fc,0.959
1456327081.0,62e5651b,0.929
1456327081.0,279f7243,0.969
1456327081.0,73b32664,0.929
1456327081.0,ff5d1617,0.939
1456327081.0,16863815,0.939
1456327081.0,76e85116,0.919
1456327081.0,48bf5afb,0.969
1456327081.0,79f785eb,0.959
1456327081.0,fa3c7cd8,0.939
1456327081.0,,0.949
1456327081.0,67c6aa2e,0.909
1456327081.0,a0f09d1a,0.969
1456327081.0,eb79ce7f,0.959
1456327081.0,a7c266a1,0.969
1456327081.0,911d629d,0.899
1456327081.0,3da081b6,0.939
1456327081.0,f54d187e,0.949
1456327081.0,c78b7333,0.969
1456327081.0,e48ca6d1,0.969
1456327081.0,9ffeb5ed,0.949
1456327081.0,0ae0fa71,0.939
1456327081.0,cce3fded,0.919
1456327081.0,2d204d17,0.979
1456327081.0,478ca3dd,0.959
1456327081.0,c7095984,0.939
1456327081.0,054077ee,0.939
1456327081.0,6933007f,0.949
1456327081.0,485a4ee4,0.949
1456327081.0,c1342b0e,0.939
1456327081.0,d78b438e,0.929
1456327081.0,8b2b7d79,0.929
1456327081.0,88b83d81,0.919
1456327081.0,96a5f54a,0.929
1456327081.0,a07eee38,0.969
1456327081.0,78562f9b,0.949
1456327081.0,24f09d82,0.929
1456327081.0,83c9051f,0.959
1456327081.0,475024c4,0.909
1456327081.0,dc2d8878,0.919
1456327081.0,8b5242d3,0.939
1456327081.0,5dea9761,0.919
1456327081.0,3b9fb083,0.969
1456327081.0,5b0a88cf,0.929
1456327081.0,decc5fc7,0.929
1456327081.0,f0da030f,0.959
1456327081.0,c03c60b1,0.939
1456327081.0,8a338e32,0.919
1456327081.0,aed09b0f,0.939
1456327081.0,5d790a6e,0.939
1456327081.0,8aa565b4,0.959
1456327081.0,f47b98eb,0.949
1456327081.0,367978ca,0.979
1456327081.0,df7589ae,0.939
1456327081.0,03f96d6c,0.939
1456327081.0,f474d5b0,1.009
1456327081.0,fb17adac,0.969
1456327081.0,eace7a48,0.979
1456327081.0,5d8781bf,0.949
1456327081.0,c7b29cc5,0.959
1456327081.0,263e0b44,0.939
1456327081.0,e0d89735,1.009
1456327081.0,a8f01af7,0.949
1456327081.0,8c1c23fb,0.919
1456327081.0,1c2ecd95,0.989
1456327081.0,0a67fa6f,0.959
1456327081.0,465fb754,0.969
1456327081.0,9eabd7c9,0.919
1456327081.0,1fce6706,0.949
1456327081.0,ca0c1721,0.939
1456327081.0,a438cba7,0.949
1456327081.0,9279854d,0.949
1456327081.0,be60701b,0.969
1456327081.0,b39d969e,0.969
1456327081.0,fac91609,0.949
1456327081.0,f8b10f81,0.969
1456327081.0,0b2dae68,0.909
1456327081.0,02917849,0.969
1456327081.0,271f6d48,0.939
1456327081.0,8309ecb0,0.969
1456327081.0,46bbffea,0.979
1456327081.0,48d21f5a,0.939
1456327081.0,430cbb77,0.969
1456327081.0,db68109c,0.969
1456327081.0,e01dae0b,0.959
1456327081.0,21d0f81c,0.959
1456327081.0,521538f8,0.959
1456327081.0,6d017696,0.969
1456327081.0,b2b44530,0.959
1456327081.0,8b0d5192,0.959
1456327081.0,84526a99,0.929
1456327081.0,7c6725e1,0.969
1456327081.0,5a8b71b2,0.939
1456327081.0,ace2e1f9,0.959
1456327081.0,7ced45b7,0.939
1456327081.0,26e8a3e0,0.929
1456327081.0,91013e76,0.969
1456327081.0,4ad60c88,0.969
1456327081.0,999cd9a5,0.949
1456327081.0,e147c97d,0.959
1456327081.0,42ad21c1,0.939
1456327081.0,d19b61da,0.939
1456327081.0,1d5b89e9,0.949
1456327081.0,5e6b1f04,0.909
1456327081.0,69d749f5,0.969
1456327081.0,2e25253e,0.959
1456327081.0,bc85d300,0.949
1456327081.0,25604f87,0.959
1456327081.0,529f6f9b,0.959
1456327081.0,8b3b52bb,0.939
1456327081.0,f63ac751,0.939
1456327081.0,38990b28,0.959
1456327081.0,481a8ed4,0.929
1456327081.0,80e3422f,0.959
1456327081.0,a40e21ff,0.928
1456327081.0,5cdcf9c3,0.969
1456327081.0,88a26674,0.939
1456327081.0,55b1a563,0.909
1456327081.0,7f2d651e,0.929
1456327081.0,c2a87587,0.949
1456327081.0,3b2ce948,0.949
1456327081.0,c4b99997,0.949
1456327081.0,4dc73eb8,0.974
1456327081.0,4d15a2cc,0.919
1456327081.0,f22bbd79,0.929
1456327081.0,151efb9f,0.939
1456327081.0,a1ca21f6,0.919
1456327081.0,3219cb04,0.939
1456327081.0,de567861,0.949
1456327081.0,2839dc7d,0.949
1456327081.0,2fc8ca29,0.989
1456327081.0,f654bb63,0.969
1456327081.0,182bd28a,0.939
1456327081.0,b8aae107,0.929
1456327081.0,630198f5,0.959
1456327081.0,25a832ea,0.929
1456327081.0,200f98db,0.949
1456327081.0,08d73b70,0.969
1456327081.0,bc58fcd6,0.969
1456327081.0,ab937a23,0.969
1456327081.0,f39dbcda,0.979
1456327081.0,44495201,0.949
1456327081.0,550ebfc1,0.949
1456327081.0,,0.969
1456327081.0,a998716f,0.949
1456327081.0,3d45d1b9,0.959
1456327081.0,7eb76101,0.999
1456327081.0,9520e162,0.939
1456327081.0,8a3aa486,0.969
1456327081.0,4dcce79a,0.939
1456327081.0,37a893dc,0.939
1456327081.0,5d45148e,0.959
1456327081.0,b9b3646f,0.989
1456327081.0,ae7d5dd1,0.939
1456327081.0,29a14f86,0.969
1456327081.0,93e659ad,0.969
1456327081.0,a2459543,0.969
1456327081.0,12203554,0.959
1456327081.0,c8767aa3,0.939
1456327081.0,9bccabe6,0.939
1456327081.0,48ef3fea,0.959
1456327081.0,538c9b65,0.959
1456327081.0,ff263010,0.959
1456327081.0,b22e443b,0.959
1456327081.0,186a2106,0.949
1456327081.0,c63b0b80,0.929
1456327081.0,8a0d026c,0.929
1456327081.0,37df3e29,0.939
1456327081.0,d6d4b842,0.949
1456327081.0,7c06a27e,0.979
1456327081.0,94d55606,0.959
1456327081.0,c97403d4,0.939
1456327081.0,3f195c1b,0.999
1456327081.0,d4a3f247,0.969
1456327081.0,57525dc2,0.959
1456327081.0,35825f4b,0.959
1456327081.0,5709c9ed,0.939
1456327081.0,b9c82901,0.969
1456327081.0,a3fd285b,0.959
1456327081.0,476837aa,0.949
1456327081.0,cc3a718f,0.949
1456327081.0,a0b4fcec,0.949
1456327081.0,104560d9,0.939
1456327081.0,c2b37551,0.969
1456327081.0,af5a4fe6,0.939
1456327081.0,9d1571c3,0.959
1456327081.0,f09eccb2,0.929
1456327081.0,fb34a733,0.979
1456327081.0,336c678f,0.929
1456327081.0,8662df6b,0.959
1456327081.0,776d3e19,0.979
1456327081.0,a1766ee6,0.969
1456327081.0,b1600fca,0.989
1456327081.0,4986d1aa,0.959
1456327081.0,7dde6783,0.969
1456327081.0,f7f8ab67,0.959
1456327081.0,d65297c3,0.959
1456327081.0,71a34e9b,0.989
1456327081.0,2601854e,0.939
1456327081.0,1f82b6fb,0.979
1456327081.0,8d45e432,0.989
1456327081.0,40dc7ae9,0.959
1456327081.0,bc55dda5,0.949
1456327081.0,,0.939
1456327081.0,4e905f58,0.969
1456327081.0,7163665c,0.999
1456327081.0,3f1e04e5,0.949
1456327081.0,a18aae3d,0.949
1456327081.0,3b675bd6,1.049
1456327081.0,abba0a2d,0.949
1456327081.0,731e56e7,0.969
1456327081.0,be5dd10f,0.949
1456327081.0,de55d6cb,0.959
1456327081.0,63645f4e,0.969
1456327081.0,5c94a7d8,0.949
1456327081.0,5ef62f10,0.959
1456327081.0,18301e82,0.939
1456327081.0,f55f0649,0.939
1456327081.0,6ddaf8c2,0.969
1456327081.0,e8659100,0.969
1456327081.0,cbc2f9db,0.949
1456327081.0,fec7d478,0.939
1456327081.0,315c0c34,0.929
1456327081.0,5533e7bf,0.949
1456327081.0,2ad0a689,0.959
1456327081.0,9ab54d52,0.959
1456327081.0,7e63be59,0.959
1456327081.0,70f55e7f,1.039
1456327081.0,27e302bc,0.949
1456327081.0,6770a660,0.959
1456327081.0,e95e6a2a,0.949
1456327081.0,1ee7bf79,0.939
1456327081.0,bd227bfb,0.999
1456327081.0,05b24372,0.949
1456327081.0,d361902b,0.969
1456327081.0,a3beb05f,0.969
1456327081.0,a971d6fb,0.939
1456327081.0,a8f6f809,1.029
1456327081.0,14a4c386,0.959
1456327081.0,b5ec285f,0.969
1456327081.0,6d18dcdf,0.959
1456327081.0,,0.969
1456327081.0,43a05b46,0.949
1456327081.0,ab6f459b,0.969
1456327081.0,4c59d12d,0.919
1456327081.0,9acedda4,0.969
1456327081.0,f4f5e1d8,0.959
1456327081.0,f6f661ae,0.979
1456327081.0,6097ffe8,0.959
1456327081.0,41b2d714,0.999
1456327081.0,e37dd80a,0.949
1456327081.0,90cee554,0.969
1456327081.0,456d2310,0.919
1456327081.0,e491b6d7,0.949
1456327081.0,9efb9e6b,0.949
1456327081.0,2771cba6,0.939
1456327081.0,,0.939
1456327081.0,265c7e5d,0.939
1456327081.0,f2924e85,0.929
1456327081.0,4d8ede53,0.939
1456327081.0,f9fbac11,0.959
1456327081.0,4ab9094d,0.959
1456327081.0,05878847,0.959
1456327081.0,,0.939
1456327081.0,b20731bb,0.974
1456327081.0,8c6f1d05,0.949
1456327081.0,d1deaf7f,0.969
1456327081.0,87245b5d,0.949
1456327081.0,3f290ee2,0.909
1456327081.0,d1832039,0.939
1456327081.0,0967fa61,0.939
1456327081.0,5ba385a2,1.009
1456327081.0,e5ccd3f7,0.959
1456327081.0,eaaeb33a,0.949
1456327081.0,d3730b6f,0.959
1456327081.0,2b91338d,0.919
1456327081.0,a05a18cd,0.969
1456327081.0,c35029f0,0.959
1456327081.0,8e5758d4,0.959
1456327081.0,3ce106d3,0.939
1456327081.0,fcfe3bbf,0.939
1456327081.0,76aa3b14,0.939
1456327081.0,2bec2986,0.929
1456327081.0,fdca8735,0.939
1456327081.0,10967cac,0.959
1456327081.0,74c7be75,0.999
1456327081.0,b718f9fa,0.959
1456327081.0,caa33a9a,0.96
1456327081.0,d195f0c9,0.959
1456327081.0,cf017ad5,0.919
1456327081.0,d497f4b5,0.939
1456327081.0,0da2e486,0.949
1456327081.0,8222952d,0.959
1456327081.0,b484fa6e,0.999
1456327081.0,efb9b2b5,0.919
1456327081.0,c96f410f,0.919
1456327081.0,fbe424bb,0.939
1456327081.0,ac6ccf5d,0.939
1456327081.0,fa5a267f,0.969
1456327081.0,a07f50c4,0.939
1456327081.0,5d0bbc06,0.909
1456327081.0,6ed1ade4,0.909
1456327081.0,6f901805,0.949
1456327081.0,12d8c014,0.959
1456327081.0,939b3a38,0.899
1456327081.0,645289b9,0.959
1456327081.0,9f4967c5,0.939
1456327081.0,305cecfe,0.969
1456327081.0,1bce0e67,0.929
1456327081.0,0ee7204e,0.919
1456327081.0,006407b4,0.919
1456327081.0,8ec1148e,0.929
1456327081.0,7144f556,0.929
1456327081.0,113fe84c,0.949
1456327081.0,a66e3813,0.989
1456327081.0,20fea5aa,1.039
1456327081.0,bdceff30,0.909
1456327081.0,1d4a06c1,0.969
1456327081.0,0570dbe0,0.929
1456327081.0,8d86cbc4,0.929
1456327081.0,3da96054,0.949
1456327081.0,2bbb3f4f,0.979
1456327081.0,5dc4a0c1,0.969
1456327081.0,b5897439,0.929
1456327081.0,1b10d043,0.999
1456327081.0,a3dd230b,0.969
1456327081.0,afb0335d,0.929
1456327081.0,eecd4599,0.939
1456327081.0,7a0f0cd4,0.939
1456327081.0,97588053,0.929
1456327081.0,6768f241,0.949
1456327081.0,75e0a1f1,0.959
1456327081.0,c48df784,0.979
1456327081.0,bf816140,0.949
1456327081.0,b2fe027e,0.959
1456327081.0,57970dd5,0.959
1456327081.0,991367ac,0.939
1456327081.0,e1dcdd8e,0.949
1456327081.0,f9e7f183,0.939
1456327081.0,7f1b927c,0.969
1456327081.0,b68ce153,0.949
1456327081.0,,0.939
1456327081.0,30e60f32,0.959
1456327081.0,f9f836d8,1.009
1456327081.0,e9f37fb2,0.969
1456327081.0,113fcda7,0.949
1456327081.0,5e6de772,0.979
1456327081.0,950d79ab,0.949
1456327081.0,48772908,0.949
1456327081.0,adaeaab7,0.959
1456327081.0,b712cdad,0.999
1456327081.0,8f2afdd4,0.989
1456327081.0,c1599ca9,0.999
1456327081.0,247b4cda,0.979
1456327081.0,dea8af98,0.929
1456327081.0,2e89adbb,0.959
1456327081.0,3a65963d,0.969
1456327081.0,71e79520,0.929
1456327081.0,ac94744b,0.969
1456327081.0,ec2a5548,0.939
1456327081.0,7ae317da,0.969
1456327081.0,8de1231e,0.989
1456327081.0,33d673e1,0.979
1456327081.0,ed46fdb9,0.929
1456327321.0,0e07a657,0.949
1456327321.0,0f01b9c8,0.959
1456327321.0,75c1b174,0.969
1456327321.0,665040cd,0.959
1456327321.0,e75954a3,0.959
1456327321.0,f72fa144,0.939
1456327321.0,c391ee8f,0.939
1456327321.0,0efd5423,0.939
1456327321.0,4c36fcd5,0.939
1456327321.0,203367ea,0.939
1456327321.0,2a554c81,0.939
1456327321.0,6bf76c78,0.919
1456327321.0,731a1055,0.929
1456327321.0,fb73e5e4,0.919
1456327321.0,18396fc2,0.939
1456327321.0,6785e982,0.979
1456327321.0,085b13da,0.919
1456327321.0,7006be5d,0.939
1456327321.0,b65176ae,0.929
1456327321.0,c597ae24,0.979
1456327321.0,ce75f1ed,1.009
1456327321.0,a8f5bb50,0.959
1456327321.0,08311643,0.929
1456327321.0,74b270e2,0.969
1456327321.0,c07bd363,0.929
1456327321.0,3f2ba968,0.919
1456327321.0,ae71af81,0.969
1456327321.0,00c44ff5,0.929
1456327321.0,0375f449,0.929
1456327321.0,1247b810,0.949
1456327321.0,09aa1a8b,0.989
1456327321.0,f09b1121,0.929
1456327321.0,57813c32,0.929
1456327321.0,ef9d6356,0.929
1456327321.0,21a0bd76,0.979
1456327321.0,9a52a6cd,0.949
1456327321.0,ac828437,0.959
1456327321.0,6a9a24d9,0.949
1456327321.0,cbeda884,0.919
1456327321.0,47472e4f,0.949
1456327321.0,4f72fca5,0.989
1456327321.0,2cd4a5d5,0.969
1456327321.0,b9930116,0.939
1456327321.0,7b3fcbc6,0.959
1456327321.0,bedbc8dd,0.959
1456327321.0,6c406288,0.959
1456327321.0,c875251d,0.969
1456327321.0,6904580a,0.949
1456327321.0,e53f989c,0.949
1456327321.0,9917cb8f,0.949
1456327321.0,5ae69800,0.959
1456327321.0,6f6a8c9c,0.939
1456327321.0,7481989a,0.929
1456327321.0,42d76a3c,0.959
1456327321.0,2f9dd7f6,0.949
1456327321.0,c307725e,0.969
1456327321.0,763190d4,0.949
1456327321.0,f0430871,0.999
1456327321.0,3fafd99a,0.949
1456327321.0,412f8103,0.969
1456327321.0,be3c20ef,0.999
1456327321.0,862dbd5b,0.969
1456327321.0,b4c00a25,0.959
1456327321.0,6d44f87b,0.939
1456327321.0,dbce00b6,0.949
1456327321.0,71c8efd1,0.999
1456327321.0,cc9e6849,0.979
1456327321.0,bd469a6d,0.929
1456327321.0,ad7fb7be,0.949
1456327321.0,05574660,0.949
1456327321.0,99101bcc,0.999
1456327321.0,6735727d,0.929
1456327321.0,df4fadef,0.929
1456327321.0,45ee1cd9,0.929
1456327321.0,35822dd5,0.929
1456327321.0,ee167171,0.959
1456327321.0,316a2f5b,0.959
1456327321.0,3ca3cce3,0.969
1456327321.0,ebd5c64b,0.949
1456327321.0,b6b05490,0.919
1456327321.0,c0a3d1e4,0.949
1456327321.0,0e6a4b4f,0.969
1456327321.0,75bb0d76,0.959
1456327321.0,1b9ef516,0.959
1456327321.0,734c00a8,0.959
1456327321.0,285e45c2,0.949
1456327321.0,71a6b9f3,0.939
1456327321.0,e20c7066,0.969
1456327321.0,65c13d89,0.929
1456327321.0,3601c357,0.959
1456327321.0,894d4a6d,0.929
1456327321.0,ce736f1a,0.939
1456327321.0,0c2ddab7,0.969
1456327321.0,cbdc8581,0.909
1456327321.0,c77e2863,0.959
1456327321.0,c2cb0818,0.939
1456327321.0,4666786f,0.979
1456327321.0,e4436253,0.939
1456327321.0,784d4e2a,0.919
1456327321.0,43e3c3da,0.959
1456327321.0,5e56181c,0.919
1456327321.0,096706c3,0.949
1456327321.0,2e4ef56a,0.949
1456327321.0,cb5cc628,0.939
1456327321.0,1660ed2f,0.969
1456327321.0,e975b4d9,0.919
1456327321.0,83c03208,0.929
1456327321.0,a24c7289,0.929
1456327321.0,251d5667,0.969
1456327321.0,7fa92b87,0.984
1456327321.0,addbc61c,0.969
1456327321.0,3d5353b9,0.959
1456327321.0,6197a70d,0.959
1456327321.0,91c3f745,0.929
1456327321.0,787e80bd,0.959
1456327321.0,d921f4ce,0.919
1456327321.0,3bb367b0,0.939
1456327321.0,411372b9,0.949
1456327321.0,59698c83,0.929
1456327321.0,39b11db0,0.959
1456327321.0,469cb2ca,0.919
1456327321.0,fec5bce2,0.929
1456327321.0,04583028,0.939
1456327321.0,876763f5,0.919
1456327321.0,1fb2da5d,0.939
1456327321.0,5970db62,0.929
1456327321.0,a099cd62,0.959
1456327321.0,ad269c98,0.929
1456327321.0,eb4e983f,0.929
1456327321.0,fa890292,0.929
1456327321.0,37a4ac8d,0.909
1456327321.0,3696709e,0.939
1456327321.0,658cce02,0.939
1456327321.0,857a97e0,0.949
1456327321.0,5b60b9f6,0.939
1456327321.0,e2aee352,0.989
1456327321.0,f67b6a8f,0.949
1456327321.0,fd9b3ee5,0.949
1456327321.0,ffb71aa8,0.909
1456327321.0,0c514e6f,0.929
1456327321.0,fe45add5,0.969
1456327321.0,7e2a8251,0.969
1456327321.0,8d38052d,0.974
1456327321.0,874e2798,0.979
1456327321.0,8749442d,0.949
1456327321.0,727a279d,0.949
1456327321.0,4837de5d,0.929
1456327321.0,f474d5b0,0.999
1456327321.0,07ff93d9,0.989
1456327321.0,350e97c6,0.919
1456327321.0,21ab2968,0.959
1456327321.0,8f545eb0,0.939
1456327321.0,67ba0742,0.959
1456327321.0,1f37368c,0.929
1456327321.0,9719805f,0.939
1456327321.0,1c7251ad,0.929
1456327321.0,491a07d2,0.989
1456327321.0,ae7c1497,0.959
1456327321.0,b85a1ca3,0.949
1456327321.0,24ee36a0,0.969
1456327321.0,0d8ee6ff,0.949
1456327321.0,e274299b,0.959
1456327321.0,7e4b74b7,0.969
1456327321.0,059d55c9,0.949
1456327321.0,5c093e22,0.939
1456327321.0,0cc59c54,0.969
1456327321.0,34f054d7,0.959
1456327321.0,9eb1be1f,0.959
1456327321.0,0088407b,0.989
1456327321.0,ee5d8408,0.949
1456327321.0,d82d3ed0,0.949
1456327321.0,92e54876,0.989
1456327321.0,6719ddbc,0.959
1456327321.0,5022eb7f,0.939
1456327321.0,62bff896,0.959
1456327321.0,5d132310,0.929
1456327321.0,102821f8,0.919
1456327321.0,33f1db85,0.949
1456327321.0,04d0ae1e,0.939
1456327321.0,235541b4,0.949
1456327321.0,3ca42fdd,0.949
1456327321.0,3b4ac733,0.959
1456327321.0,d4310eb6,0.929
1456327321.0,80d45a73,0.939
1456327321.0,0535a64d,0.949
1456327321.0,1d5b89e9,0.939
1456327321.0,5e6ec38a,0.939
1456327321.0,334babb3,0.959
1456327321.0,b4c8d60e,0.929
1456327321.0,eb7b02bd,0.959
1456327321.0,507bacc5,0.969
1456327321.0,00f37a56,0.949
1456327321.0,bfefaf34,0.929
1456327321.0,0716682f,0.959
1456327321.0,e62672b9,0.959
1456327321.0,6ad0086e,0.929
1456327321.0,,0.959
1456327321.0,3bb9d5ac,0.959
1456327321.0,8dc9de7b,0.959
1456327321.0,d1d61cfb,0.969
1456327321.0,c2bf8f60,0.929
1456327321.0,e6ebe240,0.929
1456327321.0,62bb9bf7,0.959
1456327321.0,3f2e3b3e,0.959
1456327321.0,c25fac39,0.949
1456327321.0,a1949b24,0.949
1456327321.0,70afbb14,0.959
1456327321.0,ba7d4f54,0.939
1456327321.0,00330016,0.969
1456327321.0,71f647de,0.959
1456327321.0,6f92e401,0.949
1456327321.0,ebfecca5,0.919
1456327321.0,602ec85f,0.959
1456327321.0,b791cb2d,0.919
1456327321.0,de5f4ef7,0.949
1456327321.0,47d3a82e,0.939
1456327321.0,195fb3bd,0.939
1456327321.0,806c0af2,0.949
1456327321.0,6cf3fd28,0.949
1456327321.0,b77283fd,0.959
1456327321.0,364c49b5,0.979
1456327321.0,4e3aa155,0.939
1456327321.0,9ca777a2,0.979
1456327321.0,a302497e,0.939
1456327321.0,59d4a720,0.939
1456327321.0,7333f093,0.939
1456327321.0,ebce0132,0.949
1456327321.0,ce0bd00f,0.939
1456327321.0,75ed1160,0.959
1456327321.0,840368fb,0.939
1456327321.0,86b9d04d,0.949
1456327321.0,3183a48d,0.949
1456327321.0,444fc3ef,0.949
1456327321.0,f5000af4,0.929
1456327321.0,076cbc57,0.929
1456327321.0,c17488ae,0.949
1456327321.0,8bce4624,0.969
1456327321.0,87750b0a,0.929
1456327321.0,3bcc58f2,0.959
1456327321.0,1e13d4f8,0.929
1456327321.0,616bd931,0.939
1456327321.0,17cc3598,0.939
1456327321.0,f2063592,0.959
1456327321.0,743a840f,0.959
1456327321.0,36f5bf63,0.929
1456327321.0,e109622e,0.969
1456327321.0,3e1a04a2,0.949
1456327321.0,1c1982b4,0.919
1456327321.0,2e2669a6,0.969
1456327321.0,8e68c7c0,0.979
1456327321.0,85ca4da6,0.979
1456327321.0,528fe9d2,0.989
1456327321.0,39c2af9c,0.959
1456327321.0,2b797ecc,0.919
1456327321.0,e010375a,0.999
1456327321.0,2df68795,0.959
1456327321.0,1555e8c5,0.959
1456327321.0,f7d11bff,0.979
1456327321.0,a0497116,0.969
1456327321.0,85fc0347,0.969
1456327321.0,cece28cb,0.929
1456327321.0,684e26a4,0.949
1456327321.0,6411aa60,0.989
1456327321.0,ec2d78c3,0.959
1456327321.0,341d054c,0.979
1456327321.0,18bb0375,1.029
1456327321.0,691d5ce3,0.929
1456327321.0,4272bb90,0.949
1456327321.0,73b5d3b6,0.959
1456327321.0,46e5123e,0.989
1456327321.0,e871117c,0.969
1456327321.0,9600cf84,0.959
1456327321.0,649a77db,0.939
1456327321.0,a0bc57ce,0.959
1456327321.0,7f80fb50,0.979
1456327321.0,ea971a7b,0.939
1456327321.0,229400a7,0.949
1456327321.0,319cc820,0.939
1456327321.0,210d7aa0,0.959
1456327321.0,968f2fb0,0.959
1456327321.0,3ceab2dc,0.939
1456327321.0,614629e1,0.929
1456327321.0,b9bbf9ee,0.979
1456327321.0,5d637168,0.929
1456327321.0,a870af34,0.989
1456327321.0,8bdd5502,0.939
1456327321.0,ac02a968,0.959
1456327321.0,,0.939
1456327321.0,16259776,0.959
1456327321.0,10ae4031,0.989
1456327321.0,f09149cd,0.969
1456327321.0,3746716c,1.009
1456327321.0,7e388e10,0.979
1456327321.0,d7a6a6c2,0.959
1456327321.0,332fb1ba,0.949
1456327321.0,82d7fda1,0.929
1456327321.0,77409cad,0.959
1456327321.0,1746d28b,0.939
1456327321.0,474644ad,0.969
1456327321.0,6b43b20f,0.939
1456327321.0,4adf0991,0.959
1456327321.0,129d1493,0.929
1456327321.0,c0a9edc8,0.949
1456327321.0,7a475c04,0.989
1456327321.0,5db56b1d,0.939
1456327321.0,8e0d1caa,0.989
1456327321.0,ed0f06c1,0.969
1456327321.0,60e38539,0.969
1456327321.0,9628820d,0.949
1456327321.0,926c754c,0.949
1456327321.0,0880a239,0.919
1456327321.0,d34f18ac,0.949
1456327321.0,07f1bf63,0.929
1456327321.0,847fdc50,0.969
1456327321.0,6fbc265f,0.979
1456327321.0,f36b3182,0.949
1456327321.0,5f4d5496,0.989
1456327321.0,8b69a860,0.929
1456327321.0,1db152f7,0.949
1456327321.0,d371719e,0.959
1456327321.0,b484fa6e,0.989
1456327321.0,f290a992,0.929
1456327321.0,ac6ccf5d,0.939
1456327321.0,a07f50c4,0.939
1456327321.0,6cbdfb78,0.949
1456327321.0,ac7dd410,0.919
1456327321.0,961fadac,0.929
1456327321.0,ae869c50,0.939
1456327321.0,5bb24e91,0.959
1456327321.0,3cb9cc00,0.929
1456327321.0,b53fa888,0.919
1456327321.0,7f1371b6,0.959
1456327321.0,ba0b1d1f,0.969
1456327321.0,12d8c014,0.929
1456327321.0,f91b7082,0.949
1456327321.0,ebca1266,0.939
1456327321.0,645289b9,0.939
1456327321.0,9f4967c5,0.929
1456327321.0,8d437dd2,0.919
1456327321.0,21b1fd87,0.929
1456327321.0,5a549ff7,0.909
1456327321.0,524d848c,0.929
1456327321.0,6d8cc159,0.959
1456327321.0,1bce0e67,0.929
1456327321.0,78f791f9,0.949
1456327321.0,7ae8737b,0.939
1456327321.0,14d17f9a,0.909
1456327321.0,2bb40266,0.939
1456327321.0,94df3c4a,0.969
1456327321.0,70810fdc,0.969
1456327321.0,be936d1c,0.969
1456327321.0,2ecadcf6,0.949
1456327321.0,94e717e5,0.969
1456327321.0,267e21dd,0.919
1456327321.0,0d27caae,0.919
1456327321.0,3473636a,0.949
1456327321.0,c96b90cb,0.949
1456327321.0,910dca6c,0.969
1456327321.0,669a039e,0.929
1456327321.0,39ff66f8,0.939
1456327321.0,f185e887,0.959
1456327321.0,74adc87d,0.939
1456327321.0,4ec9ba2c,0.929
1456327321.0,7f40cac3,0.959
1456327321.0,44f943cf,0.989
1456327321.0,10fa0582,0.919
1456327321.0,87a23e83,0.959
1456327321.0,76186cf8,0.959
1456327321.0,f22ce4a2,0.959
1456327321.0,1d3ab507,0.929
1456327321.0,3f2144a4,0.939
1456327321.0,b7d1ee3a,0.979
1456327321.0,7423e9d0,0.949
1456327321.0,3306088b,0.979
1456327321.0,799875f1,0.989
1456327321.0,ef3d8860,0.959
1456327321.0,aee35b92,0.919
1456327321.0,5fc94f68,0.959
1456327321.0,5a76daff,0.969
1456327561.0,f3834b4f,0.939
1456327561.0,7632d7b7,0.939
1456327561.0,f5434e55,0.949
1456327561.0,39b9a4d8,0.949
1456327561.0,6474f616,0.979
1456327561.0,c8fad469,0.969
1456327561.0,43be7e31,0.939
1456327561.0,4e2b483e,0.939
1456327561.0,abb42d56,0.909
1456327561.0,2426c149,0.929
1456327561.0,922129f9,0.949
1456327561.0,ed5ad0df,0.959
1456327561.0,6f473b11,0.969
1456327561.0,c0f22ef5,0.929
1456327561.0,58dfb803,0.949
1456327561.0,646811ac,0.919
1456327561.0,59e24118,0.949
1456327561.0,583bd0d6,0.919
1456327561.0,87fbb61d,0.959
1456327561.0,ed94db5a,0.979
1456327561.0,23090d56,0.969
1456327561.0,911d9371,0.969
1456327561.0,671d6e1d,0.919
1456327561.0,1d2b410a,0.959
1456327561.0,09f3e38a,0.979
1456327561.0,1aa24614,0.969
1456327561.0,48c665d2,0.929
1456327561.0,00206126,0.929
1456327561.0,605da2e4,0.939
1456327561.0,dd239a42,0.949
1456327561.0,897fceb5,0.959
1456327561.0,9e517882,0.939
1456327561.0,26e44f69,0.939
1456327561.0,0feab2d6,0.919
1456327561.0,824f7fcf,0.919
1456327561.0,ce331290,0.949
1456327561.0,b3a02a90,0.949
1456327561.0,2228d8bc,0.969
1456327561.0,6168ea65,0.949
1456327561.0,0afb21d0,0.949
1456327561.0,091ee9ad,0.989
1456327561.0,888f3033,0.939
1456327561.0,5798eb33,0.929
1456327561.0,963a5d2e,0.979
1456327561.0,bf024497,0.989
1456327561.0,e1307a34,0.979
1456327561.0,43b030ef,0.979
1456327561.0,4d87be41,0.959
1456327561.0,8371a1aa,0.949
1456327561.0,66e25ec6,0.959
1456327561.0,d3913b4a,0.989
1456327561.0,0db4d96c,0.959
1456327561.0,7ef38273,0.939
1456327561.0,2a348345,0.919
1456327561.0,b802ed2f,0.969
1456327561.0,6268c2a7,0.939
1456327561.0,2195c038,0.949
1456327561.0,e44ceca1,1.079
1456327561.0,20fa2e02,0.969
1456327561.0,8f3d810d,0.959
1456327561.0,728dbc4e,0.939
1456327561.0,e50a3733,0.929
1456327561.0,,0.959
1456327561.0,e251ae8a,0.989
1456327561.0,ee69ffcc,0.949
1456327561.0,3b5be616,0.969
1456327561.0,,0.989
1456327561.0,2f92fadd,0.939
1456327561.0,c6317552,0.939
1456327561.0,cc2f81e2,0.949
1456327561.0,bd7cef0f,0.969
1456327561.0,ef61acd1,0.979
1456327561.0,81342b13,0.969
1456327561.0,993479c7,0.939
1456327561.0,35e9dc97,0.979
1456327561.0,249a69d6,0.939
1456327561.0,6c7a5ec7,0.989
1456327561.0,59d94ded,1.009
1456327561.0,,0.939
1456327561.0,c66eeb5b,0.949
1456327561.0,08ee2078,0.949
1456327561.0,8d87181e,0.949
1456327561.0,b29751cb,0.959
1456327561.0,b8f60770,0.979
1456327561.0,6728212d,0.969
1456327561.0,9789b717,0.959
1456327561.0,0c2b92ac,0.969
1456327561.0,d8297d8d,0.939
1456327561.0,4be2e87c,0.949
1456327561.0,899f46c2,0.919
1456327561.0,d261d6e0,0.959
1456327561.0,4907b9ed,1.029
1456327561.0,9e6ada8a,0.959
1456327561.0,719aa84a,0.949
1456327561.0,27de662e,0.929
1456327561.0,af6137bf,0.929
1456327561.0,829de252,0.939
1456327561.0,3d589997,0.949
1456327561.0,2c4dd6f0,0.959
1456327561.0,,0.979
1456327561.0,3271e76a,0.999
1456327561.0,b75272ba,0.939
1456327561.0,801653fe,0.979
1456327561.0,4c7f88c9,0.939
1456327561.0,e9a2bf71,0.949
1456327561.0,6b50c140,0.989
1456327561.0,5773d9f5,0.939
1456327561.0,05b48929,0.959
1456327561.0,581713fc,0.959
1456327561.0,7156911f,0.959
1456327561.0,f4387d6e,0.949
1456327561.0,6b488736,0.929
1456327561.0,72f7edea,0.949
1456327561.0,532a5017,0.949
1456327561.0,,0.959
1456327561.0,3ae75c74,0.949
1456327561.0,469f3690,0.959
1456327561.0,78b3ccb1,0.959
1456327561.0,45b03d62,0.929
1456327561.0,3747e646,0.899
1456327561.0,ff0bb7ad,0.939
1456327561.0,051dd907,0.989
1456327561.0,60f04d2f,0.949
1456327561.0,9e81ec36,0.959
1456327561.0,8d38052d,0.984
1456327561.0,49a9b4e0,0.989
1456327561.0,f8423c6c,0.959
1456327561.0,6ba4d917,0.95
1456327561.0,555992c9,0.939
1456327561.0,865c84ca,1.009
1456327561.0,6f5bf91f,0.979
1456327561.0,bb23fbe2,0.959
1456327561.0,cdf74228,0.939
1456327561.0,33c8c51e,0.949
1456327561.0,cacdc0ed,0.969
1456327561.0,457bd3fb,0.939
1456327561.0,06eb2140,0.969
1456327561.0,1ae63c31,0.939
1456327561.0,9086a5b2,0.959
1456327561.0,,0.949
1456327561.0,baa66b57,0.949
1456327561.0,e7a0ae36,0.969
1456327561.0,56d1fe2a,0.939
1456327561.0,2c93cd27,0.959
1456327561.0,ff922650,0.949
1456327561.0,0886ecde,0.959
1456327561.0,99148d2d,0.949
1456327561.0,f645748d,0.949
1456327561.0,f649936e,0.969
1456327561.0,5ec85307,0.959
1456327561.0,f41d8382,0.959
1456327561.0,3da2bd95,0.969
1456327561.0,69d749f5,0.949
1456327561.0,20015b2d,0.979
1456327561.0,3baa59d3,0.979
1456327561.0,4604844c,0.979
1456327561.0,e8befa14,0.979
1456327561.0,62d0fb5f,0.939
1456327561.0,5ace285c,0.969
1456327561.0,13cd1498,0.949
1456327561.0,56db8c22,0.949
1456327561.0,aa2f1ae8,0.939
1456327561.0,c960300b,0.949
1456327561.0,d15d75b3,0.989
1456327561.0,70a9e6a8,0.969
1456327561.0,a5b2040e,0.969
1456327561.0,c0312794,0.979
1456327561.0,3680125e,0.939
1456327561.0,f268704b,1.069
1456327561.0,8ac64b4e,0.949
1456327561.0,,0.979
1456327561.0,ede4801f,0.989
1456327561.0,01b60b00,0.989
1456327561.0,67b560d4,0.949
1456327561.0,f48460b9,0.959
1456327561.0,2fc8ca29,0.979
1456327561.0,f028637b,0.979
1456327561.0,9d2a511e,0.989
1456327561.0,,0.969
1456327561.0,6bc9c96a,0.899
1456327561.0,55c0201d,0.929
1456327561.0,36d6fa9e,0.989
1456327561.0,70afbb14,0.969
1456327561.0,31a9b6e7,0.969
1456327561.0,b518e445,0.949
1456327561.0,22c97836,0.979
1456327561.0,79ddc5ca,0.989
1456327561.0,5cf89d62,0.959
1456327561.0,0e565dc4,0.939
1456327561.0,4a7d41a5,0.949
1456327561.0,e30bdaa0,1.019
1456327561.0,8c6a9ff5,0.969
1456327561.0,ce5281ae,0.949
1456327561.0,df74c4c4,0.949
1456327561.0,43ebfdc2,0.949
1456327561.0,72d303e8,0.949
1456327561.0,8068a1a0,0.929
1456327561.0,1d513400,0.989
1456327561.0,9cd812fc,0.969
1456327561.0,2660c764,0.939
1456327561.0,59d4a720,0.939
1456327561.0,f0261559,0.959
1456327561.0,dfde85fc,0.979
1456327561.0,16c01a01,0.989
1456327561.0,c08d3d8e,0.929
1456327561.0,d1749881,1.009
1456327561.0,3ddefb60,1.029
1456327561.0,17b2ffe6,0.959
1456327561.0,424834c6,0.959
1456327561.0,c88259dc,0.959
1456327561.0,b3d667a6,0.929
1456327561.0,06f2f6c0,0.949
1456327561.0,0e367b40,0.949
1456327561.0,dd700b9a,0.959
1456327561.0,312c3ed5,0.929
1456327561.0,c05a0ef2,0.949
1456327561.0,2dcfdd70,0.939
1456327561.0,3183a48d,0.949
1456327561.0,27f12faa,0.939
1456327561.0,61ebbc40,0.919
1456327561.0,2212e62a,0.939
1456327561.0,,0.989
1456327561.0,8e8b8a63,0.939
1456327561.0,14c7e96d,0.969
1456327561.0,29bcdad5,0.939
1456327561.0,c1f4955f,0.999
1456327561.0,fee47ded,0.949
1456327561.0,5d25b0e7,0.949
1456327561.0,2df68795,0.969
1456327561.0,77690552,0.959
1456327561.0,0d94f40b,0.949
1456327561.0,a630f96a,1.009
1456327561.0,e8770e69,0.979
1456327561.0,1425b025,0.959
1456327561.0,d6831509,0.949
1456327561.0,5fd380ef,0.969
1456327561.0,92401764,0.949
1456327561.0,acd225f7,0.969
1456327561.0,2d3f410b,0.979
1456327561.0,1acb5863,0.949
1456327561.0,4a4627da,0.929
1456327561.0,f044fc49,0.979
1456327561.0,e6176ad3,0.949
1456327561.0,,0.989
1456327561.0,6357dca2,0.939
1456327561.0,8f9ca1ed,0.959
1456327561.0,4a590311,0.959
1456327561.0,81038dd7,0.949
1456327561.0,ed554144,0.959
1456327561.0,a3813b89,0.949
1456327561.0,b3c64afe,0.929
1456327561.0,71424e6c,0.929
1456327561.0,b16a7660,0.929
1456327561.0,d47bc4c5,0.979
1456327561.0,96c2dcec,0.929
1456327561.0,2ccc4437,1.029
1456327561.0,2380bb04,0.979
1456327561.0,75bc1c25,0.959
1456327561.0,6e17970f,0.979
1456327561.0,efadda78,0.979
1456327561.0,0d6425bc,0.959
1456327561.0,c09f1e3e,0.999
1456327561.0,7ebce3f0,0.979
1456327561.0,f494f0b9,0.949
1456327561.0,f4b9d561,0.929
1456327561.0,66a1358d,0.969
1456327561.0,8c7470e4,0.959
1456327561.0,e91ec3d6,0.969
1456327561.0,6da23946,0.969
1456327561.0,9b127d1f,0.959
1456327561.0,3982c15e,0.969
1456327561.0,24bf40f3,0.919
1456327561.0,d8601954,0.959
1456327561.0,6c9a5e04,0.969
1456327561.0,a03824da,0.939
1456327561.0,db3cd271,0.929
1456327561.0,5d5f21ff,0.999
1456327561.0,c4348493,0.969
1456327561.0,c7f22027,0.979
1456327561.0,ff20eed6,0.949
1456327561.0,44daa76b,0.939
1456327561.0,8c5ae0bd,0.949
1456327561.0,74775b0d,0.959
1456327561.0,a3b8eb3b,0.969
1456327561.0,7a411a95,0.959
1456327561.0,6f9eb627,0.914
1456327561.0,abb8ccea,0.999
1456327561.0,86d6d36f,0.979
1456327561.0,ecf4342f,0.929
1456327561.0,a0f41fbb,0.949
1456327561.0,7c0d469a,0.959
1456327561.0,a03e4bfc,0.999
1456327561.0,5f27c859,0.919
1456327561.0,f90e119d,0.999
1456327561.0,11b72709,0.939
1456327561.0,65beaeab,0.909
1456327561.0,539144f8,0.959
1456327561.0,ec17af21,0.969
1456327561.0,0d6640ae,0.929
1456327561.0,a1aa5fd5,0.969
1456327561.0,cf017ad5,0.919
1456327561.0,0913d5bd,0.899
1456327561.0,9eb320c2,0.969
1456327561.0,e4d02e08,0.939
1456327561.0,5bb24e91,0.949
1456327561.0,524d848c,0.929
1456327561.0,0ee7204e,0.919
1456327561.0,78f791f9,0.929
1456327561.0,1cc76c84,0.979
1456327561.0,82ca9901,0.969
1456327561.0,d3e42b7c,0.949
1456327561.0,7142929d,0.939
1456327561.0,0570dbe0,0.919
1456327561.0,f8f516ae,0.979
1456327561.0,f7ff0975,0.939
1456327561.0,6b47dc33,0.949
1456327561.0,bf7e9cdf,0.979
1456327561.0,7a0f0cd4,0.939
1456327561.0,dcf18486,0.979
1456327561.0,4922811e,0.959
1456327561.0,31dfb194,0.939
1456327561.0,e36e5558,0.939
1456327561.0,a39811f3,0.959
1456327561.0,6d2bdf55,0.979
1456327561.0,99d09a30,0.939
1456327561.0,6f8c077f,0.939
1456327561.0,5812c07f,0.929
1456327561.0,2510a802,1.029
1456327561.0,20931f17,0.989
1456327561.0,740b387e,0.939
1456327561.0,06e6f1e6,0.939
1456327561.0,4eaad293,0.949
1456327561.0,e4f15ee0,0.979
1456327561.0,eae702bd,0.939
1456327561.0,6c2fb45c,0.939
1456327561.0,652a7261,0.949
1456327561.0,915ee14c,0.959
1456327561.0,25ce010c,0.929
1456327561.0,3b5ee4d1,0.969
1456327561.0,f22ce4a2,0.949
1456327561.0,af91c953,0.989
1456327561.0,0eeb22de,0.969
1456327561.0,ef38b8ce,0.939
1456327561.0,631cd0c7,0.959
1456327561.0,7e221db6,0.994
1456327561.0,488fcdf2,0.939
1456327561.0,f230f25c,0.959
1456327561.0,ecaab335,0.949
1456327561.0,2a953aa3,0.969
1456327561.0,4ddf478c,0.949
1456327561.0,c8a16513,0.979
1456327561.0,4fe4aa3c,0.929
1456327561.0,a4c6b2cc,0.979
1456327561.0,2dc40154,0.969
1456327561.0,ed57f511,0.929
1456327561.0,64735bee,0.919
1456327561.0,9dd2f35d,0.999
1456327801.0,7632d7b7,0.949
1456327801.0,a834fe50,0.949
1456327801.0,f73b3c9f,0.949
1456327801.0,c87f2cf7,0.929
1456327801.0,ad1f45e5,0.929
1456327801.0,0d102e85,0.909
1456327801.0,5ce764c2,0.919
1456327801.0,930a4c50,0.979
1456327801.0,0536c920,0.949
1456327801.0,70931d91,0.919
1456327801.0,52ff86b2,0.929
1456327801.0,3f38fa55,0.929
1456327801.0,d3bbcf3a,0.929
1456327801.0,58d48103,0.969
1456327801.0,a557a7d1,0.949
1456327801.0,bded4d61,0.929
1456327801.0,5b11b517,0.949
1456327801.0,f2d26e3e,0.929
1456327801.0,2239a830,0.989
1456327801.0,f6f5bf47,0.939
1456327801.0,18436369,0.929
1456327801.0,5a22f16c,0.929
1456327801.0,4da4802c,0.949
1456327801.0,fa482668,0.939
1456327801.0,271e2be1,0.969
1456327801.0,0e65094f,0.939
1456327801.0,12437a10,0.969
1456327801.0,7c8cc75b,0.959
1456327801.0,a23b6ab7,0.959
1456327801.0,50b27f80,0.949
1456327801.0,3855d1bc,0.959
1456327801.0,3201c40b,0.939
1456327801.0,b089244a,0.969
1456327801.0,ed84fb55,0.949
1456327801.0,16b53bbf,0.989
1456327801.0,68002bd4,0.949
1456327801.0,8bb0059b,0.919
1456327801.0,ec60ed5f,0.939
1456327801.0,ce2f1007,0.989
1456327801.0,e50f5b31,0.969
1456327801.0,90201097,0.969
1456327801.0,0ecd3674,0.939
1456327801.0,557d2fc5,0.949
1456327801.0,90c5a207,0.919
1456327801.0,44e9da67,0.929
1456327801.0,b1df20da,0.959
1456327801.0,a705a30f,0.959
1456327801.0,a38344c9,0.919
1456327801.0,e53def27,0.979
1456327801.0,0db4d96c,0.949
1456327801.0,aa5b4d9a,0.939
1456327801.0,c465775f,0.979
1456327801.0,3c7bc366,0.989
1456327801.0,2b88e2db,0.969
1456327801.0,e541a3b3,0.939
1456327801.0,a55049e5,0.949
1456327801.0,ef847136,0.939
1456327801.0,5d832d02,0.939
1456327801.0,f868a6b6,0.979
1456327801.0,e571ac33,0.959
1456327801.0,ded1172c,0.929
1456327801.0,12aafa0c,0.929
1456327801.0,f2c567b7,0.959
1456327801.0,955ed41d,0.934
1456327801.0,4f3c1b39,0.959
1456327801.0,8f4fb8f1,0.929
1456327801.0,60a86cf4,0.979
1456327801.0,53de80d3,0.959
1456327801.0,d0f9f901,0.969
1456327801.0,91d2ac21,0.934
1456327801.0,9827c099,0.959
1456327801.0,31e85a65,0.929
1456327801.0,e391e28b,0.939
1456327801.0,814d74ac,0.919
1456327801.0,48a40a0d,0.979
1456327801.0,f5ddff39,0.939
1456327801.0,ffaebdb9,0.949
1456327801.0,018136eb,0.959
1456327801.0,61f59311,0.959
1456327801.0,69e0cb90,0.939
1456327801.0,d0e7222d,0.999
1456327801.0,9cc23390,1.029
1456327801.0,f64d1649,0.939
1456327801.0,4cbdb1d8,0.969
1456327801.0,8b7a46ae,0.949
1456327801.0,21f6f55f,0.939
1456327801.0,bb738427,0.959
1456327801.0,645b2898,0.949
1456327801.0,9830928e,0.979
1456327801.0,43a0a005,0.969
1456327801.0,77b7abe7,0.959
1456327801.0,050d62ae,0.939
1456327801.0,d8c88922,0.959
1456327801.0,81be7dbb,0.949
1456327801.0,c08e7742,0.929
1456327801.0,5ca2e06e,0.939
1456327801.0,d15d1648,0.959
1456327801.0,cadf2d6d,0.939
1456327801.0,6006af67,0.969
1456327801.0,15d15c6f,0.939
1456327801.0,102299ad,0.949
1456327801.0,b6553c9c,0.949
1456327801.0,47c14a5e,1.029
1456327801.0,64fe3583,0.959
1456327801.0,98a945b9,0.959
1456327801.0,a57535f1,0.969
1456327801.0,90df0b88,0.939
1456327801.0,0dc5ec60,0.0
1456327801.0,62b199da,0.989
1456327801.0,559bd10e,0.969
1456327801.0,bb41a6c9,0.939
1456327801.0,6aa8dde2,0.949
1456327801.0,7001785d,0.939
1456327801.0,4c0e3547,0.909
1456327801.0,e4f7133f,0.939
1456327801.0,e0808ce1,0.939
1456327801.0,c8da9d10,0.929
1456327801.0,e9a8e0dc,0.929
1456327801.0,e4e801a1,0.899
1456327801.0,83439be0,0.929
1456327801.0,a2fee1df,0.969
1456327801.0,4824bf4c,0.939
1456327801.0,f76f3d3a,0.929
1456327801.0,0bf8686a,0.989
1456327801.0,0aed8034,0.969
1456327801.0,2d02e703,0.949
1456327801.0,cc477c7c,0.929
1456327801.0,b1ca0ed3,0.949
1456327801.0,8da197a5,0.969
1456327801.0,91713a4d,0.969
1456327801.0,42bd894d,0.929
1456327801.0,d02ee7d1,0.939
1456327801.0,dc4b8ae9,0.999
1456327801.0,abdc4de1,0.949
1456327801.0,e8328929,0.969
1456327801.0,84190755,0.939
1456327801.0,6927d550,0.949
1456327801.0,32065a23,0.939
1456327801.0,337bdfc2,0.939
1456327801.0,02da420f,0.969
1456327801.0,57a33e46,0.939
1456327801.0,4f2bb69c,0.949
1456327801.0,f684e085,0.939
1456327801.0,64658758,0.989
1456327801.0,8e2ad6dc,0.949
1456327801.0,dadc3ef8,0.949
1456327801.0,18a9621c,0.929
1456327801.0,a5de0540,0.949
1456327801.0,626660bc,0.969
1456327801.0,d86b6eaf,0.969
1456327801.0,9cd02b8c,0.939
1456327801.0,29c7431a,0.959
1456327801.0,4de24a20,0.939
1456327801.0,313314f6,0.969
1456327801.0,f76fac88,0.939
1456327801.0,c713cfc0,0.969
1456327801.0,ab57f5d6,0.949
1456327801.0,e8509e54,0.909
1456327801.0,6b4d97ef,0.999
1456327801.0,6bc29395,0.979
1456327801.0,57fbf14f,0.929
1456327801.0,d83a98ce,0.949
1456327801.0,2b03c896,0.949
1456327801.0,181dcd43,0.979
1456327801.0,f2b5514e,0.949
1456327801.0,eb970b3f,0.959
1456327801.0,d247620c,0.939
1456327801.0,38cc0cb5,0.929
1456327801.0,5a5bd833,0.929
1456327801.0,71885813,0.999
1456327801.0,040531cf,0.929
1456327801.0,8cedb45b,0.919
1456327801.0,4d930ee5,0.939
1456327801.0,51011eb5,0.949
1456327801.0,e9fe3dfb,0.959
1456327801.0,a9f445d8,0.959
1456327801.0,c56babf8,0.939
1456327801.0,ebb6637d,0.959
1456327801.0,9d3b9bdc,0.959
1456327801.0,cdb901b1,0.949
1456327801.0,21cee5b9,0.959
1456327801.0,fdf7f420,0.939
1456327801.0,,0.949
1456327801.0,827fe9cd,0.939
1456327801.0,fd278e66,0.939
1456327801.0,bd907a4a,0.929
1456327801.0,a0bdc489,0.949
1456327801.0,c0bb7774,0.979
1456327801.0,bbd2a218,0.949
1456327801.0,e5a3d8f9,0.929
1456327801.0,0bcc45f5,0.979
1456327801.0,eb680822,0.949
1456327801.0,d717e4c7,0.949
1456327801.0,41095c7b,0.929
1456327801.0,bc0ae2c6,1.079
1456327801.0,3d03dfc6,0.939
1456327801.0,,0.969
1456327801.0,03b3aa33,0.919
1456327801.0,680d2cb8,0.979
1456327801.0,dab2adef,0.949
1456327801.0,71b846ff,0.929
1456327801.0,9bfdebe0,0.979
1456327801.0,48aac8e9,0.939
1456327801.0,322c083e,0.919
1456327801.0,ece6b02f,0.959
1456327801.0,98c2fb0e,0.949
1456327801.0,4d916c9b,0.959
1456327801.0,d1a41417,0.969
1456327801.0,564ef774,0.929
1456327801.0,d3063bdf,0.959
1456327801.0,c985912f,0.969
1456327801.0,038e6a0c,0.929
1456327801.0,734b43c2,0.939
1456327801.0,72ee9f2a,0.949
1456327801.0,28367cbd,0.979
1456327801.0,ba73e19b,0.939
1456327801.0,e010375a,0.989
1456327801.0,ab2a652e,0.934
1456327801.0,5083e533,0.939
1456327801.0,5e575550,0.929
1456327801.0,3fc2e10c,0.919
1456327801.0,8d710f46,0.959
1456327801.0,43d54d96,0.969
1456327801.0,804e5bed,0.979
1456327801.0,8b3bfbbc,0.959
1456327801.0,72d26b77,0.949
1456327801.0,fff1f639,0.939
1456327801.0,315928ce,0.959
1456327801.0,6411aa60,0.989
1456327801.0,86cda778,0.929
1456327801.0,ddc6b3b1,0.939
1456327801.0,,0.929
1456327801.0,58a7384f,0.959
1456327801.0,52227bb2,0.939
1456327801.0,b6e44119,0.949
1456327801.0,dc6e88b0,0.969
1456327801.0,5a8f6bb5,0.949
1456327801.0,a2db42f9,0.945
1456327801.0,c0210272,0.939
1456327801.0,1f35a745,0.949
1456327801.0,1dd35703,0.919
1456327801.0,d5c5e431,0.939
1456327801.0,ae3c2fda,0.959
1456327801.0,649d4623,0.949
1456327801.0,e6db5233,0.929
1456327801.0,a45c4dc1,0.949
1456327801.0,057c5d18,0.929
1456327801.0,e95e6a2a,0.939
1456327801.0,bedf720e,0.949
1456327801.0,8c5eeeac,0.969
1456327801.0,025d70e0,0.949
1456327801.0,f4b9d561,0.929
1456327801.0,f3cc2d61,0.939
1456327801.0,4d79856a,0.949
1456327801.0,e91ec3d6,0.969
1456327801.0,b4154d71,0.959
1456327801.0,5bba111d,0.969
1456327801.0,800691b2,0.949
1456327801.0,e657e4ae,0.969
1456327801.0,4b5de4ac,0.969
1456327801.0,0bffb72e,0.959
1456327801.0,0a787e26,1.029
1456327801.0,18bd42e9,0.989
1456327801.0,4ab9094d,0.949
1456327801.0,d72d099c,0.939
1456327801.0,85a8d903,0.919
1456327801.0,f47e8638,0.959
1456327801.0,e89c4d58,0.939
1456327801.0,6a629c0f,0.939
1456327801.0,0846ce19,0.939
1456327801.0,84fcbe9f,0.929
1456327801.0,a0fab520,0.949
1456327801.0,44daa76b,0.939
1456327801.0,ac394be0,0.929
1456327801.0,69137adc,0.949
1456327801.0,7ead535b,0.919
1456327801.0,e2eadef7,0.949
1456327801.0,03ed2a59,0.959
1456327801.0,97c7cfca,0.939
1456327801.0,63a9da40,0.949
1456327801.0,bfe9ba44,0.979
1456327801.0,3c0f4b64,0.929
1456327801.0,b84f5be2,0.949
1456327801.0,d99f8c72,0.949
1456327801.0,352eedb0,0.939
1456327801.0,12c23508,0.949
1456327801.0,b7d922c5,0.979
1456327801.0,0a224fb3,0.929
1456327801.0,42b80e51,0.959
1456327801.0,1f9d1ea6,0.969
1456327801.0,30f8c62f,0.979
1456327801.0,f92bdf7c,0.929
1456327801.0,6fbc265f,0.979
1456327801.0,398b6ec7,0.969
1456327801.0,bae5af8d,0.929
1456327801.0,a373cdfc,0.939
1456327801.0,e526650e,0.919
1456327801.0,1054110c,0.924
1456327801.0,bcab79d7,0.919
1456327801.0,3cb9cc00,0.929
1456327801.0,9d948dce,0.989
1456327801.0,84387118,0.989
1456327801.0,d0c595a5,0.949
1456327801.0,94c0e547,0.949
1456327801.0,512f32d1,0.939
1456327801.0,2fd29268,0.929
1456327801.0,957e19a6,0.919
1456327801.0,73e22345,0.949
1456327801.0,e5b25ce5,0.919
1456327801.0,78f791f9,0.919
1456327801.0,dc4c222b,0.919
1456327801.0,eeca31d3,0.979
1456327801.0,7cc832ba,0.919
1456327801.0,332ba2e4,0.919
1456327801.0,b559c5aa,0.949
1456327801.0,9022b426,0.949
1456327801.0,78f2b451,0.969
1456327801.0,0bb28765,0.939
1456327801.0,85e30d0e,0.949
1456327801.0,3d6503e3,0.979
1456327801.0,9ebd92af,0.939
1456327801.0,78a3ab05,0.939
1456327801.0,037aefcb,0.959
1456327801.0,afb0335d,0.929
1456327801.0,3ba3cf9a,0.939
1456327801.0,e56bfa23,0.889
1456327801.0,f9294b46,0.949
1456327801.0,1510f5e1,0.999
1456327801.0,cd2c8158,0.959
1456327801.0,5b1a63ab,0.949
1456327801.0,f9f836d8,0.989
1456327801.0,19c8f617,0.969
1456327801.0,495cdb73,0.959
1456327801.0,e1920309,0.949
1456327801.0,d766c910,0.959
1456327801.0,c089a061,0.959
1456327801.0,594fc2e9,0.969
1456327801.0,7062eb92,0.969
1456327801.0,833241cf,0.979
1456327801.0,5cbc21f8,0.959
1456327801.0,7d0753eb,0.929
1456327801.0,6bbd3dc3,0.959
1456327801.0,7f1b1544,0.939
1456327801.0,7a952315,0.939
1456328041.0,fa0f2011,0.939
1456328041.0,3a4ffbbf,0.939
1456328041.0,ef2c1942,0.929
1456328041.0,ef6d9b93,0.939
1456328041.0,29076544,0.919
1456328041.0,722c316b,0.909
1456328041.0,982b4a02,0.989
1456328041.0,01f0fa8d,0.959
1456328041.0,cfd74c18,0.949
1456328041.0,7d989a39,0.929
1456328041.0,5b737243,0.929
1456328041.0,92512d7c,0.939
1456328041.0,48d20717,0.959
1456328041.0,0297c11e,0.929
1456328041.0,42821895,0.929
1456328041.0,1c83ff33,0.959
1456328041.0,bd167c7d,0.929
1456328041.0,7715f72c,0.969
1456328041.0,be7b97ad,0.949
1456328041.0,ae55b396,0.939
1456328041.0,5ff2f593,0.989
1456328041.0,bfcfe44e,0.939
1456328041.0,64ac75f0,0.929
1456328041.0,7d30b511,0.959
1456328041.0,aee75779,0.899
1456328041.0,72d94c9d,0.979
1456328041.0,bf5b9c36,0.939
1456328041.0,bc572eb7,0.949
1456328041.0,00d52b83,0.939
1456328041.0,ed9bb208,0.939
1456328041.0,42b1b318,0.989
1456328041.0,d6f30aff,0.969
1456328041.0,609e4eb1,0.969
1456328041.0,87d550b4,0.969
1456328041.0,03892e91,0.979
1456328041.0,f032f387,0.979
1456328041.0,3277bf79,0.939
1456328041.0,601bbb50,0.959
1456328041.0,909782ef,0.959
1456328041.0,9423afb9,0.929
1456328041.0,4ffe2958,0.939
1456328041.0,06f8b9dc,0.979
1456328041.0,49230def,0.969
1456328041.0,697d8735,0.969
1456328041.0,f448cc0a,0.939
1456328041.0,0d9ac59b,0.939
1456328041.0,234c6f7e,0.949
1456328041.0,de1ded73,0.949
1456328041.0,b86ca5b3,0.939
1456328041.0,000f12ff,0.969
1456328041.0,edcf5ae9,0.979
1456328041.0,ee75d139,0.949
1456328041.0,2629c35e,0.959
1456328041.0,d7bb7cbb,0.929
1456328041.0,69bda9c6,0.969
1456328041.0,90201097,0.949
1456328041.0,4a2e604f,0.949
1456328041.0,cfab0b9f,0.939
1456328041.0,9b5b616a,0.969
1456328041.0,a271e835,0.949
1456328041.0,53db0fe7,0.969
1456328041.0,98cb49b1,0.969
1456328041.0,5d6403f6,0.959
1456328041.0,02f5834c,0.959
1456328041.0,1f6a05c5,0.949
1456328041.0,0334f503,0.929
1456328041.0,0f6fe1eb,0.929
1456328041.0,3b11c17c,0.989
1456328041.0,4d87940f,0.939
1456328041.0,a1add909,0.959
1456328041.0,8fc0b78f,0.949
1456328041.0,30546742,0.939
1456328041.0,117e8bca,0.939
1456328041.0,3fdc1762,0.919
1456328041.0,0618ae27,0.0
1456328041.0,21fa9a42,0.929
1456328041.0,9f4abaf3,0.939
1456328041.0,ac54aab9,0.979
1456328041.0,095187b4,0.979
1456328041.0,2a4db9c0,0.969
1456328041.0,1ad0b27a,0.969
1456328041.0,4a10a924,0.959
1456328041.0,2731c4c9,0.939
1456328041.0,bca5b114,0.949
1456328041.0,3466d43f,0.959
1456328041.0,edd2f7b6,0.969
1456328041.0,95cc0772,0.959
1456328041.0,108a3669,0.969
1456328041.0,76a9774c,0.949
1456328041.0,a2729b52,0.949
1456328041.0,d903b794,0.949
1456328041.0,980d97ef,0.929
1456328041.0,aea8331e,0.949
1456328041.0,45d8dea2,0.979
1456328041.0,2e136376,0.969
1456328041.0,859fc025,0.969
1456328041.0,d2905129,0.949
1456328041.0,c2b3c7ad,0.929
1456328041.0,28f0e708,0.0
1456328041.0,058f886a,0.949
1456328041.0,ad7fb7be,0.949
1456328041.0,9d98d36c,1.059
1456328041.0,45427090,0.959
1456328041.0,4d40c826,0.919
1456328041.0,8977de4b,0.964
1456328041.0,1cd02c26,0.949
1456328041.0,8a577495,0.939
1456328041.0,99101bcc,0.969
1456328041.0,e1dc56d2,0.919
1456328041.0,4fee3e6d,0.959
1456328041.0,4778e8a1,0.939
1456328041.0,3dbf1358,1.009
1456328041.0,f46401d5,0.919
1456328041.0,421aabe4,0.939
1456328041.0,c6a133a0,0.939
1456328041.0,89756dbc,0.959
1456328041.0,ba07cf1e,0.989
1456328041.0,,0.969
1456328041.0,c5931a7d,0.939
1456328041.0,87f30cbe,0.979
1456328041.0,e823f51f,0.979
1456328041.0,6728212d,0.949
1456328041.0,e1bc26f0,0.939
1456328041.0,374b5919,0.949
1456328041.0,4be880d0,0.949
1456328041.0,a4b3856b,0.959
1456328041.0,3bf045f8,0.929
1456328041.0,53f24788,0.989
1456328041.0,5fe1d57e,0.969
1456328041.0,dafe4162,0.949
1456328041.0,0320429a,0.939
1456328041.0,5c405f95,0.949
1456328041.0,7ba8ceb3,0.929
1456328041.0,c5e5d152,0.949
1456328041.0,4fe003ba,0.989
1456328041.0,95712e33,0.979
1456328041.0,67adadfc,0.939
1456328041.0,dbee4a44,0.939
1456328041.0,9e6ada8a,0.0
1456328041.0,80c4f678,0.949
1456328041.0,e946aba1,0.939
1456328041.0,7aa7e8fe,0.939
1456328041.0,4c76dbcf,0.979
1456328041.0,b998b207,0.969
1456328041.0,b6553c9c,0.949
1456328041.0,910ecd45,0.949
1456328041.0,15c74866,0.939
1456328041.0,b72a502f,0.939
1456328041.0,05babe25,0.949
1456328041.0,302e12a9,0.969
1456328041.0,5b63b72b,0.949
1456328041.0,780114cd,0.939
1456328041.0,14b2ac02,0.949
1456328041.0,fad136e0,0.929
1456328041.0,fe2084ca,0.939
1456328041.0,cd5312ba,0.939
1456328041.0,afba3b1b,0.939
1456328041.0,ec3d4f7a,0.929
1456328041.0,7d589b96,0.949
1456328041.0,51ff36bc,0.939
1456328041.0,073b7de4,0.969
1456328041.0,fc7209ce,0.959
1456328041.0,2d22d73a,0.979
1456328041.0,6f2ba4ed,0.969
1456328041.0,1e041b07,0.939
1456328041.0,51ebd486,0.929
1456328041.0,4f5899c2,0.929
1456328041.0,2cd4012d,0.939
1456328041.0,6cc0c30a,0.919
1456328041.0,cf8764e5,0.909
1456328041.0,5c0d42b0,0.939
1456328041.0,bce1fe2d,0.909
1456328041.0,bc509654,0.949
1456328041.0,ea80ce64,0.919
1456328041.0,7e5a6d3f,0.929
1456328041.0,3bb367b0,0.929
1456328041.0,a3ff8022,0.939
1456328041.0,7174859c,0.949
1456328041.0,7f3fc915,0.979
1456328041.0,b45d7a66,0.929
1456328041.0,460a378a,0.929
1456328041.0,b27b4435,0.949
1456328041.0,5dbdb1ad,0.899
1456328041.0,59698c83,0.929
1456328041.0,99079efc,0.959
1456328041.0,dc3f469b,0.919
1456328041.0,cef28ece,0.909
1456328041.0,11364835,0.919
1456328041.0,3d592311,0.929
1456328041.0,11b2e08c,0.899
1456328041.0,dc2aecd3,0.929
1456328041.0,8caf6dad,0.949
1456328041.0,10e899a5,0.919
1456328041.0,a5b19cba,0.939
1456328041.0,9c16f557,0.899
1456328041.0,62d555b9,0.949
1456328041.0,20c2b8e7,0.949
1456328041.0,cd0b941e,0.919
1456328041.0,d30449b6,0.919
1456328041.0,79470901,0.899
1456328041.0,d6fc46e5,0.939
1456328041.0,054077ee,0.939
1456328041.0,ed9d46be,0.899
1456328041.0,0da71099,0.909
1456328041.0,ed221b09,0.969
1456328041.0,d1b50fc2,0.939
1456328041.0,83c02c47,0.919
1456328041.0,8b2b7d79,0.929
1456328041.0,929af7b6,0.909
1456328041.0,8ee67957,0.919
1456328041.0,0ecf4b78,0.959
1456328041.0,92ea5ddf,0.929
1456328041.0,96a5f54a,0.919
1456328041.0,82e87a14,0.919
1456328041.0,c1d8560d,0.959
1456328041.0,fee64542,0.909
1456328041.0,7de438fa,0.969
1456328041.0,ad269c98,0.929
1456328041.0,a612d3c6,0.969
1456328041.0,9dfbd4dd,0.939
1456328041.0,c52d9727,0.979
1456328041.0,24f09d82,0.929
1456328041.0,1ca78cac,0.919
1456328041.0,18e554be,0.949
1456328041.0,840dc1e3,0.929
1456328041.0,c7a00e1c,0.939
1456328041.0,6ac179bc,0.939
1456328041.0,ad25712e,0.919
1456328041.0,9aa6fe97,0.919
1456328041.0,d137631c,0.919
1456328041.0,2d084788,0.919
1456328041.0,9ecc2084,0.939
1456328041.0,5b0a88cf,0.929
1456328041.0,efe3611d,0.929
1456328041.0,f4d0450c,0.939
1456328041.0,a7984b2a,0.909
1456328041.0,e9e141d7,0.959
1456328041.0,acd894be,0.899
1456328041.0,8a338e32,0.919
1456328041.0,dd784264,0.949
1456328041.0,a2b07888,0.919
1456328041.0,e4070c0e,0.929
1456328041.0,ffb71aa8,0.909
1456328041.0,413f1831,0.949
1456328041.0,f435573a,0.969
1456328041.0,6a9f527e,0.929
1456328041.0,91f0a0fd,0.929
1456328041.0,613352d7,0.929
1456328041.0,8a440ea4,0.969
1456328041.0,e99f823b,0.929
1456328041.0,d0407554,0.929
1456328041.0,afafdf69,0.919
1456328041.0,29b24eee,0.949
1456328041.0,b375596b,1.059
1456328041.0,4119ba76,0.959
1456328041.0,31063bb4,0.959
1456328041.0,5d3d8db3,0.949
1456328041.0,769a446c,0.949
1456328041.0,ed416c52,0.979
1456328041.0,32569e43,0.934
1456328041.0,ebef875b,0.959
1456328041.0,7fd3e47e,0.949
1456328041.0,94862ec3,0.969
1456328041.0,5082e3d6,0.969
1456328041.0,b1ca0ed3,0.949
1456328041.0,4eea00cc,0.959
1456328041.0,0d721874,0.959
1456328041.0,5dd1bb39,0.964
1456328041.0,0bb04dd0,0.979
1456328041.0,0e9418e2,1.029
1456328041.0,3050301a,0.949
1456328041.0,9256a6d6,0.979
1456328041.0,e55033ae,0.929
1456328041.0,486e56d0,0.909
1456328041.0,4b7e86ba,0.989
1456328041.0,831f7129,0.989
1456328041.0,dc080c47,0.959
1456328041.0,8ff83a00,0.959
1456328041.0,a7fc7f1f,0.929
1456328041.0,6307df0c,0.949
1456328041.0,586ea323,0.939
1456328041.0,c7b90ec6,0.989
1456328041.0,dc6dee32,0.959
1456328041.0,e8328929,0.959
1456328041.0,83079e85,0.959
1456328041.0,a1eb62eb,0.959
1456328041.0,ec2af182,0.959
1456328041.0,4c962a80,0.959
1456328041.0,68492860,0.959
1456328041.0,1a45c6ef,0.939
1456328041.0,a2d171ec,0.949
1456328041.0,3c83ccc5,0.939
1456328041.0,4cd470ad,0.909
1456328041.0,677b887d,0.979
1456328041.0,0bcba7c2,1.069
1456328041.0,a8a8c5b1,0.979
1456328041.0,d88d8a20,0.999
1456328041.0,5a8b71b2,0.929
1456328041.0,fa662b00,0.939
1456328041.0,9b0e4618,0.939
1456328041.0,4ee0535e,0.959
1456328041.0,2080cd01,0.939
1456328041.0,0bd89a27,0.979
1456328041.0,8fc1cab3,0.929
1456328041.0,3435fb8d,0.999
1456328041.0,9dc9d249,0.949
1456328041.0,8babf7a8,0.959
1456328041.0,c03f4ffa,0.929
1456328041.0,b0599356,0.939
1456328041.0,f37029f1,0.949
1456328041.0,c16682b0,0.0
1456328041.0,75d9dd17,0.919
1456328041.0,c5f7c662,0.899
1456328041.0,f7664845,0.969
1456328041.0,5e128c51,0.959
1456328041.0,a5de0540,0.949
1456328041.0,7683a8c0,0.949
1456328041.0,2ee6700c,0.949
1456328041.0,0e237692,0.969
1456328041.0,313314f6,0.939
1456328041.0,a40e21ff,0.918
1456328041.0,8b0230d5,0.969
1456328041.0,b145875f,0.964
1456328041.0,716935a5,0.969
1456328041.0,d34ed29d,0.949
1456328041.0,90789f94,0.929
1456328041.0,812e609b,0.939
1456328041.0,11bd050d,0.949
1456328041.0,2d3e73c9,0.949
1456328041.0,09f1de85,0.949
1456328041.0,712e5646,0.949
1456328041.0,,0.949
1456328041.0,12dc6fb6,0.929
1456328041.0,9456a93d,0.989
1456328041.0,76176c12,0.929
1456328041.0,b204b97b,0.989
1456328041.0,01b60b00,0.979
1456328041.0,7b0e8c8c,0.969
1456328041.0,1769c36a,0.959
1456328041.0,d2585bd9,0.939
1456328041.0,65600788,0.969
1456328041.0,69539d07,0.929
1456328041.0,4100c9dd,0.959
1456328041.0,7d7f9529,0.949
1456328041.0,284b19f5,0.949
1456328041.0,15b8b7e7,0.939
1456328041.0,5e6a8982,0.949
1456328041.0,e766a873,0.969
1456328041.0,d0445c11,0.959
1456328041.0,4f704bb1,0.929
1456328041.0,7f9596ee,0.969
1456328041.0,9042df2b,0.969
1456328041.0,4446050c,0.949
1456328041.0,3bafbbfc,0.949
1456328041.0,22bd0a6a,0.959
1456328041.0,60deaffb,0.959
1456328041.0,23c736d7,0.939
1456328041.0,f14d7030,0.909
1456328041.0,95d7c5d3,0.929
1456328041.0,a1c3be4b,0.939
1456328041.0,94fba20b,0.0
1456328041.0,e3792bc9,0.979
1456328041.0,197f9f1a,0.969
1456328041.0,72ecbc2d,0.979
1456328041.0,0df6de58,0.929
1456328041.0,80e8cb89,0.999
1456328041.0,990f2a08,0.969
1456328041.0,f6884200,0.939
1456328041.0,097d5277,0.979
1456328041.0,7c91739b,0.959
1456328041.0,ea2476b3,0.949
1456328041.0,9f0d800f,0.949
1456328041.0,42d0c2aa,0.949
1456328041.0,d305e9d3,0.959
1456328041.0,1d1829c8,0.939
1456328041.0,a8582781,0.969
1456328041.0,0fe71322,0.949
1456328041.0,179ba00b,0.959
1456328041.0,04762b7c,0.959
1456328041.0,0e31f374,0.959
1456328041.0,8785401b,0.949
1456328041.0,4dd8d911,0.949
1456328041.0,9bfdebe0,0.979
1456328041.0,0986d9b8,0.949
1456328041.0,d881269d,0.979
1456328041.0,ac9715c2,0.949
1456328041.0,80a74921,0.989
1456328041.0,810ecb7a,0.929
1456328041.0,47338686,0.949
1456328041.0,07ccba78,0.979
1456328041.0,06ac238a,0.959
1456328041.0,524ca315,0.949
1456328041.0,13fe91d4,0.949
1456328041.0,4604fb62,0.969
1456328041.0,c096f63b,0.909
1456328041.0,9171a74f,0.0
1456328041.0,3d10cfa0,0.959
1456328041.0,2dca7c1d,1.129
1456328041.0,779b5eda,0.939
1456328041.0,6514f251,0.939
1456328041.0,51129db6,0.969
1456328041.0,4270cadf,0.959
1456328041.0,0b7da931,0.949
1456328041.0,a2f965eb,0.939
1456328041.0,a9ac5f0c,0.948
1456328041.0,a202f414,0.939
1456328041.0,a0df1a9c,0.979
1456328041.0,536d9ac3,1.009
1456328041.0,958542ce,0.959
1456328041.0,e4c59692,0.989
1456328041.0,900b80b7,0.959
1456328041.0,edc52f30,0.949
1456328041.0,48dfc338,0.939
1456328041.0,779d347d,0.939
1456328041.0,3346c58a,0.959
1456328041.0,68389c7f,0.959
1456328041.0,2b52627f,0.959
1456328041.0,d5fda8a5,0.969
1456328041.0,493eff35,0.969
1456328041.0,c98acfc1,0.979
1456328041.0,e0c1778e,0.939
1456328041.0,7cce432f,0.939
1456328041.0,7a695f48,0.969
1456328041.0,f8c5b496,0.969
1456328041.0,a459b6b0,0.959
1456328041.0,3c7c43a2,0.929
1456328041.0,a2d8eda4,0.979
1456328041.0,2abd710b,0.969
1456328041.0,cfaa81ec,0.984
1456328041.0,aa0cc0ae,0.939
1456328041.0,82d40753,0.949
1456328041.0,19c801a7,0.959
1456328041.0,,0.959
1456328041.0,d010f6f4,0.949
1456328041.0,29f85de3,0.959
1456328041.0,2dcd1fcb,0.969
1456328041.0,99d8c1e8,1.029
1456328041.0,bab71d7a,0.979
1456328041.0,aea5cadc,0.959
1456328041.0,bd3ce4cc,0.989
1456328041.0,d1ff19d3,0.949
1456328041.0,6a8c8b44,0.969
1456328041.0,aeef5cf2,0.959
1456328041.0,3ab2d959,0.959
1456328041.0,682145e8,0.939
1456328041.0,86e12f55,0.939
1456328041.0,8c04c7d4,0.939
1456328041.0,54cd89cc,0.999
1456328041.0,dfb31960,0.939
1456328041.0,6587d030,0.939
1456328041.0,c6343770,0.929
1456328041.0,e5e737e8,0.949
1456328041.0,14295632,0.929
1456328041.0,59c3c78c,0.969
1456328041.0,e83ab5b0,0.939
1456328041.0,2dc3d215,0.969
1456328041.0,a291fa50,0.929
1456328041.0,fffcb866,0.949
1456328041.0,270ee8bf,0.939
1456328041.0,24755427,0.969
1456328041.0,f9befed0,0.969
1456328041.0,9afda374,0.979
1456328041.0,2eb47ed3,0.959
1456328041.0,2d3711fd,0.939
1456328041.0,a3409eaf,0.949
1456328041.0,8cb60ffa,0.969
1456328041.0,0f200738,0.939
1456328041.0,461b2a68,0.929
1456328041.0,7ead535b,0.919
1456328041.0,42bd32f3,0.959
1456328041.0,ae505f44,0.969
1456328041.0,fd5c987c,0.929
1456328041.0,028d28be,0.949
1456328041.0,f2c8e01a,0.959
1456328041.0,4951f110,0.969
1456328041.0,7ee5da0f,0.949
1456328041.0,f74a068e,0.964
1456328041.0,352eedb0,0.929
1456328041.0,0f7beaca,0.959
1456328041.0,73b03911,0.979
1456328041.0,a537b03c,0.929
1456328041.0,ed90985b,1.029
1456328041.0,d25a0585,0.959
1456328041.0,9eb320c2,0.959
1456328041.0,5f6eaa74,1.009
1456328041.0,364488f7,0.919
1456328041.0,bccaf145,0.939
1456328041.0,02a3ff50,0.919
1456328041.0,a07f50c4,0.929
1456328041.0,915f4559,0.949
1456328041.0,9a2903a3,0.959
1456328041.0,22ac7d75,0.939
1456328041.0,3f48f52e,0.939
1456328041.0,cb71673a,0.969
1456328041.0,b3d69d8e,0.919
1456328041.0,164f2a7e,0.919
1456328041.0,5daabe07,0.929
1456328041.0,3be6fb85,0.959
1456328041.0,2dfe8082,0.929
1456328041.0,add88990,0.979
1456328041.0,,0.939
1456328041.0,,0.949
1456328041.0,66651818,0.949
1456328041.0,e05e8acf,0.989
1456328041.0,806052b0,0.949
1456328041.0,d6c505e9,0.949
1456328041.0,9901346d,0.929
1456328041.0,a23d5fdf,0.959
1456328041.0,c96b90cb,0.939
1456328041.0,c3e9fea8,0.934
1456328041.0,a3480cfc,0.959
1456328041.0,fe0014ec,0.989
1456328041.0,35d91334,0.959
1456328041.0,7121a112,0.949
1456328041.0,5b1dc219,0.939
1456328041.0,ee131d1e,0.939
1456328041.0,7a875bfd,0.969
1456328041.0,d766ce97,0.929
1456328041.0,f2e88219,0.959
1456328041.0,0290e578,0.959
1456328041.0,974de11a,0.959
1456328041.0,915ee14c,0.959
1456328041.0,c0ab948d,0.969
1456328041.0,00fa08de,0.959
1456328041.0,5369373f,0.979
1456328041.0,98ba3c6d,0.939
1456328041.0,b8ab8097,0.969
1456328041.0,dbb6df9e,0.989
1456328041.0,b8b66437,0.949
1456328041.0,3af8e691,0.969
1456328041.0,881b7fb8,0.959
1456328041.0,7b4a45e6,0.929
1456328041.0,f230f25c,0.959
1456328041.0,aa9c7d7a,0.989
1456328041.0,610132a0,0.969
1456328041.0,4fe4aa3c,0.919
1456328041.0,90f25014,0.969
1456328041.0,4f2ced03,0.959
1456328041.0,39376aa1,0.989
1456328041.0,8b5466e6,0.939
1456328041.0,5e128548,0.939
1456328041.0,218fd480,0.949
1456328041.0,cd52f1cb,0.979
1456328041.0,a59de654,0.949
1456328041.0,31d95abd,0.939
1456328281.0,8f921904,0.939
1456328281.0,1248a8aa,0.959
1456328281.0,b5cf690e,0.939
1456328281.0,28ed1025,0.959
1456328281.0,de99c5f4,0.939
1456328281.0,79e4f3bc,0.929
1456328281.0,588ff3f2,0.939
1456328281.0,722c316b,0.909
1456328281.0,982b4a02,0.949
1456328281.0,da976067,0.929
1456328281.0,86700cdc,0.929
1456328281.0,82148954,0.919
1456328281.0,35fd3576,0.939
1456328281.0,b38c29e8,0.919
1456328281.0,0f3e781e,1.009
1456328281.0,a16736fc,0.929
1456328281.0,7006be5d,0.929
1456328281.0,c8fd7bd8,0.929
1456328281.0,7473e055,0.939
1456328281.0,c17b17c8,0.929
1456328281.0,417dc490,0.969
1456328281.0,ebd3c375,0.939
1456328281.0,ab7cf567,0.919
1456328281.0,3277bf79,0.929
1456328281.0,,0.959
1456328281.0,fa657190,0.949
1456328281.0,e85f8007,0.949
1456328281.0,b4032e28,0.949
1456328281.0,aa00a8f6,0.994
1456328281.0,7c0392d5,0.949
1456328281.0,655c57b5,0.929
1456328281.0,1d0dbcee,0.939
1456328281.0,17e38b8d,0.939
1456328281.0,f5c448cd,0.959
1456328281.0,4764c22b,0.969
1456328281.0,bbf56463,0.929
1456328281.0,4b229f4e,0.949
1456328281.0,ed5d2ad9,0.939
1456328281.0,b2a7fde4,0.939
1456328281.0,a72d491e,0.949
1456328281.0,f1a7c19d,0.999
1456328281.0,09638887,0.939
1456328281.0,eb5d6331,0.969
1456328281.0,0670c33b,0.969
1456328281.0,8bb9b028,0.919
1456328281.0,e37ae88a,0.939
1456328281.0,8dbae4c1,0.919
1456328281.0,b3141223,0.979
1456328281.0,0618ae27,0.949
1456328281.0,14af1303,0.959
1456328281.0,c1db295a,0.929
1456328281.0,41065536,0.924
1456328281.0,5ae6dfd2,0.989
1456328281.0,18ff9945,0.959
1456328281.0,ed56981f,0.969
1456328281.0,8d3bf964,0.959
1456328281.0,3dfc83c4,0.939
1456328281.0,9a1a2584,0.929
1456328281.0,5f34425a,0.989
1456328281.0,bce781d3,1.029
1456328281.0,45752743,0.979
1456328281.0,a1b6608c,0.949
1456328281.0,1d3c1b45,0.979
1456328281.0,d31ca38d,0.969
1456328281.0,cb6bf035,0.979
1456328281.0,417a37d7,0.959
1456328281.0,d8a919a3,0.939
1456328281.0,548c8c9c,0.969
1456328281.0,9d98d36c,1.009
1456328281.0,bff84a14,0.949
1456328281.0,623e9424,0.949
1456328281.0,2c835e88,0.949
1456328281.0,b803381b,0.959
1456328281.0,592c2c00,0.919
1456328281.0,785d1098,0.959
1456328281.0,7573fd74,0.939
1456328281.0,e2c6b885,0.949
1456328281.0,990318d3,0.969
1456328281.0,88ae9f44,0.979
1456328281.0,059e6005,0.989
1456328281.0,77b7abe7,0.949
1456328281.0,4d248889,0.949
1456328281.0,81be7dbb,0.939
1456328281.0,bbe6dd3b,0.919
1456328281.0,121e3dd1,0.939
1456328281.0,7d9fd3be,0.929
1456328281.0,7da0a752,0.999
1456328281.0,b54a85b1,0.919
1456328281.0,0c6176b8,0.939
1456328281.0,7c00341e,0.939
1456328281.0,d9c79532,0.989
1456328281.0,8983a3f5,0.939
1456328281.0,f903d8b7,0.969
1456328281.0,79df2cb3,0.949
1456328281.0,26b1d7b1,0.989
1456328281.0,d1207062,0.999
1456328281.0,cffd6e1f,1.019
1456328281.0,6df00f1d,0.959
1456328281.0,74e674a6,0.939
1456328281.0,78e80807,0.969
1456328281.0,bb4f2dca,0.959
1456328281.0,a00c53b9,0.919
1456328281.0,34b00dee,0.919
1456328281.0,fedb2736,0.949
1456328281.0,42043d80,0.959
1456328281.0,291377c9,0.949
1456328281.0,86f0ca05,0.939
1456328281.0,7a876cfb,0.949
1456328281.0,360ecf54,0.929
1456328281.0,6acdb3a0,0.939
1456328281.0,f6301788,0.959
1456328281.0,b6a47707,0.989
1456328281.0,e6b2872b,0.939
1456328281.0,de0b1b58,0.939
1456328281.0,c5bb659b,0.919
1456328281.0,c86a322d,0.949
1456328281.0,1da77d0b,0.949
1456328281.0,514e885f,0.949
1456328281.0,fcd1aad6,0.939
1456328281.0,945346f0,0.919
1456328281.0,49e3bef7,0.919
1456328281.0,945202a2,0.959
1456328281.0,158221e0,0.949
1456328281.0,44166963,0.959
1456328281.0,93a0a521,0.954
1456328281.0,26e6f2fe,0.979
1456328281.0,b375596b,1.009
1456328281.0,50c1aaef,0.979
1456328281.0,2e518aaf,0.929
1456328281.0,89255a1b,0.969
1456328281.0,3dde29b4,0.969
1456328281.0,cd48d6b6,0.969
1456328281.0,0aed8034,0.969
1456328281.0,bfc6b6eb,0.929
1456328281.0,b594d429,0.939
1456328281.0,,0.979
1456328281.0,a58775a0,0.949
1456328281.0,2214026d,0.969
1456328281.0,755c641f,0.929
1456328281.0,671cf752,0.974
1456328281.0,6edd64cb,0.969
1456328281.0,4f3ac261,0.959
1456328281.0,152f198a,0.979
1456328281.0,576e47d1,0.919
1456328281.0,15bbe4b6,0.959
1456328281.0,450ed4aa,0.939
1456328281.0,f98eae96,0.949
1456328281.0,c328902c,0.949
1456328281.0,03ca5dbc,0.939
1456328281.0,e9a10aef,0.959
1456328281.0,5a3d51b4,0.969
1456328281.0,443ddb72,0.949
1456328281.0,082f2eb7,0.959
1456328281.0,682a7b74,0.979
1456328281.0,9501b2c0,0.939
1456328281.0,f8874753,0.969
1456328281.0,59214d4e,0.969
1456328281.0,18a9621c,0.919
1456328281.0,76e0e2ad,0.939
1456328281.0,8a128851,0.949
1456328281.0,ba33f726,0.959
1456328281.0,d51a9b5e,0.959
1456328281.0,c980bb7e,0.949
1456328281.0,a40e21ff,0.918
1456328281.0,d3dc7d8c,0.969
1456328281.0,,0.959
1456328281.0,613ea133,0.989
1456328281.0,1037129e,0.944
1456328281.0,aa65bfee,0.959
1456328281.0,9456a93d,0.959
1456328281.0,2e852031,0.949
1456328281.0,1d76bf20,0.929
1456328281.0,ff608fc4,0.919
1456328281.0,7b0e8c8c,0.949
1456328281.0,b1dd859f,0.969
1456328281.0,4d70ed85,0.939
1456328281.0,af4eebe4,0.929
1456328281.0,acd5644c,0.929
1456328281.0,44495201,0.939
1456328281.0,094e5a20,0.969
1456328281.0,,0.959
1456328281.0,ec19c93a,0.989
1456328281.0,aac612fe,0.969
1456328281.0,9ca777a2,0.969
1456328281.0,1cb6edaf,0.919
1456328281.0,6f03c04e,0.939
1456328281.0,ffc9d841,0.969
1456328281.0,75151463,0.939
1456328281.0,a64e2d63,0.949
1456328281.0,212dc31a,0.939
1456328281.0,e57ad6a0,0.939
1456328281.0,bf425f54,0.919
1456328281.0,7cdc9523,0.969
1456328281.0,5ef11225,0.959
1456328281.0,c394bd6a,0.979
1456328281.0,410bb594,0.939
1456328281.0,38b019be,0.979
1456328281.0,8ef380b6,0.959
1456328281.0,efb43212,0.989
1456328281.0,b17608a3,0.939
1456328281.0,a6cef350,0.969
1456328281.0,a807ecd5,1.029
1456328281.0,59304ef4,0.959
1456328281.0,460c213f,0.929
1456328281.0,66e5052b,0.959
1456328281.0,a0bca24c,0.929
1456328281.0,a8310af0,0.959
1456328281.0,11ed7bd3,0.989
1456328281.0,8bce4624,0.959
1456328281.0,87bbe419,0.939
1456328281.0,59635b5d,0.939
1456328281.0,9354b0fc,0.939
1456328281.0,d950f36c,0.989
1456328281.0,e109622e,0.959
1456328281.0,322c083e,0.919
1456328281.0,d5d87feb,0.979
1456328281.0,bc4dffd2,0.959
1456328281.0,564ef774,0.929
1456328281.0,1858a39e,0.959
1456328281.0,fab361d0,0.989
1456328281.0,530cc62e,0.969
1456328281.0,1425b025,0.949
1456328281.0,109dc483,0.969
1456328281.0,93ef3495,0.999
1456328281.0,d2e178a4,0.939
1456328281.0,82d9d2c3,0.959
1456328281.0,058a54eb,0.989
1456328281.0,b1184001,0.959
1456328281.0,ae45fd8e,0.929
1456328281.0,3e8e99dc,0.949
1456328281.0,74864c80,0.979
1456328281.0,4ffb64c8,0.969
1456328281.0,79534436,0.929
1456328281.0,7f49ff21,0.939
1456328281.0,672e6c5e,0.989
1456328281.0,6ce97072,0.989
1456328281.0,7c781a47,0.949
1456328281.0,39040b75,0.969
1456328281.0,2e1573c2,0.959
1456328281.0,34cd760d,0.949
1456328281.0,2f349c74,0.939
1456328281.0,dc76e214,0.959
1456328281.0,26906f78,0.979
1456328281.0,0d6425bc,0.949
1456328281.0,c09f1e3e,0.989
1456328281.0,27ad4edd,0.979
1456328281.0,76cc63cc,0.949
1456328281.0,e6c2b040,0.959
1456328281.0,7b5f8374,0.949
1456328281.0,3d05e45a,0.939
1456328281.0,f7e752c7,0.959
1456328281.0,7edfe29f,0.979
1456328281.0,3b37a294,0.959
1456328281.0,83fa6876,0.949
1456328281.0,c4124a50,0.979
1456328281.0,0bffb72e,0.929
1456328281.0,c834e637,0.939
1456328281.0,2a8a850f,0.949
1456328281.0,edde0c0f,0.989
1456328281.0,a291fa50,0.929
1456328281.0,270ee8bf,0.929
1456328281.0,a86a1219,0.979
1456328281.0,849ac669,0.979
1456328281.0,4401812d,0.949
1456328281.0,f18057cd,0.918
1456328281.0,14da1401,0.959
1456328281.0,d3722258,1.029
1456328281.0,ebe777f4,0.929
1456328281.0,5181eba5,0.939
1456328281.0,6ffcaa16,0.929
1456328281.0,75808ab7,0.929
1456328281.0,2b04db76,0.969
1456328281.0,24398b7a,0.949
1456328281.0,8b18bb85,0.959
1456328281.0,bfe9ba44,0.989
1456328281.0,d34f18ac,0.949
1456328281.0,853debfa,0.969
1456328281.0,cd860c0f,0.959
1456328281.0,94b48398,0.939
1456328281.0,46bea8c9,0.949
1456328281.0,dd81b30a,0.949
1456328281.0,c9564c67,0.989
1456328281.0,9fca5276,0.949
1456328281.0,b870f094,0.969
1456328281.0,3429a55d,0.969
1456328281.0,97ca12f9,0.969
1456328281.0,3bfc6e44,0.949
1456328281.0,364488f7,0.919
1456328281.0,f6798657,0.919
1456328281.0,bccaf145,0.929
1456328281.0,9a2903a3,0.959
1456328281.0,b7496873,0.929
1456328281.0,029c6a16,0.949
1456328281.0,73e22345,0.939
1456328281.0,2bb40266,0.939
1456328281.0,9eabd75a,0.949
1456328281.0,0f5578bb,0.949
1456328281.0,4c13609c,0.969
1456328281.0,d587eb93,0.979
1456328281.0,48d0e555,0.979
1456328281.0,6768f241,0.949
1456328281.0,e410897d,0.969
1456328281.0,1a6fd67e,0.969
1456328281.0,85e1d8aa,0.949
1456328281.0,f3a1181b,0.949
1456328281.0,cdddf39e,0.949
1456328281.0,3851f5d5,0.929
1456328281.0,a94a336f,0.939
1456328281.0,3e71f6ea,0.929
1456328281.0,bb457334,0.939
1456328281.0,82b0380b,0.939
1456328281.0,23f3fdd2,0.939
1456328281.0,129427de,0.939
1456328281.0,a03a811d,0.969
1456328281.0,fabbbb00,0.959
1456328281.0,32dcc2c9,0.949
1456328281.0,f8203036,0.969
1456328521.0,93d146a0,0.969
1456328521.0,0437ac58,0.949
1456328521.0,c2bef439,0.959
1456328521.0,bfbbb2dd,0.949
1456328521.0,e050ed52,0.949
1456328521.0,fd71221d,0.984
1456328521.0,7459a6fe,0.939
1456328521.0,dc82bdd6,0.949
1456328521.0,79e4f3bc,0.929
1456328521.0,72c6425d,0.989
1456328521.0,c32a82d9,0.979
1456328521.0,86d5dab8,0.979
1456328521.0,a557a7d1,0.929
1456328521.0,412fc646,0.939
1456328521.0,922129f9,0.929
1456328521.0,87580f67,0.929
1456328521.0,0335180a,0.979
1456328521.0,cc7ffbf9,0.979
1456328521.0,175bcea1,0.939
1456328521.0,e71f194a,0.979
1456328521.0,c8fd7bd8,0.899
1456328521.0,f2925995,0.909
1456328521.0,b583c190,0.979
1456328521.0,a8f5bb50,0.929
1456328521.0,286c1902,0.959
1456328521.0,01a42eea,0.949
1456328521.0,67f9fe34,0.939
1456328521.0,b46341ba,0.959
1456328521.0,5e0f74ed,0.969
1456328521.0,c3a73e2d,0.959
1456328521.0,b7fdbb95,0.929
1456328521.0,a6575e4e,0.909
1456328521.0,9b5cfe0e,0.919
1456328521.0,15bd4edd,0.959
1456328521.0,340e9b8b,0.939
1456328521.0,73ae4422,0.979
1456328521.0,fe18c405,0.959
1456328521.0,13ac9af6,0.939
1456328521.0,dd52b873,0.969
1456328521.0,097b0d22,0.909
1456328521.0,c8e917b4,0.949
1456328521.0,5ecab051,0.979
1456328521.0,ef9fe1fc,0.959
1456328521.0,0e6ac101,0.929
1456328521.0,03dc24ac,0.939
1456328521.0,f6351701,0.969
1456328521.0,eb0a0090,0.959
1456328521.0,a9d61346,0.929
1456328521.0,8720b933,0.969
1456328521.0,1c2d1949,0.989
1456328521.0,cb73d4f7,0.919
1456328521.0,1ab747ac,0.939
1456328521.0,be63e7a4,0.989
1456328521.0,b787856a,0.969
1456328521.0,85a9ebeb,1.009
1456328521.0,67b9bbe5,0.939
1456328521.0,d7e428bf,0.979
1456328521.0,5c2d9a2c,0.999
1456328521.0,208f7301,0.949
1456328521.0,6a99b356,0.989
1456328521.0,936763a8,0.949
1456328521.0,fcdeda3e,0.929
1456328521.0,d0fef588,0.909
1456328521.0,f868a6b6,0.969
1456328521.0,4b757a5a,0.929
1456328521.0,d1b70ad0,0.889
1456328521.0,2189cfd2,0.949
1456328521.0,47dc373a,0.979
1456328521.0,30ffa8c9,0.939
1456328521.0,f74600d5,0.939
1456328521.0,d2f8a338,0.939
1456328521.0,ffc943b9,0.949
1456328521.0,0f2f9c5f,0.959
1456328521.0,f7a267fc,0.969
1456328521.0,610a0f34,0.929
1456328521.0,92bebd84,0.949
1456328521.0,3bb3ff25,0.929
1456328521.0,48a40a0d,0.979
1456328521.0,d16fca8a,0.929
1456328521.0,eacc3482,0.949
1456328521.0,c92339a1,0.959
1456328521.0,eca8b228,0.949
1456328521.0,3fd4709d,0.969
1456328521.0,bdda7ca8,0.979
1456328521.0,5d40a336,0.954
1456328521.0,189a4381,0.969
1456328521.0,bf2623d5,0.979
1456328521.0,df43a8b2,0.919
1456328521.0,a8b30b85,0.989
1456328521.0,3663fc5c,0.939
1456328521.0,cb0a8cc8,0.949
1456328521.0,2cf0bcd8,0.949
1456328521.0,909da1d9,0.949
1456328521.0,3589a5bc,0.969
1456328521.0,34740e34,0.939
1456328521.0,0b069a72,0.969
1456328521.0,7785d660,0.949
1456328521.0,4c08fdd1,1.019
1456328521.0,42daef27,1.028
1456328521.0,14d00757,0.919
1456328521.0,2b0edf3c,0.959
1456328521.0,5d34075a,0.989
1456328521.0,4a2f0946,0.929
1456328521.0,5384cd69,0.959
1456328521.0,9b1f0c3c,0.939
1456328521.0,32399d22,0.969
1456328521.0,ff9beead,0.949
1456328521.0,c862713a,0.949
1456328521.0,1ad30a9a,0.949
1456328521.0,552678b9,0.959
1456328521.0,ef3c7f93,0.934
1456328521.0,a0ad552e,0.929
1456328521.0,6f16196e,0.929
1456328521.0,e8716217,0.929
1456328521.0,ddefb778,1.009
1456328521.0,64d3fea8,0.959
1456328521.0,edd40aaa,0.989
1456328521.0,96f06602,0.969
1456328521.0,7fc3def3,0.949
1456328521.0,ce9c03ce,0.959
1456328521.0,53680e05,0.979
1456328521.0,c4db8c4a,0.939
1456328521.0,241a49d8,0.959
1456328521.0,216b96ab,0.969
1456328521.0,e527ee65,0.949
1456328521.0,61d59ee9,0.969
1456328521.0,c1d6b449,0.959
1456328521.0,c3aa0b78,0.919
1456328521.0,edf38f90,0.979
1456328521.0,6b90433e,0.969
1456328521.0,bef1c266,0.959
1456328521.0,81510092,0.979
1456328521.0,b5e413c4,0.959
1456328521.0,24c9552e,0.959
1456328521.0,35c5c2f1,0.929
1456328521.0,95be882a,0.939
1456328521.0,8d38052d,0.954
1456328521.0,0c558324,0.979
1456328521.0,c8df5f11,0.939
1456328521.0,8469fbc7,0.929
1456328521.0,f8b49237,0.949
1456328521.0,077be4df,0.969
1456328521.0,9cb577d8,0.949
1456328521.0,0cce0f70,0.949
1456328521.0,3781a133,0.959
1456328521.0,a625d115,0.949
1456328521.0,d9b9345c,0.944
1456328521.0,ee57ce17,0.959
1456328521.0,625f6c86,0.939
1456328521.0,6c8423e1,0.929
1456328521.0,fd19fab6,0.989
1456328521.0,92a6e659,0.949
1456328521.0,199f5310,0.919
1456328521.0,eada05de,0.929
1456328521.0,eb751c39,0.959
1456328521.0,d6485ff3,0.929
1456328521.0,ba6f9de2,0.949
1456328521.0,0f574058,0.959
1456328521.0,96c236e7,0.949
1456328521.0,04524480,0.939
1456328521.0,100b6cf2,0.969
1456328521.0,f1a1555c,0.959
1456328521.0,cb2bffd6,0.969
1456328521.0,,0.939
1456328521.0,f5a51e57,0.949
1456328521.0,d046f0d3,0.949
1456328521.0,926a9855,0.919
1456328521.0,14e03a1d,0.969
1456328521.0,52a523f4,1.069
1456328521.0,ae09ed04,0.949
1456328521.0,a1a54361,0.939
1456328521.0,1e0f5f03,0.979
1456328521.0,36098a3a,0.959
1456328521.0,e05ee428,0.959
1456328521.0,a43c3b90,0.979
1456328521.0,d8154473,0.939
1456328521.0,15b53516,0.919
1456328521.0,0a20dd73,0.979
1456328521.0,61149352,0.959
1456328521.0,c1dfd045,0.969
1456328521.0,69b3e99c,0.939
1456328521.0,51266623,0.959
1456328521.0,1037129e,0.944
1456328521.0,cf4becee,0.929
1456328521.0,afa80a02,0.969
1456328521.0,784f069a,0.969
1456328521.0,2868b34b,0.929
1456328521.0,ca4047f3,0.939
1456328521.0,5928fc5b,0.959
1456328521.0,2bb65033,0.959
1456328521.0,b1172c22,0.969
1456328521.0,046da538,0.999
1456328521.0,2e72931a,0.939
1456328521.0,6eb2a769,0.939
1456328521.0,f4a86f83,0.929
1456328521.0,15bd4d4c,0.959
1456328521.0,77d95702,0.949
1456328521.0,602ec85f,0.959
1456328521.0,db4ed6aa,1.009
1456328521.0,85872f93,0.979
1456328521.0,171447e0,0.919
1456328521.0,afef2724,0.939
1456328521.0,6479b534,0.929
1456328521.0,1a68318e,0.969
1456328521.0,f44b6301,0.959
1456328521.0,bb4e75d9,0.899
1456328521.0,1c00717b,0.949
1456328521.0,5962da15,0.959
1456328521.0,456b0585,0.969
1456328521.0,6cc83f71,0.939
1456328521.0,d5a420b3,0.969
1456328521.0,d717e4c7,0.939
1456328521.0,0ed46e0c,0.929
1456328521.0,a8582781,0.959
1456328521.0,d4a3f247,0.959
1456328521.0,c10bd90f,0.949
1456328521.0,0218a51d,0.939
1456328521.0,b9c82901,0.959
1456328521.0,e40925fd,0.929
1456328521.0,3f20997c,0.979
1456328521.0,753408e4,0.949
1456328521.0,0bfb8ade,0.939
1456328521.0,1858a39e,0.959
1456328521.0,c7804480,1.009
1456328521.0,c12b33f3,0.959
1456328521.0,55c9b2b2,0.949
1456328521.0,13fe91d4,0.959
1456328521.0,eadc25e7,0.949
1456328521.0,bc6a3d8b,0.969
1456328521.0,74311576,0.969
1456328521.0,e9e52898,0.959
1456328521.0,99d4f63c,0.949
1456328521.0,433a3c58,0.944
1456328521.0,032e8b57,0.999
1456328521.0,e2c6e599,0.979
1456328521.0,ed0445b8,0.919
1456328521.0,d565fdf7,0.939
1456328521.0,937baa0c,0.959
1456328521.0,ba94f47b,0.939
1456328521.0,1cc936b6,0.939
1456328521.0,98d977cb,0.999
1456328521.0,71405ff7,0.959
1456328521.0,714dc178,0.969
1456328521.0,921192f1,0.939
1456328521.0,33f1b5fe,0.969
1456328521.0,2f70ad86,0.969
1456328521.0,506ea768,0.979
1456328521.0,54344f7f,0.959
1456328521.0,dde85d42,0.929
1456328521.0,b650cdbb,0.949
1456328521.0,0f1a4e9a,0.989
1456328521.0,a645b1ef,0.979
1456328521.0,1a839c73,0.939
1456328521.0,88977ce9,0.959
1456328521.0,f6ca4879,0.939
1456328521.0,bd396f56,0.979
1456328521.0,896f8569,0.969
1456328521.0,e8b2cb64,0.919
1456328521.0,a9b4d8a2,0.949
1456328521.0,41b2d714,0.999
1456328521.0,8098495e,0.949
1456328521.0,f28d04f5,0.939
1456328521.0,8c545197,0.949
1456328521.0,8b143527,0.969
1456328521.0,64bc8569,0.929
1456328521.0,da670ade,0.929
1456328521.0,05878847,0.949
1456328521.0,c5ba214e,0.949
1456328521.0,f9265ab5,0.949
1456328521.0,6041e2b6,0.969
1456328521.0,df7154f6,0.919
1456328521.0,fa0db63e,0.959
1456328521.0,ce43b17e,0.969
1456328521.0,3c227dc2,0.959
1456328521.0,4829f4f6,0.979
1456328521.0,a6339a0a,1.009
1456328521.0,783b97cc,0.929
1456328521.0,6d6e84e0,0.899
1456328521.0,ed0f06c1,0.969
1456328521.0,a76bbf53,0.949
1456328521.0,4503fc83,0.949
1456328521.0,8c5e2a02,0.989
1456328521.0,74b6c8cb,0.989
1456328521.0,a3e519bb,0.969
1456328521.0,57a6c42b,0.919
1456328521.0,04aefaad,0.959
1456328521.0,8e0fdf79,0.989
1456328521.0,26eb11ab,0.949
1456328521.0,fe496e01,0.899
1456328521.0,51aab8d5,0.929
1456328521.0,c99b3a87,0.949
1456328521.0,3bfc6e44,0.949
1456328521.0,9f5a9e69,0.929
1456328521.0,1054110c,0.914
1456328521.0,ac7dd410,0.919
1456328521.0,078f0784,0.909
1456328521.0,e1936457,0.929
1456328521.0,029c6a16,0.949
1456328521.0,d9bc9762,0.919
1456328521.0,0aedc373,0.919
1456328521.0,4f91a79a,0.939
1456328521.0,ea6b204a,0.979
1456328521.0,a8aaf34c,0.999
1456328521.0,3ea2f9db,0.949
1456328521.0,0123e797,0.909
1456328521.0,b7acce06,0.929
1456328521.0,00d6d029,0.919
1456328521.0,6ee20bbd,0.899
1456328521.0,3c9479d6,0.929
1456328521.0,,0.929
1456328521.0,a167f6d7,0.949
1456328521.0,494f6481,0.919
1456328521.0,ea2f710b,0.979
1456328521.0,e541cf19,0.949
1456328521.0,2335fb5f,0.949
1456328521.0,435e7b69,0.939
1456328521.0,5f8076ef,0.939
1456328521.0,4f362e94,0.959
1456328521.0,da1fbd53,0.939
1456328521.0,b5897439,0.929
1456328521.0,c846f887,0.959
1456328521.0,fd3e8c64,0.969
1456328521.0,1a6fd67e,0.939
1456328521.0,828ee9a9,0.949
1456328521.0,038eae7e,0.949
1456328521.0,04a002fa,0.959
1456328521.0,896245aa,1.019
1456328521.0,ea5c90c0,0.959
1456328521.0,7cb03693,0.959
1456328521.0,f9e7f183,0.929
1456328521.0,c7df12d5,0.979
1456328521.0,d766ce97,0.929
1456328521.0,d7213c3c,0.939
1456328521.0,07908b66,0.959
1456328521.0,3363f966,0.979
1456328521.0,996dd733,0.979
1456328521.0,c8bad2ad,0.939
1456328521.0,5e6de772,0.969
1456328521.0,99180475,0.969
1456328521.0,e95d3d87,0.959
1456328521.0,50741464,0.979
1456328521.0,6a6b6015,0.949
1456328521.0,7c8784c0,0.989
1456328521.0,863b1324,0.929
1456328521.0,d37450cf,0.989
1456328521.0,1365e671,0.959
1456328521.0,2616645b,0.949
1456328521.0,30bed2b3,0.969
1456328521.0,5aad9bc8,0.949
1456328521.0,26dda5ba,0.949
1456328521.0,fc42b1f2,0.989
1456328521.0,,0.929
1456328521.0,24e4f125,0.969
1456328761.0,88a429db,0.959
1456328761.0,d9a3e681,0.909
1456328761.0,3a4ffbbf,0.939
1456328761.0,363ab0d1,0.929
1456328761.0,819eb542,0.929
1456328761.0,c391ee8f,0.929
1456328761.0,53bdc202,0.909
1456328761.0,9e33ac5a,0.929
1456328761.0,f0d132f4,0.964
1456328761.0,d355e704,0.919
1456328761.0,e99e5f77,0.919
1456328761.0,820d9924,0.919
1456328761.0,e2851b26,0.929
1456328761.0,58e4c668,0.959
1456328761.0,8e0ec690,0.919
1456328761.0,87580f67,0.929
1456328761.0,4a4c4dca,0.919
1456328761.0,460c6eb9,0.929
1456328761.0,fa482668,0.929
1456328761.0,0e65094f,0.929
1456328761.0,cb7b59b6,0.959
1456328761.0,3ee07cac,0.969
1456328761.0,4887bf4e,1.019
1456328761.0,04fe94aa,0.959
1456328761.0,b524582e,0.949
1456328761.0,30029614,0.999
1456328761.0,14930886,0.929
1456328761.0,9b76dd1d,0.939
1456328761.0,9423afb9,0.919
1456328761.0,ee305546,0.939
1456328761.0,3201c40b,0.939
1456328761.0,ddaef23c,0.959
1456328761.0,,0.949
1456328761.0,2fcd527f,0.959
1456328761.0,8eea76a1,0.919
1456328761.0,2820e4a6,0.939
1456328761.0,655988e9,0.939
1456328761.0,f551661a,0.949
1456328761.0,515a767d,0.939
1456328761.0,baa200b9,0.959
1456328761.0,c449aa2a,0.939
1456328761.0,161691b3,0.959
1456328761.0,dd62114c,0.979
1456328761.0,91cd34b3,0.969
1456328761.0,e8f89f23,0.939
1456328761.0,41618289,0.969
1456328761.0,b8bbf107,0.939
1456328761.0,8cffa5f5,0.959
1456328761.0,26d3d3cd,0.939
1456328761.0,c22091a3,0.949
1456328761.0,3d1e3ab6,0.949
1456328761.0,b37f9c11,0.939
1456328761.0,1ad0b27a,0.959
1456328761.0,8c14cf23,0.959
1456328761.0,2bb55c91,0.959
1456328761.0,be3c20ef,0.979
1456328761.0,cca00c58,0.949
1456328761.0,a9ff2f34,0.939
1456328761.0,f30258dc,0.969
1456328761.0,e3667aa9,0.939
1456328761.0,7ea9e64e,0.969
1456328761.0,deadb46b,0.979
1456328761.0,815252d2,0.899
1456328761.0,4754c4ee,0.909
1456328761.0,33336ca6,0.949
1456328761.0,58bc480d,0.944
1456328761.0,ffa82d76,0.969
1456328761.0,acc17656,0.939
1456328761.0,55a39b60,0.979
1456328761.0,6430d951,0.959
1456328761.0,ccd8aac4,0.939
1456328761.0,0aececa4,0.939
1456328761.0,e9edf509,0.979
1456328761.0,66cc688a,0.939
1456328761.0,22bd49d5,0.999
1456328761.0,41f0bb18,0.949
1456328761.0,102d2e04,0.969
1456328761.0,944eaea5,0.969
1456328761.0,a0f9d44d,0.999
1456328761.0,8c94be49,0.939
1456328761.0,507cdfac,0.949
1456328761.0,7a74beb2,0.969
1456328761.0,9d2aa0e1,0.959
1456328761.0,2947866d,0.959
1456328761.0,0f0135ae,0.949
1456328761.0,9fbf8dcd,0.989
1456328761.0,d8beccb1,0.969
1456328761.0,f94d8069,0.959
1456328761.0,f3165b36,0.929
1456328761.0,a6f38b75,0.969
1456328761.0,7da0a752,0.989
1456328761.0,ad129baa,0.939
1456328761.0,3b3dda8f,0.959
1456328761.0,4d691ffa,0.999
1456328761.0,9bc2e863,0.934
1456328761.0,ee0b2b76,0.939
1456328761.0,a03c9b78,0.979
1456328761.0,97c3c089,0.929
1456328761.0,2bb1e7cb,0.959
1456328761.0,6946f633,0.949
1456328761.0,4240cb18,0.979
1456328761.0,,0.929
1456328761.0,98e2efcd,0.939
1456328761.0,5e56181c,0.919
1456328761.0,6ebcf0bd,0.929
1456328761.0,dde1b45b,0.989
1456328761.0,67fb9f82,0.949
1456328761.0,2f3717cf,0.939
1456328761.0,7e3542f5,0.959
1456328761.0,9b66ed80,0.939
1456328761.0,2a6c46a2,0.929
1456328761.0,2132dc97,0.929
1456328761.0,ec85f8b2,0.919
1456328761.0,55446f74,0.949
1456328761.0,e792e7d9,0.909
1456328761.0,1dd5e241,0.929
1456328761.0,a8086038,0.929
1456328761.0,2d204d17,0.969
1456328761.0,f7b92fac,0.899
1456328761.0,bd03317d,0.919
1456328761.0,39dc218a,0.939
1456328761.0,90bd0a2b,0.929
1456328761.0,5bf247b1,0.939
1456328761.0,6933007f,0.939
1456328761.0,253ddd10,0.919
1456328761.0,ed221b09,0.949
1456328761.0,,0.929
1456328761.0,f08235a1,0.929
1456328761.0,da53e9ba,0.929
1456328761.0,6934dd1a,0.949
1456328761.0,24982c56,0.929
1456328761.0,a656288b,0.949
1456328761.0,4e48e1df,0.929
1456328761.0,25e78288,0.929
1456328761.0,96ad35a6,0.919
1456328761.0,cb7fae49,0.929
1456328761.0,32fc4e8c,0.919
1456328761.0,b9b3f0de,0.969
1456328761.0,c7a70dd8,0.939
1456328761.0,bb39a843,0.919
1456328761.0,18df3f49,0.939
1456328761.0,4d655bc9,0.919
1456328761.0,8d38052d,0.974
1456328761.0,d560f27c,0.959
1456328761.0,36728450,0.969
1456328761.0,158221e0,0.939
1456328761.0,4837de5d,0.929
1456328761.0,367978ca,0.949
1456328761.0,fe4f9d49,0.939
1456328761.0,c2400430,0.949
1456328761.0,263e0b44,0.929
1456328761.0,d4024d48,0.959
1456328761.0,e03ab537,0.989
1456328761.0,3f9db299,0.979
1456328761.0,348737ad,0.969
1456328761.0,344ab5b8,0.949
1456328761.0,7f2dbefe,0.939
1456328761.0,53758d2b,0.949
1456328761.0,444273fb,0.959
1456328761.0,1629d59f,0.939
1456328761.0,5288c0b4,0.959
1456328761.0,acca0be9,0.929
1456328761.0,34f054d7,0.959
1456328761.0,4f8db0e1,0.949
1456328761.0,5a3d51b4,0.939
1456328761.0,13579cfd,0.939
1456328761.0,6100ae5a,0.969
1456328761.0,555c0035,0.929
1456328761.0,31487663,0.949
1456328761.0,568af640,1.009
1456328761.0,1f23d768,0.939
1456328761.0,4af2260b,0.949
1456328761.0,2df3151b,0.959
1456328761.0,c16682b0,0.939
1456328761.0,2ee62167,0.959
1456328761.0,eebe0685,0.939
1456328761.0,d2575398,0.939
1456328761.0,4d90c00c,0.949
1456328761.0,9443935d,0.979
1456328761.0,a6ffe7e6,0.939
1456328761.0,d47660a6,0.939
1456328761.0,071ee1b4,0.969
1456328761.0,97c2b006,0.959
1456328761.0,e8befa14,0.959
1456328761.0,43b0f319,0.929
1456328761.0,13cd1498,0.939
1456328761.0,7fc9d4ff,0.939
1456328761.0,8538f0f5,1.029
1456328761.0,61173148,0.918
1456328761.0,c085267d,0.979
1456328761.0,1df1aad3,0.944
1456328761.0,330ca499,0.969
1456328761.0,33565053,0.929
1456328761.0,7adf8914,0.949
1456328761.0,,0.969
1456328761.0,64bb101c,0.949
1456328761.0,c1f62db6,0.979
1456328761.0,a1ca21f6,0.909
1456328761.0,13dccb04,0.929
1456328761.0,743ae788,1.029
1456328761.0,4bdede16,0.939
1456328761.0,2bb65033,0.959
1456328761.0,31a9b6e7,0.959
1456328761.0,6ea74d6f,0.929
1456328761.0,94f69df7,0.989
1456328761.0,7da93d4e,0.929
1456328761.0,b4b8fb9d,0.939
1456328761.0,79ddc5ca,0.979
1456328761.0,d35f6224,1.019
1456328761.0,10c41b90,0.959
1456328761.0,195401ef,0.939
1456328761.0,1ee9a733,0.949
1456328761.0,fff62873,0.929
1456328761.0,9272dad9,0.979
1456328761.0,1aa7daeb,0.979
1456328761.0,12203554,0.959
1456328761.0,4b53a6b2,0.989
1456328761.0,765dab48,0.949
1456328761.0,ab28d306,0.989
1456328761.0,1ac2cf31,0.959
1456328761.0,d1749881,0.999
1456328761.0,4067a772,0.939
1456328761.0,1c1b5783,0.929
1456328761.0,e3a6c1d2,0.929
1456328761.0,456b0585,0.959
1456328761.0,c79adad0,0.929
1456328761.0,c0911b94,0.929
1456328761.0,bd42a430,0.939
1456328761.0,257e72cc,0.959
1456328761.0,e539e257,0.919
1456328761.0,86672300,0.949
1456328761.0,332d02ad,0.979
1456328761.0,7950522d,0.969
1456328761.0,4d7be304,0.949
1456328761.0,73ad722d,0.949
1456328761.0,b412aa93,0.989
1456328761.0,03261265,0.959
1456328761.0,7c4a4d03,1.019
1456328761.0,11db12fc,0.969
1456328761.0,af9c113d,0.959
1456328761.0,caa3866b,0.939
1456328761.0,8923b20c,0.999
1456328761.0,01170a5d,0.959
1456328761.0,93aae403,0.929
1456328761.0,726fb61b,0.969
1456328761.0,ecf85bf9,0.959
1456328761.0,e9d5d1a1,0.939
1456328761.0,ba35e551,0.919
1456328761.0,e010375a,0.979
1456328761.0,2601854e,0.929
1456328761.0,a813c756,0.989
1456328761.0,32ba3943,0.939
1456328761.0,59f961f5,0.949
1456328761.0,550f37fb,0.949
1456328761.0,d606d463,0.949
1456328761.0,234744ea,0.979
1456328761.0,2237382a,0.959
1456328761.0,acd225f7,0.959
1456328761.0,6411aa60,0.979
1456328761.0,572ecc04,0.949
1456328761.0,fe2e5d6e,0.969
1456328761.0,8e7b7790,0.979
1456328761.0,a374c73d,0.959
1456328761.0,5e5886b8,0.969
1456328761.0,6e858274,0.959
1456328761.0,7718e2fa,0.959
1456328761.0,da2a28a0,0.969
1456328761.0,4c74fdcc,0.939
1456328761.0,168f1ca6,0.999
1456328761.0,9d64de92,0.949
1456328761.0,0d730a98,0.939
1456328761.0,01d5bb85,0.939
1456328761.0,a2987081,0.959
1456328761.0,e2800d44,0.929
1456328761.0,2ad0a689,0.959
1456328761.0,8c225212,0.989
1456328761.0,969b9276,0.949
1456328761.0,7c781a47,0.939
1456328761.0,5d9ba671,0.949
1456328761.0,ea5a9904,0.939
1456328761.0,057c5d18,0.929
1456328761.0,ffcde0bb,0.949
1456328761.0,efadda78,0.979
1456328761.0,0980ddb6,0.959
1456328761.0,ae934bd5,0.949
1456328761.0,2263d9ed,0.959
1456328761.0,5695114d,0.939
1456328761.0,009091bb,0.939
1456328761.0,e2c0e5e5,0.929
1456328761.0,1170df4a,0.939
1456328761.0,9a0a078c,0.938
1456328761.0,a395cb1b,0.949
1456328761.0,064f5bd1,0.929
1456328761.0,f05206bf,0.959
1456328761.0,f1206565,0.949
1456328761.0,e21e887d,0.959
1456328761.0,bd3ce4cc,0.969
1456328761.0,7edfe29f,0.979
1456328761.0,e491b6d7,0.929
1456328761.0,265c7e5d,0.929
1456328761.0,3a0cbd9d,1.019
1456328761.0,38a55267,0.939
1456328761.0,afd35ba0,0.909
1456328761.0,8f30678f,0.969
1456328761.0,3b50751f,0.949
1456328761.0,57b493fa,0.959
1456328761.0,e076eba6,0.969
1456328761.0,b156c7a5,0.939
1456328761.0,44222522,0.929
1456328761.0,59c1c98e,0.999
1456328761.0,7a411a95,0.959
1456328761.0,6ff38393,0.959
1456328761.0,ab1efc67,0.959
1456328761.0,d3730b6f,0.959
1456328761.0,f4217802,0.969
1456328761.0,8f767099,0.949
1456328761.0,ca39cb77,0.969
1456328761.0,17e982d2,0.949
1456328761.0,2ce5573c,0.969
1456328761.0,fed67d30,0.949
1456328761.0,c5df532c,0.929
1456328761.0,5f0ea8ff,0.959
1456328761.0,32a9a0e5,0.929
1456328761.0,6fefe9a7,0.979
1456328761.0,caaa0b46,0.949
1456328761.0,e1936457,0.929
1456328761.0,bcdf1eb5,0.929
1456328761.0,4f91a79a,0.929
1456328761.0,3ea2f9db,0.949
1456328761.0,bf694984,0.929
1456328761.0,a167f6d7,0.939
1456328761.0,494f6481,0.919
1456328761.0,2e474264,0.929
1456328761.0,8c27b2e6,0.969
1456328761.0,5718b51b,0.949
1456328761.0,7818ad58,0.939
1456328761.0,ec29d73c,0.949
1456328761.0,9220c62a,0.939
1456328761.0,25990870,0.929
1456328761.0,f36f4393,0.939
1456328761.0,9557f893,0.939
1456328761.0,89d5bd42,0.929
1456328761.0,e395d76d,0.959
1456328761.0,b32ae972,0.989
1456328761.0,4c715086,0.949
1456328761.0,21a9251c,0.939
1456328761.0,7c3d138b,0.919
1456328761.0,cb814e8e,0.939
1456328761.0,6e44cd2d,0.989
1456328761.0,7cf2b30a,0.979
1456328761.0,d25d3d18,0.969
1456328761.0,68781b4b,0.979
1456328761.0,8962a152,0.939
1456328761.0,7680fb35,0.929
1456328761.0,a03a811d,0.939
1456328761.0,b09e60a5,0.959
1456328761.0,8fe7f10d,0.929
1456328761.0,dbdba84f,0.909
1456328761.0,7269da44,0.959
1456329001.0,cbf8d95f,0.949
1456329001.0,b8c5de33,0.939
1456329001.0,2623501c,0.939
1456329001.0,42045a7b,0.949
1456329001.0,6474f616,0.959
1456329001.0,3b8b727e,0.959
1456329001.0,1809ed14,0.959
1456329001.0,5666e885,0.939
1456329001.0,6853fb18,0.959
1456329001.0,a6cf9c73,0.919
1456329001.0,b6867cd0,0.919
1456329001.0,9fa10842,0.919
1456329001.0,cfd74c18,0.939
1456329001.0,31a01e0e,0.929
1456329001.0,caff03c9,0.909
1456329001.0,3c8508a5,0.919
1456329001.0,38ac63b8,0.969
1456329001.0,3b40de08,0.919
1456329001.0,83cf7d34,0.939
1456329001.0,d4bbb0ba,0.919
1456329001.0,9727ab3a,0.909
1456329001.0,8690af1b,0.929
1456329001.0,6610198a,0.979
1456329001.0,0accabdc,0.919
1456329001.0,4c77ea18,0.969
1456329001.0,37907db5,0.919
1456329001.0,85037928,0.979
1456329001.0,ef296ca3,0.979
1456329001.0,061deeda,0.979
1456329001.0,761fd77f,0.949
1456329001.0,417dc490,0.959
1456329001.0,6a8dc69b,0.979
1456329001.0,afd8c999,0.919
1456329001.0,a3827856,0.909
1456329001.0,dd460aef,0.959
1456329001.0,1a56d0e9,0.959
1456329001.0,8730426e,0.949
1456329001.0,a2ab785a,0.939
1456329001.0,07a30a7e,0.938
1456329001.0,7dfddaf9,0.939
1456329001.0,6f9842b1,0.929
1456329001.0,25f9d419,0.929
1456329001.0,77dec945,0.949
1456329001.0,beeaf561,0.939
1456329001.0,,0.949
1456329001.0,172669b0,0.949
1456329001.0,13b8b105,0.959
1456329001.0,5798eb33,0.929
1456329001.0,d5a86b4b,1.059
1456329001.0,ee45ac15,0.939
1456329001.0,6a8a4a7e,0.959
1456329001.0,7da8091a,0.989
1456329001.0,75005b6a,0.959
1456329001.0,1bd217db,1.079
1456329001.0,e6aa9001,0.999
1456329001.0,85edcdf5,0.924
1456329001.0,a47c6f9f,0.919
1456329001.0,c4df6669,0.949
1456329001.0,d34c2ebc,0.924
1456329001.0,6a686e72,0.939
1456329001.0,5dc70b90,0.959
1456329001.0,f27854f0,0.919
1456329001.0,65705e06,0.959
1456329001.0,c349e5a2,0.949
1456329001.0,7840ee28,0.929
1456329001.0,26dc2927,0.949
1456329001.0,7e01bac4,0.949
1456329001.0,6938babb,0.949
1456329001.0,3f58dc20,0.929
1456329001.0,b90ce0f4,0.949
1456329001.0,96300c44,0.979
1456329001.0,cb479352,0.959
1456329001.0,062cca99,0.929
1456329001.0,de505192,0.959
1456329001.0,92d99a98,0.949
1456329001.0,00d41319,0.919
1456329001.0,7efc6d8f,0.959
1456329001.0,b0a76bca,0.959
1456329001.0,8c14cf23,0.959
1456329001.0,492796c0,0.939
1456329001.0,b066103f,0.929
1456329001.0,d903b794,0.939
1456329001.0,7b47d35b,0.949
1456329001.0,1d86aff5,0.949
1456329001.0,345d3b8a,0.979
1456329001.0,65964ff0,0.939
1456329001.0,c184854c,0.959
1456329001.0,f5c869d0,0.929
1456329001.0,4204f478,0.929
1456329001.0,e29f148a,0.979
1456329001.0,e10f157c,0.939
1456329001.0,a825b9fa,0.959
1456329001.0,a249b487,0.929
1456329001.0,e878527c,0.939
1456329001.0,f32fed85,0.939
1456329001.0,31bc02c2,0.999
1456329001.0,8f5e2757,0.959
1456329001.0,80072a71,0.949
1456329001.0,c0aa824a,0.959
1456329001.0,a3f64b8b,0.979
1456329001.0,386d835f,0.979
1456329001.0,d7cf6845,0.939
1456329001.0,3047d3f5,0.969
1456329001.0,716b6235,0.979
1456329001.0,6c18369e,0.989
1456329001.0,7d15e55f,0.959
1456329001.0,0491309a,0.959
1456329001.0,145d5525,0.949
1456329001.0,b29751cb,0.949
1456329001.0,fb2de244,0.949
1456329001.0,8a3d4726,0.919
1456329001.0,193a59df,0.949
1456329001.0,8b670386,0.989
1456329001.0,9e448914,0.959
1456329001.0,e307b347,0.934
1456329001.0,1c4078e5,0.969
1456329001.0,a9b88996,0.949
1456329001.0,46078bef,0.929
1456329001.0,3b4c70df,0.949
1456329001.0,7da0a752,0.989
1456329001.0,32399d22,0.959
1456329001.0,1a2274d4,0.949
1456329001.0,899f46c2,0.919
1456329001.0,7ba8ceb3,0.929
1456329001.0,cbaf22db,0.959
1456329001.0,f3a6a0c8,0.949
1456329001.0,1e1599d6,0.929
1456329001.0,be6d21fe,0.999
1456329001.0,310e041a,0.969
1456329001.0,74d7ab64,0.949
1456329001.0,39c4abbc,0.969
1456329001.0,f521cc41,0.949
1456329001.0,cf25dcdb,0.959
1456329001.0,455166b9,0.939
1456329001.0,b5f637aa,0.969
1456329001.0,559cb7a2,0.939
1456329001.0,2f6a5cea,0.939
1456329001.0,33e1917c,0.939
1456329001.0,17003e91,0.939
1456329001.0,c32b7c81,0.939
1456329001.0,78128a2a,0.939
1456329001.0,,0.939
1456329001.0,b52679e9,0.949
1456329001.0,62b199da,0.969
1456329001.0,5f817b41,0.949
1456329001.0,ead88417,0.959
1456329001.0,9852ddd5,0.939
1456329001.0,38cbcd42,1.019
1456329001.0,37af09a8,0.939
1456329001.0,94698ee8,0.959
1456329001.0,a24c7289,0.929
1456329001.0,cff9e937,0.939
1456329001.0,addbc61c,0.939
1456329001.0,,0.899
1456329001.0,4e74bd65,0.959
1456329001.0,a7be9b25,0.929
1456329001.0,82c69685,0.949
1456329001.0,67ffc54d,0.929
1456329001.0,cc9fe40d,0.969
1456329001.0,65d912cc,0.939
1456329001.0,d921f4ce,0.919
1456329001.0,603e075c,0.939
1456329001.0,ab23cef1,0.929
1456329001.0,6bf68abb,0.929
1456329001.0,c6d44191,0.939
1456329001.0,02664349,0.929
1456329001.0,f1ad771b,0.919
1456329001.0,12d210d8,0.929
1456329001.0,6e3aab0e,0.959
1456329001.0,2a99bdaf,0.929
1456329001.0,f709d7cd,0.989
1456329001.0,a5f3a822,0.949
1456329001.0,3056759f,0.919
1456329001.0,6d9dcb86,0.929
1456329001.0,7301ae23,0.969
1456329001.0,b2fa05f2,0.919
1456329001.0,e96c8f9b,0.929
1456329001.0,44144ccf,0.939
1456329001.0,a0f3c4eb,0.949
1456329001.0,a099cd62,0.949
1456329001.0,80da2bc7,0.909
1456329001.0,8dbc9e66,0.929
1456329001.0,3275ca99,0.949
1456329001.0,41225b43,0.939
1456329001.0,cc9dcdfc,0.929
1456329001.0,8c85a27d,0.949
1456329001.0,bf44f1ab,0.949
1456329001.0,bd0ac826,0.929
1456329001.0,d15144fb,0.959
1456329001.0,03b45f42,0.949
1456329001.0,2748662b,0.949
1456329001.0,2c1a8318,0.949
1456329001.0,7e6fd376,0.899
1456329001.0,da84e1ef,0.929
1456329001.0,113f4e08,0.969
1456329001.0,f26bfef4,0.949
1456329001.0,85f12dca,0.929
1456329001.0,0b790115,0.929
1456329001.0,9f37e0a2,0.949
1456329001.0,258838b1,0.909
1456329001.0,f136dec4,0.929
1456329001.0,21a92259,0.919
1456329001.0,d7530e7f,0.939
1456329001.0,8d38052d,0.944
1456329001.0,6d76c77e,0.949
1456329001.0,4e998f6d,0.979
1456329001.0,8b77e169,0.919
1456329001.0,4370ed3a,0.949
1456329001.0,7616bc62,0.969
1456329001.0,8068124c,0.949
1456329001.0,90c8ee01,0.949
1456329001.0,e2914261,0.949
1456329001.0,3ede3ac4,0.959
1456329001.0,f7aa1ff1,0.949
1456329001.0,995615f7,0.959
1456329001.0,0395f025,0.959
1456329001.0,3981324c,0.939
1456329001.0,4fcd4de4,1.009
1456329001.0,42bca5e0,1.009
1456329001.0,1ddd2ac0,0.899
1456329001.0,36ce665f,0.939
1456329001.0,8c77ed6c,0.939
1456329001.0,da0a00ad,0.989
1456329001.0,3082ffa7,0.989
1456329001.0,14ab7113,0.959
1456329001.0,8fe50322,0.939
1456329001.0,0df7c170,0.919
1456329001.0,30895e60,0.929
1456329001.0,b4be46ac,0.924
1456329001.0,15a5d68a,0.949
1456329001.0,c7e28f54,0.929
1456329001.0,6f59ab1a,0.954
1456329001.0,d2d65ef1,0.969
1456329001.0,92e54876,0.959
1456329001.0,34108c3d,0.949
1456329001.0,788b07d6,0.949
1456329001.0,09f8dfad,0.949
1456329001.0,6719ddbc,0.939
1456329001.0,f2458f35,0.969
1456329001.0,54255515,0.949
1456329001.0,bd8f68d2,0.969
1456329001.0,4ea58ef3,0.919
1456329001.0,58f2498c,0.959
1456329001.0,d046f0d3,0.939
1456329001.0,,0.969
1456329001.0,1df8493a,0.979
1456329001.0,17127e8d,0.939
1456329001.0,b99abf38,0.959
1456329001.0,f37029f1,0.939
1456329001.0,65aa334d,0.949
1456329001.0,790402b3,0.919
1456329001.0,20dcb5cd,0.959
1456329001.0,b0dc334c,0.949
1456329001.0,e1071f74,0.959
1456329001.0,e4de6238,0.979
1456329001.0,92dce960,0.939
1456329001.0,477465f0,0.959
1456329001.0,0a0ef89e,0.939
1456329001.0,a3b115d1,0.949
1456329001.0,d5d39b19,0.939
1456329001.0,d63aac19,0.939
1456329001.0,3ff7f5f2,0.959
1456329001.0,530591a4,0.924
1456329001.0,5bc7d850,0.939
1456329001.0,8dc9de7b,0.949
1456329001.0,16ea6be7,0.949
1456329001.0,fb2e36a4,0.939
1456329001.0,538559e0,0.939
1456329001.0,c1bc3b48,0.959
1456329001.0,fb6a534f,0.929
1456329001.0,5951b044,0.949
1456329001.0,838df899,0.979
1456329001.0,83e564c6,0.979
1456329001.0,550acd6a,0.949
1456329001.0,7b424e1c,0.969
1456329001.0,b32694b6,0.939
1456329001.0,50a1f055,0.939
1456329001.0,2b6463d1,0.939
1456329001.0,1f215746,0.979
1456329001.0,8b485c5e,0.959
1456329001.0,cf9993cb,0.959
1456329001.0,776f095d,0.939
1456329001.0,c97cc7c4,0.989
1456329001.0,ccc808c9,0.949
1456329001.0,ae2f47a9,0.929
1456329001.0,ea5a2a30,0.949
1456329001.0,b82e8807,0.949
1456329001.0,fb54832a,0.959
1456329001.0,2fe25570,0.929
1456329001.0,a998716f,0.949
1456329001.0,f00b592d,0.969
1456329001.0,f9347e34,0.939
1456329001.0,79067d40,0.959
1456329001.0,5626cf3c,0.949
1456329001.0,81b79933,0.959
1456329001.0,f6c091f9,0.959
1456329001.0,43ebfdc2,0.939
1456329001.0,4b75217a,0.959
1456329001.0,e6322e78,0.939
1456329001.0,f0261559,0.939
1456329001.0,dd465a5d,1.019
1456329001.0,ed23637d,0.939
1456329001.0,c57c6085,0.949
1456329001.0,12516ab9,0.949
1456329001.0,987c1347,0.939
1456329001.0,bc47d203,0.959
1456329001.0,fc0599eb,0.954
1456329001.0,4e30bdf2,0.949
1456329001.0,a6cef350,0.959
1456329001.0,bec40c36,0.939
1456329001.0,8e214251,0.919
1456329001.0,c97403d4,0.939
1456329001.0,53cfbe4b,0.969
1456329001.0,f530fb7b,0.959
1456329001.0,345de47d,0.999
1456329001.0,3b1d17e6,0.959
1456329001.0,afb05ae2,0.969
1456329001.0,57525dc2,0.949
1456329001.0,cf422a5e,0.969
1456329001.0,12389609,0.959
1456329001.0,74282045,0.969
1456329001.0,b003d766,0.959
1456329001.0,2f02de37,0.989
1456329001.0,0f282fe6,0.969
1456329001.0,5d660e99,0.954
1456329001.0,2e2669a6,0.949
1456329001.0,d620afe2,0.939
1456329001.0,bacddc78,0.939
1456329001.0,ea7a855b,0.959
1456329001.0,77cb599d,0.909
1456329001.0,bdf0a3dc,0.959
1456329001.0,e821cf4d,0.959
1456329001.0,190ce429,0.939
1456329001.0,123a41c8,0.939
1456329001.0,3df2304c,0.949
1456329001.0,9ad11a57,0.969
1456329001.0,91d18db5,0.939
1456329001.0,c9dc18ed,0.959
1456329001.0,07effad4,0.939
1456329001.0,f85abf7d,0.939
1456329001.0,c704c346,0.959
1456329001.0,07de256c,0.979
1456329001.0,14c0148e,0.959
1456329001.0,f91506c7,0.949
1456329001.0,1fa4b26a,0.949
1456329001.0,dac4fe2a,0.909
1456329001.0,f86a4e1f,0.989
1456329001.0,e0fed588,0.909
1456329001.0,c3905824,0.919
1456329001.0,1685cf9c,0.969
1456329001.0,ae45fd8e,0.929
1456329001.0,881dfc32,0.929
1456329001.0,075244ea,0.939
1456329001.0,3fc8e265,0.959
1456329001.0,b6aadfa1,0.979
1456329001.0,925e5435,0.949
1456329001.0,ca757f3f,0.949
1456329001.0,f55f0649,0.929
1456329001.0,6e9e301f,0.959
1456329001.0,1929517b,0.959
1456329001.0,c290efa7,0.959
1456329001.0,48713f51,0.959
1456329001.0,54bf86d1,0.949
1456329001.0,16a73c7d,0.949
1456329001.0,834f6271,0.939
1456329001.0,eaba5acb,0.989
1456329001.0,e06480d6,0.899
1456329001.0,75bc1c25,0.949
1456329001.0,62704b8a,0.959
1456329001.0,9efa2ed6,0.939
1456329001.0,39a29c0a,0.949
1456329001.0,3e211f86,0.969
1456329001.0,963911cc,0.959
1456329001.0,1ff0ade7,0.958
1456329001.0,4e694e7a,0.949
1456329001.0,66c0ab43,0.939
1456329001.0,06931b13,0.959
1456329001.0,f09149cd,0.939
1456329001.0,c768cae4,0.939
1456329001.0,bab71d7a,0.969
1456329001.0,30cf0bb4,0.989
1456329001.0,da4a42a1,1.009
1456329001.0,199fdffc,0.969
1456329001.0,83fa6876,0.944
1456329001.0,da19dfd3,0.959
1456329001.0,,0.929
1456329001.0,1948ba16,0.939
1456329001.0,10f4b8f5,0.939
1456329001.0,c834e637,0.929
1456329001.0,8c41eda4,0.999
1456329001.0,db2c1d84,0.959
1456329001.0,28eb51aa,0.939
1456329001.0,fdda2a1f,0.949
1456329001.0,d7d071dd,0.949
1456329001.0,98e26149,0.909
1456329001.0,c9850105,0.919
1456329001.0,6587d030,0.939
1456329001.0,c6343770,0.929
1456329001.0,7c8f8d4d,0.929
1456329001.0,,0.959
1456329001.0,083297f9,0.999
1456329001.0,65788d91,0.939
1456329001.0,aaba4ebc,0.949
1456329001.0,9628820d,0.949
1456329001.0,,0.919
1456329001.0,5cbce85b,0.939
1456329001.0,4622dd55,0.939
1456329001.0,c0862a83,0.949
1456329001.0,a42108f2,0.969
1456329001.0,0c1688de,0.939
1456329001.0,1dad0cef,0.939
1456329001.0,0da2e486,0.949
1456329001.0,6a9cf044,0.939
1456329001.0,91823808,0.929
1456329001.0,d3a7aabc,0.929
1456329001.0,05cd05cd,0.969
1456329001.0,bcdf1eb5,0.919
1456329001.0,aa661eb4,0.929
1456329001.0,db21940b,0.929
1456329001.0,f91b7082,0.939
1456329001.0,1edd50b1,0.959
1456329001.0,740982ff,0.949
1456329001.0,89f88deb,0.959
1456329001.0,a8aaf34c,0.949
1456329001.0,17b40c62,0.949
1456329001.0,fc85b951,0.969
1456329001.0,d224352c,0.899
1456329001.0,16fa63dc,0.929
1456329001.0,238f3319,0.929
1456329001.0,5df9b393,0.929
1456329001.0,3be6fb85,0.949
1456329001.0,8c9cc6bc,0.919
1456329001.0,677b8f35,0.919
1456329001.0,7ba64cab,0.919
1456329001.0,0a194365,0.969
1456329001.0,c368907a,0.959
1456329001.0,20ac7ec9,0.949
1456329001.0,86e7b77c,0.959
1456329001.0,a66e3813,0.979
1456329001.0,f6afdfd6,0.929
1456329001.0,b4a13ec7,0.939
1456329001.0,6c109510,0.939
1456329001.0,982daa57,0.949
1456329001.0,1d50351d,0.959
1456329001.0,4235a8fd,0.939
1456329001.0,83a3b810,0.959
1456329001.0,06c6ad62,0.969
1456329001.0,8d47e406,0.959
1456329001.0,6ba68e3c,0.949
1456329001.0,d3508125,0.959
1456329001.0,2583beeb,1.039
1456329001.0,e1920309,0.939
1456329001.0,5dc3decc,0.979
1456329001.0,6c200339,0.939
1456329001.0,6222a80d,0.959
1456329001.0,7e221db6,0.994
1456329001.0,fd4af1b0,0.979
1456329001.0,f3d8409b,0.969
1456329001.0,87cd0504,0.949
1456329001.0,ddb4781d,0.939
1456329001.0,cb7e73c0,0.959
1456329001.0,5b1fabef,0.929
1456329001.0,f05874bd,0.959
1456329001.0,16b7ada0,0.964
1456329001.0,e8205f94,0.959
1456329001.0,91012236,0.999
1456329001.0,94b09940,0.959
1456329001.0,dbdba84f,0.899
1456329001.0,cf3aa97f,0.949
1456329001.0,7ad9dcdf,0.959
1456329001.0,79a38de4,1.039
1456329001.0,afed3ef4,0.929
1456329001.0,355f04dc,0.919
1456329241.0,d3bb35f7,0.949
1456329241.0,f168ac15,1.009
1456329241.0,8f3027b6,0.939
1456329241.0,ea3de48b,0.959
1456329241.0,43161acd,0.959
1456329241.0,7632d7b7,0.939
1456329241.0,e5abf377,0.939
1456329241.0,35cce7bf,0.929
1456329241.0,6853fb18,0.959
1456329241.0,d3a25b8a,0.919
1456329241.0,d53e3a60,0.899
1456329241.0,0cc21315,0.969
1456329241.0,843c0434,0.939
1456329241.0,9a11b9a9,0.929
1456329241.0,7c556e65,0.929
1456329241.0,1e3a9784,0.919
1456329241.0,4e31aa8b,0.919
1456329241.0,c928ed36,0.899
1456329241.0,68f6b885,0.999
1456329241.0,35756296,0.999
1456329241.0,ecfdcbbe,0.929
1456329241.0,ff4bec86,0.939
1456329241.0,0c475d4b,0.949
1456329241.0,e42f2550,0.929
1456329241.0,b7dba17c,0.939
1456329241.0,ed94db5a,0.979
1456329241.0,8208358e,0.929
1456329241.0,e399a8ea,0.949
1456329241.0,6d7e72b2,0.959
1456329241.0,4ebf7b5b,0.939
1456329241.0,3ccd631d,0.969
1456329241.0,70dce2c3,0.939
1456329241.0,09bc3f2e,0.979
1456329241.0,cf1a869e,0.929
1456329241.0,7592b37a,0.949
1456329241.0,78e71612,0.979
1456329241.0,9204320b,0.929
1456329241.0,e63a5c48,0.979
1456329241.0,d8aacecc,0.919
1456329241.0,6df2a6aa,0.939
1456329241.0,f785fb75,0.949
1456329241.0,039cdb4d,0.969
1456329241.0,87532816,0.984
1456329241.0,,0.949
1456329241.0,c3ff1b21,0.929
1456329241.0,7d2a6e6a,0.929
1456329241.0,b09088a6,0.959
1456329241.0,7395c363,0.939
1456329241.0,95321d2a,0.939
1456329241.0,09638887,0.939
1456329241.0,6a55f2e9,0.949
1456329241.0,daf5b359,0.949
1456329241.0,3cb139bc,0.949
1456329241.0,bbbbf60e,0.949
1456329241.0,254d26d3,0.939
1456329241.0,faa85b47,0.949
1456329241.0,6938babb,0.944
1456329241.0,b46b0917,0.939
1456329241.0,edd33695,0.929
1456329241.0,9e990cfe,0.939
1456329241.0,93b5b301,0.939
1456329241.0,b90ce0f4,0.944
1456329241.0,980060a7,0.959
1456329241.0,fe0b6fc9,0.969
1456329241.0,fcdeda3e,0.919
1456329241.0,c4c2ead1,0.979
1456329241.0,3ad50a81,0.949
1456329241.0,7a53b849,0.929
1456329241.0,5a55ec8e,0.949
1456329241.0,811b6a32,0.969
1456329241.0,6f53ff69,0.979
1456329241.0,1d86aff5,0.944
1456329241.0,3a9fbebb,0.969
1456329241.0,9f61347e,0.929
1456329241.0,a30a80ce,0.929
1456329241.0,21b0fe98,0.959
1456329241.0,31993f75,0.939
1456329241.0,3104967c,0.949
1456329241.0,0d8a8599,0.959
1456329241.0,a825b9fa,0.939
1456329241.0,8801e116,0.939
1456329241.0,b7b730d9,0.959
1456329241.0,92d959c6,0.999
1456329241.0,fd3cde5f,0.999
1456329241.0,b9331765,0.949
1456329241.0,6797c38e,0.979
1456329241.0,1bbcc3e6,0.949
1456329241.0,41f0bb18,0.949
1456329241.0,3b728838,0.989
1456329241.0,4b926ccb,0.909
1456329241.0,6aba45bf,0.939
1456329241.0,d854b7df,0.939
1456329241.0,fb2de244,0.939
1456329241.0,50cb7778,0.969
1456329241.0,64b01954,0.979
1456329241.0,7bf1b975,0.969
1456329241.0,9e448914,0.939
1456329241.0,130149c2,0.939
1456329241.0,5aa86555,0.959
1456329241.0,bbc2b8d4,0.929
1456329241.0,7abeb499,0.939
1456329241.0,5c405f95,0.949
1456329241.0,036e385d,0.949
1456329241.0,3b3dda8f,0.929
1456329241.0,2934dabc,0.919
1456329241.0,97911c0d,0.939
1456329241.0,27f88bd4,0.939
1456329241.0,a0ad552e,0.919
1456329241.0,74d7ab64,0.939
1456329241.0,c3450ec5,0.959
1456329241.0,3b3b7c54,0.939
1456329241.0,4e5b5da4,0.969
1456329241.0,251d80d6,0.939
1456329241.0,3d589997,0.939
1456329241.0,21dc0042,0.929
1456329241.0,682bb15c,0.939
1456329241.0,fd3c454f,0.969
1456329241.0,b6de77a6,0.939
1456329241.0,74e674a6,0.929
1456329241.0,54b567d4,0.949
1456329241.0,72162ebe,0.959
1456329241.0,fdfab0b9,0.939
1456329241.0,2158a603,0.949
1456329241.0,6f85f5da,0.919
1456329241.0,f6e51b33,0.949
1456329241.0,e8b13926,0.949
1456329241.0,a1904e6e,0.959
1456329241.0,ad0bf4e5,0.969
1456329241.0,63ded480,0.959
1456329241.0,6f2ba4ed,0.939
1456329241.0,3a3fcab7,0.909
1456329241.0,b47f33d8,0.959
1456329241.0,54ba3e2f,0.914
1456329241.0,62f01f83,0.949
1456329241.0,f44172d4,0.919
1456329241.0,945202a2,0.949
1456329241.0,b0777eff,0.959
1456329241.0,0a7d02af,0.949
1456329241.0,e8cb3a6b,0.939
1456329241.0,aff10140,0.939
1456329241.0,acd58708,0.939
1456329241.0,67185f46,0.959
1456329241.0,78dd6fcc,0.949
1456329241.0,563059fb,0.939
1456329241.0,18b5f856,0.969
1456329241.0,2864a863,0.939
1456329241.0,70507c40,0.979
1456329241.0,9121921b,0.969
1456329241.0,9f7b3411,0.949
1456329241.0,e8478f56,0.979
1456329241.0,9086a5b2,0.939
1456329241.0,39fe3076,0.979
1456329241.0,2c0cf8f5,0.969
1456329241.0,e8ee4568,0.929
1456329241.0,75c86f5d,0.919
1456329241.0,0fa96932,0.929
1456329241.0,e01dae0b,0.929
1456329241.0,62bff896,0.939
1456329241.0,63cbf4ee,0.939
1456329241.0,54255515,0.939
1456329241.0,44bf3174,0.909
1456329241.0,adfdc7d5,0.969
1456329241.0,328b1075,0.919
1456329241.0,44a2c936,0.989
1456329241.0,337bdfc2,0.939
1456329241.0,001234ac,0.989
1456329241.0,4f2bb69c,0.949
1456329241.0,88d7ccee,0.969
1456329241.0,f4aa351e,0.949
1456329241.0,4817b47e,0.959
1456329241.0,8f0c450a,0.939
1456329241.0,415e9636,0.959
1456329241.0,4d541f34,0.959
1456329241.0,8f9c3c61,0.949
1456329241.0,fdce6bd4,0.969
1456329241.0,8b13f9ae,0.959
1456329241.0,6ad0086e,0.929
1456329241.0,d97d5b77,0.929
1456329241.0,5fb9dfa5,0.949
1456329241.0,07e15eec,0.959
1456329241.0,164df318,1.009
1456329241.0,c1bc3b48,0.939
1456329241.0,9e46459f,0.969
1456329241.0,b3457bb4,0.969
1456329241.0,3784c135,0.939
1456329241.0,9d2a511e,0.989
1456329241.0,6b72bc31,0.979
1456329241.0,3d5d3cef,0.949
1456329241.0,c9a50b4f,0.909
1456329241.0,22c97836,0.969
1456329241.0,28c16e42,0.959
1456329241.0,8025debd,0.959
1456329241.0,5aab5487,0.959
1456329241.0,466dfd41,0.989
1456329241.0,6282bbac,0.979
1456329241.0,5982a304,0.949
1456329241.0,fb9f21b7,0.959
1456329241.0,765dab48,0.939
1456329241.0,538c9b65,0.929
1456329241.0,41815ba2,0.969
1456329241.0,cb409a1c,0.939
1456329241.0,c3e10c01,0.979
1456329241.0,8bda8d2f,0.939
1456329241.0,dd700b9a,0.939
1456329241.0,2042ed0f,0.969
1456329241.0,7c06a27e,0.969
1456329241.0,06e56593,0.949
1456329241.0,0f24e30a,0.949
1456329241.0,c0dc4535,0.949
1456329241.0,69154954,1.029
1456329241.0,b5e27e69,0.929
1456329241.0,a453e0de,0.939
1456329241.0,3b609665,0.929
1456329241.0,de0d13cd,0.959
1456329241.0,c62b5500,0.939
1456329241.0,eabcfe38,0.984
1456329241.0,94be3c52,0.949
1456329241.0,5aa49c2a,0.919
1456329241.0,9479cc1c,0.939
1456329241.0,115ba3fe,0.949
1456329241.0,8af66ed4,0.949
1456329241.0,7dde6783,0.949
1456329241.0,bd4d552d,0.969
1456329241.0,47f0950d,0.929
1456329241.0,7d32e843,0.949
1456329241.0,1555e8c5,0.959
1456329241.0,3df2304c,0.939
1456329241.0,550f37fb,0.939
1456329241.0,8d45e432,0.969
1456329241.0,8f4cf94f,0.959
1456329241.0,6da3d0a7,0.939
1456329241.0,a35ffacf,0.939
1456329241.0,286b8a57,0.959
1456329241.0,6b6f2493,0.959
1456329241.0,eb8520ef,0.969
1456329241.0,1c54aea2,0.939
1456329241.0,52c09ceb,0.939
1456329241.0,4a5baf49,0.959
1456329241.0,b414428f,0.949
1456329241.0,86dab25e,0.959
1456329241.0,7d5b56a3,0.949
1456329241.0,5adcc672,0.949
1456329241.0,63a8e437,0.949
1456329241.0,7eb639ab,0.949
1456329241.0,6459c68c,0.949
1456329241.0,d02e9f98,0.959
1456329241.0,38ad9bbf,0.939
1456329241.0,5acde0f1,0.929
1456329241.0,72975548,0.979
1456329241.0,bdd46409,0.969
1456329241.0,49fa8372,0.939
1456329241.0,00496bce,0.919
1456329241.0,ce5b6ffc,0.949
1456329241.0,44d0cc01,0.969
1456329241.0,bd6492b8,0.949
1456329241.0,75290178,0.949
1456329241.0,e3c90980,0.919
1456329241.0,6f79337c,0.959
1456329241.0,9c7eab32,0.989
1456329241.0,0a4d335f,0.949
1456329241.0,ae934bd5,0.949
1456329241.0,a48343d6,0.949
1456329241.0,b49d51d2,0.949
1456329241.0,39cc6655,0.969
1456329241.0,1929bb2b,0.959
1456329241.0,257b4f91,0.939
1456329241.0,c768cae4,0.939
1456329241.0,cb7a19f8,0.939
1456329241.0,f1206565,0.949
1456329241.0,c2cdc545,0.909
1456329241.0,c5669e2f,0.909
1456329241.0,7fc3b34a,0.959
1456329241.0,fab2186a,0.949
1456329241.0,86e12f55,0.929
1456329241.0,129d1493,0.929
1456329241.0,4530e328,0.939
1456329241.0,e458aaaf,0.969
1456329241.0,d0e02780,0.959
1456329241.0,eb3c6430,0.959
1456329241.0,194f69ab,0.919
1456329241.0,fe4b1f4a,0.919
1456329241.0,02e413b6,0.949
1456329241.0,ae8a27ee,0.969
1456329241.0,350465a6,0.939
1456329241.0,1543d9a2,0.949
1456329241.0,29259211,0.959
1456329241.0,5afecce4,0.989
1456329241.0,cd84a2a9,0.939
1456329241.0,a0f41fbb,0.949
1456329241.0,a70de662,0.969
1456329241.0,f1929c3e,0.949
1456329241.0,07f1bf63,0.929
1456329241.0,f3860d8d,0.979
1456329241.0,cb758bb7,0.939
1456329241.0,10967cac,0.929
1456329241.0,c8b54491,0.939
1456329241.0,07ca952f,0.959
1456329241.0,1dad0cef,0.939
1456329241.0,06277f60,0.939
1456329241.0,6fbc265f,0.979
1456329241.0,8222952d,0.929
1456329241.0,d25a0585,0.949
1456329241.0,c6c3a80a,1.019
1456329241.0,f290a992,0.929
1456329241.0,fc8f41b2,0.919
1456329241.0,9758fc2a,0.989
1456329241.0,890bbb28,0.979
1456329241.0,f4b9f379,0.929
1456329241.0,b8705ff2,0.929
1456329241.0,,0.979
1456329241.0,05cd05cd,0.939
1456329241.0,856ff254,0.929
1456329241.0,ee74bc99,0.929
1456329241.0,a82fcd07,0.989
1456329241.0,13f4ef46,0.909
1456329241.0,b3d69d8e,0.919
1456329241.0,a13f8970,0.929
1456329241.0,3c76ded2,0.929
1456329241.0,9f42fd97,0.929
1456329241.0,a8aaf34c,0.949
1456329241.0,88c383bc,0.929
1456329241.0,73e22345,0.929
1456329241.0,d9461dd7,0.989
1456329241.0,238f3319,0.929
1456329241.0,,0.919
1456329241.0,eeca31d3,0.979
1456329241.0,d2e84b49,0.929
1456329241.0,0a194365,0.959
1456329241.0,7b5a8540,0.939
1456329241.0,,0.949
1456329241.0,0f5578bb,0.949
1456329241.0,41bdb6f9,0.918
1456329241.0,a5b2c28c,0.939
1456329241.0,888142ae,0.989
1456329241.0,407ea472,0.949
1456329241.0,5a4ca547,0.899
1456329241.0,4465e992,0.949
1456329241.0,92f8fe19,0.989
1456329241.0,d87652c8,0.929
1456329241.0,40b7c070,0.899
1456329241.0,f1a9cf2a,0.919
1456329241.0,7475385b,0.939
1456329241.0,5780923a,0.929
1456329241.0,036b80ad,0.929
1456329241.0,53567364,0.969
1456329241.0,a462d05b,0.949
1456329241.0,63f74b4d,0.949
1456329241.0,4d5f25c7,0.939
1456329241.0,e034bbd0,0.939
1456329241.0,7406d60c,0.969
1456329241.0,5800eb70,0.954
1456329241.0,22609e3d,0.929
1456329241.0,efe39034,0.939
1456329241.0,8404a707,0.949
1456329241.0,0a55fbe8,0.949
1456329241.0,6bbd3dc3,0.949
1456329241.0,d1780d08,0.959
1456329241.0,809b9631,0.959
1456329241.0,e5e6c292,0.919
1456329241.0,bd50e8e2,0.939
1456329481.0,4bdbb457,0.929
1456329481.0,5175d50a,0.949
1456329481.0,dc4873f6,0.939
1456329481.0,e8ce1950,0.939
1456329481.0,0f8246c8,0.949
1456329481.0,692e3609,0.929
1456329481.0,bd100d45,0.919
1456329481.0,d98cee9c,0.909
1456329481.0,843c0434,0.929
1456329481.0,d3415f41,1.029
1456329481.0,f822968e,0.929
1456329481.0,da9fe8af,0.939
1456329481.0,f2d26e3e,0.929
1456329481.0,175bcea1,0.939
1456329481.0,d531567b,0.949
1456329481.0,5b042101,0.939
1456329481.0,b064c9f5,0.999
1456329481.0,9e96bd97,0.929
1456329481.0,609e4eb1,0.959
1456329481.0,c6cd3146,0.949
1456329481.0,1bfa0edf,0.959
1456329481.0,7fcb9629,0.959
1456329481.0,bcaf4920,0.989
1456329481.0,e85f8007,0.939
1456329481.0,1a2a17d8,0.949
1456329481.0,42a9168f,0.979
1456329481.0,09aa1a8b,0.979
1456329481.0,b7218e20,0.969
1456329481.0,91632530,0.919
1456329481.0,824f7fcf,0.919
1456329481.0,6ecefdf4,0.979
1456329481.0,86f33ae2,0.919
1456329481.0,adb530b9,0.979
1456329481.0,16b53bbf,0.979
1456329481.0,1898c240,0.949
1456329481.0,ce2f1007,0.979
1456329481.0,d6f2eeec,0.939
1456329481.0,d89d5f83,0.929
1456329481.0,4f72fca5,0.979
1456329481.0,6a0de89a,0.949
1456329481.0,,0.929
1456329481.0,8547b6b8,0.979
1456329481.0,0d662c07,0.929
1456329481.0,c0ad4417,0.929
1456329481.0,dc8781a2,0.969
1456329481.0,5d4a550d,0.939
1456329481.0,00d1a6ab,0.969
1456329481.0,8bb9b028,0.919
1456329481.0,9c389a21,0.969
1456329481.0,6670ab73,0.969
1456329481.0,626c6699,0.919
1456329481.0,a2a310e7,0.949
1456329481.0,78c59dfc,0.919
1456329481.0,df3fd5ef,0.979
1456329481.0,,0.964
1456329481.0,5a8fcce2,0.929
1456329481.0,5f881538,0.939
1456329481.0,5fbe505b,0.939
1456329481.0,88034757,0.939
1456329481.0,efa93e18,0.959
1456329481.0,44da8f35,0.929
1456329481.0,a64ec2ce,0.939
1456329481.0,f8e15df3,0.949
1456329481.0,d242c421,0.949
1456329481.0,da3e3f70,0.959
1456329481.0,ea2d6eca,0.959
1456329481.0,6949ed4a,1.009
1456329481.0,69206b79,0.969
1456329481.0,8c14cf23,0.949
1456329481.0,192ba8fb,0.939
1456329481.0,2bb55c91,0.959
1456329481.0,60a86cf4,0.979
1456329481.0,39b9ba7f,0.949
1456329481.0,71c8efd1,0.999
1456329481.0,b00dd683,0.969
1456329481.0,c065b81d,0.934
1456329481.0,e448c44d,0.949
1456329481.0,4838da54,0.989
1456329481.0,09be7dd3,0.949
1456329481.0,4d705805,0.959
1456329481.0,c1eb66c5,0.969
1456329481.0,7bdf8f15,0.949
1456329481.0,51fcda8d,0.959
1456329481.0,98cd55ee,0.949
1456329481.0,a004fbaa,0.959
1456329481.0,e446361e,0.959
1456329481.0,0187d1d6,0.979
1456329481.0,5aede176,0.939
1456329481.0,c9b21507,0.949
1456329481.0,67830b76,0.949
1456329481.0,4130795c,0.949
1456329481.0,27707ee4,0.939
1456329481.0,6dd14a95,0.919
1456329481.0,3580f1ac,0.969
1456329481.0,1d3d3ee8,0.929
1456329481.0,f1def287,0.939
1456329481.0,91b59473,0.959
1456329481.0,f4e77bcd,0.959
1456329481.0,3dceca88,0.989
1456329481.0,42daef27,0.978
1456329481.0,88113d35,0.964
1456329481.0,fea3781d,0.949
1456329481.0,6e97a289,0.969
1456329481.0,2ffbebf3,0.939
1456329481.0,12aba19d,0.979
1456329481.0,71b758db,0.959
1456329481.0,7da0a752,0.989
1456329481.0,5c405f95,0.949
1456329481.0,ad129baa,0.929
1456329481.0,d5e3ccf5,0.949
1456329481.0,0b91981b,0.939
1456329481.0,6e907110,0.939
1456329481.0,c1923e8f,0.949
1456329481.0,7f9a33f8,0.959
1456329481.0,e246da13,0.949
1456329481.0,fbfbf15b,0.959
1456329481.0,e830fd7a,0.969
1456329481.0,5fcd0f7a,0.949
1456329481.0,1b24bc6c,0.959
1456329481.0,74f3df02,0.949
1456329481.0,c33f8f41,0.959
1456329481.0,bcdd8796,0.939
1456329481.0,9cd2e129,0.949
1456329481.0,f4507e0e,0.919
1456329481.0,1660ed2f,0.959
1456329481.0,734783d7,0.949
1456329481.0,9dd61d06,0.929
1456329481.0,7f6effac,0.929
1456329481.0,badafb9a,0.939
1456329481.0,2eea7b6b,0.939
1456329481.0,157fcdd4,0.969
1456329481.0,5fcf7eea,0.939
1456329481.0,bdd20cc3,0.959
1456329481.0,980707a9,0.929
1456329481.0,45374890,0.969
1456329481.0,beb2cad8,0.939
1456329481.0,3d026101,0.919
1456329481.0,81d8b241,0.929
1456329481.0,6499badf,0.969
1456329481.0,efd0b72b,0.959
1456329481.0,f47b98eb,0.939
1456329481.0,32ba58a5,0.999
1456329481.0,0ee3214c,0.979
1456329481.0,23dfefb8,0.969
1456329481.0,143e78de,0.939
1456329481.0,27d37db7,0.949
1456329481.0,4119ba76,0.959
1456329481.0,0b0a4614,0.949
1456329481.0,563059fb,0.939
1456329481.0,6aa7f92d,1.029
1456329481.0,d20f8501,0.929
1456329481.0,a3e4145b,0.949
1456329481.0,7c1d5106,0.979
1456329481.0,d9b08f78,0.959
1456329481.0,3b5de5d2,0.949
1456329481.0,a2cbf4a6,0.959
1456329481.0,56b0dc6a,0.969
1456329481.0,88fe1686,0.949
1456329481.0,430cbb77,0.959
1456329481.0,e70bbd05,0.939
1456329481.0,133677b3,0.969
1456329481.0,9f33f062,0.939
1456329481.0,642a4242,0.939
1456329481.0,e76cb56f,0.949
1456329481.0,fee45b54,0.939
1456329481.0,18ac93f2,0.919
1456329481.0,100339eb,0.919
1456329481.0,6d40e0d7,0.919
1456329481.0,bda6612d,0.919
1456329481.0,5ae3e1ca,0.929
1456329481.0,f1405292,0.969
1456329481.0,020c53c2,0.949
1456329481.0,b0dc334c,0.939
1456329481.0,d338e293,0.969
1456329481.0,a664a217,0.909
1456329481.0,f04fe50a,0.959
1456329481.0,27d7ba56,0.939
1456329481.0,202af8f9,0.949
1456329481.0,8a128851,0.939
1456329481.0,37768192,0.949
1456329481.0,0a20dd73,0.969
1456329481.0,11e04c6a,0.959
1456329481.0,f2523c62,0.999
1456329481.0,f105f24c,0.939
1456329481.0,a5b2040e,0.959
1456329481.0,57c3f6b1,0.939
1456329481.0,aa65bfee,0.949
1456329481.0,edd1487d,0.969
1456329481.0,c32d3f5d,0.929
1456329481.0,5459c738,0.929
1456329481.0,6fb3ea7a,0.919
1456329481.0,9a0bacc1,0.939
1456329481.0,4100c9dd,0.959
1456329481.0,bc75cb58,0.969
1456329481.0,6a2bab6d,0.989
1456329481.0,e04ac56b,0.949
1456329481.0,c88d1f3b,0.979
1456329481.0,c1154259,0.939
1456329481.0,190db56f,0.949
1456329481.0,1e3f04ab,0.969
1456329481.0,1b33191e,0.949
1456329481.0,4a7d41a5,0.939
1456329481.0,76e411f5,0.939
1456329481.0,d54da67a,0.939
1456329481.0,466dfd41,0.959
1456329481.0,5f9e44dd,0.969
1456329481.0,11fd2741,0.949
1456329481.0,8b5cc87c,0.939
1456329481.0,a100fb36,0.979
1456329481.0,0900dfb0,0.949
1456329481.0,a260f4a5,0.959
1456329481.0,72ecbc2d,0.969
1456329481.0,6d3f757f,0.959
1456329481.0,dd465a5d,0.979
1456329481.0,433a5787,0.949
1456329481.0,e3a6c1d2,0.919
1456329481.0,95ab5a1d,0.939
1456329481.0,c79adad0,0.919
1456329481.0,cf213ad2,0.969
1456329481.0,92eb0a93,0.939
1456329481.0,37df3e29,0.939
1456329481.0,2042ed0f,0.959
1456329481.0,d717e4c7,0.939
1456329481.0,f322d52b,0.979
1456329481.0,85e99aa8,0.949
1456329481.0,23ffa8c7,0.904
1456329481.0,d262266d,0.929
1456329481.0,cfb1df3e,0.949
1456329481.0,d02509ed,0.959
1456329481.0,9beb1b98,0.949
1456329481.0,476837aa,0.949
1456329481.0,a43f17c4,0.929
1456329481.0,69cf448c,0.989
1456329481.0,0f282fe6,0.959
1456329481.0,764a9f1e,0.919
1456329481.0,1858a39e,0.949
1456329481.0,6c1eda32,0.969
1456329481.0,77cb599d,0.899
1456329481.0,0a6dec42,0.909
1456329481.0,d080ea89,0.984
1456329481.0,ab2a652e,0.929
1456329481.0,168168ee,0.969
1456329481.0,32ba3943,0.929
1456329481.0,1555e8c5,0.939
1456329481.0,335765fb,0.969
1456329481.0,f7d11bff,0.979
1456329481.0,f047579e,0.939
1456329481.0,a18aae3d,0.939
1456329481.0,a622d33e,0.919
1456329481.0,c24a4e37,0.939
1456329481.0,2d973990,0.959
1456329481.0,731e56e7,0.959
1456329481.0,6b5979c5,0.929
1456329481.0,0af09136,0.949
1456329481.0,7a9eef7e,0.939
1456329481.0,9aadb3f4,0.999
1456329481.0,699fb3bc,0.929
1456329481.0,18ec7b65,0.919
1456329481.0,74148a57,0.939
1456329481.0,63111fa6,0.959
1456329481.0,2a5c512c,0.999
1456329481.0,9636dbe4,0.929
1456329481.0,649a77db,0.929
1456329481.0,cbc2f9db,0.929
1456329481.0,7e6785e2,0.989
1456329481.0,b4e0667f,0.969
1456329481.0,c0210272,0.919
1456329481.0,bd3a11a3,0.959
1456329481.0,ece4dd56,0.989
1456329481.0,ca804af5,0.939
1456329481.0,f11235cb,0.939
1456329481.0,448b8b44,0.959
1456329481.0,97d3de54,0.949
1456329481.0,aa5647b4,0.949
1456329481.0,8dbbf765,0.939
1456329481.0,f8d94280,0.999
1456329481.0,f25ee766,0.939
1456329481.0,2f349c74,0.939
1456329481.0,efadda78,0.969
1456329481.0,77c9f305,0.939
1456329481.0,a580c6ad,0.969
1456329481.0,5580f197,0.979
1456329481.0,86712e60,0.979
1456329481.0,e73d5934,0.939
1456329481.0,ecaa161e,0.959
1456329481.0,1ffbed87,0.969
1456329481.0,64abbe63,0.949
1456329481.0,204dbdb0,0.949
1456329481.0,5921c872,0.929
1456329481.0,5c59a043,0.939
1456329481.0,5c0dc2e6,0.979
1456329481.0,e6c2b040,0.959
1456329481.0,f4f5e1d8,0.949
1456329481.0,e7cf315e,0.969
1456329481.0,c897fba4,0.959
1456329481.0,c4088196,0.949
1456329481.0,7d0e5e60,0.959
1456329481.0,b8e3788a,0.989
1456329481.0,332fb1ba,0.929
1456329481.0,39261c92,0.949
1456329481.0,6860f6a1,0.909
1456329481.0,5136691e,0.949
1456329481.0,13e237c2,0.959
1456329481.0,eb444eb7,0.949
1456329481.0,a11621b6,0.939
1456329481.0,5d9f0ce5,0.929
1456329481.0,f7989ae3,0.929
1456329481.0,9b0f9cb3,0.939
1456329481.0,fb54ae4c,0.909
1456329481.0,621f191f,0.949
1456329481.0,e00ca8bb,0.949
1456329481.0,ee1d296d,0.979
1456329481.0,146a1da7,0.969
1456329481.0,083297f9,0.989
1456329481.0,7efa821a,0.959
1456329481.0,ce7f3f9b,0.989
1456329481.0,c793eda5,0.914
1456329481.0,06f357b3,0.939
1456329481.0,b2dce7a0,0.949
1456329481.0,b8fe1af4,0.919
1456329481.0,f659a576,0.979
1456329481.0,c25699b5,0.989
1456329481.0,e5f52c88,0.979
1456329481.0,ac9a449a,0.949
1456329481.0,74c7be75,0.989
1456329481.0,f4ec92d7,0.939
1456329481.0,21ccc86d,0.939
1456329481.0,073f77fc,0.929
1456329481.0,57d1fddc,0.919
1456329481.0,c41ce805,0.969
1456329481.0,cada2616,0.939
1456329481.0,54c764d3,0.989
1456329481.0,1db152f7,0.939
1456329481.0,60983be1,0.929
1456329481.0,b93a61f3,0.919
1456329481.0,fc8f41b2,0.919
1456329481.0,ae30d7e3,0.929
1456329481.0,56ea4a71,0.919
1456329481.0,6e1a006b,0.939
1456329481.0,d1bc0e20,0.919
1456329481.0,107d750c,0.929
1456329481.0,7f1371b6,0.949
1456329481.0,2a684001,0.929
1456329481.0,e567333d,0.929
1456329481.0,810fc069,0.939
1456329481.0,a49f5d4b,0.949
1456329481.0,10811cd9,0.939
1456329481.0,92dfb6d0,0.929
1456329481.0,38f5a01f,0.919
1456329481.0,733cb25c,0.939
1456329481.0,69a09fed,0.939
1456329481.0,128ef159,0.939
1456329481.0,bc4de9b2,0.949
1456329481.0,973748fa,0.929
1456329481.0,e2de0df7,0.939
1456329481.0,672ba0d9,0.939
1456329481.0,fc59259b,0.939
1456329481.0,0f5578bb,0.939
1456329481.0,9168991d,0.939
1456329481.0,d4f7e2c6,0.959
1456329481.0,73f7d503,0.929
1456329481.0,5cb0b08c,0.929
1456329481.0,e4ff2e3f,0.939
1456329481.0,9ab681ea,0.969
1456329481.0,b4c63b76,0.929
1456329481.0,9d4458f3,0.949
1456329481.0,1510f5e1,0.999
1456329481.0,b2e5f301,0.969
1456329481.0,56006177,0.999
1456329481.0,b3011e67,0.929
1456329481.0,87a23e83,0.949
1456329481.0,53567364,0.959
1456329481.0,f5d0841a,0.939
1456329481.0,049b2af8,0.959
1456329481.0,960bd28e,0.979
1456329481.0,d2672082,0.939
1456329481.0,82c54482,0.959
1456329481.0,c4655584,0.979
1456329481.0,efe39034,0.939
1456329481.0,fed9f427,0.949
1456329481.0,,0.969
1456329481.0,8404a707,0.949
1456329481.0,343e9168,0.974
1456329481.0,09c4d8a3,0.959
1456329481.0,32ecd8d4,0.949
1456329481.0,cd52f1cb,0.969
1456329481.0,9a16227b,0.979
1456329481.0,873f022b,0.969
1456329481.0,8979e403,0.939
1456329481.0,01e3af77,0.929
1456329721.0,9ce7d98b,0.969
1456329721.0,bf66734b,0.959
1456329721.0,56808aa1,0.949
1456329721.0,,0.959
1456329721.0,d779b267,0.989
1456329721.0,ae5b7656,0.989
1456329721.0,20342ee3,0.949
1456329721.0,d81fbb3d,0.989
1456329721.0,d6f28452,0.989
1456329721.0,f3d91925,0.969
1456329721.0,a377df7d,0.929
1456329721.0,7ae877b2,0.959
1456329721.0,4e6ab199,0.939
1456329721.0,d64909aa,0.939
1456329721.0,ee0b813f,0.929
1456329721.0,da9fe8af,0.929
1456329721.0,885c23aa,0.949
1456329721.0,a6b83ee4,0.959
1456329721.0,bf5b9c36,0.929
1456329721.0,24c0c404,0.979
1456329721.0,5ac34503,0.979
1456329721.0,a46f6f07,0.959
1456329721.0,264d6745,0.929
1456329721.0,2ef24e6a,0.919
1456329721.0,85d0e643,0.949
1456329721.0,c5b39c57,0.939
1456329721.0,5bf5865e,0.929
1456329721.0,0b19d5fe,0.929
1456329721.0,ddd15cbb,0.979
1456329721.0,bf4ccf7b,0.979
1456329721.0,234c6f7e,0.939
1456329721.0,d2f10be7,0.959
1456329721.0,b5464430,0.939
1456329721.0,6a471cde,0.929
1456329721.0,d6e5c3f0,0.959
1456329721.0,5550eba8,0.949
1456329721.0,2afeabea,0.939
1456329721.0,,0.999
1456329721.0,2a7b6c27,0.924
1456329721.0,d52f4585,0.949
1456329721.0,a25aae71,0.939
1456329721.0,161691b3,0.959
1456329721.0,89376981,0.939
1456329721.0,62b7a8fb,0.959
1456329721.0,23e9a491,0.939
1456329721.0,a705a30f,0.959
1456329721.0,696e88f4,0.919
1456329721.0,215c30e8,0.939
1456329721.0,136065e7,0.959
1456329721.0,bce22baa,0.929
1456329721.0,cb73d4f7,0.919
1456329721.0,f0d7ea8a,0.939
1456329721.0,7d4cb90b,0.969
1456329721.0,5d5e9ec8,0.929
1456329721.0,a618c589,0.959
1456329721.0,0c5920e5,0.919
1456329721.0,3c6b3035,0.919
1456329721.0,0a8fc55d,0.969
1456329721.0,f0430871,0.989
1456329721.0,f2c567b7,0.949
1456329721.0,fb66374e,0.949
1456329721.0,c5f0fecb,0.949
1456329721.0,5b93fb87,0.929
1456329721.0,1f635eb5,0.989
1456329721.0,8c716afc,0.989
1456329721.0,91385da7,1.009
1456329721.0,4fee3e6d,0.959
1456329721.0,dd5271ec,0.959
1456329721.0,e02c8254,0.979
1456329721.0,50ccc5eb,0.959
1456329721.0,cf228ee3,0.959
1456329721.0,09a6cc4e,0.949
1456329721.0,83cdf5cb,0.949
1456329721.0,8a3a3f10,0.949
1456329721.0,1357de7e,0.959
1456329721.0,06dc60dd,1.029
1456329721.0,59d94ded,0.989
1456329721.0,3663fc5c,0.939
1456329721.0,72cb62f7,0.919
1456329721.0,8bd77566,0.959
1456329721.0,a676af82,0.949
1456329721.0,785d1098,0.949
1456329721.0,08ee2078,0.939
1456329721.0,22d16d09,0.939
1456329721.0,0b069a72,0.969
1456329721.0,36a53250,0.979
1456329721.0,0de2cbad,0.939
1456329721.0,191737f5,0.939
1456329721.0,d7d438ac,0.969
1456329721.0,2b0edf3c,0.939
1456329721.0,d7523cd4,0.999
1456329721.0,d1008b23,0.959
1456329721.0,ab01d0f4,0.929
1456329721.0,628e1099,0.929
1456329721.0,01735f50,0.939
1456329721.0,403a1c86,0.939
1456329721.0,62ebae64,0.969
1456329721.0,1bfef5b8,0.939
1456329721.0,7391a07f,0.959
1456329721.0,9ec908ec,0.969
1456329721.0,34c23076,0.929
1456329721.0,ff9beead,0.949
1456329721.0,5747e8a7,0.959
1456329721.0,6d6ba0fc,0.949
1456329721.0,21c136e4,0.939
1456329721.0,4d691ffa,0.999
1456329721.0,93d0d0da,0.939
1456329721.0,bd1e659d,0.959
1456329721.0,d872a109,0.929
1456329721.0,70111ec9,0.959
1456329721.0,3b06308c,0.979
1456329721.0,b6de77a6,0.929
1456329721.0,29804b96,0.979
1456329721.0,1548bd57,0.929
1456329721.0,64d3fea8,0.949
1456329721.0,ba636b7b,0.989
1456329721.0,78300ca0,0.959
1456329721.0,fd334dae,0.939
1456329721.0,0fdbf750,0.949
1456329721.0,5fcf7eea,0.929
1456329721.0,f723b50e,0.939
1456329721.0,dee66d10,0.939
1456329721.0,d662b253,0.969
1456329721.0,f052c9f4,0.969
1456329721.0,b1cca41e,0.929
1456329721.0,597a414c,0.929
1456329721.0,66da4817,0.979
1456329721.0,2c716111,0.949
1456329721.0,9b66ed80,0.929
1456329721.0,a0f09d1a,0.969
1456329721.0,b47f33d8,0.939
1456329721.0,ae3ec7b1,0.949
1456329721.0,b1628a80,0.919
1456329721.0,5cec73e9,0.899
1456329721.0,110c83a7,0.979
1456329721.0,b3fefca1,0.939
1456329721.0,d165a6a0,0.919
1456329721.0,72a57388,0.909
1456329721.0,2af5e84b,0.919
1456329721.0,7d3ae9b0,0.979
1456329721.0,202ac153,0.919
1456329721.0,165068db,0.929
1456329721.0,61508d3c,0.899
1456329721.0,f65e3be6,0.939
1456329721.0,0fb8b04e,0.959
1456329721.0,1c38d39c,0.929
1456329721.0,a409f033,0.949
1456329721.0,440673be,0.969
1456329721.0,24982c56,0.919
1456329721.0,476699aa,0.899
1456329721.0,18e554be,0.929
1456329721.0,840dc1e3,0.929
1456329721.0,4442e246,0.899
1456329721.0,305d8693,0.919
1456329721.0,c296d5cd,0.929
1456329721.0,d21f882f,0.959
1456329721.0,7e7694a3,0.949
1456329721.0,e3667c9c,0.909
1456329721.0,53c0a7e5,0.949
1456329721.0,dfda908c,0.949
1456329721.0,f4d0450c,0.939
1456329721.0,5f365e75,0.929
1456329721.0,0d26cc8d,0.949
1456329721.0,96ed6341,0.939
1456329721.0,113f4e08,0.969
1456329721.0,ee122c11,0.919
1456329721.0,94a8272b,0.959
1456329721.0,f136dec4,0.919
1456329721.0,d31bbfba,0.979
1456329721.0,d28733f8,0.949
1456329721.0,1ea7ac66,0.969
1456329721.0,740b965a,0.969
1456329721.0,dbad6afc,0.929
1456329721.0,4119ba76,0.949
1456329721.0,da93bb21,0.919
1456329721.0,a06397bf,0.959
1456329721.0,990356d6,0.959
1456329721.0,0bf8686a,0.979
1456329721.0,7e16c19d,0.999
1456329721.0,d3d9b662,0.949
1456329721.0,04ca9ed8,0.909
1456329721.0,84167b40,0.929
1456329721.0,491a07d2,0.969
1456329721.0,c2648ee3,0.929
1456329721.0,c72ef065,0.979
1456329721.0,49d8f4c8,0.949
1456329721.0,782c1225,0.959
1456329721.0,3b5de5d2,0.939
1456329721.0,1902d951,0.939
1456329721.0,1055fb12,0.929
1456329721.0,1cf625f0,0.939
1456329721.0,c7cc37d7,1.019
1456329721.0,831f7129,0.989
1456329721.0,abda856d,0.949
1456329721.0,92a6e659,0.939
1456329721.0,26613c3a,0.959
1456329721.0,17efd51c,0.979
1456329721.0,13bb32b4,0.909
1456329721.0,bcce0991,0.939
1456329721.0,b463b410,0.949
1456329721.0,64e9b77c,0.939
1456329721.0,44565663,0.969
1456329721.0,41d483a2,0.949
1456329721.0,91757ae2,0.909
1456329721.0,4af2260b,0.939
1456329721.0,ccd1f9f2,0.949
1456329721.0,6540cb14,0.939
1456329721.0,bcb00f3f,0.969
1456329721.0,626cfc2a,0.939
1456329721.0,eb7b02bd,0.959
1456329721.0,a9e224de,0.929
1456329721.0,e4ea9e93,0.959
1456329721.0,d51a9b5e,0.959
1456329721.0,8b0230d5,0.959
1456329721.0,5cdcf9c3,0.969
1456329721.0,d85e66c0,0.939
1456329721.0,5282e595,0.969
1456329721.0,672a9d1c,0.949
1456329721.0,c13504fe,0.969
1456329721.0,49c222c8,0.959
1456329721.0,cedf23e6,0.939
1456329721.0,6ab5f130,0.944
1456329721.0,300d7670,0.949
1456329721.0,d83a98ce,0.939
1456329721.0,1422263b,0.939
1456329721.0,bc75cb58,0.969
1456329721.0,dcb337e4,0.959
1456329721.0,f93d41bc,0.949
1456329721.0,49c93205,0.949
1456329721.0,4248b1c7,0.929
1456329721.0,affbe2d3,1.029
1456329721.0,3d45d1b9,0.959
1456329721.0,69e52004,0.949
1456329721.0,db4ed6aa,1.009
1456329721.0,5d45148e,0.949
1456329721.0,be9c118a,0.939
1456329721.0,b863dc49,0.929
1456329721.0,95a133c8,0.929
1456329721.0,9a4568c6,0.919
1456329721.0,8b5cc87c,0.929
1456329721.0,04f94792,0.969
1456329721.0,72ecbc2d,0.969
1456329721.0,9d3b9bdc,0.949
1456329721.0,22521c52,0.949
1456329721.0,959e4b35,0.949
1456329721.0,75ed1160,0.949
1456329721.0,cf213ad2,0.969
1456329721.0,27825143,0.919
1456329721.0,d3e36a6e,0.929
1456329721.0,5be837d4,0.949
1456329721.0,444fc3ef,0.929
1456329721.0,1d1829c8,0.929
1456329721.0,72c39ba1,0.909
1456329721.0,bc3ec897,0.939
1456329721.0,3f195c1b,0.999
1456329721.0,4c83adf3,0.959
1456329721.0,8f5cffb0,0.999
1456329721.0,d3a16954,0.929
1456329721.0,8bce4624,0.949
1456329721.0,2735badd,0.989
1456329721.0,0218a51d,0.939
1456329721.0,231c19cd,0.939
1456329721.0,2f02de37,0.969
1456329721.0,69cf448c,0.979
1456329721.0,e6b1064f,0.979
1456329721.0,fe69cf27,0.959
1456329721.0,62ae11f0,0.959
1456329721.0,e109622e,0.949
1456329721.0,9100dea8,0.959
1456329721.0,06de41d8,0.949
1456329721.0,e600b76d,0.939
1456329721.0,2e589edd,0.929
1456329721.0,9010dbc0,0.959
1456329721.0,7d63776b,0.949
1456329721.0,5a77d43f,0.929
1456329721.0,92f81808,0.959
1456329721.0,37350fbc,0.939
1456329721.0,129f9511,0.969
1456329721.0,5abc5719,0.939
1456329721.0,d7ca536d,0.929
1456329721.0,ab22dac4,0.959
1456329721.0,d9663827,0.949
1456329721.0,91d18db5,0.939
1456329721.0,82089458,0.929
1456329721.0,857beb4a,0.949
1456329721.0,275911ce,0.959
1456329721.0,a6631f18,0.919
1456329721.0,2d973990,0.959
1456329721.0,ff49e52d,0.939
1456329721.0,6fbcc336,0.909
1456329721.0,90f06420,0.919
1456329721.0,536d9ac3,1.009
1456329721.0,7f7b1e43,0.949
1456329721.0,4272bb90,0.939
1456329721.0,39edd173,0.949
1456329721.0,a2c55ea4,0.969
1456329721.0,ee7c2d70,0.949
1456329721.0,47368d32,0.939
1456329721.0,fa3092ba,0.979
1456329721.0,004c0eac,0.969
1456329721.0,ae7c12ce,0.924
1456329721.0,eaba5acb,0.969
1456329721.0,504126f8,0.959
1456329721.0,bd227bfb,0.989
1456329721.0,c9333668,0.969
1456329721.0,1ff0ade7,0.948
1456329721.0,cebd8559,0.979
1456329721.0,69e0d4ed,0.949
1456329721.0,739c3107,0.959
1456329721.0,e939fab3,0.939
1456329721.0,449f9515,0.939
1456329721.0,196134a5,0.959
1456329721.0,e4b1c6fb,0.939
1456329721.0,941effa7,0.929
1456329721.0,421a6353,0.929
1456329721.0,2644599e,0.959
1456329721.0,42aa3fce,0.939
1456329721.0,78daa5b5,0.929
1456329721.0,b9535339,0.899
1456329721.0,54e207d2,0.969
1456329721.0,f13c64f2,0.949
1456329721.0,2e65af60,0.949
1456329721.0,12d17fec,0.939
1456329721.0,4d9a80e1,0.959
1456329721.0,62994203,0.919
1456329721.0,0a0baf66,0.959
1456329721.0,59c1c98e,0.999
1456329721.0,862d0257,0.959
1456329721.0,4503fc83,0.939
1456329721.0,a372d56c,0.929
1456329721.0,790cb266,0.959
1456329721.0,8563b305,0.949
1456329721.0,aeb92729,0.969
1456329721.0,c6d02f74,0.949
1456329721.0,379a6719,0.939
1456329721.0,173bf0b5,0.969
1456329721.0,43396ca7,0.939
1456329721.0,990bc1af,0.959
1456329721.0,3e4c89c9,0.929
1456329721.0,7e8947c2,0.969
1456329721.0,39f6d678,0.989
1456329721.0,aa4cdb22,0.969
1456329721.0,10f309c6,0.939
1456329721.0,9eb320c2,0.959
1456329721.0,60983be1,0.929
1456329721.0,3cc9b59f,0.949
1456329721.0,02065938,0.939
1456329721.0,cca094f8,0.929
1456329721.0,dfa90483,0.929
1456329721.0,6c90e89a,0.919
1456329721.0,6e1a006b,0.929
1456329721.0,981008e5,0.949
1456329721.0,e567333d,0.929
1456329721.0,810fc069,0.929
1456329721.0,740982ff,0.939
1456329721.0,10811cd9,0.939
1456329721.0,88c383bc,0.929
1456329721.0,733cb25c,0.919
1456329721.0,8c7add3d,0.919
1456329721.0,d2e84b49,0.919
1456329721.0,fb428d4f,0.949
1456329721.0,2ecadcf6,0.929
1456329721.0,7a9d4c97,0.979
1456329721.0,2a2b022b,0.989
1456329721.0,b07ee4ba,0.959
1456329721.0,91db14ed,0.929
1456329721.0,9901346d,0.929
1456329721.0,57ef5f09,0.909
1456329721.0,e8812318,1.039
1456329721.0,e64fba92,0.939
1456329721.0,18b3ac80,0.939
1456329721.0,26a76357,0.939
1456329721.0,c57bb6b4,0.939
1456329721.0,df1ba7d7,0.919
1456329721.0,06f5e166,0.939
1456329721.0,8432eede,0.939
1456329721.0,5b1a63ab,0.949
1456329721.0,b2e5f301,0.959
1456329721.0,,0.989
1456329721.0,61271939,0.929
1456329721.0,974de11a,0.949
1456329721.0,da377fd8,0.949
1456329721.0,6334f8a6,0.949
1456329721.0,e8ecece5,0.949
1456329721.0,5d5a9bdb,0.939
1456329721.0,30466612,0.949
1456329721.0,41453b7f,0.969
1456329721.0,5c4d093f,0.959
1456329721.0,2e745c93,0.939
1456329721.0,96aa8cbc,0.959
1456329721.0,6a5e9f24,0.969
1456329721.0,9a16227b,0.959
1456329961.0,6c5a28c6,0.939
1456329961.0,2fbb9c5a,0.929
1456329961.0,0aeed7ce,0.929
1456329961.0,d3193e38,0.999
1456329961.0,82c6c5bb,0.959
1456329961.0,f37971ec,0.959
1456329961.0,800f2ca2,0.969
1456329961.0,ec0fb945,0.929
1456329961.0,d68ef316,0.969
1456329961.0,d109e19e,0.969
1456329961.0,6672f80b,0.969
1456329961.0,b9b8051a,0.929
1456329961.0,893b96a5,0.969
1456329961.0,ed5ad0df,0.949
1456329961.0,6785e982,0.969
1456329961.0,21b793b4,0.929
1456329961.0,375f0e67,0.929
1456329961.0,55100d94,0.959
1456329961.0,4e905761,0.959
1456329961.0,885b2e54,0.999
1456329961.0,0d053eb3,0.959
1456329961.0,c3a73e2d,0.949
1456329961.0,82781b7c,0.949
1456329961.0,66c8a343,0.959
1456329961.0,00206126,0.919
1456329961.0,2181a96b,0.929
1456329961.0,806e5051,0.949
1456329961.0,4281b5d2,0.929
1456329961.0,06f8b9dc,0.969
1456329961.0,87531960,0.959
1456329961.0,2c773ce0,0.949
1456329961.0,6fb67f4c,0.919
1456329961.0,c060503d,0.939
1456329961.0,cc1b41c2,0.969
1456329961.0,c62a443d,0.939
1456329961.0,84705f45,0.929
1456329961.0,,0.969
1456329961.0,8d7cf3c9,0.949
1456329961.0,1569342b,0.959
1456329961.0,5550eba8,0.939
1456329961.0,bb3f103e,0.959
1456329961.0,5f3ccc40,0.969
1456329961.0,461c1a45,0.939
1456329961.0,eed6c533,0.939
1456329961.0,d4770cdf,0.969
1456329961.0,dd1126e0,0.989
1456329961.0,318fc332,0.959
1456329961.0,8b02d213,0.929
1456329961.0,9c49f636,0.929
1456329961.0,1fb105e7,0.949
1456329961.0,c56f813d,0.949
1456329961.0,796dcdf3,0.939
1456329961.0,d161f15f,0.949
1456329961.0,93da27ed,0.949
1456329961.0,d367f64c,0.949
1456329961.0,eefff0b8,0.939
1456329961.0,0722a606,0.969
1456329961.0,5ae69800,0.949
1456329961.0,eccadaa3,0.979
1456329961.0,e7b24018,0.909
1456329961.0,4146a204,0.969
1456329961.0,815ef624,0.949
1456329961.0,ac54aab9,0.969
1456329961.0,a300968d,0.989
1456329961.0,9baa546c,0.959
1456329961.0,6823a8b2,0.949
1456329961.0,aae7e937,0.979
1456329961.0,a66ad3ee,0.929
1456329961.0,42f2621b,0.939
1456329961.0,84b346b1,0.959
1456329961.0,5a5b83e5,0.939
1456329961.0,354f6a44,0.959
1456329961.0,00b1da66,0.929
1456329961.0,780043a9,0.949
1456329961.0,f0359f5c,0.969
1456329961.0,4f3c1b39,0.959
1456329961.0,22869ab1,0.929
1456329961.0,49ea5327,0.939
1456329961.0,1e85ec4f,0.989
1456329961.0,be8e21ab,0.969
1456329961.0,e176ffaf,0.969
1456329961.0,0b3fd25f,0.959
1456329961.0,39bde8e3,0.959
1456329961.0,e251ae8a,0.989
1456329961.0,930fbc1c,0.979
1456329961.0,49467b62,0.969
1456329961.0,02797da2,0.949
1456329961.0,2f8220df,0.939
1456329961.0,c515316c,0.939
1456329961.0,92bebd84,0.949
1456329961.0,c56a25e8,0.949
1456329961.0,4e4e1a16,0.959
1456329961.0,4f9ccf16,0.959
1456329961.0,a7a5f25b,0.919
1456329961.0,c6380930,0.929
1456329961.0,f0dde5e2,0.949
1456329961.0,0108f899,0.959
1456329961.0,d596df4f,0.979
1456329961.0,cf228ee3,0.949
1456329961.0,2aa06f6e,0.949
1456329961.0,1d223722,0.999
1456329961.0,bd333cd1,0.939
1456329961.0,41e7918d,0.959
1456329961.0,2a8db2e4,0.959
1456329961.0,fd70cdfd,0.959
1456329961.0,67830b76,0.939
1456329961.0,b59cf984,0.934
1456329961.0,d2b9e2a3,0.929
1456329961.0,27707ee4,0.939
1456329961.0,17c924e4,0.939
1456329961.0,c89e4e5e,0.979
1456329961.0,785d1098,0.949
1456329961.0,0c379bda,0.979
1456329961.0,e6d32ea4,0.969
1456329961.0,aae85374,0.969
1456329961.0,4b2eb0cf,0.929
1456329961.0,de4dfcb8,0.949
1456329961.0,aff519f2,0.939
1456329961.0,c3a90ed5,0.959
1456329961.0,2ef17053,1.009
1456329961.0,c2301b5a,0.959
1456329961.0,9f28cd19,0.949
1456329961.0,305b11b7,0.949
1456329961.0,c441e36d,0.999
1456329961.0,369ee914,0.959
1456329961.0,e3f71be8,0.949
1456329961.0,121ea079,0.949
1456329961.0,,0.949
1456329961.0,ff894f80,0.979
1456329961.0,bc7c0216,0.949
1456329961.0,0c2ddab7,0.969
1456329961.0,8e5f2dc6,0.979
1456329961.0,29e73a19,0.959
1456329961.0,396b08fd,0.939
1456329961.0,ff9beead,0.939
1456329961.0,3a316bec,0.969
1456329961.0,f8ebbae1,0.949
1456329961.0,c86f3c0f,0.939
1456329961.0,97911c0d,0.939
1456329961.0,8983a3f5,0.929
1456329961.0,f3951d31,0.969
1456329961.0,1398c802,0.969
1456329961.0,83cc51b1,0.949
1456329961.0,b49fc8ed,0.969
1456329961.0,9f4969b7,0.989
1456329961.0,c9f99a88,0.929
1456329961.0,57b4fcab,0.959
1456329961.0,2976f46b,0.949
1456329961.0,70efa82e,0.959
1456329961.0,fcac67a0,0.979
1456329961.0,bebb76d2,0.949
1456329961.0,ba636b7b,0.979
1456329961.0,43a3039d,0.969
1456329961.0,73da0ab6,0.939
1456329961.0,c1d6b449,0.949
1456329961.0,6ba4e2d1,0.949
1456329961.0,03719a0b,0.959
1456329961.0,dd2ff1a4,0.969
1456329961.0,581713fc,0.949
1456329961.0,aecec7b2,0.959
1456329961.0,279f7243,0.959
1456329961.0,d2a69e6d,0.939
1456329961.0,6f85134f,0.949
1456329961.0,c6d5ab7e,0.949
1456329961.0,3273810e,0.969
1456329961.0,763d4744,0.929
1456329961.0,cc9fe40d,0.959
1456329961.0,91170ebc,0.929
1456329961.0,55446f74,0.929
1456329961.0,3b746ea0,0.899
1456329961.0,478ca3dd,0.959
1456329961.0,485a4ee4,0.939
1456329961.0,1c5f0504,0.939
1456329961.0,de8b3026,0.929
1456329961.0,ca724a33,0.949
1456329961.0,8f94226a,0.949
1456329961.0,857a97e0,0.939
1456329961.0,99b5b897,0.949
1456329961.0,f79eb5f9,0.909
1456329961.0,9d3391d9,0.949
1456329961.0,8127a62a,0.929
1456329961.0,a2557e83,0.919
1456329961.0,ee54e371,0.919
1456329961.0,874e2798,0.969
1456329961.0,cae62627,1.029
1456329961.0,77c7b043,0.959
1456329961.0,065dc992,0.929
1456329961.0,e8cb3a6b,0.929
1456329961.0,f8423c6c,0.949
1456329961.0,b1b62cb5,0.969
1456329961.0,fae20634,0.939
1456329961.0,0660fa74,1.029
1456329961.0,89255a1b,0.949
1456329961.0,80340164,0.969
1456329961.0,,0.959
1456329961.0,1df9dc01,0.959
1456329961.0,0bf8686a,0.969
1456329961.0,b0e18943,0.949
1456329961.0,946a6eb2,0.949
1456329961.0,9279854d,0.949
1456329961.0,cacdc0ed,0.969
1456329961.0,3b5de5d2,0.929
1456329961.0,9ad361ad,0.969
1456329961.0,a486294c,0.929
1456329961.0,9bbe9877,0.959
1456329961.0,c4805f18,0.919
1456329961.0,7e83311b,0.919
1456329961.0,e4983efc,0.969
1456329961.0,a3af7ef1,0.949
1456329961.0,059d55c9,0.939
1456329961.0,6eaed040,0.969
1456329961.0,c7b90ec6,0.979
1456329961.0,98624c5c,0.949
1456329961.0,58d54fd0,0.929
1456329961.0,521538f8,0.949
1456329961.0,971090e7,0.959
1456329961.0,67b3d058,0.959
1456329961.0,5022eb7f,0.939
1456329961.0,09a0b63a,0.939
1456329961.0,dad373d3,0.949
1456329961.0,37c87f5e,0.949
1456329961.0,5d843d6e,0.949
1456329961.0,2229a37a,0.929
1456329961.0,b4fd97c1,0.969
1456329961.0,87c05c40,0.959
1456329961.0,4307435a,0.949
1456329961.0,95b51a98,0.949
1456329961.0,3c00613f,0.959
1456329961.0,01f93c7c,0.969
1456329961.0,44f80f34,0.949
1456329961.0,88128993,0.939
1456329961.0,3baa59d3,0.969
1456329961.0,f37a54f6,0.939
1456329961.0,1139b111,0.959
1456329961.0,4e13229f,0.929
1456329961.0,8b783ddd,0.939
1456329961.0,,0.939
1456329961.0,5e3d40d3,0.939
1456329961.0,e93f71a6,0.959
1456329961.0,088d1639,0.989
1456329961.0,041032df,0.999
1456329961.0,db1d08fc,0.979
1456329961.0,81ffe4cd,0.949
1456329961.0,ee1e8107,0.949
1456329961.0,b026b716,0.949
1456329961.0,af766fc5,0.949
1456329961.0,8b94eddf,0.979
1456329961.0,6c001085,0.929
1456329961.0,ba2ae41b,0.969
1456329961.0,ba77d89e,0.959
1456329961.0,7e0a1569,0.969
1456329961.0,093ad451,0.949
1456329961.0,b212ad4b,0.949
1456329961.0,d8c4e623,0.969
1456329961.0,70afbb14,0.959
1456329961.0,49925c42,0.929
1456329961.0,19afbee8,0.909
1456329961.0,6e65545d,0.984
1456329961.0,a50be724,0.959
1456329961.0,d6fe953b,0.949
1456329961.0,3f896bf8,0.909
1456329961.0,423f33ac,0.959
1456329961.0,ceb2372e,0.949
1456329961.0,b7bd3267,0.969
1456329961.0,e6fdbd0c,0.989
1456329961.0,307b02ce,0.949
1456329961.0,45e9feb7,0.939
1456329961.0,1da52020,0.969
1456329961.0,7cf7e16b,0.969
1456329961.0,ab11cdb9,0.949
1456329961.0,9aff86f3,0.944
1456329961.0,921c7c82,1.009
1456329961.0,d2b45043,0.969
1456329961.0,0e9a7f93,0.949
1456329961.0,8a3aa486,0.949
1456329961.0,c33a7e9f,0.939
1456329961.0,1b33191e,0.939
1456329961.0,1d01b950,0.949
1456329961.0,6a5601b8,0.959
1456329961.0,8c6a9ff5,0.959
1456329961.0,e7b70c57,0.979
1456329961.0,6cd66c40,0.989
1456329961.0,a83e3faa,0.949
1456329961.0,4a451b1d,0.959
1456329961.0,7549bbf6,0.949
1456329961.0,2b7cf924,0.959
1456329961.0,91b891b8,0.959
1456329961.0,63038217,0.929
1456329961.0,f7fc57ea,0.969
1456329961.0,d26f4ccf,0.969
1456329961.0,82cff99e,0.939
1456329961.0,3edff2fe,0.979
1456329961.0,4a7395cf,0.949
1456329961.0,b685aa76,0.929
1456329961.0,90e6d279,1.029
1456329961.0,6499e58a,0.959
1456329961.0,71fc80a1,0.939
1456329961.0,f9512832,0.949
1456329961.0,0bcc45f5,0.959
1456329961.0,04a6f941,0.959
1456329961.0,6f988429,0.939
1456329961.0,f322d52b,0.979
1456329961.0,7b9e5f97,0.989
1456329961.0,52658688,0.959
1456329961.0,29f1d304,0.919
1456329961.0,cfbd6d9d,0.939
1456329961.0,2b57a135,0.919
1456329961.0,dff89479,0.939
1456329961.0,71e0a0d1,0.959
1456329961.0,61ebbc40,0.919
1456329961.0,caf4c5e5,0.959
1456329961.0,b12d4dc7,0.939
1456329961.0,88ebdb6d,0.969
1456329961.0,13037d15,0.939
1456329961.0,6c1eda32,0.969
1456329961.0,fb34a733,0.969
1456329961.0,37bb70be,0.969
1456329961.0,810ecb7a,0.929
1456329961.0,fea5f4ce,0.999
1456329961.0,4103c1eb,0.949
1456329961.0,2df68795,0.959
1456329961.0,88c2caef,0.979
1456329961.0,1f82b6fb,0.969
1456329961.0,43556abc,0.999
1456329961.0,a0497116,0.969
1456329961.0,d9663827,0.949
1456329961.0,4ca2fd5f,0.929
1456329961.0,7390d2d3,0.979
1456329961.0,4e905f58,0.959
1456329961.0,fa56fc6e,0.969
1456329961.0,e1811d4f,0.949
1456329961.0,754da3ab,0.969
1456329961.0,286b8a57,0.949
1456329961.0,96d95521,0.969
1456329961.0,6670147b,0.959
1456329961.0,,0.959
1456329961.0,62085a5f,0.959
1456329961.0,4c2d2225,0.959
1456329961.0,18df2d1d,0.959
1456329961.0,07a1d058,0.959
1456329961.0,4020de03,0.909
1456329961.0,c5a3cdcb,0.969
1456329961.0,9bcbbbc7,0.989
1456329961.0,1c087491,0.919
1456329961.0,c24a4e37,0.939
1456329961.0,bdc7131f,0.939
1456329961.0,572ecc04,0.939
1456329961.0,f044fc49,0.969
1456329961.0,9426443b,0.949
1456329961.0,,0.959
1456329961.0,b0cbad3f,0.949
1456329961.0,1effdd9e,1.029
1456329961.0,882076f4,0.999
1456329961.0,6357dca2,0.929
1456329961.0,f3b12324,0.959
1456329961.0,33fb9f1a,0.979
1456329961.0,1e78351c,0.949
1456329961.0,b1a6f7cf,0.939
1456329961.0,0fcd5944,0.939
1456329961.0,5ff6d4e2,0.979
1456329961.0,1bf91998,0.939
1456329961.0,b04f3f69,0.959
1456329961.0,e291397b,0.949
1456329961.0,36f30de6,0.929
1456329961.0,006248be,1.029
1456329961.0,ffce6baf,0.949
1456329961.0,c466d5fa,0.959
1456329961.0,0c1335db,0.959
1456329961.0,eaba5acb,0.969
1456329961.0,6bd74eed,0.949
1456329961.0,4579a85c,0.959
1456329961.0,883f2551,0.929
1456329961.0,39e2b6d0,0.949
1456329961.0,8bdd5502,0.929
1456329961.0,1ffbed87,0.944
1456329961.0,f8ab4e9f,0.949
1456329961.0,1ce91205,0.999
1456329961.0,e433bf13,0.939
1456329961.0,7eb5a5a4,0.939
1456329961.0,5c0dc2e6,0.979
1456329961.0,db7d175d,0.929
1456329961.0,ab6f459b,0.969
1456329961.0,d0e23872,0.959
1456329961.0,243c29de,0.989
1456329961.0,a5b43fe1,0.949
1456329961.0,ce40795f,1.009
1456329961.0,d7a6a6c2,0.949
1456329961.0,7dc2c962,0.979
1456329961.0,978bcc85,0.949
1456329961.0,c460ad8e,0.979
1456329961.0,1a08fd43,0.949
1456329961.0,9e80e5e2,0.959
1456329961.0,5ab36501,0.939
1456329961.0,ad29f10c,0.949
1456329961.0,41ea449e,0.949
1456329961.0,85bf59ba,0.939
1456329961.0,57cc552a,0.949
1456329961.0,f28edad2,0.939
1456329961.0,ca71f476,0.999
1456329961.0,40e47eaa,0.944
1456329961.0,e3fcda3f,0.959
1456329961.0,,0.939
1456329961.0,db97e7b4,0.934
1456329961.0,44f748b5,0.949
1456329961.0,f02aba4d,0.919
1456329961.0,5d9df6f0,0.939
1456329961.0,481c090b,0.949
1456329961.0,ece022de,0.929
1456329961.0,16e01aa0,0.994
1456329961.0,7a411a95,0.959
1456329961.0,216f7e87,0.949
1456329961.0,5363d71f,0.939
1456329961.0,a86c0a1f,0.949
1456329961.0,6ca7f7c5,0.939
1456329961.0,923a028b,0.979
1456329961.0,c1548059,0.969
1456329961.0,,0.969
1456329961.0,82376744,0.959
1456329961.0,0e7628ed,0.949
1456329961.0,298a8af2,0.949
1456329961.0,311d43c9,0.929
1456329961.0,e9209897,0.999
1456329961.0,d5ed0ac8,0.939
1456329961.0,5446812c,0.989
1456329961.0,f5234ec2,0.939
1456329961.0,cadf0fec,0.949
1456329961.0,152983d0,0.939
1456329961.0,7c245713,0.929
1456329961.0,476429df,0.929
1456329961.0,43474152,0.949
1456329961.0,8fdd1c16,0.939
1456329961.0,1219a469,0.969
1456329961.0,ccbd9cdd,0.959
1456329961.0,d6d2e0fe,0.949
1456329961.0,4e37aaef,0.959
1456329961.0,f36b3182,0.939
1456329961.0,dadcaa77,0.949
1456329961.0,64171ce8,0.939
1456329961.0,1c504132,0.919
1456329961.0,56ea4a71,0.919
1456329961.0,9a2903a3,0.949
1456329961.0,ba0b1d1f,0.959
1456329961.0,6ed1ade4,0.899
1456329961.0,3b68a541,0.939
1456329961.0,109f53f9,0.919
1456329961.0,d9bc9762,0.919
1456329961.0,66a925d6,0.929
1456329961.0,511a1f46,0.919
1456329961.0,ae56e202,0.949
1456329961.0,471d5cec,0.939
1456329961.0,1700f01a,0.899
1456329961.0,c984e1be,0.939
1456329961.0,,0.929
1456329961.0,27d9a178,0.929
1456329961.0,c08ff843,0.939
1456329961.0,f867d11b,0.929
1456329961.0,8841cebf,0.939
1456329961.0,d74906d1,0.979
1456329961.0,aa506433,0.959
1456329961.0,2ebe0a5d,0.979
1456329961.0,2a2b022b,0.979
1456329961.0,3965f1ec,0.969
1456329961.0,bc302c7c,0.949
1456329961.0,4922811e,0.949
1456329961.0,b4c63b76,0.924
1456329961.0,7c85d6ed,0.979
1456329961.0,fbfd53d4,0.944
1456329961.0,bbdcf660,0.959
1456329961.0,7121a112,0.939
1456329961.0,47d7ec0a,0.939
1456329961.0,dcfb9c34,0.949
1456329961.0,b32ae972,0.969
1456329961.0,5eb29de6,0.929
1456329961.0,e4f15ee0,0.969
1456329961.0,f0c6ab59,0.989
1456329961.0,24acb441,0.939
1456329961.0,c9faeb03,0.949
1456329961.0,bed994ff,0.929
1456329961.0,204c7d8c,0.959
1456329961.0,bb7226f1,0.919
1456329961.0,b7d1ee3a,0.969
1456329961.0,2caa67ec,0.949
1456329961.0,16295be3,0.939
1456329961.0,20e6ebec,0.959
1456329961.0,d2672082,0.929
1456329961.0,72ed613b,0.939
1456329961.0,7fc72456,0.949
1456329961.0,7ec09a5a,0.969
1456329961.0,ec2a5548,0.939
1456329961.0,cb7e73c0,0.949
1456329961.0,bc1f7e5b,0.934
1456329961.0,37a8af42,0.979
1456329961.0,fe41844a,0.989
1456330201.0,35fcaeca,0.984
1456330201.0,838d57f9,0.949
1456330201.0,8f1b293d,0.984
1456330201.0,19296a92,0.979
1456330201.0,909a8e2d,0.919
1456330201.0,58dc4ce1,0.939
1456330201.0,61ef0e4f,0.919
1456330201.0,5ce764c2,0.919
1456330201.0,59c2e6d6,0.919
1456330201.0,131f0b17,0.939
1456330201.0,cf4010a3,0.939
1456330201.0,ec0fb2ce,0.939
1456330201.0,c32a82d9,0.979
1456330201.0,49052290,0.939
1456330201.0,58a1bfb9,0.939
1456330201.0,0a06a5d3,0.929
1456330201.0,1ad58c2b,0.939
1456330201.0,1962a412,0.919
1456330201.0,bd100d45,0.919
1456330201.0,3f9ee0ff,0.929
1456330201.0,a49ea2ee,0.919
1456330201.0,877aae3b,0.919
1456330201.0,68d5e021,0.939
1456330201.0,ce58aeb7,0.919
1456330201.0,a278d48e,0.919
1456330201.0,ed04967d,0.959
1456330201.0,3f1cb112,0.939
1456330201.0,a5cf2a42,0.939
1456330201.0,9c8152bc,0.939
1456330201.0,bd86f3ea,0.939
1456330201.0,5a22f16c,0.929
1456330201.0,85037928,0.939
1456330201.0,646811ac,0.919
1456330201.0,d7f868f0,0.949
1456330201.0,583bd0d6,0.909
1456330201.0,fbe17e11,0.949
1456330201.0,0a8d1b89,0.939
1456330201.0,ef296ca3,0.939
1456330201.0,d52caa0c,0.949
1456330201.0,061deeda,0.939
1456330201.0,761fd77f,0.939
1456330201.0,ca5390ed,0.939
1456330201.0,09c88ed9,0.939
1456330201.0,bb503078,0.949
1456330201.0,6769da06,0.959
1456330201.0,cea10ab0,0.939
1456330201.0,b7fdbb95,0.919
1456330201.0,4e54ae8f,0.949
1456330201.0,974b1cae,0.989
1456330201.0,06c32dfe,0.959
1456330201.0,43bfc6b5,0.959
1456330201.0,21a0bd76,0.969
1456330201.0,7771824e,0.929
1456330201.0,1d0dbcee,0.939
1456330201.0,be6a8603,0.979
1456330201.0,f893c068,0.979
1456330201.0,f9191716,0.999
1456330201.0,136e5310,0.959
1456330201.0,2dc33c12,0.919
1456330201.0,d4770cdf,0.959
1456330201.0,8d4cbfeb,0.969
1456330201.0,3b937318,0.959
1456330201.0,5d6403f6,0.959
1456330201.0,01decbb4,0.949
1456330201.0,eab170ca,0.919
1456330201.0,4af5893f,0.949
1456330201.0,06f5dad2,0.969
1456330201.0,c952f3ae,0.949
1456330201.0,3f84b02f,0.969
1456330201.0,2753be9b,0.939
1456330201.0,49c15bc9,0.949
1456330201.0,a38344c9,0.919
1456330201.0,04da5ab2,0.959
1456330201.0,3cb139bc,0.939
1456330201.0,24f83a95,0.939
1456330201.0,4782d6e5,0.969
1456330201.0,d1b2ca43,0.959
1456330201.0,9dab0bd8,0.969
1456330201.0,df3fd5ef,0.969
1456330201.0,319fa503,0.959
1456330201.0,4190ae32,0.959
1456330201.0,,0.949
1456330201.0,,0.909
1456330201.0,5ff2bd7f,0.919
1456330201.0,1ad0b27a,0.949
1456330201.0,f21843f7,0.979
1456330201.0,7bcf3535,0.959
1456330201.0,9e1994dd,0.959
1456330201.0,eda96774,0.939
1456330201.0,a280c8ce,0.959
1456330201.0,7027d1cc,0.959
1456330201.0,45dd43b7,0.939
1456330201.0,ab73ed58,0.929
1456330201.0,,0.939
1456330201.0,4b6d11ce,0.959
1456330201.0,6e12c790,0.929
1456330201.0,6735727d,0.929
1456330201.0,cb70fbd6,0.939
1456330201.0,31bc02c2,0.989
1456330201.0,ce942bef,0.919
1456330201.0,c8efbe00,0.969
1456330201.0,b24e03a5,0.949
1456330201.0,b916d3a8,0.919
1456330201.0,a08d8ae6,0.929
1456330201.0,8db8c96c,0.959
1456330201.0,bdc3a9dd,0.939
1456330201.0,87969b95,0.939
1456330201.0,a339bf1e,0.929
1456330201.0,e8b48aba,0.949
1456330201.0,c2301b5a,0.959
1456330201.0,4cd75c68,0.929
1456330201.0,2b0edf3c,0.939
1456330201.0,e7dc4cd2,0.959
1456330201.0,b899de50,0.969
1456330201.0,048e7fdc,0.979
1456330201.0,e20c7066,0.969
1456330201.0,3b4c70df,0.939
1456330201.0,b24a2efc,0.979
1456330201.0,1ad30a9a,0.939
1456330201.0,9b7becbc,0.979
1456330201.0,2463cb36,0.989
1456330201.0,c5aaafc3,0.919
1456330201.0,06259905,0.949
1456330201.0,1a704d84,0.949
1456330201.0,18984cb5,0.949
1456330201.0,287b8e5b,0.939
1456330201.0,2f7c96af,0.949
1456330201.0,4d7d95fb,0.969
1456330201.0,e0fd14c5,0.939
1456330201.0,d59d4bb4,0.919
1456330201.0,aa28e876,0.959
1456330201.0,5e56181c,0.909
1456330201.0,86f0ca05,0.939
1456330201.0,8a3c1b82,0.929
1456330201.0,de1eff76,0.939
1456330201.0,c7b9d409,0.979
1456330201.0,bef1c266,0.949
1456330201.0,92e00096,0.959
1456330201.0,910c6a77,0.939
1456330201.0,f6301788,0.949
1456330201.0,7fa92b87,0.974
1456330201.0,3273810e,0.949
1456330201.0,48bf5afb,0.969
1456330201.0,860dceaa,0.939
1456330201.0,6a4ad02d,0.949
1456330201.0,35b614c4,0.949
1456330201.0,36317a57,0.929
1456330201.0,544b9eb3,0.969
1456330201.0,8a1616d4,0.979
1456330201.0,cc477c7c,0.929
1456330201.0,bba52d69,0.949
1456330201.0,,0.949
1456330201.0,4b09886e,0.949
1456330201.0,3050301a,0.949
1456330201.0,49d8f4c8,0.939
1456330201.0,,0.939
1456330201.0,81e0ef7b,0.939
1456330201.0,ae6ec1fd,0.969
1456330201.0,08c3c4e6,0.939
1456330201.0,e0758377,0.949
1456330201.0,a470ddc2,0.949
1456330201.0,58d54fd0,0.929
1456330201.0,67b3d058,0.959
1456330201.0,bda6612d,0.909
1456330201.0,4f58556c,0.899
1456330201.0,0fa50e56,0.949
1456330201.0,d046f0d3,0.939
1456330201.0,7300bd43,0.959
1456330201.0,f41d8382,0.949
1456330201.0,0b36f9ce,0.969
1456330201.0,89c96863,0.959
1456330201.0,e22b9886,0.969
1456330201.0,4e1da1a2,0.929
1456330201.0,5f65589e,0.969
1456330201.0,f04fe50a,0.944
1456330201.0,e4de6238,0.969
1456330201.0,,0.939
1456330201.0,77283132,0.969
1456330201.0,a3b115d1,0.939
1456330201.0,dbb755da,0.959
1456330201.0,7bd23993,0.939
1456330201.0,8b0230d5,0.959
1456330201.0,5c152248,0.979
1456330201.0,58ef2865,0.949
1456330201.0,16ea6be7,0.939
1456330201.0,5951b044,0.949
1456330201.0,50bbc649,0.919
1456330201.0,64bb101c,0.949
1456330201.0,a2312d54,0.959
1456330201.0,8b04f514,0.979
1456330201.0,21358755,0.969
1456330201.0,6bc29395,0.979
1456330201.0,e766a873,0.959
1456330201.0,71885813,0.999
1456330201.0,3e4faa99,0.959
1456330201.0,db4ed6aa,0.989
1456330201.0,195fb3bd,0.939
1456330201.0,85872f93,0.969
1456330201.0,26a6aed5,0.929
1456330201.0,9fde81ae,0.989
1456330201.0,96735449,0.999
1456330201.0,0b55b37e,0.969
1456330201.0,b632c5ee,0.949
1456330201.0,fb9f21b7,0.949
1456330201.0,795efed5,0.919
1456330201.0,36dc6ea5,0.919
1456330201.0,3d12dc1e,0.949
1456330201.0,e5e2bf67,0.929
1456330201.0,efb43212,0.979
1456330201.0,a0bdc489,0.949
1456330201.0,54b81d07,0.929
1456330201.0,67c0cb5c,0.969
1456330201.0,bec40c36,0.939
1456330201.0,ba78050b,0.939
1456330201.0,a4ba2fb9,0.929
1456330201.0,e466a86a,0.979
1456330201.0,11ed7bd3,0.979
1456330201.0,98b996d3,0.939
1456330201.0,d02509ed,0.944
1456330201.0,c8b43f97,0.959
1456330201.0,e628dd10,0.909
1456330201.0,45e21f92,0.949
1456330201.0,33d0d5fb,0.939
1456330201.0,a2367d31,0.929
1456330201.0,a5ca6f71,0.929
1456330201.0,6169c430,0.959
1456330201.0,2b508314,0.939
1456330201.0,0a3bb4b4,0.969
1456330201.0,020dac80,0.969
1456330201.0,a6443453,0.929
1456330201.0,9be01fd7,0.949
1456330201.0,4ce21f31,0.949
1456330201.0,190ce429,0.939
1456330201.0,43d54d96,0.969
1456330201.0,1425b025,0.939
1456330201.0,fe599048,0.989
1456330201.0,8b705703,0.949
1456330201.0,96d95521,0.959
1456330201.0,87856e5d,0.979
1456330201.0,80267da5,1.019
1456330201.0,1259d1b0,0.949
1456330201.0,8f4c771c,1.029
1456330201.0,bdd70033,0.949
1456330201.0,ddc6b3b1,0.929
1456330201.0,b8461f7b,0.929
1456330201.0,1cdb45b5,0.939
1456330201.0,63645f4e,0.959
1456330201.0,a6d6ba59,0.959
1456330201.0,d325d8aa,0.939
1456330201.0,98d977cb,0.999
1456330201.0,3893b380,0.929
1456330201.0,3346c58a,0.939
1456330201.0,57393752,0.959
1456330201.0,409b2b7e,0.959
1456330201.0,1929517b,0.959
1456330201.0,,0.949
1456330201.0,a32bd6b9,0.899
1456330201.0,bfaaf354,0.949
1456330201.0,274be62b,0.969
1456330201.0,ea5a9904,0.929
1456330201.0,a5b8429f,0.939
1456330201.0,614629e1,0.929
1456330201.0,efadda78,0.959
1456330201.0,ae934bd5,0.939
1456330201.0,6e899248,0.939
1456330201.0,5695114d,0.929
1456330201.0,b43ac946,0.959
1456330201.0,adf9dd3f,0.939
1456330201.0,1929bb2b,0.949
1456330201.0,f87bab74,0.949
1456330201.0,a395cb1b,0.939
1456330201.0,8444156b,0.949
1456330201.0,6f1953ac,0.939
1456330201.0,ee2ae1a3,0.959
1456330201.0,a18bcb80,0.959
1456330201.0,d0e10ca9,0.939
1456330201.0,7091515f,0.939
1456330201.0,94c17036,0.959
1456330201.0,855fc4f2,0.949
1456330201.0,265c7e5d,0.929
1456330201.0,e3330ca1,0.929
1456330201.0,5ab36501,0.929
1456330201.0,a06379c3,0.939
1456330201.0,0e7d2ef5,0.979
1456330201.0,b4c7a5ed,0.939
1456330201.0,8e0ce406,0.929
1456330201.0,49119bd2,0.929
1456330201.0,3b9a2c70,0.939
1456330201.0,95924e15,0.959
1456330201.0,22d0db61,0.989
1456330201.0,a3e519bb,0.969
1456330201.0,eba76f21,0.959
1456330201.0,8f767099,0.949
1456330201.0,5b57ee06,0.919
1456330201.0,5de75327,0.939
1456330201.0,6c1e7a7a,0.989
1456330201.0,37f5ab7c,0.959
1456330201.0,3db6506a,0.959
1456330201.0,aed2f04c,0.969
1456330201.0,c99b3a87,0.929
1456330201.0,dadcaa77,0.949
1456330201.0,2b987960,0.899
1456330201.0,6d6a4209,0.929
1456330201.0,56ea4a71,0.929
1456330201.0,552e6bdb,0.929
1456330201.0,f29f6270,0.929
1456330201.0,2d4a2d35,0.929
1456330201.0,17b40c62,0.949
1456330201.0,757cb5e7,0.919
1456330201.0,a67c83ad,0.919
1456330201.0,c984e1be,0.929
1456330201.0,f867d11b,0.919
1456330201.0,20fea5aa,1.019
1456330201.0,7f6c2062,0.939
1456330201.0,e1cf4b4c,0.989
1456330201.0,776d441b,0.979
1456330201.0,37179b6c,0.959
1456330201.0,e8812318,0.989
1456330201.0,0fc168e5,0.949
1456330201.0,94600741,0.969
1456330201.0,755ca81c,1.029
1456330201.0,661e8c68,0.939
1456330201.0,c97f1f02,0.929
1456330201.0,9cc2158c,0.959
1456330201.0,dcfb9c34,0.949
1456330201.0,e532c6da,0.939
1456330201.0,d639792f,0.959
1456330201.0,6b365c9c,0.969
1456330201.0,d2ed6b82,0.939
1456330201.0,56006177,0.999
1456330201.0,70692280,0.979
1456330201.0,65ab6225,0.969
1456330201.0,25ce010c,0.919
1456330201.0,e34047b9,0.939
1456330201.0,303dd086,0.939
1456330201.0,96d9319b,0.939
1456330201.0,f22ce4a2,0.939
1456330201.0,e9f34b51,0.929
1456330201.0,66444795,0.939
1456330201.0,4d67e241,0.939
1456330201.0,484d9d04,0.949
1456330201.0,5f1e3ccf,0.959
1456330201.0,247b4cda,0.979
1456330201.0,159f07cc,0.949
1456330201.0,20e6ebec,0.959
1456330201.0,6bd698e2,0.919
1456330201.0,def62512,0.989
1456330201.0,c330d63c,0.939
1456330201.0,799f1fd6,0.969
1456330201.0,a711b7d5,0.979
1456330201.0,5d4d46b3,0.969
1456330201.0,5cbc21f8,0.949
1456330201.0,bc1f7e5b,0.929
1456330201.0,0b37f4f1,0.949
1456330201.0,cf3aa97f,0.949
1456330201.0,014adbc0,0.939
1456330201.0,53282654,0.959
1456330201.0,,0.969
1456330441.0,,0.949
1456330441.0,c40488f6,0.933
1456330441.0,cc6d6eb2,0.949
1456330441.0,51d953d8,0.909
1456330441.0,930a4c50,0.959
1456330441.0,acb06eaf,0.919
1456330441.0,1962a412,0.919
1456330441.0,2a7d911f,0.919
1456330441.0,e1b4b7f3,0.919
1456330441.0,f4e60d5a,0.919
1456330441.0,0297c11e,0.929
1456330441.0,f366e8d4,0.939
1456330441.0,85e6dacf,0.919
1456330441.0,f527efec,0.929
1456330441.0,f26d37c8,0.919
1456330441.0,c597ae24,0.969
1456330441.0,3c5b5221,0.929
1456330441.0,ff6209cb,0.979
1456330441.0,91ebab1c,0.939
1456330441.0,e76cdeb7,0.939
1456330441.0,337b7102,0.959
1456330441.0,7c8cc75b,0.939
1456330441.0,e0ca8158,0.949
1456330441.0,f5d1988d,1.029
1456330441.0,33d56fd4,0.929
1456330441.0,7d5bf573,0.909
1456330441.0,07a30a7e,0.928
1456330441.0,e63a5c48,0.959
1456330441.0,1027f7e1,0.959
1456330441.0,3aecb034,0.959
1456330441.0,86f33ae2,0.919
1456330441.0,58e3ecab,0.979
1456330441.0,b60e1ffb,0.999
1456330441.0,acb93b88,0.969
1456330441.0,302b9338,0.959
1456330441.0,d991f8d3,0.939
1456330441.0,ac4f6a54,0.909
1456330441.0,0ecd3674,0.939
1456330441.0,d0ecac7c,0.969
1456330441.0,d4770cdf,0.949
1456330441.0,e1307a34,0.969
1456330441.0,b2c67780,0.969
1456330441.0,602cea26,0.959
1456330441.0,e1c57a67,0.939
1456330441.0,cfc34477,0.949
1456330441.0,b2a7fde4,0.939
1456330441.0,a16c8d86,0.949
1456330441.0,b1df20da,0.939
1456330441.0,8e4d1e9d,0.949
1456330441.0,b51b98e9,0.969
1456330441.0,8d7db884,0.969
1456330441.0,a14af66a,0.939
1456330441.0,8371a1aa,0.949
1456330441.0,e1836722,0.929
1456330441.0,e401b629,0.979
1456330441.0,d36374e8,0.939
1456330441.0,2753be9b,0.929
1456330441.0,d5843ecf,0.929
1456330441.0,86cc51ec,0.959
1456330441.0,008b0fac,0.959
1456330441.0,d489f647,0.939
1456330441.0,8720b933,0.959
1456330441.0,2a8702e9,0.939
1456330441.0,2371f256,0.969
1456330441.0,c003352f,0.959
1456330441.0,7b9f0ef9,0.979
1456330441.0,d0abe7db,0.969
1456330441.0,ebba1d3e,0.959
1456330441.0,b6583eaf,0.929
1456330441.0,fc3fcf48,0.939
1456330441.0,136065e7,0.959
1456330441.0,406de9bb,0.929
1456330441.0,e2266b20,0.969
1456330441.0,0622b5eb,0.939
1456330441.0,88ed2626,0.959
1456330441.0,38d1fafb,0.999
1456330441.0,ed2deb3d,0.959
1456330441.0,f90c625e,0.979
1456330441.0,f3608951,0.949
1456330441.0,2bd60a02,0.949
1456330441.0,9fad7fea,0.949
1456330441.0,3f6704e5,0.969
1456330441.0,b8bbf107,0.939
1456330441.0,c6930db9,0.939
1456330441.0,cb61d796,0.939
1456330441.0,0001c9be,0.939
1456330441.0,2861d5a0,0.929
1456330441.0,973edd3d,0.929
1456330441.0,8f6a43ef,0.939
1456330441.0,d500f94f,0.979
1456330441.0,c4c2ead1,0.969
1456330441.0,14d6c87e,0.939
1456330441.0,37e9ba19,0.959
1456330441.0,35dcdb61,0.979
1456330441.0,aee6d168,0.989
1456330441.0,982ef9d8,0.919
1456330441.0,bb2d140b,0.949
1456330441.0,03cdbd16,0.939
1456330441.0,ce063fd7,0.949
1456330441.0,7faaef53,0.969
1456330441.0,e7b78fcf,0.959
1456330441.0,64e138c3,0.949
1456330441.0,d5eb41ec,0.959
1456330441.0,3564f546,0.959
1456330441.0,d2905129,0.939
1456330441.0,6d0d4e8a,0.959
1456330441.0,1f635eb5,0.979
1456330441.0,8e8fc0d2,0.949
1456330441.0,c56a25e8,0.939
1456330441.0,00cf8738,0.949
1456330441.0,752a50a3,0.948
1456330441.0,98cd55ee,0.939
1456330441.0,23b2b0b7,0.959
1456330441.0,15b99812,0.949
1456330441.0,4fee3e6d,0.949
1456330441.0,e02c8254,0.979
1456330441.0,d586ebeb,0.949
1456330441.0,9bf2ca69,0.969
1456330441.0,466bb8f2,0.949
1456330441.0,9d49a53b,0.959
1456330441.0,ab11e935,0.939
1456330441.0,75a26cab,1.019
1456330441.0,93e7b34a,0.959
1456330441.0,4586c365,0.959
1456330441.0,fc998162,0.979
1456330441.0,8b7a46ae,0.939
1456330441.0,e25e53b1,0.969
1456330441.0,dbca9739,0.959
1456330441.0,4f2880a9,0.949
1456330441.0,12ad7001,0.959
1456330441.0,a339bf1e,0.929
1456330441.0,f3afc9a9,0.909
1456330441.0,e31f4b76,0.969
1456330441.0,c6306633,0.929
1456330441.0,369ee914,0.959
1456330441.0,121ea079,0.949
1456330441.0,b0854990,0.959
1456330441.0,efb9c112,0.939
1456330441.0,ce736f1a,0.939
1456330441.0,f94d8069,0.949
1456330441.0,d9d4a6fe,0.919
1456330441.0,9ec908ec,0.959
1456330441.0,cadc6575,0.949
1456330441.0,c69497b1,0.939
1456330441.0,e1e7fd9f,0.939
1456330441.0,654abfa9,0.979
1456330441.0,7a760845,0.929
1456330441.0,97911c0d,0.929
1456330441.0,c680f14f,0.949
1456330441.0,732a1178,0.939
1456330441.0,b6553c9c,0.939
1456330441.0,95a3de9e,0.939
1456330441.0,598ebfd8,1.009
1456330441.0,06259905,0.949
1456330441.0,32bf0348,0.939
1456330441.0,3cf0adec,0.939
1456330441.0,98a945b9,0.939
1456330441.0,,0.939
1456330441.0,40db3c7c,0.949
1456330441.0,efc3cb20,0.909
1456330441.0,9ae06205,0.939
1456330441.0,c7381288,0.979
1456330441.0,2c4dd6f0,0.949
1456330441.0,c32b7c81,0.939
1456330441.0,c7e1e757,0.899
1456330441.0,aa28e876,0.959
1456330441.0,6bd14210,0.939
1456330441.0,4be768df,0.939
1456330441.0,4d77b026,0.949
1456330441.0,63796bb7,0.939
1456330441.0,e3a298ff,0.949
1456330441.0,2eea7b6b,0.939
1456330441.0,772cd349,0.939
1456330441.0,1445b4c6,0.969
1456330441.0,7f3123c2,0.949
1456330441.0,1880338d,0.969
1456330441.0,b84fb396,0.959
1456330441.0,776ee4f1,0.949
1456330441.0,a4c96d17,0.949
1456330441.0,c6d5ab7e,0.939
1456330441.0,4c906efb,0.949
1456330441.0,fb86982d,0.949
1456330441.0,7eed54a8,0.949
1456330441.0,be84ceff,0.939
1456330441.0,2eccf490,0.909
1456330441.0,81d8b241,0.929
1456330441.0,6a4ad02d,0.939
1456330441.0,a9e7d486,0.979
1456330441.0,178c1416,0.929
1456330441.0,0c558324,0.969
1456330441.0,148c8e58,0.939
1456330441.0,6f11a226,0.939
1456330441.0,40a98fc9,0.939
1456330441.0,ee4ab1fa,0.969
1456330441.0,36317a57,0.924
1456330441.0,d623182f,0.939
1456330441.0,b6510a87,0.949
1456330441.0,59005fdf,0.949
1456330441.0,56277da5,0.939
1456330441.0,75515814,0.939
1456330441.0,0b2f66ab,0.949
1456330441.0,7e16c19d,0.999
1456330441.0,d1dcee78,0.969
1456330441.0,8de146cf,0.949
1456330441.0,d9f10362,0.939
1456330441.0,9ead4ada,0.954
1456330441.0,369db971,0.939
1456330441.0,a5c5f9b2,0.959
1456330441.0,5ba0908f,0.939
1456330441.0,51e1327b,0.949
1456330441.0,d5a669a6,0.939
1456330441.0,b39d969e,0.959
1456330441.0,c38cb4a1,0.949
1456330441.0,4287c54a,0.979
1456330441.0,f7877ed7,0.939
1456330441.0,8f7c069a,0.909
1456330441.0,56b0dc6a,0.959
1456330441.0,5e9aaf1c,0.969
1456330441.0,3e13dc7c,0.959
1456330441.0,210ec430,0.939
1456330441.0,1b7b3aab,0.939
1456330441.0,af12e3b6,0.969
1456330441.0,da7aac12,0.959
1456330441.0,95a26ce2,0.909
1456330441.0,853a3988,0.949
1456330441.0,a3af7ef1,0.939
1456330441.0,14af5c6e,0.959
1456330441.0,7d1570f9,0.979
1456330441.0,baa66b57,0.949
1456330441.0,e60f2fb7,0.979
1456330441.0,9ef0d290,0.989
1456330441.0,b4a9375f,0.939
1456330441.0,dc4b8ae9,0.989
1456330441.0,6cf550c8,0.959
1456330441.0,443ae02b,0.959
1456330441.0,49644a9b,0.969
1456330441.0,013daa88,0.939
1456330441.0,dc6dee32,0.949
1456330441.0,7993d053,0.939
1456330441.0,98624c5c,0.939
1456330441.0,19dd6ffa,0.939
1456330441.0,14d744d4,0.939
1456330441.0,6bf563af,0.939
1456330441.0,6d017696,0.959
1456330441.0,98881b2f,0.969
1456330441.0,3c83ccc5,0.939
1456330441.0,e003a827,0.989
1456330441.0,04524480,0.929
1456330441.0,592ba5ff,0.929
1456330441.0,fa662b00,0.929
1456330441.0,2d3b0c15,0.939
1456330441.0,2a45cfbb,0.939
1456330441.0,3813907a,0.939
1456330441.0,d19b61da,0.939
1456330441.0,07991b53,0.939
1456330441.0,db0dfab2,0.929
1456330441.0,72c6e33b,0.939
1456330441.0,20015b2d,0.969
1456330441.0,3baa59d3,0.954
1456330441.0,1fea6f98,0.949
1456330441.0,fe454b1d,0.939
1456330441.0,b445b16a,0.979
1456330441.0,5e11d4e5,0.939
1456330441.0,cbc79cc7,0.949
1456330441.0,5ace285c,0.969
1456330441.0,80e3422f,0.949
1456330441.0,b145875f,0.954
1456330441.0,c13504fe,0.959
1456330441.0,0d686aad,0.929
1456330441.0,f105f24c,0.939
1456330441.0,be03744e,0.929
1456330441.0,1037129e,0.934
1456330441.0,81529fdc,0.969
1456330441.0,81dd5a9d,0.909
1456330441.0,b204b97b,0.989
1456330441.0,6982586c,0.959
1456330441.0,18547ba1,0.969
1456330441.0,8e940b00,0.949
1456330441.0,b3d2e1c5,0.939
1456330441.0,f6d63084,0.919
1456330441.0,b63aab01,0.939
1456330441.0,b1d84f35,0.939
1456330441.0,3b980bc9,0.979
1456330441.0,6bc29395,0.969
1456330441.0,f960ce49,0.949
1456330441.0,f654bb63,0.959
1456330441.0,57fbf14f,0.919
1456330441.0,,0.959
1456330441.0,8b68e5d5,0.959
1456330441.0,dc7b3d6f,0.919
1456330441.0,19afbee8,0.899
1456330441.0,d62c0561,0.929
1456330441.0,7b8d5b92,0.939
1456330441.0,496a23e0,0.949
1456330441.0,3b92c6ae,0.899
1456330441.0,ed93716a,0.959
1456330441.0,9f816ba2,0.949
1456330441.0,e99fa253,0.959
1456330441.0,17893d95,0.979
1456330441.0,f14a4629,0.929
1456330441.0,78eacf4a,0.959
1456330441.0,cb8edd06,0.939
1456330441.0,00c551a1,0.949
1456330441.0,9d74578a,0.959
1456330441.0,6f394c33,0.969
1456330441.0,460a08a3,0.939
1456330441.0,9cd812fc,0.969
1456330441.0,94fba20b,0.979
1456330441.0,bc8d7f92,0.939
1456330441.0,9bccabe6,0.939
1456330441.0,a4c2cb8d,0.949
1456330441.0,d26f4ccf,0.959
1456330441.0,f060b95e,0.949
1456330441.0,17b2ffe6,0.959
1456330441.0,e3669521,0.969
1456330441.0,990f2a08,0.959
1456330441.0,5048cff6,0.969
1456330441.0,570b52de,0.969
1456330441.0,c88259dc,0.949
1456330441.0,6f40a7c4,0.959
1456330441.0,92eb0a93,0.939
1456330441.0,ccecf336,0.939
1456330441.0,8a0d026c,0.919
1456330441.0,e5a3d8f9,0.929
1456330441.0,c05a0ef2,0.939
1456330441.0,835a8691,0.959
1456330441.0,6de5506e,0.939
1456330441.0,fdc55c51,0.969
1456330441.0,200cf8e2,0.919
1456330441.0,d998872e,0.949
1456330441.0,b7488969,0.969
1456330441.0,7d6631ad,0.949
1456330441.0,f85e7c2f,0.939
1456330441.0,8bce4624,0.949
1456330441.0,faaa1fe7,0.949
1456330441.0,5a5daf30,0.929
1456330441.0,30176a30,0.969
1456330441.0,ae5d2bb7,0.949
1456330441.0,15eba23d,0.944
1456330441.0,9e6d20cc,0.929
1456330441.0,b71fea96,0.959
1456330441.0,7c5bbb7e,0.969
1456330441.0,5fcd0ac6,0.949
1456330441.0,e109622e,0.949
1456330441.0,0bf731c0,0.949
1456330441.0,10a10358,0.949
1456330441.0,06de41d8,0.939
1456330441.0,be572aa5,0.939
1456330441.0,13037d15,0.939
1456330441.0,66073ded,0.954
1456330441.0,fee47ded,0.949
1456330441.0,c7804480,1.009
1456330441.0,aa42d9a3,0.959
1456330441.0,449d3ddf,0.969
1456330441.0,ba97bb47,0.969
1456330441.0,1b136bef,0.969
1456330441.0,fab361d0,0.969
1456330441.0,dcbbade5,0.929
1456330441.0,2601854e,0.929
1456330441.0,5daf9270,0.989
1456330441.0,6fec83f8,0.949
1456330441.0,d73f85dd,0.939
1456330441.0,147959b5,0.949
1456330441.0,93e9a320,0.929
1456330441.0,a7b1a4ab,0.939
1456330441.0,6da3d0a7,0.929
1456330441.0,12d2f4a6,0.939
1456330441.0,96d95521,0.949
1456330441.0,3f1e04e5,0.939
1456330441.0,df98ca08,0.959
1456330441.0,8b3bfbbc,0.939
1456330441.0,0c247382,0.939
1456330441.0,1c087491,0.929
1456330441.0,b18611aa,0.959
1456330441.0,dd41b331,0.939
1456330441.0,bdc7131f,0.929
1456330441.0,8e7b7790,0.969
1456330441.0,b8088ed5,0.969
1456330441.0,c0a4aa92,0.939
1456330441.0,b3898d20,0.939
1456330441.0,f7d2b2de,0.929
1456330441.0,0fcfa459,0.909
1456330441.0,4d91361c,0.939
1456330441.0,958542ce,0.939
1456330441.0,5c94a7d8,0.939
1456330441.0,1d63d5a1,0.929
1456330441.0,ff71148f,0.959
1456330441.0,19ff993e,0.939
1456330441.0,6877801d,0.969
1456330441.0,882076f4,0.999
1456330441.0,1685cf9c,0.964
1456330441.0,aa9ca821,0.959
1456330441.0,aa4b4ae6,0.989
1456330441.0,47c5f8f7,0.939
1456330441.0,99409692,0.929
1456330441.0,efb71c12,0.989
1456330441.0,643b65de,0.969
1456330441.0,fa3092ba,0.969
1456330441.0,,0.939
1456330441.0,faba1eea,0.949
1456330441.0,50b6cf61,0.939
1456330441.0,2b4f9432,0.939
1456330441.0,48ef33bf,0.949
1456330441.0,96c2dcec,0.919
1456330441.0,f11235cb,0.939
1456330441.0,392b75a8,0.949
1456330441.0,6ce97072,0.969
1456330441.0,e183f4cf,0.939
1456330441.0,,0.939
1456330441.0,be48bbf9,0.959
1456330441.0,c98acfc1,0.979
1456330441.0,2096e49a,0.939
1456330441.0,2445bcef,0.929
1456330441.0,48038048,0.939
1456330441.0,ac5fa96a,0.939
1456330441.0,e9ff4fd7,0.919
1456330441.0,2e64cc2e,0.989
1456330441.0,bedf720e,0.939
1456330441.0,935b74b4,0.949
1456330441.0,a518cf5f,0.949
1456330441.0,d375e9a2,0.969
1456330441.0,df5c751f,0.939
1456330441.0,8d0323d4,0.969
1456330441.0,c9333668,0.959
1456330441.0,ab141bc6,1.019
1456330441.0,dce30980,0.939
1456330441.0,c09f1e3e,0.959
1456330441.0,7db23301,0.939
1456330441.0,95434626,0.969
1456330441.0,54352ce8,0.939
1456330441.0,beaffffe,0.999
1456330441.0,f494f0b9,0.949
1456330441.0,025d70e0,0.939
1456330441.0,612f96e1,0.959
1456330441.0,0b7d0a63,0.959
1456330441.0,5d171194,0.959
1456330441.0,f28e5efe,0.939
1456330441.0,243c29de,0.959
1456330441.0,ec2d257d,0.979
1456330441.0,f04e168f,0.959
1456330441.0,e37dd80a,0.939
1456330441.0,e5dd54d4,1.039
1456330441.0,30389cde,0.929
1456330441.0,d6f1e726,0.949
1456330441.0,58e1a8b4,0.939
1456330441.0,ab899df0,0.999
1456330441.0,,0.979
1456330441.0,5cfe2697,0.949
1456330441.0,a0e8f2a4,0.949
1456330441.0,8ab03024,0.949
1456330441.0,284c6af0,0.949
1456330441.0,c7ec58cd,0.939
1456330441.0,fab2186a,0.939
1456330441.0,,0.918
1456330441.0,94013d10,0.979
1456330441.0,7771a21d,0.949
1456330441.0,dacc3a3f,0.929
1456330441.0,9e78816a,0.959
1456330441.0,1443c8f6,0.959
1456330441.0,481140af,0.939
1456330441.0,a2140381,1.039
1456330441.0,146a1da7,0.959
1456330441.0,0fb24e7d,0.959
1456330441.0,54cd733f,0.949
1456330441.0,b3b0a131,0.939
1456330441.0,f02aba4d,0.929
1456330441.0,cb728243,0.969
1456330441.0,b45fce81,0.919
1456330441.0,1161f67d,0.939
1456330441.0,441c3937,0.959
1456330441.0,e5ccd3f7,0.949
1456330441.0,a5d5884d,0.919
1456330441.0,304a6497,0.939
1456330441.0,22e6cf1d,0.939
1456330441.0,2cf8ea35,0.909
1456330441.0,38fda503,0.979
1456330441.0,bfe9ba44,0.979
1456330441.0,dd329a1e,0.969
1456330441.0,579ffc07,0.949
1456330441.0,4ab47d1a,0.929
1456330441.0,33fa60b9,0.969
1456330441.0,6df8769f,0.969
1456330441.0,196b11c0,0.959
1456330441.0,b8fe6383,0.999
1456330441.0,05946741,0.939
1456330441.0,0e392bbd,0.929
1456330441.0,3b38e104,0.949
1456330441.0,3e2d7201,0.939
1456330441.0,,0.949
1456330441.0,aa4cdb22,0.959
1456330441.0,5bdf1cdf,0.969
1456330441.0,fa5a267f,0.959
1456330441.0,6cbdfb78,0.949
1456330441.0,5bb24e91,0.949
1456330441.0,ae7f358a,0.989
1456330441.0,5e068b6e,0.929
1456330441.0,4d4b1ca0,0.899
1456330441.0,e4dcc2ad,0.969
1456330441.0,25afe900,0.959
1456330441.0,e3a60e8a,0.919
1456330441.0,ea6b204a,0.979
1456330441.0,89f88deb,0.949
1456330441.0,a49f5d4b,0.949
1456330441.0,bba9fe67,0.909
1456330441.0,fc85b951,0.959
1456330441.0,ea4294e9,0.949
1456330441.0,ed826035,0.949
1456330441.0,524d848c,0.929
1456330441.0,f6955150,0.909
1456330441.0,688653f8,0.929
1456330441.0,2c111d16,0.919
1456330441.0,3be6fb85,0.939
1456330441.0,46ad9f53,0.929
1456330441.0,e9aeb918,0.949
1456330441.0,494f6481,0.909
1456330441.0,c08ff843,0.929
1456330441.0,e5cba29c,0.929
1456330441.0,,0.929
1456330441.0,113fe84c,0.939
1456330441.0,217404b2,0.919
1456330441.0,94ce365f,0.929
1456330441.0,5b8f7949,1.019
1456330441.0,0030aa59,1.019
1456330441.0,7b8e3478,0.979
1456330441.0,844861f9,0.939
1456330441.0,d99ae405,0.959
1456330441.0,467ac0ec,0.949
1456330441.0,d2c2433a,0.959
1456330441.0,5c197824,0.939
1456330441.0,e5d7defc,0.929
1456330441.0,8de01e99,0.959
1456330441.0,982daa57,0.939
1456330441.0,034d1d51,0.929
1456330441.0,bf816140,0.939
1456330441.0,498c4e0f,0.949
1456330441.0,2cbca1fc,0.929
1456330441.0,8401f134,0.979
1456330441.0,974e4706,0.919
1456330441.0,3d2f11fa,0.899
1456330441.0,a5fbf851,0.909
1456330441.0,27612978,0.929
1456330441.0,,0.969
1456330441.0,20931f17,0.989
1456330441.0,b6167e3e,0.959
1456330441.0,e3a2ddca,0.939
1456330441.0,bd8bd0ef,1.009
1456330441.0,2278ee7b,0.929
1456330441.0,c698b4f6,0.969
1456330441.0,a07d5f54,0.949
1456330441.0,72ec8a0d,0.949
1456330441.0,0b1eb29a,0.949
1456330441.0,98ba3c6d,0.929
1456330441.0,a40495d3,0.929
1456330441.0,63f74b4d,0.939
1456330441.0,eac805c4,0.969
1456330441.0,96a28302,1.019
1456330441.0,8236d188,0.959
1456330441.0,02e680f9,0.949
1456330441.0,b65f17d4,0.939
1456330441.0,2e89adbb,0.959
1456330441.0,7fc72456,0.949
1456330441.0,a1d1ae1e,0.919
1456330441.0,799875f1,0.969
1456330441.0,4f807f9a,0.959
1456330441.0,bcdeefc3,0.949
1456330441.0,9499ff78,0.919
1456330441.0,a9c635a6,1.029
1456330441.0,08f59b41,0.929
1456330441.0,85711ea4,0.989
1456330441.0,cf3aa97f,0.939
1456330441.0,809b9631,0.929
1456330441.0,33d673e1,0.969
1456330441.0,f8289047,0.929
1456330441.0,37a8af42,0.969
1456330441.0,5d151192,1.019
1456330441.0,4b3bf40e,0.929
1456330441.0,8a3f89ed,0.969
1456330441.0,2052e025,0.929
1456330681.0,ceed1c58,0.969
1456330681.0,f8a9a11e,0.939
1456330681.0,0f01b9c8,0.949
1456330681.0,5fa097a0,0.929
1456330681.0,800f2ca2,0.959
1456330681.0,cdf67cac,0.919
1456330681.0,f527efec,0.929
1456330681.0,e399a8ea,0.949
1456330681.0,fc64f929,0.949
1456330681.0,885b2e54,0.999
1456330681.0,1febf6ac,0.919
1456330681.0,09f3e38a,0.969
1456330681.0,054eaec2,0.969
1456330681.0,c8fac997,0.909
1456330681.0,a1de4c4f,0.969
1456330681.0,aa00a8f6,0.984
1456330681.0,b7218e20,0.939
1456330681.0,87531960,0.939
1456330681.0,ce331290,0.949
1456330681.0,4f5b6b22,0.939
1456330681.0,ed84fb55,0.939
1456330681.0,73ae4422,0.969
1456330681.0,13ac9af6,0.939
1456330681.0,2410740f,0.929
1456330681.0,1de97778,0.939
1456330681.0,9481f21d,0.959
1456330681.0,d10d6c8d,0.929
1456330681.0,5f3ccc40,0.959
1456330681.0,6dea9ace,0.929
1456330681.0,3c01d155,0.949
1456330681.0,8d806152,0.959
1456330681.0,6a9a24d9,0.949
1456330681.0,dd1126e0,0.979
1456330681.0,7cd126ee,0.939
1456330681.0,2b390ecb,0.919
1456330681.0,4d87be41,0.949
1456330681.0,e1836722,0.919
1456330681.0,8aefbe17,0.979
1456330681.0,26d466bb,0.939
1456330681.0,6904580a,0.939
1456330681.0,a470edc3,0.939
1456330681.0,5f0b3d94,0.929
1456330681.0,faddd104,0.929
1456330681.0,e43cd622,0.959
1456330681.0,1db561d0,0.999
1456330681.0,510c3f58,0.949
1456330681.0,c1db295a,0.929
1456330681.0,32c66e9a,0.949
1456330681.0,,0.939
1456330681.0,354f6a44,0.959
1456330681.0,6b347fa9,0.959
1456330681.0,69a2d28e,0.919
1456330681.0,99c10f15,1.019
1456330681.0,9bde8003,0.949
1456330681.0,0c091e76,0.939
1456330681.0,2bb55c91,0.949
1456330681.0,eda8c21c,0.939
1456330681.0,1e85ec4f,0.969
1456330681.0,a280c8ce,0.944
1456330681.0,9c044e4f,0.959
1456330681.0,0f7d325c,0.969
1456330681.0,b09942f7,0.949
1456330681.0,b3e6c96a,0.919
1456330681.0,39bde8e3,0.939
1456330681.0,e77693ae,0.949
1456330681.0,cd3580e7,0.959
1456330681.0,efbeec26,0.969
1456330681.0,43973ab1,0.929
1456330681.0,7f4e0339,0.929
1456330681.0,adb0e3b5,0.929
1456330681.0,c7316ab3,0.959
1456330681.0,00bb9689,0.949
1456330681.0,4ccb2bae,0.969
1456330681.0,dda7560a,0.959
1456330681.0,405af975,0.979
1456330681.0,61f59311,0.939
1456330681.0,64542f0d,0.959
1456330681.0,35e9dc97,0.969
1456330681.0,0c18ba5f,0.929
1456330681.0,5e363c03,0.929
1456330681.0,27707ee4,0.929
1456330681.0,0fa5c0a4,0.949
1456330681.0,226af5b1,0.929
1456330681.0,ebd5c64b,0.949
1456330681.0,796a098a,0.959
1456330681.0,251b8d8a,0.939
1456330681.0,5318f3a8,0.959
1456330681.0,645b2898,0.939
1456330681.0,88113d35,0.959
1456330681.0,b42f77df,0.939
1456330681.0,b8f60770,0.969
1456330681.0,6baeb328,0.979
1456330681.0,9d2aa0e1,0.949
1456330681.0,7f8ae480,0.989
1456330681.0,f83dda73,0.969
1456330681.0,4fdca23f,0.939
1456330681.0,1fbcfe52,0.949
1456330681.0,a4b3856b,0.949
1456330681.0,ffbeb4cc,1.019
1456330681.0,cc94a429,0.929
1456330681.0,5b46611d,0.949
1456330681.0,6e8e3ed0,0.959
1456330681.0,d04dc22d,0.959
1456330681.0,71fdd7b4,0.949
1456330681.0,4c76dbcf,0.969
1456330681.0,29bd5a9a,0.929
1456330681.0,6866a590,0.919
1456330681.0,6fc8bedc,0.939
1456330681.0,d36c0bc0,0.959
1456330681.0,f479c8f0,0.959
1456330681.0,3ff39a76,0.969
1456330681.0,7cb1bbc0,0.959
1456330681.0,4ac089ef,0.949
1456330681.0,70efa82e,0.949
1456330681.0,31b711f3,1.019
1456330681.0,adf7b918,0.939
1456330681.0,a09958dd,0.939
1456330681.0,b8b97fc1,0.929
1456330681.0,d3e4d9b9,0.999
1456330681.0,68176e5a,0.959
1456330681.0,5a12d25f,0.969
1456330681.0,626fbfc1,0.979
1456330681.0,b5dfdabd,0.949
1456330681.0,b840a41d,0.959
1456330681.0,8abb2725,0.949
1456330681.0,14b98d5e,0.949
1456330681.0,78c4502d,0.949
1456330681.0,693a4986,0.949
1456330681.0,d16d0a6e,0.999
1456330681.0,7895f019,0.949
1456330681.0,c8c94822,0.949
1456330681.0,db29e260,0.899
1456330681.0,48bf5afb,0.959
1456330681.0,7c4e6cc9,0.929
1456330681.0,19e65444,0.929
1456330681.0,6ba205cd,0.919
1456330681.0,7e5a6d3f,0.919
1456330681.0,4c0e3547,0.909
1456330681.0,a3599c26,0.939
1456330681.0,984855aa,0.929
1456330681.0,9ffeb5ed,0.939
1456330681.0,495247fc,0.919
1456330681.0,aa86d47e,0.949
1456330681.0,ed221b09,0.949
1456330681.0,2f20611a,0.919
1456330681.0,8ee67957,0.919
1456330681.0,5fc20a3d,0.929
1456330681.0,a07eee38,0.959
1456330681.0,440673be,0.959
1456330681.0,f5b117ef,0.919
1456330681.0,a656288b,0.939
1456330681.0,c9f023c6,0.909
1456330681.0,f0da030f,0.949
1456330681.0,a7984b2a,0.899
1456330681.0,3a2d39a0,0.939
1456330681.0,b9b3f0de,0.969
1456330681.0,a2b07888,0.909
1456330681.0,1db5b62a,0.939
1456330681.0,8e306a91,0.939
1456330681.0,32ba58a5,0.969
1456330681.0,49a9b4e0,0.989
1456330681.0,35b614c4,0.939
1456330681.0,6a3c7f9e,1.009
1456330681.0,047946f0,1.009
1456330681.0,74c9e802,0.949
1456330681.0,d4391500,0.939
1456330681.0,9d3b5cc6,0.949
1456330681.0,5f379a02,0.939
1456330681.0,78767dc5,0.969
1456330681.0,c2400430,0.939
1456330681.0,c74444b1,0.979
1456330681.0,32cdea2d,0.979
1456330681.0,a8f01af7,0.939
1456330681.0,907c9e39,0.979
1456330681.0,ce45fa96,0.929
1456330681.0,cf4759e8,0.959
1456330681.0,c699c115,0.949
1456330681.0,22dc5d73,0.939
1456330681.0,b0e18943,0.949
1456330681.0,b30ca48e,0.949
1456330681.0,d2e86e86,0.999
1456330681.0,60a05f95,0.949
1456330681.0,42fc2804,1.009
1456330681.0,a3c5ca6f,0.939
1456330681.0,59b6280c,0.929
1456330681.0,391179ed,0.959
1456330681.0,9cf73813,0.939
1456330681.0,4b7e86ba,0.969
1456330681.0,467c21a8,0.979
1456330681.0,76f44572,0.939
1456330681.0,6edd64cb,0.959
1456330681.0,db68109c,0.939
1456330681.0,1468aaa8,0.969
1456330681.0,0aad0d01,0.959
1456330681.0,c0e7740b,0.994
1456330681.0,09f8dfad,0.939
1456330681.0,0fc11a52,0.929
1456330681.0,c4953ffa,0.959
1456330681.0,db1ffa50,0.949
1456330681.0,dd4af19d,0.969
1456330681.0,365e9221,0.939
1456330681.0,dc639d24,1.029
1456330681.0,14342e98,0.949
1456330681.0,0bd89a27,0.969
1456330681.0,f39d03d7,0.939
1456330681.0,9720bdd7,0.959
1456330681.0,e854b79b,0.979
1456330681.0,890c4fe1,0.949
1456330681.0,535e45c7,0.949
1456330681.0,a40e1f56,0.989
1456330681.0,e71f7bdd,0.939
1456330681.0,25604f87,0.939
1456330681.0,802f8091,0.949
1456330681.0,a5de0540,0.949
1456330681.0,7b73b743,0.959
1456330681.0,6727ef58,0.959
1456330681.0,d86b6eaf,0.969
1456330681.0,18429d44,0.949
1456330681.0,df6b217b,0.939
1456330681.0,4a1fb5a4,0.969
1456330681.0,986ab52a,0.919
1456330681.0,5271a4f6,0.939
1456330681.0,f2523c62,0.999
1456330681.0,c713cfc0,0.959
1456330681.0,ab57f5d6,0.939
1456330681.0,712e5646,0.939
1456330681.0,83e564c6,0.969
1456330681.0,b273d286,0.959
1456330681.0,25d0b512,0.959
1456330681.0,6cee9445,0.969
1456330681.0,f960ce49,0.949
1456330681.0,7b0e8c8c,0.939
1456330681.0,7b702829,0.959
1456330681.0,cfea1db9,0.949
1456330681.0,e04ac56b,0.939
1456330681.0,cf9993cb,0.949
1456330681.0,6f6329ff,0.949
1456330681.0,0d45e0bd,0.959
1456330681.0,dcb337e4,0.949
1456330681.0,71f647de,0.939
1456330681.0,fe29bb22,1.019
1456330681.0,3ad4d1ba,0.959
1456330681.0,c27cff48,0.939
1456330681.0,4110a4d8,0.969
1456330681.0,d83809d0,0.969
1456330681.0,5d8dcd1a,0.939
1456330681.0,2a2dae94,0.949
1456330681.0,1f52483c,0.939
1456330681.0,cfe82c42,0.939
1456330681.0,c6b47de7,0.979
1456330681.0,70d7dc75,0.999
1456330681.0,0900dfb0,0.949
1456330681.0,80e8cb89,0.979
1456330681.0,9f51dbf4,0.929
1456330681.0,e3669521,0.969
1456330681.0,65f79fe1,0.909
1456330681.0,8fcd9062,0.919
1456330681.0,354f3556,0.959
1456330681.0,c631958b,0.939
1456330681.0,2337f9ca,0.949
1456330681.0,c36c0090,0.979
1456330681.0,3183a48d,0.949
1456330681.0,80e97677,0.959
1456330681.0,94d55606,0.949
1456330681.0,7b9e5f97,0.969
1456330681.0,4abbc65e,0.949
1456330681.0,e466a86a,0.979
1456330681.0,85a43300,0.959
1456330681.0,a0bca24c,0.929
1456330681.0,4e359e7b,0.929
1456330681.0,e82185b8,0.959
1456330681.0,f1ccda26,0.989
1456330681.0,2735badd,0.979
1456330681.0,95e23a71,0.979
1456330681.0,a0b4fcec,0.939
1456330681.0,70cfddc2,0.989
1456330681.0,62ae11f0,0.949
1456330681.0,af5a4fe6,0.939
1456330681.0,99fbfc30,0.959
1456330681.0,9bf3cbf5,0.959
1456330681.0,2cf175a8,0.959
1456330681.0,2b8c12d2,0.939
1456330681.0,d5d87feb,0.969
1456330681.0,ee9b9dc5,0.969
1456330681.0,6ebc646b,0.929
1456330681.0,b43aab28,0.939
1456330681.0,6c1eda32,0.959
1456330681.0,21269bfc,0.938
1456330681.0,7b709283,0.979
1456330681.0,70a9c50e,0.939
1456330681.0,07ccba78,0.979
1456330681.0,d45b556e,0.959
1456330681.0,5ec2ab05,0.949
1456330681.0,39614aa8,0.939
1456330681.0,fe599048,0.989
1456330681.0,b1450a7d,0.939
1456330681.0,bcca3d12,0.939
1456330681.0,61a9a23e,0.939
1456330681.0,d0b2a106,0.939
1456330681.0,dfb29247,0.939
1456330681.0,e2e2bd54,0.939
1456330681.0,b414428f,0.939
1456330681.0,bf80d980,0.939
1456330681.0,3b675bd6,1.019
1456330681.0,8087a244,0.949
1456330681.0,769eb8e0,0.939
1456330681.0,18c16fc4,0.969
1456330681.0,b8563039,0.939
1456330681.0,e6176ad3,0.929
1456330681.0,5e5886b8,0.939
1456330681.0,73b5d3b6,0.939
1456330681.0,82f98249,0.939
1456330681.0,46e5123e,0.969
1456330681.0,a2c55ea4,0.949
1456330681.0,9572e9cf,0.999
1456330681.0,856e9b60,1.019
1456330681.0,dc5b8dc2,0.969
1456330681.0,44e433ed,0.969
1456330681.0,75290178,0.939
1456330681.0,5e983c4b,0.949
1456330681.0,23e2d722,0.969
1456330681.0,16a73c7d,0.939
1456330681.0,2907236c,0.939
1456330681.0,54344f7f,0.949
1456330681.0,c5094307,0.949
1456330681.0,945ced86,1.009
1456330681.0,6e17970f,0.979
1456330681.0,3ceab2dc,0.939
1456330681.0,1cb6dd4e,0.959
1456330681.0,1ee7bf79,0.929
1456330681.0,bd227bfb,0.989
1456330681.0,d361902b,0.959
1456330681.0,984a99c0,0.979
1456330681.0,26906f78,0.969
1456330681.0,0f1a4e9a,0.989
1456330681.0,cfaa81ec,0.984
1456330681.0,a90392b0,0.959
1456330681.0,1ffbed87,0.944
1456330681.0,27ad4edd,0.969
1456330681.0,e939fab3,0.929
1456330681.0,18a2553e,0.939
1456330681.0,054cfa5d,0.929
1456330681.0,66a1358d,0.959
1456330681.0,0b37cd71,0.969
1456330681.0,7d0e5e60,0.949
1456330681.0,f6f661ae,0.959
1456330681.0,d4133fe8,1.039
1456330681.0,da4a42a1,0.979
1456330681.0,88dd7fc5,0.949
1456330681.0,e3f9ebe0,0.949
1456330681.0,568d33c2,0.969
1456330681.0,,0.949
1456330681.0,308408ca,0.939
1456330681.0,05878847,0.949
1456330681.0,f47e8638,0.939
1456330681.0,b6d22753,0.929
1456330681.0,2a8a850f,0.929
1456330681.0,2bbe715d,0.969
1456330681.0,e00ca8bb,0.939
1456330681.0,72b223b1,0.939
1456330681.0,,0.939
1456330681.0,33edb985,0.979
1456330681.0,9afda374,0.969
1456330681.0,792ef841,0.939
1456330681.0,b2dce7a0,0.949
1456330681.0,d5ced0b2,0.969
1456330681.0,956c6d65,0.939
1456330681.0,6f9eb627,0.904
1456330681.0,d3567757,0.929
1456330681.0,635564fa,0.949
1456330681.0,03ed2a59,0.949
1456330681.0,bcee3dc6,0.939
1456330681.0,dc76a6bb,0.969
1456330681.0,4bb19235,0.929
1456330681.0,b84f5be2,0.939
1456330681.0,6b13020d,0.939
1456330681.0,73af7048,0.939
1456330681.0,f7f51e72,0.959
1456330681.0,2acdea0b,0.939
1456330681.0,df7edd4e,0.959
1456330681.0,dc5ff7cf,0.939
1456330681.0,bad87216,0.949
1456330681.0,b598078e,0.939
1456330681.0,4a8ba2e5,1.019
1456330681.0,676ac223,0.989
1456330681.0,38b527b3,0.969
1456330681.0,76a48cbe,0.939
1456330681.0,9f5a9e69,0.919
1456330681.0,fdf0e8d2,0.929
1456330681.0,62d05b95,0.939
1456330681.0,3b68a541,0.929
1456330681.0,e4dcc2ad,0.969
1456330681.0,b4666217,0.929
1456330681.0,9f4967c5,0.929
1456330681.0,bcfc04fa,0.929
1456330681.0,a8aaf34c,0.949
1456330681.0,094fab78,0.989
1456330681.0,2c111d16,0.919
1456330681.0,ff41b63f,0.919
1456330681.0,677b8f35,0.909
1456330681.0,c08ff843,0.929
1456330681.0,,0.929
1456330681.0,09d54524,0.929
1456330681.0,a05c4f54,0.979
1456330681.0,ce55c12b,0.949
1456330681.0,cfadc870,0.959
1456330681.0,c6d24a24,0.939
1456330681.0,a74e1057,1.009
1456330681.0,0d1f648e,0.969
1456330681.0,36ba87a1,0.939
1456330681.0,5693dbae,0.949
1456330681.0,82812943,0.939
1456330681.0,b4c63b76,0.919
1456330681.0,4c5ddfb7,0.969
1456330681.0,18b3ac80,0.929
1456330681.0,c48df784,0.959
1456330681.0,5fd30b48,0.959
1456330681.0,92f8fe19,0.989
1456330681.0,ab241125,0.949
1456330681.0,503c695b,0.909
1456330681.0,c1c6485d,0.939
1456330681.0,574bc6fc,0.939
1456330681.0,672c6cfd,0.989
1456330681.0,a7a2a72e,0.949
1456330681.0,8e53fc38,0.969
1456330681.0,6f55f694,0.979
1456330681.0,4d2f0ccd,0.989
1456330681.0,c0ab948d,0.939
1456330681.0,93d44ba8,0.989
1456330681.0,a40495d3,0.929
1456330681.0,65188032,0.989
1456330681.0,b49ab0b4,0.969
1456330681.0,312f1849,0.949
1456330681.0,57135983,0.969
1456330681.0,747529c4,0.909
1456330681.0,4e43cf44,0.939
1456330681.0,9845e20e,0.959
1456330681.0,0cbee1b5,0.93
1456330681.0,c042fdd9,0.949
1456330681.0,9b8af649,0.929
1456330681.0,4ddf478c,0.929
1456330681.0,a793fb91,0.999
1456330681.0,9499ff78,0.919
1456330681.0,7ae317da,0.959
1456330681.0,24a245f5,0.989
1456330681.0,43624917,0.969
1456330681.0,8938be00,0.989
1456330681.0,08da0ec0,0.959
1456330681.0,a35401af,0.939
1456330681.0,0aa739fb,0.959
1456330921.0,2fa408e2,0.989
1456330921.0,0593bd1c,0.959
1456330921.0,8eb59fab,0.969
1456330921.0,de4ca432,0.969
1456330921.0,0edac3f0,0.929
1456330921.0,7c556e65,0.919
1456330921.0,7b247260,0.899
1456330921.0,5426515a,0.949
1456330921.0,304be57d,0.969
1456330921.0,3277bf79,0.919
1456330921.0,b01ec055,0.969
1456330921.0,ae71af81,0.959
1456330921.0,,0.959
1456330921.0,dcbfbcf3,0.929
1456330921.0,9a0afbbb,0.899
1456330921.0,be11dd72,0.969
1456330921.0,13ac9af6,0.934
1456330921.0,e790ca88,0.929
1456330921.0,ef9fe1fc,0.949
1456330921.0,25cdefd0,0.949
1456330921.0,1bd217db,1.029
1456330921.0,0670c33b,0.969
1456330921.0,86cc51ec,0.949
1456330921.0,9a249d55,0.929
1456330921.0,1beae976,0.949
1456330921.0,c307725e,0.959
1456330921.0,711d036b,0.949
1456330921.0,720a51d5,0.989
1456330921.0,f86a6ea1,0.959
1456330921.0,90b516a1,0.939
1456330921.0,21c418e3,0.899
1456330921.0,ab89240b,0.969
1456330921.0,02bd7477,0.979
1456330921.0,a8266115,0.939
1456330921.0,f5b0ba52,0.959
1456330921.0,ee69ffcc,0.939
1456330921.0,0f2f9c5f,0.959
1456330921.0,814d74ac,0.919
1456330921.0,ec4683cf,0.929
1456330921.0,04ba07e6,0.949
1456330921.0,4a647add,0.944
1456330921.0,f6d9b461,0.919
1456330921.0,98f1e355,0.969
1456330921.0,5697f128,0.939
1456330921.0,b69db0fc,0.999
1456330921.0,471a369c,0.959
1456330921.0,226af5b1,0.919
1456330921.0,f64d1649,0.929
1456330921.0,4d917f63,0.949
1456330921.0,8bf8c324,0.959
1456330921.0,1a88c0a3,0.928
1456330921.0,28c041df,0.979
1456330921.0,8db8c96c,0.959
1456330921.0,c0a3d1e4,0.939
1456330921.0,6e97a289,0.959
1456330921.0,414a4374,0.959
1456330921.0,a6f38b75,0.949
1456330921.0,1168538d,0.949
1456330921.0,ab4840e2,0.949
1456330921.0,63b23aaa,0.939
1456330921.0,ddaccd3e,0.929
1456330921.0,645c2661,0.939
1456330921.0,21dc0042,0.929
1456330921.0,313e84fe,0.929
1456330921.0,8c6f4b89,0.979
1456330921.0,860a70dd,0.949
1456330921.0,e82ffdb7,0.919
1456330921.0,2c4dd6f0,0.939
1456330921.0,16faf672,0.939
1456330921.0,a4c96d17,0.949
1456330921.0,7c4e6cc9,0.929
1456330921.0,6d2e115e,0.969
1456330921.0,11c55ae3,0.959
1456330921.0,fa3c7cd8,0.939
1456330921.0,,0.939
1456330921.0,53df0ec3,0.949
1456330921.0,67c6aa2e,0.909
1456330921.0,53410888,0.919
1456330921.0,e904bee6,0.919
1456330921.0,bce1fe2d,0.909
1456330921.0,534bd2b7,0.929
1456330921.0,b619b05f,0.949
1456330921.0,5762e9a9,0.979
1456330921.0,eb79ce7f,0.949
1456330921.0,23728172,0.959
1456330921.0,d921f4ce,0.919
1456330921.0,1d736429,0.919
1456330921.0,1aa6752d,0.949
1456330921.0,a8c6b173,0.949
1456330921.0,f58df524,0.919
1456330921.0,e546cc05,0.919
1456330921.0,3da081b6,0.939
1456330921.0,ecd45a38,0.929
1456330921.0,c443c505,0.939
1456330921.0,de66ae92,0.929
1456330921.0,9da51b85,0.949
1456330921.0,c78b7333,0.969
1456330921.0,e48ca6d1,0.949
1456330921.0,cef28ece,0.899
1456330921.0,b3fefca1,0.929
1456330921.0,54d2b984,0.919
1456330921.0,8caf6dad,0.949
1456330921.0,10e899a5,0.909
1456330921.0,a5cf2ad0,0.949
1456330921.0,7ccb6541,0.929
1456330921.0,68487393,0.959
1456330921.0,ae578482,0.939
1456330921.0,f709d7cd,0.979
1456330921.0,f65e3be6,0.929
1456330921.0,545c4117,0.899
1456330921.0,bccce565,0.919
1456330921.0,398e7989,0.969
1456330921.0,0da71099,0.899
1456330921.0,60962481,0.959
1456330921.0,2207feed,0.919
1456330921.0,44adf9c1,0.899
1456330921.0,22bbd2e9,0.919
1456330921.0,d1b50fc2,0.929
1456330921.0,010fdae7,0.929
1456330921.0,ed63a8a7,0.949
1456330921.0,050b15b6,0.929
1456330921.0,92ea5ddf,0.919
1456330921.0,7de438fa,0.959
1456330921.0,c8da9d10,0.919
1456330921.0,cf429d6f,0.929
1456330921.0,83c9051f,0.949
1456330921.0,d5118031,0.929
1456330921.0,44454521,0.909
1456330921.0,7d24179d,0.949
1456330921.0,b4a263f0,0.929
1456330921.0,b61b4b10,0.919
1456330921.0,dfd511ab,0.919
1456330921.0,f79eb5f9,0.909
1456330921.0,53c0a7e5,0.939
1456330921.0,dfda908c,0.949
1456330921.0,c47ae9d4,0.919
1456330921.0,5a24bfe1,0.909
1456330921.0,467edc58,0.949
1456330921.0,250f245f,0.939
1456330921.0,a2557e83,0.919
1456330921.0,60f04d2f,0.939
1456330921.0,8a338e32,0.909
1456330921.0,aed09b0f,0.929
1456330921.0,21ffc684,0.949
1456330921.0,fc60a1e0,0.959
1456330921.0,801ccbc6,0.949
1456330921.0,f26bfef4,0.939
1456330921.0,6c60b697,0.919
1456330921.0,ffb71aa8,0.899
1456330921.0,eb783f5d,0.939
1456330921.0,c8eaf4a4,0.939
1456330921.0,d28733f8,0.939
1456330921.0,8aa565b4,0.929
1456330921.0,4e998f6d,0.969
1456330921.0,07ff93d9,0.979
1456330921.0,b061fef9,0.899
1456330921.0,d604a294,0.969
1456330921.0,0bb04dd0,0.969
1456330921.0,42bd894d,0.919
1456330921.0,d02ee7d1,0.939
1456330921.0,9c4977f7,0.949
1456330921.0,365e9221,0.939
1456330921.0,f245c083,0.959
1456330921.0,4ee0535e,0.949
1456330921.0,651f23fd,0.999
1456330921.0,8d2a1873,0.979
1456330921.0,6039b8e3,0.949
1456330921.0,abe05883,0.999
1456330921.0,88d7ccee,0.959
1456330921.0,1d5b89e9,0.929
1456330921.0,071ee1b4,0.959
1456330921.0,d9811c4e,0.969
1456330921.0,376e6a15,0.939
1456330921.0,8051f241,0.949
1456330921.0,35bc34eb,0.939
1456330921.0,14253da3,0.979
1456330921.0,f7f58a1b,0.969
1456330921.0,4a513f03,0.969
1456330921.0,13683185,0.929
1456330921.0,70afbb14,0.959
1456330921.0,4bc1c239,1.029
1456330921.0,18b93d5d,0.929
1456330921.0,9babce8b,0.939
1456330921.0,5fd232c2,0.919
1456330921.0,aae959c2,0.929
1456330921.0,9ca777a2,0.959
1456330921.0,f8ed5739,0.939
1456330921.0,1c3d5b37,0.939
1456330921.0,,0.929
1456330921.0,83cf2333,0.979
1456330921.0,e5a3d8f9,0.919
1456330921.0,efc6fe63,0.939
1456330921.0,3183a48d,0.949
1456330921.0,293f7598,0.969
1456330921.0,,0.939
1456330921.0,d998872e,0.939
1456330921.0,29e79793,0.919
1456330921.0,437a065e,0.939
1456330921.0,27268be1,0.969
1456330921.0,538bd786,0.899
1456330921.0,a9fbf376,0.989
1456330921.0,fe69cf27,0.949
1456330921.0,3f20997c,0.979
1456330921.0,2df68795,0.959
1456330921.0,7232ac4c,0.929
1456330921.0,b46c0713,0.949
1456330921.0,793d12bc,0.944
1456330921.0,e9b0a748,0.959
1456330921.0,275911ce,0.949
1456330921.0,85ae0b90,0.939
1456330921.0,b28fedb7,0.939
1456330921.0,f047579e,0.929
1456330921.0,c12620e7,0.929
1456330921.0,82d9d2c3,0.949
1456330921.0,10ffd5b9,0.919
1456330921.0,aba5a913,0.939
1456330921.0,f2054fb8,0.969
1456330921.0,a54d4e57,0.959
1456330921.0,b87b1fe6,0.989
1456330921.0,dea57116,0.959
1456330921.0,5553d199,0.949
1456330921.0,eb159d17,0.964
1456330921.0,8ea85961,0.959
1456330921.0,,0.959
1456330921.0,8ccf4a30,0.929
1456330921.0,425da802,0.989
1456330921.0,493eff35,0.969
1456330921.0,39a29c0a,0.949
1456330921.0,b9bbf9ee,0.969
1456330921.0,0afde6c7,0.929
1456330921.0,3ef0b5d2,0.909
1456330921.0,4d5c23ec,0.969
1456330921.0,,0.939
1456330921.0,1929bb2b,0.929
1456330921.0,7c912d45,0.919
1456330921.0,bd396f56,0.969
1456330921.0,ccd903a8,0.929
1456330921.0,71618bdc,0.979
1456330921.0,dfb31960,0.929
1456330921.0,7f2cf706,0.919
1456330921.0,80b92918,0.898
1456330921.0,5321252a,0.949
1456330921.0,b156c7a5,0.929
1456330921.0,e17ef357,0.929
1456330921.0,bbc1d831,0.929
1456330921.0,496612a8,0.979
1456330921.0,3e921ea2,0.949
1456330921.0,78566ed9,0.929
1456330921.0,6ff38393,0.959
1456330921.0,0950d2ac,0.959
1456330921.0,923a028b,0.979
1456330921.0,bfe9ba44,0.969
1456330921.0,dc76a6bb,0.929
1456330921.0,1636cb5c,0.989
1456330921.0,625146af,0.939
1456330921.0,6fbc265f,0.969
1456330921.0,66ff2f80,0.959
1456330921.0,cba1718d,0.939
1456330921.0,5f4d5496,0.969
1456330921.0,c6c3a80a,1.019
1456330921.0,69fc95ea,0.949
1456330921.0,9b77fa3c,1.009
1456330921.0,a02da48f,0.919
1456330921.0,094fab78,0.979
1456330921.0,1f311bb3,0.909
1456330921.0,19cfa34e,0.979
1456330921.0,9ebd92af,0.929
1456330921.0,36ba87a1,0.929
1456330921.0,d2c2433a,0.949
1456330921.0,2b2b7338,0.929
1456330921.0,037aefcb,0.949
1456330921.0,26a76357,0.929
1456330921.0,74adc87d,0.939
1456330921.0,f4507b0a,0.939
1456330921.0,9cd1b58f,0.949
1456330921.0,5c8ccf98,0.949
1456330921.0,990b3bf9,0.929
1456330921.0,cbd615c9,0.959
1456330921.0,3851f5d5,0.919
1456330921.0,a4a288ce,0.949
1456330921.0,c37638ee,0.969
1456330921.0,6334f8a6,0.939
1456330921.0,48772908,0.939
1456330921.0,345d440e,0.949
1456330921.0,42ac1f52,0.949
1456330921.0,9aa29c07,1.009
1456330921.0,16b7ada0,0.954
1456330921.0,e20988bb,0.949
1456330921.0,ed57f511,0.929
1456330921.0,6a5e9f24,0.939
1456330921.0,a6f98df6,0.929
1456330921.0,5fab2045,0.959
1456330921.0,a41abd0c,0.929
1456330921.0,53282654,0.959
1456331161.0,46d16433,0.959
1456331161.0,dcb25a3c,0.969
1456331161.0,cd61632c,0.929
1456331161.0,35eaad61,0.919
1456331161.0,c1c42ec6,0.969
1456331161.0,068c357f,0.979
1456331161.0,3318e0c6,0.989
1456331161.0,3d36e33a,0.919
1456331161.0,2b056224,0.929
1456331161.0,fdedca23,0.919
1456331161.0,8cdfd072,0.919
1456331161.0,d2597bc8,0.919
1456331161.0,7f0a95e2,0.959
1456331161.0,2f40868f,0.949
1456331161.0,d685db42,0.919
1456331161.0,de6c0c12,0.919
1456331161.0,52ff86b2,0.929
1456331161.0,0efd5423,0.929
1456331161.0,408e52ea,0.929
1456331161.0,a9b325ba,0.949
1456331161.0,fb0b1dcf,0.929
1456331161.0,4c36fcd5,0.929
1456331161.0,203367ea,0.929
1456331161.0,2a554c81,0.929
1456331161.0,d9da2e7f,0.979
1456331161.0,69a62773,0.919
1456331161.0,4e6ab199,0.929
1456331161.0,d64909aa,0.929
1456331161.0,3f38fa55,0.929
1456331161.0,b38c29e8,0.909
1456331161.0,c45f047d,0.919
1456331161.0,86d5dab8,0.949
1456331161.0,0297c11e,0.919
1456331161.0,3f539c39,0.949
1456331161.0,75b9849f,0.929
1456331161.0,6977fd5c,0.919
1456331161.0,4e3adf89,0.949
1456331161.0,18396fc2,0.929
1456331161.0,ed04967d,0.949
1456331161.0,6610198a,0.979
1456331161.0,d50f75c4,0.949
1456331161.0,859ddb14,0.939
1456331161.0,3d8adc15,0.949
1456331161.0,f6f5bf47,0.929
1456331161.0,48085700,0.949
1456331161.0,5dd70488,0.949
1456331161.0,effc0f5f,0.959
1456331161.0,f324dab6,0.969
1456331161.0,3d5ea21b,0.979
1456331161.0,417dc490,0.959
1456331161.0,ebd3c375,0.939
1456331161.0,6a8dc69b,0.979
1456331161.0,fa482668,0.929
1456331161.0,ed94db5a,0.969
1456331161.0,0e65094f,0.929
1456331161.0,08311643,0.929
1456331161.0,583435e5,0.989
1456331161.0,87d550b4,0.939
1456331161.0,464f5c00,0.969
1456331161.0,6f9fee8c,0.929
1456331161.0,1d2b410a,0.949
1456331161.0,483e25f7,0.969
1456331161.0,fa657190,0.949
1456331161.0,9b5cfe0e,0.919
1456331161.0,896f2819,0.959
1456331161.0,0a1259e1,0.949
1456331161.0,24a41128,0.959
1456331161.0,bbf56463,0.929
1456331161.0,971048ac,0.979
1456331161.0,ed5d2ad9,0.929
1456331161.0,eba73bce,0.949
1456331161.0,dd1126e0,0.969
1456331161.0,b18ffb73,0.929
1456331161.0,dc36cd86,0.949
1456331161.0,9c38cf72,0.929
1456331161.0,3e081642,0.939
1456331161.0,8371a1aa,0.939
1456331161.0,2753be9b,0.929
1456331161.0,12fda0fa,1.009
1456331161.0,67c4f219,0.979
1456331161.0,68efde5b,0.919
1456331161.0,cf6cd137,0.979
1456331161.0,f044b2d1,0.959
1456331161.0,f0e3472f,0.949
1456331161.0,158d42d8,0.949
1456331161.0,b802ed2f,0.949
1456331161.0,a77ad37d,0.969
1456331161.0,c465775f,0.959
1456331161.0,722bfb7b,0.959
1456331161.0,095187b4,0.969
1456331161.0,64edaf71,0.939
1456331161.0,08919b22,0.949
1456331161.0,adc04be9,0.959
1456331161.0,20fa2e02,0.939
1456331161.0,06881b45,0.949
1456331161.0,58d71582,0.949
1456331161.0,5f34425a,0.979
1456331161.0,7d7180f2,0.979
1456331161.0,108a3669,0.949
1456331161.0,653088f9,0.979
1456331161.0,82f09d4f,0.939
1456331161.0,b4b8fe99,0.949
1456331161.0,19eb476f,0.939
1456331161.0,3bb3ff25,0.929
1456331161.0,9b0605bd,0.949
1456331161.0,c20a8487,0.929
1456331161.0,68a5df04,0.949
1456331161.0,018136eb,0.949
1456331161.0,a8dbe3f9,0.969
1456331161.0,f1b1a06d,0.929
1456331161.0,d0e7222d,0.979
1456331161.0,6797c38e,0.969
1456331161.0,6259b60b,0.959
1456331161.0,1ed6826b,0.949
1456331161.0,1bbcc3e6,0.939
1456331161.0,c66eeb5b,0.939
1456331161.0,0696d69c,0.959
1456331161.0,8b0f07ad,0.949
1456331161.0,204c6f01,0.969
1456331161.0,a83de21c,0.929
1456331161.0,3796fed2,0.959
1456331161.0,bb738427,0.949
1456331161.0,3dceca88,0.979
1456331161.0,fea3781d,0.939
1456331161.0,507cdfac,0.939
1456331161.0,35305598,0.929
1456331161.0,193a59df,0.939
1456331161.0,2ffbebf3,0.939
1456331161.0,5bcbe59f,0.939
1456331161.0,ca13e033,0.909
1456331161.0,894d4a6d,0.929
1456331161.0,5ca2e06e,0.929
1456331161.0,fc85f4ab,0.939
1456331161.0,d15d1648,0.949
1456331161.0,b553e369,0.949
1456331161.0,5a88efab,0.909
1456331161.0,15d15c6f,0.939
1456331161.0,40eead28,0.949
1456331161.0,71ac0ba6,0.929
1456331161.0,29bd5a9a,0.929
1456331161.0,8cf36275,0.969
1456331161.0,c0b30328,0.959
1456331161.0,1a704d84,0.929
1456331161.0,348f6171,0.959
1456331161.0,90df0b88,0.939
1456331161.0,ce0ea4c3,0.949
1456331161.0,96f06602,0.969
1456331161.0,b1274f69,0.945
1456331161.0,54b567d4,0.939
1456331161.0,e0fd14c5,0.929
1456331161.0,b71681a4,0.969
1456331161.0,332fe278,0.949
1456331161.0,61d59ee9,0.959
1456331161.0,1660ed2f,0.959
1456331161.0,504da010,0.949
1456331161.0,aea5cec0,0.929
1456331161.0,edf38f90,0.979
1456331161.0,7a876cfb,0.949
1456331161.0,c89b1391,0.969
1456331161.0,ff5d1617,0.939
1456331161.0,c8c94822,0.939
1456331161.0,7c4e6cc9,0.929
1456331161.0,f2d1f1fa,0.909
1456331161.0,e4f7133f,0.929
1456331161.0,2af5e84b,0.919
1456331161.0,a82492d6,0.959
1456331161.0,72615718,0.919
1456331161.0,0ecf4b78,0.949
1456331161.0,e206c1b6,0.939
1456331161.0,eb0ad874,0.899
1456331161.0,8f280c89,0.919
1456331161.0,637e523f,0.909
1456331161.0,613352d7,0.929
1456331161.0,350879b3,0.939
1456331161.0,4a9d5885,0.929
1456331161.0,efd0b72b,0.949
1456331161.0,78c97f05,0.949
1456331161.0,8a440ea4,0.959
1456331161.0,4370ed3a,0.929
1456331161.0,75341878,0.929
1456331161.0,865c84ca,0.999
1456331161.0,,0.959
1456331161.0,30007963,0.899
1456331161.0,8de146cf,0.949
1456331161.0,d4936377,0.929
1456331161.0,794a868c,0.949
1456331161.0,2d02e703,0.949
1456331161.0,1c79df7a,0.919
1456331161.0,d2e86e86,0.979
1456331161.0,551bcdc0,0.979
1456331161.0,0b15fb2a,0.939
1456331161.0,1055fb12,0.919
1456331161.0,,0.939
1456331161.0,444273fb,0.949
1456331161.0,7de5339f,0.959
1456331161.0,bfb7a4d6,0.949
1456331161.0,9ef0d290,0.979
1456331161.0,623aaf90,0.959
1456331161.0,34f054d7,0.949
1456331161.0,56d1fe2a,0.939
1456331161.0,fee45b54,0.939
1456331161.0,cac2d933,0.939
1456331161.0,91013e76,0.959
1456331161.0,17bc7e07,0.929
1456331161.0,2606727d,0.929
1456331161.0,d4310eb6,0.929
1456331161.0,2dff1380,0.949
1456331161.0,1d5b89e9,0.929
1456331161.0,9e5a10db,0.949
1456331161.0,6bbc54b6,0.969
1456331161.0,a162b47e,0.929
1456331161.0,79eb6d1c,0.939
1456331161.0,ee4163c1,0.919
1456331161.0,29c7431a,0.949
1456331161.0,dae657d5,0.999
1456331161.0,e1aebaad,0.899
1456331161.0,179380b8,0.929
1456331161.0,b145875f,0.954
1456331161.0,ec81af8f,0.949
1456331161.0,5282e595,0.969
1456331161.0,bf7ae178,0.939
1456331161.0,d15d75b3,0.979
1456331161.0,c2bf8f60,0.929
1456331161.0,e6ebe240,0.919
1456331161.0,95df3aa8,0.939
1456331161.0,5f71144d,0.939
1456331161.0,e181d5d0,0.939
1456331161.0,18547ba1,0.959
1456331161.0,6c2590c1,0.969
1456331161.0,188e69f1,0.949
1456331161.0,1d76bf20,0.929
1456331161.0,1e41b091,0.949
1456331161.0,0e8115b4,0.949
1456331161.0,65600788,0.939
1456331161.0,bc75cb58,0.969
1456331161.0,5c70351c,0.949
1456331161.0,6b72bc31,0.959
1456331161.0,0e568db0,0.979
1456331161.0,f559d01a,0.949
1456331161.0,086d076b,0.959
1456331161.0,5ab833c5,0.959
1456331161.0,b760e17f,0.939
1456331161.0,f7f36fa4,0.959
1456331161.0,ab4da979,0.959
1456331161.0,6cf3fd28,0.949
1456331161.0,0ec80a86,0.929
1456331161.0,b84742db,0.949
1456331161.0,c6b47de7,0.939
1456331161.0,9867054e,0.959
1456331161.0,141f10f0,0.969
1456331161.0,add1235c,1.019
1456331161.0,f6884200,0.939
1456331161.0,,0.979
1456331161.0,186a2106,0.949
1456331161.0,d34a33a0,1.069
1456331161.0,0f24e30a,0.939
1456331161.0,f5000af4,0.929
1456331161.0,94d55606,0.949
1456331161.0,80ba6950,0.939
1456331161.0,7a03b89d,0.949
1456331161.0,101e2d9b,0.959
1456331161.0,714eaded,0.929
1456331161.0,b9c82901,0.949
1456331161.0,47196a5d,1.019
1456331161.0,eabcfe38,0.954
1456331161.0,e6b1064f,0.969
1456331161.0,4dd8d911,0.939
1456331161.0,db29506f,0.959
1456331161.0,36f5bf63,0.929
1456331161.0,8e7cb537,0.979
1456331161.0,3fa62bf3,0.959
1456331161.0,ecf85bf9,0.949
1456331161.0,f29cadc1,0.939
1456331161.0,41d19376,0.949
1456331161.0,c1d8eb68,0.999
1456331161.0,,0.949
1456331161.0,5d25b0e7,0.939
1456331161.0,335765fb,0.959
1456331161.0,1872a79b,0.949
1456331161.0,a630f96a,0.999
1456331161.0,e8770e69,0.979
1456331161.0,bfa3a95a,0.929
1456331161.0,106daba7,0.929
1456331161.0,d076e461,0.969
1456331161.0,cece28cb,0.929
1456331161.0,c5a3cdcb,0.959
1456331161.0,c24a4e37,0.929
1456331161.0,dd7c2cef,0.939
1456331161.0,2237382a,0.959
1456331161.0,8f4c771c,1.029
1456331161.0,f333e2b9,0.919
1456331161.0,a374c73d,0.949
1456331161.0,58a7384f,0.949
1456331161.0,900b80b7,0.949
1456331161.0,e59f20ab,0.949
1456331161.0,e9ef6088,0.959
1456331161.0,4a590311,0.949
1456331161.0,85e1584b,0.949
1456331161.0,3e8e99dc,0.939
1456331161.0,ce6b83b7,0.969
1456331161.0,19631699,0.979
1456331161.0,7f89f971,0.969
1456331161.0,ea971a7b,0.929
1456331161.0,2380bb04,0.969
1456331161.0,fe172e09,0.969
1456331161.0,b6c365a0,0.949
1456331161.0,14a4c386,0.949
1456331161.0,beaffffe,0.989
1456331161.0,7929baa2,0.959
1456331161.0,694cd654,0.939
1456331161.0,2dcd1fcb,0.949
1456331161.0,e6c2b040,0.959
1456331161.0,6db00370,0.949
1456331161.0,ee2ae1a3,0.949
1456331161.0,269a5648,0.969
1456331161.0,41b2d714,0.989
1456331161.0,da3bfceb,0.959
1456331161.0,5e8ffc69,0.949
1456331161.0,6c663a7b,0.999
1456331161.0,9efb9e6b,0.939
1456331161.0,ab899df0,0.999
1456331161.0,9fc9a999,0.979
1456331161.0,18bd42e9,0.969
1456331161.0,da670ade,0.929
1456331161.0,f9fbac11,0.949
1456331161.0,7662cc12,0.959
1456331161.0,5ab36501,0.929
1456331161.0,c5d7d298,0.919
1456331161.0,69e811f1,0.939
1456331161.0,d9686f25,0.939
1456331161.0,18cc7b01,0.929
1456331161.0,3a9a5bc8,0.929
1456331161.0,0a0baf66,0.959
1456331161.0,4b7b3dd3,0.969
1456331161.0,09d5caa7,0.959
1456331161.0,a93262c3,0.929
1456331161.0,0967fa61,0.939
1456331161.0,5afecce4,0.979
1456331161.0,a4338625,0.959
1456331161.0,83d3e011,0.939
1456331161.0,f14d6045,0.969
1456331161.0,aea7ec1f,0.959
1456331161.0,4951f110,0.949
1456331161.0,bfe9ba44,0.969
1456331161.0,d180cfeb,0.929
1456331161.0,705d6b16,0.939
1456331161.0,ec17af21,0.949
1456331161.0,b8fe6383,0.989
1456331161.0,7e8947c2,0.959
1456331161.0,ec60ccb8,0.959
1456331161.0,bae5af8d,0.929
1456331161.0,c43ed044,0.969
1456331161.0,c6f69752,0.929
1456331161.0,b8705ff2,0.929
1456331161.0,dc944647,0.899
1456331161.0,915f4559,0.949
1456331161.0,803beab6,0.939
1456331161.0,939b3a38,0.899
1456331161.0,225eaacb,0.939
1456331161.0,0c74abc4,0.919
1456331161.0,512f32d1,0.929
1456331161.0,17b40c62,0.939
1456331161.0,574656d1,0.939
1456331161.0,0367164b,0.929
1456331161.0,fdcc2a55,0.919
1456331161.0,,0.989
1456331161.0,81db3a9a,0.939
1456331161.0,ce55c12b,0.929
1456331161.0,2ab0fae2,0.959
1456331161.0,f8f516ae,0.979
1456331161.0,a712b6c6,0.939
1456331161.0,469d3f8c,0.959
1456331161.0,dc387962,0.939
1456331161.0,d8382d2b,0.979
1456331161.0,75c71a8b,0.959
1456331161.0,e4ee5ec7,0.929
1456331161.0,9b4458a3,0.949
1456331161.0,888142ae,0.979
1456331161.0,e36e5558,0.939
1456331161.0,c97f1f02,0.919
1456331161.0,3cdb5b8f,0.949
1456331161.0,67c5b01c,0.929
1456331161.0,d8a16c26,0.929
1456331161.0,,0.959
1456331161.0,4eaad293,0.939
1456331161.0,bd9f0dd9,0.969
1456331161.0,10603241,0.949
1456331161.0,f2a2a323,0.939
1456331161.0,eae89db3,0.979
1456331161.0,3645c978,0.939
1456331161.0,cbf2e960,0.969
1456331161.0,af91c953,0.989
1456331161.0,4d67e241,0.939
1456331161.0,142082b9,0.949
1456331161.0,1f59edd4,0.959
1456331161.0,502fb54b,0.949
1456331161.0,61eb5be2,0.929
1456331161.0,72ed613b,0.929
1456331161.0,2f5be2f4,0.969
1456331161.0,b48a36b2,0.949
1456331161.0,7ecce629,0.919
1456331161.0,be7b9424,0.959
1456331161.0,aee35b92,0.909
1456331161.0,5fab2045,0.949
1456331161.0,ee573fd5,0.989
1456331161.0,2a4d5e67,0.949
1456331161.0,c6ad410f,0.939
1456331401.0,1e57f412,1.029
1456331401.0,bba16a90,0.949
1456331401.0,a834fe50,0.939
1456331401.0,f73b3c9f,0.939
1456331401.0,5da50d00,0.939
1456331401.0,0bab7166,0.939
1456331401.0,018fafee,0.939
1456331401.0,c77b8785,0.919
1456331401.0,b45ba0f1,0.939
1456331401.0,5dd70488,0.949
1456331401.0,58dfb803,0.939
1456331401.0,79da1dfc,0.939
1456331401.0,96629300,0.939
1456331401.0,59e24118,0.939
1456331401.0,2fbced23,0.939
1456331401.0,68a4c69f,0.939
1456331401.0,549a242e,0.949
1456331401.0,d52b5e19,0.949
1456331401.0,720d6cbc,0.949
1456331401.0,ac22a573,0.939
1456331401.0,054eaec2,0.939
1456331401.0,b8dfe46d,0.949
1456331401.0,8794cb26,0.949
1456331401.0,4e54ae8f,0.949
1456331401.0,2bd32486,0.969
1456331401.0,3855d1bc,0.949
1456331401.0,42a9168f,0.979
1456331401.0,2b181265,0.949
1456331401.0,cfe72b95,0.959
1456331401.0,ee75d139,0.939
1456331401.0,bf024497,0.979
1456331401.0,e47205b5,0.929
1456331401.0,2b390ecb,0.909
1456331401.0,77a71659,0.999
1456331401.0,4c3e0377,0.959
1456331401.0,1018f316,0.949
1456331401.0,0c39b458,0.929
1456331401.0,4d87940f,0.929
1456331401.0,ea6ba7ed,0.949
1456331401.0,a38344c9,0.919
1456331401.0,2a8702e9,0.919
1456331401.0,e53def27,0.979
1456331401.0,99a73ea1,0.979
1456331401.0,815ef624,0.949
1456331401.0,a300968d,0.969
1456331401.0,3eb1b356,0.939
1456331401.0,30e25cec,0.929
1456331401.0,113d0a42,0.969
1456331401.0,bb0c12d3,0.929
1456331401.0,6949ed4a,0.989
1456331401.0,b5e248eb,0.919
1456331401.0,ad949c4b,0.929
1456331401.0,d2f8a338,0.929
1456331401.0,8f3896e1,0.939
1456331401.0,28f0e708,0.939
1456331401.0,21d78be4,0.949
1456331401.0,ab4700c2,0.939
1456331401.0,9537b003,0.929
1456331401.0,f7345a16,0.969
1456331401.0,80218b02,0.959
1456331401.0,9db07996,0.959
1456331401.0,bd333cd1,0.939
1456331401.0,67642b0d,0.949
1456331401.0,316a2f5b,0.949
1456331401.0,ac1ca792,0.949
1456331401.0,22bd49d5,0.999
1456331401.0,a9b672c3,0.939
1456331401.0,cf72999d,0.939
1456331401.0,3796fed2,0.949
1456331401.0,944eaea5,0.959
1456331401.0,b42f77df,0.929
1456331401.0,9830928e,0.969
1456331401.0,71df72f8,0.919
1456331401.0,5d34075a,0.979
1456331401.0,35305598,0.929
1456331401.0,050d62ae,0.929
1456331401.0,325a3e8f,0.949
1456331401.0,65c13d89,0.919
1456331401.0,4c092b15,0.919
1456331401.0,b24a2efc,0.959
1456331401.0,ba7651f8,0.929
1456331401.0,3ba3d773,0.959
1456331401.0,470345fb,0.969
1456331401.0,c4ac8df0,0.959
1456331401.0,4c7f88c9,0.939
1456331401.0,31923c9d,0.929
1456331401.0,b840a41d,0.959
1456331401.0,edf38f90,0.959
1456331401.0,b347d1b0,0.949
1456331401.0,7e3542f5,0.949
1456331401.0,04ca4472,0.949
1456331401.0,,0.949
1456331401.0,66da4817,0.979
1456331401.0,62f01f83,0.939
1456331401.0,81fb03d2,0.909
1456331401.0,99bcd97c,0.909
1456331401.0,b6774f71,0.939
1456331401.0,5970db62,0.919
1456331401.0,5165f4e5,0.939
1456331401.0,138b43bf,0.959
1456331401.0,5001b72b,0.929
1456331401.0,f435573a,0.959
1456331401.0,fabaa853,0.949
1456331401.0,e335e0bc,0.979
1456331401.0,88b90de7,0.949
1456331401.0,ebef875b,0.949
1456331401.0,3c3f5bfb,0.939
1456331401.0,5d73d979,0.919
1456331401.0,522b4780,0.949
1456331401.0,b1ca0ed3,0.939
1456331401.0,7c1d5106,0.979
1456331401.0,953976b2,0.959
1456331401.0,f847749e,0.939
1456331401.0,18dbb515,0.939
1456331401.0,39fe3076,0.969
1456331401.0,d05c205a,0.939
1456331401.0,26613c3a,0.959
1456331401.0,a470ddc2,0.939
1456331401.0,152f198a,0.979
1456331401.0,48ebcec1,0.959
1456331401.0,0f574058,0.939
1456331401.0,3c525f19,0.959
1456331401.0,1df8493a,0.979
1456331401.0,57a33e46,0.939
1456331401.0,612d4614,0.929
1456331401.0,,0.959
1456331401.0,77c875bb,0.969
1456331401.0,5c3d3863,0.979
1456331401.0,016f3133,0.919
1456331401.0,ae8b60e9,0.959
1456331401.0,c1dfd045,0.949
1456331401.0,4ff9d49d,0.979
1456331401.0,26d674df,0.929
1456331401.0,5951b044,0.949
1456331401.0,76ee34f4,0.929
1456331401.0,e57be742,0.949
1456331401.0,887915b9,0.939
1456331401.0,93a15b8e,0.959
1456331401.0,dc06e82c,0.939
1456331401.0,3f2e3b3e,0.949
1456331401.0,8e25d9aa,0.949
1456331401.0,6a2bab6d,0.959
1456331401.0,bc58fcd6,0.959
1456331401.0,6b72bc31,0.959
1456331401.0,acd5644c,0.919
1456331401.0,c97cc7c4,0.979
1456331401.0,67f771de,0.979
1456331401.0,86f2d661,0.959
1456331401.0,22c97836,0.959
1456331401.0,8025debd,0.959
1456331401.0,72fbc81a,0.959
1456331401.0,180c401e,0.949
1456331401.0,ec19c93a,0.979
1456331401.0,e30bdaa0,0.999
1456331401.0,d8b005cb,0.929
1456331401.0,3920b5a4,0.969
1456331401.0,6282bbac,0.959
1456331401.0,23542a3f,0.949
1456331401.0,a1c3be4b,0.939
1456331401.0,4b75217a,0.949
1456331401.0,73816646,0.929
1456331401.0,49cc8698,0.939
1456331401.0,150a8031,0.939
1456331401.0,b096f1e2,0.919
1456331401.0,432fc77d,0.959
1456331401.0,75244431,0.949
1456331401.0,a59df71b,0.959
1456331401.0,ab01842d,0.959
1456331401.0,756b37e6,0.929
1456331401.0,e80747bb,0.949
1456331401.0,edb096b5,0.979
1456331401.0,1947b494,0.939
1456331401.0,0c3d5570,0.949
1456331401.0,61ebbc40,0.909
1456331401.0,4dd8d911,0.939
1456331401.0,d950f36c,0.989
1456331401.0,6000fe5e,0.929
1456331401.0,15b3db43,0.949
1456331401.0,ee9b9dc5,0.969
1456331401.0,28367cbd,0.979
1456331401.0,c53a45b7,0.979
1456331401.0,c8b41091,0.929
1456331401.0,c704c346,0.959
1456331401.0,72d26b77,0.939
1456331401.0,70879f72,0.959
1456331401.0,2237382a,0.959
1456331401.0,a83f530e,0.949
1456331401.0,3c909df8,0.939
1456331401.0,9ec0aefd,0.969
1456331401.0,4a4627da,0.929
1456331401.0,69f7d4d7,0.939
1456331401.0,db7cca98,0.929
1456331401.0,b1184001,0.949
1456331401.0,a88bbc75,0.919
1456331401.0,3fdc528a,0.969
1456331401.0,a12b880b,0.939
1456331401.0,a9f47df0,0.989
1456331401.0,ed996a11,0.959
1456331401.0,a601b597,0.979
1456331401.0,004c0eac,0.959
1456331401.0,9499ceea,0.969
1456331401.0,672e6c5e,0.989
1456331401.0,6f79337c,0.959
1456331401.0,b2c4b0c2,0.949
1456331401.0,6770a660,0.939
1456331401.0,62704b8a,0.949
1456331401.0,a3f28e84,0.939
1456331401.0,1a839c73,0.929
1456331401.0,b6c365a0,0.949
1456331401.0,0dbe7cbf,0.939
1456331401.0,1170df4a,0.929
1456331401.0,,0.969
1456331401.0,74bb761d,0.969
1456331401.0,beab9b84,0.979
1456331401.0,c4088196,0.949
1456331401.0,44aa767f,0.959
1456331401.0,0b0f2129,0.919
1456331401.0,89911292,0.949
1456331401.0,4046803d,0.929
1456331401.0,83fa6876,0.939
1456331401.0,0bffb72e,0.929
1456331401.0,d8032a5b,0.939
1456331401.0,afd35ba0,0.899
1456331401.0,e89c4d58,0.929
1456331401.0,c7f22027,0.969
1456331401.0,0fb24e7d,0.959
1456331401.0,166ca755,0.959
1456331401.0,87245b5d,0.939
1456331401.0,aa01c225,0.959
1456331401.0,33f25c75,0.949
1456331401.0,b893996a,0.939
1456331401.0,63a9da40,0.939
1456331401.0,95bbbe2f,0.959
1456331401.0,a7eeba86,0.939
1456331401.0,,0.909
1456331401.0,d5c78a9b,0.939
1456331401.0,1f9d1ea6,0.959
1456331401.0,30f8c62f,0.969
1456331401.0,398b6ec7,0.959
1456331401.0,d54e3a6e,0.919
1456331401.0,83a4c48e,0.939
1456331401.0,c6f69752,0.929
1456331401.0,f856d6e0,0.929
1456331401.0,abc596af,0.929
1456331401.0,8d30c99a,0.929
1456331401.0,1edd50b1,0.949
1456331401.0,114606f9,0.919
1456331401.0,9aab0c6c,0.929
1456331401.0,ed826035,0.949
1456331401.0,81db3a9a,0.939
1456331401.0,56d52752,0.939
1456331401.0,e9aeb918,0.949
1456331401.0,add88990,0.979
1456331401.0,78f2b451,0.959
1456331401.0,5054e21e,0.939
1456331401.0,768d2bfe,0.949
1456331401.0,6c9830ee,0.939
1456331401.0,41bdb6f9,0.908
1456331401.0,d587eb93,0.969
1456331401.0,1f6c44dc,0.979
1456331401.0,d8382d2b,0.979
1456331401.0,beef4f02,0.969
1456331401.0,741c727e,0.949
1456331401.0,46379d52,0.924
1456331401.0,e1dcdd8e,0.949
1456331401.0,7cb03693,0.949
1456331401.0,c7df12d5,0.969
1456331401.0,e523456f,0.939
1456331401.0,e4f15ee0,0.969
1456331401.0,30e60f32,0.949
1456331401.0,65ab6225,0.959
1456331401.0,12812efd,0.919
1456331401.0,19c8f617,0.959
1456331401.0,e9b61dbc,0.949
1456331401.0,3645c978,0.939
1456331401.0,495cdb73,0.949
1456331401.0,6334f8a6,0.939
1456331401.0,b2590879,0.959
1456331401.0,98b24e11,0.969
1456331401.0,adaeaab7,0.959
1456331401.0,ecaab335,0.949
1456331401.0,def62512,0.989
1456331401.0,610132a0,0.969
1456331401.0,fed9f427,0.949
1456331401.0,53216105,0.929
1456331401.0,a8f9e25b,0.984
1456331401.0,70f30d88,0.939
1456331401.0,cd52f1cb,0.959
1456331401.0,53282654,0.949
1456331641.0,a6389424,0.949
1456331641.0,de99c5f4,0.929
1456331641.0,b8c5de33,0.929
1456331641.0,6474f616,0.929
1456331641.0,bebb6d12,0.929
1456331641.0,1962a412,0.909
1456331641.0,6853fb18,0.929
1456331641.0,82e05795,0.939
1456331641.0,ee0b813f,0.919
1456331641.0,721139ba,0.979
1456331641.0,2a879abf,0.929
1456331641.0,5ff2f593,0.969
1456331641.0,bfcfe44e,0.929
1456331641.0,bc572eb7,0.949
1456331641.0,60ce8dc7,0.989
1456331641.0,caf99587,0.989
1456331641.0,0934ee5b,0.989
1456331641.0,42b1b318,0.979
1456331641.0,271e2be1,0.959
1456331641.0,23090d56,0.959
1456331641.0,cb7b59b6,0.949
1456331641.0,85d0e643,0.939
1456331641.0,c3a73e2d,0.949
1456331641.0,7a5a5f94,0.969
1456331641.0,8b42f488,0.959
1456331641.0,824f7fcf,0.909
1456331641.0,6473e25b,0.959
1456331641.0,9a52a6cd,0.939
1456331641.0,be6a8603,0.959
1456331641.0,557d2fc5,0.939
1456331641.0,0ff209cc,0.959
1456331641.0,53db0fe7,0.949
1456331641.0,d55bad5b,0.929
1456331641.0,0943a46e,0.929
1456331641.0,bb7a74ed,0.969
1456331641.0,6b162563,0.949
1456331641.0,39852f86,0.929
1456331641.0,86a500f1,0.939
1456331641.0,c56f813d,0.949
1456331641.0,3b11c17c,0.969
1456331641.0,aa9c4d31,0.919
1456331641.0,8bb9b028,0.909
1456331641.0,3fc9a04c,0.899
1456331641.0,2680f30f,0.959
1456331641.0,9cad2f94,0.959
1456331641.0,c5cb9d46,0.949
1456331641.0,55c76ce6,0.969
1456331641.0,2d3bede8,0.949
1456331641.0,e827975b,0.929
1456331641.0,fb81e05e,0.959
1456331641.0,1829c766,0.939
1456331641.0,5c2d9a2c,0.989
1456331641.0,e73846ae,0.934
1456331641.0,0eb21c86,0.959
1456331641.0,d95bf294,0.949
1456331641.0,ea882fb1,0.969
1456331641.0,4397d974,0.949
1456331641.0,27e6396b,0.924
1456331641.0,,0.949
1456331641.0,ce063fd7,0.949
1456331641.0,7d7180f2,0.969
1456331641.0,517a6ad7,0.989
1456331641.0,a280c8ce,0.939
1456331641.0,980d97ef,0.919
1456331641.0,817bcf9d,0.959
1456331641.0,37b3aafc,0.969
1456331641.0,dcb4f731,0.939
1456331641.0,3a85d29b,0.959
1456331641.0,c198217b,0.949
1456331641.0,91d2ac21,0.924
1456331641.0,cc9e6849,0.959
1456331641.0,d0cff5c1,0.969
1456331641.0,55bdc634,0.979
1456331641.0,0567b4b5,0.969
1456331641.0,a3a74fcc,0.989
1456331641.0,ce204e86,0.949
1456331641.0,d10538bd,0.949
1456331641.0,f9dd3c36,0.989
1456331641.0,966a7f4d,0.959
1456331641.0,b69db0fc,0.979
1456331641.0,fdef9afa,0.959
1456331641.0,c89e4e5e,0.959
1456331641.0,c219585c,0.989
1456331641.0,,0.959
1456331641.0,53b427ae,0.949
1456331641.0,916aaf2f,0.949
1456331641.0,2ffbebf3,0.924
1456331641.0,e7ea0c12,0.949
1456331641.0,e71e186f,0.939
1456331641.0,ac995a23,0.949
1456331641.0,ad129baa,0.929
1456331641.0,ca6cf07d,0.949
1456331641.0,8c19e662,0.929
1456331641.0,bb03f594,0.949
1456331641.0,5bec6b46,0.949
1456331641.0,dd14d9c0,0.959
1456331641.0,83cc51b1,0.939
1456331641.0,3ba3d773,0.929
1456331641.0,2c52792d,0.969
1456331641.0,7fc3def3,0.949
1456331641.0,43e3c3da,0.949
1456331641.0,,0.929
1456331641.0,4d7d95fb,0.949
1456331641.0,8737cde9,0.969
1456331641.0,2d9b1245,0.969
1456331641.0,48abfcff,0.919
1456331641.0,6ebcf0bd,0.919
1456331641.0,c1d6b449,0.949
1456331641.0,fe2084ca,0.929
1456331641.0,9a1d105d,0.939
1456331641.0,9e334e1e,0.969
1456331641.0,42863645,0.979
1456331641.0,8700c374,0.939
1456331641.0,073b7de4,0.959
1456331641.0,d225b33f,0.949
1456331641.0,469f3690,0.949
1456331641.0,b6a47707,0.969
1456331641.0,2cd4012d,0.929
1456331641.0,9b66ed80,0.929
1456331641.0,79f785eb,0.949
1456331641.0,15200152,0.899
1456331641.0,a0f09d1a,0.959
1456331641.0,82c7766b,0.929
1456331641.0,878b98a2,0.919
1456331641.0,d921f4ce,0.919
1456331641.0,1dfe7e94,0.939
1456331641.0,a8c6b173,0.939
1456331641.0,de0b1b58,0.929
1456331641.0,f54d187e,0.939
1456331641.0,a314e8b8,0.969
1456331641.0,05ab806f,0.939
1456331641.0,82d0b907,0.929
1456331641.0,49f4ee4f,0.959
1456331641.0,855563c1,0.929
1456331641.0,603e075c,0.939
1456331641.0,99079efc,0.949
1456331641.0,a5b19cba,0.929
1456331641.0,aa86d47e,0.949
1456331641.0,216f2e30,0.959
1456331641.0,bb827240,0.939
1456331641.0,d6fc46e5,0.929
1456331641.0,054077ee,0.929
1456331641.0,619a79d6,0.949
1456331641.0,0b4a5e48,0.929
1456331641.0,a89295ed,0.939
1456331641.0,c1342b0e,0.939
1456331641.0,70ab0b09,0.919
1456331641.0,5dbe10ef,0.919
1456331641.0,a099cd62,0.939
1456331641.0,c1d8560d,0.939
1456331641.0,9dfbd4dd,0.939
1456331641.0,8b5242d3,0.929
1456331641.0,e53c0a3d,0.919
1456331641.0,1ea1e147,0.969
1456331641.0,7d24179d,0.949
1456331641.0,cb7fae49,0.919
1456331641.0,9ecc2084,0.929
1456331641.0,efe3611d,0.929
1456331641.0,fd9b3ee5,0.939
1456331641.0,decc5fc7,0.919
1456331641.0,e9e141d7,0.939
1456331641.0,801ccbc6,0.949
1456331641.0,e4070c0e,0.919
1456331641.0,85f12dca,0.919
1456331641.0,eb783f5d,0.939
1456331641.0,94a8272b,0.959
1456331641.0,413f1831,0.939
1456331641.0,f435573a,0.949
1456331641.0,0c514e6f,0.929
1456331641.0,91f0a0fd,0.919
1456331641.0,d326a791,0.929
1456331641.0,aa9b2273,0.909
1456331641.0,29b24eee,0.939
1456331641.0,b387d3fa,0.939
1456331641.0,851acde1,0.949
1456331641.0,5486cb1a,0.959
1456331641.0,2721f198,0.949
1456331641.0,bef54869,0.939
1456331641.0,31063bb4,0.949
1456331641.0,d6db948e,0.959
1456331641.0,0543d2e4,0.959
1456331641.0,9a4aa177,0.949
1456331641.0,0395f025,0.949
1456331641.0,0bc9e7ef,0.919
1456331641.0,2ebb5677,0.929
1456331641.0,0d721874,0.949
1456331641.0,e274299b,0.959
1456331641.0,486e56d0,0.899
1456331641.0,9707b24c,0.939
1456331641.0,44984473,0.919
1456331641.0,81e0ef7b,0.929
1456331641.0,9cda0ed4,0.969
1456331641.0,a97b419d,0.939
1456331641.0,3c2da6fc,0.939
1456331641.0,2f32ed4f,0.949
1456331641.0,cd36fb24,0.949
1456331641.0,bd5e0804,0.929
1456331641.0,85edb580,0.949
1456331641.0,f91caef6,0.929
1456331641.0,5e1008fc,0.989
1456331641.0,90bdfe5b,0.929
1456331641.0,db1ffa50,0.939
1456331641.0,4ea58ef3,0.909
1456331641.0,328b1075,0.919
1456331641.0,54c2232b,1.029
1456331641.0,df9cde99,0.959
1456331641.0,452d82ab,0.959
1456331641.0,3a67bc28,0.959
1456331641.0,c26a49db,0.959
1456331641.0,8d270840,0.959
1456331641.0,65aa334d,0.949
1456331641.0,20dcb5cd,0.949
1456331641.0,d19b61da,0.929
1456331641.0,c5f7c662,0.899
1456331641.0,1b359e8d,0.929
1456331641.0,c390d56a,0.959
1456331641.0,c33ca0b5,0.949
1456331641.0,d34ed29d,0.939
1456331641.0,14253da3,0.979
1456331641.0,1d2442f5,0.939
1456331641.0,3680125e,0.939
1456331641.0,0c12a1f2,0.979
1456331641.0,68af1b90,0.918
1456331641.0,f507ce06,0.989
1456331641.0,69539d07,0.919
1456331641.0,38b9ab66,1.039
1456331641.0,0243f1d9,0.949
1456331641.0,997de382,0.959
1456331641.0,9a2da055,0.929
1456331641.0,36da90c6,0.939
1456331641.0,307b02ce,0.939
1456331641.0,b9c81e2e,0.959
1456331641.0,3bfabc79,0.969
1456331641.0,5f962ce2,0.969
1456331641.0,669b7d94,0.949
1456331641.0,1d287189,0.949
1456331641.0,6f5e3368,0.959
1456331641.0,451aaf71,0.959
1456331641.0,c8767aa3,0.929
1456331641.0,9bccabe6,0.929
1456331641.0,13f73565,0.959
1456331641.0,72ecbc2d,0.949
1456331641.0,4cd127d6,0.959
1456331641.0,f44b6301,0.959
1456331641.0,f1f7ae62,0.924
1456331641.0,8149fe8b,0.969
1456331641.0,d0fb35a1,0.949
1456331641.0,da4f51da,0.979
1456331641.0,e3a6c1d2,0.919
1456331641.0,c79adad0,0.919
1456331641.0,82dfbbfb,0.959
1456331641.0,827fe9cd,0.929
1456331641.0,fd278e66,0.929
1456331641.0,76f75d37,0.959
1456331641.0,86ca3bf1,0.949
1456331641.0,8e214251,0.909
1456331641.0,531354ab,0.949
1456331641.0,179ba00b,0.949
1456331641.0,04543b56,0.939
1456331641.0,5709c9ed,0.929
1456331641.0,437a065e,0.939
1456331641.0,9f41a7c7,0.939
1456331641.0,1b1894a9,0.959
1456331641.0,0e31f374,0.949
1456331641.0,caa3866b,0.929
1456331641.0,f8627d5e,0.939
1456331641.0,c46c7e06,0.939
1456331641.0,f2063592,0.949
1456331641.0,d881269d,0.959
1456331641.0,5ed50ecc,0.909
1456331641.0,aad3e88a,0.949
1456331641.0,4986d1aa,0.959
1456331641.0,2601854e,0.929
1456331641.0,f5684ccb,0.949
1456331641.0,bc55dda5,0.939
1456331641.0,c096f63b,0.899
1456331641.0,d6831509,0.939
1456331641.0,7163665c,0.969
1456331641.0,95ff6d3a,0.928
1456331641.0,9bcbbbc7,0.959
1456331641.0,1c087491,0.919
1456331641.0,ffacc137,0.939
1456331641.0,69f7d4d7,0.939
1456331641.0,358bf5e4,0.949
1456331641.0,a54d4e57,0.959
1456331641.0,937baa0c,0.939
1456331641.0,747d5419,0.959
1456331641.0,f3b12324,0.949
1456331641.0,01a2d8cf,0.959
1456331641.0,b6aadfa1,0.969
1456331641.0,987496d6,0.969
1456331641.0,10adc414,0.969
1456331641.0,00496bce,0.899
1456331641.0,161cb545,0.959
1456331641.0,4ffb64c8,0.969
1456331641.0,bec87d80,0.949
1456331641.0,a0bc57ce,0.949
1456331641.0,506ea768,0.949
1456331641.0,8536a14e,0.929
1456331641.0,a952ede9,0.949
1456331641.0,36849264,0.929
1456331641.0,1ff0ade7,0.948
1456331641.0,e52d40e7,0.949
1456331641.0,8c5eeeac,0.969
1456331641.0,009091bb,0.929
1456331641.0,31de5758,0.979
1456331641.0,0ccf9d49,0.919
1456331641.0,,0.969
1456331641.0,29f85de3,0.959
1456331641.0,3a1e42ab,0.959
1456331641.0,df543f1f,0.929
1456331641.0,e8b2cb64,0.919
1456331641.0,d1ff19d3,0.949
1456331641.0,49ea8294,0.949
1456331641.0,b44da49f,0.959
1456331641.0,f73244c0,0.929
1456331641.0,2771cba6,0.929
1456331641.0,bce0d2a3,0.979
1456331641.0,7b17379c,0.959
1456331641.0,3365e596,0.969
1456331641.0,4d8ede53,0.929
1456331641.0,c3bfe078,0.939
1456331641.0,0a48df72,0.969
1456331641.0,4adf0991,0.949
1456331641.0,5bf41255,0.939
1456331641.0,d853e5e4,0.919
1456331641.0,2f6edad9,0.989
1456331641.0,fffcb866,0.939
1456331641.0,0ad7f620,0.969
1456331641.0,cbac7081,0.939
1456331641.0,f02aba4d,0.919
1456331641.0,8f62454a,0.939
1456331641.0,b9cdf061,0.979
1456331641.0,aef9c468,0.999
1456331641.0,65a0b74e,0.929
1456331641.0,27347aed,0.959
1456331641.0,0be30200,0.959
1456331641.0,788d83d5,0.969
1456331641.0,8f767099,0.949
1456331641.0,62bd758c,0.929
1456331641.0,539144f8,0.949
1456331641.0,68f71b6d,0.979
1456331641.0,eb179375,0.959
1456331641.0,cf017ad5,0.919
1456331641.0,0c1688de,0.929
1456331641.0,069afd75,0.939
1456331641.0,b870f094,0.959
1456331641.0,32a9a0e5,0.919
1456331641.0,be63db8b,0.949
1456331641.0,724b8382,0.949
1456331641.0,cca094f8,0.929
1456331641.0,f720cc81,0.919
1456331641.0,13f4ef46,0.909
1456331641.0,94c0e547,0.939
1456331641.0,1edd50b1,0.949
1456331641.0,114606f9,0.909
1456331641.0,16fa63dc,0.929
1456331641.0,ead165dc,0.979
1456331641.0,c2725526,0.939
1456331641.0,66651818,0.939
1456331641.0,46cbebe3,0.959
1456331641.0,22491a38,0.929
1456331641.0,4c13609c,0.969
1456331641.0,b5897439,0.929
1456331641.0,e2a5f261,0.949
1456331641.0,4349fbc3,0.969
1456331641.0,dcf18486,0.969
1456331641.0,72933f5e,0.919
1456331641.0,38140856,0.939
1456331641.0,18e5d4af,0.959
1456331641.0,2fc85e52,0.949
1456331641.0,8577f793,0.919
1456331641.0,9a883b4c,0.939
1456331641.0,01a1e47b,0.959
1456331641.0,cd7095cd,0.959
1456331641.0,2ab4115c,0.959
1456331641.0,f2e88219,0.949
1456331641.0,d77409e0,0.959
1456331641.0,ed7d2122,1.009
1456331641.0,44f943cf,0.979
1456331641.0,974de11a,0.939
1456331641.0,8fc52727,0.919
1456331641.0,68bce29e,0.989
1456331641.0,20e6ebec,0.959
1456331641.0,ecaab335,0.939
1456331641.0,610132a0,0.969
1456331641.0,64e7e37c,0.929
1456331641.0,03c6addd,0.949
1456331641.0,7680fb35,0.929
1456331641.0,9f9d06bd,0.954
1456331641.0,ac7163ca,0.939
1456331641.0,7269da44,0.949
1456331641.0,355f04dc,0.909
1456331641.0,53282654,0.939
1456331641.0,d411def2,0.969
1456331881.0,e1a9f11a,0.979
1456331881.0,cd0a3f67,0.919
1456331881.0,f000c864,0.959
1456331881.0,363ab0d1,0.919
1456331881.0,ec0fb2ce,0.939
1456331881.0,588ff3f2,0.929
1456331881.0,fd7494bd,0.929
1456331881.0,9e33ac5a,0.919
1456331881.0,312353ed,0.939
1456331881.0,fb0b1dcf,0.929
1456331881.0,cdf67cac,0.919
1456331881.0,e54743a0,0.929
1456331881.0,38ac63b8,0.959
1456331881.0,35fd3576,0.929
1456331881.0,655c4244,0.919
1456331881.0,83cf7d34,0.929
1456331881.0,c0bff642,0.919
1456331881.0,412fc646,0.929
1456331881.0,beb3b49b,0.909
1456331881.0,5b11b517,0.939
1456331881.0,7571a6bb,0.969
1456331881.0,b6364ec3,0.929
1456331881.0,b8ddb5a8,0.919
1456331881.0,bc11a9fb,0.929
1456331881.0,4c77ea18,0.959
1456331881.0,2239a830,0.979
1456331881.0,c0f22ef5,0.919
1456331881.0,7473e055,0.929
1456331881.0,14033ffb,0.949
1456331881.0,fc64f929,0.939
1456331881.0,054eaec2,0.939
1456331881.0,04fe94aa,0.949
1456331881.0,9f4127f4,0.999
1456331881.0,c3a73e2d,0.939
1456331881.0,ba0bd9d0,0.939
1456331881.0,601bbb50,0.959
1456331881.0,2db0e1c7,0.939
1456331881.0,,0.899
1456331881.0,91632530,0.899
1456331881.0,13ac9af6,0.929
1456331881.0,ffc99986,0.989
1456331881.0,2228d8bc,0.959
1456331881.0,170daeaf,0.969
1456331881.0,d5a86b4b,1.059
1456331881.0,f1736b62,0.919
1456331881.0,7da8091a,0.959
1456331881.0,e790ca88,0.929
1456331881.0,56ce5673,0.969
1456331881.0,2498b287,0.939
1456331881.0,a47c6f9f,0.919
1456331881.0,1f6a05c5,0.939
1456331881.0,7bc75eb5,0.969
1456331881.0,b4c34df5,0.919
1456331881.0,1185b737,0.949
1456331881.0,0db4d96c,0.939
1456331881.0,f1a2379b,0.908
1456331881.0,08f7db25,0.929
1456331881.0,e2266b20,0.959
1456331881.0,1ab747ac,0.939
1456331881.0,365236e8,0.989
1456331881.0,158d42d8,0.949
1456331881.0,bc8423b8,0.969
1456331881.0,c20260d6,0.959
1456331881.0,ac54aab9,0.959
1456331881.0,18ff9945,0.949
1456331881.0,1a20bec9,0.929
1456331881.0,1ad0b27a,0.949
1456331881.0,f868a6b6,0.969
1456331881.0,6148f9f1,0.929
1456331881.0,3a244657,0.949
1456331881.0,e03f4572,0.919
1456331881.0,9a1a2584,0.929
1456331881.0,3df4abe9,0.959
1456331881.0,45752743,0.979
1456331881.0,533ac141,0.949
1456331881.0,9592640d,0.959
1456331881.0,fdce782f,0.959
1456331881.0,06857c62,0.919
1456331881.0,4d1eb476,0.919
1456331881.0,61c0df8b,0.979
1456331881.0,33336ca6,0.949
1456331881.0,3dbf1358,0.979
1456331881.0,70fb38df,0.999
1456331881.0,386d835f,0.979
1456331881.0,f5815103,0.949
1456331881.0,64a911b5,0.929
1456331881.0,c6a133a0,0.939
1456331881.0,8bd77566,0.959
1456331881.0,6cc392bc,1.029
1456331881.0,d911d06c,0.994
1456331881.0,41f0bb18,0.949
1456331881.0,2ebdf5e8,0.959
1456331881.0,c0e39558,0.919
1456331881.0,88ae9f44,0.969
1456331881.0,88113d35,0.949
1456331881.0,17f41d4f,0.929
1456331881.0,d15de565,0.949
1456331881.0,369ee914,0.959
1456331881.0,8b670386,0.979
1456331881.0,130149c2,0.929
1456331881.0,75d484dc,0.919
1456331881.0,4a852856,0.949
1456331881.0,128c4a0e,0.919
1456331881.0,f4af1b17,0.949
1456331881.0,c77e2863,0.959
1456331881.0,e592b5d0,0.929
1456331881.0,f8ebbae1,0.949
1456331881.0,f903d8b7,0.949
1456331881.0,f5d3bc3a,0.939
1456331881.0,93d0d0da,0.929
1456331881.0,e4436253,0.939
1456331881.0,64fe3583,0.949
1456331881.0,8b1e2d4f,1.009
1456331881.0,6df00f1d,0.949
1456331881.0,78e80807,0.959
1456331881.0,e121f3b2,0.959
1456331881.0,6d978c2b,0.949
1456331881.0,575d8182,0.939
1456331881.0,72162ebe,0.949
1456331881.0,cd2e6031,0.969
1456331881.0,c1d6b449,0.939
1456331881.0,3615bb32,0.969
1456331881.0,7f6effac,0.929
1456331881.0,,0.939
1456331881.0,1ba4d2a5,0.929
1456331881.0,e537497e,0.919
1456331881.0,5a3e246d,0.969
1456331881.0,421e1370,0.939
1456331881.0,2f808001,1.099
1456331881.0,7a876cfb,0.939
1456331881.0,72c5857a,0.959
1456331881.0,408faf33,0.949
1456331881.0,,0.909
1456331881.0,6aa8dde2,0.929
1456331881.0,e0862fc2,0.959
1456331881.0,a3ff8022,0.929
1456331881.0,71437915,0.959
1456331881.0,e6ed3bb4,0.939
1456331881.0,c86a322d,0.949
1456331881.0,1da77d0b,0.939
1456331881.0,a82492d6,0.949
1456331881.0,fcd1aad6,0.929
1456331881.0,d78b438e,0.919
1456331881.0,5466334e,0.949
1456331881.0,ef95782d,0.919
1456331881.0,a244f9b0,0.949
1456331881.0,ee24a3c9,0.959
1456331881.0,57610ffb,0.949
1456331881.0,5d8781bf,0.939
1456331881.0,56277da5,0.929
1456331881.0,31063bb4,0.949
1456331881.0,74ebac9f,0.969
1456331881.0,6791f8cd,0.949
1456331881.0,0bb6e251,0.949
1456331881.0,f53c5155,0.989
1456331881.0,491a07d2,0.969
1456331881.0,77793a3e,0.919
1456331881.0,94862ec3,0.949
1456331881.0,d9b08f78,0.949
1456331881.0,e8478f56,0.959
1456331881.0,18dbb515,0.939
1456331881.0,671cf752,0.964
1456331881.0,5288c0b4,0.949
1456331881.0,3b31f64c,0.919
1456331881.0,8c92cd65,0.949
1456331881.0,e8328929,0.949
1456331881.0,4c962a80,0.949
1456331881.0,8c0782e7,0.919
1456331881.0,dca18dd2,0.979
1456331881.0,f8874753,0.959
1456331881.0,4ea58ef3,0.909
1456331881.0,d02c3a0e,0.929
1456331881.0,9d39ae37,0.929
1456331881.0,14e03a1d,0.959
1456331881.0,9720bdd7,0.949
1456331881.0,dbb88534,0.949
1456331881.0,3c525f19,0.959
1456331881.0,6d10aa30,0.959
1456331881.0,a664a217,0.899
1456331881.0,e58aa567,0.979
1456331881.0,76c4a30b,0.929
1456331881.0,ba0a2255,0.969
1456331881.0,,0.939
1456331881.0,6188876b,0.929
1456331881.0,72874a88,0.949
1456331881.0,0a20dd73,0.959
1456331881.0,63505806,0.959
1456331881.0,8b0230d5,0.949
1456331881.0,d85e66c0,0.939
1456331881.0,8a5cd800,0.949
1456331881.0,613ea133,0.979
1456331881.0,51266623,0.959
1456331881.0,d14b5840,0.909
1456331881.0,34df7d57,0.969
1456331881.0,119b03dd,0.939
1456331881.0,544d8f74,0.939
1456331881.0,c1f62db6,0.969
1456331881.0,8e940b00,0.939
1456331881.0,2d4e58b5,0.999
1456331881.0,dc06e82c,0.939
1456331881.0,d83a98ce,0.939
1456331881.0,,0.909
1456331881.0,7e0a1569,0.959
1456331881.0,a59acdf3,0.929
1456331881.0,a472716e,0.989
1456331881.0,ce519ed4,0.939
1456331881.0,477e21c8,0.959
1456331881.0,88348828,0.939
1456331881.0,a5e1310f,0.949
1456331881.0,9136fc55,0.949
1456331881.0,ec19c93a,0.969
1456331881.0,6a5601b8,0.959
1456331881.0,5fd232c2,0.919
1456331881.0,29a14f86,0.959
1456331881.0,78eacf4a,0.949
1456331881.0,91b891b8,0.959
1456331881.0,821f92f0,0.929
1456331881.0,72ecbc2d,0.949
1456331881.0,c08d3d8e,0.919
1456331881.0,8fec22b9,0.969
1456331881.0,410bb594,0.929
1456331881.0,58d274cb,0.939
1456331881.0,dd5107f2,0.939
1456331881.0,3ceb9aae,0.909
1456331881.0,efb43212,0.969
1456331881.0,86fe7e76,0.929
1456331881.0,dd80a4bd,0.939
1456331881.0,3d03dfc6,0.929
1456331881.0,15807244,0.949
1456331881.0,6dc3c176,0.919
1456331881.0,63fe8dd4,0.929
1456331881.0,31b11e9e,0.979
1456331881.0,c4395b95,0.959
1456331881.0,0fc44087,0.949
1456331881.0,66e5052b,0.949
1456331881.0,11ed7bd3,0.969
1456331881.0,9f652a92,0.939
1456331881.0,f6b0098f,0.949
1456331881.0,50b4fb9f,0.959
1456331881.0,ee9b9dc5,0.939
1456331881.0,564ef774,0.929
1456331881.0,0e72a56a,0.949
1456331881.0,a17c7f62,0.929
1456331881.0,aeba37f9,0.919
1456331881.0,528fe9d2,0.989
1456331881.0,fea5f4ce,0.989
1456331881.0,77cb599d,0.889
1456331881.0,4986d1aa,0.949
1456331881.0,bf12232f,0.929
1456331881.0,d00a147b,0.939
1456331881.0,71a34e9b,0.959
1456331881.0,60ca3b5d,0.919
1456331881.0,b46c0713,0.949
1456331881.0,168168ee,0.959
1456331881.0,5daf9270,0.949
1456331881.0,43556abc,0.969
1456331881.0,790c4be8,0.969
1456331881.0,375abe19,0.969
1456331881.0,9c4972e3,0.939
1456331881.0,99d4f63c,0.929
1456331881.0,1259d1b0,0.939
1456331881.0,827dc8bb,0.959
1456331881.0,2d2c8e81,0.969
1456331881.0,19ff993e,0.929
1456331881.0,b6e44119,0.939
1456331881.0,9600cf84,0.949
1456331881.0,38a3a737,0.909
1456331881.0,efda2508,0.939
1456331881.0,551c6932,0.949
1456331881.0,a8a26144,0.959
1456331881.0,1fdc64f7,0.939
1456331881.0,4579a85c,0.959
1456331881.0,9efa2ed6,0.919
1456331881.0,f747cfc3,0.939
1456331881.0,fec0f633,0.944
1456331881.0,180b057d,0.939
1456331881.0,a2d8eda4,0.969
1456331881.0,da37e830,0.929
1456331881.0,976fb373,0.929
1456331881.0,cebd8559,0.959
1456331881.0,7929baa2,0.959
1456331881.0,025d70e0,0.939
1456331881.0,d14573c7,0.929
1456331881.0,9ab966b7,0.969
1456331881.0,bab71d7a,0.959
1456331881.0,30cf0bb4,0.979
1456331881.0,41b2d714,0.989
1456331881.0,bf7f79ce,0.939
1456331881.0,efd124a1,0.949
1456331881.0,6860f6a1,0.899
1456331881.0,ccd903a8,0.929
1456331881.0,c4124a50,0.969
1456331881.0,d5be29d1,0.989
1456331881.0,e657e4ae,0.949
1456331881.0,5d5f21ff,0.999
1456331881.0,63f5a00a,0.949
1456331881.0,e3fcda3f,0.959
1456331881.0,e6cf2bea,0.999
1456331881.0,fa2e9d72,0.959
1456331881.0,f18057cd,0.908
1456331881.0,542fbb56,0.939
1456331881.0,f25ec39b,0.969
1456331881.0,09d5caa7,0.949
1456331881.0,aaba4ebc,0.939
1456331881.0,e1c1cc44,0.929
1456331881.0,923a028b,0.969
1456331881.0,99e2b651,0.959
1456331881.0,2b04db76,0.959
1456331881.0,256e2f5b,0.989
1456331881.0,173bf0b5,0.979
1456331881.0,0da2e486,0.939
1456331881.0,c9564c67,0.989
1456331881.0,3db6506a,0.949
1456331881.0,58c2b34c,0.939
1456331881.0,29d690c6,0.949
1456331881.0,1db152f7,0.939
1456331881.0,d7f9f13e,0.999
1456331881.0,b484fa6e,0.979
1456331881.0,85e6cd0f,0.989
1456331881.0,1054110c,0.914
1456331881.0,ae30d7e3,0.919
1456331881.0,1d6f1deb,0.929
1456331881.0,56ea4a71,0.919
1456331881.0,471da9da,0.939
1456331881.0,981008e5,0.939
1456331881.0,670eaa88,0.939
1456331881.0,1fb16863,0.939
1456331881.0,94c0e547,0.939
1456331881.0,5bf5fced,0.939
1456331881.0,e5b25ce5,0.919
1456331881.0,075d1e16,0.929
1456331881.0,69b6ac4f,0.929
1456331881.0,b661e7f7,0.929
1456331881.0,56d52752,0.939
1456331881.0,7cc832ba,0.919
1456331881.0,85e30d0e,0.939
1456331881.0,5ac69ef8,0.959
1456331881.0,c6b37caf,0.949
1456331881.0,bd27836d,0.959
1456331881.0,69964900,0.959
1456331881.0,9862f34c,0.949
1456331881.0,da1fbd53,0.939
1456331881.0,2a7c4091,0.929
1456331881.0,3168ab53,0.949
1456331881.0,75e0a1f1,0.959
1456331881.0,152f6019,0.929
1456331881.0,47d7ec0a,0.929
1456331881.0,d639792f,0.949
1456331881.0,e54e047f,0.979
1456331881.0,f9f836d8,0.969
1456331881.0,43e34126,0.999
1456331881.0,2b9cc40e,0.959
1456331881.0,702a8264,0.919
1456331881.0,f5d0841a,0.939
1456331881.0,a3a8caec,0.959
1456331881.0,b0043b5a,0.949
1456331881.0,248918d0,0.949
1456331881.0,1d5839f0,0.959
1456331881.0,7b4a45e6,0.919
1456331881.0,2e89adbb,0.949
1456331881.0,5c7976a7,0.989
1456331881.0,610132a0,0.969
1456331881.0,a8f38887,0.949
1456331881.0,68781b4b,0.959
1456331881.0,343e9168,0.944
1456331881.0,2616645b,0.939
1456331881.0,218fd480,0.939
1456331881.0,a59de654,0.939
1456332121.0,9a2cf8fa,0.949
1456332121.0,c58eee91,0.949
1456332121.0,ec0fb2ce,0.939
1456332121.0,312353ed,0.939
1456332121.0,e2851b26,0.929
1456332121.0,e0d2b4fe,0.979
1456332121.0,62b18fb8,0.919
1456332121.0,0e4b0554,0.929
1456332121.0,51296782,0.929
1456332121.0,3c5b5221,0.929
1456332121.0,976e4795,0.969
1456332121.0,6769da06,0.959
1456332121.0,d1cb3372,0.969
1456332121.0,7a8bfc02,0.959
1456332121.0,0fd4a5a3,0.939
1456332121.0,4f0ba2cc,0.979
1456332121.0,adb530b9,0.969
1456332121.0,3693b2a0,0.989
1456332121.0,d93d5579,0.969
1456332121.0,963a5d2e,0.969
1456332121.0,9a8f9943,0.949
1456332121.0,77a337be,0.919
1456332121.0,a72d491e,0.949
1456332121.0,06f5dad2,0.959
1456332121.0,822f88d8,0.949
1456332121.0,d3913b4a,0.979
1456332121.0,b4c34df5,0.919
1456332121.0,e02ad3ff,0.949
1456332121.0,7840ee28,0.929
1456332121.0,55c2b2eb,0.919
1456332121.0,9dff6f12,0.959
1456332121.0,f0e3472f,0.949
1456332121.0,1aa19341,0.999
1456332121.0,6404e77f,0.949
1456332121.0,41618289,0.969
1456332121.0,bdb44643,0.939
1456332121.0,453bb6b1,0.969
1456332121.0,b787856a,0.959
1456332121.0,edd33695,0.919
1456332121.0,9795d6a5,0.929
1456332121.0,936763a8,0.939
1456332121.0,aee6d168,0.989
1456332121.0,062cca99,0.919
1456332121.0,d3c6e8a2,0.939
1456332121.0,7d7180f2,0.969
1456332121.0,517a6ad7,0.979
1456332121.0,eda8c21c,0.939
1456332121.0,da976c9d,0.969
1456332121.0,862dbd5b,0.939
1456332121.0,8eb14afc,0.939
1456332121.0,d8a919a3,0.939
1456332121.0,5110d453,0.979
1456332121.0,92bebd84,0.939
1456332121.0,48a40a0d,0.969
1456332121.0,c7bec506,0.939
1456332121.0,a8085b3d,0.959
1456332121.0,405af975,0.969
1456332121.0,c21cd25b,0.919
1456332121.0,50ccc5eb,0.949
1456332121.0,67642b0d,0.939
1456332121.0,7785d660,0.949
1456332121.0,fea3781d,0.939
1456332121.0,2ec1652c,0.959
1456332121.0,2947866d,0.949
1456332121.0,e3f71be8,0.949
1456332121.0,654abfa9,0.959
1456332121.0,ab3bff5d,1.009
1456332121.0,8c28af86,0.939
1456332121.0,84caa0e5,0.969
1456332121.0,2c52792d,0.929
1456332121.0,64d3fea8,0.939
1456332121.0,693441d5,0.959
1456332121.0,408faf33,0.939
1456332121.0,81510092,0.959
1456332121.0,2cb63a21,0.919
1456332121.0,39c4efe0,0.939
1456332121.0,68e5bc6e,0.919
1456332121.0,c8eaf4a4,0.939
1456332121.0,1ea7ac66,0.959
1456332121.0,0ee3214c,0.949
1456332121.0,7cad2e85,0.949
1456332121.0,c9a19301,0.959
1456332121.0,aa3a4a0b,0.944
1456332121.0,35b3e2a2,0.929
1456332121.0,25c8941f,0.919
1456332121.0,23328c7a,0.959
1456332121.0,dcf12c2f,0.949
1456332121.0,22bf0e3c,0.939
1456332121.0,6a39da51,0.999
1456332121.0,841961d9,0.949
1456332121.0,36ce665f,0.939
1456332121.0,92e96565,0.949
1456332121.0,48d21f5a,0.929
1456332121.0,831f7129,0.959
1456332121.0,be70fae4,0.929
1456332121.0,152f198a,0.959
1456332121.0,c1802a5a,0.939
1456332121.0,5cdcf2a5,0.949
1456332121.0,609d7ab5,0.979
1456332121.0,788b07d6,0.949
1456332121.0,f77487da,0.939
1456332121.0,a41bb594,0.919
1456332121.0,705ebafa,0.959
1456332121.0,d87d8186,0.939
1456332121.0,46691d06,0.969
1456332121.0,877e2550,0.989
1456332121.0,f0ec9164,0.949
1456332121.0,8d66ca64,0.949
1456332121.0,01f8d023,0.969
1456332121.0,d811c7b5,0.959
1456332121.0,994a98f2,0.949
1456332121.0,5bc7d850,0.929
1456332121.0,1e734ea9,0.949
1456332121.0,7fa657a5,0.969
1456332121.0,88a26674,0.939
1456332121.0,6a687cf5,0.949
1456332121.0,0d0f23bd,0.939
1456332121.0,7b0ff594,0.959
1456332121.0,ca4047f3,0.939
1456332121.0,2b03c896,0.939
1456332121.0,f028637b,0.969
1456332121.0,c88d1f3b,0.969
1456332121.0,b212ad4b,0.939
1456332121.0,a74299cc,0.939
1456332121.0,645a5047,0.939
1456332121.0,ebfecca5,0.909
1456332121.0,5fc08dd5,0.949
1456332121.0,d2b45043,0.949
1456332121.0,ff19a228,0.959
1456332121.0,1a3b21e0,0.959
1456332121.0,6d20a7b6,0.949
1456332121.0,5180eda7,0.999
1456332121.0,2703d1c4,0.959
1456332121.0,72d303e8,0.949
1456332121.0,8b6fe7ae,0.959
1456332121.0,96854150,0.959
1456332121.0,bf425f54,0.919
1456332121.0,32073d45,0.969
1456332121.0,,0.929
1456332121.0,570b52de,0.959
1456332121.0,840368fb,0.929
1456332121.0,bc0ec46f,0.949
1456332121.0,f9512832,0.939
1456332121.0,fec908f7,0.949
1456332121.0,01fb21d8,0.989
1456332121.0,d5a11ce9,0.969
1456332121.0,fdc55c51,0.949
1456332121.0,0ed46e0c,0.919
1456332121.0,8cba3640,0.969
1456332121.0,c4395b95,0.959
1456332121.0,d4a3f247,0.949
1456332121.0,1708f0d6,0.929
1456332121.0,cec51495,0.919
1456332121.0,c580e761,0.919
1456332121.0,2f02de37,0.959
1456332121.0,e6b1064f,0.969
1456332121.0,b4f10cda,0.939
1456332121.0,9010dbc0,0.949
1456332121.0,c48de424,0.919
1456332121.0,bacddc78,0.939
1456332121.0,2eeb1496,0.949
1456332121.0,3eb0f854,0.939
1456332121.0,02239e4c,0.959
1456332121.0,5a77d43f,0.929
1456332121.0,c12b33f3,0.949
1456332121.0,689f962f,0.959
1456332121.0,b46c0713,0.949
1456332121.0,5083e533,0.939
1456332121.0,155982b5,0.969
1456332121.0,524ca315,0.939
1456332121.0,8d710f46,0.959
1456332121.0,c94456d2,0.929
1456332121.0,70a1919d,0.959
1456332121.0,8b2f9092,0.969
1456332121.0,e9b0a748,0.959
1456332121.0,358a1773,0.949
1456332121.0,5fd380ef,0.969
1456332121.0,f06e40a6,0.929
1456332121.0,ec2d78c3,0.939
1456332121.0,c495260b,0.919
1456332121.0,a88bbc75,0.919
1456332121.0,f29f4dbd,0.949
1456332121.0,1e348fb0,0.939
1456332121.0,dc6e88b0,0.969
1456332121.0,02202a18,0.929
1456332121.0,3501927a,0.969
1456332121.0,e9ef6088,0.959
1456332121.0,5553d199,0.939
1456332121.0,98d977cb,0.979
1456332121.0,6e9e301f,0.949
1456332121.0,c6a933fe,0.959
1456332121.0,714dc178,0.959
1456332121.0,921192f1,0.929
1456332121.0,bd3a11a3,0.959
1456332121.0,8c225212,0.989
1456332121.0,ffce6baf,0.949
1456332121.0,2e64cc2e,0.979
1456332121.0,a459b6b0,0.949
1456332121.0,963911cc,0.939
1456332121.0,a518cf5f,0.939
1456332121.0,dc76e214,0.949
1456332121.0,6338dd07,0.989
1456332121.0,19feb15d,0.979
1456332121.0,0d6425bc,0.939
1456332121.0,4e694e7a,0.939
1456332121.0,c09f1e3e,0.979
1456332121.0,03325fa4,0.929
1456332121.0,0a356552,0.949
1456332121.0,9a0a078c,0.918
1456332121.0,7b5f8374,0.949
1456332121.0,c0fe2d57,0.929
1456332121.0,333d1cac,0.959
1456332121.0,a9b4d8a2,0.939
1456332121.0,c2cdc545,0.899
1456332121.0,c5669e2f,0.899
1456332121.0,25294ce8,0.939
1456332121.0,8098495e,0.949
1456332121.0,1bb94f90,0.919
1456332121.0,6c663a7b,0.999
1456332121.0,7091515f,0.939
1456332121.0,0296c555,0.949
1456332121.0,7fc3b34a,0.949
1456332121.0,05878847,0.939
1456332121.0,fab2186a,0.939
1456332121.0,92978eb8,0.909
1456332121.0,5d5f21ff,0.989
1456332121.0,befd1f24,0.979
1456332121.0,ee1d296d,0.949
1456332121.0,a86a1219,0.959
1456332121.0,6d94eae4,0.979
1456332121.0,be99051f,0.969
1456332121.0,4c925894,0.959
1456332121.0,48c3f251,0.999
1456332121.0,e26d9873,0.949
1456332121.0,496612a8,0.969
1456332121.0,a3b8eb3b,0.969
1456332121.0,b45fce81,0.909
1456332121.0,09d5caa7,0.949
1456332121.0,1231b9e1,0.919
1456332121.0,a042f697,0.959
1456332121.0,24398b7a,0.939
1456332121.0,298a8af2,0.939
1456332121.0,09851a39,0.959
1456332121.0,f13a2469,0.959
1456332121.0,73b03911,0.969
1456332121.0,42b80e51,0.949
1456332121.0,dd81b30a,0.949
1456332121.0,3db6506a,0.949
1456332121.0,aed2f04c,0.969
1456332121.0,398b6ec7,0.959
1456332121.0,c99b3a87,0.929
1456332121.0,b484fa6e,0.979
1456332121.0,d51594f4,0.929
1456332121.0,f290a992,0.919
1456332121.0,36ed9058,0.939
1456332121.0,32f0b93e,0.899
1456332121.0,2b890110,0.919
1456332121.0,1d6f1deb,0.929
1456332121.0,d0c595a5,0.939
1456332121.0,cb71673a,0.969
1456332121.0,a11d220b,0.929
1456332121.0,97b553c9,0.949
1456332121.0,4f91a79a,0.919
1456332121.0,a8aaf34c,0.939
1456332121.0,2fd29268,0.919
1456332121.0,bf694984,0.929
1456332121.0,,0.919
1456332121.0,006407b4,0.899
1456332121.0,f98ff970,0.949
1456332121.0,b559c5aa,0.939
1456332121.0,add88990,0.969
1456332121.0,955c334e,0.939
1456332121.0,78f2b451,0.959
1456332121.0,2335fb5f,0.939
1456332121.0,20fea5aa,1.019
1456332121.0,27c6fcd5,0.949
1456332121.0,d4817c1a,0.929
1456332121.0,2b2b7338,0.919
1456332121.0,bf7e9cdf,0.969
1456332121.0,57ef5f09,0.899
1456332121.0,bc09f6c1,0.959
1456332121.0,9a0f8848,0.899
1456332121.0,f185e887,0.959
1456332121.0,be5a4a27,0.959
1456332121.0,6f8c077f,0.939
1456332121.0,ea5c90c0,0.939
1456332121.0,7cb03693,0.949
1456332121.0,a6ea6f37,0.949
1456332121.0,9170b9cb,0.969
1456332121.0,15fe382d,0.929
1456332121.0,65c5fcbe,0.969
1456332121.0,f0c6ab59,0.989
1456332121.0,b093e5e6,0.949
1456332121.0,cdf95c47,0.999
1456332121.0,6bd698e2,0.909
1456332121.0,ecaab335,0.939
1456332121.0,ac94744b,0.959
1456332121.0,a4c6b2cc,0.969
1456332121.0,32806aee,0.969
1456332121.0,93a21747,0.939
1456332121.0,5b1fabef,0.919
1456332121.0,09c4d8a3,0.949
1456332121.0,5d2ae7b8,0.939
1456332121.0,aee35b92,0.909
1456332121.0,5a76daff,0.959
1456332121.0,,0.919
1456332361.0,16585150,0.949
1456332361.0,bd7a7040,0.949
1456332361.0,e8ce1950,0.939
1456332361.0,982b4a02,0.949
1456332361.0,692e3609,0.929
1456332361.0,7f6a82d1,0.939
1456332361.0,655c4244,0.919
1456332361.0,f85db113,0.929
1456332361.0,1a70a04d,0.939
1456332361.0,00e94972,0.919
1456332361.0,ecfdcbbe,0.929
1456332361.0,0c475d4b,0.939
1456332361.0,72d94c9d,0.979
1456332361.0,5b042101,0.939
1456332361.0,bcace6fa,0.959
1456332361.0,99d46a35,0.929
1456332361.0,ee305546,0.929
1456332361.0,7787058a,0.969
1456332361.0,518317d2,0.959
1456332361.0,9d51c1aa,0.949
1456332361.0,6ecefdf4,0.969
1456332361.0,24623d1e,0.959
1456332361.0,265fe188,0.969
1456332361.0,ca3dc497,0.959
1456332361.0,1898c240,0.939
1456332361.0,fe18c405,0.939
1456332361.0,000f12ff,0.959
1456332361.0,091ee9ad,0.969
1456332361.0,69bda9c6,0.959
1456332361.0,eed6c533,0.929
1456332361.0,44e801f0,0.924
1456332361.0,25cdefd0,0.939
1456332361.0,477c7bcf,0.919
1456332361.0,0f7d5e0f,0.939
1456332361.0,f53a8f17,0.949
1456332361.0,26db277e,0.959
1456332361.0,829bd977,0.929
1456332361.0,6d934eee,0.959
1456332361.0,6a686e72,0.939
1456332361.0,30546742,0.929
1456332361.0,60cf6168,0.979
1456332361.0,ed2deb3d,0.949
1456332361.0,2b88e2db,0.939
1456332361.0,96300c44,0.969
1456332361.0,,0.939
1456332361.0,ded1172c,0.929
1456332361.0,f0430871,0.979
1456332361.0,7f667b18,0.909
1456332361.0,69206b79,0.959
1456332361.0,9a1a2584,0.919
1456332361.0,7d7180f2,0.939
1456332361.0,63aa7558,0.949
1456332361.0,0e7f553a,0.959
1456332361.0,45d8dea2,0.959
1456332361.0,d31ca38d,0.969
1456332361.0,f30258dc,0.949
1456332361.0,f92b1138,0.969
1456332361.0,43b50967,0.949
1456332361.0,3cbc3531,0.959
1456332361.0,8977de4b,0.954
1456332361.0,a825b9fa,0.949
1456332361.0,d596df4f,0.969
1456332361.0,ef61acd1,0.959
1456332361.0,57bad7ea,0.929
1456332361.0,28bd26e0,0.949
1456332361.0,50518311,0.899
1456332361.0,27917288,0.959
1456332361.0,466bb8f2,0.939
1456332361.0,bf2623d5,0.959
1456332361.0,3f118a37,0.959
1456332361.0,6cc392bc,1.009
1456332361.0,cbb111f4,0.959
1456332361.0,3b728838,0.979
1456332361.0,21f6f55f,0.929
1456332361.0,,0.969
1456332361.0,dccd21cb,0.969
1456332361.0,eb4b87cc,0.949
1456332361.0,e8b48aba,0.949
1456332361.0,64b01954,0.979
1456332361.0,a448f8aa,0.989
1456332361.0,c1f003e3,0.969
1456332361.0,53f24788,0.979
1456332361.0,6551e91d,0.959
1456332361.0,b24a2efc,0.959
1456332361.0,7ab8a6b9,0.959
1456332361.0,d5e3ccf5,0.949
1456332361.0,8d9a1e0c,0.959
1456332361.0,4917f7ee,0.919
1456332361.0,ef3c7f93,0.924
1456332361.0,c0b30328,0.959
1456332361.0,39c4abbc,0.969
1456332361.0,467f7eb4,0.959
1456332361.0,3ff39a76,0.959
1456332361.0,313e84fe,0.919
1456332361.0,d9de1c75,0.959
1456332361.0,0d0d7f44,0.999
1456332361.0,026ce3d1,0.949
1456332361.0,b3088432,0.959
1456332361.0,993df4e5,0.999
1456332361.0,055e54a6,0.989
1456332361.0,3271e76a,0.959
1456332361.0,fedb2736,0.939
1456332361.0,9e654d43,0.929
1456332361.0,ce366998,0.949
1456332361.0,d9e01646,0.949
1456332361.0,9d98dcbb,0.949
1456332361.0,8700c374,0.929
1456332361.0,45374890,0.959
1456332361.0,6acdb3a0,0.929
1456332361.0,703564df,0.919
1456332361.0,fa3c7cd8,0.929
1456332361.0,d824e03a,0.969
1456332361.0,2132dc97,0.929
1456332361.0,a7c266a1,0.929
1456332361.0,185ab0a1,0.939
1456332361.0,0ae0fa71,0.929
1456332361.0,dc2aecd3,0.919
1456332361.0,197e1542,0.929
1456332361.0,1dd5e241,0.919
1456332361.0,a8086038,0.919
1456332361.0,81fb03d2,0.899
1456332361.0,ae578482,0.929
1456332361.0,f709d7cd,0.979
1456332361.0,5bf247b1,0.929
1456332361.0,8c39bac2,0.909
1456332361.0,54c3da9c,0.899
1456332361.0,6eb8cb33,0.929
1456332361.0,7301ae23,0.959
1456332361.0,b2fa05f2,0.899
1456332361.0,44144ccf,0.929
1456332361.0,f08235a1,0.929
1456332361.0,e9e1dabb,0.939
1456332361.0,ed63a8a7,0.939
1456332361.0,45cfc4a3,0.919
1456332361.0,da3bff43,0.949
1456332361.0,c52d9727,0.959
1456332361.0,3696709e,0.929
1456332361.0,dc2d8878,0.909
1456332361.0,8f94226a,0.939
1456332361.0,4e48e1df,0.919
1456332361.0,25e78288,0.919
1456332361.0,9aa6fe97,0.909
1456332361.0,32fc4e8c,0.919
1456332361.0,2d084788,0.909
1456332361.0,8127a62a,0.929
1456332361.0,e4d30463,0.929
1456332361.0,b9b3f0de,0.959
1456332361.0,c7a70dd8,0.929
1456332361.0,0cdf8545,0.929
1456332361.0,e85e990b,0.919
1456332361.0,4d655bc9,0.919
1456332361.0,1ea7ac66,0.959
1456332361.0,a9e7d486,0.969
1456332361.0,5d790a6e,0.929
1456332361.0,d560f27c,0.949
1456332361.0,4e998f6d,0.959
1456332361.0,e140b830,0.949
1456332361.0,8068124c,0.939
1456332361.0,881e9700,0.959
1456332361.0,8f545eb0,0.929
1456332361.0,c74444b1,0.969
1456332361.0,28dc9f41,0.939
1456332361.0,43d05eaa,0.959
1456332361.0,6a80fe13,0.949
1456332361.0,c9c1fe89,0.929
1456332361.0,3d9b4dc8,0.924
1456332361.0,aabcd7eb,0.949
1456332361.0,0a1db8aa,0.979
1456332361.0,c72ef065,0.979
1456332361.0,0b708f81,0.939
1456332361.0,34832faa,0.979
1456332361.0,3082ffa7,0.979
1456332361.0,98e9a25d,0.949
1456332361.0,6edd64cb,0.949
1456332361.0,3b31f64c,0.909
1456332361.0,6f59ab1a,0.944
1456332361.0,450ed4aa,0.934
1456332361.0,46179c4a,0.939
1456332361.0,100339eb,0.909
1456332361.0,54255515,0.939
1456332361.0,19ff419b,0.919
1456332361.0,39c4256a,0.929
1456332361.0,c6ab8656,0.939
1456332361.0,9c269747,0.919
1456332361.0,001234ac,0.969
1456332361.0,65aa334d,0.949
1456332361.0,535e45c7,0.929
1456332361.0,020c53c2,0.949
1456332361.0,f77077c1,0.949
1456332361.0,4d90c00c,0.939
1456332361.0,877e2550,0.979
1456332361.0,04b4f43b,0.919
1456332361.0,d9811c4e,0.969
1456332361.0,f0ec9164,0.949
1456332361.0,477465f0,0.949
1456332361.0,691ce904,0.959
1456332361.0,051e5f5f,0.949
1456332361.0,90a8536c,0.959
1456332361.0,38990b28,0.959
1456332361.0,0dd22df0,0.929
1456332361.0,097d0950,0.969
1456332361.0,930b627b,0.929
1456332361.0,61149352,0.939
1456332361.0,c2a87587,0.949
1456332361.0,a57d0d0e,0.969
1456332361.0,dd81b39f,0.939
1456332361.0,e57be742,0.949
1456332361.0,a1ca21f6,0.909
1456332361.0,b3457bb4,0.959
1456332361.0,6cee9445,0.959
1456332361.0,ad16cbfe,0.929
1456332361.0,9d2a511e,0.979
1456332361.0,c1d4eea2,0.959
1456332361.0,c1154259,0.939
1456332361.0,a10d5095,0.929
1456332361.0,94f69df7,0.979
1456332361.0,6321db63,0.929
1456332361.0,b4b8fb9d,0.939
1456332361.0,fb54832a,0.949
1456332361.0,8fa55c72,0.929
1456332361.0,,0.949
1456332361.0,90a018b4,0.979
1456332361.0,5d8dcd1a,0.929
1456332361.0,81b79933,0.959
1456332361.0,fff62873,0.919
1456332361.0,5aab5487,0.949
1456332361.0,466dfd41,0.929
1456332361.0,4a8e26ae,0.969
1456332361.0,5c5e9ece,1.039
1456332361.0,4b53a6b2,0.989
1456332361.0,00c551a1,0.939
1456332361.0,51011eb5,0.939
1456332361.0,71afe6ef,0.959
1456332361.0,ab28d306,0.989
1456332361.0,6d3f757f,0.949
1456332361.0,17b2ffe6,0.959
1456332361.0,5048cff6,0.959
1456332361.0,b22e443b,0.949
1456332361.0,58d274cb,0.939
1456332361.0,79bfc8e6,1.029
1456332361.0,c3efdbea,0.959
1456332361.0,c69c61f6,0.969
1456332361.0,4a126c56,0.959
1456332361.0,fc0599eb,0.954
1456332361.0,212fd8e9,0.969
1456332361.0,ea2476b3,0.939
1456332361.0,1feea3c1,0.979
1456332361.0,ba2fdbe6,0.939
1456332361.0,0fc44087,0.949
1456332361.0,4d7be304,0.939
1456332361.0,2b57a135,0.919
1456332361.0,e82185b8,0.949
1456332361.0,b003d766,0.944
1456332361.0,616bd931,0.929
1456332361.0,e6b1064f,0.959
1456332361.0,743a840f,0.949
1456332361.0,a5ca6f71,0.919
1456332361.0,d5d87feb,0.959
1456332361.0,0e72a56a,0.934
1456332361.0,8c087722,0.929
1456332361.0,e010375a,0.969
1456332361.0,f5684ccb,0.939
1456332361.0,989f7968,0.949
1456332361.0,cb0f3fc8,0.959
1456332361.0,,0.929
1456332361.0,7390d2d3,0.969
1456332361.0,eb8520ef,0.969
1456332361.0,897af169,0.989
1456332361.0,07de256c,0.969
1456332361.0,89105f13,0.959
1456332361.0,d98fe3f5,0.924
1456332361.0,6411aa60,0.969
1456332361.0,4cc0a19b,0.939
1456332361.0,18ec7b65,0.909
1456332361.0,d96f8933,0.969
1456332361.0,0e995a71,0.929
1456332361.0,da2a28a0,0.969
1456332361.0,eb159d17,0.944
1456332361.0,5ec35915,0.949
1456332361.0,969b9276,0.939
1456332361.0,0c1335db,0.949
1456332361.0,d86467e7,0.929
1456332361.0,77c9f305,0.939
1456332361.0,a971d6fb,0.929
1456332361.0,cc350ace,0.919
1456332361.0,a59c4cfa,0.969
1456332361.0,e2c0e5e5,0.929
1456332361.0,56c5d463,0.949
1456332361.0,58ec06f1,0.969
1456332361.0,39cc6655,0.959
1456332361.0,b5ec285f,0.969
1456332361.0,f4f5e1d8,0.949
1456332361.0,f8646d30,0.919
1456332361.0,294a09dc,0.969
1456332361.0,8b143527,0.959
1456332361.0,5ab36501,0.919
1456332361.0,c5ba214e,0.939
1456332361.0,ec22cdab,0.989
1456332361.0,7c8f8d4d,0.919
1456332361.0,b4a05b7f,0.959
1456332361.0,ca71f476,0.989
1456332361.0,4829f4f6,0.979
1456332361.0,18cc7b01,0.919
1456332361.0,2eb47ed3,0.959
1456332361.0,44daa76b,0.929
1456332361.0,d0e02780,0.949
1456332361.0,29259211,0.949
1456332361.0,a4338625,0.959
1456332361.0,f98afd49,1.009
1456332361.0,73d6d267,0.949
1456332361.0,bfe9ba44,0.969
1456332361.0,cef8a5ba,0.929
1456332361.0,8e5758d4,0.949
1456332361.0,bd3ee18d,0.929
1456332361.0,26623c9d,0.929
1456332361.0,d9c57dad,0.949
1456332361.0,caa33a9a,0.95
1456332361.0,d43af2d2,0.935
1456332361.0,c3d72a2f,0.979
1456332361.0,4d5ab1e1,0.939
1456332361.0,bae5af8d,0.919
1456332361.0,32f0b93e,0.899
1456332361.0,ee74bc99,0.929
1456332361.0,,0.899
1456332361.0,75d9d944,0.979
1456332361.0,b883c155,0.959
1456332361.0,2ab0fae2,0.949
1456332361.0,271bd07b,0.919
1456332361.0,f51a2c3d,0.919
1456332361.0,3da96054,0.949
1456332361.0,5594ce0b,0.939
1456332361.0,da1fbd53,0.929
1456332361.0,e212dd80,0.959
1456332361.0,a3dd230b,0.959
1456332361.0,e2825c07,0.949
1456332361.0,e4ff2e3f,0.939
1456332361.0,83a3b810,0.959
1456332361.0,63a3fa08,0.929
1456332361.0,6f8c077f,0.939
1456332361.0,e578a879,0.949
1456332361.0,3851f5d5,0.919
1456332361.0,d77409e0,0.949
1456332361.0,9c114417,1.039
1456332361.0,eae89db3,0.969
1456332361.0,d361cee8,0.939
1456332361.0,50741464,0.979
1456332361.0,41453b7f,0.949
1456332361.0,794d6351,0.959
1456332361.0,610132a0,0.969
1456332361.0,f625c166,0.929
1456332361.0,d25d3d18,0.959
1456332361.0,e8205f94,0.959
1456332361.0,8f6f71cb,0.909
1456332601.0,74916d19,0.939
1456332601.0,0f01b9c8,0.949
1456332601.0,5175d50a,0.949
1456332601.0,3cce768e,0.929
1456332601.0,19296a92,0.949
1456332601.0,f72fa144,0.929
1456332601.0,473c3055,0.919
1456332601.0,70931d91,0.919
1456332601.0,badf7961,0.969
1456332601.0,55adeb92,0.929
1456332601.0,76dccd6f,0.919
1456332601.0,86700cdc,0.919
1456332601.0,dd270564,0.929
1456332601.0,57012344,0.929
1456332601.0,48d20717,0.949
1456332601.0,329aad11,0.949
1456332601.0,045578a1,0.949
1456332601.0,a16736fc,0.929
1456332601.0,68f6b885,0.999
1456332601.0,35756296,0.999
1456332601.0,ff4bec86,0.929
1456332601.0,7d30b511,0.949
1456332601.0,6610198a,0.949
1456332601.0,859ddb14,0.929
1456332601.0,7d98e545,0.929
1456332601.0,f2925995,0.899
1456332601.0,427c61e9,0.939
1456332601.0,6e77b649,0.919
1456332601.0,b65176ae,0.929
1456332601.0,5ac34503,0.959
1456332601.0,9a006df7,0.979
1456332601.0,57b9cbf6,0.979
1456332601.0,583bd0d6,0.909
1456332601.0,fbe17e11,0.949
1456332601.0,9b9dfb22,0.969
1456332601.0,953452fa,0.959
1456332601.0,3d5ea21b,0.969
1456332601.0,4721133a,0.919
1456332601.0,8730426e,0.939
1456332601.0,03892e91,0.929
1456332601.0,a2ab785a,0.939
1456332601.0,ebcd22e7,0.929
1456332601.0,3ccd631d,0.959
1456332601.0,5ac9ec5a,0.959
1456332601.0,3bb20ba7,0.944
1456332601.0,0b19d5fe,0.919
1456332601.0,1a2a17d8,0.939
1456332601.0,9bf65a40,0.949
1456332601.0,,0.939
1456332601.0,bdd895df,0.959
1456332601.0,dfb2f931,0.949
1456332601.0,4f5b6b22,0.939
1456332601.0,e08143aa,0.929
1456332601.0,1262b7a3,0.939
1456332601.0,13ac9af6,0.929
1456332601.0,,0.939
1456332601.0,56207684,0.929
1456332601.0,13b8b105,0.949
1456332601.0,ee45ac15,0.929
1456332601.0,f10a7896,0.939
1456332601.0,ac3c5f1a,0.929
1456332601.0,3e301f60,0.999
1456332601.0,2753be9b,0.919
1456332601.0,3b11c17c,0.969
1456332601.0,dd62114c,0.979
1456332601.0,c003352f,0.949
1456332601.0,24f83a95,0.939
1456332601.0,07f5aeea,0.949
1456332601.0,5ae69800,0.949
1456332601.0,f41e2fff,0.949
1456332601.0,c8c9912f,0.969
1456332601.0,9e099f07,0.979
1456332601.0,7dc32cd3,0.939
1456332601.0,07d22eab,0.949
1456332601.0,d2a9c0a1,0.939
1456332601.0,2f9dd7f6,0.939
1456332601.0,7e69e0ea,0.969
1456332601.0,0b96eaac,0.939
1456332601.0,c060c224,0.959
1456332601.0,bae5bc24,0.959
1456332601.0,428929ab,0.949
1456332601.0,c4d4fdc6,0.959
1456332601.0,6a19a25a,0.949
1456332601.0,159f8b0e,0.939
1456332601.0,f969dc08,0.929
1456332601.0,71c8efd1,0.999
1456332601.0,53c6c605,0.949
1456332601.0,7d9e71ad,0.959
1456332601.0,fc8981fc,0.939
1456332601.0,4204f478,0.929
1456332601.0,dda7560a,0.949
1456332601.0,623e9424,0.949
1456332601.0,eacc3482,0.939
1456332601.0,6b1c47cf,0.959
1456332601.0,b95b2152,0.949
1456332601.0,db56e2a2,0.949
1456332601.0,948a8512,0.959
1456332601.0,5eb68d7a,0.999
1456332601.0,185c6827,0.949
1456332601.0,1d1e053d,0.949
1456332601.0,c9b21507,0.949
1456332601.0,b948058a,0.919
1456332601.0,1357de7e,0.949
1456332601.0,521b2ae0,0.949
1456332601.0,ad338ffc,0.959
1456332601.0,b7281837,0.979
1456332601.0,03199c21,0.939
1456332601.0,a02bf729,0.959
1456332601.0,21f6f55f,0.929
1456332601.0,716b6235,0.979
1456332601.0,2168c0a1,0.949
1456332601.0,ee84886f,0.959
1456332601.0,dccd21cb,0.929
1456332601.0,eb4b87cc,0.939
1456332601.0,f83dda73,0.969
1456332601.0,0a5953de,0.969
1456332601.0,d8c88922,0.949
1456332601.0,2ffbebf3,0.919
1456332601.0,ff894f80,0.959
1456332601.0,d1008b23,0.949
1456332601.0,bd1e659d,0.949
1456332601.0,0720a96f,0.959
1456332601.0,9f4969b7,0.959
1456332601.0,682bb15c,0.939
1456332601.0,05babe25,0.929
1456332601.0,39c5a6e0,0.979
1456332601.0,edd40aaa,0.979
1456332601.0,2f6a5cea,0.929
1456332601.0,c7381288,0.979
1456332601.0,7e91d1f8,0.939
1456332601.0,33e1917c,0.929
1456332601.0,ad4d142d,0.929
1456332601.0,d8dcadc0,0.929
1456332601.0,f8d1d2e4,0.959
1456332601.0,,0.919
1456332601.0,9f3e7014,0.969
1456332601.0,9d98dcbb,0.939
1456332601.0,67fb9f82,0.939
1456332601.0,fa6ffdb7,0.959
1456332601.0,e983031d,0.939
1456332601.0,2337ee59,0.959
1456332601.0,2d22d73a,0.969
1456332601.0,f6301788,0.939
1456332601.0,c95d532b,0.969
1456332601.0,493b6369,0.899
1456332601.0,ae3ec7b1,0.939
1456332601.0,a64de619,0.919
1456332601.0,65d912cc,0.939
1456332601.0,65efbc29,0.959
1456332601.0,7f3fc915,0.959
1456332601.0,cdf81365,0.969
1456332601.0,7970752a,0.969
1456332601.0,603e075c,0.929
1456332601.0,e792e7d9,0.899
1456332601.0,469cb2ca,0.919
1456332601.0,c7095984,0.929
1456332601.0,f9cd1d8c,0.969
1456332601.0,2ede932c,0.929
1456332601.0,7144e340,0.939
1456332601.0,485a4ee4,0.929
1456332601.0,,0.929
1456332601.0,38aa9352,0.929
1456332601.0,fc2ec0dc,0.939
1456332601.0,ffb3e589,0.919
1456332601.0,96a5f54a,0.919
1456332601.0,5466334e,0.949
1456332601.0,41225b43,0.929
1456332601.0,cc9dcdfc,0.919
1456332601.0,229d2673,0.929
1456332601.0,f11f062c,0.939
1456332601.0,bed52cfb,0.959
1456332601.0,f7ad88b8,0.919
1456332601.0,cc4e0122,0.949
1456332601.0,27b7f65f,0.909
1456332601.0,7709f8cb,0.909
1456332601.0,fd9b3ee5,0.929
1456332601.0,b912a2af,0.919
1456332601.0,856fe499,0.919
1456332601.0,d33b9af4,0.949
1456332601.0,801ccbc6,0.939
1456332601.0,0264d325,0.969
1456332601.0,35c5c2f1,0.919
1456332601.0,6a9f527e,0.919
1456332601.0,fe45add5,0.959
1456332601.0,34e3a079,0.929
1456332601.0,c61bf054,0.944
1456332601.0,6499badf,0.949
1456332601.0,8983b1fe,0.969
1456332601.0,e8cb3a6b,0.929
1456332601.0,afafdf69,0.899
1456332601.0,93a0a521,0.944
1456332601.0,67ba0742,0.959
1456332601.0,bb23fbe2,0.959
1456332601.0,aaed4223,0.959
1456332601.0,028b67f7,0.929
1456332601.0,6319bbbb,0.989
1456332601.0,59182828,0.959
1456332601.0,865b080f,0.949
1456332601.0,1902d951,0.929
1456332601.0,c7cc37d7,1.009
1456332601.0,,0.939
1456332601.0,21d0f81c,0.939
1456332601.0,465ed67d,0.979
1456332601.0,a1eb62eb,0.959
1456332601.0,b2b44530,0.949
1456332601.0,f885a3d3,0.959
1456332601.0,39c4256a,0.929
1456332601.0,4fea3631,0.929
1456332601.0,0a0a9a40,0.949
1456332601.0,c00a63fa,0.979
1456332601.0,6cda24f6,0.969
1456332601.0,64658758,0.979
1456332601.0,1623a484,0.969
1456332601.0,1fea6f98,0.939
1456332601.0,fcbae89e,0.939
1456332601.0,930b627b,0.929
1456332601.0,f7a5dd5a,0.949
1456332601.0,0b8418b0,0.939
1456332601.0,f2523c62,0.989
1456332601.0,c13504fe,0.939
1456332601.0,c960300b,0.949
1456332601.0,538559e0,0.929
1456332601.0,d1d61cfb,0.969
1456332601.0,4ff9d49d,0.959
1456332601.0,9e46459f,0.959
1456332601.0,bbbc6ece,0.949
1456332601.0,9c45c396,0.939
1456332601.0,e71144f3,0.929
1456332601.0,b1d84f35,0.939
1456332601.0,6bc29395,0.949
1456332601.0,1b4a9928,0.949
1456332601.0,182bd28a,0.939
1456332601.0,f53d423d,0.969
1456332601.0,046da538,0.999
1456332601.0,7eb76101,0.989
1456332601.0,864611cd,0.929
1456332601.0,e74e26f5,0.949
1456332601.0,66fb48c6,0.949
1456332601.0,11fd2741,0.939
1456332601.0,42e9b9e7,0.949
1456332601.0,cb8edd06,0.929
1456332601.0,d3faff64,0.939
1456332601.0,7bfdb8c2,0.959
1456332601.0,9e0e4f3e,0.969
1456332601.0,59d4a720,0.929
1456332601.0,a260f4a5,0.949
1456332601.0,cdb901b1,0.939
1456332601.0,41815ba2,0.959
1456332601.0,4a7395cf,0.949
1456332601.0,28d324c4,0.949
1456332601.0,cf213ad2,0.949
1456332601.0,bc47d203,0.939
1456332601.0,fc0599eb,0.944
1456332601.0,2042ed0f,0.959
1456332601.0,830e3a6b,0.939
1456332601.0,53cfbe4b,0.959
1456332601.0,,0.959
1456332601.0,eabcfe38,0.954
1456332601.0,322c083e,0.899
1456332601.0,59e71e77,0.949
1456332601.0,e9d5d1a1,0.929
1456332601.0,f708be71,0.949
1456332601.0,d3063bdf,0.949
1456332601.0,31d0c179,0.919
1456332601.0,f7d11bff,0.979
1456332601.0,c611aa66,0.959
1456332601.0,c8b41091,0.929
1456332601.0,b471c98a,0.939
1456332601.0,0ec71297,0.929
1456332601.0,19a4a1d9,0.919
1456332601.0,2d973990,0.939
1456332601.0,7a9eef7e,0.939
1456332601.0,433a3c58,0.934
1456332601.0,06fb0c54,0.949
1456332601.0,5ccad12a,0.929
1456332601.0,ab84ea8f,0.959
1456332601.0,e9ef6088,0.949
1456332601.0,aa4b4ae6,0.979
1456332601.0,942c7429,0.919
1456332601.0,aeec46d3,0.969
1456332601.0,409b2b7e,0.939
1456332601.0,d9de4b56,0.959
1456332601.0,a3932df8,0.969
1456332601.0,32a8caa1,0.939
1456332601.0,9d64de92,0.949
1456332601.0,67b32df0,0.949
1456332601.0,5fb402ee,0.999
1456332601.0,94f34687,0.939
1456332601.0,9f711a09,0.939
1456332601.0,d47bc4c5,0.969
1456332601.0,9ab54d52,0.939
1456332601.0,5204d6df,0.959
1456332601.0,5f6ca326,0.969
1456332601.0,5984119a,0.959
1456332601.0,2f349c74,0.939
1456332601.0,26906f78,0.949
1456332601.0,f5ccc280,0.939
1456332601.0,9200bb2c,0.999
1456332601.0,b5ec285f,0.959
1456332601.0,ab6f459b,0.969
1456332601.0,e6c2b040,0.959
1456332601.0,f3cc2d61,0.929
1456332601.0,c98807b3,0.939
1456332601.0,28cedc00,0.979
1456332601.0,9fe5444d,0.949
1456332601.0,81f221f2,0.919
1456332601.0,7a3844f2,0.929
1456332601.0,558f57a1,0.969
1456332601.0,8c41eda4,0.989
1456332601.0,2a5e6e74,0.949
1456332601.0,98e26149,0.909
1456332601.0,0aedf476,0.929
1456332601.0,85bf59ba,0.919
1456332601.0,4f0a1aa8,0.939
1456332601.0,40e47eaa,0.939
1456332601.0,849ac669,0.969
1456332601.0,017f1d73,0.929
1456332601.0,db97e7b4,0.929
1456332601.0,194f69ab,0.909
1456332601.0,74775b0d,0.939
1456332601.0,06282a1f,0.969
1456332601.0,60e38539,0.969
1456332601.0,abb8ccea,0.969
1456332601.0,b82c12f6,0.878
1456332601.0,790cb266,0.949
1456332601.0,c25699b5,0.979
1456332601.0,0f7beaca,0.949
1456332601.0,e5f52c88,0.969
1456332601.0,,0.929
1456332601.0,b718f9fa,0.949
1456332601.0,00ae5b70,0.979
1456332601.0,d195f0c9,0.959
1456332601.0,0b4a487b,0.979
1456332601.0,c3d72a2f,0.979
1456332601.0,625146af,0.939
1456332601.0,d6d2e0fe,0.949
1456332601.0,aa4cdb22,0.949
1456332601.0,726bbc28,0.909
1456332601.0,5470379e,0.969
1456332601.0,6a27f09d,0.929
1456332601.0,d3a7aabc,0.919
1456332601.0,01e0d345,0.949
1456332601.0,fa5a267f,0.959
1456332601.0,6cbdfb78,0.939
1456332601.0,e5139cec,0.909
1456332601.0,9a2903a3,0.939
1456332601.0,c59b6311,0.939
1456332601.0,029c6a16,0.949
1456332601.0,9275ec29,0.959
1456332601.0,3ea2f9db,0.939
1456332601.0,094fab78,0.979
1456332601.0,5daabe07,0.929
1456332601.0,d2e84b49,0.909
1456332601.0,94df3c4a,0.959
1456332601.0,75d9d944,0.949
1456332601.0,d6703157,0.939
1456332601.0,9eabd75a,0.939
1456332601.0,351dd222,0.909
1456332601.0,47a742a7,0.949
1456332601.0,75c71a8b,0.949
1456332601.0,e551966a,0.979
1456332601.0,9ab681ea,0.959
1456332601.0,7a0f0cd4,0.929
1456332601.0,97588053,0.929
1456332601.0,68a6a16a,0.949
1456332601.0,3ba3cf9a,0.939
1456332601.0,e395d76d,0.949
1456332601.0,cf98a394,0.939
1456332601.0,7f1b927c,0.959
1456332601.0,5b1a63ab,0.949
1456332601.0,c698b4f6,0.959
1456332601.0,19c8f617,0.959
1456332601.0,b8ab8097,0.959
1456332601.0,0a501873,0.959
1456332601.0,c4655584,0.969
1456332601.0,ad827347,0.969
1456332601.0,6bbd3dc3,0.939
1456332601.0,d1780d08,0.959
1456332601.0,773b1599,0.949
1456332601.0,37a8af42,0.969
1456332601.0,7ad9dcdf,0.959
1456332601.0,4657a318,0.939
1456332601.0,c14c369f,0.949
1456332841.0,f3834b4f,0.929
1456332841.0,ea3de48b,0.949
1456332841.0,fc134cb6,0.969
1456332841.0,98b8cd78,0.989
1456332841.0,930a4c50,0.949
1456332841.0,90941e78,0.929
1456332841.0,01f0fa8d,0.959
1456332841.0,7349daff,0.929
1456332841.0,d3bbcf3a,0.919
1456332841.0,0335180a,0.969
1456332841.0,b65176ae,0.919
1456332841.0,1b369933,0.939
1456332841.0,12437a10,0.969
1456332841.0,d3835601,0.949
1456332841.0,d88f7597,0.979
1456332841.0,c15538a6,0.979
1456332841.0,44ca04a3,0.959
1456332841.0,19a4dc27,0.959
1456332841.0,ce331290,0.939
1456332841.0,d5fd7f0e,0.939
1456332841.0,b3a02a90,0.949
1456332841.0,06c6d7b1,0.949
1456332841.0,d5b6651a,0.929
1456332841.0,272049b7,0.989
1456332841.0,888f3033,0.939
1456332841.0,6a8a4a7e,0.959
1456332841.0,74d27484,0.959
1456332841.0,c4df6669,0.949
1456332841.0,eb5d6331,0.969
1456332841.0,a38344c9,0.909
1456332841.0,dd62114c,0.969
1456332841.0,8804fa13,0.969
1456332841.0,2eca0fd8,0.939
1456332841.0,,0.939
1456332841.0,7a48e549,0.969
1456332841.0,5e5a70c6,0.969
1456332841.0,e3705385,0.959
1456332841.0,cf40d91b,0.929
1456332841.0,cf6cd137,0.969
1456332841.0,f0dcfc81,0.939
1456332841.0,e8f89f23,0.939
1456332841.0,85a9ebeb,0.989
1456332841.0,980060a7,0.949
1456332841.0,386807be,0.959
1456332841.0,8e20b783,0.919
1456332841.0,da3e3f70,0.949
1456332841.0,7a53b849,0.919
1456332841.0,159f8b0e,0.939
1456332841.0,b0a76bca,0.949
1456332841.0,5a55ec8e,0.939
1456332841.0,cbf8e978,0.919
1456332841.0,3564f546,0.949
1456332841.0,1c546ae2,0.959
1456332841.0,3d74c9d4,0.919
1456332841.0,43b50967,0.949
1456332841.0,688487a8,0.959
1456332841.0,c184854c,0.949
1456332841.0,45dd43b7,0.939
1456332841.0,d650bbff,0.959
1456332841.0,31993f75,0.929
1456332841.0,4204f478,0.924
1456332841.0,3104967c,0.939
1456332841.0,34b4a600,0.929
1456332841.0,5056106a,0.929
1456332841.0,ef3ecd77,0.919
1456332841.0,b95b2152,0.944
1456332841.0,549d95e1,0.929
1456332841.0,84985353,0.929
1456332841.0,03199c21,0.929
1456332841.0,506ed98f,0.909
1456332841.0,2890d1fb,0.929
1456332841.0,a1f3fe7e,0.939
1456332841.0,3c9e1eb4,0.919
1456332841.0,4cbdb1d8,0.959
1456332841.0,0c379bda,0.969
1456332841.0,e6d32ea4,0.959
1456332841.0,7a74beb2,0.949
1456332841.0,bf87bcf0,0.959
1456332841.0,9d2aa0e1,0.949
1456332841.0,6728212d,0.939
1456332841.0,fe905128,0.939
1456332841.0,9789b717,0.959
1456332841.0,4d248889,0.939
1456332841.0,d1ad7add,0.959
1456332841.0,71b758db,0.949
1456332841.0,cadf2d6d,0.929
1456332841.0,22103849,0.929
1456332841.0,a69c9dfa,0.949
1456332841.0,29291727,0.929
1456332841.0,df264ce2,0.969
1456332841.0,e246da13,0.959
1456332841.0,8cf36275,0.969
1456332841.0,e830fd7a,0.959
1456332841.0,ddefb778,0.989
1456332841.0,07b98643,0.949
1456332841.0,d97b6339,0.919
1456332841.0,f8d1d2e4,0.949
1456332841.0,b75272ba,0.939
1456332841.0,0720fedb,0.939
1456332841.0,532a5017,0.949
1456332841.0,ca3364fa,0.919
1456332841.0,ddc99e87,0.939
1456332841.0,7e2a8251,0.959
1456332841.0,1c7a02ad,0.929
1456332841.0,367978ca,0.929
1456332841.0,7616bc62,0.959
1456332841.0,eace7a48,0.969
1456332841.0,e335e0bc,0.939
1456332841.0,1df9dc01,0.949
1456332841.0,995615f7,0.949
1456332841.0,28dc9f41,0.939
1456332841.0,ed416c52,0.959
1456332841.0,302dd48b,0.959
1456332841.0,3f9db299,0.939
1456332841.0,977ac60e,0.959
1456332841.0,2d02e703,0.939
1456332841.0,5082e3d6,0.949
1456332841.0,5fade9f9,0.949
1456332841.0,9086a5b2,0.929
1456332841.0,13afa0e9,0.939
1456332841.0,0d245387,0.924
1456332841.0,44565663,0.959
1456332841.0,e76cb56f,0.939
1456332841.0,18d8a792,0.939
1456332841.0,62bff896,0.929
1456332841.0,c19f6b7f,0.919
1456332841.0,,0.939
1456332841.0,26e8a3e0,0.929
1456332841.0,f649936e,0.959
1456332841.0,3b4ac733,0.949
1456332841.0,8f0c450a,0.959
1456332841.0,f04fe50a,0.939
1456332841.0,cf27197f,0.989
1456332841.0,5984eea4,0.919
1456332841.0,9cd02b8c,0.939
1456332841.0,8914d28e,0.959
1456332841.0,c2a87587,0.949
1456332841.0,3b2ce948,0.949
1456332841.0,e57be742,0.939
1456332841.0,188e69f1,0.939
1456332841.0,6c001085,0.919
1456332841.0,8b485c5e,0.949
1456332841.0,6f6329ff,0.939
1456332841.0,d95d9c1e,0.929
1456332841.0,b7bd3267,0.959
1456332841.0,77d95702,0.939
1456332841.0,4e3aa155,0.929
1456332841.0,aae959c2,0.929
1456332841.0,d3faff64,0.939
1456332841.0,91b891b8,0.949
1456332841.0,75151463,0.939
1456332841.0,,0.959
1456332841.0,41815ba2,0.949
1456332841.0,057efe6f,0.969
1456332841.0,0762c9c0,0.949
1456332841.0,bc0ec46f,0.939
1456332841.0,212fd8e9,0.959
1456332841.0,0acb65ea,0.959
1456332841.0,c05a0ef2,0.939
1456332841.0,84a3b636,0.959
1456332841.0,3183a48d,0.939
1456332841.0,8e88bf8c,0.929
1456332841.0,,0.929
1456332841.0,3f195c1b,0.979
1456332841.0,200cf8e2,0.919
1456332841.0,d998872e,0.939
1456332841.0,d02509ed,0.939
1456332841.0,87bbe419,0.929
1456332841.0,cf422a5e,0.969
1456332841.0,61ebbc40,0.909
1456332841.0,93aae403,0.929
1456332841.0,9479cc1c,0.929
1456332841.0,aac41384,0.949
1456332841.0,5222efd2,0.939
1456332841.0,7dde6783,0.939
1456332841.0,559fcfde,0.959
1456332841.0,81f96eef,0.949
1456332841.0,4604fb62,0.949
1456332841.0,147959b5,0.949
1456332841.0,93e9a320,0.919
1456332841.0,fe599048,0.969
1456332841.0,d9663827,0.949
1456332841.0,b471c98a,0.929
1456332841.0,f85abf7d,0.939
1456332841.0,14c0148e,0.949
1456332841.0,9199777f,0.949
1456332841.0,45fd5719,0.989
1456332841.0,ab84ea8f,0.949
1456332841.0,49fa8372,0.939
1456332841.0,3ea4d9dc,0.939
1456332841.0,e3c6260c,0.929
1456332841.0,b04f3f69,0.949
1456332841.0,d1b1547c,0.969
1456332841.0,f25ee766,0.939
1456332841.0,ee2e8a1d,0.939
1456332841.0,0cef0607,0.919
1456332841.0,ffcde0bb,0.939
1456332841.0,bc7724e9,0.964
1456332841.0,64d06130,0.959
1456332841.0,9fdff1e2,0.989
1456332841.0,6e899248,0.939
1456332841.0,684a7ab7,0.899
1456332841.0,16259776,0.959
1456332841.0,27ad4edd,0.969
1456332841.0,66a1358d,0.959
1456332841.0,b8e3788a,0.969
1456332841.0,d0f6968c,0.939
1456332841.0,4046803d,0.929
1456332841.0,8f6ac169,0.929
1456332841.0,3365e596,0.959
1456332841.0,da19dfd3,0.949
1456332841.0,91677360,0.939
1456332841.0,aeef5cf2,0.949
1456332841.0,4cfb1a89,0.959
1456332841.0,e8a25ade,0.979
1456332841.0,6df33a19,0.939
1456332841.0,a06379c3,0.929
1456332841.0,d8601954,0.959
1456332841.0,f9265ab5,0.939
1456332841.0,2a5e6e74,0.949
1456332841.0,8e0ce406,0.919
1456332841.0,e3fcda3f,0.949
1456332841.0,0846ce19,0.929
1456332841.0,fa2e9d72,0.949
1456332841.0,44daa76b,0.929
1456332841.0,8c5ae0bd,0.949
1456332841.0,ece022de,0.929
1456332841.0,cb47b300,0.959
1456332841.0,17ed1c05,0.949
1456332841.0,327ea807,0.959
1456332841.0,a03e4bfc,0.969
1456332841.0,2a6e5bb1,0.949
1456332841.0,87513076,0.959
1456332841.0,41f89d4b,0.929
1456332841.0,8f2fb041,0.969
1456332841.0,31cd43d6,0.939
1456332841.0,8b3bba8f,0.929
1456332841.0,9eb320c2,0.959
1456332841.0,83a4c48e,0.939
1456332841.0,9247febd,0.919
1456332841.0,5bb24e91,0.939
1456332841.0,574656d1,0.939
1456332841.0,81db3a9a,0.939
1456332841.0,e8775be0,0.939
1456332841.0,2ecadcf6,0.919
1456332841.0,7b8e3478,0.979
1456332841.0,,0.939
1456332841.0,0570dbe0,0.909
1456332841.0,78a3ab05,0.929
1456332841.0,e2825c07,0.929
1456332841.0,f36f4393,0.939
1456332841.0,7a0f0cd4,0.929
1456332841.0,5a4ca547,0.889
1456332841.0,821e5bd3,0.909
1456332841.0,26a76357,0.929
1456332841.0,2cbca1fc,0.929
1456332841.0,f3a1181b,0.949
1456332841.0,5be10874,0.979
1456332841.0,ba2213e9,0.969
1456332841.0,f36918b0,0.929
1456332841.0,3f3540c1,0.919
1456332841.0,3c4e3fea,0.999
1456332841.0,91baebbc,0.939
1456332841.0,e1920309,0.939
1456332841.0,a388f36b,0.929
1456332841.0,5bb89bd2,0.919
1456332841.0,c1599ca9,0.959
1456332841.0,68bce29e,0.959
1456332841.0,2e89adbb,0.939
1456332841.0,9845e20e,0.959
1456332841.0,3a65963d,0.959
1456332841.0,57e77986,0.909
1456332841.0,5d4d46b3,0.959
1456332841.0,1f721c24,0.929
1456332841.0,9dd2f35d,0.969
1456332841.0,2fab73d2,0.909
1456332841.0,014adbc0,0.939
1456332841.0,b299d8d7,0.939
1456333081.0,75c1b174,0.959
1456333081.0,fbbd6af8,0.929
1456333081.0,90941e78,0.929
1456333081.0,722c316b,0.899
1456333081.0,bd100d45,0.919
1456333081.0,7ae877b2,0.939
1456333081.0,78d86c64,0.929
1456333081.0,b86da903,0.929
1456333081.0,a3a3361e,0.929
1456333081.0,90bfadfa,0.929
1456333081.0,d3415f41,1.009
1456333081.0,6e66567c,0.929
1456333081.0,f822968e,0.919
1456333081.0,ad7e1163,0.919
1456333081.0,6e7d1516,0.939
1456333081.0,30ac4ee7,0.959
1456333081.0,91c611ad,0.939
1456333081.0,6e67857f,0.949
1456333081.0,417dc490,0.959
1456333081.0,74b270e2,0.959
1456333081.0,1bfa0edf,0.939
1456333081.0,71dd6cb9,0.969
1456333081.0,cea10ab0,0.939
1456333081.0,3bb20ba7,0.939
1456333081.0,9b76dd1d,0.939
1456333081.0,9423afb9,0.919
1456333081.0,aa00a8f6,0.974
1456333081.0,384c3465,0.959
1456333081.0,65cb0157,0.939
1456333081.0,9bf65a40,0.939
1456333081.0,157d06a5,0.939
1456333081.0,0c728d01,0.929
1456333081.0,06c32dfe,0.959
1456333081.0,c095b991,0.969
1456333081.0,4dd5805a,0.939
1456333081.0,9b5b616a,0.959
1456333081.0,df0d590a,0.959
1456333081.0,0ea03633,0.929
1456333081.0,7d020a61,0.939
1456333081.0,a176d119,0.949
1456333081.0,8720b933,0.949
1456333081.0,a770daf6,0.929
1456333081.0,de920e08,0.939
1456333081.0,7ef38273,0.929
1456333081.0,e70ecea8,0.949
1456333081.0,faa85b47,0.939
1456333081.0,78c59dfc,0.919
1456333081.0,42d76a3c,0.949
1456333081.0,5f881538,0.929
1456333081.0,6362d058,0.949
1456333081.0,354f6a44,0.959
1456333081.0,cb479352,0.949
1456333081.0,75db1286,0.979
1456333081.0,7a719de4,0.949
1456333081.0,2e1bed62,0.939
1456333081.0,d4857812,0.949
1456333081.0,60a86cf4,0.979
1456333081.0,64e138c3,0.939
1456333081.0,,0.989
1456333081.0,af91cef3,0.959
1456333081.0,548c8c9c,0.949
1456333081.0,fdd7a859,0.939
1456333081.0,310899cd,0.949
1456333081.0,6e12c790,0.919
1456333081.0,51fcda8d,0.949
1456333081.0,c92339a1,0.949
1456333081.0,b40d9546,0.949
1456333081.0,5eb68d7a,0.999
1456333081.0,8591bcbf,0.999
1456333081.0,93e7b34a,0.939
1456333081.0,26faab3e,0.989
1456333081.0,4cbdb1d8,0.949
1456333081.0,6b69df8f,0.959
1456333081.0,08ee2078,0.939
1456333081.0,be8c65ec,0.949
1456333081.0,4c08fdd1,1.009
1456333081.0,145d5525,0.939
1456333081.0,4517cdd2,0.949
1456333081.0,2ef17053,0.999
1456333081.0,d8297d8d,0.939
1456333081.0,1105f74e,0.959
1456333081.0,9fbf8dcd,0.979
1456333081.0,c940a0c3,0.969
1456333081.0,8b4029da,0.949
1456333081.0,c73ee079,0.969
1456333081.0,24e3af46,0.949
1456333081.0,f813fdc9,0.919
1456333081.0,1a2274d4,0.949
1456333081.0,7ab8a6b9,0.949
1456333081.0,dc9da122,0.929
1456333081.0,27f88bd4,0.934
1456333081.0,102299ad,0.939
1456333081.0,de28ebc0,0.939
1456333081.0,410d90fe,0.969
1456333081.0,766e7cd2,0.929
1456333081.0,259f0ed8,0.909
1456333081.0,466c174a,0.949
1456333081.0,5a599746,0.939
1456333081.0,5f817b41,0.939
1456333081.0,1660ed2f,0.949
1456333081.0,1ba4d2a5,0.919
1456333081.0,dde1b45b,0.939
1456333081.0,3f3762d6,0.939
1456333081.0,6b90433e,0.959
1456333081.0,d16d0a6e,0.989
1456333081.0,ad0bf4e5,0.959
1456333081.0,94642f21,0.929
1456333081.0,d8823f4b,0.929
1456333081.0,5f32b37f,0.949
1456333081.0,7616bc62,0.949
1456333081.0,c0d663b4,0.969
1456333081.0,6791f8cd,0.949
1456333081.0,ae7c1497,0.949
1456333081.0,fb46bd6e,0.979
1456333081.0,a2943eb8,0.949
1456333081.0,a6b2a7c9,0.949
1456333081.0,7f2dbefe,0.929
1456333081.0,d9077691,0.929
1456333081.0,430cbb77,0.959
1456333081.0,f8d0cb27,0.969
1456333081.0,5b37a40b,0.959
1456333081.0,2b8a1d9c,0.939
1456333081.0,cc4d2444,0.919
1456333081.0,8b0687ba,0.959
1456333081.0,dc4b8ae9,0.979
1456333081.0,6603174b,0.989
1456333081.0,623aaf90,0.949
1456333081.0,15bbe4b6,0.949
1456333081.0,642a4242,0.929
1456333081.0,a5b00954,0.969
1456333081.0,2c93cd27,0.949
1456333081.0,74903af4,0.909
1456333081.0,cfc3caef,0.959
1456333081.0,4263f1be,0.929
1456333081.0,b3c78089,0.959
1456333081.0,e854b79b,0.979
1456333081.0,89c96863,0.959
1456333081.0,d01e5e31,0.949
1456333081.0,aeb12459,0.969
1456333081.0,f60a2c42,0.969
1456333081.0,685a30f7,0.969
1456333081.0,37768192,0.939
1456333081.0,530591a4,0.924
1456333081.0,13cd1498,0.939
1456333081.0,7fc9d4ff,0.929
1456333081.0,49c222c8,0.949
1456333081.0,164df318,1.009
1456333081.0,718fb25f,0.939
1456333081.0,b204b97b,0.989
1456333081.0,550acd6a,0.939
1456333081.0,d3f0653f,0.959
1456333081.0,8b04f514,0.969
1456333081.0,f48460b9,0.949
1456333081.0,1bfb4c20,0.979
1456333081.0,c635730e,0.969
1456333081.0,046da538,0.989
1456333081.0,16cd7944,0.959
1456333081.0,71885813,0.999
1456333081.0,ec19c93a,0.969
1456333081.0,ae7d5dd1,0.929
1456333081.0,38624de7,0.949
1456333081.0,8b5cc87c,0.929
1456333081.0,f44d6f08,0.939
1456333081.0,7bfdb8c2,0.959
1456333081.0,4347f862,0.919
1456333081.0,a100fb36,0.969
1456333081.0,1aa38dcc,0.969
1456333081.0,0f93d061,0.969
1456333081.0,345de47d,0.989
1456333081.0,243cd548,0.949
1456333081.0,919fe547,0.959
1456333081.0,c4395b95,0.949
1456333081.0,29f1d304,0.909
1456333081.0,ebefc91b,0.969
1456333081.0,e82185b8,0.949
1456333081.0,aa7a4e3a,0.989
1456333081.0,69cf448c,0.969
1456333081.0,45e21f92,0.939
1456333081.0,23ea2729,0.969
1456333081.0,caf4c5e5,0.949
1456333081.0,80a74921,0.969
1456333081.0,9598f3ac,0.929
1456333081.0,37bb70be,0.969
1456333081.0,336c678f,0.929
1456333081.0,5cb6e8a5,0.939
1456333081.0,f6bf784e,0.949
1456333081.0,d45b556e,0.959
1456333081.0,bc6a3d8b,0.959
1456333081.0,8c1e3878,0.949
1456333081.0,d291a6c0,0.969
1456333081.0,570306b1,0.949
1456333081.0,e9e52898,0.949
1456333081.0,81c9cec5,0.949
1456333081.0,849a27f2,0.949
1456333081.0,536d9ac3,1.009
1456333081.0,9eebc5a7,0.939
1456333081.0,0fcfa459,0.899
1456333081.0,,0.949
1456333081.0,c39953ee,0.949
1456333081.0,4ff77c54,0.989
1456333081.0,58a7384f,0.939
1456333081.0,6bf6f02f,0.979
1456333081.0,900b80b7,0.939
1456333081.0,942c7429,0.919
1456333081.0,f55f0649,0.929
1456333081.0,4438eb3c,0.979
1456333081.0,e7e78c42,0.959
1456333081.0,450f3a21,0.959
1456333081.0,54bf86d1,0.939
1456333081.0,a8a26144,0.949
1456333081.0,,0.929
1456333081.0,96bf62ca,0.949
1456333081.0,05b24372,0.949
1456333081.0,c90ddd1c,0.989
1456333081.0,573b539e,0.949
1456333081.0,19c801a7,0.949
1456333081.0,6582ce6e,0.944
1456333081.0,f05206bf,0.949
1456333081.0,e6c2b040,0.949
1456333081.0,e7cf315e,0.949
1456333081.0,89911292,0.939
1456333081.0,078685c9,0.949
1456333081.0,ac1fc904,0.919
1456333081.0,209e8416,0.939
1456333081.0,8c2198f0,0.959
1456333081.0,,0.929
1456333081.0,5d9f0ce5,0.929
1456333081.0,1717d8ca,0.939
1456333081.0,307d645f,0.939
1456333081.0,fffcb866,0.939
1456333081.0,57b36972,0.959
1456333081.0,c0b165c5,0.969
1456333081.0,4a9b9c71,0.959
1456333081.0,bbb7883b,0.944
1456333081.0,44daa76b,0.929
1456333081.0,fca43092,0.969
1456333081.0,c6cff611,0.939
1456333081.0,58d65b27,0.969
1456333081.0,,0.969
1456333081.0,035ff990,0.939
1456333081.0,3e2d7201,0.929
1456333081.0,293e1b9a,0.909
1456333081.0,c41ce805,0.969
1456333081.0,890bbb28,0.979
1456333081.0,01e0d345,0.939
1456333081.0,efdbec8f,0.929
1456333081.0,915f4559,0.949
1456333081.0,6e1a006b,0.919
1456333081.0,ae7f358a,0.979
1456333081.0,b7496873,0.929
1456333081.0,ba0b1d1f,0.959
1456333081.0,db21940b,0.929
1456333081.0,2a684001,0.929
1456333081.0,8c7525a6,0.949
1456333081.0,810fc069,0.919
1456333081.0,a49f5d4b,0.939
1456333081.0,be2df1d8,0.929
1456333081.0,305cecfe,0.959
1456333081.0,eeca31d3,0.979
1456333081.0,c984e1be,0.919
1456333081.0,79b4bdb6,0.979
1456333081.0,d2e84b49,0.909
1456333081.0,c368907a,0.959
1456333081.0,66651818,0.939
1456333081.0,b883c155,0.949
1456333081.0,a0088371,0.969
1456333081.0,fd7d736f,0.949
1456333081.0,47c753f1,0.959
1456333081.0,1d4a06c1,0.969
1456333081.0,9220c62a,0.929
1456333081.0,6b47dc33,0.939
1456333081.0,30865e09,0.969
1456333081.0,0955d064,0.949
1456333081.0,351dd222,0.909
1456333081.0,69877eac,0.929
1456333081.0,75c71a8b,0.939
1456333081.0,91742e49,0.989
1456333081.0,bbdcf660,0.949
1456333081.0,67c5b01c,0.929
1456333081.0,76ab87bf,0.919
1456333081.0,a60237e8,0.979
1456333081.0,576c1f5f,0.979
1456333081.0,06c6ad62,0.969
1456333081.0,,0.959
1456333081.0,04486e6c,0.939
1456333081.0,1809b397,0.924
1456333081.0,6c2fb45c,0.939
1456333081.0,77b1dec8,0.919
1456333081.0,bea1993d,0.959
1456333081.0,08911c61,0.929
1456333081.0,5dc3decc,0.979
1456333081.0,b8b66437,0.939
1456333081.0,96d9319b,0.929
1456333081.0,7406d60c,0.959
1456333081.0,b0043b5a,0.949
1456333081.0,913c557b,0.979
1456333081.0,594fc2e9,0.949
1456333081.0,488fcdf2,0.929
1456333081.0,0664aa97,0.959
1456333081.0,d25d3d18,0.959
1456333081.0,26e1a0a7,0.929
1456333081.0,ded8bee6,0.929
1456333081.0,f1f120d5,0.929
1456333321.0,8f921904,0.929
1456333321.0,ad1f45e5,0.929
1456333321.0,0d102e85,0.909
1456333321.0,29076544,0.909
1456333321.0,bd100d45,0.909
1456333321.0,4721133a,0.909
1456333321.0,720d6cbc,0.949
1456333321.0,f131e26a,0.919
1456333321.0,1aa24614,0.959
1456333321.0,7828885e,0.919
1456333321.0,82781b7c,0.939
1456333321.0,a23b6ab7,0.959
1456333321.0,1a2a17d8,0.939
1456333321.0,7787058a,0.959
1456333321.0,fbbb030d,0.949
1456333321.0,4f0ba2cc,0.969
1456333321.0,4764c22b,0.969
1456333321.0,80835ea0,0.929
1456333321.0,bca31534,0.949
1456333321.0,e790ca88,0.919
1456333321.0,0e6ac101,0.929
1456333321.0,01decbb4,0.939
1456333321.0,22878111,0.919
1456333321.0,7def65cf,0.929
1456333321.0,16e07801,0.939
1456333321.0,00d1a6ab,0.959
1456333321.0,b3141223,1.009
1456333321.0,85a9ebeb,0.989
1456333321.0,85bcd8a9,0.949
1456333321.0,67b9bbe5,0.939
1456333321.0,07971b4b,0.949
1456333321.0,47396921,0.919
1456333321.0,24696b6f,0.919
1456333321.0,95402468,0.929
1456333321.0,c4d4fdc6,0.949
1456333321.0,f2c567b7,0.939
1456333321.0,c5f0fecb,0.939
1456333321.0,a1b6608c,0.949
1456333321.0,fce0e5a7,0.909
1456333321.0,ab133851,0.949
1456333321.0,,0.979
1456333321.0,ae779650,0.959
1456333321.0,2759b04f,1.079
1456333321.0,fad81120,0.919
1456333321.0,c6771c57,0.959
1456333321.0,31bc02c2,0.979
1456333321.0,6ef6d6cb,0.939
1456333321.0,ccd8aac4,0.929
1456333321.0,e3bd3d52,0.939
1456333321.0,c219585c,0.989
1456333321.0,e8ad44f5,0.959
1456333321.0,0e6a4b4f,0.959
1456333321.0,bd27cbdf,0.969
1456333321.0,400f9abd,0.939
1456333321.0,2ec1652c,0.939
1456333321.0,4be880d0,0.949
1456333321.0,8b670386,0.969
1456333321.0,5aa86555,0.949
1456333321.0,7ab8a6b9,0.949
1456333321.0,fd43a211,0.939
1456333321.0,e246da13,0.949
1456333321.0,251d80d6,0.929
1456333321.0,da9f2014,0.949
1456333321.0,d8d9760b,0.969
1456333321.0,e8716217,0.929
1456333321.0,ddefb778,0.989
1456333321.0,a4a196e4,0.939
1456333321.0,cffd6e1f,1.009
1456333321.0,07b98643,0.939
1456333321.0,e527ee65,0.949
1456333321.0,3271e76a,0.959
1456333321.0,fdfab0b9,0.939
1456333321.0,3615bb32,0.959
1456333321.0,fd334dae,0.939
1456333321.0,3f3762d6,0.939
1456333321.0,f1ba09c1,0.939
1456333321.0,bdd20cc3,0.949
1456333321.0,d2a69e6d,0.939
1456333321.0,a0f09d1a,0.959
1456333321.0,7e5a6d3f,0.899
1456333321.0,4c0e3547,0.899
1456333321.0,7174859c,0.939
1456333321.0,925f335a,0.939
1456333321.0,cef28ece,0.899
1456333321.0,b3fefca1,0.919
1456333321.0,54d2b984,0.909
1456333321.0,6bf68abb,0.929
1456333321.0,10e899a5,0.909
1456333321.0,202ac153,0.919
1456333321.0,7694edff,0.939
1456333321.0,6e3aab0e,0.959
1456333321.0,2a99bdaf,0.929
1456333321.0,0b7c0786,0.919
1456333321.0,253ddd10,0.909
1456333321.0,3056759f,0.909
1456333321.0,6d9dcb86,0.919
1456333321.0,ca724a33,0.939
1456333321.0,6a9f29fb,0.949
1456333321.0,a409f033,0.949
1456333321.0,cc42928d,0.949
1456333321.0,cc9dcdfc,0.919
1456333321.0,0ef5bf4d,0.929
1456333321.0,9daabce1,0.939
1456333321.0,5dd99d7f,0.949
1456333321.0,ce6487d7,0.959
1456333321.0,5d362644,0.939
1456333321.0,18e554be,0.919
1456333321.0,857a97e0,0.929
1456333321.0,b067bcf6,0.929
1456333321.0,7e7694a3,0.939
1456333321.0,f67b6a8f,0.949
1456333321.0,e3667c9c,0.899
1456333321.0,decc5fc7,0.919
1456333321.0,2fbedc98,0.919
1456333321.0,a7984b2a,0.899
1456333321.0,0d26cc8d,0.939
1456333321.0,bde67b17,0.949
1456333321.0,83748919,0.929
1456333321.0,21ffc684,0.949
1456333321.0,9f37e0a2,0.949
1456333321.0,d31bbfba,0.979
1456333321.0,d023c7ae,0.949
1456333321.0,75e3e514,0.939
1456333321.0,c9a19301,0.959
1456333321.0,555992c9,0.929
1456333321.0,d3d9b662,0.939
1456333321.0,bfc6b6eb,0.919
1456333321.0,5082e3d6,0.939
1456333321.0,ae7c1497,0.949
1456333321.0,782c1225,0.959
1456333321.0,,0.939
1456333321.0,8da197a5,0.949
1456333321.0,fbcad1cd,0.929
1456333321.0,e00e317c,0.969
1456333321.0,26f7c61c,0.899
1456333321.0,6f59ab1a,0.944
1456333321.0,443ae02b,0.949
1456333321.0,465ed67d,0.949
1456333321.0,96407ff6,0.949
1456333321.0,68492860,0.949
1456333321.0,ec810259,0.939
1456333321.0,f91caef6,0.919
1456333321.0,5e1008fc,0.989
1456333321.0,dd4af19d,0.959
1456333321.0,c00a63fa,0.949
1456333321.0,3435fb8d,0.979
1456333321.0,a41bb594,0.909
1456333321.0,c26a49db,0.949
1456333321.0,65aa334d,0.949
1456333321.0,e58aa567,0.979
1456333321.0,db0dfab2,0.919
1456333321.0,b4c8d60e,0.919
1456333321.0,507bacc5,0.969
1456333321.0,f7664845,0.949
1456333321.0,4d541f34,0.949
1456333321.0,2844ce37,0.959
1456333321.0,e837786a,0.959
1456333321.0,a40e21ff,0.908
1456333321.0,75b73329,0.989
1456333321.0,5f71144d,0.929
1456333321.0,f7f58a1b,0.959
1456333321.0,563c9041,0.929
1456333321.0,6313d441,0.909
1456333321.0,33a1193c,0.969
1456333321.0,9d2a511e,0.979
1456333321.0,4b92e661,0.959
1456333321.0,181dcd43,0.969
1456333321.0,49925c42,0.929
1456333321.0,997de382,0.959
1456333321.0,d2646278,0.969
1456333321.0,71885813,0.999
1456333321.0,a2be7bcb,0.929
1456333321.0,f6c091f9,0.949
1456333321.0,d3c31af6,0.929
1456333321.0,bde563ae,0.949
1456333321.0,5fd232c2,0.909
1456333321.0,6f03c04e,0.929
1456333321.0,9d3b9bdc,0.939
1456333321.0,0a42099e,0.969
1456333321.0,39c2a91f,0.929
1456333321.0,43cde591,0.959
1456333321.0,efc6fe63,0.939
1456333321.0,d717e4c7,0.929
1456333321.0,ebb75b25,0.939
1456333321.0,00c62f03,0.969
1456333321.0,830faf16,0.949
1456333321.0,538bd786,0.889
1456333321.0,69cf448c,0.959
1456333321.0,c46c7e06,0.939
1456333321.0,4d916c9b,0.949
1456333321.0,a6443453,0.919
1456333321.0,8d8152a0,0.949
1456333321.0,fea5f4ce,0.989
1456333321.0,5a77d43f,0.919
1456333321.0,07aab62d,0.919
1456333321.0,02d10a00,0.969
1456333321.0,689f962f,0.959
1456333321.0,21362c5e,0.929
1456333321.0,7232ac4c,0.929
1456333321.0,bc55dda5,0.929
1456333321.0,bc4f26f3,0.959
1456333321.0,85fc0347,0.969
1456333321.0,4e8aa2e9,0.959
1456333321.0,6b5979c5,0.919
1456333321.0,e9e52898,0.949
1456333321.0,9aadb3f4,0.999
1456333321.0,b862e775,0.949
1456333321.0,b2c3faec,0.949
1456333321.0,16ff16ba,0.929
1456333321.0,5ff6d4e2,0.969
1456333321.0,ce6b83b7,0.969
1456333321.0,7415aab2,0.939
1456333321.0,09aa4f77,0.919
1456333321.0,7e6785e2,0.989
1456333321.0,682730ca,0.929
1456333321.0,5f6ca326,0.959
1456333321.0,493eff35,0.969
1456333321.0,6e17970f,0.979
1456333321.0,9c7eab32,0.979
1456333321.0,2e64cc2e,0.969
1456333321.0,37741f9a,0.949
1456333321.0,c09f1e3e,0.979
1456333321.0,60625072,0.959
1456333321.0,a395cb1b,0.939
1456333321.0,2edd040a,0.989
1456333321.0,7e388e10,0.969
1456333321.0,30cf0bb4,0.969
1456333321.0,e21e887d,0.959
1456333321.0,4e5b883c,0.939
1456333321.0,793351ef,0.919
1456333321.0,6d10b873,0.929
1456333321.0,9e184682,0.939
1456333321.0,26d58413,0.919
1456333321.0,d790573d,0.919
1456333321.0,22a0ccda,0.919
1456333321.0,680fd459,0.939
1456333321.0,eb3c6430,0.949
1456333321.0,496612a8,0.959
1456333321.0,ed0f06c1,0.959
1456333321.0,1231b9e1,0.909
1456333321.0,b962ee53,0.959
1456333321.0,309a250b,0.909
1456333321.0,b5883920,0.949
1456333321.0,028d28be,0.939
1456333321.0,b6972fc0,0.929
1456333321.0,459be729,0.944
1456333321.0,ac12c84c,0.959
1456333321.0,0d6640ae,0.929
1456333321.0,d195f0c9,0.959
1456333321.0,e526650e,0.919
1456333321.0,dfa90483,0.919
1456333321.0,915f4559,0.939
1456333321.0,,0.969
1456333321.0,62d05b95,0.939
1456333321.0,ba0b1d1f,0.949
1456333321.0,35c85b81,0.919
1456333321.0,db21940b,0.919
1456333321.0,8c7525a6,0.949
1456333321.0,e567333d,0.929
1456333321.0,90bcaabc,0.919
1456333321.0,eeca31d3,0.969
1456333321.0,332ba2e4,0.909
1456333321.0,c313d773,0.939
1456333321.0,ab829e65,0.959
1456333321.0,2bbb3f4f,0.969
1456333321.0,b894b272,0.979
1456333321.0,676f4e53,0.919
1456333321.0,e64fba92,0.939
1456333321.0,9d4458f3,0.949
1456333321.0,b2e5f301,0.949
1456333321.0,a937e574,0.959
1456333321.0,0290e578,0.939
1456333321.0,f0c6ab59,0.959
1456333321.0,6d0c8ba1,0.949
1456333321.0,76186cf8,0.959
1456333321.0,1b7f7503,0.979
1456333321.0,e8ecece5,0.939
1456333321.0,e38fc560,0.939
1456333321.0,b7d1ee3a,0.959
1456333321.0,bfe1fb46,0.959
1456333321.0,b6ac7c95,0.929
1456333321.0,3106c23c,0.939
1456333321.0,2e745c93,0.929
1456333321.0,0b37f4f1,0.939
1456333321.0,01e3af77,0.919
1456333321.0,24e4f125,0.969
1456333561.0,bf66734b,0.959
1456333561.0,2fbb9c5a,0.939
1456333561.0,f58434d3,0.929
1456333561.0,17b8eb16,0.929
1456333561.0,87369318,0.929
1456333561.0,,0.929
1456333561.0,c8fad469,0.959
1456333561.0,2073a897,0.929
1456333561.0,ee22ef31,0.939
1456333561.0,58d48103,0.949
1456333561.0,7715f72c,0.959
1456333561.0,f7665440,0.959
1456333561.0,7e0a33b2,0.939
1456333561.0,eedec9cc,0.919
1456333561.0,3f147b18,0.919
1456333561.0,6a8dc69b,0.969
1456333561.0,ca5390ed,0.929
1456333561.0,271e2be1,0.949
1456333561.0,a8f5bb50,0.919
1456333561.0,4281b5d2,0.919
1456333561.0,4aaa267e,0.939
1456333561.0,bf4ccf7b,0.969
1456333561.0,b60e1ffb,0.989
1456333561.0,332c6cef,0.959
1456333561.0,eab170ca,0.909
1456333561.0,1fb105e7,0.949
1456333561.0,c7042a91,0.949
1456333561.0,16e07801,0.939
1456333561.0,e401b629,0.979
1456333561.0,4a523aab,0.969
1456333561.0,0670c33b,0.969
1456333561.0,68938096,0.929
1456333561.0,e37ae88a,0.929
1456333561.0,2b60b515,0.969
1456333561.0,2b39ff64,0.949
1456333561.0,b7502504,0.929
1456333561.0,c28f67a8,0.939
1456333561.0,8feda8b5,0.959
1456333561.0,9f4abaf3,0.939
1456333561.0,9cff31f0,0.939
1456333561.0,07d22eab,0.944
1456333561.0,ab89240b,0.959
1456333561.0,4b788d2a,0.959
1456333561.0,d3b39801,0.949
1456333561.0,49ea5327,0.939
1456333561.0,49a12bf4,0.939
1456333561.0,d5eb41ec,0.939
1456333561.0,930fbc1c,0.969
1456333561.0,f5c869d0,0.919
1456333561.0,00bb9689,0.939
1456333561.0,15b99812,0.939
1456333561.0,0108f899,0.949
1456333561.0,9b71f290,0.919
1456333561.0,993479c7,0.929
1456333561.0,6881e83e,0.969
1456333561.0,5e363c03,0.919
1456333561.0,189a4381,0.939
1456333561.0,4130795c,0.949
1456333561.0,e93a322c,0.959
1456333561.0,9a4d188a,0.969
1456333561.0,ebd5c64b,0.939
1456333561.0,c89e4e5e,0.959
1456333561.0,dc57dd3e,0.949
1456333561.0,2ebdf5e8,0.959
1456333561.0,dbca9739,0.949
1456333561.0,c372d047,0.929
1456333561.0,6baeb328,0.969
1456333561.0,e57dfb90,1.009
1456333561.0,,0.949
1456333561.0,369ee914,0.949
1456333561.0,62ebae64,0.949
1456333561.0,1d0693d6,0.969
1456333561.0,95712e33,0.969
1456333561.0,da6cfb62,0.969
1456333561.0,4917f7ee,0.919
1456333561.0,3fcbe3b5,0.969
1456333561.0,57b4fcab,0.949
1456333561.0,348f6171,0.939
1456333561.0,bebb76d2,0.939
1456333561.0,241a49d8,0.949
1456333561.0,f7bef751,0.969
1456333561.0,b52679e9,0.949
1456333561.0,4be768df,0.929
1456333561.0,68d28369,0.939
1456333561.0,734783d7,0.939
1456333561.0,5d59e18d,0.964
1456333561.0,0720fedb,0.929
1456333561.0,fc7209ce,0.959
1456333561.0,c43140bc,0.949
1456333561.0,2cd4012d,0.929
1456333561.0,bce1fe2d,0.899
1456333561.0,65154942,0.949
1456333561.0,a426c65f,0.959
1456333561.0,2b8e75ca,0.939
1456333561.0,fcd1aad6,0.929
1456333561.0,cc367c32,0.939
1456333561.0,475801e2,0.959
1456333561.0,2205a893,0.959
1456333561.0,658cce02,0.939
1456333561.0,c7a00e1c,0.929
1456333561.0,c296d5cd,0.919
1456333561.0,8c807692,0.949
1456333561.0,cc4e0122,0.939
1456333561.0,8a338e32,0.899
1456333561.0,91f0a0fd,0.919
1456333561.0,25e13742,0.929
1456333561.0,874e2798,0.959
1456333561.0,d9132efc,0.969
1456333561.0,49a9b4e0,0.979
1456333561.0,aa6b62c4,0.919
1456333561.0,9d2005fa,0.969
1456333561.0,17651816,0.969
1456333561.0,89255a1b,0.939
1456333561.0,a7f53ccb,0.939
1456333561.0,881e9700,0.949
1456333561.0,1f37368c,0.929
1456333561.0,cc477c7c,0.919
1456333561.0,c2648ee3,0.929
1456333561.0,5325ade4,0.959
1456333561.0,a7c128b6,0.979
1456333561.0,14ab7113,0.959
1456333561.0,bbc65417,0.939
1456333561.0,76f44572,0.929
1456333561.0,b4be46ac,0.924
1456333561.0,474197ee,0.969
1456333561.0,615f2b40,0.929
1456333561.0,83079e85,0.959
1456333561.0,db26ca9c,0.959
1456333561.0,252bd95d,0.959
1456333561.0,56d1fe2a,0.939
1456333561.0,42e838c7,0.929
1456333561.0,1ea58c14,0.959
1456333561.0,09a0b63a,0.929
1456333561.0,bd8f68d2,0.969
1456333561.0,91e45e6a,0.949
1456333561.0,682a7b74,0.949
1456333561.0,d0e41b74,0.969
1456333561.0,13cc1bf8,0.959
1456333561.0,920f6cbb,0.949
1456333561.0,0fa50e56,0.949
1456333561.0,2229a37a,0.919
1456333561.0,f5a51e57,0.939
1456333561.0,54fc2b4c,0.949
1456333561.0,aa2cc83b,0.949
1456333561.0,3435fb8d,0.979
1456333561.0,9dc9d249,0.949
1456333561.0,44a2c936,0.979
1456333561.0,ccaf0017,0.929
1456333561.0,87c05c40,0.949
1456333561.0,d0465699,0.939
1456333561.0,c1bc16cb,0.989
1456333561.0,790402b3,0.909
1456333561.0,,0.979
1456333561.0,9443935d,0.979
1456333561.0,01f93c7c,0.959
1456333561.0,3bee1311,0.939
1456333561.0,27d7ba56,0.929
1456333561.0,d63e056b,0.939
1456333561.0,11e2fc79,0.929
1456333561.0,57caca32,0.979
1456333561.0,77c875bb,0.969
1456333561.0,3eaf47de,0.949
1456333561.0,f5610fa8,0.949
1456333561.0,8b783ddd,0.929
1456333561.0,5e3d40d3,0.939
1456333561.0,76e0688e,0.939
1456333561.0,c085267d,0.979
1456333561.0,,0.959
1456333561.0,,0.989
1456333561.0,8e940b00,0.939
1456333561.0,93a15b8e,0.959
1456333561.0,60ad081f,0.949
1456333561.0,f4788388,0.949
1456333561.0,ec3feaec,0.949
1456333561.0,a59acdf3,0.919
1456333561.0,9d2a511e,0.969
1456333561.0,ba7cab9b,0.969
1456333561.0,840be68f,0.959
1456333561.0,c27cff48,0.929
1456333561.0,4110a4d8,0.959
1456333561.0,9520e162,0.939
1456333561.0,9f816ba2,0.929
1456333561.0,9042df2b,0.949
1456333561.0,62e0bf83,0.989
1456333561.0,daae231d,0.979
1456333561.0,f8947f1b,0.949
1456333561.0,a9f445d8,0.959
1456333561.0,433a5787,0.939
1456333561.0,67a88200,0.959
1456333561.0,56550517,0.989
1456333561.0,e3669521,0.969
1456333561.0,27825143,0.919
1456333561.0,7934cb40,0.949
1456333561.0,9c59b375,0.979
1456333561.0,6de5506e,0.929
1456333561.0,2a365ba8,0.949
1456333561.0,201b87a9,0.969
1456333561.0,5ff01128,0.939
1456333561.0,b6a10cdf,0.919
1456333561.0,229bb6b8,0.949
1456333561.0,2e589edd,0.919
1456333561.0,fb34a733,0.959
1456333561.0,,0.939
1456333561.0,47019357,0.949
1456333561.0,a17c7f62,0.919
1456333561.0,7f8a14da,0.939
1456333561.0,c1a93b91,0.929
1456333561.0,2601854e,0.929
1456333561.0,a813c756,0.979
1456333561.0,1f82b6fb,0.959
1456333561.0,d73f85dd,0.939
1456333561.0,6514f251,0.929
1456333561.0,63a8e437,0.939
1456333561.0,570306b1,0.939
1456333561.0,827dc8bb,0.939
1456333561.0,56afcb19,0.929
1456333561.0,38ad9bbf,0.939
1456333561.0,9c47cca4,0.949
1456333561.0,e78a8608,0.979
1456333561.0,63111fa6,0.939
1456333561.0,1685cf9c,0.954
1456333561.0,46e5123e,0.939
1456333561.0,c7028794,0.959
1456333561.0,168f1ca6,0.979
1456333561.0,8ce1b5f8,0.949
1456333561.0,b4e0667f,0.959
1456333561.0,2ad0a689,0.959
1456333561.0,bb091511,0.939
1456333561.0,2f70ad86,0.949
1456333561.0,4579a85c,0.939
1456333561.0,cfc7df71,0.969
1456333561.0,d5b64c05,0.939
1456333561.0,003e03fc,0.969
1456333561.0,a33116a4,0.929
1456333561.0,922d7fa3,0.929
1456333561.0,c09f1e3e,0.949
1456333561.0,f8ab4e9f,0.939
1456333561.0,9ab966b7,0.959
1456333561.0,d20a9f5b,0.929
1456333561.0,e1eebe52,0.949
1456333561.0,13e237c2,0.949
1456333561.0,b81c2aae,1.009
1456333561.0,dc07718c,0.939
1456333561.0,ad29f10c,0.939
1456333561.0,d7d071dd,0.949
1456333561.0,c4348493,0.959
1456333561.0,e17ef357,0.929
1456333561.0,b2b29318,0.989
1456333561.0,5fc37dfd,0.979
1456333561.0,14da1401,0.949
1456333561.0,a8982e14,0.959
1456333561.0,956c6d65,0.929
1456333561.0,111e657f,0.929
1456333561.0,40dffb00,0.939
1456333561.0,1580fa52,0.959
1456333561.0,857545c7,0.979
1456333561.0,7ee5da0f,0.949
1456333561.0,b6972fc0,0.919
1456333561.0,3ce106d3,0.939
1456333561.0,4ab47d1a,0.929
1456333561.0,73af7048,0.929
1456333561.0,3a0a2d0d,0.939
1456333561.0,31cd43d6,0.929
1456333561.0,0d6640ae,0.919
1456333561.0,94b48398,0.939
1456333561.0,a1aa5fd5,0.949
1456333561.0,9f02c9d0,0.959
1456333561.0,0b4a487b,0.949
1456333561.0,e05f9010,0.939
1456333561.0,c2caedd9,0.929
1456333561.0,740982ff,0.939
1456333561.0,957e19a6,0.919
1456333561.0,5cb13083,0.929
1456333561.0,,0.919
1456333561.0,fc086bfa,0.969
1456333561.0,20ac7ec9,0.949
1456333561.0,48194f3c,0.969
1456333561.0,d74906d1,0.969
1456333561.0,dc387962,0.939
1456333561.0,eecd4599,0.939
1456333561.0,69174994,0.949
1456333561.0,84491c5b,0.959
1456333561.0,91fe985a,0.919
1456333561.0,a60237e8,0.969
1456333561.0,0cc05186,0.939
1456333561.0,672c6cfd,0.979
1456333561.0,836023d3,0.969
1456333561.0,3af8e691,0.949
1456333561.0,345d440e,0.939
1456333561.0,42ac1f52,0.939
1456333561.0,23f3fdd2,0.929
1456333561.0,3e4dabe9,0.969
1456333561.0,82c54482,0.949
1456333561.0,22609e3d,0.929
1456333561.0,7dc477e0,0.929
1456333561.0,16b7ada0,0.944
1456333561.0,c9d5e94d,0.959
1456333561.0,749d3c9d,1.029
1456333801.0,04e35776,0.949
1456333801.0,88693ceb,0.949
1456333801.0,ef2c1942,0.919
1456333801.0,e75954a3,0.949
1456333801.0,e8ce1950,0.929
1456333801.0,4af328a9,0.919
1456333801.0,5ba0dc8d,0.929
1456333801.0,29076544,0.909
1456333801.0,722c316b,0.899
1456333801.0,d685db42,0.909
1456333801.0,692e3609,0.919
1456333801.0,d355e704,0.909
1456333801.0,4818c908,0.899
1456333801.0,e6289f57,0.909
1456333801.0,19838731,0.929
1456333801.0,440eff71,0.929
1456333801.0,7f7f6b17,0.919
1456333801.0,9dd86999,0.919
1456333801.0,58e4c668,0.949
1456333801.0,6bf76c78,0.919
1456333801.0,86d5dab8,0.949
1456333801.0,939e85bc,0.919
1456333801.0,a557a7d1,0.919
1456333801.0,1c83ff33,0.939
1456333801.0,37649bcc,0.929
1456333801.0,dfb47eed,0.909
1456333801.0,731a1055,0.919
1456333801.0,922129f9,0.919
1456333801.0,a790f6d4,0.919
1456333801.0,e396466d,0.919
1456333801.0,085b13da,0.919
1456333801.0,0b18086e,0.949
1456333801.0,09da3c04,0.909
1456333801.0,285cf254,0.959
1456333801.0,b7dba17c,0.939
1456333801.0,74eff60f,0.939
1456333801.0,9b9dfb22,0.959
1456333801.0,87fbb61d,0.949
1456333801.0,061deeda,0.929
1456333801.0,5b042101,0.929
1456333801.0,6bfedfb9,0.969
1456333801.0,1a56d0e9,0.949
1456333801.0,375f0e67,0.919
1456333801.0,ff6209cb,0.969
1456333801.0,667e0f37,0.909
1456333801.0,286c1902,0.959
1456333801.0,30029614,0.989
1456333801.0,7787058a,0.959
1456333801.0,42a9168f,0.969
1456333801.0,1650734b,0.979
1456333801.0,21a0bd76,0.959
1456333801.0,adb530b9,0.949
1456333801.0,df7fa5fe,0.929
1456333801.0,1569342b,0.949
1456333801.0,eca6ad54,0.929
1456333801.0,a51232d3,0.979
1456333801.0,a271e835,0.949
1456333801.0,c94cdc6e,0.949
1456333801.0,4af5893f,0.939
1456333801.0,161691b3,0.949
1456333801.0,68938096,0.929
1456333801.0,d8de669b,0.969
1456333801.0,00d1a6ab,0.959
1456333801.0,aa9c4d31,0.909
1456333801.0,60cf6168,0.979
1456333801.0,faddd104,0.929
1456333801.0,d367f64c,0.939
1456333801.0,365236e8,0.979
1456333801.0,010520ef,0.939
1456333801.0,e8c3f262,0.939
1456333801.0,4f1ec633,0.949
1456333801.0,06594e01,0.939
1456333801.0,89394d4f,0.939
1456333801.0,ed56981f,0.959
1456333801.0,95402468,0.919
1456333801.0,8d3bf964,0.949
1456333801.0,60a41d4c,0.959
1456333801.0,ea942936,0.919
1456333801.0,be3c20ef,0.959
1456333801.0,45d8dea2,0.949
1456333801.0,0f7d325c,0.969
1456333801.0,f5b0ba52,0.949
1456333801.0,0a9ae940,0.979
1456333801.0,,0.979
1456333801.0,7d9e71ad,0.959
1456333801.0,0567b4b5,0.959
1456333801.0,09be7dd3,0.949
1456333801.0,778c7dfa,0.959
1456333801.0,d596df4f,0.959
1456333801.0,253839e1,0.929
1456333801.0,83cdf5cb,0.939
1456333801.0,61907898,0.979
1456333801.0,a08d8ae6,0.919
1456333801.0,990318d3,0.959
1456333801.0,,0.969
1456333801.0,88ae9f44,0.959
1456333801.0,059e6005,0.969
1456333801.0,41182762,0.939
1456333801.0,34525e5b,0.949
1456333801.0,4cd75c68,0.919
1456333801.0,2947866d,0.939
1456333801.0,d8c88922,0.939
1456333801.0,fc76fd7c,0.919
1456333801.0,4359dc60,0.959
1456333801.0,8b4029da,0.939
1456333801.0,4aa4382f,0.989
1456333801.0,d15d1648,0.939
1456333801.0,fd43a211,0.939
1456333801.0,c3450ec5,0.939
1456333801.0,9b7becbc,0.959
1456333801.0,eea98c31,0.959
1456333801.0,d36c0bc0,0.949
1456333801.0,39c5a6e0,0.979
1456333801.0,9cd2e129,0.939
1456333801.0,fca1ea0f,0.939
1456333801.0,6be455b0,0.969
1456333801.0,d80a7ccf,0.929
1456333801.0,badafb9a,0.929
1456333801.0,b840a41d,0.949
1456333801.0,f9466962,0.939
1456333801.0,,0.959
1456333801.0,53df0ec3,0.939
1456333801.0,de8b3026,0.919
1456333801.0,034b845e,0.959
1456333801.0,a9e7d486,0.959
1456333801.0,6d76c77e,0.949
1456333801.0,fe4f9d49,0.939
1456333801.0,67185f46,0.929
1456333801.0,07ff93d9,0.969
1456333801.0,990356d6,0.929
1456333801.0,a8f01af7,0.939
1456333801.0,5991ce93,0.939
1456333801.0,181a93a7,0.919
1456333801.0,5082e3d6,0.949
1456333801.0,b30ca48e,0.949
1456333801.0,9279854d,0.939
1456333801.0,2ebb5677,0.919
1456333801.0,c2648ee3,0.924
1456333801.0,7c1d5106,0.969
1456333801.0,a6a91c87,0.949
1456333801.0,42fc2804,0.989
1456333801.0,1ae63c31,0.939
1456333801.0,dac2d51e,0.949
1456333801.0,067693f6,0.959
1456333801.0,,0.939
1456333801.0,486e56d0,0.899
1456333801.0,1cf625f0,0.939
1456333801.0,c7cc37d7,0.989
1456333801.0,2da4b2d5,0.919
1456333801.0,bcce0991,0.939
1456333801.0,24e573e4,0.949
1456333801.0,cdf2f211,0.949
1456333801.0,316fd7de,0.919
1456333801.0,651f23fd,0.989
1456333801.0,f2a783d7,0.979
1456333801.0,abe05883,0.989
1456333801.0,4e1da1a2,0.919
1456333801.0,07991b53,0.929
1456333801.0,877e2550,0.969
1456333801.0,6f118420,0.979
1456333801.0,940dcd62,0.979
1456333801.0,fe85d975,0.929
1456333801.0,dae657d5,0.989
1456333801.0,15b53516,0.919
1456333801.0,e62672b9,0.959
1456333801.0,5c3d3863,0.979
1456333801.0,b145875f,0.954
1456333801.0,26d674df,0.929
1456333801.0,34df7d57,0.959
1456333801.0,838df899,0.929
1456333801.0,e512031e,0.939
1456333801.0,4dc73eb8,0.969
1456333801.0,6a2035ad,0.939
1456333801.0,24afea5b,0.969
1456333801.0,f960ce49,0.949
1456333801.0,0f6f38a4,0.949
1456333801.0,bc723644,0.939
1456333801.0,5c70351c,0.939
1456333801.0,a1949b24,0.949
1456333801.0,c88d1f3b,0.949
1456333801.0,02d133f6,0.959
1456333801.0,59c464b8,0.939
1456333801.0,8f098aa2,0.959
1456333801.0,ceb2372e,0.939
1456333801.0,6321db63,0.919
1456333801.0,c85c34c2,0.939
1456333801.0,7eb76101,0.989
1456333801.0,7f9596ee,0.969
1456333801.0,5626cf3c,0.949
1456333801.0,1ee9a733,0.949
1456333801.0,37a893dc,0.929
1456333801.0,88ec76d7,0.959
1456333801.0,98c5755b,0.949
1456333801.0,a2459543,0.969
1456333801.0,43ebfdc2,0.929
1456333801.0,543855ac,0.959
1456333801.0,aae959c2,0.919
1456333801.0,9ca777a2,0.939
1456333801.0,b632c5ee,0.939
1456333801.0,8068a1a0,0.919
1456333801.0,7bfdb8c2,0.959
1456333801.0,4a9b4bb1,0.949
1456333801.0,f7fc57ea,0.959
1456333801.0,c57c6085,0.939
1456333801.0,d404277d,0.939
1456333801.0,,0.919
1456333801.0,ce0bd00f,0.929
1456333801.0,432fc77d,0.949
1456333801.0,c394bd6a,0.969
1456333801.0,21045357,0.949
1456333801.0,ab8081a0,0.969
1456333801.0,275898da,0.959
1456333801.0,efb43212,0.969
1456333801.0,822601b1,0.959
1456333801.0,864d06ee,0.949
1456333801.0,c2123d31,0.929
1456333801.0,c126260f,0.969
1456333801.0,7902adc7,0.919
1456333801.0,,0.939
1456333801.0,52658688,0.949
1456333801.0,a8310af0,0.959
1456333801.0,11ed7bd3,0.969
1456333801.0,04762b7c,0.959
1456333801.0,edb096b5,0.979
1456333801.0,48a1c30a,0.929
1456333801.0,73242acd,0.909
1456333801.0,989cb65d,0.949
1456333801.0,a0b4fcec,0.939
1456333801.0,5e613253,0.929
1456333801.0,15b3db43,0.939
1456333801.0,94d24f55,0.949
1456333801.0,4c6fce6c,0.939
1456333801.0,29bcdad5,0.929
1456333801.0,b43aab28,0.939
1456333801.0,41d19376,0.949
1456333801.0,c7804480,1.009
1456333801.0,25365ee8,0.929
1456333801.0,dce58b64,0.929
1456333801.0,a5f25877,0.939
1456333801.0,31ae92da,0.909
1456333801.0,17475683,0.959
1456333801.0,f06281fb,0.949
1456333801.0,72d26b77,0.939
1456333801.0,a278bd43,0.969
1456333801.0,0c58647e,0.969
1456333801.0,c2039560,0.949
1456333801.0,9c47cca4,0.949
1456333801.0,79a7959f,0.959
1456333801.0,f29f4dbd,0.949
1456333801.0,0c37347b,0.939
1456333801.0,6357dca2,0.929
1456333801.0,5ef62f10,0.949
1456333801.0,4db7ed00,0.939
1456333801.0,e871117c,0.954
1456333801.0,ed554144,0.939
1456333801.0,74864c80,0.969
1456333801.0,91cac178,0.929
1456333801.0,9e7d95ec,0.939
1456333801.0,6fac4b39,0.969
1456333801.0,44d0cc01,0.969
1456333801.0,448b8b44,0.949
1456333801.0,8dbbf765,0.929
1456333801.0,523156b3,0.939
1456333801.0,b9bbf9ee,0.959
1456333801.0,f89f019c,0.969
1456333801.0,16ee4d80,0.959
1456333801.0,1ff0ade7,0.948
1456333801.0,cfaa81ec,0.964
1456333801.0,ef081ec1,0.939
1456333801.0,69e0d4ed,0.949
1456333801.0,5921c872,0.919
1456333801.0,beaffffe,0.989
1456333801.0,025d70e0,0.929
1456333801.0,64e61e90,0.919
1456333801.0,2edd040a,0.989
1456333801.0,aea5cadc,0.949
1456333801.0,f6f661ae,0.949
1456333801.0,4e5b883c,0.939
1456333801.0,7a165ba7,0.969
1456333801.0,bd3ce4cc,0.959
1456333801.0,f7e752c7,0.939
1456333801.0,de8bd970,0.929
1456333801.0,8f806f27,0.969
1456333801.0,1848de21,0.939
1456333801.0,a11621b6,0.929
1456333801.0,fb804097,0.919
1456333801.0,9b0f9cb3,0.939
1456333801.0,0e7d2ef5,0.969
1456333801.0,69e811f1,0.939
1456333801.0,ce43b17e,0.959
1456333801.0,38d183bf,0.939
1456333801.0,a6339a0a,0.979
1456333801.0,5321252a,0.949
1456333801.0,c5b26ed2,0.939
1456333801.0,b20731bb,0.969
1456333801.0,e458aaaf,0.969
1456333801.0,7a411a95,0.949
1456333801.0,c2fe56f7,0.929
1456333801.0,9259e081,0.939
1456333801.0,74ffd54c,0.919
1456333801.0,6d257c8c,0.949
1456333801.0,74c7be75,0.979
1456333801.0,c1b6be0d,0.939
1456333801.0,21ccc86d,0.929
1456333801.0,073f77fc,0.919
1456333801.0,69fc95ea,0.939
1456333801.0,6d6a4209,0.929
1456333801.0,552e6bdb,0.929
1456333801.0,f29f6270,0.929
1456333801.0,,0.979
1456333801.0,973748fa,0.919
1456333801.0,c368907a,0.949
1456333801.0,f6936d02,0.969
1456333801.0,e2064e64,0.959
1456333801.0,21a51aa6,0.959
1456333801.0,435e7b69,0.939
1456333801.0,48d0e555,0.969
1456333801.0,d8382d2b,0.959
1456333801.0,530fa955,0.949
1456333801.0,a5b2c28c,0.919
1456333801.0,037aefcb,0.939
1456333801.0,37179b6c,0.949
1456333801.0,e2825c07,0.919
1456333801.0,0fc168e5,0.949
1456333801.0,e36e5558,0.939
1456333801.0,fe0014ec,0.969
1456333801.0,c48df784,0.949
1456333801.0,92f8fe19,0.979
1456333801.0,aea3825a,0.969
1456333801.0,3851f5d5,0.909
1456333801.0,7c3d138b,0.909
1456333801.0,c1082f5e,0.939
1456333801.0,e0973b4a,0.939
1456333801.0,1720dec9,0.969
1456333801.0,e034bbd0,0.929
1456333801.0,6222a80d,0.949
1456333801.0,24248782,0.949
1456333801.0,20e6ebec,0.949
1456333801.0,64e7e37c,0.929
1456333801.0,87cd0504,0.939
1456333801.0,afc65a6d,0.989
1456333801.0,f625c166,0.929
1456333801.0,8404a707,0.939
1456333801.0,ed57f511,0.929
1456333801.0,94b09940,0.939
1456333801.0,b67f8bb3,0.969
1456334041.0,3a4ffbbf,0.929
1456334041.0,317387f0,0.939
1456334041.0,e8fba845,0.939
1456334041.0,0536c920,0.939
1456334041.0,90941e78,0.919
1456334041.0,b38c29e8,0.899
1456334041.0,7ccc3654,0.919
1456334041.0,e42f2550,0.919
1456334041.0,4da4802c,0.939
1456334041.0,646811ac,0.909
1456334041.0,134cefdf,0.909
1456334041.0,42b1b318,0.949
1456334041.0,caaf83c5,0.919
1456334041.0,d3835601,0.939
1456334041.0,8175f3cb,0.949
1456334041.0,4cee5beb,0.949
1456334041.0,8e2183f6,0.979
1456334041.0,a23b6ab7,0.959
1456334041.0,01574e74,0.939
1456334041.0,5f7106c3,0.969
1456334041.0,824f7fcf,0.899
1456334041.0,9d2b8c43,0.949
1456334041.0,fe18c405,0.939
1456334041.0,acb93b88,0.959
1456334041.0,5bb4e610,0.939
1456334041.0,c1772f1e,0.939
1456334041.0,bca31534,0.939
1456334041.0,5ecab051,0.979
1456334041.0,d4770cdf,0.939
1456334041.0,112e83a5,0.939
1456334041.0,b2c67780,0.959
1456334041.0,e1c57a67,0.929
1456334041.0,0943a46e,0.909
1456334041.0,dc36cd86,0.949
1456334041.0,3b937318,0.959
1456334041.0,e1b2f9c0,0.929
1456334041.0,572bb7e5,0.939
1456334041.0,daa4d1d7,0.969
1456334041.0,93da27ed,0.939
1456334041.0,7b9f0ef9,0.969
1456334041.0,00d1a6ab,0.969
1456334041.0,08f7db25,0.909
1456334041.0,bce22baa,0.909
1456334041.0,1b5ef1d1,0.969
1456334041.0,f3608951,0.939
1456334041.0,bc235ee2,0.909
1456334041.0,9fad7fea,0.939
1456334041.0,5d5e9ec8,0.909
1456334041.0,93b5b301,0.929
1456334041.0,cb61d796,0.939
1456334041.0,de376e73,0.929
1456334041.0,d500f94f,0.979
1456334041.0,5a5b83e5,0.939
1456334041.0,bb2d140b,0.949
1456334041.0,f93f1cf6,0.969
1456334041.0,4f3c1b39,0.959
1456334041.0,025d09a7,0.939
1456334041.0,be8e21ab,0.969
1456334041.0,1f7b82e5,0.929
1456334041.0,da976c9d,0.969
1456334041.0,37b3aafc,0.959
1456334041.0,e9ddb2b9,0.959
1456334041.0,be2d5691,0.959
1456334041.0,,0.949
1456334041.0,75096bd1,0.969
1456334041.0,,0.969
1456334041.0,1f635eb5,0.969
1456334041.0,eaa4c30e,0.939
1456334041.0,80ebee07,0.929
1456334041.0,45427090,0.959
1456334041.0,632dad6b,0.939
1456334041.0,ab4700c2,0.939
1456334041.0,a7a5f25b,0.909
1456334041.0,d02d7c58,0.929
1456334041.0,c6771c57,0.959
1456334041.0,33336ca6,0.939
1456334041.0,e02c8254,0.969
1456334041.0,d586ebeb,0.949
1456334041.0,68a5df04,0.939
1456334041.0,09a6cc4e,0.939
1456334041.0,f38a8e26,0.959
1456334041.0,7cdcdb86,0.939
1456334041.0,9bf2ca69,0.959
1456334041.0,35822dd5,0.919
1456334041.0,41e7918d,0.949
1456334041.0,64542f0d,0.939
1456334041.0,d0e7222d,0.969
1456334041.0,13d61eea,0.969
1456334041.0,e3d91258,0.969
1456334041.0,ab11e935,0.939
1456334041.0,75a26cab,1.009
1456334041.0,64a911b5,0.929
1456334041.0,41a0ce00,0.919
1456334041.0,28c041df,0.969
1456334041.0,a12af241,0.929
1456334041.0,0fd8b490,0.949
1456334041.0,d7d438ac,0.959
1456334041.0,4be880d0,0.949
1456334041.0,121ea079,0.939
1456334041.0,62ebae64,0.949
1456334041.0,e501a8d1,0.979
1456334041.0,1168538d,0.939
1456334041.0,9ec908ec,0.959
1456334041.0,acf0a7d7,0.939
1456334041.0,ad129baa,0.929
1456334041.0,f8ebbae1,0.949
1456334041.0,09798ba9,0.929
1456334041.0,64da7e72,0.959
1456334041.0,d261d6e0,0.959
1456334041.0,f1806c17,1.019
1456334041.0,c680f14f,0.939
1456334041.0,4d691ffa,0.999
1456334041.0,732a1178,0.929
1456334041.0,e246da13,0.939
1456334041.0,6866a590,0.919
1456334041.0,a7eae27d,0.939
1456334041.0,ee0b2b76,0.929
1456334041.0,ec8e7daa,0.939
1456334041.0,d872a109,0.919
1456334041.0,44479fee,0.949
1456334041.0,9aa047ac,0.979
1456334041.0,31b711f3,1.009
1456334041.0,bf64b735,0.949
1456334041.0,661c5630,0.949
1456334041.0,9dca124a,0.909
1456334041.0,1548bd57,0.919
1456334041.0,c4ac8df0,0.959
1456334041.0,4d7d95fb,0.944
1456334041.0,6cb03436,0.939
1456334041.0,73da0ab6,0.929
1456334041.0,d3e4d9b9,0.989
1456334041.0,421e1370,0.929
1456334041.0,1445b4c6,0.959
1456334041.0,4cad0289,0.949
1456334041.0,b84fb396,0.949
1456334041.0,b2e44198,0.939
1456334041.0,98c12505,0.949
1456334041.0,4c906efb,0.939
1456334041.0,0051e069,0.969
1456334041.0,7fa92b87,0.964
1456334041.0,4141a0aa,0.919
1456334041.0,9733a9c0,0.929
1456334041.0,45162ff3,0.939
1456334041.0,c8eaf4a4,0.929
1456334041.0,5036bf9f,0.949
1456334041.0,6f11a226,0.939
1456334041.0,9672aa1d,0.939
1456334041.0,ee4ab1fa,0.959
1456334041.0,f8b49237,0.939
1456334041.0,20bf2483,0.959
1456334041.0,d623182f,0.939
1456334041.0,d2661e86,0.939
1456334041.0,919c9e96,0.989
1456334041.0,e0d89735,0.979
1456334041.0,,0.949
1456334041.0,f76f3d3a,0.909
1456334041.0,8c1c23fb,0.924
1456334041.0,2df8fc01,0.929
1456334041.0,0a1808e5,0.969
1456334041.0,8aa5540e,0.989
1456334041.0,8cfcff71,0.919
1456334041.0,a5c5f9b2,0.949
1456334041.0,5ba0908f,0.939
1456334041.0,5325ade4,0.949
1456334041.0,fac91609,0.949
1456334041.0,ebde5c50,0.959
1456334041.0,3e13dc7c,0.949
1456334041.0,af12e3b6,0.949
1456334041.0,44984473,0.909
1456334041.0,800e66db,0.929
1456334041.0,4432f96b,0.949
1456334041.0,1e2441ce,0.919
1456334041.0,64808918,0.959
1456334041.0,b8ede601,0.939
1456334041.0,96407ff6,0.939
1456334041.0,154a309d,0.969
1456334041.0,9bcd0dae,0.969
1456334041.0,91757ae2,0.889
1456334041.0,972f9ee7,0.969
1456334041.0,2a5a0676,0.949
1456334041.0,b7361158,0.949
1456334041.0,170c9bf0,0.959
1456334041.0,256da341,0.939
1456334041.0,73025102,0.959
1456334041.0,48b393b2,0.939
1456334041.0,651f23fd,0.989
1456334041.0,,0.969
1456334041.0,6039b8e3,0.949
1456334041.0,59214d4e,0.959
1456334041.0,abe05883,0.989
1456334041.0,90f5114b,0.939
1456334041.0,eebe0685,0.929
1456334041.0,1d5b89e9,0.919
1456334041.0,25c5b561,0.949
1456334041.0,badcf1ca,0.929
1456334041.0,4a2d620a,0.949
1456334041.0,334babb3,0.929
1456334041.0,6e565eb4,0.929
1456334041.0,3c90b73b,0.949
1456334041.0,9cd02b8c,0.929
1456334041.0,8b20c3e0,0.939
1456334041.0,79eb6d1c,0.939
1456334041.0,7af9d9ad,0.979
1456334041.0,1b359e8d,0.909
1456334041.0,4e13229f,0.919
1456334041.0,ce969ca1,0.949
1456334041.0,61149352,0.939
1456334041.0,fbcaa7f6,0.929
1456334041.0,35bc34eb,0.929
1456334041.0,4b71d2b1,0.959
1456334041.0,d3953243,0.939
1456334041.0,0a5b2682,0.979
1456334041.0,11bd050d,0.949
1456334041.0,81529fdc,0.939
1456334041.0,3680125e,0.929
1456334041.0,bef35d30,0.919
1456334041.0,023c4d8c,0.929
1456334041.0,cedf23e6,0.939
1456334041.0,544d8f74,0.929
1456334041.0,d4fe6b6d,0.919
1456334041.0,a500d475,0.929
1456334041.0,ccb88791,0.949
1456334041.0,de567861,0.949
1456334041.0,f654bb63,0.959
1456334041.0,d83a98ce,0.929
1456334041.0,868d1b66,0.929
1456334041.0,82ca3bd9,0.929
1456334041.0,4bdede16,0.929
1456334041.0,f3d19615,0.929
1456334041.0,acd5644c,0.919
1456334041.0,21fb52c4,0.959
1456334041.0,bb289d26,0.959
1456334041.0,ed93716a,0.949
1456334041.0,d319e0cd,0.979
1456334041.0,69e52004,0.949
1456334041.0,8c6a9ff5,0.949
1456334041.0,88ec76d7,0.969
1456334041.0,aac612fe,0.969
1456334041.0,2b7cf924,0.959
1456334041.0,4b53a6b2,0.979
1456334041.0,95a133c8,0.919
1456334041.0,4abdf635,0.959
1456334041.0,2660c764,0.939
1456334041.0,ab28d306,0.979
1456334041.0,f060b95e,0.949
1456334041.0,9090ae53,0.959
1456334041.0,04d2538c,0.959
1456334041.0,add1235c,1.009
1456334041.0,c3e10c01,0.959
1456334041.0,3edff2fe,0.979
1456334041.0,e3a6c1d2,0.919
1456334041.0,c79adad0,0.919
1456334041.0,6264e826,0.939
1456334041.0,d3e36a6e,0.919
1456334041.0,e743f9ea,0.919
1456334041.0,71fc80a1,0.939
1456334041.0,4132ae7c,0.959
1456334041.0,8acfd379,0.969
1456334041.0,3af55c11,0.929
1456334041.0,bc3ec897,0.939
1456334041.0,16cc4c6d,0.959
1456334041.0,b7488969,0.959
1456334041.0,a453e0de,0.919
1456334041.0,03261265,0.949
1456334041.0,dd490099,0.939
1456334041.0,47196a5d,1.009
1456334041.0,70cfddc2,0.989
1456334041.0,,0.959
1456334041.0,35ef9d63,0.939
1456334041.0,0a3bb4b4,0.959
1456334041.0,020dac80,0.969
1456334041.0,d39d4848,0.939
1456334041.0,a6443453,0.919
1456334041.0,662ae541,0.949
1456334041.0,5222efd2,0.929
1456334041.0,c55ed271,0.949
1456334041.0,4aa96079,0.959
1456334041.0,2eeb1496,0.939
1456334041.0,fb34a733,0.959
1456334041.0,77cb599d,0.889
1456334041.0,7f05643c,0.939
1456334041.0,bf12232f,0.919
1456334041.0,aa42d9a3,0.939
1456334041.0,92d39932,0.959
1456334041.0,60ca3b5d,0.899
1456334041.0,39f820cc,0.959
1456334041.0,1f82b6fb,0.959
1456334041.0,147959b5,0.939
1456334041.0,1cc4daa8,0.969
1456334041.0,d606d463,0.949
1456334041.0,793d12bc,0.944
1456334041.0,f2ba4bc6,0.959
1456334041.0,ee372f15,0.939
1456334041.0,cfeaab1a,0.959
1456334041.0,868b1b31,0.949
1456334041.0,b18611aa,0.949
1456334041.0,abba0a2d,0.949
1456334041.0,6fbcc336,0.909
1456334041.0,b8088ed5,0.959
1456334041.0,699fb3bc,0.919
1456334041.0,c0a4aa92,0.929
1456334041.0,6074cd22,0.979
1456334041.0,531e3a5e,0.979
1456334041.0,,0.939
1456334041.0,99d25d8f,0.899
1456334041.0,77906f99,0.979
1456334041.0,c39953ee,0.949
1456334041.0,ce2ccf2c,0.939
1456334041.0,7718e2fa,0.959
1456334041.0,5fa73da0,0.979
1456334041.0,aa9ca821,0.959
1456334041.0,b6aadfa1,1.019
1456334041.0,deaa8f7b,0.959
1456334041.0,efb71c12,0.989
1456334041.0,19631699,0.979
1456334041.0,4438eb3c,0.949
1456334041.0,5fb402ee,0.989
1456334041.0,5103112e,0.959
1456334041.0,eac5c61f,0.989
1456334041.0,392b75a8,0.939
1456334041.0,aa5647b4,0.949
1456334041.0,e183f4cf,0.939
1456334041.0,3bed1f31,0.969
1456334041.0,b44f61b0,0.919
1456334041.0,4c05520d,0.929
1456334041.0,80d7d85e,0.959
1456334041.0,6279da87,0.929
1456334041.0,422fbafa,0.949
1456334041.0,d375e9a2,0.959
1456334041.0,36849264,0.899
1456334041.0,da37e830,0.929
1456334041.0,ae934bd5,0.939
1456334041.0,976fb373,0.929
1456334041.0,ab141bc6,1.009
1456334041.0,df227f84,0.969
1456334041.0,ae9a3b9d,0.939
1456334041.0,c93058ac,0.949
1456334041.0,cb7a19f8,0.929
1456334041.0,0b7d0a63,0.949
1456334041.0,e532f970,0.939
1456334041.0,11eac3c2,0.929
1456334041.0,896f8569,0.959
1456334041.0,ec2d257d,0.979
1456334041.0,576d4884,0.939
1456334041.0,62f495a7,0.909
1456334041.0,e5dd54d4,1.029
1456334041.0,6c663a7b,0.989
1456334041.0,f73244c0,0.919
1456334041.0,978bcc85,0.939
1456334041.0,0e5d84cd,0.949
1456334041.0,15a546f5,0.939
1456334041.0,474644ad,0.959
1456334041.0,3f054566,0.939
1456334041.0,85a8d903,0.909
1456334041.0,98677b5e,0.959
1456334041.0,37bbaa9d,0.939
1456334041.0,fb54ae4c,0.889
1456334041.0,9e78816a,0.949
1456334041.0,ca71f476,0.969
1456334041.0,baaf8b05,0.959
1456334041.0,3b50751f,0.939
1456334041.0,8597e067,0.929
1456334041.0,6d94eae4,0.969
1456334041.0,6fe5086e,0.939
1456334041.0,59c1c98e,0.999
1456334041.0,9425b86b,0.959
1456334041.0,b350758d,0.949
1456334041.0,862d0257,0.949
1456334041.0,0c2f7153,0.959
1456334041.0,476697da,0.939
1456334041.0,9755b499,0.939
1456334041.0,2a753e23,0.919
1456334041.0,04b38cb5,0.919
1456334041.0,ecf4342f,0.919
1456334041.0,26562367,0.959
1456334041.0,4768200e,0.959
1456334041.0,175e5435,0.989
1456334041.0,298a8af2,0.929
1456334041.0,33fa60b9,0.949
1456334041.0,0f7beaca,0.939
1456334041.0,7e304939,0.959
1456334041.0,62bd758c,0.909
1456334041.0,b718f9fa,0.939
1456334041.0,02b1651b,0.969
1456334041.0,14b80428,0.959
1456334041.0,136c3dcd,0.939
1456334041.0,0913d5bd,0.889
1456334041.0,ea0a7462,0.919
1456334041.0,5bdf1cdf,0.969
1456334041.0,c2c9a813,0.969
1456334041.0,85e6cd0f,0.979
1456334041.0,ffeb88c9,0.979
1456334041.0,364488f7,0.909
1456334041.0,60983be1,0.919
1456334041.0,b8705ff2,0.929
1456334041.0,864a3cb2,0.929
1456334041.0,803beab6,0.929
1456334041.0,a57ba9f4,0.919
1456334041.0,8bbd302b,0.929
1456334041.0,1fd8fcdd,0.959
1456334041.0,494f6481,0.909
1456334041.0,f4070bfa,0.949
1456334041.0,186f9d64,0.919
1456334041.0,0a194365,0.949
1456334041.0,0030aa59,1.009
1456334041.0,d4f7e2c6,0.949
1456334041.0,99125e73,0.959
1456334041.0,776d441b,0.979
1456334041.0,5c197824,0.939
1456334041.0,48f835a8,0.919
1456334041.0,8de01e99,0.949
1456334041.0,7c85d6ed,0.959
1456334041.0,f8fc52b4,0.929
1456334041.0,577368de,0.959
1456334041.0,741f3aab,0.959
1456334041.0,498c4e0f,0.949
1456334041.0,5f9ac3b1,0.949
1456334041.0,f185e887,0.949
1456334041.0,8d6341ad,0.959
1456334041.0,57970dd5,0.949
1456334041.0,9a883b4c,0.929
1456334041.0,c2e9c850,0.929
1456334041.0,fcb3f0ac,0.939
1456334041.0,2139100d,0.939
1456334041.0,6798b5d8,0.919
1456334041.0,2ab4115c,0.949
1456334041.0,bd8bd0ef,1.009
1456334041.0,58d29ccf,0.919
1456334041.0,72ec8a0d,0.939
1456334041.0,a4a288ce,0.939
1456334041.0,f4b0a53c,0.979
1456334041.0,4c14d834,0.939
1456334041.0,0eeb22de,0.959
1456334041.0,204c7d8c,0.949
1456334041.0,30466612,0.939
1456334041.0,9aa29c07,1.009
1456334041.0,96a28302,1.009
1456334041.0,df8d090e,0.919
1456334041.0,ecaab335,0.929
1456334041.0,801fe77a,0.939
1456334041.0,59e2c5e0,1.009
1456334041.0,53635853,0.949
1456334041.0,a711b7d5,0.959
1456334041.0,c6e11963,0.939
1456334041.0,68bdb4cb,0.949
1456334041.0,ddb4781d,0.939
1456334041.0,85711ea4,0.979
1456334041.0,6a5e9f24,0.929
1456334041.0,5d151192,1.009
1456334041.0,0b152e4a,0.969
1456334281.0,f168ac15,0.999
1456334281.0,f000c864,0.949
1456334281.0,3318e0c6,0.969
1456334281.0,59c2e6d6,0.909
1456334281.0,c32a82d9,0.979
1456334281.0,01f0fa8d,0.949
1456334281.0,ee22ef31,0.939
1456334281.0,05b184bf,0.949
1456334281.0,7de58c01,0.929
1456334281.0,1af22ca6,0.939
1456334281.0,68d5e021,0.929
1456334281.0,f4a95cf0,0.909
1456334281.0,7eac0db9,0.929
1456334281.0,f366e8d4,0.929
1456334281.0,48085700,0.949
1456334281.0,85037928,0.929
1456334281.0,f527efec,0.919
1456334281.0,ef296ca3,0.929
1456334281.0,6ed73676,0.949
1456334281.0,19284bc1,0.959
1456334281.0,4ca12111,0.959
1456334281.0,ac22a573,0.929
1456334281.0,0ed0bca9,0.939
1456334281.0,b7fdbb95,0.919
1456334281.0,5bf5865e,0.909
1456334281.0,1a2a17d8,0.929
1456334281.0,3909e8e8,0.949
1456334281.0,1247b810,0.949
1456334281.0,abcdcbad,0.969
1456334281.0,6a8257d5,0.959
1456334281.0,8a9d0035,0.969
1456334281.0,7b9e88e2,0.979
1456334281.0,02f94ae2,0.969
1456334281.0,d2f10be7,0.949
1456334281.0,f6c7ffc6,0.949
1456334281.0,302b9338,0.959
1456334281.0,1e9c1caa,0.939
1456334281.0,5f3ccc40,0.949
1456334281.0,61f78d05,0.929
1456334281.0,493bde6c,0.949
1456334281.0,602cea26,0.959
1456334281.0,cfc34477,0.939
1456334281.0,bb7b32d6,0.929
1456334281.0,f6351701,0.959
1456334281.0,bd45085f,0.939
1456334281.0,fbd5f329,0.949
1456334281.0,c952f3ae,0.949
1456334281.0,c1c31623,0.949
1456334281.0,008b0fac,0.949
1456334281.0,30546742,0.929
1456334281.0,de77f6c5,0.959
1456334281.0,9c389a21,0.969
1456334281.0,34021125,0.949
1456334281.0,cf6cd137,0.959
1456334281.0,a46b4f3d,0.919
1456334281.0,41618289,0.959
1456334281.0,0722a606,0.959
1456334281.0,c67cc2dd,0.949
1456334281.0,14af1303,0.959
1456334281.0,d338b0f2,0.959
1456334281.0,84cd3ae4,0.939
1456334281.0,4146a204,0.959
1456334281.0,93b5b301,0.929
1456334281.0,0001c9be,0.929
1456334281.0,d2a9c0a1,0.929
1456334281.0,26d3d3cd,0.929
1456334281.0,d0fef588,0.909
1456334281.0,35dcdb61,0.969
1456334281.0,447dba6a,0.969
1456334281.0,f21843f7,0.979
1456334281.0,05976f26,0.929
1456334281.0,99c10f15,0.999
1456334281.0,075322ca,0.939
1456334281.0,728dbc4e,0.929
1456334281.0,12d8b2e2,0.939
1456334281.0,af622e10,0.949
1456334281.0,5b93fb87,0.909
1456334281.0,e92281f9,0.979
1456334281.0,08df9d3b,0.949
1456334281.0,cd3580e7,0.949
1456334281.0,,0.969
1456334281.0,5110d453,0.979
1456334281.0,ed327e9c,0.949
1456334281.0,8e8fc0d2,0.929
1456334281.0,,0.929
1456334281.0,2f92fadd,0.929
1456334281.0,118d4934,0.969
1456334281.0,b7b730d9,0.959
1456334281.0,dd5271ec,0.959
1456334281.0,f4098695,0.979
1456334281.0,8b1f5a6f,0.939
1456334281.0,fd70cdfd,0.949
1456334281.0,eaa98c1c,0.959
1456334281.0,615801d6,0.959
1456334281.0,35e9dc97,0.959
1456334281.0,2cdb8a62,0.969
1456334281.0,9d49a53b,0.959
1456334281.0,d9e1665f,0.939
1456334281.0,9a4d188a,0.969
1456334281.0,17c924e4,0.929
1456334281.0,a676af82,0.939
1456334281.0,71d4dca2,0.959
1456334281.0,e25e53b1,0.969
1456334281.0,,0.959
1456334281.0,398f397d,0.929
1456334281.0,deb0665c,0.939
1456334281.0,4f6c20ab,0.939
1456334281.0,f4e77bcd,0.959
1456334281.0,b42f77df,0.929
1456334281.0,7f8ae480,0.979
1456334281.0,9f28cd19,0.939
1456334281.0,305b11b7,0.939
1456334281.0,7bf1b975,0.969
1456334281.0,0f0135ae,0.939
1456334281.0,a4b3856b,0.949
1456334281.0,ffbeb4cc,1.009
1456334281.0,65d0c0de,0.969
1456334281.0,d8497cfd,0.949
1456334281.0,3cfdda94,0.899
1456334281.0,8e5f2dc6,0.979
1456334281.0,9d244fa5,0.949
1456334281.0,b24a2efc,0.949
1456334281.0,e592b5d0,0.909
1456334281.0,036e385d,0.939
1456334281.0,c2cb0818,0.939
1456334281.0,da6cfb62,0.969
1456334281.0,29291727,0.929
1456334281.0,6f96e265,0.939
1456334281.0,4666786f,0.949
1456334281.0,4bf0dfb0,0.939
1456334281.0,82360936,0.949
1456334281.0,f3951d31,0.969
1456334281.0,b998b207,0.959
1456334281.0,c9d1727e,0.939
1456334281.0,6fc8bedc,0.939
1456334281.0,598ebfd8,0.989
1456334281.0,ec8e7daa,0.939
1456334281.0,f479c8f0,0.949
1456334281.0,7ad9a6eb,0.959
1456334281.0,410d90fe,0.959
1456334281.0,901b3dc2,0.969
1456334281.0,3b06308c,0.959
1456334281.0,,0.929
1456334281.0,70efa82e,0.939
1456334281.0,d1207062,0.999
1456334281.0,b5f637aa,0.959
1456334281.0,cffd6e1f,0.979
1456334281.0,2f7c96af,0.939
1456334281.0,43e3c3da,0.939
1456334281.0,c6729739,0.949
1456334281.0,53680e05,0.969
1456334281.0,f084458d,0.949
1456334281.0,ba636b7b,0.979
1456334281.0,4d77b026,0.949
1456334281.0,63796bb7,0.929
1456334281.0,5f59e3c7,0.959
1456334281.0,bd131e65,0.949
1456334281.0,3fe74e61,0.939
1456334281.0,4aa385bb,0.929
1456334281.0,373fd05a,0.909
1456334281.0,a1904e6e,0.959
1456334281.0,693a4986,0.949
1456334281.0,f8562e1c,0.909
1456334281.0,776ee4f1,0.939
1456334281.0,556b6079,0.949
1456334281.0,22ea287c,0.949
1456334281.0,759c0ad5,0.929
1456334281.0,073b7de4,0.959
1456334281.0,0945bafb,0.959
1456334281.0,7ec4fa7d,0.939
1456334281.0,f6301788,0.929
1456334281.0,520a4a19,0.939
1456334281.0,3273810e,0.939
1456334281.0,29552de4,0.939
1456334281.0,5762e9a9,0.959
1456334281.0,787e80bd,0.949
1456334281.0,65efbc29,0.939
1456334281.0,cc3dc9ec,0.929
1456334281.0,ec85f8b2,0.919
1456334281.0,f54d187e,0.929
1456334281.0,ff8a65f2,0.909
1456334281.0,05ab806f,0.929
1456334281.0,c330a48b,0.929
1456334281.0,dd4866c8,0.959
1456334281.0,0ae0fa71,0.929
1456334281.0,a493ee6c,0.919
1456334281.0,26190b19,0.919
1456334281.0,bf8c6324,0.929
1456334281.0,2d204d17,0.969
1456334281.0,e39a2c78,0.949
1456334281.0,495247fc,0.899
1456334281.0,7ccb6541,0.929
1456334281.0,aa86d47e,0.939
1456334281.0,62d555b9,0.939
1456334281.0,054077ee,0.919
1456334281.0,997e716d,0.949
1456334281.0,75dd982a,0.939
1456334281.0,c1342b0e,0.939
1456334281.0,aa822d7f,0.919
1456334281.0,d1b50fc2,0.919
1456334281.0,0757f54d,0.929
1456334281.0,ab6aed65,0.919
1456334281.0,2ddad231,0.939
1456334281.0,da3bff43,0.929
1456334281.0,,0.949
1456334281.0,fa890292,0.929
1456334281.0,ad2972b3,0.929
1456334281.0,6ac179bc,0.939
1456334281.0,164a9a01,0.979
1456334281.0,ad25712e,0.919
1456334281.0,2c1a8318,0.939
1456334281.0,467edc58,0.939
1456334281.0,6a9ba9c7,0.939
1456334281.0,250f245f,0.939
1456334281.0,aed09b0f,0.929
1456334281.0,a2b07888,0.909
1456334281.0,3c2e16c2,0.949
1456334281.0,73d508f6,0.919
1456334281.0,0c514e6f,0.919
1456334281.0,cca8f84d,0.939
1456334281.0,418815f0,0.949
1456334281.0,83439be0,0.919
1456334281.0,49a9b4e0,0.969
1456334281.0,6a3c7f9e,0.999
1456334281.0,047946f0,0.999
1456334281.0,dbad6afc,0.919
1456334281.0,f8423c6c,0.939
1456334281.0,49098718,0.989
1456334281.0,fb17adac,0.959
1456334281.0,97f555af,0.939
1456334281.0,9d3b5cc6,0.939
1456334281.0,21ab2968,0.949
1456334281.0,316995c6,0.969
1456334281.0,d6db948e,0.959
1456334281.0,bb23fbe2,0.959
1456334281.0,0b2f66ab,0.939
1456334281.0,18b5f856,0.959
1456334281.0,ba79ed81,0.939
1456334281.0,6a0d1e37,0.989
1456334281.0,9719805f,0.929
1456334281.0,de5a8b31,0.959
1456334281.0,6b388a21,0.959
1456334281.0,9ce4798d,0.979
1456334281.0,1fce6706,0.939
1456334281.0,c699c115,0.949
1456334281.0,4eea00cc,0.949
1456334281.0,be60701b,0.949
1456334281.0,26f4791b,0.949
1456334281.0,f847749e,0.929
1456334281.0,f625efde,0.979
1456334281.0,8309ecb0,0.959
1456334281.0,46bbffea,0.969
1456334281.0,ffe4ba98,0.929
1456334281.0,467c21a8,0.969
1456334281.0,7de5339f,0.949
1456334281.0,e0758377,0.939
1456334281.0,e60f2fb7,0.969
1456334281.0,abdc4de1,0.939
1456334281.0,0aad0d01,0.959
1456334281.0,6027b071,0.929
1456334281.0,98624c5c,0.939
1456334281.0,094c7293,0.969
1456334281.0,788b07d6,0.939
1456334281.0,c9e76d96,0.929
1456334281.0,cd5c4fc2,0.949
1456334281.0,dc639d24,1.019
1456334281.0,471c7127,0.939
1456334281.0,ebecf1c6,0.949
1456334281.0,9d39ae37,0.929
1456334281.0,f1405292,0.969
1456334281.0,4fadcb9d,0.939
1456334281.0,,0.959
1456334281.0,c95ebb24,0.939
1456334281.0,bc6e8d35,0.979
1456334281.0,2df3151b,0.949
1456334281.0,af82f4c3,0.929
1456334281.0,64cf2668,0.979
1456334281.0,70370c43,0.949
1456334281.0,ba0a2255,0.959
1456334281.0,60ccb68d,0.959
1456334281.0,5e6ec38a,0.939
1456334281.0,fa99c07b,0.959
1456334281.0,c4e17b93,0.939
1456334281.0,7b73b743,0.959
1456334281.0,f5acb0ce,0.919
1456334281.0,f63ac751,0.929
1456334281.0,4a1fb5a4,0.959
1456334281.0,39bd20ff,0.939
1456334281.0,0dd22df0,0.929
1456334281.0,80e3422f,0.929
1456334281.0,2278471b,0.929
1456334281.0,d97d5b77,0.929
1456334281.0,c980bb7e,0.939
1456334281.0,f32894b0,0.929
1456334281.0,58ef2865,0.949
1456334281.0,,0.949
1456334281.0,9ee8e646,0.949
1456334281.0,8f8b3ebe,0.949
1456334281.0,80049eb4,0.979
1456334281.0,151efb9f,0.939
1456334281.0,25d0b512,0.949
1456334281.0,ba2ae41b,0.949
1456334281.0,a1df5d1b,0.959
1456334281.0,3b980bc9,0.969
1456334281.0,d56999f7,0.989
1456334281.0,1bfb4c20,0.969
1456334281.0,3d5d3cef,0.939
1456334281.0,b1172c22,0.969
1456334281.0,9a246c9a,0.969
1456334281.0,dcb337e4,0.939
1456334281.0,fe29bb22,1.009
1456334281.0,550ebfc1,0.939
1456334281.0,28c16e42,0.959
1456334281.0,7cf7e16b,0.959
1456334281.0,1d01b950,0.939
1456334281.0,5d45148e,0.939
1456334281.0,83be7215,0.969
1456334281.0,0616421e,0.939
1456334281.0,4a451b1d,0.949
1456334281.0,44959c83,0.969
1456334281.0,1f52483c,0.929
1456334281.0,0b55b37e,0.969
1456334281.0,476279a4,0.939
1456334281.0,9d74578a,0.949
1456334281.0,813a6cd1,0.949
1456334281.0,a20ae2e0,0.939
1456334281.0,70d7dc75,0.989
1456334281.0,2660c764,0.929
1456334281.0,53e9b1ac,0.959
1456334281.0,a4c2cb8d,0.949
1456334281.0,7333f093,0.939
1456334281.0,16c01a01,0.979
1456334281.0,80e8cb89,0.969
1456334281.0,0db94a7a,0.969
1456334281.0,9f51dbf4,0.929
1456334281.0,21f78260,0.949
1456334281.0,b70f82b5,0.939
1456334281.0,68480e7b,0.969
1456334281.0,21cee5b9,0.949
1456334281.0,7c91739b,0.949
1456334281.0,86fe7e76,0.929
1456334281.0,17c70718,0.959
1456334281.0,1594dd58,0.974
1456334281.0,3d03dfc6,0.929
1456334281.0,2d4ea0c1,0.939
1456334281.0,c17488ae,0.939
1456334281.0,afb05ae2,0.959
1456334281.0,1e5cdac4,0.914
1456334281.0,8e27fa83,0.949
1456334281.0,d3a16954,0.909
1456334281.0,f1ccda26,0.979
1456334281.0,95e23a71,0.979
1456334281.0,d38f9f16,0.929
1456334281.0,2651ccb9,0.929
1456334281.0,48314cda,0.939
1456334281.0,f2063592,0.939
1456334281.0,6e950c4a,0.969
1456334281.0,8c231795,0.929
1456334281.0,3554bda4,0.939
1456334281.0,42c34934,0.969
1456334281.0,aadb880b,0.939
1456334281.0,6162ba82,0.949
1456334281.0,13037d15,0.939
1456334281.0,2e77c5e7,0.939
1456334281.0,c985912f,0.969
1456334281.0,db414715,0.949
1456334281.0,776d3e19,0.969
1456334281.0,a1766ee6,0.959
1456334281.0,77cb599d,0.889
1456334281.0,9be01fd7,0.939
1456334281.0,7b709283,0.969
1456334281.0,559fcfde,0.959
1456334281.0,ec433832,0.899
1456334281.0,77690552,0.949
1456334281.0,b25c9e2a,0.949
1456334281.0,39614aa8,0.939
1456334281.0,793d12bc,0.934
1456334281.0,b1450a7d,0.939
1456334281.0,7b5e0499,0.939
1456334281.0,4e905f58,0.959
1456334281.0,4aba346d,0.959
1456334281.0,96d95521,0.939
1456334281.0,87856e5d,0.969
1456334281.0,74311576,0.949
1456334281.0,1c087491,0.909
1456334281.0,3b675bd6,1.009
1456334281.0,80267da5,1.009
1456334281.0,bdc7131f,0.929
1456334281.0,99d4f63c,0.929
1456334281.0,8f4c771c,1.009
1456334281.0,c6a1b911,0.944
1456334281.0,de55d6cb,0.959
1456334281.0,,0.939
1456334281.0,c39953ee,0.939
1456334281.0,ff71148f,0.949
1456334281.0,1e78351c,0.939
1456334281.0,0311c6ae,0.979
1456334281.0,029bff95,0.949
1456334281.0,3893b380,0.919
1456334281.0,cd09a0d6,0.919
1456334281.0,fa3092ba,0.969
1456334281.0,856e9b60,1.009
1456334281.0,dc5b8dc2,0.969
1456334281.0,a601b597,0.969
1456334281.0,966a40ae,0.939
1456334281.0,ffce6baf,0.949
1456334281.0,704bc7f2,0.949
1456334281.0,210d7aa0,0.959
1456334281.0,df5c751f,0.939
1456334281.0,2263d9ed,0.959
1456334281.0,95434626,0.959
1456334281.0,e340b28d,0.929
1456334281.0,cb7a19f8,0.929
1456334281.0,2e5cae9f,0.949
1456334281.0,c7922998,0.929
1456334281.0,51683daa,0.939
1456334281.0,5043ba52,0.939
1456334281.0,e37dd80a,0.939
1456334281.0,,0.979
1456334281.0,0bffb72e,0.919
1456334281.0,284c6af0,0.939
1456334281.0,,0.969
1456334281.0,7662cc12,0.949
1456334281.0,44e030ce,0.949
1456334281.0,72e91f24,0.919
1456334281.0,e767706d,0.929
1456334281.0,388c693e,0.949
1456334281.0,0a48df72,0.969
1456334281.0,4adf0991,0.939
1456334281.0,6587d030,0.939
1456334281.0,c6343770,0.919
1456334281.0,edde0c0f,0.979
1456334281.0,fffcb866,0.929
1456334281.0,a6339a0a,0.979
1456334281.0,f9befed0,0.959
1456334281.0,849ac669,0.959
1456334281.0,5ce80f96,0.959
1456334281.0,,0.939
1456334281.0,f02aba4d,0.909
1456334281.0,cb987f86,0.949
1456334281.0,9672cfaf,0.939
1456334281.0,9eb9c031,0.949
1456334281.0,e5ccd3f7,0.939
1456334281.0,a372d56c,0.919
1456334281.0,369fd22f,0.939
1456334281.0,a3e519bb,0.969
1456334281.0,d45add49,0.949
1456334281.0,8b66ac81,0.959
1456334281.0,38fda503,0.969
1456334281.0,402dea62,0.949
1456334281.0,04359025,0.939
1456334281.0,df7edd4e,0.959
1456334281.0,41ca6c6a,0.959
1456334281.0,6c1e7a7a,0.979
1456334281.0,539144f8,0.949
1456334281.0,a42108f2,0.959
1456334281.0,cadf0fec,0.939
1456334281.0,,0.959
1456334281.0,37f5ab7c,0.959
1456334281.0,9e4a151c,0.949
1456334281.0,dadcaa77,0.939
1456334281.0,53988e6f,0.969
1456334281.0,c6c3a80a,1.019
1456334281.0,3335bb20,0.949
1456334281.0,b484fa6e,0.979
1456334281.0,2f54d4c9,0.929
1456334281.0,2e275f6e,0.939
1456334281.0,83981d2d,0.939
1456334281.0,66651818,0.929
1456334281.0,a74e1057,0.989
1456334281.0,94ce365f,0.929
1456334281.0,19cfa34e,0.969
1456334281.0,87c19f02,0.949
1456334281.0,2ebe0a5d,0.959
1456334281.0,d99ae405,0.949
1456334281.0,7a9d4c97,0.969
1456334281.0,bd27836d,0.949
1456334281.0,2a2b022b,0.979
1456334281.0,2bbb3f4f,0.959
1456334281.0,80148308,0.969
1456334281.0,09e77dd9,0.999
1456334281.0,91742e49,0.979
1456334281.0,152f6019,0.919
1456334281.0,89d5bd42,0.919
1456334281.0,bf816140,0.939
1456334281.0,6d2bdf55,0.949
1456334281.0,06f5e166,0.929
1456334281.0,5eb29de6,0.929
1456334281.0,21b965d9,0.999
1456334281.0,415c90aa,0.939
1456334281.0,70692280,0.969
1456334281.0,e68575c0,0.979
1456334281.0,d3508125,0.949
1456334281.0,4d2f0ccd,0.979
1456334281.0,19fb2ffb,0.959
1456334281.0,c93086be,0.929
1456334281.0,838f2221,0.989
1456334281.0,80099401,0.939
1456334281.0,eae89db3,0.949
1456334281.0,4500efc2,0.939
1456334281.0,10753208,0.979
1456334281.0,99180475,0.969
1456334281.0,a54c76e8,0.949
1456334281.0,5f1e3ccf,0.959
1456334281.0,247b4cda,0.979
1456334281.0,ddbf70bf,0.969
1456334281.0,2a953aa3,0.969
1456334281.0,7fc72456,0.949
1456334281.0,06a2513a,0.949
1456334281.0,799f1fd6,0.969
1456334281.0,03c6addd,0.949
1456334281.0,47e03c5b,0.969
1456334281.0,08f59b41,0.929
1456334281.0,24a245f5,0.989
1456334281.0,fabbbb00,0.949
1456334281.0,fc42b1f2,0.969
1456334281.0,37a8af42,0.959
1456334281.0,b5ff1b6a,0.959
1456334281.0,08da0ec0,0.959
1456334281.0,837ae634,0.939
1456334521.0,8e3832ce,1.019
1456334521.0,68a0fe4a,0.959
1456334521.0,7632d7b7,0.929
1456334521.0,87369318,0.929
1456334521.0,cf4010a3,0.929
1456334521.0,b892eed3,0.919
1456334521.0,c32a82d9,0.969
1456334521.0,d2578b12,0.929
1456334521.0,304be57d,0.949
1456334521.0,01a42eea,0.939
1456334521.0,b524582e,0.939
1456334521.0,a1de4c4f,0.969
1456334521.0,8fc85062,0.939
1456334521.0,22e23737,0.969
1456334521.0,7ad9844c,0.919
1456334521.0,58e3ecab,0.959
1456334521.0,7b125f4e,0.949
1456334521.0,4b229f4e,0.949
1456334521.0,6a8a4a7e,0.949
1456334521.0,7da8091a,0.959
1456334521.0,d5291b45,0.979
1456334521.0,8aefbe17,0.979
1456334521.0,d5843ecf,0.919
1456334521.0,a38344c9,0.899
1456334521.0,8bb9b028,0.899
1456334521.0,9c389a21,0.959
1456334521.0,65705e06,0.959
1456334521.0,f90c625e,0.969
1456334521.0,7e846ee6,0.969
1456334521.0,d7e428bf,0.969
1456334521.0,4b06da23,0.949
1456334521.0,c25c5571,0.939
1456334521.0,32c66e9a,0.939
1456334521.0,6a79b20f,0.899
1456334521.0,811b6a32,0.959
1456334521.0,e176ffaf,0.959
1456334521.0,f969dc08,0.919
1456334521.0,d65d6aba,0.969
1456334521.0,4718f10b,0.939
1456334521.0,41f7e395,0.949
1456334521.0,22b994a8,0.959
1456334521.0,45dd43b7,0.929
1456334521.0,209105a0,0.949
1456334521.0,ef61acd1,0.949
1456334521.0,073f010e,0.959
1456334521.0,6dd14a95,0.909
1456334521.0,1b9cc9e7,0.969
1456334521.0,8b7a46ae,0.939
1456334521.0,02d3e7aa,0.929
1456334521.0,df34af64,0.919
1456334521.0,ff8e9e8e,0.929
1456334521.0,2f7eea5b,0.949
1456334521.0,5384cd69,0.949
1456334521.0,ac995a23,0.949
1456334521.0,5455a5f8,0.959
1456334521.0,83cc51b1,0.939
1456334521.0,95a3de9e,0.939
1456334521.0,06259905,0.939
1456334521.0,fbfbf15b,0.949
1456334521.0,b6de77a6,0.929
1456334521.0,412e24b5,0.929
1456334521.0,93f963de,0.969
1456334521.0,14b2ac02,0.949
1456334521.0,bd5a8e8c,0.939
1456334521.0,fedb2736,0.939
1456334521.0,6b50c140,0.979
1456334521.0,24c9552e,0.949
1456334521.0,e6b2872b,0.939
1456334521.0,6197a70d,0.949
1456334521.0,cc9fe40d,0.949
1456334521.0,1dfe7e94,0.929
1456334521.0,c5bb659b,0.919
1456334521.0,cbc5f7c3,0.929
1456334521.0,e4d3e8f1,0.959
1456334521.0,30eed8b6,0.939
1456334521.0,945346f0,0.919
1456334521.0,3cb8640b,0.949
1456334521.0,d33b9af4,0.929
1456334521.0,d04e4045,0.949
1456334521.0,fabaa853,0.939
1456334521.0,fe4f9d49,0.939
1456334521.0,17651816,0.959
1456334521.0,6f5bf91f,0.949
1456334521.0,b85a1ca3,0.949
1456334521.0,b721ae36,0.939
1456334521.0,b4094a10,0.929
1456334521.0,0cc59c54,0.959
1456334521.0,ec2af182,0.949
1456334521.0,f1a1555c,0.949
1456334521.0,1df8493a,0.979
1456334521.0,02da420f,0.959
1456334521.0,2dff1380,0.939
1456334521.0,d9811c4e,0.949
1456334521.0,1beaf01f,0.949
1456334521.0,01ca69d4,0.909
1456334521.0,c390d56a,0.949
1456334521.0,e62672b9,0.949
1456334521.0,3fbce8c5,0.989
1456334521.0,55b1a563,0.899
1456334521.0,563f2b5a,0.919
1456334521.0,,0.969
1456334521.0,d9a504fe,0.939
1456334521.0,38987ba5,0.969
1456334521.0,8e25d9aa,0.939
1456334521.0,a3956c28,0.929
1456334521.0,d54426c4,0.939
1456334521.0,9c72ec3a,1.029
1456334521.0,d8b005cb,0.919
1456334521.0,57d05ba7,0.979
1456334521.0,59cec01d,0.909
1456334521.0,78e8bb93,0.939
1456334521.0,d4f50f76,0.969
1456334521.0,4cd127d6,0.949
1456334521.0,f44b6301,0.949
1456334521.0,92a7a6a9,0.939
1456334521.0,c0911b94,0.919
1456334521.0,8bda8d2f,0.939
1456334521.0,9d7fe73c,0.929
1456334521.0,c2b37551,0.949
1456334521.0,8e7cb537,0.969
1456334521.0,8c087722,0.929
1456334521.0,39c2af9c,0.949
1456334521.0,e1d422e6,0.979
1456334521.0,7e90e887,0.958
1456334521.0,5ec2ab05,0.939
1456334521.0,804e5bed,0.959
1456334521.0,c704c346,0.959
1456334521.0,a0df1a9c,0.959
1456334521.0,b8563039,0.939
1456334521.0,f2054fb8,0.959
1456334521.0,e0fed588,0.899
1456334521.0,881dfc32,0.919
1456334521.0,aa4b4ae6,0.959
1456334521.0,fff23df4,0.969
1456334521.0,7415aab2,0.939
1456334521.0,d47bc4c5,0.949
1456334521.0,a19cfb72,0.919
1456334521.0,c393d3fc,0.949
1456334521.0,1e05521d,0.949
1456334521.0,52303ab3,0.959
1456334521.0,bd227bfb,0.989
1456334521.0,5d637168,0.929
1456334521.0,4ebc6df3,0.929
1456334521.0,4e694e7a,0.939
1456334521.0,b6c365a0,0.939
1456334521.0,53ae9528,0.919
1456334521.0,52c251bb,0.949
1456334521.0,d8601954,0.949
1456334521.0,71618bdc,0.969
1456334521.0,2e401955,0.969
1456334521.0,3c227dc2,0.949
1456334521.0,9bc16c2e,0.929
1456334521.0,6ff38393,0.959
1456334521.0,b2f56e84,0.949
1456334521.0,90f0ff20,0.939
1456334521.0,77f8c9fe,0.949
1456334521.0,b205cecb,0.969
1456334521.0,8f767099,0.949
1456334521.0,a7eeba86,0.939
1456334521.0,1f5803f6,0.969
1456334521.0,6fefe9a7,0.969
1456334521.0,5132fe1c,0.929
1456334521.0,fdf0e8d2,0.929
1456334521.0,cca094f8,0.929
1456334521.0,7ce44a8d,0.939
1456334521.0,471da9da,0.939
1456334521.0,26664969,0.939
1456334521.0,5d3a9ec2,0.949
1456334521.0,bba9fe67,0.909
1456334521.0,6d8cc159,0.949
1456334521.0,4e6d2a07,0.959
1456334521.0,1cc76c84,0.969
1456334521.0,a05c4f54,0.969
1456334521.0,5b8f7949,1.009
1456334521.0,c404557e,0.939
1456334521.0,1d4a06c1,0.959
1456334521.0,bf7e9cdf,0.959
1456334521.0,5678d2c5,0.999
1456334521.0,9b4458a3,0.939
1456334521.0,3965f1ec,0.959
1456334521.0,3f9a7b26,0.929
1456334521.0,7bc454c7,0.949
1456334521.0,83a3b810,0.949
1456334521.0,46d1ac1a,0.929
1456334521.0,6b365c9c,0.959
1456334521.0,c1b38961,0.939
1456334521.0,7c3d138b,0.909
1456334521.0,98b24e11,0.969
1456334521.0,312f1849,0.939
1456334521.0,6e050889,0.949
1456334521.0,7cf2b30a,0.969
1456334521.0,fed9f427,0.939
1456334521.0,17763a6e,0.929
1456334521.0,5fc94f68,0.949
1456334521.0,218fd480,0.939
1456334521.0,5d11fd07,0.949
1456334761.0,56808aa1,0.939
1456334761.0,0c56e9df,0.959
1456334761.0,85dec34a,0.949
1456334761.0,d685db42,0.909
1456334761.0,d256c19e,0.909
1456334761.0,4dc57f20,0.949
1456334761.0,a5ca89e4,0.919
1456334761.0,e624a815,0.919
1456334761.0,ce58aeb7,0.899
1456334761.0,2cfa82fa,0.939
1456334761.0,69152a7b,0.919
1456334761.0,7eac0db9,0.929
1456334761.0,f366e8d4,0.919
1456334761.0,05bcda3c,0.919
1456334761.0,bf5b9c36,0.929
1456334761.0,f527efec,0.909
1456334761.0,12d36adb,0.969
1456334761.0,ebeb80cb,0.939
1456334761.0,23e41d8c,0.959
1456334761.0,f032f387,0.969
1456334761.0,1d2b410a,0.949
1456334761.0,33c885cc,0.919
1456334761.0,fa657190,0.939
1456334761.0,0f456c18,0.989
1456334761.0,dcbfbcf3,0.929
1456334761.0,1027f7e1,0.959
1456334761.0,24787319,0.919
1456334761.0,ce331290,0.939
1456334761.0,4f5b6b22,0.929
1456334761.0,ed770a27,0.949
1456334761.0,ec60ed5f,0.929
1456334761.0,0521e7ef,0.969
1456334761.0,e03848c6,1.029
1456334761.0,a41365eb,0.959
1456334761.0,bca31534,0.939
1456334761.0,0e6ac101,0.919
1456334761.0,26db277e,0.949
1456334761.0,c952f3ae,0.939
1456334761.0,a27aa278,0.969
1456334761.0,230a1a24,0.989
1456334761.0,23e9a491,0.939
1456334761.0,2371f256,0.959
1456334761.0,832073a2,0.929
1456334761.0,2b60b515,0.959
1456334761.0,3c7bc366,0.989
1456334761.0,ac54aab9,0.939
1456334761.0,5ff2bd7f,0.909
1456334761.0,efa93e18,0.949
1456334761.0,ea2d6eca,0.949
1456334761.0,5c22ef82,0.929
1456334761.0,,0.929
1456334761.0,92a71bb7,0.939
1456334761.0,a990e1a1,0.949
1456334761.0,cb6bf035,0.974
1456334761.0,f30258dc,0.949
1456334761.0,efbeec26,0.959
1456334761.0,c78085b8,0.949
1456334761.0,92d959c6,0.969
1456334761.0,63b1377c,0.949
1456334761.0,bdda7ca8,0.969
1456334761.0,90057d6c,0.939
1456334761.0,0c18ba5f,0.919
1456334761.0,a3f64b8b,0.969
1456334761.0,0c1d9c42,0.989
1456334761.0,3663fc5c,0.929
1456334761.0,2a57a759,0.949
1456334761.0,4d917f63,0.939
1456334761.0,abac441c,0.989
1456334761.0,e8ad44f5,0.959
1456334761.0,3dceca88,0.969
1456334761.0,4a978308,0.949
1456334761.0,12ad7001,0.959
1456334761.0,beb106ec,0.979
1456334761.0,285e45c2,0.939
1456334761.0,34c23076,0.929
1456334761.0,d088285e,0.939
1456334761.0,a0ad552e,0.909
1456334761.0,910ecd45,0.939
1456334761.0,7cb1bbc0,0.949
1456334761.0,74f3df02,0.939
1456334761.0,d9de1c75,0.959
1456334761.0,a03c9b78,0.969
1456334761.0,adf7b918,0.929
1456334761.0,,0.919
1456334761.0,575d8182,0.929
1456334761.0,fa88e7e3,0.939
1456334761.0,a00c53b9,0.909
1456334761.0,e487e118,0.949
1456334761.0,b840a41d,0.949
1456334761.0,83c03208,0.919
1456334761.0,a37cd3e6,0.949
1456334761.0,0e949251,0.979
1456334761.0,534bd2b7,0.929
1456334761.0,876763f5,0.909
1456334761.0,0757f54d,0.919
1456334761.0,fee64542,0.899
1456334761.0,d5118031,0.929
1456334761.0,0a60aaba,0.969
1456334761.0,ee54e371,0.919
1456334761.0,8b77e169,0.909
1456334761.0,727a279d,0.949
1456334761.0,2a85aef8,0.929
1456334761.0,db856260,0.959
1456334761.0,8c1c23fb,0.919
1456334761.0,23328c7a,0.959
1456334761.0,88b90de7,0.939
1456334761.0,d21a57fd,0.939
1456334761.0,1c79df7a,0.909
1456334761.0,3082ffa7,0.949
1456334761.0,1cf625f0,0.939
1456334761.0,831f7129,0.959
1456334761.0,4abb67a5,0.949
1456334761.0,c1802a5a,0.939
1456334761.0,,0.929
1456334761.0,96407ff6,0.939
1456334761.0,a2d171ec,0.949
1456334761.0,4ea58ef3,0.899
1456334761.0,6927d550,0.949
1456334761.0,328b1075,0.899
1456334761.0,3435fb8d,0.969
1456334761.0,3813907a,0.929
1456334761.0,4bd7866e,1.029
1456334761.0,d19b61da,0.929
1456334761.0,4604844c,0.969
1456334761.0,1e7f80e8,0.999
1456334761.0,930b627b,0.909
1456334761.0,ca8919db,0.929
1456334761.0,2b00ce60,0.969
1456334761.0,70a9e6a8,0.959
1456334761.0,6982586c,0.959
1456334761.0,c8dd66ee,0.919
1456334761.0,c25fac39,0.929
1456334761.0,ff58f7ef,0.929
1456334761.0,47a5253e,0.979
1456334761.0,630198f5,0.949
1456334761.0,d8c4e623,0.959
1456334761.0,6f6329ff,0.939
1456334761.0,086d076b,0.949
1456334761.0,5a5bd833,0.929
1456334761.0,79ddc5ca,0.979
1456334761.0,45e9feb7,0.929
1456334761.0,d90a2276,0.949
1456334761.0,5fd232c2,0.909
1456334761.0,1b39d7f7,0.969
1456334761.0,aae959c2,0.919
1456334761.0,600fd4b6,0.959
1456334761.0,c4b1a3a1,0.939
1456334761.0,8b6fe7ae,0.949
1456334761.0,9bccabe6,0.929
1456334761.0,dd465a5d,0.979
1456334761.0,ed23637d,0.939
1456334761.0,36dc6ea5,0.919
1456334761.0,e5e2bf67,0.929
1456334761.0,01859229,0.979
1456334761.0,424834c6,0.949
1456334761.0,b3d667a6,0.919
1456334761.0,54b81d07,0.929
1456334761.0,c0bb7774,0.969
1456334761.0,ed0cd7e2,0.939
1456334761.0,01fb21d8,0.989
1456334761.0,8e214251,0.899
1456334761.0,fb77e994,0.949
1456334761.0,73ad722d,0.939
1456334761.0,f59b1222,0.979
1456334761.0,3ecb2b24,0.939
1456334761.0,59f961f5,0.939
1456334761.0,e8770e69,0.959
1456334761.0,54151b0d,0.979
1456334761.0,c6a1b911,0.939
1456334761.0,0b45563b,0.959
1456334761.0,341d054c,0.969
1456334761.0,7f7b1e43,0.949
1456334761.0,72975548,0.949
1456334761.0,,0.949
1456334761.0,691d5ce3,0.929
1456334761.0,b2a8f247,0.969
1456334761.0,e600cf0f,0.919
1456334761.0,ce6b83b7,0.959
1456334761.0,0d779f5e,0.959
1456334761.0,2b52627f,0.949
1456334761.0,551c6932,0.939
1456334761.0,eaba5acb,0.969
1456334761.0,34cd760d,0.939
1456334761.0,2e64cc2e,0.949
1456334761.0,3c7c43a2,0.929
1456334761.0,c90ddd1c,0.959
1456334761.0,a2d8eda4,0.959
1456334761.0,e645d618,0.929
1456334761.0,0339cb93,0.939
1456334761.0,1ffbed87,0.944
1456334761.0,aef0d8b9,0.979
1456334761.0,ee288062,0.969
1456334761.0,6fc48997,0.939
1456334761.0,7edfe29f,0.969
1456334761.0,aa642af9,0.939
1456334761.0,9fc9a999,0.969
1456334761.0,4d8ede53,0.929
1456334761.0,c3bfe078,0.939
1456334761.0,5cd10b8c,0.969
1456334761.0,d56413d1,0.939
1456334761.0,0fb24e7d,0.949
1456334761.0,ac394be0,0.929
1456334761.0,47bf3acc,0.939
1456334761.0,cb987f86,0.939
1456334761.0,0c2f7153,0.949
1456334761.0,d1832039,0.929
1456334761.0,42bd32f3,0.959
1456334761.0,26562367,0.949
1456334761.0,c1548059,0.959
1456334761.0,f2c8e01a,0.949
1456334761.0,82376744,0.949
1456334761.0,29a6303c,0.969
1456334761.0,c25699b5,0.969
1456334761.0,92a7ca0c,0.949
1456334761.0,d195f0c9,0.959
1456334761.0,398b6ec7,0.959
1456334761.0,a373cdfc,0.939
1456334761.0,e526650e,0.909
1456334761.0,bccaf145,0.919
1456334761.0,fbe424bb,0.939
1456334761.0,ac6ccf5d,0.939
1456334761.0,f856d6e0,0.929
1456334761.0,b8705ff2,0.919
1456334761.0,9247febd,0.909
1456334761.0,e5139cec,0.909
1456334761.0,e146d88a,0.959
1456334761.0,ae30d7e3,0.919
1456334761.0,f29f6270,0.919
1456334761.0,abc596af,0.929
1456334761.0,4d4b1ca0,0.889
1456334761.0,20338fa9,0.939
1456334761.0,f1f57418,0.899
1456334761.0,13f4ef46,0.899
1456334761.0,e3a60e8a,0.909
1456334761.0,a57ba9f4,0.919
1456334761.0,a13f8970,0.929
1456334761.0,a49f5d4b,0.939
1456334761.0,be2df1d8,0.919
1456334761.0,76a02736,0.949
1456334761.0,9aab0c6c,0.919
1456334761.0,ce8b60a3,0.929
1456334761.0,73e22345,0.919
1456334761.0,b7acce06,0.929
1456334761.0,fa7a7823,0.929
1456334761.0,688653f8,0.929
1456334761.0,0ee7204e,0.919
1456334761.0,5df9b393,0.919
1456334761.0,3c9479d6,0.929
1456334761.0,8c7add3d,0.909
1456334761.0,2dfe8082,0.919
1456334761.0,78f2b451,0.959
1456334761.0,0bb28765,0.939
1456334761.0,217404b2,0.909
1456334761.0,237e0152,0.949
1456334761.0,6c109510,0.929
1456334761.0,e212dd80,0.949
1456334761.0,91db14ed,0.929
1456334761.0,5a4ca547,0.889
1456334761.0,c97f1f02,0.899
1456334761.0,18b3ac80,0.929
1456334761.0,f185e887,0.949
1456334761.0,15b221c0,0.899
1456334761.0,4ec9ba2c,0.919
1456334761.0,5c8ccf98,0.939
1456334761.0,1f1403a7,0.959
1456334761.0,eae702bd,0.939
1456334761.0,56006177,0.999
1456334761.0,61271939,0.929
1456334761.0,3f144301,0.949
1456334761.0,0da9043c,1.019
1456334761.0,1a48cf2f,0.969
1456334761.0,cf3dfe31,0.949
1456334761.0,41453b7f,0.949
1456334761.0,82a2717a,0.969
1456334761.0,7ec09a5a,0.959
1456334761.0,2dc40154,0.969
1456334761.0,2787cfe0,0.959
1456334761.0,6a5e9f24,0.929
1456334761.0,9f9d06bd,0.944
1456334761.0,91666de8,0.949
1456334761.0,ed46fdb9,0.929
1456334761.0,37a8af42,0.959
1456334761.0,355f04dc,0.899
1456335001.0,5175d50a,0.939
1456335001.0,363ab0d1,0.919
1456335001.0,9e33ac5a,0.919
1456335001.0,52ff86b2,0.929
1456335001.0,e2851b26,0.929
1456335001.0,3f38fa55,0.929
1456335001.0,c2d8e386,0.899
1456335001.0,be7b97ad,0.929
1456335001.0,bd86f3ea,0.929
1456335001.0,51296782,0.929
1456335001.0,c597ae24,0.959
1456335001.0,3bb20ba7,0.939
1456335001.0,415ad4d0,0.939
1456335001.0,ae71af81,0.949
1456335001.0,2a7a2a42,0.939
1456335001.0,ce331290,0.929
1456335001.0,cfe72b95,0.949
1456335001.0,b089244a,0.959
1456335001.0,9a52a6cd,0.929
1456335001.0,b4a7b915,0.979
1456335001.0,3693b2a0,0.979
1456335001.0,fba18531,0.966
1456335001.0,557d2fc5,0.939
1456335001.0,5bf4abd4,0.949
1456335001.0,6598cfb9,0.949
1456335001.0,669333e3,0.919
1456335001.0,8371a1aa,0.939
1456335001.0,2753be9b,0.919
1456335001.0,0f4a41fc,0.909
1456335001.0,afa8e37d,0.949
1456335001.0,fda59bae,0.939
1456335001.0,5f0b3d94,0.919
1456335001.0,919c9f89,0.959
1456335001.0,8d5a6091,0.969
1456335001.0,c307725e,0.949
1456335001.0,6949ed4a,0.989
1456335001.0,e50a3733,0.929
1456335001.0,d0f9f901,0.959
1456335001.0,,0.949
1456335001.0,de72ae1a,0.966
1456335001.0,45427090,0.949
1456335001.0,ab4700c2,0.929
1456335001.0,93d1f437,0.959
1456335001.0,05574660,0.939
1456335001.0,5056106a,0.909
1456335001.0,668ec837,0.949
1456335001.0,f86443f3,0.979
1456335001.0,72889fd6,0.966
1456335001.0,b191b282,0.949
1456335001.0,61f59311,0.939
1456335001.0,55a39b60,0.959
1456335001.0,5d40a336,0.944
1456335001.0,a07f741f,0.949
1456335001.0,9b047271,0.969
1456335001.0,36a53250,0.969
1456335001.0,21f51b7d,0.949
1456335001.0,9547004b,0.939
1456335001.0,0c2b92ac,0.959
1456335001.0,4aa4382f,0.979
1456335001.0,3b3dda8f,0.919
1456335001.0,22103849,0.929
1456335001.0,1ad30a9a,0.929
1456335001.0,be6d21fe,0.989
1456335001.0,e8716217,0.919
1456335001.0,455166b9,0.939
1456335001.0,c7381288,0.949
1456335001.0,89f0cfb7,0.929
1456335001.0,86466323,0.929
1456335001.0,8f277236,0.949
1456335001.0,ce366998,0.949
1456335001.0,d662b253,0.959
1456335001.0,16863815,0.939
1456335001.0,85f08836,0.939
1456335001.0,7eed54a8,0.939
1456335001.0,1a0f3e2b,0.939
1456335001.0,a0f09d1a,0.939
1456335001.0,185ab0a1,0.939
1456335001.0,27c16d5b,0.909
1456335001.0,7970752a,0.969
1456335001.0,c78b7333,0.959
1456335001.0,e48ca6d1,0.929
1456335001.0,11364835,0.919
1456335001.0,55446f74,0.919
1456335001.0,469cb2ca,0.909
1456335001.0,197e1542,0.919
1456335001.0,f1ad771b,0.919
1456335001.0,a5b19cba,0.929
1456335001.0,bd03317d,0.909
1456335001.0,0b4a5e48,0.919
1456335001.0,78563886,0.909
1456335001.0,82e87a14,0.909
1456335001.0,a07eee38,0.949
1456335001.0,9dfbd4dd,0.929
1456335001.0,e705c307,0.919
1456335001.0,1ca78cac,0.919
1456335001.0,8b5242d3,0.919
1456335001.0,9a8bc1fb,0.919
1456335001.0,be84ceff,0.929
1456335001.0,96ad35a6,0.909
1456335001.0,164a9a01,0.959
1456335001.0,7d24179d,0.939
1456335001.0,3b9765f2,0.909
1456335001.0,bb39a843,0.909
1456335001.0,aed09b0f,0.919
1456335001.0,85f12dca,0.919
1456335001.0,eb783f5d,0.939
1456335001.0,0264d325,0.969
1456335001.0,7dedf4de,0.939
1456335001.0,613352d7,0.919
1456335001.0,ee54e371,0.909
1456335001.0,c8ce828b,0.939
1456335001.0,c9a19301,0.949
1456335001.0,7e16c19d,0.999
1456335001.0,6a80fe13,0.929
1456335001.0,56b0dc6a,0.949
1456335001.0,6eaed040,0.969
1456335001.0,9581fe81,0.939
1456335001.0,69ce0c69,0.949
1456335001.0,21d0f81c,0.939
1456335001.0,ec2af182,0.949
1456335001.0,18ac93f2,0.919
1456335001.0,34108c3d,0.939
1456335001.0,8b0d5192,0.949
1456335001.0,84526a99,0.929
1456335001.0,99148d2d,0.949
1456335001.0,7a64f89c,0.929
1456335001.0,cf23bc29,0.966
1456335001.0,1cc41339,0.899
1456335001.0,d19b61da,0.919
1456335001.0,23ffe49b,0.939
1456335001.0,18a9621c,0.919
1456335001.0,6727ef58,0.959
1456335001.0,d86b6eaf,0.969
1456335001.0,77c875bb,0.969
1456335001.0,c0508b12,0.959
1456335001.0,5c3d3863,0.969
1456335001.0,0a20dd73,0.939
1456335001.0,d3dc7d8c,0.969
1456335001.0,3232f3f2,0.969
1456335001.0,c713cfc0,0.949
1456335001.0,09d9579a,0.939
1456335001.0,4dc73eb8,0.964
1456335001.0,9f01dc28,0.949
1456335001.0,bc75cb58,0.959
1456335001.0,08d73b70,0.969
1456335001.0,4d70ed85,0.939
1456335001.0,f00b592d,0.959
1456335001.0,2ce7ea0e,0.969
1456335001.0,10c41b90,0.939
1456335001.0,180c401e,0.949
1456335001.0,9bccabe6,0.919
1456335001.0,e576fe06,0.959
1456335001.0,48ef3fea,0.959
1456335001.0,6d3f757f,0.939
1456335001.0,b7a7ee6f,0.929
1456335001.0,7b9d3d6a,0.959
1456335001.0,7cdc9523,0.969
1456335001.0,56550517,0.989
1456335001.0,aa647893,0.999
1456335001.0,fd278e66,0.929
1456335001.0,95d6571c,0.959
1456335001.0,e5a3d8f9,0.919
1456335001.0,2042ed0f,0.949
1456335001.0,3183a48d,0.929
1456335001.0,aacd7080,0.959
1456335001.0,531354ab,0.939
1456335001.0,edb096b5,0.969
1456335001.0,28af0625,0.939
1456335001.0,61ebbc40,0.909
1456335001.0,104560d9,0.939
1456335001.0,5aa49c2a,0.909
1456335001.0,4f7c5e0a,0.959
1456335001.0,a6443453,0.909
1456335001.0,8e68c7c0,0.969
1456335001.0,c1d8eb68,0.949
1456335001.0,5f650df4,0.939
1456335001.0,302c9dc6,0.959
1456335001.0,734b43c2,0.939
1456335001.0,c409c6b3,0.979
1456335001.0,29c5c2e2,0.939
1456335001.0,dfed207f,0.959
1456335001.0,a0e239a8,0.939
1456335001.0,eadc25e7,0.939
1456335001.0,ab22dac4,0.949
1456335001.0,28e051b2,0.939
1456335001.0,1e78130a,0.939
1456335001.0,f06e40a6,0.929
1456335001.0,dac4fe2a,0.909
1456335001.0,990757d8,0.929
1456335001.0,f3b12324,0.949
1456335001.0,18301e82,0.939
1456335001.0,5a8f6bb5,0.939
1456335001.0,a2db42f9,0.935
1456335001.0,a9f47df0,0.969
1456335001.0,94f34687,0.929
1456335001.0,1f35a745,0.939
1456335001.0,cbd96815,0.949
1456335001.0,ece4dd56,0.989
1456335001.0,9ab54d52,0.939
1456335001.0,eaba5acb,0.959
1456335001.0,229400a7,0.939
1456335001.0,b2c4b0c2,0.939
1456335001.0,e0c1778e,0.929
1456335001.0,210d7aa0,0.949
1456335001.0,2e64cc2e,0.949
1456335001.0,a459b6b0,0.939
1456335001.0,1ee7bf79,0.929
1456335001.0,3b4197b0,0.959
1456335001.0,6338dd07,0.979
1456335001.0,a971d6fb,0.909
1456335001.0,e52d40e7,0.939
1456335001.0,c09f1e3e,0.969
1456335001.0,60625072,0.949
1456335001.0,27ad4edd,0.959
1456335001.0,97f66660,0.959
1456335001.0,e8a25ade,0.959
1456335001.0,67809b86,0.939
1456335001.0,5ab36501,0.919
1456335001.0,f47e8638,0.939
1456335001.0,6587d030,0.909
1456335001.0,5bf41255,0.929
1456335001.0,5d5f21ff,0.989
1456335001.0,22a0ccda,0.909
1456335001.0,c7f22027,0.959
1456335001.0,b20731bb,0.964
1456335001.0,a45ec88a,0.949
1456335001.0,fd5c987c,0.919
1456335001.0,8e5758d4,0.939
1456335001.0,2ac82f45,0.979
1456335001.0,74c7be75,0.949
1456335001.0,5543a9fd,0.954
1456335001.0,43396ca7,0.939
1456335001.0,a949a310,0.969
1456335001.0,3bfc6e44,0.949
1456335001.0,ae30d7e3,0.909
1456335001.0,56ea4a71,0.909
1456335001.0,5bb24e91,0.929
1456335001.0,ae7f358a,0.959
1456335001.0,4cdbbbb9,0.909
1456335001.0,9d948dce,0.959
1456335001.0,3b68a541,0.919
1456335001.0,8928a7d8,0.959
1456335001.0,cc3eddf4,0.949
1456335001.0,5bf5fced,0.939
1456335001.0,baba3913,0.959
1456335001.0,957e19a6,0.909
1456335001.0,c674dd96,0.929
1456335001.0,524d848c,0.929
1456335001.0,094fab78,0.949
1456335001.0,1bce0e67,0.909
1456335001.0,6ee20bbd,0.889
1456335001.0,5daabe07,0.919
1456335001.0,,0.969
1456335001.0,b6daf677,0.939
1456335001.0,c08ff843,0.919
1456335001.0,ea2f710b,0.969
1456335001.0,e541cf19,0.966
1456335001.0,20fea5aa,1.019
1456335001.0,7818ad58,0.929
1456335001.0,13596539,0.959
1456335001.0,75e0a1f1,0.959
1456335001.0,fab43cd7,0.959
1456335001.0,2fc85e52,0.939
1456335001.0,a8ea8361,0.949
1456335001.0,,0.969
1456335001.0,e4f15ee0,0.959
1456335001.0,996dd733,0.969
1456335001.0,632d8c88,0.939
1456335001.0,af91c953,0.959
1456335001.0,c3803ef6,0.939
1456335001.0,5800eb70,0.944
1456335001.0,dea8af98,0.929
1456335001.0,6dbdc4a2,0.939
1456335001.0,2f5be2f4,0.969
1456335001.0,5c7976a7,0.989
1456335001.0,6bbd3dc3,0.929
1456335001.0,14efadf9,0.949
1456335001.0,c2fe2847,0.939
1456335001.0,762cedec,0.969
1456335241.0,238aa14d,0.969
1456335241.0,79fb50bd,0.919
1456335241.0,72c6425d,0.959
1456335241.0,6d6576d8,0.969
1456335241.0,7b0b6a1b,0.919
1456335241.0,0622e30b,0.959
1456335241.0,48d20717,0.939
1456335241.0,0297c11e,0.919
1456335241.0,607a5b45,0.949
1456335241.0,7eac0db9,0.919
1456335241.0,6e7d1516,0.919
1456335241.0,7d30b511,0.939
1456335241.0,175bcea1,0.929
1456335241.0,7999ba62,0.919
1456335241.0,bc572eb7,0.949
1456335241.0,d52caa0c,0.939
1456335241.0,417dc490,0.959
1456335241.0,6a8dc69b,0.959
1456335241.0,f82da33f,0.919
1456335241.0,acda2cab,0.989
1456335241.0,3f2ba968,0.919
1456335241.0,99d46a35,0.909
1456335241.0,57813c32,0.929
1456335241.0,09576ba9,0.969
1456335241.0,dcbfbcf3,0.919
1456335241.0,06c32dfe,0.949
1456335241.0,8eea76a1,0.919
1456335241.0,091ee9ad,0.959
1456335241.0,d89d5f83,0.919
1456335241.0,28071dbd,0.929
1456335241.0,12077d15,0.939
1456335241.0,c56f813d,0.939
1456335241.0,cae5c994,0.919
1456335241.0,66e25ec6,0.939
1456335241.0,d00ee189,0.939
1456335241.0,4b36fa89,0.959
1456335241.0,e53def27,0.979
1456335241.0,c6463fb6,0.949
1456335241.0,6670ab73,0.949
1456335241.0,faddd104,0.929
1456335241.0,b3141223,0.999
1456335241.0,6437efd0,0.909
1456335241.0,3aba7e15,0.959
1456335241.0,f0430871,0.969
1456335241.0,955ed41d,0.934
1456335241.0,517a6ad7,0.969
1456335241.0,cc29c87a,0.914
1456335241.0,dcb4f731,0.919
1456335241.0,e92281f9,0.969
1456335241.0,61ee6f5a,0.989
1456335241.0,7d9e71ad,0.949
1456335241.0,af91cef3,0.939
1456335241.0,21d78be4,0.949
1456335241.0,21b0fe98,0.949
1456335241.0,1d5cb0e7,0.939
1456335241.0,deadb46b,0.969
1456335241.0,e7e474b4,0.949
1456335241.0,4fee3e6d,0.939
1456335241.0,56f076dc,0.919
1456335241.0,bf2623d5,0.959
1456335241.0,e9edf509,0.949
1456335241.0,99c7ace3,0.949
1456335241.0,c66eeb5b,0.929
1456335241.0,abac441c,0.989
1456335241.0,6b69df8f,0.949
1456335241.0,dbca9739,0.949
1456335241.0,aae85374,0.959
1456335241.0,c0a3d1e4,0.929
1456335241.0,e823f51f,0.979
1456335241.0,734c00a8,0.949
1456335241.0,c441e36d,0.969
1456335241.0,c1f003e3,0.969
1456335241.0,8aaabcb9,0.909
1456335241.0,aade08a5,0.939
1456335241.0,5bb532d0,0.929
1456335241.0,29bd5a9a,0.919
1456335241.0,0edfca49,0.989
1456335241.0,6946f633,0.939
1456335241.0,a09a844e,0.949
1456335241.0,1f23d8f2,0.949
1456335241.0,cb5cc628,0.939
1456335241.0,7f6effac,0.919
1456335241.0,34b00dee,0.909
1456335241.0,504da010,0.939
1456335241.0,67fb9f82,0.939
1456335241.0,22ea287c,0.949
1456335241.0,04ca4472,0.949
1456335241.0,7c4e6cc9,0.919
1456335241.0,07656553,0.939
1456335241.0,d887646b,0.939
1456335241.0,51ebd486,0.919
1456335241.0,9b66ed80,0.929
1456335241.0,79f785eb,0.939
1456335241.0,b47f33d8,0.929
1456335241.0,91170ebc,0.929
1456335241.0,99079efc,0.929
1456335241.0,c86a322d,0.939
1456335241.0,70ab0b09,0.909
1456335241.0,440673be,0.949
1456335241.0,7df2f7b0,0.919
1456335241.0,d15144fb,0.949
1456335241.0,2e51dede,0.919
1456335241.0,c8df5f11,0.939
1456335241.0,5ca22d34,0.919
1456335241.0,055d27b8,0.929
1456335241.0,851acde1,0.939
1456335241.0,875ec97a,0.939
1456335241.0,ebef875b,0.949
1456335241.0,a24a3320,0.959
1456335241.0,54a44614,0.949
1456335241.0,aabcd7eb,0.939
1456335241.0,0d721874,0.939
1456335241.0,6319bbbb,0.979
1456335241.0,28712072,0.939
1456335241.0,ae6ec1fd,0.959
1456335241.0,fd19fab6,0.979
1456335241.0,8b0687ba,0.949
1456335241.0,6cf550c8,0.949
1456335241.0,235dd814,0.959
1456335241.0,f78f34d4,0.969
1456335241.0,2f32ed4f,0.949
1456335241.0,102821f8,0.919
1456335241.0,f96059fa,0.959
1456335241.0,6927d550,0.939
1456335241.0,4ee0535e,0.949
1456335241.0,0c4f31d4,0.929
1456335241.0,1df8493a,0.969
1456335241.0,8f0c450a,0.949
1456335241.0,c17eb923,0.909
1456335241.0,,0.959
1456335241.0,bd525580,0.969
1456335241.0,d86b6eaf,0.969
1456335241.0,6f7da555,0.959
1456335241.0,d4659823,0.939
1456335241.0,a25d5615,0.899
1456335241.0,7b0ff594,0.959
1456335241.0,1dcc8077,0.939
1456335241.0,f028637b,0.959
1456335241.0,4100c9dd,0.939
1456335241.0,08d73b70,0.949
1456335241.0,e8a69269,0.959
1456335241.0,997de382,0.939
1456335241.0,b2a4889d,0.949
1456335241.0,9272dad9,0.969
1456335241.0,286eacff,0.939
1456335241.0,6479b534,0.919
1456335241.0,e3792bc9,0.969
1456335241.0,b359addb,0.939
1456335241.0,324dc3f8,0.939
1456335241.0,d66a19f7,0.949
1456335241.0,dd465a5d,0.969
1456335241.0,ea476e14,0.939
1456335241.0,add1235c,0.989
1456335241.0,f6884200,0.939
1456335241.0,,0.929
1456335241.0,,0.969
1456335241.0,7fdd64dc,0.909
1456335241.0,e743f9ea,0.909
1456335241.0,2bd2ffb1,0.979
1456335241.0,f7b78f12,0.939
1456335241.0,e5a3d8f9,0.919
1456335241.0,0acb65ea,0.949
1456335241.0,1feea3c1,0.969
1456335241.0,9ba26da7,0.939
1456335241.0,3a20cf6c,0.899
1456335241.0,e3556254,0.949
1456335241.0,2b57a135,0.909
1456335241.0,1e13d4f8,0.929
1456335241.0,47196a5d,0.989
1456335241.0,db29506f,0.959
1456335241.0,15d36622,0.969
1456335241.0,1553efff,0.939
1456335241.0,336c678f,0.919
1456335241.0,2b797ecc,0.919
1456335241.0,06ac238a,0.949
1456335241.0,d45b556e,0.949
1456335241.0,689f962f,0.949
1456335241.0,3fc2e10c,0.919
1456335241.0,cc22a735,0.969
1456335241.0,bf80d980,0.929
1456335241.0,8087a244,0.939
1456335241.0,38716c97,0.959
1456335241.0,18c16fc4,0.959
1456335241.0,6bf6f02f,0.969
1456335241.0,8ea85961,0.949
1456335241.0,eb8fef56,0.949
1456335241.0,63e70cd3,0.939
1456335241.0,1cc005a8,0.909
1456335241.0,75290178,0.939
1456335241.0,2380bb04,0.959
1456335241.0,6e17970f,0.979
1456335241.0,f2ef7300,0.939
1456335241.0,bd227bfb,0.979
1456335241.0,d73f9554,0.949
1456335241.0,b49d51d2,0.939
1456335241.0,a3f28e84,0.929
1456335241.0,1ffbed87,0.939
1456335241.0,27ad4edd,0.939
1456335241.0,f4b9d561,0.919
1456335241.0,6582ce6e,0.934
1456335241.0,61e52b01,0.929
1456335241.0,da3bfceb,0.949
1456335241.0,5982ef09,0.929
1456335241.0,d5be29d1,0.969
1456335241.0,71afb3c0,0.929
1456335241.0,5d5f21ff,0.969
1456335241.0,63f5a00a,0.939
1456335241.0,cbac7081,0.939
1456335241.0,2eb47ed3,0.949
1456335241.0,44daa76b,0.929
1456335241.0,aaba4ebc,0.929
1456335241.0,65a0b74e,0.929
1456335241.0,7e056bdf,0.929
1456335241.0,99e2b651,0.949
1456335241.0,aea7ec1f,0.949
1456335241.0,0d4c6469,0.929
1456335241.0,53668235,0.939
1456335241.0,8e0fdf79,0.979
1456335241.0,256e2f5b,0.969
1456335241.0,d9c57dad,0.939
1456335241.0,8b3bba8f,0.919
1456335241.0,6dca6f1b,0.969
1456335241.0,bae5af8d,0.919
1456335241.0,3bfc6e44,0.949
1456335241.0,cca094f8,0.919
1456335241.0,e146d88a,0.949
1456335241.0,ae30d7e3,0.909
1456335241.0,62d05b95,0.939
1456335241.0,013f9d06,0.959
1456335241.0,042407e0,0.949
1456335241.0,471d5cec,0.929
1456335241.0,69a09fed,0.929
1456335241.0,128ef159,0.929
1456335241.0,,0.929
1456335241.0,27d9a178,0.929
1456335241.0,7ba64cab,0.919
1456335241.0,82ca9901,0.949
1456335241.0,f26c00e4,0.939
1456335241.0,20fea5aa,1.019
1456335241.0,3da96054,0.949
1456335241.0,baff6152,0.959
1456335241.0,364779b4,0.969
1456335241.0,d4817c1a,0.919
1456335241.0,b5897439,0.919
1456335241.0,07d4d93c,0.959
1456335241.0,3168ab53,0.949
1456335241.0,31dfb194,0.939
1456335241.0,a3480cfc,0.949
1456335241.0,2cbca1fc,0.929
1456335241.0,8577f793,0.909
1456335241.0,a5fbf851,0.889
1456335241.0,a273a8e5,0.924
1456335241.0,372699d4,0.959
1456335241.0,f2e88219,0.949
1456335241.0,4eaad293,0.929
1456335241.0,f93a1db7,0.969
1456335241.0,c1082f5e,0.929
1456335241.0,631cd0c7,0.959
1456335241.0,7c8784c0,0.979
1456335241.0,f02ffbd3,0.949
1456335241.0,871f200d,0.929
1456335241.0,343e9168,0.934
1456335241.0,14efadf9,0.949
1456335241.0,c2fe2847,0.919
1456335241.0,f1f120d5,0.929
1456335481.0,42045a7b,0.939
1456335481.0,a56d5733,0.959
1456335481.0,b81b8885,0.929
1456335481.0,00605faf,0.949
1456335481.0,e1320330,0.949
1456335481.0,b6867cd0,0.919
1456335481.0,9fa10842,0.919
1456335481.0,bd3ac554,0.919
1456335481.0,2a879abf,0.929
1456335481.0,2cfa82fa,0.929
1456335481.0,e10ccff9,0.949
1456335481.0,bfcfe44e,0.929
1456335481.0,7006be5d,0.929
1456335481.0,f6b43ef3,0.939
1456335481.0,a85e6b62,0.949
1456335481.0,f704c239,0.979
1456335481.0,eaf5b8e2,0.969
1456335481.0,417dc490,0.949
1456335481.0,09c88ed9,0.939
1456335481.0,55100d94,0.949
1456335481.0,b7fdbb95,0.919
1456335481.0,15c2c195,0.939
1456335481.0,33d56fd4,0.929
1456335481.0,b4032e28,0.949
1456335481.0,5ce9d453,0.939
1456335481.0,9bf65a40,0.929
1456335481.0,beeaf561,0.929
1456335481.0,595a2321,0.939
1456335481.0,e055b194,0.939
1456335481.0,7b5e3751,0.949
1456335481.0,829bd977,0.929
1456335481.0,a9bfa2fb,0.949
1456335481.0,c0ad4417,0.919
1456335481.0,e5b5fd93,0.949
1456335481.0,9dff6f12,0.949
1456335481.0,158d42d8,0.939
1456335481.0,eed2b29b,0.949
1456335481.0,e7b24018,0.899
1456335481.0,c1db295a,0.919
1456335481.0,9e099f07,0.949
1456335481.0,96300c44,0.969
1456335481.0,30e25cec,0.929
1456335481.0,cc1a0922,0.959
1456335481.0,ef0ae2f2,0.929
1456335481.0,533ac141,0.949
1456335481.0,e251ae8a,0.979
1456335481.0,4838da54,0.979
1456335481.0,00cf8738,0.949
1456335481.0,dda7560a,0.939
1456335481.0,afdd844a,0.939
1456335481.0,80218b02,0.949
1456335481.0,d596df4f,0.949
1456335481.0,ee167171,0.949
1456335481.0,301f8f7b,0.959
1456335481.0,8067eaa3,0.969
1456335481.0,8db8c96c,0.949
1456335481.0,c0e39558,0.909
1456335481.0,33554d6c,0.989
1456335481.0,88ae9f44,0.949
1456335481.0,f897dc71,0.939
1456335481.0,d1ad7add,0.959
1456335481.0,7a760845,0.919
1456335481.0,6006af67,0.959
1456335481.0,b85957cd,0.939
1456335481.0,26b1d7b1,0.979
1456335481.0,ba7651f8,0.929
1456335481.0,7ae5eaaa,0.959
1456335481.0,82360936,0.949
1456335481.0,c08bba33,0.969
1456335481.0,18b20a61,0.999
1456335481.0,ef0bc256,0.929
1456335481.0,bf64b735,0.939
1456335481.0,ce9c03ce,0.949
1456335481.0,027604d9,0.939
1456335481.0,d5d9e64c,0.989
1456335481.0,566376d2,0.919
1456335481.0,b75272ba,0.939
1456335481.0,68176e5a,0.949
1456335481.0,86466323,0.919
1456335481.0,d0145a6c,0.969
1456335481.0,7d589b96,0.949
1456335481.0,d225b33f,0.939
1456335481.0,5466334e,0.939
1456335481.0,0a4f03c9,0.959
1456335481.0,d165c2c6,0.969
1456335481.0,4837de5d,0.919
1456335481.0,ffdd96e7,0.959
1456335481.0,3ede3ac4,0.949
1456335481.0,263e0b44,0.929
1456335481.0,cd48d6b6,0.959
1456335481.0,45731ab8,0.899
1456335481.0,51e1327b,0.949
1456335481.0,e5e2ac35,0.969
1456335481.0,d9b08f78,0.949
1456335481.0,3b5de5d2,0.919
1456335481.0,1098a163,0.949
1456335481.0,671cf752,0.954
1456335481.0,08c3c4e6,0.929
1456335481.0,846c2ab2,0.949
1456335481.0,fce7ca5c,0.939
1456335481.0,c0e7740b,0.974
1456335481.0,64e9b77c,0.939
1456335481.0,615f2b40,0.919
1456335481.0,ee5d8408,0.939
1456335481.0,4c962a80,0.939
1456335481.0,46179c4a,0.939
1456335481.0,100339eb,0.899
1456335481.0,1a45c6ef,0.929
1456335481.0,8e6d4b8d,0.949
1456335481.0,90bdfe5b,0.919
1456335481.0,1dbcc94c,0.949
1456335481.0,0eba39cf,0.969
1456335481.0,d046f0d3,0.929
1456335481.0,3da2bd95,0.949
1456335481.0,64658758,0.969
1456335481.0,36098a3a,0.949
1456335481.0,266713de,0.929
1456335481.0,a709f6ca,0.939
1456335481.0,a4a6b026,0.929
1456335481.0,01f8d023,0.959
1456335481.0,15b53516,0.909
1456335481.0,864faff4,0.919
1456335481.0,016f3133,0.909
1456335481.0,78390be0,0.949
1456335481.0,8a5cd800,0.949
1456335481.0,3c29e148,0.924
1456335481.0,c5d12e92,0.949
1456335481.0,5951b044,0.939
1456335481.0,19447be6,0.969
1456335481.0,188e69f1,0.939
1456335481.0,6c001085,0.919
1456335481.0,033a9760,0.959
1456335481.0,1b4a9928,0.949
1456335481.0,98a7af6d,0.919
1456335481.0,6e2b84da,0.929
1456335481.0,7e0a1569,0.949
1456335481.0,c9a50b4f,0.899
1456335481.0,a5e1310f,0.949
1456335481.0,602ec85f,0.949
1456335481.0,e6fdbd0c,0.979
1456335481.0,9aff86f3,0.939
1456335481.0,180c401e,0.939
1456335481.0,ec19c93a,0.969
1456335481.0,26058f82,0.949
1456335481.0,11fd2741,0.929
1456335481.0,59d4a720,0.929
1456335481.0,0900dfb0,0.939
1456335481.0,141f10f0,0.959
1456335481.0,75151463,0.929
1456335481.0,a260f4a5,0.939
1456335481.0,c56babf8,0.939
1456335481.0,6c260eb8,0.949
1456335481.0,052c8059,0.929
1456335481.0,12516ab9,0.939
1456335481.0,5962da15,0.949
1456335481.0,c3efdbea,0.949
1456335481.0,864d06ee,0.929
1456335481.0,0acb65ea,0.949
1456335481.0,9f0d800f,0.949
1456335481.0,be912b8a,0.969
1456335481.0,15807244,0.949
1456335481.0,d4a3f247,0.939
1456335481.0,4c83adf3,0.959
1456335481.0,66e5052b,0.949
1456335481.0,a0bca24c,0.919
1456335481.0,4e359e7b,0.919
1456335481.0,d950f36c,0.989
1456335481.0,d5d87feb,0.949
1456335481.0,a17c7f62,0.919
1456335481.0,07ccba78,0.969
1456335481.0,c53a45b7,0.969
1456335481.0,5daf9270,0.949
1456335481.0,790c4be8,0.979
1456335481.0,f1832ad0,0.919
1456335481.0,d6831509,0.939
1456335481.0,4020de03,0.909
1456335481.0,07de256c,0.969
1456335481.0,2d3f410b,0.969
1456335481.0,b8461f7b,0.924
1456335481.0,d565fdf7,0.939
1456335481.0,5acde0f1,0.919
1456335481.0,8977f83b,0.969
1456335481.0,19ff993e,0.929
1456335481.0,5fa73da0,0.959
1456335481.0,a3813b89,0.939
1456335481.0,0d730a98,0.929
1456335481.0,19631699,0.969
1456335481.0,48713f51,0.949
1456335481.0,7f89f971,0.959
1456335481.0,450f3a21,0.959
1456335481.0,ae3c2fda,0.959
1456335481.0,c466d5fa,0.949
1456335481.0,672e6c5e,0.989
1456335481.0,329fbc05,0.929
1456335481.0,58cb2ae4,0.929
1456335481.0,8536a14e,0.919
1456335481.0,a3beb05f,0.959
1456335481.0,72fef334,0.939
1456335481.0,86712e60,0.949
1456335481.0,a3f28e84,0.919
1456335481.0,009091bb,0.919
1456335481.0,9ab966b7,0.959
1456335481.0,c4088196,0.939
1456335481.0,7b5f8374,0.949
1456335481.0,bb34de9c,0.939
1456335481.0,0b0f2129,0.909
1456335481.0,84558d7a,0.959
1456335481.0,05878847,0.939
1456335481.0,ad29f10c,0.929
1456335481.0,2a5e6e74,0.949
1456335481.0,b4a05b7f,0.949
1456335481.0,783b97cc,0.919
1456335481.0,c22d075f,0.949
1456335481.0,c54c18c9,0.939
1456335481.0,ce7f3f9b,0.959
1456335481.0,b2dce7a0,0.939
1456335481.0,cb987f86,0.939
1456335481.0,d428a044,0.949
1456335481.0,9628820d,0.939
1456335481.0,86d6d36f,0.949
1456335481.0,d3730b6f,0.959
1456335481.0,f14d6045,0.959
1456335481.0,923a028b,0.959
1456335481.0,2a6e5bb1,0.929
1456335481.0,97c7cfca,0.929
1456335481.0,63a9da40,0.939
1456335481.0,c92ed685,0.959
1456335481.0,d34f18ac,0.939
1456335481.0,a5312f3b,0.929
1456335481.0,e9209897,0.979
1456335481.0,2a8d8f74,0.969
1456335481.0,5446812c,0.979
1456335481.0,09851a39,0.959
1456335481.0,ec60ccb8,0.959
1456335481.0,dd81b30a,0.949
1456335481.0,30f8c62f,0.969
1456335481.0,c41ce805,0.959
1456335481.0,d54e3a6e,0.909
1456335481.0,bae5af8d,0.909
1456335481.0,d7f9f13e,0.989
1456335481.0,dea2eca4,0.969
1456335481.0,85e6cd0f,0.969
1456335481.0,915f4559,0.929
1456335481.0,62d05b95,0.939
1456335481.0,b7496873,0.919
1456335481.0,c59b6311,0.939
1456335481.0,12081217,0.949
1456335481.0,548901d6,0.959
1456335481.0,,0.959
1456335481.0,2289b7d4,0.969
1456335481.0,f6afdfd6,0.919
1456335481.0,844861f9,0.929
1456335481.0,0570dbe0,0.899
1456335481.0,5f8076ef,0.939
1456335481.0,2b2b7338,0.919
1456335481.0,da1fbd53,0.929
1456335481.0,3168ab53,0.939
1456335481.0,7de31d71,0.949
1456335481.0,a6ea6f37,0.939
1456335481.0,ed7d2122,0.979
1456335481.0,30e60f32,0.939
1456335481.0,113fcda7,0.939
1456335481.0,53567364,0.949
1456335481.0,c39e2d3d,0.919
1456335481.0,702a8264,0.919
1456335481.0,48772908,0.929
1456335481.0,4d4ddfe6,0.989
1456335481.0,9aa29c07,0.999
1456335481.0,a54c76e8,0.949
1456335481.0,def62512,0.979
1456335481.0,ef3d8860,0.949
1456335481.0,32dcc2c9,0.939
1456335481.0,a8f9e25b,0.959
1456335481.0,e5e6c292,0.909
1456335481.0,9c4c0229,0.919
1456335721.0,3b8b727e,0.939
1456335721.0,bebb6d12,0.929
1456335721.0,1809ed14,0.939
1456335721.0,00605faf,0.939
1456335721.0,21b793b4,0.919
1456335721.0,0accabdc,0.919
1456335721.0,583bd0d6,0.899
1456335721.0,74b270e2,0.949
1456335721.0,6769da06,0.959
1456335721.0,5ac9ec5a,0.949
1456335721.0,3277bf79,0.899
1456335721.0,0dc0d8d3,0.959
1456335721.0,c2c059ad,0.969
1456335721.0,3133beb1,0.949
1456335721.0,66c8a343,0.959
1456335721.0,d1cb3372,0.969
1456335721.0,a6575e4e,0.899
1456335721.0,b4032e28,0.939
1456335721.0,6f9842b1,0.919
1456335721.0,518317d2,0.949
1456335721.0,ed770a27,0.949
1456335721.0,fe18c405,0.939
1456335721.0,9481f21d,0.949
1456335721.0,f9191716,0.999
1456335721.0,069bf848,0.949
1456335721.0,69bda9c6,0.949
1456335721.0,297818d7,0.939
1456335721.0,6dea9ace,0.929
1456335721.0,493bde6c,0.949
1456335721.0,eba73bce,0.939
1456335721.0,485c7940,0.919
1456335721.0,84b4d9e4,0.969
1456335721.0,d5291b45,0.959
1456335721.0,26db277e,0.949
1456335721.0,,0.929
1456335721.0,7bc75eb5,0.959
1456335721.0,16e07801,0.939
1456335721.0,,0.929
1456335721.0,e53f989c,0.949
1456335721.0,c28f67a8,0.939
1456335721.0,a55049e5,0.949
1456335721.0,1388fe07,0.959
1456335721.0,18ff9945,0.939
1456335721.0,0c5920e5,0.909
1456335721.0,f868a6b6,0.969
1456335721.0,788fd9ec,0.949
1456335721.0,60a41d4c,0.939
1456335721.0,955ed41d,0.929
1456335721.0,eda8c21c,0.919
1456335721.0,45752743,0.969
1456335721.0,851f334c,0.979
1456335721.0,817bcf9d,0.959
1456335721.0,6560327b,0.989
1456335721.0,8977de4b,0.944
1456335721.0,a3a74fcc,0.989
1456335721.0,2c9a2837,0.979
1456335721.0,c20a8487,0.919
1456335721.0,df43a8b2,0.919
1456335721.0,a332486b,0.949
1456335721.0,8dfeb73b,0.959
1456335721.0,bd27cbdf,0.969
1456335721.0,6b7777cb,0.919
1456335721.0,9830928e,0.959
1456335721.0,050d62ae,0.929
1456335721.0,9140f75b,0.939
1456335721.0,d5e3ccf5,0.949
1456335721.0,8d590271,0.939
1456335721.0,2934dabc,0.919
1456335721.0,be6d21fe,0.989
1456335721.0,05babe25,0.919
1456335721.0,d0498c7a,0.939
1456335721.0,2f7c96af,0.939
1456335721.0,58419a90,0.939
1456335721.0,e487e118,0.949
1456335721.0,72f7edea,0.949
1456335721.0,0051e069,0.949
1456335721.0,81d8b241,0.929
1456335721.0,f435573a,0.939
1456335721.0,27d37db7,0.949
1456335721.0,077be4df,0.959
1456335721.0,9cb577d8,0.949
1456335721.0,fc30928f,0.949
1456335721.0,db856260,0.959
1456335721.0,9a4aa177,0.949
1456335721.0,52c8263e,0.969
1456335721.0,88fe1686,0.939
1456335721.0,92e96565,0.949
1456335721.0,a7fc7f1f,0.919
1456335721.0,16a9ef92,0.949
1456335721.0,dc4b8ae9,0.969
1456335721.0,75c86f5d,0.919
1456335721.0,e9a10aef,0.959
1456335721.0,54dcc913,0.919
1456335721.0,ef1844cf,0.969
1456335721.0,dad373d3,0.929
1456335721.0,100b6cf2,0.959
1456335721.0,,0.929
1456335721.0,,0.969
1456335721.0,70a38521,0.939
1456335721.0,6eb39211,0.959
1456335721.0,d338e293,0.959
1456335721.0,1e0f5f03,0.949
1456335721.0,1623a484,0.959
1456335721.0,071ee1b4,0.949
1456335721.0,d811c7b5,0.949
1456335721.0,6727ef58,0.959
1456335721.0,61149352,0.939
1456335721.0,d2823b8f,0.969
1456335721.0,ab7d8dd4,0.939
1456335721.0,2e852031,0.949
1456335721.0,8ac64b4e,0.949
1456335721.0,784f069a,0.939
1456335721.0,e9c48a65,0.969
1456335721.0,66e3c96f,0.909
1456335721.0,0e568db0,0.969
1456335721.0,ba5edf8a,0.959
1456335721.0,8fcd6088,0.939
1456335721.0,57d05ba7,0.959
1456335721.0,38624de7,0.939
1456335721.0,6f5e3368,0.959
1456335721.0,96735449,0.999
1456335721.0,aae959c2,0.909
1456335721.0,52e70aca,0.919
1456335721.0,04f94792,0.969
1456335721.0,374e91b4,0.949
1456335721.0,212dc31a,0.939
1456335721.0,990f2a08,0.959
1456335721.0,570b52de,0.959
1456335721.0,424834c6,0.949
1456335721.0,,0.969
1456335721.0,d5a420b3,0.969
1456335721.0,06f2f6c0,0.949
1456335721.0,e5a3d8f9,0.909
1456335721.0,85e99aa8,0.939
1456335721.0,7490aa54,0.949
1456335721.0,cec51495,0.909
1456335721.0,cbe823ba,0.949
1456335721.0,48aac8e9,0.929
1456335721.0,764a9f1e,0.909
1456335721.0,28367cbd,0.979
1456335721.0,f5268ec9,0.969
1456335721.0,4604fb62,0.939
1456335721.0,dd41b331,0.939
1456335721.0,8cb4fc7c,0.919
1456335721.0,ba94f47b,0.939
1456335721.0,3e8e99dc,0.919
1456335721.0,aeec46d3,0.959
1456335721.0,8ea85961,0.949
1456335721.0,4c74fdcc,0.939
1456335721.0,71405ff7,0.949
1456335721.0,e3c90980,0.919
1456335721.0,0d1c8f35,0.909
1456335721.0,8536a14e,0.919
1456335721.0,7e7117c5,0.969
1456335721.0,ffcde0bb,0.939
1456335721.0,c4ede5e6,0.929
1456335721.0,05b24372,0.939
1456335721.0,19feb15d,0.969
1456335721.0,6933e7da,0.919
1456335721.0,9200bb2c,0.979
1456335721.0,f4f5e1d8,0.949
1456335721.0,896f8569,0.949
1456335721.0,8098495e,0.949
1456335721.0,49ea8294,0.939
1456335721.0,da4a42a1,0.969
1456335721.0,5aa9311f,0.949
1456335721.0,ccd903a8,0.929
1456335721.0,9efb9e6b,0.929
1456335721.0,ab899df0,0.999
1456335721.0,e3330ca1,0.919
1456335721.0,941effa7,0.929
1456335721.0,6c9a5e04,0.959
1456335721.0,e89c4d58,0.919
1456335721.0,5321252a,0.939
1456335721.0,849ac669,0.949
1456335721.0,496612a8,0.959
1456335721.0,87245b5d,0.939
1456335721.0,0be30200,0.959
1456335721.0,b82c12f6,0.868
1456335721.0,788d83d5,0.959
1456335721.0,0950d2ac,0.949
1456335721.0,0434e895,0.949
1456335721.0,dc76a6bb,0.929
1456335721.0,a6fe89c8,0.959
1456335721.0,90b15783,0.939
1456335721.0,539144f8,0.939
1456335721.0,00ae5b70,0.959
1456335721.0,a40d87a2,0.919
1456335721.0,1f5803f6,0.959
1456335721.0,a537b03c,0.929
1456335721.0,1f9d1ea6,0.949
1456335721.0,c3d72a2f,0.949
1456335721.0,9f82b029,0.969
1456335721.0,5f6eaa74,0.999
1456335721.0,75aac7da,0.919
1456335721.0,32f0b93e,0.889
1456335721.0,915f4559,0.929
1456335721.0,bcab79d7,0.909
1456335721.0,7f1371b6,0.939
1456335721.0,4d4b1ca0,0.889
1456335721.0,cb71673a,0.949
1456335721.0,2f34dd60,0.929
1456335721.0,ea6b204a,0.949
1456335721.0,21b1fd87,0.919
1456335721.0,b8e4e564,0.919
1456335721.0,16fa63dc,0.919
1456335721.0,00d6d029,0.919
1456335721.0,0d5cb1e5,0.929
1456335721.0,bf694984,0.929
1456335721.0,79b4bdb6,0.959
1456335721.0,add88990,0.959
1456335721.0,c12acf8f,0.919
1456335721.0,e8775be0,0.929
1456335721.0,447f2373,0.909
1456335721.0,0f5578bb,0.929
1456335721.0,237e0152,0.949
1456335721.0,042a624d,0.919
1456335721.0,e1cf4b4c,0.979
1456335721.0,b894b272,0.969
1456335721.0,9557f893,0.929
1456335721.0,c7e8775e,0.949
1456335721.0,4c5ddfb7,0.959
1456335721.0,5fd30b48,0.949
1456335721.0,1510f5e1,0.999
1456335721.0,3b5ee4d1,0.949
1456335721.0,b8b66437,0.929
1456335721.0,881b7fb8,0.949
1456335721.0,e95d3d87,0.949
1456335721.0,c1599ca9,0.959
1456335721.0,6bd698e2,0.909
1456335721.0,c327932b,0.949
1456335721.0,ebe29594,0.939
1456335721.0,2616645b,0.939
1456335721.0,09c4d8a3,0.949
1456335721.0,8fe7f10d,0.919
1456335721.0,9c4c0229,0.919
1456335961.0,8e2dbe8e,0.949
1456335961.0,16bc38f7,0.909
1456335961.0,19296a92,0.949
1456335961.0,930a4c50,0.939
1456335961.0,de6c0c12,0.909
1456335961.0,dd270564,0.929
1456335961.0,721139ba,0.979
1456335961.0,c0bff642,0.909
1456335961.0,7571a6bb,0.959
1456335961.0,6610198a,0.949
1456335961.0,7d98e545,0.929
1456335961.0,aee75779,0.899
1456335961.0,fa482668,0.919
1456335961.0,0e65094f,0.919
1456335961.0,87d550b4,0.929
1456335961.0,4e54ae8f,0.939
1456335961.0,601bbb50,0.959
1456335961.0,80e60cfc,0.949
1456335961.0,7a8bfc02,0.959
1456335961.0,be11dd72,0.959
1456335961.0,7771824e,0.929
1456335961.0,f785fb75,0.939
1456335961.0,c8e917b4,0.939
1456335961.0,170daeaf,0.959
1456335961.0,3c01d155,0.939
1456335961.0,e790ca88,0.919
1456335961.0,5d6403f6,0.949
1456335961.0,eab170ca,0.899
1456335961.0,a27aa278,0.959
1456335961.0,79ca8f37,0.959
1456335961.0,696e88f4,0.909
1456335961.0,dd62114c,0.959
1456335961.0,5af6e995,0.939
1456335961.0,2fe20e60,0.939
1456335961.0,79ec8492,0.889
1456335961.0,d3c6e8a2,0.939
1456335961.0,412f8103,0.969
1456335961.0,cb6bf035,0.969
1456335961.0,2d55bf5c,0.929
1456335961.0,31e85a65,0.929
1456335961.0,e391e28b,0.929
1456335961.0,d10538bd,0.939
1456335961.0,33336ca6,0.929
1456335961.0,58bc480d,0.944
1456335961.0,69e0cb90,0.929
1456335961.0,fd70cdfd,0.939
1456335961.0,b69db0fc,0.969
1456335961.0,27792a3d,0.939
1456335961.0,316a2f5b,0.939
1456335961.0,e3d91258,0.959
1456335961.0,f5815103,0.939
1456335961.0,cb0a8cc8,0.949
1456335961.0,c89e4e5e,0.959
1456335961.0,28c041df,0.959
1456335961.0,b8f60770,0.959
1456335961.0,2b0edf3c,0.929
1456335961.0,19677f59,0.929
1456335961.0,65c13d89,0.909
1456335961.0,1168538d,0.939
1456335961.0,c73ee079,0.969
1456335961.0,71fdd7b4,0.939
1456335961.0,32399d22,0.949
1456335961.0,74abc1c5,0.939
1456335961.0,f9a14adc,0.929
1456335961.0,64fe3583,0.939
1456335961.0,ef0bc256,0.919
1456335961.0,,0.969
1456335961.0,693441d5,0.959
1456335961.0,bbd94150,0.929
1456335961.0,e8a8876f,0.939
1456335961.0,b46502fa,0.979
1456335961.0,dde1b45b,0.939
1456335961.0,7156911f,0.949
1456335961.0,5aa76680,0.929
1456335961.0,9b66ed80,0.919
1456335961.0,53df0ec3,0.939
1456335961.0,82c7766b,0.919
1456335961.0,a3ff8022,0.919
1456335961.0,7174859c,0.939
1456335961.0,3dfd3678,0.929
1456335961.0,e4f7133f,0.919
1456335961.0,d14d8358,0.959
1456335961.0,45e18000,0.939
1456335961.0,9ffeb5ed,0.929
1456335961.0,d165a6a0,0.919
1456335961.0,26190b19,0.909
1456335961.0,2d204d17,0.959
1456335961.0,9c16f557,0.899
1456335961.0,f9cd1d8c,0.959
1456335961.0,61508d3c,0.899
1456335961.0,5bf247b1,0.929
1456335961.0,ed9d46be,0.899
1456335961.0,c2d5f6c8,0.919
1456335961.0,44144ccf,0.929
1456335961.0,04c55c68,0.939
1456335961.0,bed52cfb,0.959
1456335961.0,32fc4e8c,0.919
1456335961.0,1e16b905,0.929
1456335961.0,efe3611d,0.919
1456335961.0,60f04d2f,0.929
1456335961.0,18df3f49,0.929
1456335961.0,85f12dca,0.909
1456335961.0,c8eaf4a4,0.929
1456335961.0,fa179beb,0.939
1456335961.0,d2fc2219,0.929
1456335961.0,4d655bc9,0.919
1456335961.0,d7530e7f,0.939
1456335961.0,29b24eee,0.929
1456335961.0,27d37db7,0.939
1456335961.0,c7b29cc5,0.949
1456335961.0,a6a91c87,0.949
1456335961.0,cb489a3a,0.929
1456335961.0,cd36fb24,0.929
1456335961.0,50317e5f,0.929
1456335961.0,1ea58c14,0.949
1456335961.0,90bdfe5b,0.919
1456335961.0,baf1ff57,0.959
1456335961.0,8de805ba,0.939
1456335961.0,a9e224de,0.919
1456335961.0,bf3faa63,0.939
1456335961.0,dae657d5,0.989
1456335961.0,5c152248,0.959
1456335961.0,346b37d2,0.939
1456335961.0,db1d08fc,0.949
1456335961.0,e6ebe240,0.909
1456335961.0,64bb101c,0.929
1456335961.0,3784c135,0.929
1456335961.0,3f2e3b3e,0.939
1456335961.0,ed71cccb,0.979
1456335961.0,046da538,0.969
1456335961.0,195fb3bd,0.929
1456335961.0,40f78b64,0.969
1456335961.0,2703d1c4,0.959
1456335961.0,a20ae2e0,0.929
1456335961.0,1d513400,0.979
1456335961.0,6f03c04e,0.909
1456335961.0,150a8031,0.929
1456335961.0,bd907a4a,0.929
1456335961.0,e40ec31e,0.899
1456335961.0,29f1d304,0.899
1456335961.0,022de539,0.939
1456335961.0,af9c113d,0.959
1456335961.0,eabcfe38,0.954
1456335961.0,0bf731c0,0.939
1456335961.0,057738a5,0.939
1456335961.0,564ef774,0.919
1456335961.0,39195ba2,0.949
1456335961.0,8662df6b,0.949
1456335961.0,4ce21f31,0.949
1456335961.0,129f9511,0.959
1456335961.0,9ad11a57,0.959
1456335961.0,cb0f3fc8,0.949
1456335961.0,c704c346,0.949
1456335961.0,eb8520ef,0.949
1456335961.0,c5a3cdcb,0.949
1456335961.0,147f3142,0.949
1456335961.0,5acde0f1,0.919
1456335961.0,,0.939
1456335961.0,2d2c8e81,0.939
1456335961.0,90cec242,0.929
1456335961.0,506ea768,0.939
1456335961.0,8c5eeeac,0.959
1456335961.0,bb34de9c,0.929
1456335961.0,0e7f0bd4,0.939
1456335961.0,5136691e,0.939
1456335961.0,0ad7f620,0.959
1456335961.0,44daa76b,0.919
1456335961.0,b9cdf061,0.959
1456335961.0,a042f697,0.959
1456335961.0,33cd03d6,0.929
1456335961.0,f4217802,0.959
1456335961.0,a5312f3b,0.919
1456335961.0,2c882c96,0.969
1456335961.0,02b1651b,0.959
1456335961.0,81665a82,0.929
1456335961.0,eb179375,0.969
1456335961.0,53d76725,0.929
1456335961.0,75d9d944,0.939
1456335961.0,2335fb5f,0.929
1456335961.0,85e30d0e,0.929
1456335961.0,ab829e65,0.949
1456335961.0,29b468e1,0.949
1456335961.0,7cb03693,0.949
1456335961.0,,0.949
1456335961.0,c4906344,0.959
1456335961.0,a4a288ce,0.939
1456335961.0,b2590879,0.949
1456335961.0,c089a061,0.949
1456335961.0,61eb5be2,0.929
1456335961.0,68bce29e,0.959
1456335961.0,ecaab335,0.929
1456335961.0,72ed613b,0.929
1456335961.0,ee9738ce,0.929
1456335961.0,863b1324,0.919
1456335961.0,a8f38887,0.949
1456335961.0,7af18d81,0.939
1456335961.0,67a0637d,0.939
1456336201.0,3a4ffbbf,0.929
1456336201.0,dc82bdd6,0.949
1456336201.0,42045a7b,0.939
1456336201.0,bd100d45,0.899
1456336201.0,badf7961,0.949
1456336201.0,4e2b483e,0.929
1456336201.0,b6867cd0,0.899
1456336201.0,9fa10842,0.899
1456336201.0,0cc21315,0.929
1456336201.0,bffe1a68,0.939
1456336201.0,caff03c9,0.909
1456336201.0,939e85bc,0.909
1456336201.0,7468efc0,0.919
1456336201.0,7c556e65,0.919
1456336201.0,9727ab3a,0.909
1456336201.0,7eac0db9,0.919
1456336201.0,0accabdc,0.899
1456336201.0,85037928,0.929
1456336201.0,24c0c404,0.979
1456336201.0,9a006df7,0.959
1456336201.0,57b9cbf6,0.959
1456336201.0,ef296ca3,0.929
1456336201.0,061deeda,0.929
1456336201.0,42b1b318,0.949
1456336201.0,23090d56,0.949
1456336201.0,e399a8ea,0.929
1456336201.0,ab7cf567,0.919
1456336201.0,3ccd631d,0.939
1456336201.0,82781b7c,0.939
1456336201.0,44ca04a3,0.949
1456336201.0,ff574b02,0.939
1456336201.0,172669b0,0.939
1456336201.0,e6c4cb15,0.929
1456336201.0,ca8f532f,0.939
1456336201.0,c94cdc6e,0.939
1456336201.0,967f436d,0.999
1456336201.0,01decbb4,0.929
1456336201.0,763d8dd8,0.949
1456336201.0,a705a30f,0.959
1456336201.0,d8de669b,0.939
1456336201.0,3e606994,0.939
1456336201.0,60cf6168,0.949
1456336201.0,67c4f219,0.969
1456336201.0,faddd104,0.919
1456336201.0,254d26d3,0.929
1456336201.0,7a018377,0.929
1456336201.0,78c59dfc,0.919
1456336201.0,3c7bc366,0.959
1456336201.0,5243f4e4,0.949
1456336201.0,67b9bbe5,0.939
1456336201.0,1f897af1,0.939
1456336201.0,9cff31f0,0.939
1456336201.0,5f881538,0.929
1456336201.0,1e85a7ee,0.959
1456336201.0,e3776f3c,0.919
1456336201.0,ed56981f,0.959
1456336201.0,12aafa0c,0.924
1456336201.0,9803f589,0.949
1456336201.0,7efc6d8f,0.959
1456336201.0,3466d43f,0.939
1456336201.0,6065d7c5,0.939
1456336201.0,69a8b3d2,0.949
1456336201.0,8a0db953,0.919
1456336201.0,aea8331e,0.939
1456336201.0,6d248169,0.959
1456336201.0,8f3896e1,0.939
1456336201.0,76308147,0.949
1456336201.0,c3a379ab,0.939
1456336201.0,bd469a6d,0.929
1456336201.0,9827c099,0.939
1456336201.0,75e4d61f,0.969
1456336201.0,778c7dfa,0.949
1456336201.0,33336ca6,0.929
1456336201.0,57bad7ea,0.919
1456336201.0,ba07cf1e,0.959
1456336201.0,204c6f01,0.959
1456336201.0,012d8a4c,0.929
1456336201.0,f84b6775,0.949
1456336201.0,2168c0a1,0.939
1456336201.0,7785d660,0.949
1456336201.0,145d5525,0.929
1456336201.0,a1a458cd,0.969
1456336201.0,87969b95,0.939
1456336201.0,f4af1b17,0.949
1456336201.0,ad129baa,0.919
1456336201.0,546992ee,0.939
1456336201.0,7a760845,0.919
1456336201.0,c862713a,0.949
1456336201.0,be6d21fe,0.979
1456336201.0,9b7becbc,0.959
1456336201.0,e2feb644,0.989
1456336201.0,a753f001,0.949
1456336201.0,fa97f78a,0.949
1456336201.0,39c5a6e0,0.949
1456336201.0,993df4e5,0.999
1456336201.0,ef811cbc,0.969
1456336201.0,fad136e0,0.929
1456336201.0,6b50c140,0.969
1456336201.0,8a3c1b82,0.929
1456336201.0,42863645,0.969
1456336201.0,7b943951,0.959
1456336201.0,408faf33,0.929
1456336201.0,65868958,0.959
1456336201.0,c43140bc,0.939
1456336201.0,c791d886,0.939
1456336201.0,4f5899c2,0.929
1456336201.0,c95d532b,0.959
1456336201.0,cb4bb1c7,0.939
1456336201.0,65d912cc,0.929
1456336201.0,d921f4ce,0.909
1456336201.0,98fad8c5,0.929
1456336201.0,d3bf8582,0.949
1456336201.0,de0b1b58,0.919
1456336201.0,11b725ec,0.939
1456336201.0,54d2b984,0.899
1456336201.0,c6d44191,0.929
1456336201.0,bd03317d,0.909
1456336201.0,6e3aab0e,0.959
1456336201.0,cd0b941e,0.919
1456336201.0,cc367c32,0.939
1456336201.0,ddc99e87,0.939
1456336201.0,83c02c47,0.919
1456336201.0,a099cd62,0.929
1456336201.0,27eb52b2,0.959
1456336201.0,05de04c2,0.939
1456336201.0,41225b43,0.929
1456336201.0,8c85a27d,0.939
1456336201.0,83c9051f,0.939
1456336201.0,5d362644,0.919
1456336201.0,c7a00e1c,0.909
1456336201.0,6135497e,0.939
1456336201.0,96ad35a6,0.909
1456336201.0,2748662b,0.939
1456336201.0,9ecc2084,0.919
1456336201.0,c7a70dd8,0.929
1456336201.0,83748919,0.919
1456336201.0,dd784264,0.939
1456336201.0,e4070c0e,0.909
1456336201.0,413f1831,0.929
1456336201.0,8481831d,0.919
1456336201.0,7dedf4de,0.939
1456336201.0,21a92259,0.909
1456336201.0,5098a1d8,0.919
1456336201.0,662f41b7,0.929
1456336201.0,fe45add5,0.949
1456336201.0,0a60aaba,0.959
1456336201.0,8983b1fe,0.959
1456336201.0,727a279d,0.939
1456336201.0,7616bc62,0.939
1456336201.0,4824bf4c,0.939
1456336201.0,a7a6c781,0.929
1456336201.0,990356d6,0.929
1456336201.0,8c1c23fb,0.909
1456336201.0,84167b40,0.919
1456336201.0,c0d663b4,0.949
1456336201.0,0a1db8aa,0.969
1456336201.0,0bb04dd0,0.959
1456336201.0,,0.979
1456336201.0,6319bbbb,0.969
1456336201.0,5c33525a,0.939
1456336201.0,a58775a0,0.939
1456336201.0,9e5c868a,0.989
1456336201.0,4f44e38b,0.919
1456336201.0,e0758377,0.939
1456336201.0,056edfd2,0.939
1456336201.0,be70fae4,0.919
1456336201.0,6f59ab1a,0.934
1456336201.0,eb751c39,0.949
1456336201.0,e8328929,0.939
1456336201.0,40d8f838,0.899
1456336201.0,b2b44530,0.939
1456336201.0,4da65c5a,0.939
1456336201.0,d34df514,0.959
1456336201.0,65aa334d,0.939
1456336201.0,186a1294,0.959
1456336201.0,f2a783d7,0.949
1456336201.0,89c96863,0.949
1456336201.0,e58aa567,0.949
1456336201.0,dc340ac0,0.949
1456336201.0,8f9c3c61,0.939
1456336201.0,ce2cb57e,0.939
1456336201.0,5bc7d850,0.919
1456336201.0,f76fac88,0.939
1456336201.0,d34ed29d,0.929
1456336201.0,5f71144d,0.929
1456336201.0,9e46459f,0.939
1456336201.0,83e564c6,0.959
1456336201.0,2b6463d1,0.929
1456336201.0,11e3d8bb,0.959
1456336201.0,4baeb9d6,0.949
1456336201.0,a472716e,0.979
1456336201.0,8fcd6088,0.929
1456336201.0,2b3ab72c,0.929
1456336201.0,ccc808c9,0.949
1456336201.0,b760e17f,0.939
1456336201.0,79ddc5ca,0.969
1456336201.0,3d45d1b9,0.959
1456336201.0,4a8e26ae,0.959
1456336201.0,a8334abd,0.929
1456336201.0,8a7ae372,0.959
1456336201.0,1f1e08d5,0.969
1456336201.0,8b5cc87c,0.919
1456336201.0,b5b5497e,0.949
1456336201.0,6f394c33,0.959
1456336201.0,9867054e,0.959
1456336201.0,463dc57b,0.969
1456336201.0,e3a6c1d2,0.909
1456336201.0,987c1347,0.939
1456336201.0,800fab5c,0.969
1456336201.0,94d55606,0.944
1456336201.0,345de47d,0.979
1456336201.0,31b11e9e,0.959
1456336201.0,8f5cffb0,0.969
1456336201.0,43b2838d,0.939
1456336201.0,231c19cd,0.929
1456336201.0,cb04d9ea,0.979
1456336201.0,5a8b0e02,0.949
1456336201.0,2feae8bd,0.909
1456336201.0,d38f9f16,0.929
1456336201.0,619e3c7f,0.939
1456336201.0,6cc0c611,0.959
1456336201.0,020dac80,0.959
1456336201.0,d3063bdf,0.939
1456336201.0,9be01fd7,0.939
1456336201.0,e4b0bd20,0.894
1456336201.0,559fcfde,0.949
1456336201.0,bdf0a3dc,0.959
1456336201.0,f5684ccb,0.929
1456336201.0,bcc9307a,0.929
1456336201.0,f1832ad0,0.919
1456336201.0,,0.919
1456336201.0,342d1420,0.969
1456336201.0,8f9ca1ed,0.949
1456336201.0,e9ef6088,0.949
1456336201.0,765b33b7,0.919
1456336201.0,9e7d95ec,0.939
1456336201.0,64f5be3f,0.939
1456336201.0,ece4dd56,0.969
1456336201.0,8c225212,0.989
1456336201.0,6a7beb86,0.969
1456336201.0,6770a660,0.939
1456336201.0,9c7eab32,0.969
1456336201.0,6ffefa8b,0.919
1456336201.0,391e14ca,0.939
1456336201.0,3ceab2dc,0.939
1456336201.0,6338dd07,0.969
1456336201.0,1ff0ade7,0.948
1456336201.0,27ad4edd,0.929
1456336201.0,b6c365a0,0.939
1456336201.0,9a0a078c,0.908
1456336201.0,43a05b46,0.939
1456336201.0,3bb601ac,0.969
1456336201.0,66a1358d,0.949
1456336201.0,bd396f56,0.959
1456336201.0,df543f1f,0.929
1456336201.0,a9b4d8a2,0.939
1456336201.0,bd3ce4cc,0.949
1456336201.0,41b2d714,0.989
1456336201.0,140ced81,0.939
1456336201.0,c2fa0d0a,0.939
1456336201.0,c4124a50,0.959
1456336201.0,84558d7a,0.959
1456336201.0,df070324,0.959
1456336201.0,3ab2d959,0.949
1456336201.0,2ccce8c3,0.919
1456336201.0,b6d22753,0.929
1456336201.0,a46de094,0.909
1456336201.0,250c83be,0.939
1456336201.0,e5e737e8,0.949
1456336201.0,59c3c78c,0.959
1456336201.0,129d1493,0.929
1456336201.0,09c6edbf,0.919
1456336201.0,2e401955,0.959
1456336201.0,5c88c29d,0.939
1456336201.0,48a1176e,0.949
1456336201.0,9afda374,0.959
1456336201.0,b869515f,0.979
1456336201.0,0f200738,0.939
1456336201.0,a76bbf53,0.939
1456336201.0,9410a8d1,0.949
1456336201.0,87513076,0.949
1456336201.0,4046b6ba,0.929
1456336201.0,f9e89c40,0.909
1456336201.0,2acdea0b,0.939
1456336201.0,0a224fb3,0.929
1456336201.0,03633a4d,0.939
1456336201.0,0d6640ae,0.909
1456336201.0,7e8947c2,0.949
1456336201.0,29d690c6,0.949
1456336201.0,f290a992,0.899
1456336201.0,75aac7da,0.919
1456336201.0,02a3ff50,0.919
1456336201.0,2b890110,0.899
1456336201.0,6d6a4209,0.919
1456336201.0,3cb9cc00,0.909
1456336201.0,d1bc0e20,0.909
1456336201.0,ba0b1d1f,0.939
1456336201.0,d472efac,0.919
1456336201.0,94c0e547,0.929
1456336201.0,21b1fd87,0.919
1456336201.0,b7acce06,0.929
1456336201.0,5cb13083,0.919
1456336201.0,3c9479d6,0.929
1456336201.0,55148824,0.919
1456336201.0,94c64075,0.939
1456336201.0,8c27b2e6,0.969
1456336201.0,7b8e3478,0.979
1456336201.0,baff6152,0.939
1456336201.0,94600741,0.939
1456336201.0,9f415abc,0.979
1456336201.0,7c0f98f5,0.934
1456336201.0,aea3825a,0.969
1456336201.0,ba2213e9,0.969
1456336201.0,43030d9f,0.929
1456336201.0,829cb453,0.969
1456336201.0,d3508125,0.939
1456336201.0,ba815d55,0.949
1456336201.0,b5741ecf,0.959
1456336201.0,838f2221,0.989
1456336201.0,c73ee0fc,0.959
1456336201.0,c8bad2ad,0.939
1456336201.0,5dc3decc,0.969
1456336201.0,6bc9b007,0.959
1456336201.0,66444795,0.939
1456336201.0,6a6b6015,0.929
1456336201.0,4e43cf44,0.929
1456336201.0,fb363438,0.949
1456336201.0,5dd52cfc,0.969
1456336201.0,72ed613b,0.929
1456336201.0,741f4fab,0.939
1456336201.0,a8f38887,0.939
1456336201.0,5d4d46b3,0.959
1456336201.0,e8205f94,0.949
1456336201.0,91012236,0.989
1456336201.0,79ee5792,0.939
1456336201.0,cd52f1cb,0.949
1456336201.0,ac7163ca,0.929
1456336201.0,773b1599,0.939
1456336201.0,809b9631,0.929
1456336201.0,c07a946a,0.919
1456336201.0,bd50e8e2,0.929
1456336201.0,89c3b080,0.939
1456336441.0,d9a3e681,0.909
1456336441.0,fc134cb6,0.959
1456336441.0,43161acd,0.949
1456336441.0,e8ce1950,0.929
1456336441.0,cd730ee9,0.909
1456336441.0,692e3609,0.919
1456336441.0,9d2b8d38,0.909
1456336441.0,dd270564,0.919
1456336441.0,d98cee9c,0.899
1456336441.0,f4e60d5a,0.909
1456336441.0,6a8c75fd,0.959
1456336441.0,329aad11,0.939
1456336441.0,045578a1,0.939
1456336441.0,0f3e781e,0.979
1456336441.0,1686f694,0.899
1456336441.0,b8ddb5a8,0.919
1456336441.0,7d98e545,0.919
1456336441.0,b7dba17c,0.919
1456336441.0,5b042101,0.929
1456336441.0,7828885e,0.909
1456336441.0,ba0bd9d0,0.929
1456336441.0,3693b2a0,0.969
1456336441.0,13b8b105,0.949
1456336441.0,6a8a4a7e,0.939
1456336441.0,971048ac,0.969
1456336441.0,95321d2a,0.939
1456336441.0,a0b68564,0.959
1456336441.0,8e50b796,0.969
1456336441.0,bc467691,0.929
1456336441.0,73ed9159,0.919
1456336441.0,85a9ebeb,0.979
1456336441.0,cc6976b2,0.949
1456336441.0,9e990cfe,0.939
1456336441.0,a618c589,0.949
1456336441.0,3c6b3035,0.919
1456336441.0,24696b6f,0.909
1456336441.0,da3e3f70,0.949
1456336441.0,b0a76bca,0.949
1456336441.0,c198217b,0.939
1456336441.0,9827c099,0.939
1456336441.0,5110d453,0.949
1456336441.0,29551811,0.979
1456336441.0,3d1b021c,0.949
1456336441.0,61f59311,0.939
1456336441.0,386d835f,0.979
1456336441.0,bf2623d5,0.949
1456336441.0,085661ca,0.939
1456336441.0,b24e03a5,0.939
1456336441.0,ccd61b2c,0.999
1456336441.0,e8ad44f5,0.949
1456336441.0,41d7fd8c,0.919
1456336441.0,51885ea3,0.939
1456336441.0,2ef17053,0.969
1456336441.0,0a5953de,0.959
1456336441.0,9fbf8dcd,0.969
1456336441.0,71b758db,0.934
1456336441.0,4fe003ba,0.979
1456336441.0,5747e8a7,0.939
1456336441.0,df264ce2,0.959
1456336441.0,3b561556,0.929
1456336441.0,9f4969b7,0.949
1456336441.0,,0.949
1456336441.0,ddefb778,0.979
1456336441.0,8b1e2d4f,1.009
1456336441.0,da6302b3,0.929
1456336441.0,72162ebe,0.949
1456336441.0,2eea7b6b,0.929
1456336441.0,42043d80,0.949
1456336441.0,dde1b45b,0.939
1456336441.0,2d149d2f,0.924
1456336441.0,6b90433e,0.949
1456336441.0,aa75d7c1,0.969
1456336441.0,b5e413c4,0.949
1456336441.0,8456b87a,0.919
1456336441.0,d887646b,0.929
1456336441.0,1da77d0b,0.929
1456336441.0,f44172d4,0.909
1456336441.0,e27ca798,0.939
1456336441.0,26dbefc0,0.959
1456336441.0,fabaa853,0.939
1456336441.0,5f32b37f,0.949
1456336441.0,93a0a521,0.934
1456336441.0,ab1a9bda,0.979
1456336441.0,57b28a51,0.909
1456336441.0,f53c5155,0.989
1456336441.0,cacdc0ed,0.969
1456336441.0,953976b2,0.949
1456336441.0,34832faa,0.969
1456336441.0,ebde5c50,0.959
1456336441.0,0eb17bed,0.939
1456336441.0,18ac93f2,0.909
1456336441.0,18d8a792,0.939
1456336441.0,9bcd0dae,0.959
1456336441.0,04524480,0.929
1456336441.0,636fe15d,0.959
1456336441.0,44bf3174,0.899
1456336441.0,ae09ed04,0.949
1456336441.0,b99abf38,0.939
1456336441.0,f37029f1,0.929
1456336441.0,e8789a9a,0.959
1456336441.0,477465f0,0.929
1456336441.0,79eb6d1c,0.929
1456336441.0,f66ed49b,0.979
1456336441.0,8914d28e,0.949
1456336441.0,bdd3f5c9,0.929
1456336441.0,f105f24c,0.929
1456336441.0,6b4d97ef,0.979
1456336441.0,b3457bb4,0.949
1456336441.0,b1dd859f,0.959
1456336441.0,0f6f38a4,0.929
1456336441.0,8e25d9aa,0.939
1456336441.0,,0.939
1456336441.0,dc7b3d6f,0.919
1456336441.0,93d189cf,0.949
1456336441.0,8025debd,0.959
1456336441.0,79067d40,0.949
1456336441.0,5aab5487,0.929
1456336441.0,8a7ae372,0.939
1456336441.0,4b53a6b2,0.974
1456336441.0,b84742db,0.949
1456336441.0,cfe82c42,0.939
1456336441.0,ef03dcfa,0.969
1456336441.0,ab28d306,0.974
1456336441.0,ed23637d,0.939
1456336441.0,36dc6ea5,0.919
1456336441.0,82cff99e,0.929
1456336441.0,92eb0a93,0.929
1456336441.0,c69c61f6,0.959
1456336441.0,cf422a5e,0.949
1456336441.0,71b846ff,0.909
1456336441.0,b6990863,0.969
1456336441.0,743a840f,0.939
1456336441.0,71a34e9b,0.949
1456336441.0,d73f85dd,0.939
1456336441.0,c21f352d,0.939
1456336441.0,28e051b2,0.939
1456336441.0,a622d33e,0.909
1456336441.0,dac4fe2a,0.909
1456336441.0,7a9eef7e,0.939
1456336441.0,c2039560,0.949
1456336441.0,06fb0c54,0.939
1456336441.0,d565fdf7,0.929
1456336441.0,63645f4e,0.949
1456336441.0,a2c55ea4,0.939
1456336441.0,1929517b,0.949
1456336441.0,,1.179
1456336441.0,2ad0a689,0.949
1456336441.0,6f79337c,0.959
1456336441.0,493eff35,0.959
1456336441.0,bc7724e9,0.954
1456336441.0,c90ddd1c,0.959
1456336441.0,efadda78,0.949
1456336441.0,26906f78,0.939
1456336441.0,1ff0ade7,0.938
1456336441.0,56c5d463,0.939
1456336441.0,4853f9f1,0.949
1456336441.0,0eec9a7b,0.919
1456336441.0,3cef8afc,0.909
1456336441.0,10b34f01,0.959
1456336441.0,28cedc00,0.959
1456336441.0,2357ec98,0.969
1456336441.0,8c7470e4,0.959
1456336441.0,f7e752c7,0.939
1456336441.0,493d1dbf,0.969
1456336441.0,da19dfd3,0.949
1456336441.0,f47e8638,0.939
1456336441.0,fdda2a1f,0.939
1456336441.0,2644599e,0.949
1456336441.0,c05855cb,0.929
1456336441.0,2f6edad9,0.979
1456336441.0,a0fab520,0.939
1456336441.0,c54c18c9,0.929
1456336441.0,c6cff611,0.929
1456336441.0,d285af63,0.929
1456336441.0,fa183b24,0.919
1456336441.0,60e38539,0.959
1456336441.0,22d0db61,0.959
1456336441.0,29259211,0.929
1456336441.0,cb91687d,0.959
1456336441.0,5a3f99e3,0.919
1456336441.0,f98afd49,0.979
1456336441.0,f876e3e8,0.919
1456336441.0,7b90d598,0.919
1456336441.0,8405466d,0.929
1456336441.0,4ab47d1a,0.929
1456336441.0,3e32276d,0.929
1456336441.0,8f2fb041,0.959
1456336441.0,50e125b9,0.959
1456336441.0,d195f0c9,0.949
1456336441.0,57d1fddc,0.909
1456336441.0,bad87216,0.939
1456336441.0,cada2616,0.939
1456336441.0,4f650c42,0.939
1456336441.0,2b890110,0.919
1456336441.0,d0c595a5,0.929
1456336441.0,109f53f9,0.919
1456336441.0,d472efac,0.899
1456336441.0,ebca1266,0.939
1456336441.0,4f91a79a,0.909
1456336441.0,ea4294e9,0.949
1456336441.0,ed826035,0.939
1456336441.0,92dfb6d0,0.919
1456336441.0,09391e15,0.909
1456336441.0,1700f01a,0.889
1456336441.0,55148824,0.919
1456336441.0,e9aeb918,0.939
1456336441.0,79b4bdb6,0.949
1456336441.0,b559c5aa,0.929
1456336441.0,024c1344,0.929
1456336441.0,6a5b57f4,0.969
1456336441.0,da1fbd53,0.919
1456336441.0,267e21dd,0.909
1456336441.0,26a76357,0.929
1456336441.0,83a3b810,0.949
1456336441.0,2cbca1fc,0.919
1456336441.0,d8a16c26,0.929
1456336441.0,f600b327,0.959
1456336441.0,1809b397,0.919
1456336441.0,5b1a63ab,0.939
1456336441.0,684e7234,0.919
1456336441.0,99144e06,0.969
1456336441.0,8f8ade78,0.969
1456336441.0,ac94744b,0.949
1456336441.0,aee35b92,0.899
1456336441.0,6bbd3dc3,0.919
1456336441.0,ee573fd5,0.989
1456336441.0,441f2c5b,0.949
1456336441.0,00c593eb,0.919
1456336681.0,88a429db,0.949
1456336681.0,722c316b,0.889
1456336681.0,f64d5154,0.929
1456336681.0,05b184bf,0.939
1456336681.0,82444c93,0.939
1456336681.0,ff7e8838,0.939
1456336681.0,68f6b885,0.979
1456336681.0,35756296,0.979
1456336681.0,a6b83ee4,0.949
1456336681.0,72d94c9d,0.979
1456336681.0,d531567b,0.949
1456336681.0,b583c190,0.959
1456336681.0,24c0c404,0.969
1456336681.0,a46f6f07,0.949
1456336681.0,60ce8dc7,0.979
1456336681.0,ebd3c375,0.929
1456336681.0,069182e4,0.939
1456336681.0,6ed73676,0.949
1456336681.0,4a243585,0.919
1456336681.0,bcaf4920,0.979
1456336681.0,4b649587,0.939
1456336681.0,aa00a8f6,0.964
1456336681.0,3693b2a0,0.959
1456336681.0,,0.929
1456336681.0,2afeabea,0.929
1456336681.0,e6c4cb15,0.919
1456336681.0,8f084a2a,0.979
1456336681.0,8f3e0f32,0.959
1456336681.0,797e753d,0.959
1456336681.0,75005b6a,0.949
1456336681.0,2b390ecb,0.909
1456336681.0,7395c363,0.939
1456336681.0,bedbc8dd,0.959
1456336681.0,82e6ae00,0.919
1456336681.0,f1a2379b,0.898
1456336681.0,d367f64c,0.939
1456336681.0,26d3d3cd,0.909
1456336681.0,936763a8,0.939
1456336681.0,cc1a0922,0.949
1456336681.0,0defca9f,0.959
1456336681.0,8e20b783,0.919
1456336681.0,4b788d2a,0.949
1456336681.0,43e08abb,0.959
1456336681.0,4f3c1b39,0.949
1456336681.0,3df4abe9,0.939
1456336681.0,63aa7558,0.939
1456336681.0,c5f0fecb,0.939
1456336681.0,34adc4e3,0.959
1456336681.0,71c8efd1,0.999
1456336681.0,3d74c9d4,0.909
1456336681.0,4ccb2bae,0.959
1456336681.0,12fa7f3d,0.949
1456336681.0,db56e2a2,0.939
1456336681.0,114290a9,0.914
1456336681.0,87f30cbe,0.979
1456336681.0,7a74beb2,0.949
1456336681.0,9a88a460,0.929
1456336681.0,34062783,0.929
1456336681.0,c77e2863,0.959
1456336681.0,27f88bd4,0.934
1456336681.0,92667f30,0.959
1456336681.0,6e610cb2,0.939
1456336681.0,13228d53,0.969
1456336681.0,e830fd7a,0.939
1456336681.0,d9de1c75,0.949
1456336681.0,96f06602,0.959
1456336681.0,db08686c,0.919
1456336681.0,78300ca0,0.959
1456336681.0,9dce1619,0.929
1456336681.0,0d70fbb1,0.949
1456336681.0,5a3e246d,0.959
1456336681.0,62e5651b,0.929
1456336681.0,98c12505,0.939
1456336681.0,f052c9f4,0.959
1456336681.0,460a378a,0.919
1456336681.0,6135497e,0.939
1456336681.0,a244f9b0,0.949
1456336681.0,d4391500,0.929
1456336681.0,622ea82b,0.959
1456336681.0,aa700ca2,0.919
1456336681.0,e371c619,0.989
1456336681.0,d3d9b662,0.939
1456336681.0,0aed8034,0.959
1456336681.0,ab583e1e,0.959
1456336681.0,782c1225,0.959
1456336681.0,02c0b252,0.919
1456336681.0,3082ffa7,0.949
1456336681.0,e8478f56,0.959
1456336681.0,5288c0b4,0.939
1456336681.0,623aaf90,0.939
1456336681.0,788b07d6,0.929
1456336681.0,dca18dd2,0.969
1456336681.0,1a497a4b,0.979
1456336681.0,bc6e8d35,0.979
1456336681.0,eebe0685,0.909
1456336681.0,4a64b85e,1.049
1456336681.0,334babb3,0.919
1456336681.0,d63e5150,0.949
1456336681.0,e837786a,0.949
1456336681.0,864faff4,0.919
1456336681.0,5c3d3863,0.959
1456336681.0,ded69fbb,0.939
1456336681.0,d2823b8f,0.959
1456336681.0,6b012e3a,0.919
1456336681.0,49c222c8,0.949
1456336681.0,,0.959
1456336681.0,d7130fed,0.899
1456336681.0,537fac20,0.929
1456336681.0,6e65545d,0.974
1456336681.0,18b93d5d,0.929
1456336681.0,1e3f04ab,0.959
1456336681.0,1ee9a733,0.939
1456336681.0,796a3cec,0.939
1456336681.0,ca089b70,0.949
1456336681.0,96854150,0.949
1456336681.0,53e9b1ac,0.949
1456336681.0,a9f445d8,0.949
1456336681.0,2337f9ca,0.939
1456336681.0,aacd7080,0.959
1456336681.0,00c62f03,0.959
1456336681.0,,0.959
1456336681.0,fdc55c51,0.939
1456336681.0,680d2cb8,0.969
1456336681.0,4a802d7b,0.989
1456336681.0,edb096b5,0.959
1456336681.0,c8b43f97,0.939
1456336681.0,9beb1b98,0.939
1456336681.0,437a065e,0.929
1456336681.0,8d192dd1,0.939
1456336681.0,06585eed,0.969
1456336681.0,9354b0fc,0.939
1456336681.0,662ae541,0.939
1456336681.0,1fa4f36e,0.949
1456336681.0,bd4d552d,0.939
1456336681.0,e010375a,0.959
1456336681.0,3f788efe,0.939
1456336681.0,8d710f46,0.949
1456336681.0,8f4cf94f,0.959
1456336681.0,e9b0a748,0.949
1456336681.0,6411aa60,0.959
1456336681.0,4cc0a19b,0.929
1456336681.0,e2c6e599,0.959
1456336681.0,1e348fb0,0.929
1456336681.0,dc6e88b0,0.959
1456336681.0,9572e9cf,0.969
1456336681.0,5ff6d4e2,0.969
1456336681.0,7e6785e2,0.989
1456336681.0,921192f1,0.929
1456336681.0,ca804af5,0.929
1456336681.0,551c6932,0.939
1456336681.0,f11235cb,0.929
1456336681.0,33f1b5fe,0.949
1456336681.0,329fbc05,0.929
1456336681.0,f25ee766,0.939
1456336681.0,62704b8a,0.939
1456336681.0,2e1573c2,0.959
1456336681.0,c706a4de,0.939
1456336681.0,6338dd07,0.959
1456336681.0,64abbe63,0.939
1456336681.0,9fe5444d,0.939
1456336681.0,e21e887d,0.959
1456336681.0,5dcd5582,0.939
1456336681.0,130615f8,0.939
1456336681.0,a291fa50,0.909
1456336681.0,4829f4f6,0.969
1456336681.0,cd9d922f,0.929
1456336681.0,c0b165c5,0.959
1456336681.0,44daa76b,0.929
1456336681.0,b2f56e84,0.949
1456336681.0,a03e4bfc,0.969
1456336681.0,4622dd55,0.929
1456336681.0,6c715e12,0.969
1456336681.0,42b80e51,0.939
1456336681.0,160addff,0.949
1456336681.0,c3d72a2f,0.949
1456336681.0,24b936ef,0.939
1456336681.0,864a3cb2,0.919
1456336681.0,1d6f1deb,0.919
1456336681.0,9a2903a3,0.929
1456336681.0,114606f9,0.909
1456336681.0,8af7e008,0.929
1456336681.0,ea4294e9,0.939
1456336681.0,9e4730c6,0.939
1456336681.0,094fab78,0.949
1456336681.0,bc4de9b2,0.939
1456336681.0,eeca31d3,0.959
1456336681.0,f98ff970,0.939
1456336681.0,677b8f35,0.909
1456336681.0,b07873c7,0.929
1456336681.0,7b8e3478,0.969
1456336681.0,1d4a06c1,0.959
1456336681.0,30865e09,0.959
1456336681.0,776d441b,0.969
1456336681.0,37179b6c,0.939
1456336681.0,f4b41566,0.999
1456336681.0,26a76357,0.919
1456336681.0,83a3b810,0.939
1456336681.0,7f40cac3,0.959
1456336681.0,896245aa,1.089
1456336681.0,e1dcdd8e,0.949
1456336681.0,9cb41098,0.969
1456336681.0,2ab4115c,0.939
1456336681.0,f0c6ab59,0.959
1456336681.0,f9f836d8,0.959
1456336681.0,3c4e3fea,0.969
1456336681.0,e8ecece5,0.939
1456336681.0,4d4ddfe6,0.969
1456336681.0,6222a80d,0.949
1456336681.0,5dd52cfc,0.959
1456336681.0,842da93a,0.959
1456336681.0,f625c166,0.919
1456336681.0,cb7e73c0,0.939
1456336681.0,9dd2f35d,0.969
1456336681.0,b67f8bb3,0.959
1456336681.0,37a8af42,0.959
1456336921.0,6c5a28c6,0.939
1456336921.0,92494ee1,0.969
1456336921.0,,-0.001
1456336921.0,dcb25a3c,0.959
1456336921.0,c58eee91,0.949
1456336921.0,82aee514,0.929
1456336921.0,d531567b,0.939
1456336921.0,460c6eb9,0.899
1456336921.0,b5404f51,1.219
1456336921.0,4a262cc4,0.939
1456336921.0,4887bf4e,1.209
1456336921.0,f5d1988d,1.179
1456336921.0,a23b6ab7,0.949
1456336921.0,1489c235,1.209
1456336921.0,ff49d861,1.199
1456336921.0,4f5b6b22,0.929
1456336921.0,06958edb,1.199
1456336921.0,edcf5ae9,0.959
1456336921.0,79957fd7,1.219
1456336921.0,bd9e200b,0.969
1456336921.0,31105aa7,0.959
1456336921.0,e03848c6,1.179
1456336921.0,c5f97974,1.199
1456336921.0,786f2950,1.179
1456336921.0,c232241f,0.949
1456336921.0,d5a86b4b,1.179
1456336921.0,9f236f48,1.179
1456336921.0,2b390ecb,0.909
1456336921.0,1bd217db,1.179
1456336921.0,631ddb8a,0.919
1456336921.0,0965f28c,1.199
1456336921.0,3b11c17c,0.959
1456336921.0,6c406288,0.949
1456336921.0,a7e5b405,0.949
1456336921.0,ddce8cd4,0.969
1456336921.0,ad5167f7,1.219
1456336921.0,fd3d8f28,0.939
1456336921.0,7ef38273,0.919
1456336921.0,7eafe473,0.969
1456336921.0,df3fd5ef,0.959
1456336921.0,c3a864db,1.179
1456336921.0,a4842df2,0.908
1456336921.0,e1d95425,1.179
1456336921.0,6aeae29e,1.219
1456336921.0,9e099f07,0.949
1456336921.0,e44ceca1,1.179
1456336921.0,f2c567b7,0.919
1456336921.0,abea714d,1.179
1456336921.0,b82cdd94,1.189
1456336921.0,3285fd04,1.179
1456336921.0,9238f031,0.939
1456336921.0,2f0207af,0.969
1456336921.0,be3c20ef,0.939
1456336921.0,e251ae8a,0.979
1456336921.0,417a37d7,0.949
1456336921.0,6560327b,0.969
1456336921.0,2759b04f,1.179
1456336921.0,77bdf3c5,1.199
1456336921.0,3104967c,0.939
1456336921.0,a825b9fa,0.939
1456336921.0,c6771c57,0.949
1456336921.0,7e76b239,0.944
1456336921.0,f6d9b461,0.909
1456336921.0,dd5271ec,0.959
1456336921.0,31bc02c2,0.969
1456336921.0,f86443f3,0.969
1456336921.0,6d37e962,0.959
1456336921.0,037efd2a,1.179
1456336921.0,b69db0fc,0.959
1456336921.0,35e9dc97,0.949
1456336921.0,c9b21507,0.949
1456336921.0,06dc60dd,1.179
1456336921.0,6c7a5ec7,1.179
1456336921.0,9cc23390,1.179
1456336921.0,c8efbe00,0.949
1456336921.0,d9e1665f,0.929
1456336921.0,51ff7488,0.959
1456336921.0,4cbdb1d8,0.939
1456336921.0,1da01d32,1.199
1456336921.0,9b77de60,1.189
1456336921.0,a5f231ee,1.199
1456336921.0,0cae0d02,1.219
1456336921.0,a448f8aa,1.019
1456336921.0,4a2f0946,0.929
1456336921.0,414a4374,0.989
1456336921.0,e7ea0c12,0.949
1456336921.0,65c13d89,0.909
1456336921.0,bf0b9427,1.199
1456336921.0,01735f50,0.929
1456336921.0,6551e91d,1.189
1456336921.0,98e92f6f,1.199
1456336921.0,9d244fa5,0.949
1456336921.0,f4a6d9ed,1.179
1456336921.0,7ab8a6b9,0.939
1456336921.0,4907b9ed,1.179
1456336921.0,67adadfc,0.929
1456336921.0,79df2cb3,0.939
1456336921.0,4c7d9195,1.179
1456336921.0,bdd98662,1.239
1456336921.0,c3450ec5,0.939
1456336921.0,3b3b7c54,0.969
1456336921.0,eea98c31,0.949
1456336921.0,0441d227,0.929
1456336921.0,79a16c41,1.179
1456336921.0,00de5a7b,1.179
1456336921.0,e8716217,0.909
1456336921.0,ab3bff5d,1.179
1456336921.0,a950db45,1.179
1456336921.0,216b96ab,0.969
1456336921.0,af7120b0,1.179
1456336921.0,f7bef751,0.959
1456336921.0,b258c197,0.979
1456336921.0,b7e06233,1.189
1456336921.0,ead88417,0.939
1456336921.0,3094c3d0,1.179
1456336921.0,9f3e7014,0.959
1456336921.0,daecd82c,0.949
1456336921.0,2f808001,1.179
1456336921.0,ce366998,0.949
1456336921.0,d662b253,0.949
1456336921.0,02e29940,1.209
1456336921.0,f052c9f4,0.959
1456336921.0,6d2e115e,0.939
1456336921.0,addbc61c,0.939
1456336921.0,6f2ba4ed,0.939
1456336921.0,66da4817,0.949
1456336921.0,fa862834,0.929
1456336921.0,6ba205cd,0.919
1456336921.0,67ffc54d,0.929
1456336921.0,47fbea4a,0.949
1456336921.0,cc3dc9ec,0.919
1456336921.0,3da081b6,0.929
1456336921.0,19e1ff00,0.919
1456336921.0,7cf9c06f,0.929
1456336921.0,c330a48b,0.919
1456336921.0,8caf6dad,0.939
1456336921.0,7694edff,0.939
1456336921.0,d0af609e,0.959
1456336921.0,2ab02348,0.899
1456336921.0,a44434de,0.979
1456336921.0,2b8e75ca,0.939
1456336921.0,1c5f0504,0.929
1456336921.0,9bd9827c,0.949
1456336921.0,a409f033,0.949
1456336921.0,0c07c233,0.899
1456336921.0,fa890292,0.919
1456336921.0,29ebe1f6,0.959
1456336921.0,f7ad88b8,0.909
1456336921.0,4ef36239,0.919
1456336921.0,5d12f54e,0.919
1456336921.0,8127a62a,0.929
1456336921.0,6a9ba9c7,0.939
1456336921.0,bde67b17,0.939
1456336921.0,89a0ee54,0.929
1456336921.0,dd784264,0.939
1456336921.0,eb783f5d,0.919
1456336921.0,75e3e514,0.939
1456336921.0,cae62627,1.179
1456336921.0,c9a19301,0.949
1456336921.0,2e518aaf,0.929
1456336921.0,bc45bc13,1.179
1456336921.0,da93bb21,0.909
1456336921.0,31063bb4,0.939
1456336921.0,08805dfe,1.219
1456336921.0,147d3858,1.219
1456336921.0,6aa7f92d,1.179
1456336921.0,0a1808e5,0.939
1456336921.0,0a1db8aa,0.969
1456336921.0,22bf0e3c,0.929
1456336921.0,fd7ffd20,0.959
1456336921.0,6a39da51,0.949
1456336921.0,551bcdc0,1.179
1456336921.0,0e9418e2,1.179
1456336921.0,97c3022d,1.189
1456336921.0,6319bbbb,0.959
1456336921.0,f23e99d0,1.179
1456336921.0,3082ffa7,0.949
1456336921.0,2725d7d3,0.949
1456336921.0,74ddd640,1.199
1456336921.0,1902d951,0.919
1456336921.0,c1fb8330,1.179
1456336921.0,9a0d6d83,1.199
1456336921.0,9e80ff49,0.959
1456336921.0,753356e0,1.189
1456336921.0,17efd51c,1.179
1456336921.0,059fe229,1.179
1456336921.0,a5b00954,0.959
1456336921.0,54255515,0.939
1456336921.0,c3707f0b,1.219
1456336921.0,2c93cd27,0.949
1456336921.0,0a7394cb,1.179
1456336921.0,5908f0ae,1.209
1456336921.0,83f521f0,1.239
1456336921.0,08f23eff,0.939
1456336921.0,26e8a3e0,0.929
1456336921.0,8c341265,0.919
1456336921.0,52a523f4,1.179
1456336921.0,316fd7de,0.909
1456336921.0,651f23fd,0.979
1456336921.0,7c246f5c,1.219
1456336921.0,59214d4e,0.949
1456336921.0,abe05883,0.979
1456336921.0,f77077c1,0.939
1456336921.0,074c9a19,1.169
1456336921.0,4bd7866e,1.179
1456336921.0,fc298e57,1.179
1456336921.0,34226dec,0.929
1456336921.0,5984eea4,0.919
1456336921.0,685a30f7,0.959
1456336921.0,051e5f5f,0.929
1456336921.0,90a8536c,1.189
1456336921.0,b38a715c,0.929
1456336921.0,3ff7f5f2,0.949
1456336921.0,0e752181,0.949
1456336921.0,8538f0f5,1.229
1456336921.0,bf7ae178,0.929
1456336921.0,2b00ce60,0.949
1456336921.0,e6ebe240,0.909
1456336921.0,2b87f664,1.179
1456336921.0,e21625af,1.219
1456336921.0,f268704b,1.179
1456336921.0,a1ca21f6,0.899
1456336921.0,f960ce49,0.989
1456336921.0,5ab60468,0.919
1456336921.0,7b702829,0.939
1456336921.0,33a1193c,0.959
1456336921.0,5928fc5b,0.959
1456336921.0,743ae788,1.179
1456336921.0,f5bd997d,0.949
1456336921.0,d2646278,0.959
1456336921.0,6325417f,1.199
1456336921.0,3ad4d1ba,0.949
1456336921.0,5d693719,0.969
1456336921.0,261381d7,0.969
1456336921.0,9c72ec3a,1.179
1456336921.0,fb54832a,0.939
1456336921.0,abb38991,1.179
1456336921.0,affbe2d3,1.179
1456336921.0,d35f6224,1.219
1456336921.0,42bfbcca,0.959
1456336921.0,c4d9fd71,1.179
1456336921.0,0061e71a,0.939
1456336921.0,d8b005cb,0.919
1456336921.0,c629a598,1.189
1456336921.0,b9b3646f,1.189
1456336921.0,5c5e9ece,1.179
1456336921.0,600fd4b6,0.949
1456336921.0,f0261559,0.939
1456336921.0,9c1e716a,1.179
1456336921.0,4ab13155,1.179
1456336921.0,9d3b9bdc,0.919
1456336921.0,a715399f,0.949
1456336921.0,052c8059,0.919
1456336921.0,41815ba2,0.939
1456336921.0,3ddefb60,1.179
1456336921.0,79bfc8e6,1.179
1456336921.0,a65b986b,1.229
1456336921.0,822601b1,0.949
1456336921.0,5aed436b,1.199
1456336921.0,a1456bb3,0.939
1456336921.0,6b00e1be,1.199
1456336921.0,5be837d4,0.949
1456336921.0,86ca3bf1,0.949
1456336921.0,9ba26da7,0.929
1456336921.0,e431e0c7,0.939
1456336921.0,69154954,1.179
1456336921.0,f530fb7b,0.949
1456336921.0,bc0ae2c6,1.179
1456336921.0,a807ecd5,1.179
1456336921.0,a4ba2fb9,0.919
1456336921.0,332d02ad,0.959
1456336921.0,ebefc91b,0.959
1456336921.0,4a802d7b,0.969
1456336921.0,49c6ce00,1.199
1456336921.0,,0.939
1456336921.0,22fc5ff0,1.219
1456336921.0,1d295295,1.199
1456336921.0,d881269d,0.959
1456336921.0,5cb012ef,0.969
1456336921.0,d002e8e7,1.199
1456336921.0,473c0aec,1.189
1456336921.0,6394ee8c,1.199
1456336921.0,fd045743,1.179
1456336921.0,b1600fca,1.189
1456336921.0,689f962f,0.949
1456336921.0,b46c0713,0.939
1456336921.0,168168ee,0.949
1456336921.0,8d710f46,0.949
1456336921.0,58617d48,1.119
1456336921.0,bc6a3d8b,0.989
1456336921.0,2dca7c1d,1.179
1456336921.0,99c5c095,1.179
1456336921.0,3bea1c7f,1.199
1456336921.0,b1551833,1.199
1456336921.0,cf480bf4,1.199
1456336921.0,99d4f63c,0.929
1456336921.0,8e01ef34,1.219
1456336921.0,4a4627da,0.919
1456336921.0,85813afe,1.209
1456336921.0,0c37347b,0.919
1456336921.0,dc6e88b0,0.959
1456336921.0,e42847f6,1.209
1456336921.0,210e805d,0.989
1456336921.0,99409692,0.919
1456336921.0,99017784,0.959
1456336921.0,e8659100,0.969
1456336921.0,cbc2f9db,0.919
1456336921.0,f4e43bf3,1.179
1456336921.0,391e1405,1.119
1456336921.0,70f55e7f,1.179
1456336921.0,33aa21fa,1.189
1456336921.0,2ccc4437,1.179
1456336921.0,11288ef5,0.999
1456336921.0,96bf62ca,0.939
1456336921.0,8d0323d4,1.169
1456336921.0,558b1611,0.939
1456336921.0,0c03d863,0.959
1456336921.0,a8f6f809,1.179
1456336921.0,d3a6a57e,0.929
1456336921.0,14a4c386,0.939
1456336921.0,06931b13,0.949
1456336921.0,f09149cd,0.939
1456336921.0,6582ce6e,0.934
1456336921.0,99d8c1e8,1.179
1456336921.0,11eac3c2,0.919
1456336921.0,4e45a2b8,1.179
1456336921.0,ddb539ed,0.979
1456336921.0,41b2d714,0.979
1456336921.0,f4a20e89,1.179
1456336921.0,25294ce8,0.929
1456336921.0,d4133fe8,1.179
1456336921.0,9aa3b9ad,1.219
1456336921.0,ca27eadd,1.179
1456336921.0,8f806f27,0.959
1456336921.0,e037a798,1.199
1456336921.0,0a787e26,1.179
1456336921.0,308408ca,0.929
1456336921.0,e767706d,0.919
1456336921.0,f9265ab5,0.929
1456336921.0,ec22cdab,0.979
1456336921.0,130615f8,0.939
1456336921.0,a2140381,1.189
1456336921.0,63f5a00a,0.939
1456336921.0,44222522,0.929
1456336921.0,9cb98281,1.199
1456336921.0,5fc37dfd,0.969
1456336921.0,45f451b5,1.199
1456336921.0,c31190a4,1.219
1456336921.0,d3722258,1.179
1456336921.0,50f115af,1.189
1456336921.0,abf09942,1.179
1456336921.0,eddc0315,1.219
1456336921.0,f659a576,0.969
1456336921.0,268fc119,1.199
1456336921.0,b4684d80,1.199
1456336921.0,19f036ce,1.189
1456336921.0,deb8af6b,0.979
1456336921.0,f74a068e,0.944
1456336921.0,548aceef,1.179
1456336921.0,76aa3b14,0.929
1456336921.0,09851a39,0.949
1456336921.0,04359025,0.929
1456336921.0,7f358136,1.189
1456336921.0,981fcdf6,1.179
1456336921.0,2bbc2767,1.219
1456336921.0,4d5ab1e1,0.929
1456336921.0,ed90985b,1.179
1456336921.0,4a8ba2e5,1.199
1456336921.0,8117afb7,0.929
1456336921.0,bd5bd28e,0.919
1456336921.0,676ac223,0.979
1456336921.0,2ce60956,1.179
1456336921.0,fc8f41b2,0.919
1456336921.0,0a0b5f30,0.939
1456336921.0,094fab78,0.949
1456336921.0,bc4de9b2,0.939
1456336921.0,c5b214ef,1.199
1456336921.0,66fb2a79,1.239
1456336921.0,c5cfc7a6,1.209
1456336921.0,2ecadcf6,0.909
1456336921.0,eb32d6b5,1.189
1456336921.0,f8453096,0.919
1456336921.0,9901346d,0.929
1456336921.0,eefafe37,1.199
1456336921.0,6768f241,0.939
1456336921.0,755ca81c,1.179
1456336921.0,80f5f11b,1.179
1456336921.0,10c81160,1.219
1456336921.0,0ba3a7d1,1.179
1456336921.0,9544a82b,1.179
1456336921.0,81b7d9e6,1.169
1456336921.0,2510a802,1.179
1456336921.0,5c335fc8,0.939
1456336921.0,4c715086,0.939
1456336921.0,a07db53f,1.199
1456336921.0,9c114417,1.179
1456336921.0,0d0459d7,1.179
1456336921.0,e9f37fb2,0.969
1456336921.0,3c4e3fea,0.969
1456336921.0,0da9043c,1.189
1456336921.0,3645c978,0.929
1456336921.0,2583beeb,1.179
1456336921.0,a388f36b,0.979
1456336921.0,8784631f,1.209
1456336921.0,28a5d3b4,0.909
1456336921.0,159f07cc,0.949
1456336921.0,8a365533,1.219
1456336921.0,583ed604,0.959
1456336921.0,c8a16513,1.179
1456336921.0,565eeda5,1.189
1456336921.0,32806aee,0.959
1456336921.0,b91e259c,1.219
1456336921.0,0c0befd3,1.219
1456336921.0,94b09940,0.939
1456336921.0,6a5e9f24,0.929
1456336921.0,dce99b82,1.179
1456336921.0,b67f8bb3,0.959
1456336921.0,79a38de4,1.179
1456336921.0,749d3c9d,1.179
1456337161.0,f59ac186,0.959
1456337161.0,5175d50a,0.929
1456337161.0,cd0a3f67,0.919
1456337161.0,acb06eaf,0.909
1456337161.0,e8ce1950,0.919
1456337161.0,4af328a9,0.899
1456337161.0,c32a82d9,0.959
1456337161.0,90941e78,0.909
1456337161.0,29076544,0.899
1456337161.0,53bdc202,0.899
1456337161.0,692e3609,0.909
1456337161.0,00605faf,0.919
1456337161.0,5cf99b9e,0.919
1456337161.0,cfd74c18,0.929
1456337161.0,4e6ab199,0.929
1456337161.0,d64909aa,0.929
1456337161.0,2ec1e1ad,0.899
1456337161.0,d68ef316,0.959
1456337161.0,d109e19e,0.959
1456337161.0,38ac63b8,0.939
1456337161.0,f4e60d5a,0.909
1456337161.0,83cf7d34,0.909
1456337161.0,86d5dab8,0.939
1456337161.0,a557a7d1,0.909
1456337161.0,beb3b49b,0.899
1456337161.0,d4bbb0ba,0.909
1456337161.0,893b96a5,0.959
1456337161.0,922129f9,0.909
1456337161.0,be7b97ad,0.929
1456337161.0,5881460a,0.919
1456337161.0,f6b43ef3,0.919
1456337161.0,4c77ea18,0.939
1456337161.0,55da4d14,0.919
1456337161.0,96629300,0.939
1456337161.0,effc0f5f,0.949
1456337161.0,f704c239,0.959
1456337161.0,9b9dfb22,0.959
1456337161.0,5b042101,0.919
1456337161.0,6a8dc69b,0.949
1456337161.0,f26d37c8,0.919
1456337161.0,b5404f51,1.209
1456337161.0,375f0e67,0.919
1456337161.0,ff6209cb,0.969
1456337161.0,fc64f929,0.929
1456337161.0,4e905761,0.949
1456337161.0,601bbb50,0.959
1456337161.0,19a4dc27,0.959
1456337161.0,,0.949
1456337161.0,31105aa7,0.959
1456337161.0,5ecab051,0.979
1456337161.0,0ff209cc,0.939
1456337161.0,a51232d3,0.969
1456337161.0,967f436d,0.999
1456337161.0,eaadc508,0.949
1456337161.0,669333e3,0.919
1456337161.0,4a523aab,0.949
1456337161.0,3b11c17c,0.959
1456337161.0,4220c4a0,0.979
1456337161.0,9795d6a5,0.909
1456337161.0,dd08505c,0.959
1456337161.0,5a55ec8e,0.919
1456337161.0,10337302,0.899
1456337161.0,60a86cf4,0.979
1456337161.0,da976c9d,0.969
1456337161.0,,0.959
1456337161.0,688487a8,0.959
1456337161.0,45dd43b7,0.929
1456337161.0,3e68f1c7,0.959
1456337161.0,12fa7f3d,0.969
1456337161.0,5eb68d7a,0.969
1456337161.0,b59cf984,0.924
1456337161.0,ccd8aac4,0.919
1456337161.0,6cc392bc,1.004
1456337161.0,f84b6775,0.939
1456337161.0,7785d660,0.939
1456337161.0,191737f5,0.929
1456337161.0,9547004b,0.939
1456337161.0,c2301b5a,0.949
1456337161.0,e3b8e203,0.929
1456337161.0,71b758db,0.934
1456337161.0,fd92c61e,0.949
1456337161.0,40eead28,0.949
1456337161.0,310e041a,0.959
1456337161.0,27f821f1,0.947
1456337161.0,c0b30328,0.959
1456337161.0,c17f3537,0.949
1456337161.0,95761004,0.929
1456337161.0,ead88417,0.939
1456337161.0,05b48929,0.949
1456337161.0,6e416e85,0.949
1456337161.0,9d98dcbb,0.929
1456337161.0,5e86ff24,0.929
1456337161.0,245efbad,0.959
1456337161.0,fb86982d,0.939
1456337161.0,897a7af7,0.939
1456337161.0,2771327d,0.919
1456337161.0,d1b50fc2,0.919
1456337161.0,fa4b4bff,0.929
1456337161.0,36949e64,0.949
1456337161.0,164a9a01,0.949
1456337161.0,99b5b897,0.939
1456337161.0,35e560ad,0.959
1456337161.0,35c5c2f1,0.919
1456337161.0,418815f0,0.949
1456337161.0,5353d90f,0.949
1456337161.0,2e518aaf,0.919
1456337161.0,475377c3,0.949
1456337161.0,4fcd4de4,0.979
1456337161.0,be8433cf,0.979
1456337161.0,c72ef065,0.969
1456337161.0,a7c128b6,0.969
1456337161.0,9bbe9877,0.959
1456337161.0,430cbb77,0.949
1456337161.0,e00e317c,0.959
1456337161.0,615f2b40,0.899
1456337161.0,bde06776,0.949
1456337161.0,6bf563af,0.939
1456337161.0,561829d6,1.019
1456337161.0,f2458f35,0.969
1456337161.0,0290389c,0.929
1456337161.0,cac2d933,0.939
1456337161.0,1be7b37b,0.919
1456337161.0,1a497a4b,0.979
1456337161.0,3b4ac733,0.939
1456337161.0,,0.969
1456337161.0,f77077c1,0.939
1456337161.0,6f118420,0.969
1456337161.0,e1df3a0f,0.959
1456337161.0,b80c5908,0.959
1456337161.0,77c875bb,0.959
1456337161.0,d51a9b5e,0.949
1456337161.0,5e3d40d3,0.929
1456337161.0,5e8d6563,0.929
1456337161.0,023c4d8c,0.919
1456337161.0,6cee9445,0.949
1456337161.0,56db44d2,0.939
1456337161.0,dcab2d5d,0.929
1456337161.0,6c0b296e,0.959
1456337161.0,8f098aa2,0.949
1456337161.0,63904947,0.939
1456337161.0,19b72b96,0.949
1456337161.0,9f816ba2,0.909
1456337161.0,e7b70c57,0.959
1456337161.0,a100fb36,0.959
1456337161.0,,0.929
1456337161.0,433a5787,0.929
1456337161.0,9e47d969,0.929
1456337161.0,1c00717b,0.929
1456337161.0,c394bd6a,0.959
1456337161.0,0f93d061,0.959
1456337161.0,a4dec78a,0.969
1456337161.0,bc0ec46f,0.939
1456337161.0,094edc06,1.039
1456337161.0,6de5506e,0.919
1456337161.0,ea01675f,0.929
1456337161.0,8923b20c,0.979
1456337161.0,42cc5c79,0.949
1456337161.0,,0.939
1456337161.0,a17c7f62,0.909
1456337161.0,39c2af9c,0.939
1456337161.0,41af5e4b,0.979
1456337161.0,207c13df,0.969
1456337161.0,8c81c551,0.949
1456337161.0,b46c0713,0.939
1456337161.0,f7d11bff,0.979
1456337161.0,f6ac0e85,0.969
1456337161.0,a278bd43,0.969
1456337161.0,433a3c58,0.934
1456337161.0,c3326313,0.929
1456337161.0,900b80b7,0.999
1456337161.0,e871117c,0.949
1456337161.0,74864c80,0.959
1456337161.0,9a03cdbc,0.929
1456337161.0,b4e0667f,0.949
1456337161.0,1f35a745,0.929
1456337161.0,90cec242,0.929
1456337161.0,1bc107ca,0.939
1456337161.0,2096e49a,0.939
1456337161.0,a952ede9,0.939
1456337161.0,888c0d95,0.949
1456337161.0,baa96361,1.119
1456337161.0,874f2a6f,0.0
1456337161.0,13e237c2,0.939
1456337161.0,1f1aef8f,0.929
1456337161.0,5ca04097,1.119
1456337161.0,9bc16c2e,0.919
1456337161.0,c3cd9932,0.939
1456337161.0,a4338625,0.959
1456337161.0,ab1efc67,1.169
1456337161.0,857545c7,0.969
1456337161.0,c25699b5,0.959
1456337161.0,7e304939,0.949
1456337161.0,74c7be75,0.949
1456337161.0,3a0a2d0d,0.929
1456337161.0,32f0b93e,0.889
1456337161.0,fa5a267f,0.949
1456337161.0,6c90e89a,0.899
1456337161.0,471da9da,0.939
1456337161.0,803beab6,0.919
1456337161.0,0a2b6f09,0.939
1456337161.0,6ed1ade4,0.889
1456337161.0,35c85b81,0.909
1456337161.0,029c6a16,0.939
1456337161.0,511a1f46,0.899
1456337161.0,2fd29268,0.919
1456337161.0,90bcaabc,0.909
1456337161.0,7d8f6829,0.959
1456337161.0,09391e15,0.899
1456337161.0,8c9cc6bc,0.919
1456337161.0,8c27b2e6,0.959
1456337161.0,9f62a2b2,0.939
1456337161.0,a66e3813,0.969
1456337161.0,,0.919
1456337161.0,1f6c44dc,0.979
1456337161.0,69964900,0.949
1456337161.0,48d0e555,0.959
1456337161.0,6e731ae8,0.959
1456337161.0,76ab87bf,0.909
1456337161.0,873835b6,0.929
1456337161.0,1720dec9,0.959
1456337161.0,1d5839f0,0.949
1456337161.0,f8abf94c,0.929
1456337161.0,7b4a45e6,0.909
1456337161.0,bfe1fb46,0.959
1456337161.0,5270f932,0.969
1456337161.0,7062eb92,0.949
1456337161.0,82c54482,0.939
1456337161.0,0c0befd3,1.199
1456337161.0,5a76daff,0.949
1456337401.0,838d57f9,0.939
1456337401.0,e5abf377,0.919
1456337401.0,35cce7bf,0.919
1456337401.0,e75954a3,0.939
1456337401.0,396cfed4,0.919
1456337401.0,78a7be14,0.919
1456337401.0,3d92c06f,0.919
1456337401.0,e0d2b4fe,0.969
1456337401.0,843c0434,0.919
1456337401.0,1af22ca6,0.929
1456337401.0,7f555c9e,0.919
1456337401.0,f822968e,0.919
1456337401.0,b3d1f607,0.919
1456337401.0,3f1cb112,0.919
1456337401.0,739b04c0,0.919
1456337401.0,d8834ec2,0.969
1456337401.0,4e65762e,0.959
1456337401.0,3d5ea21b,0.939
1456337401.0,09c88ed9,0.939
1456337401.0,976e4795,0.939
1456337401.0,549a242e,0.939
1456337401.0,720d6cbc,0.939
1456337401.0,ac22a573,0.919
1456337401.0,04fe94aa,0.939
1456337401.0,b8dfe46d,0.939
1456337401.0,8794cb26,0.949
1456337401.0,a5164b6a,0.899
1456337401.0,995401c6,0.959
1456337401.0,8cc8a7cc,0.959
1456337401.0,1d0dbcee,0.939
1456337401.0,b4a7b915,0.969
1456337401.0,ffc99986,0.979
1456337401.0,90201097,0.949
1456337401.0,50ef3c42,0.959
1456337401.0,d981d17c,0.959
1456337401.0,12f330d3,0.929
1456337401.0,967f436d,0.989
1456337401.0,e9abc101,0.959
1456337401.0,7b5e3751,0.949
1456337401.0,4818d4dd,0.949
1456337401.0,9d0cdff7,0.959
1456337401.0,2c0b3549,0.959
1456337401.0,b09088a6,0.949
1456337401.0,9a249d55,0.939
1456337401.0,5ae69800,0.939
1456337401.0,5a8fcce2,0.929
1456337401.0,42f2621b,0.929
1456337401.0,91925b72,0.949
1456337401.0,ab89240b,0.949
1456337401.0,fbe6e575,0.969
1456337401.0,995e56cb,0.949
1456337401.0,7b47d35b,0.939
1456337401.0,91d2ac21,0.924
1456337401.0,fdd7a859,0.939
1456337401.0,,0.929
1456337401.0,7bdf8f15,0.939
1456337401.0,0200140f,0.949
1456337401.0,fbeaeec8,0.959
1456337401.0,b95b2152,0.939
1456337401.0,61f59311,0.929
1456337401.0,e3d91258,0.959
1456337401.0,b0a3504b,1.049
1456337401.0,03199c21,0.919
1456337401.0,d821f222,0.959
1456337401.0,8820ca40,0.969
1456337401.0,c6e90545,0.939
1456337401.0,34525e5b,0.949
1456337401.0,e3b8e203,0.909
1456337401.0,ff894f80,0.949
1456337401.0,e501a8d1,0.969
1456337401.0,7ba8ceb3,0.999
1456337401.0,e8d9a107,0.939
1456337401.0,470345fb,0.949
1456337401.0,2bb1e7cb,0.949
1456337401.0,edd40aaa,0.979
1456337401.0,7fc3def3,0.939
1456337401.0,6df00f1d,0.939
1456337401.0,78e80807,0.949
1456337401.0,aaf971e5,0.939
1456337401.0,d59d4bb4,0.909
1456337401.0,86f0ca05,0.939
1456337401.0,8700c374,0.929
1456337401.0,fc7209ce,0.949
1456337401.0,48bf5afb,0.949
1456337401.0,29626b91,0.939
1456337401.0,85f096bd,0.949
1456337401.0,631aa32c,0.929
1456337401.0,d4024d48,0.959
1456337401.0,e371c619,0.979
1456337401.0,2212e6eb,0.949
1456337401.0,fb46bd6e,0.969
1456337401.0,f847749e,0.919
1456337401.0,9e5c868a,0.979
1456337401.0,81e0ef7b,0.929
1456337401.0,a470ddc2,0.939
1456337401.0,2843ab89,0.929
1456337401.0,8e6d4b8d,0.949
1456337401.0,6390097a,0.939
1456337401.0,2be7d0b2,0.959
1456337401.0,b706633d,0.939
1456337401.0,d0465699,0.929
1456337401.0,39ee1e11,1.069
1456337401.0,202af8f9,0.949
1456337401.0,4dc73eb8,0.959
1456337401.0,2d4e58b5,0.969
1456337401.0,082d29ca,0.949
1456337401.0,98a7af6d,0.919
1456337401.0,9a1acee3,0.929
1456337401.0,2b9c0c23,0.959
1456337401.0,c1d4eea2,0.959
1456337401.0,93407b90,0.949
1456337401.0,71885813,0.999
1456337401.0,7eb76101,0.959
1456337401.0,c33a7e9f,0.939
1456337401.0,ec19c93a,0.969
1456337401.0,0ec80a86,0.929
1456337401.0,364c49b5,0.969
1456337401.0,80e8cb89,0.959
1456337401.0,75244431,0.939
1456337401.0,f73b5de2,0.979
1456337401.0,987c1347,0.929
1456337401.0,4d7be304,0.929
1456337401.0,c10bd90f,0.929
1456337401.0,b13eb8fa,0.979
1456337401.0,2f02de37,0.949
1456337401.0,5e3c55e4,0.929
1456337401.0,01170a5d,0.949
1456337401.0,fe69cf27,0.949
1456337401.0,,0.959
1456337401.0,e5573fdc,1.049
1456337401.0,c409c6b3,0.969
1456337401.0,c53a45b7,0.959
1456337401.0,43556abc,0.959
1456337401.0,e8770e69,0.959
1456337401.0,,0.919
1456337401.0,95ff6d3a,0.908
1456337401.0,d076e461,0.939
1456337401.0,6e2e5e05,0.979
1456337401.0,56afcb19,0.929
1456337401.0,536d9ac3,1.009
1456337401.0,bd4bb0e4,0.989
1456337401.0,371bd3e6,0.959
1456337401.0,a2c55ea4,0.939
1456337401.0,7f89f971,0.959
1456337401.0,36f30de6,0.929
1456337401.0,ed996a11,0.959
1456337401.0,eaba5acb,0.949
1456337401.0,1bc107ca,0.929
1456337401.0,6e17970f,0.969
1456337401.0,dc7739ef,0.969
1456337401.0,37741f9a,0.939
1456337401.0,462bfb81,0.999
1456337401.0,a1f3d679,0.959
1456337401.0,5b7c410e,0.939
1456337401.0,a84b87d8,0.949
1456337401.0,aea5cadc,0.939
1456337401.0,7a165ba7,0.959
1456337401.0,6f4273c4,0.959
1456337401.0,d49fce1c,0.999
1456337401.0,f19e24dc,0.969
1456337401.0,26e74126,0.969
1456337401.0,f47e8638,0.929
1456337401.0,f9265ab5,0.929
1456337401.0,b20731bb,0.959
1456337401.0,a8982e14,0.949
1456337401.0,7501bd18,0.929
1456337401.0,b205cecb,0.959
1456337401.0,2b04db76,0.949
1456337401.0,0bcef4ad,0.929
1456337401.0,2ac82f45,0.969
1456337401.0,64ce1a2a,0.969
1456337401.0,b7d922c5,0.969
1456337401.0,073f77fc,0.909
1456337401.0,6d74a4f4,0.959
1456337401.0,801a4bcc,0.919
1456337401.0,62d05b95,0.939
1456337401.0,2d4a2d35,0.919
1456337401.0,25afe900,0.959
1456337401.0,d07d6e2f,0.949
1456337401.0,0a0b5f30,0.939
1456337401.0,5d3a9ec2,0.949
1456337401.0,dd3f23e4,0.947
1456337401.0,c6d24a24,0.939
1456337401.0,74635252,0.949
1456337401.0,a74e1057,0.969
1456337401.0,39f9c0aa,0.949
1456337401.0,910dca6c,0.959
1456337401.0,447b405d,0.959
1456337401.0,7c3d138b,0.899
1456337401.0,43e34126,0.969
1456337401.0,61eb5be2,0.929
1456337401.0,7dc477e0,0.919
1456337401.0,343e9168,0.934
1456337401.0,473de136,0.949
1456337401.0,,0.959
1456337641.0,2fbb9c5a,0.939
1456337641.0,800f2ca2,0.949
1456337641.0,8eb59fab,0.959
1456337641.0,de4ca432,0.959
1456337641.0,5666e885,0.929
1456337641.0,f31ed257,0.909
1456337641.0,2073a897,0.919
1456337641.0,c476cc49,0.909
1456337641.0,e6289f57,0.909
1456337641.0,58e4c668,0.939
1456337641.0,62b18fb8,0.919
1456337641.0,dfb47eed,0.909
1456337641.0,417dc490,0.949
1456337641.0,3f147b18,0.909
1456337641.0,aacc4471,0.899
1456337641.0,51296782,0.919
1456337641.0,2ddaec8d,0.919
1456337641.0,681bcf47,0.919
1456337641.0,df009d5a,0.949
1456337641.0,1d2b410a,0.949
1456337641.0,054eaec2,0.929
1456337641.0,8e2183f6,0.969
1456337641.0,3133beb1,0.949
1456337641.0,4b649587,0.929
1456337641.0,09aa1a8b,0.969
1456337641.0,b7218e20,0.929
1456337641.0,61817e2c,0.929
1456337641.0,adb530b9,0.939
1456337641.0,68002bd4,0.939
1456337641.0,091ee9ad,0.959
1456337641.0,797e753d,0.949
1456337641.0,7da8091a,0.949
1456337641.0,4f72fca5,0.969
1456337641.0,6598cfb9,0.949
1456337641.0,26db277e,0.939
1456337641.0,b7b69890,0.979
1456337641.0,8720b933,0.949
1456337641.0,5af6e995,0.929
1456337641.0,88ed2626,0.949
1456337641.0,722bfb7b,0.949
1456337641.0,b8bbf107,0.939
1456337641.0,9f7d89ff,0.939
1456337641.0,93b5b301,0.919
1456337641.0,90004d8a,0.949
1456337641.0,30ab5003,0.949
1456337641.0,0a8fc55d,0.959
1456337641.0,7f667b18,0.909
1456337641.0,e7b78fcf,0.959
1456337641.0,1d3c1b45,0.979
1456337641.0,87959c0c,0.919
1456337641.0,3a85d29b,0.949
1456337641.0,7d9e71ad,0.949
1456337641.0,ad7fb7be,0.949
1456337641.0,45dd43b7,0.919
1456337641.0,4d705805,0.949
1456337641.0,,0.919
1456337641.0,67c2a2b3,0.949
1456337641.0,623e9424,0.949
1456337641.0,e10f157c,0.929
1456337641.0,b191b282,0.949
1456337641.0,7e7d612d,0.984
1456337641.0,a02bf729,0.959
1456337641.0,8c76092e,0.919
1456337641.0,87969b95,0.939
1456337641.0,502b4b71,0.969
1456337641.0,3c26fe7c,0.919
1456337641.0,d261d6e0,0.959
1456337641.0,8983a3f5,0.899
1456337641.0,74f3df02,0.929
1456337641.0,2c82fe56,0.929
1456337641.0,d8d9760b,0.959
1456337641.0,291377c9,0.939
1456337641.0,d1bfa6c5,0.949
1456337641.0,860dceaa,0.939
1456337641.0,82c69685,0.939
1456337641.0,d165a6a0,0.919
1456337641.0,55446f74,0.909
1456337641.0,9aa6fe97,0.899
1456337641.0,1eb0d0e5,0.949
1456337641.0,5036bf9f,0.949
1456337641.0,c74444b1,0.959
1456337641.0,8aa5540e,0.979
1456337641.0,794a868c,0.939
1456337641.0,f80439bc,0.969
1456337641.0,b721ae36,0.929
1456337641.0,863245a5,0.939
1456337641.0,fbe659ab,0.959
1456337641.0,7b2a5f7c,0.949
1456337641.0,79f60a97,0.949
1456337641.0,4abb67a5,0.939
1456337641.0,,0.919
1456337641.0,682a7b74,0.939
1456337641.0,73025102,0.949
1456337641.0,f645748d,0.939
1456337641.0,303e6b78,0.969
1456337641.0,c9c72865,0.959
1456337641.0,4056a9ce,0.929
1456337641.0,8792c041,0.969
1456337641.0,64658758,0.959
1456337641.0,e4de6238,0.959
1456337641.0,f7664845,0.949
1456337641.0,8b20c3e0,0.929
1456337641.0,4331b36c,0.949
1456337641.0,dae657d5,0.959
1456337641.0,b42c9802,0.969
1456337641.0,14253da3,0.949
1456337641.0,c88d1f3b,0.939
1456337641.0,ce519ed4,0.929
1456337641.0,9eb48657,0.969
1456337641.0,85872f93,0.959
1456337641.0,5fd232c2,0.899
1456337641.0,8bdb8e4d,0.959
1456337641.0,00c551a1,0.929
1456337641.0,052c8059,0.919
1456337641.0,cb409a1c,0.939
1456337641.0,1c00717b,0.929
1456337641.0,9c59b375,0.969
1456337641.0,835a8691,0.949
1456337641.0,332d02ad,0.959
1456337641.0,82130afe,0.929
1456337641.0,7e9106b6,0.959
1456337641.0,95e23a71,0.969
1456337641.0,,0.959
1456337641.0,e186001f,0.919
1456337641.0,0a3bb4b4,0.939
1456337641.0,ee9b9dc5,0.929
1456337641.0,ba73e19b,0.929
1456337641.0,f5268ec9,0.949
1456337641.0,efc2fc1d,0.909
1456337641.0,5daf9270,0.949
1456337641.0,95dade99,0.939
1456337641.0,684e26a4,0.949
1456337641.0,b2c3faec,0.939
1456337641.0,63645f4e,0.949
1456337641.0,72975548,0.949
1456337641.0,6877801d,0.959
1456337641.0,7718e2fa,0.949
1456337641.0,b16a7660,0.929
1456337641.0,58cb2ae4,0.929
1456337641.0,c09f1e3e,0.939
1456337641.0,88977ce9,0.949
1456337641.0,beaffffe,0.969
1456337641.0,cb7a19f8,0.919
1456337641.0,eb444eb7,0.949
1456337641.0,813e329c,0.929
1456337641.0,8b143527,0.959
1456337641.0,5d9f0ce5,0.929
1456337641.0,474644ad,0.949
1456337641.0,1744da60,0.939
1456337641.0,5e9a17e7,0.989
1456337641.0,26a56374,0.909
1456337641.0,8c6f1d05,0.949
1456337641.0,,0.949
1456337641.0,11bec0f1,0.939
1456337641.0,a7eeba86,0.929
1456337641.0,930998e2,0.939
1456337641.0,0d6640ae,0.909
1456337641.0,eb3bf9c1,0.939
1456337641.0,b8705ff2,0.919
1456337641.0,2b890110,0.899
1456337641.0,3db9e3a9,0.919
1456337641.0,ae30d7e3,0.909
1456337641.0,1d6f1deb,0.919
1456337641.0,56ea4a71,0.909
1456337641.0,803beab6,0.919
1456337641.0,e1936457,0.909
1456337641.0,25afe900,0.949
1456337641.0,0a0b5f30,0.939
1456337641.0,b07873c7,0.929
1456337641.0,0f5578bb,0.929
1456337641.0,238a9662,0.959
1456337641.0,,0.939
1456337641.0,dcf18486,0.959
1456337641.0,27612978,0.919
1456337641.0,cdddf39e,0.939
1456337641.0,,0.969
1456337641.0,b53fe392,0.949
1456337641.0,6ba68e3c,0.939
1456337641.0,b2e5f301,0.939
1456337641.0,f2a2a323,0.929
1456337641.0,32e6abfd,0.949
1456337641.0,345d440e,0.929
1456337641.0,ee573fd5,0.969
1456337641.0,8979e403,0.939
1456337881.0,fd71221d,0.974
1456337881.0,f9a28385,0.919
1456337881.0,b51f0a61,0.919
1456337881.0,1b611c60,0.919
1456337881.0,018fafee,0.919
1456337881.0,d8834ec2,0.959
1456337881.0,0b18086e,0.939
1456337881.0,b45ba0f1,0.919
1456337881.0,aacc4471,0.899
1456337881.0,325a8ac2,0.959
1456337881.0,cf18b057,0.929
1456337881.0,6894d9e7,0.919
1456337881.0,6a74be04,0.969
1456337881.0,50585854,0.939
1456337881.0,ebeb80cb,0.929
1456337881.0,bb34b27f,0.949
1456337881.0,4cee5beb,0.939
1456337881.0,5eb5db1f,0.969
1456337881.0,f15b5390,0.909
1456337881.0,24c10ff0,0.939
1456337881.0,0ed0bca9,0.929
1456337881.0,605da2e4,0.939
1456337881.0,ddd15cbb,0.969
1456337881.0,2d591431,0.909
1456337881.0,78e71612,0.959
1456337881.0,52f801fe,0.949
1456337881.0,d9de1886,0.939
1456337881.0,2fcd527f,0.949
1456337881.0,234c6f7e,0.939
1456337881.0,3f5ce6b8,0.939
1456337881.0,190c7dc9,0.939
1456337881.0,acb93b88,0.949
1456337881.0,48ee050c,0.939
1456337881.0,302b9338,0.949
1456337881.0,d98c0af9,0.939
1456337881.0,1e9c1caa,0.929
1456337881.0,e50f5b31,0.959
1456337881.0,5f3ccc40,0.939
1456337881.0,797e753d,0.949
1456337881.0,cfab0b9f,0.919
1456337881.0,cfc34477,0.939
1456337881.0,d55bad5b,0.929
1456337881.0,d5291b45,0.949
1456337881.0,1018f316,0.939
1456337881.0,6a686e72,0.939
1456337881.0,daa4d1d7,0.949
1456337881.0,93da27ed,0.939
1456337881.0,7b9f0ef9,0.959
1456337881.0,fc3fcf48,0.929
1456337881.0,60cf6168,0.949
1456337881.0,a470edc3,0.919
1456337881.0,19625574,0.989
1456337881.0,be63e7a4,0.969
1456337881.0,0722a606,0.959
1456337881.0,19413372,0.969
1456337881.0,4146a204,0.959
1456337881.0,d500f94f,0.969
1456337881.0,5a5b83e5,0.929
1456337881.0,9300020e,0.979
1456337881.0,0defca9f,0.949
1456337881.0,05976f26,0.929
1456337881.0,aee6d168,0.959
1456337881.0,982ef9d8,0.909
1456337881.0,bb2d140b,0.939
1456337881.0,3bbe7509,0.949
1456337881.0,6949ed4a,0.979
1456337881.0,6a79b20f,0.909
1456337881.0,02bd7477,0.969
1456337881.0,eede80ef,0.919
1456337881.0,708936ad,0.909
1456337881.0,1d3c1b45,0.969
1456337881.0,cc9e6849,0.959
1456337881.0,53f9f79f,0.939
1456337881.0,68a4ad40,0.959
1456337881.0,92bebd84,0.939
1456337881.0,814d74ac,0.909
1456337881.0,c56a25e8,0.919
1456337881.0,91385da7,0.979
1456337881.0,31993f75,0.919
1456337881.0,50acf721,0.929
1456337881.0,bd7cef0f,0.959
1456337881.0,df1d2009,0.959
1456337881.0,58bc480d,0.934
1456337881.0,8a3a3f10,0.939
1456337881.0,9bf2ca69,0.939
1456337881.0,80072a71,0.939
1456337881.0,41e7918d,0.939
1456337881.0,e01a7247,0.949
1456337881.0,d6e3342a,0.969
1456337881.0,8bd77566,0.949
1456337881.0,08f6024d,0.969
1456337881.0,0f173106,0.959
1456337881.0,657c5e72,0.989
1456337881.0,dbca9739,0.939
1456337881.0,a08d8ae6,0.919
1456337881.0,3dceca88,0.949
1456337881.0,aff519f2,0.929
1456337881.0,0d9f89b8,0.939
1456337881.0,9f28cd19,0.929
1456337881.0,c6306633,0.909
1456337881.0,,0.939
1456337881.0,a8028e6b,0.959
1456337881.0,efb9c112,0.939
1456337881.0,d04dc22d,0.959
1456337881.0,656a2566,0.979
1456337881.0,acf0a7d7,0.939
1456337881.0,9b1f0c3c,0.939
1456337881.0,f8ebbae1,0.939
1456337881.0,c69497b1,0.939
1456337881.0,52932f4e,0.939
1456337881.0,c680f14f,0.939
1456337881.0,4d691ffa,0.999
1456337881.0,adf8dffc,0.959
1456337881.0,4e5b5da4,0.959
1456337881.0,b7dc9356,0.949
1456337881.0,3f710c08,0.979
1456337881.0,4afaa787,0.939
1456337881.0,3d589997,0.929
1456337881.0,da9f2014,0.929
1456337881.0,7ad9a6eb,0.949
1456337881.0,70111ec9,0.949
1456337881.0,901b3dc2,0.969
1456337881.0,3b06308c,0.949
1456337881.0,,0.959
1456337881.0,39c5a6e0,0.949
1456337881.0,1c370637,0.959
1456337881.0,93f963de,0.959
1456337881.0,b892ab69,0.939
1456337881.0,f084458d,0.939
1456337881.0,575d8182,0.919
1456337881.0,f4507e0e,0.919
1456337881.0,fdfab0b9,0.939
1456337881.0,,0.939
1456337881.0,dd2ff1a4,0.959
1456337881.0,31923c9d,0.929
1456337881.0,d5b8a8fd,0.919
1456337881.0,4aa385bb,0.929
1456337881.0,b84fb396,0.939
1456337881.0,556b6079,0.939
1456337881.0,0945bafb,0.959
1456337881.0,45374890,0.959
1456337881.0,7969d4f3,0.959
1456337881.0,7800fa83,0.939
1456337881.0,21cc26f8,0.929
1456337881.0,4c906efb,0.919
1456337881.0,e1fb8011,0.919
1456337881.0,2b6d5808,0.919
1456337881.0,79f785eb,0.939
1456337881.0,67c6aa2e,0.909
1456337881.0,e904bee6,0.919
1456337881.0,5c0d42b0,0.929
1456337881.0,787e80bd,0.929
1456337881.0,37e841fa,0.929
1456337881.0,9f7a9267,0.969
1456337881.0,a3ff8022,0.909
1456337881.0,925f335a,0.919
1456337881.0,de0b1b58,0.909
1456337881.0,7970752a,0.959
1456337881.0,110c83a7,0.969
1456337881.0,82d0b907,0.929
1456337881.0,9da51b85,0.929
1456337881.0,a7f61984,0.929
1456337881.0,b3fefca1,0.909
1456337881.0,dc2aecd3,0.909
1456337881.0,1dd5e241,0.919
1456337881.0,2d204d17,0.959
1456337881.0,cb601f93,0.929
1456337881.0,65154942,0.949
1456337881.0,a426c65f,0.959
1456337881.0,f709d7cd,0.959
1456337881.0,e02ea09b,0.939
1456337881.0,9733a9c0,0.919
1456337881.0,0fb8b04e,0.949
1456337881.0,c1342b0e,0.929
1456337881.0,ca724a33,0.939
1456337881.0,6a9f29fb,0.949
1456337881.0,2ddad231,0.929
1456337881.0,cc42928d,0.949
1456337881.0,24523b3b,0.939
1456337881.0,27eb52b2,0.949
1456337881.0,3275ca99,0.939
1456337881.0,82e87a14,0.899
1456337881.0,78562f9b,0.939
1456337881.0,03a8f542,0.969
1456337881.0,37a4ac8d,0.909
1456337881.0,42ad8b68,0.949
1456337881.0,5dd99d7f,0.939
1456337881.0,2205a893,0.959
1456337881.0,bed52cfb,0.949
1456337881.0,dc2d8878,0.909
1456337881.0,8b5242d3,0.919
1456337881.0,f7ad88b8,0.909
1456337881.0,857a97e0,0.929
1456337881.0,443a0042,0.959
1456337881.0,2d084788,0.899
1456337881.0,dfda908c,0.939
1456337881.0,fd9b3ee5,0.929
1456337881.0,0451fc7d,0.929
1456337881.0,2eccf490,0.899
1456337881.0,fc60a1e0,0.949
1456337881.0,45162ff3,0.929
1456337881.0,e4070c0e,0.899
1456337881.0,a9f2eece,0.929
1456337881.0,0264d325,0.959
1456337881.0,6a9f527e,0.909
1456337881.0,cf235e84,0.949
1456337881.0,740b965a,0.959
1456337881.0,047946f0,0.999
1456337881.0,49098718,0.969
1456337881.0,8642884a,0.959
1456337881.0,d2661e86,0.929
1456337881.0,919c9e96,0.979
1456337881.0,21ab2968,0.939
1456337881.0,e0d89735,0.979
1456337881.0,,0.939
1456337881.0,1df9dc01,0.939
1456337881.0,1b9c9285,0.969
1456337881.0,,0.949
1456337881.0,ce45fa96,0.929
1456337881.0,6a0d1e37,0.969
1456337881.0,cf4759e8,0.939
1456337881.0,8fb2a5f0,0.919
1456337881.0,6b388a21,0.959
1456337881.0,7b487a7f,0.939
1456337881.0,a438cba7,0.939
1456337881.0,5ba0908f,0.929
1456337881.0,95be41d3,0.939
1456337881.0,d96a698b,0.919
1456337881.0,9ad361ad,0.959
1456337881.0,391179ed,0.939
1456337881.0,af12e3b6,0.939
1456337881.0,dc080c47,0.949
1456337881.0,800e66db,0.919
1456337881.0,db68109c,0.929
1456337881.0,91713a4d,0.959
1456337881.0,3b31f64c,0.909
1456337881.0,c7b90ec6,0.969
1456337881.0,6603174b,0.969
1456337881.0,bcce0991,0.929
1456337881.0,013daa88,0.929
1456337881.0,98624c5c,0.929
1456337881.0,363fd593,0.929
1456337881.0,521538f8,0.939
1456337881.0,a446fffa,0.909
1456337881.0,f9e19175,0.939
1456337881.0,,0.939
1456337881.0,b7361158,0.949
1456337881.0,a9050e49,0.979
1456337881.0,cd5c4fc2,0.949
1456337881.0,f4e35d1f,0.959
1456337881.0,a8338c14,0.929
1456337881.0,31487663,0.939
1456337881.0,f9580460,0.899
1456337881.0,e7aa0c08,0.939
1456337881.0,7bcda69c,0.949
1456337881.0,d64903d3,0.969
1456337881.0,2cbd6d3c,0.939
1456337881.0,d86b6eaf,0.959
1456337881.0,8b20c3e0,0.919
1456337881.0,7af9d9ad,0.979
1456337881.0,e8befa14,0.949
1456337881.0,4a1fb5a4,0.949
1456337881.0,1c358963,0.949
1456337881.0,fc062d47,0.929
1456337881.0,0abf9cad,0.939
1456337881.0,07e15eec,0.929
1456337881.0,,0.939
1456337881.0,74a97362,0.929
1456337881.0,bef35d30,0.919
1456337881.0,b204b97b,0.989
1456337881.0,4d15a2cc,0.919
1456337881.0,8e940b00,0.939
1456337881.0,25d0b512,0.949
1456337881.0,f654bb63,0.949
1456337881.0,ab473015,0.939
1456337881.0,1a23b0f9,0.939
1456337881.0,ab937a23,0.959
1456337881.0,9a246c9a,0.969
1456337881.0,bfd9d768,0.949
1456337881.0,6174c30f,0.939
1456337881.0,aa7bb382,0.939
1456337881.0,7da93d4e,0.919
1456337881.0,4527646d,0.929
1456337881.0,ed93716a,0.939
1456337881.0,8a3aa486,0.939
1456337881.0,57d05ba7,0.949
1456337881.0,543855ac,0.959
1456337881.0,1f52483c,0.929
1456337881.0,1557ee20,0.939
1456337881.0,c2a07e5c,0.939
1456337881.0,315bcb3c,0.919
1456337881.0,d26f4ccf,0.949
1456337881.0,f1f7ae62,0.924
1456337881.0,0db94a7a,0.969
1456337881.0,b806e359,0.939
1456337881.0,c3e10c01,0.949
1456337881.0,3edff2fe,0.969
1456337881.0,68480e7b,0.959
1456337881.0,27fede19,0.939
1456337881.0,58d274cb,0.934
1456337881.0,bd42a430,0.939
1456337881.0,27825143,0.919
1456337881.0,0e6789c0,0.939
1456337881.0,fc0599eb,0.934
1456337881.0,a182ab0c,0.959
1456337881.0,9f4bb5cf,0.969
1456337881.0,4132ae7c,0.929
1456337881.0,d6d4b842,0.949
1456337881.0,526f4c6d,0.959
1456337881.0,0eef2037,0.949
1456337881.0,5b35d3e9,0.919
1456337881.0,80e97677,0.959
1456337881.0,be912b8a,0.959
1456337881.0,bc3ec897,0.939
1456337881.0,0fc44087,0.944
1456337881.0,fb77e994,0.939
1456337881.0,cfbd6d9d,0.939
1456337881.0,4e359e7b,0.909
1456337881.0,2735badd,0.969
1456337881.0,3bcc58f2,0.959
1456337881.0,b445540d,0.949
1456337881.0,f4299aa3,0.969
1456337881.0,2651ccb9,0.919
1456337881.0,2a639c5a,0.939
1456337881.0,62ae11f0,0.939
1456337881.0,35ef9d63,0.939
1456337881.0,9479cc1c,0.919
1456337881.0,99fbfc30,0.959
1456337881.0,6162ba82,0.939
1456337881.0,9d1571c3,0.929
1456337881.0,4aa96079,0.949
1456337881.0,a1766ee6,0.959
1456337881.0,bcc9307a,0.939
1456337881.0,dcfdd6fc,0.939
1456337881.0,5b70fdaa,0.969
1456337881.0,f2ba4bc6,0.949
1456337881.0,1edee463,0.999
1456337881.0,12d2f4a6,0.939
1456337881.0,4aba346d,0.949
1456337881.0,93ef3495,0.979
1456337881.0,5c49f018,0.949
1456337881.0,df98ca08,0.949
1456337881.0,7d5b56a3,0.949
1456337881.0,cfeaab1a,0.949
1456337881.0,b18611aa,0.939
1456337881.0,63a8e437,0.929
1456337881.0,bdc7131f,0.919
1456337881.0,99d4f63c,0.919
1456337881.0,aafab111,0.949
1456337881.0,b8088ed5,0.949
1456337881.0,01b26f60,0.959
1456337881.0,bd4bb0e4,0.949
1456337881.0,ace1257e,0.939
1456337881.0,77906f99,0.969
1456337881.0,9426443b,0.939
1456337881.0,28277250,0.949
1456337881.0,ce2ccf2c,0.939
1456337881.0,ea00d8f0,0.949
1456337881.0,85e1584b,0.939
1456337881.0,0fcd5944,0.939
1456337881.0,b04f3f69,0.939
1456337881.0,50b6cf61,0.939
1456337881.0,6fac4b39,0.959
1456337881.0,7e101351,0.949
1456337881.0,1fdc64f7,0.929
1456337881.0,e183f4cf,0.929
1456337881.0,aa24cd60,0.939
1456337881.0,c98acfc1,0.979
1456337881.0,2445bcef,0.909
1456337881.0,dc7fb76c,0.939
1456337881.0,260e3a4c,0.939
1456337881.0,39e2b6d0,0.949
1456337881.0,708c9a0d,0.949
1456337881.0,0f1a4e9a,0.989
1456337881.0,c9333668,0.949
1456337881.0,b43ac946,0.949
1456337881.0,86712e60,0.949
1456337881.0,640c2258,0.949
1456337881.0,7029afbd,0.939
1456337881.0,95434626,0.939
1456337881.0,1170df4a,0.909
1456337881.0,c93058ac,0.939
1456337881.0,2fa6d835,0.989
1456337881.0,ab6f459b,0.959
1456337881.0,0b7d0a63,0.949
1456337881.0,f03c398a,0.909
1456337881.0,f28e5efe,0.939
1456337881.0,ce40795f,0.959
1456337881.0,85676e8b,0.949
1456337881.0,ec2d257d,0.979
1456337881.0,33caf979,0.939
1456337881.0,978bcc85,0.939
1456337881.0,b81c2aae,1.009
1456337881.0,5eddffaf,0.939
1456337881.0,209e8416,0.939
1456337881.0,6cf9c77a,0.939
1456337881.0,a11621b6,0.929
1456337881.0,e4b1c6fb,0.939
1456337881.0,284c6af0,0.929
1456337881.0,d8032a5b,0.929
1456337881.0,,0.969
1456337881.0,f1adb6c9,0.949
1456337881.0,3e574cd0,0.949
1456337881.0,e57877ff,0.949
1456337881.0,dacc3a3f,0.909
1456337881.0,7f2cf706,0.909
1456337881.0,7e1e9940,0.919
1456337881.0,2f6edad9,0.969
1456337881.0,baaf8b05,0.959
1456337881.0,b6bd8b96,0.929
1456337881.0,5321252a,0.939
1456337881.0,6ad7e90e,0.929
1456337881.0,26a56374,0.899
1456337881.0,4401812d,0.939
1456337881.0,ce7f3f9b,0.959
1456337881.0,481c090b,0.939
1456337881.0,59c1c98e,0.999
1456337881.0,337484f4,0.919
1456337881.0,b350758d,0.949
1456337881.0,ed0f06c1,0.949
1456337881.0,862d0257,0.939
1456337881.0,aaba4ebc,0.929
1456337881.0,441c3937,0.949
1456337881.0,eaaeb33a,0.929
1456337881.0,a05a18cd,0.949
1456337881.0,8b66ac81,0.949
1456337881.0,f2c8e01a,0.939
1456337881.0,38fda503,0.959
1456337881.0,4bb19235,0.929
1456337881.0,33fa60b9,0.939
1456337881.0,df7edd4e,0.949
1456337881.0,136c3dcd,0.929
1456337881.0,cadf0fec,0.919
1456337881.0,18db456a,0.969
1456337881.0,2a82c08f,0.929
1456337881.0,d497f4b5,0.939
1456337881.0,39f6d678,0.979
1456337881.0,c2c9a813,0.959
1456337881.0,b484fa6e,0.949
1456337881.0,38b527b3,0.959
1456337881.0,c0a4ac06,0.919
1456337881.0,e146d88a,0.939
1456337881.0,e4dcc2ad,0.959
1456337881.0,20338fa9,0.919
1456337881.0,92eaccdc,0.909
1456337881.0,6f901805,0.939
1456337881.0,1fb16863,0.939
1456337881.0,6117cbac,0.929
1456337881.0,4c39660b,0.929
1456337881.0,73e22345,0.909
1456337881.0,757cb5e7,0.919
1456337881.0,6d8cc159,0.939
1456337881.0,238f3319,0.909
1456337881.0,186f9d64,0.909
1456337881.0,e05e8acf,0.969
1456337881.0,19cfa34e,0.959
1456337881.0,46cbebe3,0.949
1456337881.0,f8f516ae,0.969
1456337881.0,27568398,0.969
1456337881.0,1f6c44dc,0.969
1456337881.0,dcde1f7c,0.939
1456337881.0,8de01e99,0.949
1456337881.0,7c85d6ed,0.949
1456337881.0,50e4f2c0,0.959
1456337881.0,034d1d51,0.929
1456337881.0,974e4706,0.909
1456337881.0,c1c6485d,0.939
1456337881.0,bd8bd0ef,0.989
1456337881.0,2278ee7b,0.909
1456337881.0,,0.979
1456337881.0,6d0c8ba1,0.939
1456337881.0,72ec8a0d,0.929
1456337881.0,c9faeb03,0.949
1456337881.0,a3eb6d42,0.954
1456337881.0,3b5ee4d1,0.939
1456337881.0,6655797e,0.929
1456337881.0,0eeb22de,0.959
1456337881.0,204c7d8c,0.939
1456337881.0,8b89b2b8,0.999
1456337881.0,dd530bc1,0.939
1456337881.0,ddbf70bf,0.959
1456337881.0,4d5d9361,0.959
1456337881.0,59e2c5e0,0.979
1456337881.0,06a2513a,0.949
1456337881.0,16a70ba2,0.969
1456337881.0,53635853,0.939
1456337881.0,8fbe5276,0.929
1456337881.0,a711b7d5,0.949
1456337881.0,bcdeefc3,0.949
1456337881.0,9499ff78,0.919
1456337881.0,d25d3d18,0.959
1456337881.0,833241cf,0.969
1456337881.0,2787cfe0,0.959
1456337881.0,16b7ada0,0.934
1456337881.0,08f59b41,0.909
1456337881.0,85711ea4,0.969
1456337881.0,0b617cbb,0.939
1456338121.0,50013026,0.959
1456338121.0,0d102e85,0.899
1456338121.0,4e3adf89,0.939
1456338121.0,d50f75c4,0.939
1456338121.0,3d8adc15,0.939
1456338121.0,7006be5d,-0.001
1456338121.0,175bcea1,0.919
1456338121.0,eedec9cc,0.919
1456338121.0,01a42eea,0.929
1456338121.0,897fceb5,0.949
1456338121.0,21a0bd76,0.949
1456338121.0,4f0ba2cc,0.939
1456338121.0,bca31534,0.929
1456338121.0,9b5b616a,0.949
1456338121.0,daf5b359,0.949
1456338121.0,3c7bc366,0.959
1456338121.0,cbf83fe3,0.969
1456338121.0,7053ce5b,0.989
1456338121.0,d903b794,0.919
1456338121.0,b3e6c96a,0.919
1456338121.0,8609cc97,0.909
1456338121.0,d596df4f,0.939
1456338121.0,403c6797,0.929
1456338121.0,ce942bef,0.909
1456338121.0,0657e6a3,0.939
1456338121.0,,0.959
1456338121.0,305b11b7,0.939
1456338121.0,35305598,0.929
1456338121.0,a448f8aa,1.019
1456338121.0,72cc479b,0.929
1456338121.0,c77e2863,0.949
1456338121.0,d088285e,0.919
1456338121.0,a0ad552e,0.899
1456338121.0,0720a96f,0.949
1456338121.0,b159aa41,0.969
1456338121.0,259f0ed8,0.899
1456338121.0,ee30bc6d,0.969
1456338121.0,48abfcff,0.909
1456338121.0,7964974d,0.949
1456338121.0,08d22af2,0.949
1456338121.0,9e654d43,0.919
1456338121.0,575bb735,0.969
1456338121.0,7fa92b87,0.954
1456338121.0,6197a70d,0.929
1456338121.0,b47f33d8,0.919
1456338121.0,7d3ae9b0,0.969
1456338121.0,514e885f,0.939
1456338121.0,398e7989,0.959
1456338121.0,7de438fa,0.949
1456338121.0,8c807692,0.949
1456338121.0,ee54e371,0.909
1456338121.0,8e306a91,0.939
1456338121.0,0ee3214c,0.939
1456338121.0,2a85aef8,0.929
1456338121.0,e371c619,0.969
1456338121.0,6791f8cd,0.949
1456338121.0,8cfcff71,0.909
1456338121.0,54a44614,0.949
1456338121.0,9e5c868a,0.969
1456338121.0,6dda6f67,0.959
1456338121.0,9a1fa81d,0.949
1456338121.0,831f7129,0.949
1456338121.0,44565663,0.939
1456338121.0,4c962a80,0.939
1456338121.0,96407ff6,0.929
1456338121.0,5ae3e1ca,0.919
1456338121.0,334babb3,0.909
1456338121.0,78390be0,0.949
1456338121.0,ffbaf0fd,0.949
1456338121.0,8b94eddf,0.969
1456338121.0,ab473015,0.969
1456338121.0,ec3feaec,0.949
1456338121.0,af4eebe4,0.899
1456338121.0,e766a873,0.959
1456338121.0,44495201,0.919
1456338121.0,864611cd,0.929
1456338121.0,4abdf635,0.959
1456338121.0,faa72267,0.939
1456338121.0,fb9f21b7,0.939
1456338121.0,010becdc,0.959
1456338121.0,279cc342,0.899
1456338121.0,01859229,0.969
1456338121.0,dd700b9a,0.939
1456338121.0,efc6fe63,0.939
1456338121.0,1f1e2904,0.919
1456338121.0,200cf8e2,0.909
1456338121.0,2feae8bd,0.909
1456338121.0,e9d5d1a1,0.929
1456338121.0,85ca4da6,0.959
1456338121.0,c7804480,1.009
1456338121.0,dcbbade5,0.919
1456338121.0,1555e8c5,0.929
1456338121.0,bc6a3d8b,0.979
1456338121.0,b6002806,0.919
1456338121.0,ff19e550,0.939
1456338121.0,275911ce,0.949
1456338121.0,6e2e5e05,0.959
1456338121.0,6b5979c5,0.919
1456338121.0,8f4c771c,0.999
1456338121.0,1685cf9c,0.954
1456338121.0,f3b12324,0.949
1456338121.0,969b9276,0.939
1456338121.0,392b75a8,0.939
1456338121.0,b9bbf9ee,0.949
1456338121.0,69e0d4ed,0.939
1456338121.0,739c3107,0.939
1456338121.0,ca71f476,0.959
1456338121.0,ee1d296d,0.939
1456338121.0,5ba385a2,1.009
1456338121.0,7ead535b,0.909
1456338121.0,e5ccd3f7,0.939
1456338121.0,03ed2a59,0.949
1456338121.0,7c0d469a,0.949
1456338121.0,2a82c08f,0.929
1456338121.0,293e1b9a,0.899
1456338121.0,ccbd9cdd,0.949
1456338121.0,9eb320c2,0.959
1456338121.0,bda7134d,0.919
1456338121.0,c0a4ac06,0.909
1456338121.0,210e50b8,0.939
1456338121.0,9758fc2a,0.959
1456338121.0,b8705ff2,0.909
1456338121.0,2b890110,0.919
1456338121.0,5e068b6e,0.929
1456338121.0,6ed1ade4,0.889
1456338121.0,22ac7d75,0.939
1456338121.0,3f48f52e,0.939
1456338121.0,cb71673a,0.949
1456338121.0,89f88deb,0.949
1456338121.0,5a549ff7,0.899
1456338121.0,688653f8,0.929
1456338121.0,0bb28765,0.929
1456338121.0,f184201b,0.899
1456338121.0,65ab6225,0.949
1456338121.0,f4b0a53c,0.969
1456338121.0,188a79d3,0.959
1456338121.0,b0043b5a,0.949
1456338121.0,0cbee1b5,0.92
1456338121.0,7fc72456,0.939
1456338121.0,a9c635a6,1.019
1456338121.0,2787cfe0,0.959
1456338361.0,317387f0,0.929
1456338361.0,665040cd,0.949
1456338361.0,51d953d8,0.909
1456338361.0,bebb6d12,0.919
1456338361.0,90941e78,0.909
1456338361.0,982b4a02,0.939
1456338361.0,01f0fa8d,0.939
1456338361.0,3272290a,0.919
1456338361.0,2a879abf,0.919
1456338361.0,b3d1f607,0.919
1456338361.0,bfcfe44e,0.919
1456338361.0,210f8a85,0.929
1456338361.0,7006be5d,0.919
1456338361.0,6f473b11,0.969
1456338361.0,5dd70488,0.939
1456338361.0,bd86f3ea,0.909
1456338361.0,54ea7147,0.899
1456338361.0,23e41d8c,0.949
1456338361.0,e77100d2,0.939
1456338361.0,30029614,0.959
1456338361.0,cf1a869e,0.929
1456338361.0,84028c7a,0.949
1456338361.0,dfb2f931,0.949
1456338361.0,595a2321,0.939
1456338361.0,7d2a6e6a,0.929
1456338361.0,a25aae71,0.939
1456338361.0,b51b98e9,0.959
1456338361.0,68938096,0.929
1456338361.0,1beae976,0.939
1456338361.0,d518cb16,1.189
1456338361.0,8feda8b5,0.949
1456338361.0,aae7e937,0.969
1456338361.0,08919b22,0.939
1456338361.0,d95bf294,0.939
1456338361.0,ed56981f,0.949
1456338361.0,f0430871,0.959
1456338361.0,4d705805,0.949
1456338361.0,c6317552,0.939
1456338361.0,4d917f63,0.919
1456338361.0,03199c21,0.919
1456338361.0,4cbdb1d8,0.939
1456338361.0,e8ad44f5,0.949
1456338361.0,a83de21c,0.909
1456338361.0,bd27cbdf,0.959
1456338361.0,35305598,0.909
1456338361.0,c73ee079,0.959
1456338361.0,d5e3ccf5,0.949
1456338361.0,1922bce9,0.939
1456338361.0,7e67d294,0.949
1456338361.0,fbfbf15b,0.939
1456338361.0,c7381288,0.949
1456338361.0,3213e5d8,0.959
1456338361.0,c32b7c81,0.939
1456338361.0,575d8182,0.919
1456338361.0,4fe7c8a5,0.947
1456338361.0,5018e554,0.909
1456338361.0,3b988b25,0.909
1456338361.0,5d59e18d,0.954
1456338361.0,a3ff8022,0.909
1456338361.0,8d38052d,0.934
1456338361.0,ee54e371,0.899
1456338361.0,d9132efc,0.959
1456338361.0,263e0b44,0.919
1456338361.0,ab1a9bda,0.979
1456338361.0,,0.949
1456338361.0,6f8f49f1,0.949
1456338361.0,c6ce8e17,0.939
1456338361.0,ed8a5a8a,0.939
1456338361.0,7d1570f9,0.969
1456338361.0,4f3ac261,0.949
1456338361.0,6cf550c8,0.949
1456338361.0,d82d3ed0,0.949
1456338361.0,651f23fd,0.979
1456338361.0,020c53c2,0.939
1456338361.0,abe05883,0.979
1456338361.0,3e7ce5dd,0.939
1456338361.0,877e2550,0.939
1456338361.0,6bbc54b6,0.959
1456338361.0,4d541f34,0.949
1456338361.0,29c7431a,0.949
1456338361.0,6fb61b09,0.979
1456338361.0,d3953243,0.929
1456338361.0,aa2f1ae8,0.939
1456338361.0,f960ce49,0.979
1456338361.0,f4788388,0.939
1456338361.0,9d2a511e,0.959
1456338361.0,b518e445,0.939
1456338361.0,e6fdbd0c,0.969
1456338361.0,79ddc5ca,0.969
1456338361.0,17893d95,0.969
1456338361.0,b8682312,0.969
1456338361.0,965ccdb6,0.919
1456338361.0,1aa38dcc,0.969
1456338361.0,1087e8a7,0.959
1456338361.0,dd700b9a,0.929
1456338361.0,c17488ae,0.929
1456338361.0,179ba00b,0.949
1456338361.0,73ad722d,0.929
1456338361.0,cec51495,0.909
1456338361.0,2feae8bd,0.899
1456338361.0,69cf448c,0.959
1456338361.0,8e7cb537,0.949
1456338361.0,53d2ed19,0.959
1456338361.0,8e8b8a63,0.939
1456338361.0,5e613253,0.929
1456338361.0,7117c935,0.929
1456338361.0,41d19376,0.949
1456338361.0,92d39932,0.959
1456338361.0,07ccba78,0.959
1456338361.0,59f961f5,0.929
1456338361.0,9c4972e3,0.929
1456338361.0,c3326313,0.929
1456338361.0,a374c73d,0.939
1456338361.0,341d054c,0.969
1456338361.0,c39953ee,0.929
1456338361.0,c7028794,0.939
1456338361.0,33fb9f1a,0.969
1456338361.0,fbd93087,0.929
1456338361.0,ce5b6ffc,0.949
1456338361.0,71405ff7,0.949
1456338361.0,2ad0a689,0.949
1456338361.0,d5c5e431,0.939
1456338361.0,1d38e16e,0.949
1456338361.0,,0.909
1456338361.0,ee288062,0.959
1456338361.0,f3cc2d61,0.899
1456338361.0,f4f5e1d8,0.949
1456338361.0,e8b2cb64,0.909
1456338361.0,c460ad8e,0.969
1456338361.0,eee03f6b,0.949
1456338361.0,05878847,0.939
1456338361.0,fab2186a,0.929
1456338361.0,ed0f06c1,0.949
1456338361.0,002160c4,0.949
1456338361.0,26562367,0.939
1456338361.0,13388a58,0.919
1456338361.0,853debfa,0.959
1456338361.0,5446812c,0.969
1456338361.0,d195f0c9,0.949
1456338361.0,6dca6f1b,0.959
1456338361.0,66ff2f80,0.949
1456338361.0,c0a4ac06,0.909
1456338361.0,abd4db7e,0.919
1456338361.0,de162c11,0.919
1456338361.0,89f88deb,0.949
1456338361.0,84491c5b,0.949
1456338361.0,e578a879,0.939
1456338361.0,0cc05186,0.919
1456338361.0,56006177,0.999
1456338361.0,9b50c0c7,1.209
1456338361.0,6d03a4f8,0.959
1456338361.0,4a0efe4c,0.979
1456338361.0,9aa29c07,0.989
1456338361.0,82a2717a,0.959
1456338361.0,5270f932,0.959
1456338361.0,aa9c7d7a,0.989
1456338361.0,9abcad1c,0.959
1456338601.0,3d36e33a,0.919
1456338601.0,909a8e2d,0.919
1456338601.0,61ef0e4f,0.919
1456338601.0,473c3055,0.909
1456338601.0,deeb75c9,0.919
1456338601.0,9e687000,0.919
1456338601.0,82148954,0.919
1456338601.0,e9776f5d,0.919
1456338601.0,877aae3b,0.919
1456338601.0,a75efbf5,0.919
1456338601.0,0c3bcbe7,0.919
1456338601.0,570dabcb,0.919
1456338601.0,354d360a,0.919
1456338601.0,ca5390ed,0.919
1456338601.0,5e0f74ed,0.959
1456338601.0,b7fdbb95,0.909
1456338601.0,e85f8007,0.929
1456338601.0,d33e0437,0.949
1456338601.0,ae71af81,0.929
1456338601.0,9a099132,0.979
1456338601.0,c62a443d,0.939
1456338601.0,de1ded73,0.939
1456338601.0,d5fd7f0e,0.939
1456338601.0,017c730c,0.949
1456338601.0,69bda9c6,0.949
1456338601.0,efacbc65,0.949
1456338601.0,bb7a74ed,0.959
1456338601.0,9971cecf,0.949
1456338601.0,cb511574,0.919
1456338601.0,9c389a21,0.949
1456338601.0,f0d7ea8a,0.929
1456338601.0,a618c589,0.949
1456338601.0,c307725e,0.929
1456338601.0,0eb21c86,0.949
1456338601.0,0b96eaac,0.939
1456338601.0,859fc025,0.959
1456338601.0,04c08bf0,0.949
1456338601.0,cb6bf035,0.964
1456338601.0,4f9ccf16,0.959
1456338601.0,8977de4b,0.944
1456338601.0,e6d32ea4,0.959
1456338601.0,1223090e,0.939
1456338601.0,5c405f95,0.929
1456338601.0,5747e8a7,0.939
1456338601.0,f5d3bc3a,0.939
1456338601.0,dbaf66ec,0.929
1456338601.0,d36c0bc0,0.939
1456338601.0,29e75614,0.949
1456338601.0,65c65682,0.949
1456338601.0,027604d9,0.929
1456338601.0,62b199da,0.959
1456338601.0,0720fedb,0.929
1456338601.0,1fcf6368,0.969
1456338601.0,68e5bc6e,0.909
1456338601.0,fa3c7cd8,0.929
1456338601.0,cc3dc9ec,0.919
1456338601.0,e48ca6d1,0.929
1456338601.0,197e1542,0.919
1456338601.0,253ddd10,0.909
1456338601.0,ed63a8a7,0.929
1456338601.0,c687a4a1,0.919
1456338601.0,693a0585,0.939
1456338601.0,9aa6fe97,0.899
1456338601.0,2d084788,0.899
1456338601.0,9d3391d9,0.939
1456338601.0,f435573a,0.929
1456338601.0,c61bf054,0.944
1456338601.0,8eaac040,0.959
1456338601.0,4370ed3a,0.929
1456338601.0,5353d90f,0.939
1456338601.0,56277da5,0.909
1456338601.0,7e16c19d,0.999
1456338601.0,a625d115,0.949
1456338601.0,3b5de5d2,0.909
1456338601.0,5e9aaf1c,0.959
1456338601.0,0eb17bed,0.939
1456338601.0,dd78438d,0.979
1456338601.0,6eaed040,0.959
1456338601.0,67946f4f,0.949
1456338601.0,bd8f68d2,0.959
1456338601.0,dad373d3,0.929
1456338601.0,f649936e,0.959
1456338601.0,6540cb14,0.929
1456338601.0,a162b47e,0.989
1456338601.0,6ab5f130,0.924
1456338601.0,f3d19615,0.919
1456338601.0,a472716e,0.969
1456338601.0,19b72b96,0.939
1456338601.0,3bfabc79,0.959
1456338601.0,98c5755b,0.939
1456338601.0,5d07df0f,0.929
1456338601.0,f8ed5739,0.929
1456338601.0,b096f1e2,0.919
1456338601.0,830faf16,0.949
1456338601.0,3f20997c,0.979
1456338601.0,0986d9b8,0.939
1456338601.0,3ecb2b24,0.919
1456338601.0,d3063bdf,0.939
1456338601.0,9558140d,0.959
1456338601.0,5ec2ab05,0.929
1456338601.0,086cb9a9,0.989
1456338601.0,a278bd43,0.959
1456338601.0,d98fe3f5,0.924
1456338601.0,b87b1fe6,0.979
1456338601.0,1ff45876,0.939
1456338601.0,26056533,0.949
1456338601.0,19631699,0.969
1456338601.0,dc774502,0.919
1456338601.0,218b7c8b,0.939
1456338601.0,b6c365a0,0.929
1456338601.0,371f287c,0.939
1456338601.0,ee2ae1a3,0.939
1456338601.0,d5be29d1,0.949
1456338601.0,0bffb72e,0.909
1456338601.0,4ab9094d,0.939
1456338601.0,94013d10,0.969
1456338601.0,44daa76b,0.909
1456338601.0,a3e519bb,0.969
1456338601.0,256e2f5b,0.949
1456338601.0,fdca8735,0.939
1456338601.0,379a6719,0.929
1456338601.0,d25a0585,0.949
1456338601.0,c6c3a80a,1.019
1456338601.0,a373cdfc,0.929
1456338601.0,724b8382,0.929
1456338601.0,6a27f09d,0.919
1456338601.0,f4b9f379,0.909
1456338601.0,1054110c,0.914
1456338601.0,9d948dce,0.959
1456338601.0,35c85b81,0.909
1456338601.0,c59b6311,0.929
1456338601.0,0958f3bd,0.949
1456338601.0,26664969,0.919
1456338601.0,d07d6e2f,0.939
1456338601.0,90bcaabc,0.909
1456338601.0,e5b25ce5,0.919
1456338601.0,7cc832ba,0.919
1456338601.0,14d17f9a,0.909
1456338601.0,c29be0d7,0.939
1456338601.0,2335fb5f,0.929
1456338601.0,25990870,0.919
1456338601.0,3965f1ec,0.939
1456338601.0,b136a71d,0.939
1456338601.0,76ab87bf,0.909
1456338601.0,dcfb9c34,0.939
1456338601.0,ea850711,0.919
1456338601.0,91baebbc,0.939
1456338601.0,d361cee8,0.929
1456338601.0,9940dbfc,0.929
1456338601.0,421ac3f9,0.929
1456338601.0,9f9d06bd,0.944
1456338841.0,cd61632c,0.929
1456338841.0,82c6c5bb,0.949
1456338841.0,3d36e33a,0.919
1456338841.0,badf7961,0.939
1456338841.0,0efd5423,0.919
1456338841.0,fb0b1dcf,0.919
1456338841.0,ff7e8838,0.939
1456338841.0,7715f72c,0.939
1456338841.0,eaf5b8e2,0.959
1456338841.0,6a8dc69b,0.949
1456338841.0,09c88ed9,0.939
1456338841.0,ba9a540e,0.939
1456338841.0,472cc7af,0.899
1456338841.0,52f801fe,0.939
1456338841.0,148a7a27,1.179
1456338841.0,1898c240,0.929
1456338841.0,5ecab051,0.969
1456338841.0,44e801f0,0.924
1456338841.0,ae7b124a,0.929
1456338841.0,eac0620e,0.969
1456338841.0,6229a06b,0.939
1456338841.0,0e025df7,1.179
1456338841.0,e70ecea8,0.949
1456338841.0,0618ae27,0.939
1456338841.0,c8c9912f,0.959
1456338841.0,0b96eaac,0.929
1456338841.0,ae815f98,0.949
1456338841.0,04c08bf0,0.939
1456338841.0,8f3896e1,0.939
1456338841.0,710830cb,0.949
1456338841.0,9537b003,0.929
1456338841.0,7cf49500,0.929
1456338841.0,b484f1ea,0.929
1456338841.0,6306053f,0.929
1456338841.0,ccd8aac4,0.909
1456338841.0,b7281837,0.969
1456338841.0,c219585c,0.959
1456338841.0,a83de21c,0.919
1456338841.0,9b047271,0.959
1456338841.0,9830928e,0.949
1456338841.0,43a0a005,0.959
1456338841.0,1bfef5b8,0.929
1456338841.0,1168538d,0.929
1456338841.0,9b209e8a,0.919
1456338841.0,a0622dfc,0.989
1456338841.0,227099c3,0.969
1456338841.0,3b3dda8f,0.909
1456338841.0,de18aa7d,0.929
1456338841.0,c8c80a71,0.929
1456338841.0,eca01ef8,0.999
1456338841.0,cd5312ba,0.929
1456338841.0,2d149d2f,0.899
1456338841.0,759c0ad5,0.929
1456338841.0,f4387d6e,0.939
1456338841.0,39c4efe0,0.939
1456338841.0,68e5bc6e,0.909
1456338841.0,dc2aecd3,0.909
1456338841.0,997e716d,0.939
1456338841.0,7b66aa84,0.919
1456338841.0,1fb2da5d,0.939
1456338841.0,45cfc4a3,0.909
1456338841.0,bf44f1ab,0.939
1456338841.0,27b7f65f,0.899
1456338841.0,53c0a7e5,0.929
1456338841.0,a2b07888,0.899
1456338841.0,9f37e0a2,0.939
1456338841.0,0c514e6f,0.909
1456338841.0,6a9f527e,0.909
1456338841.0,d22fa3c4,0.919
1456338841.0,aa9b2273,0.899
1456338841.0,acd58708,0.939
1456338841.0,bef54869,0.929
1456338841.0,ebef875b,0.939
1456338841.0,8cfcff71,0.909
1456338841.0,eea64b3d,0.969
1456338841.0,da0a00ad,0.969
1456338841.0,2b8a1d9c,0.929
1456338841.0,34664756,0.949
1456338841.0,dc4b8ae9,0.959
1456338841.0,9d62bf3b,0.919
1456338841.0,5e1008fc,0.959
1456338841.0,c40bc606,0.929
1456338841.0,8020e532,0.939
1456338841.0,33f1db85,0.949
1456338841.0,568af640,1.179
1456338841.0,02da420f,0.959
1456338841.0,1623a484,0.949
1456338841.0,f76fac88,0.934
1456338841.0,4a513f03,0.959
1456338841.0,691bf1db,0.989
1456338841.0,f6e9717f,0.979
1456338841.0,bc5fd80b,0.909
1456338841.0,ab473015,0.939
1456338841.0,f4788388,0.939
1456338841.0,a3956c28,0.919
1456338841.0,f53d423d,0.949
1456338841.0,a472716e,0.969
1456338841.0,eb970b3f,0.959
1456338841.0,4446050c,0.929
1456338841.0,b359addb,0.939
1456338841.0,48ef3fea,0.959
1456338841.0,dfde85fc,0.979
1456338841.0,12dd04fe,0.899
1456338841.0,354f3556,0.939
1456338841.0,95d6571c,0.959
1456338841.0,c05a0ef2,0.929
1456338841.0,eb680822,0.929
1456338841.0,2042ed0f,0.939
1456338841.0,d998872e,0.929
1456338841.0,e466a86a,0.959
1456338841.0,7c4a4d03,1.179
1456338841.0,42cc5c79,0.939
1456338841.0,c62b5500,0.929
1456338841.0,50b4fb9f,0.949
1456338841.0,2e3a283a,0.939
1456338841.0,4f43fd77,0.949
1456338841.0,fea5f4ce,0.969
1456338841.0,449d3ddf,0.969
1456338841.0,14c0148e,0.949
1456338841.0,1fa4b26a,0.939
1456338841.0,fe2e5d6e,0.959
1456338841.0,81c9cec5,0.939
1456338841.0,1f1eaa0f,0.959
1456338841.0,40271791,0.959
1456338841.0,efb71c12,0.989
1456338841.0,ed996a11,0.949
1456338841.0,44d0cc01,0.959
1456338841.0,23e2d722,0.949
1456338841.0,6770a660,0.939
1456338841.0,c98acfc1,0.969
1456338841.0,fec0f633,0.934
1456338841.0,f2ef7300,0.919
1456338841.0,4853f9f1,0.949
1456338841.0,dc013155,0.939
1456338841.0,553c4dc5,0.959
1456338841.0,901e7c74,0.979
1456338841.0,7a4d72a4,1.179
1456338841.0,c0fe2d57,0.929
1456338841.0,371f287c,0.939
1456338841.0,efd124a1,0.944
1456338841.0,800691b2,0.949
1456338841.0,26bf1a80,1.179
1456338841.0,3a0cbd9d,1.179
1456338841.0,6041e2b6,0.959
1456338841.0,b77ce910,0.919
1456338841.0,5321252a,0.929
1456338841.0,c7f22027,0.949
1456338841.0,cbac7081,0.939
1456338841.0,12d17fec,0.929
1456338841.0,fcfe3bbf,0.919
1456338841.0,0a224fb3,0.924
1456338841.0,1636cb5c,0.979
1456338841.0,8b3bba8f,0.919
1456338841.0,e0e02d9a,0.899
1456338841.0,1054110c,0.914
1456338841.0,2b890110,0.899
1456338841.0,cca094f8,0.919
1456338841.0,ae7f358a,0.949
1456338841.0,107d750c,0.919
1456338841.0,db21940b,0.909
1456338841.0,a82fcd07,0.959
1456338841.0,f720cc81,0.909
1456338841.0,e567333d,0.919
1456338841.0,97b553c9,0.939
1456338841.0,8bbd302b,0.929
1456338841.0,d9461dd7,0.959
1456338841.0,82ca9901,0.939
1456338841.0,9022b426,0.949
1456338841.0,864188f5,0.979
1456338841.0,c404557e,0.929
1456338841.0,3da96054,0.939
1456338841.0,1636f44a,0.969
1456338841.0,c6f99584,0.979
1456338841.0,75167b82,0.939
1456338841.0,4465e992,0.929
1456338841.0,1510f5e1,0.999
1456338841.0,c82a22de,0.949
1456338841.0,e4f15ee0,0.939
1456338841.0,a4a288ce,0.929
1456338841.0,91baebbc,0.929
1456338841.0,a3eb6d42,0.954
1456338841.0,48772908,0.909
1456338841.0,312f1849,0.929
1456338841.0,823a371f,0.944
1456338841.0,7867dbe8,1.179
1456338841.0,7dc477e0,0.919
1456338841.0,b09e60a5,0.949
1456338841.0,5a76daff,0.959
1456338841.0,b5ff1b6a,0.959
1456338841.0,,0.929
1456339081.0,0f01b9c8,0.939
1456339081.0,e1a9f11a,0.969
1456339081.0,19296a92,0.949
1456339081.0,c391ee8f,0.919
1456339081.0,e474e52b,0.969
1456339081.0,c0bff642,0.899
1456339081.0,dd59fed2,0.949
1456339081.0,6610198a,0.949
1456339081.0,9a006df7,0.949
1456339081.0,57b9cbf6,0.949
1456339081.0,f704c239,0.949
1456339081.0,7828885e,0.909
1456339081.0,aa00a8f6,0.954
1456339081.0,3855d1bc,0.939
1456339081.0,abcdcbad,0.969
1456339081.0,d5fd7f0e,0.929
1456339081.0,be6a8603,0.959
1456339081.0,eca6ad54,0.919
1456339081.0,a64e6290,0.979
1456339081.0,cd7f824c,0.959
1456339081.0,da5389d9,0.939
1456339081.0,b9e8287e,1.019
1456339081.0,696e88f4,0.939
1456339081.0,e3705385,0.949
1456339081.0,cf6cd137,0.949
1456339081.0,eed2b29b,0.949
1456339081.0,a08b0e98,0.949
1456339081.0,3f58dc20,0.929
1456339081.0,73275cc4,0.939
1456339081.0,447dba6a,0.969
1456339081.0,24696b6f,0.909
1456339081.0,5c22ef82,0.929
1456339081.0,d5eb41ec,0.929
1456339081.0,9592640d,0.949
1456339081.0,c2b3c7ad,0.929
1456339081.0,00a2a041,0.979
1456339081.0,67c2a2b3,0.949
1456339081.0,50ccc5eb,0.939
1456339081.0,073f010e,0.959
1456339081.0,fdef9afa,0.959
1456339081.0,cb0a8cc8,0.939
1456339081.0,a1f3fe7e,0.929
1456339081.0,fea3781d,0.929
1456339081.0,fe905128,0.929
1456339081.0,9789b717,0.959
1456339081.0,df264ce2,0.949
1456339081.0,e246da13,0.919
1456339081.0,5455a5f8,0.939
1456339081.0,fe1c0582,0.939
1456339081.0,8e390e63,0.939
1456339081.0,ce9c03ce,0.939
1456339081.0,b75272ba,0.929
1456339081.0,1660ed2f,0.949
1456339081.0,bd5a8e8c,0.929
1456339081.0,b840a41d,0.949
1456339081.0,122ff711,0.939
1456339081.0,6b90433e,0.949
1456339081.0,ce366998,0.949
1456339081.0,d2a69e6d,0.939
1456339081.0,d225b33f,0.939
1456339081.0,8aa565b4,0.929
1456339081.0,fabaa853,0.929
1456339081.0,e140b830,0.939
1456339081.0,bfb3c76b,0.929
1456339081.0,44166963,0.949
1456339081.0,9d2005fa,0.969
1456339081.0,26e6f2fe,0.969
1456339081.0,3ede3ac4,0.939
1456339081.0,ae03a260,0.989
1456339081.0,aa3a4a0b,0.934
1456339081.0,b39d969e,0.949
1456339081.0,9e5c868a,0.959
1456339081.0,ee57ce17,0.949
1456339081.0,53758d2b,0.939
1456339081.0,c40cb496,0.939
1456339081.0,1468aaa8,0.959
1456339081.0,35c4d397,0.949
1456339081.0,f98eae96,0.949
1456339081.0,6d017696,0.949
1456339081.0,6719ddbc,0.939
1456339081.0,a2d171ec,0.939
1456339081.0,ace2e1f9,0.939
1456339081.0,7ced45b7,0.939
1456339081.0,316fd7de,0.909
1456339081.0,e147c97d,0.939
1456339081.0,2ee62167,0.959
1456339081.0,36098a3a,0.939
1456339081.0,e58aa567,0.949
1456339081.0,bc85d300,0.939
1456339081.0,507bacc5,0.959
1456339081.0,ab7d8dd4,0.919
1456339081.0,7adf8914,0.939
1456339081.0,e579a4d2,0.939
1456339081.0,2839dc7d,0.939
1456339081.0,8e25d9aa,0.929
1456339081.0,f4788388,0.939
1456339081.0,a10d5095,0.929
1456339081.0,05845b5e,0.929
1456339081.0,086d076b,0.949
1456339081.0,8025debd,0.939
1456339081.0,7eb76101,0.959
1456339081.0,b9c81e2e,0.959
1456339081.0,d54da67a,0.939
1456339081.0,78eacf4a,0.939
1456339081.0,4b75217a,0.949
1456339081.0,c03e7ffa,0.949
1456339081.0,184a38c3,0.959
1456339081.0,5962da15,0.939
1456339081.0,09925d9d,0.959
1456339081.0,0acb65ea,0.939
1456339081.0,0bcc45f5,0.949
1456339081.0,332d02ad,0.959
1456339081.0,d4a3f247,0.939
1456339081.0,101e2d9b,0.949
1456339081.0,cf422a5e,0.949
1456339081.0,f59b1222,0.969
1456339081.0,2e2669a6,0.949
1456339081.0,6df6da28,0.969
1456339081.0,6384651f,0.959
1456339081.0,fb34a733,0.959
1456339081.0,28367cbd,0.969
1456339081.0,1f82b6fb,0.959
1456339081.0,39614aa8,0.939
1456339081.0,793d12bc,0.924
1456339081.0,234744ea,0.969
1456339081.0,375abe19,0.959
1456339081.0,70879f72,0.949
1456339081.0,1464ac8a,0.949
1456339081.0,aeec46d3,0.949
1456339081.0,6bf6b199,0.959
1456339081.0,38a3a737,0.899
1456339081.0,48713f51,0.929
1456339081.0,8b4986e3,0.899
1456339081.0,96c2dcec,0.919
1456339081.0,6f79337c,0.939
1456339081.0,3344673e,0.949
1456339081.0,180b057d,0.969
1456339081.0,a518cf5f,0.929
1456339081.0,26906f78,0.939
1456339081.0,0980ddb6,0.959
1456339081.0,65bf913d,0.944
1456339081.0,5921c872,0.909
1456339081.0,6d18dcdf,0.939
1456339081.0,4d79856a,0.939
1456339081.0,2357ec98,0.959
1456339081.0,90cee554,0.969
1456339081.0,00eb6334,0.949
1456339081.0,c834e637,0.929
1456339081.0,84fcbe9f,0.929
1456339081.0,d6d166bf,0.939
1456339081.0,11bec0f1,0.939
1456339081.0,f25ec39b,0.959
1456339081.0,27347aed,0.959
1456339081.0,68f71b6d,0.969
1456339081.0,6fbc265f,0.959
1456339081.0,54c764d3,0.979
1456339081.0,b484fa6e,0.949
1456339081.0,cca094f8,0.909
1456339081.0,645289b9,0.929
1456339081.0,00faf6a6,0.929
1456339081.0,,0.919
1456339081.0,973748fa,0.909
1456339081.0,feb45cd9,0.969
1456339081.0,4f55919e,0.959
1456339081.0,7b417f71,0.919
1456339081.0,ec29d73c,0.939
1456339081.0,37179b6c,0.939
1456339081.0,b4c63b76,0.919
1456339081.0,aea3825a,0.959
1456339081.0,d639792f,0.939
1456339081.0,f2e88219,0.939
1456339081.0,ee8d39e2,0.939
1456339081.0,e54e047f,0.959
1456339081.0,5780923a,0.929
1456339081.0,3f144301,0.939
1456339081.0,838f2221,0.979
1456339081.0,950d79ab,0.939
1456339081.0,4d4ddfe6,0.959
1456339081.0,b49ab0b4,0.959
1456339081.0,57135983,0.959
1456339081.0,594fc2e9,0.949
1456339081.0,def62512,0.969
1456339321.0,cc6d6eb2,0.939
1456339321.0,7f0a95e2,0.949
1456339321.0,c391ee8f,0.919
1456339321.0,1bfa0edf,0.919
1456339321.0,85d0e643,0.929
1456339321.0,9a099132,0.959
1456339321.0,265fe188,0.959
1456339321.0,2afeabea,0.919
1456339321.0,c8e917b4,0.919
1456339321.0,0eaf6606,0.959
1456339321.0,10a68c90,0.964
1456339321.0,03dc24ac,0.909
1456339321.0,f53a8f17,0.929
1456339321.0,daf5b359,0.949
1456339321.0,4d87940f,0.929
1456339321.0,8804fa13,0.959
1456339321.0,f044b2d1,0.959
1456339321.0,7e69e0ea,0.959
1456339321.0,5a55ec8e,0.919
1456339321.0,653088f9,0.969
1456339321.0,b7b730d9,0.959
1456339321.0,018136eb,0.939
1456339321.0,316a2f5b,0.919
1456339321.0,f5815103,0.939
1456339321.0,21f6f55f,0.929
1456339321.0,88ae9f44,0.939
1456339321.0,df34af64,0.919
1456339321.0,c5208f75,0.929
1456339321.0,e246da13,0.919
1456339321.0,4240cb18,0.949
1456339321.0,89f0cfb7,0.919
1456339321.0,2eea7b6b,0.919
1456339321.0,,0.949
1456339321.0,dff52c69,0.949
1456339321.0,4837de5d,1.049
1456339321.0,b6510a87,0.939
1456339321.0,e371c619,0.959
1456339321.0,23328c7a,0.959
1456339321.0,aabcd7eb,0.939
1456339321.0,1c239584,0.949
1456339321.0,dd78438d,0.969
1456339321.0,9eb1be1f,0.939
1456339321.0,58d54fd0,0.929
1456339321.0,f0ec9164,0.939
1456339321.0,8d66ca64,0.949
1456339321.0,dae657d5,0.959
1456339321.0,94ea8533,0.964
1456339321.0,f105f24c,0.919
1456339321.0,f56256a9,0.939
1456339321.0,de567861,0.939
1456339321.0,3f2e3b3e,0.919
1456339321.0,f028637b,0.939
1456339321.0,4100c9dd,0.939
1456339321.0,6bc9c96a,0.899
1456339321.0,7b13a550,0.969
1456339321.0,afef2724,0.909
1456339321.0,858fd8de,0.919
1456339321.0,052c8059,0.909
1456339321.0,6c10bb5f,0.919
1456339321.0,ba2fdbe6,0.939
1456339321.0,55a24e99,0.964
1456339321.0,fdc55c51,0.929
1456339321.0,076cbc57,0.909
1456339321.0,e466a86a,0.959
1456339321.0,66e5052b,0.949
1456339321.0,8bce4624,0.939
1456339321.0,4e359e7b,0.909
1456339321.0,3f20997c,0.969
1456339321.0,5d660e99,0.954
1456339321.0,e109622e,0.939
1456339321.0,993296db,0.949
1456339321.0,3fc2e10c,0.919
1456339321.0,5fd380ef,0.959
1456339321.0,abba0a2d,0.939
1456339321.0,6e2e5e05,0.949
1456339321.0,7eb639ab,0.939
1456339321.0,f2054fb8,0.959
1456339321.0,6f9a376c,0.959
1456339321.0,aa4b4ae6,0.949
1456339321.0,fec7d478,0.939
1456339321.0,ca804af5,0.919
1456339321.0,f11235cb,0.919
1456339321.0,448b8b44,0.929
1456339321.0,2380bb04,0.949
1456339321.0,a45c4dc1,0.939
1456339321.0,c09f1e3e,0.959
1456339321.0,cc350ace,0.909
1456339321.0,025d70e0,0.929
1456339321.0,5e8ffc69,0.949
1456339321.0,ab899df0,0.999
1456339321.0,1f1aef8f,0.929
1456339321.0,9264eade,0.929
1456339321.0,63f5a00a,0.929
1456339321.0,cb987f86,0.929
1456339321.0,1c3b6ee2,0.939
1456339321.0,86d6d36f,0.949
1456339321.0,77f8c9fe,0.929
1456339321.0,352eedb0,0.929
1456339321.0,3e2d7201,0.929
1456339321.0,30f8c62f,0.959
1456339321.0,76a48cbe,0.929
1456339321.0,2b890110,0.919
1456339321.0,efdbec8f,0.919
1456339321.0,552e6bdb,0.919
1456339321.0,b661e7f7,0.919
1456339321.0,,0.949
1456339321.0,3728281b,0.919
1456339321.0,d01ea35a,0.939
1456339321.0,,0.919
1456339321.0,8d6341ad,0.949
1456339321.0,e05d6984,0.949
1456339321.0,991367ac,0.939
1456339321.0,,0.939
1456339321.0,63f74b4d,0.929
1456339321.0,be7b9424,0.959
1456339561.0,b3aa51d6,0.939
1456339561.0,e8f015ea,0.929
1456339561.0,417dc490,0.939
1456339561.0,ebd3c375,0.919
1456339561.0,6f9fee8c,0.929
1456339561.0,a9740f4d,0.929
1456339561.0,fc64f929,0.939
1456339561.0,3133beb1,0.939
1456339561.0,7a8bfc02,0.959
1456339561.0,6ecefdf4,0.959
1456339561.0,fe18c405,0.939
1456339561.0,000f12ff,0.949
1456339561.0,9b5b616a,0.959
1456339561.0,73e5c32d,0.939
1456339561.0,a72d491e,0.949
1456339561.0,323627e3,0.949
1456339561.0,09f71d7c,0.949
1456339561.0,85a9ebeb,0.979
1456339561.0,645f5296,0.929
1456339561.0,18ff9945,0.939
1456339561.0,314cecce,0.959
1456339561.0,6a79b20f,0.899
1456339561.0,6d248169,0.949
1456339561.0,e251ae8a,0.969
1456339561.0,a7a5f25b,0.899
1456339561.0,b69db0fc,0.969
1456339561.0,f60958ff,0.949
1456339561.0,fc998162,0.969
1456339561.0,3a04ab7b,0.949
1456339561.0,e7f3861f,0.949
1456339561.0,8c94be49,0.939
1456339561.0,c1f003e3,0.959
1456339561.0,bd0953f8,0.959
1456339561.0,dd12b2b6,0.969
1456339561.0,ddefb778,0.979
1456339561.0,fca1ea0f,0.929
1456339561.0,693441d5,0.959
1456339561.0,c7b9d409,0.969
1456339561.0,7eed54a8,0.929
1456339561.0,fa862834,0.919
1456339561.0,0380a17c,0.929
1456339561.0,1a0f3e2b,0.919
1456339561.0,bc509654,0.949
1456339561.0,65d912cc,0.929
1456339561.0,7e5a6d3f,0.899
1456339561.0,a7c266a1,0.909
1456339561.0,e6b01768,0.899
1456339561.0,19e1ff00,0.919
1456339561.0,05ab806f,0.919
1456339561.0,119cb795,0.899
1456339561.0,9da51b85,0.929
1456339561.0,e3e96875,0.919
1456339561.0,4f434ea1,0.939
1456339561.0,f7b92fac,0.899
1456339561.0,62f01f83,0.939
1456339561.0,d27a3901,0.939
1456339561.0,f9cd1d8c,0.949
1456339561.0,bb827240,0.929
1456339561.0,60962481,0.949
1456339561.0,f3b3c473,0.939
1456339561.0,a44434de,0.969
1456339561.0,662e48ec,0.949
1456339561.0,,0.929
1456339561.0,82e87a14,0.899
1456339561.0,c9f023c6,0.909
1456339561.0,840dc1e3,0.919
1456339561.0,9a8bc1fb,0.919
1456339561.0,77c17dde,0.929
1456339561.0,f5f69c31,0.949
1456339561.0,decc5fc7,0.919
1456339561.0,6a9ba9c7,0.939
1456339561.0,dd784264,0.939
1456339561.0,413f1831,0.929
1456339561.0,258838b1,0.899
1456339561.0,38a93153,0.919
1456339561.0,e85e990b,0.919
1456339561.0,ee54e371,0.899
1456339561.0,8aa565b4,0.919
1456339561.0,7a05b007,0.949
1456339561.0,36728450,0.959
1456339561.0,7cad2e85,0.949
1456339561.0,e371c619,0.959
1456339561.0,20156578,0.929
1456339561.0,3f9db299,0.919
1456339561.0,36531cac,0.929
1456339561.0,0886ecde,0.959
1456339561.0,41dc9205,0.929
1456339561.0,6eb39211,0.949
1456339561.0,1e0f5f03,0.949
1456339561.0,266713de,0.919
1456339561.0,097d0950,0.969
1456339561.0,61149352,0.939
1456339561.0,c1dfd045,0.939
1456339561.0,51266623,0.959
1456339561.0,465c84e0,0.899
1456339561.0,4dc73eb8,0.954
1456339561.0,f2b5514e,0.949
1456339561.0,d95d9c1e,0.919
1456339561.0,2703d1c4,0.959
1456339561.0,d66a19f7,0.939
1456339561.0,4cd127d6,0.949
1456339561.0,e743f9ea,0.909
1456339561.0,dab2adef,0.939
1456339561.0,5a8b0e02,0.939
1456339561.0,e6b1064f,0.959
1456339561.0,7f2c7280,0.959
1456339561.0,566e4815,0.929
1456339561.0,58a914d5,0.919
1456339561.0,9ad11a57,0.949
1456339561.0,5fd380ef,0.959
1456339561.0,8c24cc40,0.929
1456339561.0,6074cd22,0.969
1456339561.0,9c47cca4,0.949
1456339561.0,ba94f47b,0.929
1456339561.0,5ec4b70c,0.929
1456339561.0,48ef33bf,0.949
1456339561.0,551c6932,0.929
1456339561.0,aa5647b4,0.939
1456339561.0,3c7c43a2,0.919
1456339561.0,dc76e214,0.949
1456339561.0,7929baa2,0.949
1456339561.0,9a0a078c,0.898
1456339561.0,f4b9d561,0.909
1456339561.0,ed71c114,0.939
1456339561.0,0296c555,0.939
1456339561.0,f9fbac11,0.939
1456339561.0,e5e737e8,0.949
1456339561.0,e076eba6,0.959
1456339561.0,b20731bb,0.954
1456339561.0,e2fdcbf3,0.929
1456339561.0,fe8f8bee,0.929
1456339561.0,a042f697,0.959
1456339561.0,a372d56c,0.919
1456339561.0,04aefaad,0.959
1456339561.0,9f0519b8,0.949
1456339561.0,ed10c5b8,0.959
1456339561.0,2ce5573c,0.969
1456339561.0,a9ec9678,0.929
1456339561.0,3a3fc6fd,0.929
1456339561.0,9eb320c2,0.949
1456339561.0,2f34dd60,0.929
1456339561.0,20fea5aa,1.019
1456339561.0,7b89feff,0.969
1456339561.0,69174994,0.999
1456339561.0,9d4458f3,0.939
1456339561.0,b29e1284,0.994
1456339561.0,e05d6984,0.949
1456339561.0,7cb03693,0.949
1456339561.0,b32ae972,0.959
1456339561.0,23188c0a,0.979
1456339561.0,95832b86,0.959
1456339561.0,6754752f,0.989
1456339801.0,52aa0343,0.929
1456339801.0,2b056224,0.919
1456339801.0,1ad58c2b,0.929
1456339801.0,ee22ef31,0.919
1456339801.0,e1320330,0.939
1456339801.0,caff03c9,0.909
1456339801.0,58d48103,0.929
1456339801.0,04d64488,0.919
1456339801.0,beb3b49b,0.889
1456339801.0,2cfa82fa,0.919
1456339801.0,9727ab3a,0.909
1456339801.0,e10ccff9,0.939
1456339801.0,a790f6d4,0.899
1456339801.0,9b59c5b0,0.919
1456339801.0,f2925995,0.889
1456339801.0,caf99587,0.959
1456339801.0,6e67857f,0.949
1456339801.0,953452fa,0.949
1456339801.0,e9eeb033,0.909
1456339801.0,ca5390ed,0.909
1456339801.0,0e4b0554,0.929
1456339801.0,271e2be1,0.929
1456339801.0,4a243585,0.909
1456339801.0,45a492f6,0.939
1456339801.0,b4032e28,0.929
1456339801.0,8a9d0035,0.959
1456339801.0,be189140,0.919
1456339801.0,fba18531,0.969
1456339801.0,a66ed93a,0.959
1456339801.0,c1c31623,0.939
1456339801.0,faddd104,0.909
1456339801.0,9e990cfe,0.929
1456339801.0,9cff31f0,0.929
1456339801.0,e2536e14,0.999
1456339801.0,4a10a924,0.939
1456339801.0,37c4f1e4,0.929
1456339801.0,0f7d325c,0.959
1456339801.0,f2d58e5e,0.949
1456339801.0,5110d453,0.949
1456339801.0,de72ae1a,0.969
1456339801.0,41f7e395,0.939
1456339801.0,4ccb2bae,0.959
1456339801.0,dda7560a,0.939
1456339801.0,72889fd6,0.969
1456339801.0,df43a8b2,0.919
1456339801.0,796a098a,0.939
1456339801.0,5384cd69,0.939
1456339801.0,4aa4382f,0.949
1456339801.0,cadc6575,0.949
1456339801.0,182d46ad,0.959
1456339801.0,72cc479b,0.929
1456339801.0,7f9a33f8,0.949
1456339801.0,82198727,0.939
1456339801.0,b52679e9,0.939
1456339801.0,22a61e4f,0.969
1456339801.0,22ea287c,0.939
1456339801.0,24c9552e,0.939
1456339801.0,c95d532b,0.949
1456339801.0,ca3364fa,0.919
1456339801.0,ea80ce64,0.909
1456339801.0,855563c1,0.929
1456339801.0,1da77d0b,0.929
1456339801.0,aac6abb7,0.899
1456339801.0,ca724a33,0.929
1456339801.0,475801e2,0.929
1456339801.0,fa4b4bff,0.919
1456339801.0,03b45f42,0.939
1456339801.0,d21f882f,0.949
1456339801.0,9ecc2084,0.919
1456339801.0,034b845e,0.929
1456339801.0,fe45add5,0.939
1456339801.0,8983b1fe,0.949
1456339801.0,c7b29cc5,0.939
1456339801.0,8c1c23fb,0.909
1456339801.0,0a67fa6f,0.949
1456339801.0,5dd1bb39,0.964
1456339801.0,c72ef065,0.959
1456339801.0,3050301a,0.939
1456339801.0,b721ae36,0.919
1456339801.0,e274299b,0.949
1456339801.0,7de5339f,0.949
1456339801.0,15bbe4b6,0.939
1456339801.0,465ed67d,0.949
1456339801.0,58d54fd0,0.909
1456339801.0,8b0d5192,0.929
1456339801.0,f1a1555c,0.939
1456339801.0,b5940e7d,0.949
1456339801.0,c00a63fa,0.949
1456339801.0,cf23bc29,0.969
1456339801.0,28e3481f,0.979
1456339801.0,4f2bb69c,0.949
1456339801.0,70370c43,0.939
1456339801.0,3232f3f2,0.949
1456339801.0,613ea133,0.969
1456339801.0,f7f58a1b,0.959
1456339801.0,563c9041,0.979
1456339801.0,a2312d54,0.949
1456339801.0,a1df5d1b,0.949
1456339801.0,9f01dc28,0.929
1456339801.0,a74299cc,0.929
1456339801.0,2ce7ea0e,0.969
1456339801.0,11fd2741,0.924
1456339801.0,6f03c04e,0.909
1456339801.0,3f09175f,0.969
1456339801.0,ef03dcfa,0.959
1456339801.0,a260f4a5,0.934
1456339801.0,82cff99e,0.909
1456339801.0,f1f7ae62,0.914
1456339801.0,41815ba2,0.929
1456339801.0,92eb0a93,0.919
1456339801.0,997db707,0.919
1456339801.0,afb05ae2,0.949
1456339801.0,9bfdebe0,0.969
1456339801.0,4f7c5e0a,0.949
1456339801.0,02bea987,0.949
1456339801.0,b471c98a,0.929
1456339801.0,8cb4fc7c,0.919
1456339801.0,a601b597,0.949
1456339801.0,62704b8a,0.939
1456339801.0,180b057d,0.939
1456339801.0,dc76e214,0.929
1456339801.0,d14859a1,0.999
1456339801.0,60625072,0.959
1456339801.0,3bb601ac,0.959
1456339801.0,888c0d95,0.939
1456339801.0,25294ce8,0.919
1456339801.0,9f99b7ac,0.929
1456339801.0,9efb9e6b,0.909
1456339801.0,7a3844f2,0.919
1456339801.0,d8032a5b,0.919
1456339801.0,dedc2342,0.899
1456339801.0,d7d071dd,0.939
1456339801.0,95568ef1,0.929
1456339801.0,cb47b300,0.949
1456339801.0,2358eb9a,0.939
1456339801.0,a42108f2,0.949
1456339801.0,2a82c08f,0.929
1456339801.0,c41ce805,0.949
1456339801.0,53988e6f,0.959
1456339801.0,36ed9058,0.939
1456339801.0,aa661eb4,0.929
1456339801.0,2f34dd60,0.909
1456339801.0,5daabe07,0.909
1456339801.0,e541cf19,0.969
1456339801.0,20ac7ec9,0.939
1456339801.0,d37974e1,0.939
1456339801.0,5ac69ef8,0.959
1456339801.0,07d4d93c,0.949
1456339801.0,75167b82,0.939
1456339801.0,2139100d,0.924
1456339801.0,5780923a,0.929
1456339801.0,5dc3decc,0.949
1456339801.0,5f1e3ccf,0.949
1456339801.0,5c4d093f,0.959
1456339801.0,3306088b,0.979
1456339801.0,e9971f1a,0.999
1456340041.0,35fcaeca,0.954
1456340041.0,fc134cb6,0.949
1456340041.0,8f1b293d,0.954
1456340041.0,86700cdc,0.899
1456340041.0,f4a95cf0,0.909
1456340041.0,0335180a,0.959
1456340041.0,85b6788a,0.919
1456340041.0,b65176ae,0.909
1456340041.0,42b1b318,0.939
1456340041.0,12d36adb,0.959
1456340041.0,e9eeb033,0.909
1456340041.0,7d1cd9cd,0.939
1456340041.0,ed770a27,0.939
1456340041.0,13b8b105,0.939
1456340041.0,bf024497,0.969
1456340041.0,90c5a207,0.919
1456340041.0,4b36fa89,0.959
1456340041.0,5dc70b90,0.939
1456340041.0,edd1ee07,0.999
1456340041.0,010520ef,0.939
1456340041.0,245c099c,0.949
1456340041.0,da3e3f70,0.939
1456340041.0,3a244657,0.939
1456340041.0,d3c6e8a2,0.939
1456340041.0,b0a76bca,0.939
1456340041.0,811b6a32,0.939
1456340041.0,ad949c4b,0.929
1456340041.0,817bcf9d,0.949
1456340041.0,ffc943b9,0.929
1456340041.0,fad81120,0.909
1456340041.0,752a50a3,0.968
1456340041.0,b7b730d9,0.959
1456340041.0,c0aa824a,0.959
1456340041.0,bf2623d5,0.949
1456340041.0,4cbdb1d8,0.929
1456340041.0,12ad7001,0.949
1456340041.0,eb4b87cc,0.929
1456340041.0,d1ad7add,0.959
1456340041.0,1d0693d6,1.019
1456340041.0,72162ebe,0.939
1456340041.0,e487e118,0.939
1456340041.0,badafb9a,0.929
1456340041.0,5773d9f5,0.939
1456340041.0,a1904e6e,0.959
1456340041.0,bb41a6c9,0.939
1456340041.0,db29e260,0.889
1456340041.0,7001785d,0.939
1456340041.0,ce6487d7,0.929
1456340041.0,7616bc62,0.929
1456340041.0,3dde29b4,0.959
1456340041.0,2276c640,0.899
1456340041.0,f53c5155,0.989
1456340041.0,b721ae36,0.909
1456340041.0,fbe659ab,0.949
1456340041.0,846c2ab2,0.949
1456340041.0,f98eae96,0.949
1456340041.0,c9c72865,0.949
1456340041.0,071ee1b4,0.929
1456340041.0,8914d28e,0.939
1456340041.0,c13504fe,0.939
1456340041.0,aa2f1ae8,0.929
1456340041.0,c5d12e92,0.949
1456340041.0,aa65bfee,0.939
1456340041.0,64bb101c,0.929
1456340041.0,28c16e42,0.959
1456340041.0,3b6590c2,0.929
1456340041.0,0b563bcc,0.949
1456340041.0,e068e0ba,0.979
1456340041.0,75151463,0.919
1456340041.0,bf425f54,0.919
1456340041.0,01859229,0.959
1456340041.0,456b0585,0.939
1456340041.0,997db707,0.919
1456340041.0,29e79793,0.909
1456340041.0,e82185b8,0.939
1456340041.0,4261ea14,0.939
1456340041.0,3e1a04a2,0.939
1456340041.0,358a1773,0.949
1456340041.0,7f7b1e43,0.939
1456340041.0,8cb4fc7c,0.919
1456340041.0,8dbbf765,0.929
1456340041.0,a3beb05f,0.949
1456340041.0,5921c872,0.909
1456340041.0,bd396f56,0.949
1456340041.0,493d1dbf,0.959
1456340041.0,da19dfd3,0.939
1456340041.0,4d8ede53,0.919
1456340041.0,59ae9cca,0.939
1456340041.0,6a629c0f,0.939
1456340041.0,d428a044,0.949
1456340041.0,cd1bf135,1.189
1456340041.0,0be30200,0.949
1456340041.0,a45ec88a,0.949
1456340041.0,75a2e00a,0.919
1456340041.0,56e398e7,0.949
1456340041.0,1f577d83,0.939
1456340041.0,8f2fb041,0.949
1456340041.0,6c715e12,0.959
1456340041.0,990bc1af,0.949
1456340041.0,42b80e51,0.919
1456340041.0,0b4a487b,0.949
1456340041.0,1219a469,0.959
1456340041.0,aa4cdb22,0.949
1456340041.0,5d0bbc06,0.899
1456340041.0,db21940b,0.909
1456340041.0,a8aaf34c,0.929
1456340041.0,3be6fb85,0.929
1456340041.0,2289b7d4,0.959
1456340041.0,baff6152,0.919
1456340041.0,36ef7b4d,0.939
1456340041.0,,0.929
1456340041.0,c846f887,0.959
1456340041.0,2cbca1fc,0.909
1456340041.0,ef38b8ce,0.939
1456340041.0,a1d1ae1e,0.919
1456340281.0,e54743a0,0.919
1456340281.0,b6364ec3,0.919
1456340281.0,cc7ffbf9,0.969
1456340281.0,e71f194a,0.969
1456340281.0,dd239a42,0.979
1456340281.0,8fc85062,0.919
1456340281.0,07a30a7e,0.918
1456340281.0,3aecb034,0.949
1456340281.0,587132ed,0.919
1456340281.0,6a8a4a7e,0.929
1456340281.0,485c7940,0.909
1456340281.0,7bc75eb5,0.959
1456340281.0,04da5ab2,0.949
1456340281.0,,0.929
1456340281.0,aa5b4d9a,0.929
1456340281.0,9dab0bd8,0.959
1456340281.0,7eafe473,0.959
1456340281.0,6823a8b2,0.939
1456340281.0,e571ac33,0.949
1456340281.0,de505192,0.939
1456340281.0,53de80d3,0.979
1456340281.0,61ee6f5a,0.969
1456340281.0,7244640d,0.929
1456340281.0,663bd568,0.959
1456340281.0,d650bbff,0.959
1456340281.0,e29f148a,0.969
1456340281.0,33554d6c,0.979
1456340281.0,eb4b87cc,0.929
1456340281.0,9fbf8dcd,0.949
1456340281.0,883007ed,0.949
1456340281.0,6b50c140,0.959
1456340281.0,5fcf7eea,0.929
1456340281.0,42863645,0.959
1456340281.0,544b9eb3,0.959
1456340281.0,0a1db8aa,0.959
1456340281.0,953976b2,0.939
1456340281.0,13bb32b4,0.899
1456340281.0,c9931bda,0.959
1456340281.0,cb2bffd6,0.949
1456340281.0,,0.929
1456340281.0,d338e293,0.959
1456340281.0,507bacc5,0.959
1456340281.0,ba33f726,0.939
1456340281.0,1037129e,0.924
1456340281.0,83e564c6,0.949
1456340281.0,bc723644,0.939
1456340281.0,813a6cd1,0.949
1456340281.0,04f94792,0.969
1456340281.0,fdf7f420,0.929
1456340281.0,28d324c4,0.969
1456340281.0,00c62f03,0.949
1456340281.0,3fa62bf3,0.949
1456340281.0,3e1a04a2,0.929
1456340281.0,dea57116,0.949
1456340281.0,0c37347b,0.899
1456340281.0,e3c6260c,0.919
1456340281.0,168f1ca6,0.969
1456340281.0,c6a933fe,0.959
1456340281.0,2263d9ed,0.949
1456340281.0,0a356552,0.929
1456340281.0,7d0e5e60,0.949
1456340281.0,ed71c114,0.939
1456340281.0,874f2a6f,0.0
1456340281.0,6041e2b6,0.949
1456340281.0,c0b165c5,0.949
1456340281.0,309a250b,0.899
1456340281.0,724b8382,0.929
1456340281.0,c9e84600,0.949
1456340281.0,471da9da,0.929
1456340281.0,5e068b6e,0.919
1456340281.0,2a684001,0.929
1456340281.0,00faf6a6,0.919
1456340281.0,bba9fe67,0.909
1456340281.0,3fa722ab,0.949
1456340281.0,677b8f35,0.909
1456340281.0,0f122625,0.939
1456340281.0,fc486af7,0.939
1456340281.0,2ab0fae2,0.949
1456340281.0,e8775be0,0.929
1456340281.0,beef4f02,0.959
1456340281.0,7bfc5ac0,0.919
1456340281.0,c8bad2ad,0.939
1456340281.0,b09e60a5,0.949
1456340281.0,d1780d08,0.959
1456340281.0,dbdba84f,0.899
1456340281.0,b67f8bb3,0.939
1456340521.0,f168ac15,1.009
1456340521.0,56808aa1,0.929
1456340521.0,7cef606f,1.009
1456340521.0,75c1b174,0.979
1456340521.0,fbbd6af8,0.919
1456340521.0,583435e5,1.169
1456340521.0,f0cb2dbb,0.919
1456340521.0,de115c83,0.989
1456340521.0,d1cb3372,1.009
1456340521.0,7a3115f2,0.889
1456340521.0,b7218e20,0.919
1456340521.0,baf6a6cd,1.169
1456340521.0,977ad3ab,0.949
1456340521.0,9a099132,0.949
1456340521.0,8c3e9507,0.989
1456340521.0,3693b2a0,0.949
1456340521.0,136e5310,1.009
1456340521.0,73e5c32d,0.929
1456340521.0,,1.169
1456340521.0,e401b629,1.019
1456340521.0,8aefbe17,1.019
1456340521.0,daf5b359,0.949
1456340521.0,1276acff,1.169
1456340521.0,c9a2c4b6,1.199
1456340521.0,d0abe7db,1.169
1456340521.0,e53f989c,0.939
1456340521.0,26dc2927,0.949
1456340521.0,1b5ef1d1,1.009
1456340521.0,a77ad37d,1.009
1456340521.0,3c7bc366,1.169
1456340521.0,4220c4a0,0.969
1456340521.0,c25c5571,0.939
1456340521.0,a55049e5,0.939
1456340521.0,2cb5ba1b,0.949
1456340521.0,b289e557,1.199
1456340521.0,458ab165,1.199
1456340521.0,00174a6e,1.199
1456340521.0,cb6bf035,0.959
1456340521.0,431a576a,1.019
1456340521.0,610a0f34,1.069
1456340521.0,6342ed9b,1.199
1456340521.0,9b0605bd,1.169
1456340521.0,0d8a8599,0.939
1456340521.0,861dd273,0.899
1456340521.0,27917288,1.169
1456340521.0,1d7aa7ce,1.199
1456340521.0,b3a96696,0.989
1456340521.0,a1a458cd,0.959
1456340521.0,aafb00b2,1.199
1456340521.0,7f8ae480,1.119
1456340521.0,9789b717,0.949
1456340521.0,57636a29,0.949
1456340521.0,e20c7066,1.009
1456340521.0,aca2d2bc,0.989
1456340521.0,a0622dfc,1.029
1456340521.0,227099c3,1.009
1456340521.0,c59ede00,0.949
1456340521.0,e706722a,1.009
1456340521.0,310e041a,1.169
1456340521.0,9b7becbc,0.999
1456340521.0,3d589997,1.169
1456340521.0,b71681a4,1.029
1456340521.0,2878edd4,1.199
1456340521.0,ba746e17,1.199
1456340521.0,705aeee8,0.949
1456340521.0,98c12505,0.979
1456340521.0,7ec4fa7d,0.939
1456340521.0,65868958,0.959
1456340521.0,d4b5646a,0.949
1456340521.0,575bb735,1.009
1456340521.0,4c906d12,0.949
1456340521.0,29552de4,0.929
1456340521.0,c330a48b,0.919
1456340521.0,7694edff,0.939
1456340521.0,485a4ee4,0.929
1456340521.0,72615718,0.909
1456340521.0,1fb2da5d,0.939
1456340521.0,ff0bb7ad,0.939
1456340521.0,e4d30463,0.929
1456340521.0,38c0a12d,0.939
1456340521.0,7dedf4de,0.939
1456340521.0,8f280c89,0.909
1456340521.0,796e138b,0.929
1456340521.0,ee24a3c9,0.999
1456340521.0,fabaa853,0.919
1456340521.0,2a167286,0.999
1456340521.0,6319bbbb,0.949
1456340521.0,c0e75897,1.199
1456340521.0,066bd102,1.169
1456340521.0,60648e92,0.949
1456340521.0,ac6e085e,0.999
1456340521.0,46179c4a,0.939
1456340521.0,972f9ee7,0.939
1456340521.0,af07b81f,0.949
1456340521.0,dad373d3,0.929
1456340521.0,868165bf,0.949
1456340521.0,f1f7bee8,0.949
1456340521.0,7a64f89c,1.069
1456340521.0,793eb726,0.949
1456340521.0,c2aa03cb,0.949
1456340521.0,c1bc16cb,1.029
1456340521.0,71315e68,0.949
1456340521.0,affb443e,1.029
1456340521.0,691ce904,0.949
1456340521.0,685a30f7,0.949
1456340521.0,c390d56a,0.969
1456340521.0,dbb755da,0.999
1456340521.0,5e3d40d3,0.929
1456340521.0,64dc13d7,1.199
1456340521.0,330ca499,0.969
1456340521.0,,0.939
1456340521.0,01b60b00,1.019
1456340521.0,33a1193c,0.949
1456340521.0,8e25d9aa,0.919
1456340521.0,3fc377d7,1.199
1456340521.0,180c4928,1.199
1456340521.0,d2646278,0.949
1456340521.0,8d82ca9f,1.199
1456340521.0,0dafb9e9,0.929
1456340521.0,d54da67a,0.939
1456340521.0,aac612fe,1.009
1456340521.0,04f94792,0.969
1456340521.0,d556f79b,0.899
1456340521.0,0ea383e0,1.199
1456340521.0,820ce6ed,1.169
1456340521.0,8fec22b9,1.009
1456340521.0,cb409a1c,0.939
1456340521.0,570b52de,0.999
1456340521.0,d5a420b3,1.009
1456340521.0,09925d9d,1.009
1456340521.0,1feea3c1,1.009
1456340521.0,a0d61ab8,1.049
1456340521.0,2a365ba8,0.989
1456340521.0,332d02ad,0.949
1456340521.0,b7b6386b,0.939
1456340521.0,ebefc91b,0.949
1456340521.0,714eaded,0.969
1456340521.0,de0d13cd,0.959
1456340521.0,b0c0a395,0.969
1456340521.0,70cfddc2,1.029
1456340521.0,5cb012ef,1.009
1456340521.0,1858a39e,0.989
1456340521.0,c985912f,1.009
1456340521.0,cdaa8d46,1.199
1456340521.0,02239e4c,0.939
1456340521.0,30a3ca97,0.949
1456340521.0,190ce429,1.169
1456340521.0,ab22dac4,1.009
1456340521.0,793d12bc,0.914
1456340521.0,1425b025,1.169
1456340521.0,fe599048,1.009
1456340521.0,bc4f26f3,1.009
1456340521.0,d98fe3f5,0.914
1456340521.0,882f175b,1.069
1456340521.0,8ce27d1a,0.939
1456340521.0,dc6e88b0,1.169
1456340521.0,bf7d7adb,0.999
1456340521.0,cd78b99c,1.169
1456340521.0,210e805d,1.029
1456340521.0,a3813b89,0.929
1456340521.0,450f3a21,0.999
1456340521.0,ae3c2fda,0.999
1456340521.0,5e983c4b,0.989
1456340521.0,c393d3fc,0.949
1456340521.0,39a29c0a,0.939
1456340521.0,180b057d,0.969
1456340521.0,6eae4d80,1.199
1456340521.0,6338dd07,0.949
1456340521.0,19feb15d,0.959
1456340521.0,462bfb81,1.019
1456340521.0,fbb672d6,0.979
1456340521.0,3a7aff39,0.949
1456340521.0,333d1cac,0.949
1456340521.0,660b3922,1.199
1456340521.0,4646068e,0.949
1456340521.0,e217a1a8,1.199
1456340521.0,6df33a19,0.939
1456340521.0,59ae9cca,0.939
1456340521.0,849ac669,0.939
1456340521.0,5c2e3a01,0.949
1456340521.0,3e921ea2,0.989
1456340521.0,cb987f86,0.929
1456340521.0,f9ec21b1,0.929
1456340521.0,b2f56e84,0.949
1456340521.0,c269e5db,0.999
1456340521.0,6e781ba8,0.989
1456340521.0,ec60ccb8,0.999
1456340521.0,c139e7ed,1.199
1456340521.0,465c77ae,1.199
1456340521.0,d51594f4,0.919
1456340521.0,b93a61f3,0.919
1456340521.0,645289b9,0.929
1456340521.0,44c15478,0.999
1456340521.0,5b8f7949,1.149
1456340521.0,64e31076,0.989
1456340521.0,8fdafbf6,0.929
1456340521.0,d2c2433a,0.989
1456340521.0,5fd30b48,0.989
1456340521.0,9cd1b58f,1.169
1456340521.0,1510f5e1,1.039
1456340521.0,c698b4f6,0.949
1456340521.0,af91c953,1.169
1456340521.0,9aa29c07,1.169
1456340521.0,1f59edd4,0.939
1456340521.0,502fb54b,0.989
1456340521.0,5dd52cfc,0.999
1456340521.0,13cfdfb2,1.199
1456340521.0,c8a16513,1.159
1456340521.0,39376aa1,1.029
1456340521.0,ab042a77,1.199
1456340521.0,8de1231e,1.029
1456340521.0,6754752f,1.029
1456340521.0,dbdba84f,0.899
1456340521.0,5fab2045,1.169
1456340521.0,24e4f125,1.019
1456340761.0,dcb25a3c,0.949
1456340761.0,2fbb9c5a,0.939
1456340761.0,59c2e6d6,0.899
1456340761.0,047ea646,0.949
1456340761.0,1e0a9b4e,0.919
1456340761.0,bcbe32bc,0.929
1456340761.0,7f7f6b17,0.919
1456340761.0,ebd9a39f,0.919
1456340761.0,d6ae9903,0.949
1456340761.0,6bafd8aa,0.939
1456340761.0,60ce8dc7,0.959
1456340761.0,0934ee5b,0.959
1456340761.0,dbe06a06,0.979
1456340761.0,475a2157,0.969
1456340761.0,d3fff19d,0.899
1456340761.0,069bf848,0.939
1456340761.0,a51232d3,0.959
1456340761.0,7b5e3751,0.939
1456340761.0,5b68d8ad,0.939
1456340761.0,8aefbe17,0.999
1456340761.0,4a523aab,0.939
1456340761.0,0f4a41fc,0.899
1456340761.0,603c4e8c,0.949
1456340761.0,38d1fafb,1.139
1456340761.0,5a8fcce2,0.924
1456340761.0,59a378e4,0.959
1456340761.0,adc04be9,0.939
1456340761.0,f21843f7,0.969
1456340761.0,ef0ae2f2,0.929
1456340761.0,99c10f15,1.139
1456340761.0,d4857812,0.939
1456340761.0,e391e28b,0.919
1456340761.0,4838da54,0.969
1456340761.0,d596df4f,0.939
1456340761.0,68c7b059,0.934
1456340761.0,1d223722,1.139
1456340761.0,61f59311,0.919
1456340761.0,072ddc43,0.957
1456340761.0,75a26cab,1.149
1456340761.0,,0.959
1456340761.0,9547004b,0.939
1456340761.0,07e43968,0.949
1456340761.0,400f9abd,0.929
1456340761.0,ffbeb4cc,1.149
1456340761.0,6fc8bedc,0.939
1456340761.0,3b59a143,1.199
1456340761.0,57b4fcab,0.949
1456340761.0,348f6171,0.919
1456340761.0,ec33010b,1.004
1456340761.0,e7277618,1.199
1456340761.0,d3e4d9b9,1.129
1456340761.0,ff5d1617,0.929
1456340761.0,bd986553,0.969
1456340761.0,047946f0,1.139
1456340761.0,7f6c5ae2,1.149
1456340761.0,b2f68bd2,0.979
1456340761.0,d9f10362,0.939
1456340761.0,61637c84,0.999
1456340761.0,c2648ee3,0.919
1456340761.0,a7c128b6,0.959
1456340761.0,0b15fb2a,0.939
1456340761.0,1902d951,1.159
1456340761.0,b30a9376,0.919
1456340761.0,615f2b40,0.899
1456340761.0,4f8db0e1,0.939
1456340761.0,8e6d4b8d,0.939
1456340761.0,0bcba7c2,1.199
1456340761.0,dc639d24,1.159
1456340761.0,04d0ae1e,1.029
1456340761.0,87c05c40,0.949
1456340761.0,bc6e8d35,0.959
1456340761.0,790402b3,0.889
1456340761.0,,0.959
1456340761.0,6f118420,0.959
1456340761.0,18429d44,0.929
1456340761.0,0716682f,0.949
1456340761.0,78390be0,0.949
1456340761.0,041032df,1.139
1456340761.0,c5820262,0.989
1456340761.0,ef6a4ea8,1.209
1456340761.0,aebeb22e,0.929
1456340761.0,00956a49,0.959
1456340761.0,b7217ae2,1.199
1456340761.0,7f46e3b9,1.209
1456340761.0,08d73b70,0.949
1456340761.0,fe29bb22,1.149
1456340761.0,f9660ed1,1.159
1456340761.0,94eae4ee,1.199
1456340761.0,e30bdaa0,1.209
1456340761.0,286eacff,0.949
1456340761.0,6479b534,0.999
1456340761.0,70d7dc75,1.129
1456340761.0,d66a19f7,0.909
1456340761.0,c394bd6a,0.949
1456340761.0,186a2106,0.939
1456340761.0,d34a33a0,1.199
1456340761.0,337fe4d9,1.209
1456340761.0,aacd7080,0.949
1456340761.0,1d10714b,0.969
1456340761.0,4d6400df,0.989
1456340761.0,39195ba2,0.939
1456340761.0,783f4b92,0.959
1456340761.0,51cb8b8e,0.949
1456340761.0,cb0f3fc8,0.949
1456340761.0,325d4b8f,0.929
1456340761.0,3b675bd6,1.149
1456340761.0,80267da5,1.149
1456340761.0,8f4c771c,1.139
1456340761.0,827dc8bb,0.919
1456340761.0,74864c80,0.949
1456340761.0,b4e0667f,0.939
1456340761.0,856e9b60,1.149
1456340761.0,5ec35915,0.929
1456340761.0,7f80fb50,1.199
1456340761.0,5103112e,0.949
1456340761.0,,1.169
1456340761.0,39a29c0a,0.939
1456340761.0,e5710690,0.949
1456340761.0,06931b13,0.939
1456340761.0,52e3bfc8,1.049
1456340761.0,9ab966b7,0.939
1456340761.0,6097ffe8,0.939
1456340761.0,e91ec3d6,0.959
1456340761.0,e5dd54d4,1.159
1456340761.0,e657e4ae,0.939
1456340761.0,13e237c2,0.929
1456340761.0,8f6ac169,0.919
1456340761.0,f47e8638,0.919
1456340761.0,1e7aac59,0.949
1456340761.0,b2b29318,0.979
1456340761.0,c5d46ea3,1.019
1456340761.0,5ba385a2,1.149
1456340761.0,7d857421,0.969
1456340761.0,2fb3a6c8,1.209
1456340761.0,5afecce4,1.199
1456340761.0,857545c7,0.959
1456340761.0,d4a925dc,1.199
1456340761.0,3a0a2d0d,0.919
1456340761.0,0d6640ae,0.899
1456340761.0,c3d72a2f,0.939
1456340761.0,8e38dad0,0.919
1456340761.0,23cab4a8,0.959
1456340761.0,,0.959
1456340761.0,d0c595a5,0.909
1456340761.0,094fab78,0.939
1456340761.0,b559c5aa,0.929
1456340761.0,0030aa59,1.149
1456340761.0,30865e09,0.949
1456340761.0,48d0e555,0.949
1456340761.0,888142ae,1.199
1456340761.0,e410897d,0.969
1456340761.0,577368de,0.949
1456340761.0,bd9f0dd9,1.029
1456340761.0,4d2f0ccd,1.119
1456340761.0,2abfc938,0.999
1456340761.0,1720dec9,0.949
1456340761.0,d00be129,0.979
1456340761.0,96a28302,1.149
1456340761.0,02e680f9,0.949
1456340761.0,741f4fab,0.939
1456340761.0,82c54482,0.929
1456340761.0,a9c635a6,1.159
1456340761.0,c96c8fe4,1.209
1456341001.0,ef2c1942,0.919
1456341001.0,5666e885,0.919
1456341001.0,982b4a02,0.929
1456341001.0,a557a7d1,0.899
1456341001.0,922129f9,0.899
1456341001.0,ed5ad0df,0.929
1456341001.0,0b18086e,0.929
1456341001.0,dbe06a06,0.979
1456341001.0,fc64f929,0.929
1456341001.0,ba0bd9d0,1.049
1456341001.0,bd4fc874,0.934
1456341001.0,7d5bf573,0.899
1456341001.0,b4a7b915,0.959
1456341001.0,595a2321,0.939
1456341001.0,df7fa5fe,0.919
1456341001.0,477c7bcf,0.919
1456341001.0,0ea03633,1.039
1456341001.0,dc8781a2,0.959
1456341001.0,5a8fcce2,0.919
1456341001.0,9e099f07,0.939
1456341001.0,32c66e9a,0.939
1456341001.0,c4d4fdc6,0.949
1456341001.0,4d705805,0.949
1456341001.0,56f076dc,0.899
1456341001.0,3f118a37,0.949
1456341001.0,c6a133a0,1.029
1456341001.0,abac441c,0.979
1456341001.0,87f30cbe,0.979
1456341001.0,62ebae64,0.939
1456341001.0,e501a8d1,0.959
1456341001.0,95a3de9e,0.939
1456341001.0,31b711f3,1.149
1456341001.0,259f0ed8,0.889
1456341001.0,8ab710a0,0.919
1456341001.0,beb2cad8,1.039
1456341001.0,9bd2d468,0.899
1456341001.0,6a9f29fb,0.949
1456341001.0,6a3c7f9e,1.139
1456341001.0,aa700ca2,0.909
1456341001.0,43d05eaa,0.949
1456341001.0,,0.969
1456341001.0,ebde5c50,0.959
1456341001.0,3082ffa7,0.939
1456341001.0,bfb7a4d6,0.939
1456341001.0,d0e41b74,0.959
1456341001.0,8fc1cab3,1.159
1456341001.0,202af8f9,0.949
1456341001.0,33a8b66f,1.029
1456341001.0,,0.989
1456341001.0,f4a86f83,1.029
1456341001.0,864a6877,0.959
1456341001.0,e068e0ba,0.969
1456341001.0,f8947f1b,0.939
1456341001.0,212dc31a,0.949
1456341001.0,e9fe3dfb,0.949
1456341001.0,101e2d9b,0.999
1456341001.0,87750b0a,0.999
1456341001.0,c409c6b3,0.959
1456341001.0,31d0c179,0.919
1456341001.0,e010375a,1.029
1456341001.0,71a34e9b,0.949
1456341001.0,168168ee,0.929
1456341001.0,c53a45b7,0.949
1456341001.0,5ec2ab05,0.929
1456341001.0,eb8520ef,0.949
1456341001.0,26be2277,0.929
1456341001.0,8b47b275,0.939
1456341001.0,99409692,0.919
1456341001.0,902d74e4,1.199
1456341001.0,f747cfc3,0.929
1456341001.0,3b4197b0,0.979
1456341001.0,8bdd5502,0.929
1456341001.0,5f6019e0,0.919
1456341001.0,ab141bc6,1.149
1456341001.0,6582ce6e,0.924
1456341001.0,44aa767f,0.939
1456341001.0,7a165ba7,0.949
1456341001.0,bf1ede3b,0.919
1456341001.0,c061e163,0.939
1456341001.0,65a0b74e,0.919
1456341001.0,c35029f0,0.949
1456341001.0,84333954,1.029
1456341001.0,2ac82f45,0.959
1456341001.0,293e1b9a,0.889
1456341001.0,00faf6a6,0.919
1456341001.0,3be6fb85,0.929
1456341001.0,46ad9f53,0.919
1456341001.0,973748fa,0.909
1456341001.0,72054327,0.939
1456341001.0,271bd07b,1.029
1456341001.0,c846f887,0.959
1456341001.0,ba2213e9,0.969
1456341001.0,312f1849,0.929
1456341001.0,6222a80d,0.939
1456341001.0,8b89b2b8,1.019
1456341001.0,c089a061,0.999
1456341001.0,f02ffbd3,1.039
1456341001.0,53216105,1.029
1456341001.0,5d151192,1.149
1456341001.0,,0.959
1456341241.0,f64d5154,0.919
1456341241.0,735f3dba,0.919
1456341241.0,a557a7d1,0.899
1456341241.0,922129f9,0.899
1456341241.0,7ccc3654,0.919
1456341241.0,27ea09b1,0.899
1456341241.0,6a8dc69b,0.949
1456341241.0,caaf83c5,0.919
1456341241.0,8e2183f6,0.959
1456341241.0,ffc99986,0.969
1456341241.0,c6dcc020,0.949
1456341241.0,c63ba8fa,0.999
1456341241.0,0ea03633,1.039
1456341241.0,74d27484,0.949
1456341241.0,e70ecea8,1.039
1456341241.0,d3b39801,0.929
1456341241.0,025d09a7,0.939
1456341241.0,a2729b52,0.939
1456341241.0,77979e7e,0.999
1456341241.0,f84b6775,0.929
1456341241.0,36a53250,0.949
1456341241.0,0e6a4b4f,1.029
1456341241.0,8c94be49,0.929
1456341241.0,e20c7066,0.979
1456341241.0,62ebae64,0.939
1456341241.0,c8216f55,0.939
1456341241.0,95a3de9e,1.029
1456341241.0,ec8e7daa,0.909
1456341241.0,2f1bf151,0.939
1456341241.0,2bb1e7cb,0.949
1456341241.0,68d28369,0.909
1456341241.0,3e32f401,0.939
1456341241.0,67c6aa2e,0.909
1456341241.0,65154942,0.949
1456341241.0,48666ddb,0.919
1456341241.0,8c807692,0.949
1456341241.0,1e16b905,0.929
1456341241.0,d4024d48,0.959
1456341241.0,db856260,0.939
1456341241.0,a5c5f9b2,0.949
1456341241.0,a2943eb8,0.949
1456341241.0,4f44e38b,0.909
1456341241.0,fce7ca5c,1.039
1456341241.0,c40bc606,0.929
1456341241.0,a98772fc,0.959
1456341241.0,cf27197f,0.959
1456341241.0,4604844c,0.939
1456341241.0,cd3a9dfc,0.959
1456341241.0,70a9e6a8,0.929
1456341241.0,d66a19f7,0.939
1456341241.0,01859229,0.949
1456341241.0,4960decd,0.949
1456341241.0,c0bb7774,0.939
1456341241.0,53d2ed19,0.949
1456341241.0,4261ea14,0.939
1456341241.0,e010375a,1.029
1456341241.0,ab49a3d7,0.929
1456341241.0,6b6f2493,0.949
1456341241.0,a5ce2de1,1.039
1456341241.0,6fac4b39,0.949
1456341241.0,4c05520d,0.919
1456341241.0,adda6336,0.959
1456341241.0,0eec9a7b,0.909
1456341241.0,6fc48997,0.939
1456341241.0,88dd7fc5,0.939
1456341241.0,a16adda9,0.949
1456341241.0,c1548059,0.949
1456341241.0,1f577d83,0.939
1456341241.0,84333954,1.029
1456341241.0,9ac881d5,0.939
1456341241.0,74c7be75,0.939
1456341241.0,476429df,0.929
1456341241.0,5e068b6e,0.919
1456341241.0,029c6a16,0.919
1456341241.0,5cb13083,0.909
1456341241.0,b559c5aa,0.909
1456341241.0,0bb28765,0.929
1456341241.0,3d6503e3,1.029
1456341241.0,73f7d503,1.029
1456341241.0,23afb420,0.939
1456341241.0,f4b0a53c,0.959
1456341241.0,ef3d8860,0.939
1456341241.0,f02ffbd3,1.039
1456341241.0,37a8af42,0.949
1456341241.0,01e3af77,0.909
1456341481.0,bf66734b,0.959
1456341481.0,2073a897,0.919
1456341481.0,6672f80b,0.959
1456341481.0,86d5dab8,0.929
1456341481.0,ff7e8838,0.939
1456341481.0,68a6f582,0.929
1456341481.0,6785e982,0.959
1456341481.0,57f9c142,0.939
1456341481.0,abcdcbad,0.969
1456341481.0,01169ddb,1.019
1456341481.0,e401b629,0.989
1456341481.0,9cad2f94,0.949
1456341481.0,1b5ef1d1,0.999
1456341481.0,447dba6a,0.969
1456341481.0,6a79b20f,0.889
1456341481.0,3dfc83c4,0.929
1456341481.0,cd3580e7,0.949
1456341481.0,b7b730d9,0.949
1456341481.0,c0aa824a,0.949
1456341481.0,fc998162,0.959
1456341481.0,8f9e2fa1,0.939
1456341481.0,3b3dda8f,0.899
1456341481.0,4abd2f17,0.939
1456341481.0,6006af67,0.929
1456341481.0,dbee4a44,0.929
1456341481.0,d36c0bc0,0.919
1456341481.0,a1904e6e,0.949
1456341481.0,4f5899c2,0.919
1456341481.0,5c0d42b0,0.929
1456341481.0,bc509654,0.949
1456341481.0,b27b4435,0.939
1456341481.0,110c83a7,0.959
1456341481.0,d14d8358,0.949
1456341481.0,c78b7333,0.949
1456341481.0,514e885f,0.939
1456341481.0,1c5f0504,0.919
1456341481.0,9bd9827c,0.939
1456341481.0,80da2bc7,0.899
1456341481.0,78562f9b,0.939
1456341481.0,29ebe1f6,0.949
1456341481.0,6ac179bc,0.939
1456341481.0,b067bcf6,0.919
1456341481.0,f5f69c31,0.939
1456341481.0,6304ec3a,0.949
1456341481.0,dd784264,0.929
1456341481.0,113f4e08,0.959
1456341481.0,d31bbfba,0.979
1456341481.0,418815f0,0.949
1456341481.0,5ca22d34,0.909
1456341481.0,61637c84,1.009
1456341481.0,22dc5d73,0.999
1456341481.0,f71bbe39,0.929
1456341481.0,c4953ffa,0.939
1456341481.0,9501b2c0,0.929
1456341481.0,6fb61b09,0.969
1456341481.0,ab57f5d6,0.939
1456341481.0,28c16e42,0.949
1456341481.0,c0911b94,0.919
1456341481.0,f322d52b,0.949
1456341481.0,b8091458,0.944
1456341481.0,179ba00b,0.949
1456341481.0,8c231795,0.919
1456341481.0,2a241874,0.939
1456341481.0,34cd760d,0.929
1456341481.0,39abfbaf,0.919
1456341481.0,3bb601ac,0.969
1456341481.0,5c0dc2e6,0.949
1456341481.0,5953f6dc,0.999
1456341481.0,afd35ba0,0.889
1456341481.0,a86a1219,0.999
1456341481.0,c54c18c9,0.919
1456341481.0,f1929c3e,0.939
1456341481.0,b84f5be2,0.939
1456341481.0,c6f69752,0.919
1456341481.0,5e068b6e,0.919
1456341481.0,6fb50287,0.919
1456341481.0,97b553c9,0.909
1456341481.0,5d3a9ec2,0.949
1456341481.0,6d8cc159,0.929
1456341481.0,0bb28765,0.939
1456341481.0,4f55919e,0.949
1456341481.0,19cfa34e,0.949
1456341481.0,89d5bd42,0.919
1456341481.0,46379d52,0.899
1456341481.0,7e221db6,1.074
1456341481.0,2caa67ec,1.009
1456341481.0,bfe1fb46,0.959
1456341481.0,4fe4aa3c,0.919
1456341721.0,f86b1230,1.009
1456341721.0,c58eee91,0.989
1456341721.0,3f147b18,0.909
1456341721.0,d1cb3372,1.009
1456341721.0,0375f449,1.029
1456341721.0,f09b1121,0.929
1456341721.0,3aecb034,0.949
1456341721.0,b769a655,0.939
1456341721.0,f90c625e,0.959
1456341721.0,ab133851,0.929
1456341721.0,34c23076,0.929
1456341721.0,a0ad552e,0.889
1456341721.0,3615bb32,0.949
1456341721.0,98c12505,0.979
1456341721.0,16863815,0.939
1456341721.0,e6b2872b,0.939
1456341721.0,45e18000,0.939
1456341721.0,7d3ae9b0,0.959
1456341721.0,128ea457,0.949
1456341721.0,f7aa1ff1,0.949
1456341721.0,c74444b1,0.949
1456341721.0,b4094a10,0.919
1456341721.0,056edfd2,0.939
1456341721.0,f71bbe39,1.049
1456341721.0,4cd470ad,0.899
1456341721.0,a9050e49,0.969
1456341721.0,f885a3d3,0.949
1456341721.0,7ec3390e,0.939
1456341721.0,c1bc16cb,1.029
1456341721.0,c390d56a,0.969
1456341721.0,4ff9d49d,0.949
1456341721.0,ec3feaec,0.949
1456341721.0,9520e162,0.929
1456341721.0,d5a420b3,1.009
1456341721.0,104560d9,0.939
1456341721.0,41af5e4b,0.969
1456341721.0,e8770e69,0.979
1456341721.0,4270cadf,1.009
1456341721.0,99d4f63c,0.909
1456341721.0,4cc0a19b,0.909
1456341721.0,18301e82,0.939
1456341721.0,5fb402ee,0.969
1456341721.0,6fb66617,0.979
1456341721.0,5204d6df,0.949
1456341721.0,82e36ee5,0.949
1456341721.0,11eac3c2,0.919
1456341721.0,5bba111d,0.969
1456341721.0,ec60ccb8,0.989
1456341721.0,4d5ab1e1,0.909
1456341721.0,8ddd7eaf,0.899
1456341721.0,7ce44a8d,0.939
1456341721.0,84387118,0.979
1456341721.0,bcdf1eb5,0.919
1456341721.0,89f88deb,0.949
1456341721.0,73e22345,0.899
1456341721.0,5df9b393,0.919
1456341721.0,a05c4f54,0.959
1456341721.0,91db14ed,0.929
1456341721.0,f185e887,0.939
1456341721.0,1510f5e1,0.999
1456341721.0,a4a288ce,0.919
1456341721.0,5dd52cfc,0.989
1456341721.0,4fe4aa3c,0.919
1456341961.0,c8fad469,0.939
1456341961.0,5881460a,0.919
1456341961.0,aeba8c59,0.949
1456341961.0,b51b98e9,0.949
1456341961.0,2eca0fd8,0.929
1456341961.0,47396921,1.029
1456341961.0,9300020e,0.969
1456341961.0,8f3d810d,0.959
1456341961.0,293b9125,0.979
1456341961.0,65964ff0,0.929
1456341961.0,3dbe97df,0.959
1456341961.0,5e2800be,0.949
1456341961.0,b52679e9,0.919
1456341961.0,2e4ef56a,0.949
1456341961.0,128ea457,0.949
1456341961.0,e371c619,1.129
1456341961.0,d21a57fd,0.939
1456341961.0,671cf752,0.954
1456341961.0,7d1570f9,0.959
1456341961.0,878510cb,0.959
1456341961.0,79f60a97,0.949
1456341961.0,bd8f68d2,0.939
1456341961.0,0d7e555d,0.954
1456341961.0,f6e9717f,0.969
1456341961.0,f72a7ec2,0.959
1456341961.0,90a018b4,1.079
1456341961.0,17893d95,0.959
1456341961.0,01170a5d,0.939
1456341961.0,30da56b7,0.949
1456341961.0,ff19e550,0.929
1456341961.0,01d5bb85,0.929
1456341961.0,f4105cbc,0.959
1456341961.0,8c5eeeac,0.949
1456341961.0,d7a6a6c2,0.949
1456341961.0,d7d071dd,0.919
1456341961.0,94013d10,0.959
1456341961.0,0a297a27,0.929
1456341961.0,b205cecb,0.939
1456341961.0,ecf2754f,0.939
1456341961.0,6dca6f1b,0.949
1456341961.0,b93a61f3,0.919
1456341961.0,7ce44a8d,0.929
1456341961.0,20ac7ec9,0.919
1456341961.0,864188f5,0.969
1456341961.0,1809b397,0.919
1456341961.0,c7eb5131,0.919
1456341961.0,b5ff1b6a,0.959
1456341961.0,0aa739fb,0.949
1456342201.0,1248a8aa,0.949
1456342201.0,068c357f,0.959
1456342201.0,c2bef439,0.949
1456342201.0,28ed1025,0.949
1456342201.0,bebb6d12,0.899
1456342201.0,d3a25b8a,0.919
1456342201.0,2a879abf,0.899
1456342201.0,410d799f,0.949
1456342201.0,831b5225,0.969
1456342201.0,d89d5f83,0.919
1456342201.0,7da8091a,0.939
1456342201.0,60cf6168,0.939
1456342201.0,ee69ffcc,0.939
1456342201.0,e29f148a,0.959
1456342201.0,114290a9,0.904
1456342201.0,ffa82d76,0.949
1456342201.0,3589a5bc,0.959
1456342201.0,fd92c61e,0.939
1456342201.0,7448deb7,1.009
1456342201.0,39c5a6e0,0.939
1456342201.0,9f7a9267,0.959
1456342201.0,984855aa,0.919
1456342201.0,658cce02,0.929
1456342201.0,e4d30463,0.919
1456342201.0,8aa565b4,0.919
1456342201.0,24ee36a0,0.959
1456342201.0,6b2baaee,0.959
1456342201.0,c40cb496,0.929
1456342201.0,34108c3d,0.929
1456342201.0,0716682f,0.939
1456342201.0,62bb9bf7,0.949
1456342201.0,f3d19615,0.919
1456342201.0,6a5601b8,0.959
1456342201.0,0616421e,0.939
1456342201.0,432fc77d,0.949
1456342201.0,4d7be304,0.909
1456342201.0,619e3c7f,0.939
1456342201.0,e2cdf18c,0.949
1456342201.0,7e90e887,0.948
1456342201.0,41af5e4b,0.969
1456342201.0,8c81c551,0.939
1456342201.0,3d10cfa0,0.949
1456342201.0,63a8e437,0.909
1456342201.0,35cf8855,0.939
1456342201.0,97c6460d,0.929
1456342201.0,4c74fdcc,0.939
1456342201.0,37b5d60a,0.939
1456342201.0,bab71d7a,0.949
1456342201.0,d7a6a6c2,0.939
1456342201.0,ddb539ed,0.969
1456342201.0,c1a5c3a6,0.939
1456342201.0,12b36b1c,0.949
1456342201.0,9bc16c2e,0.909
1456342201.0,ae8a27ee,0.969
1456342201.0,0e416155,0.909
1456342201.0,03633a4d,0.939
1456342201.0,952e8670,0.939
1456342201.0,57d1fddc,0.989
1456342201.0,24b936ef,0.939
1456342441.0,e1a9f11a,0.959
1456342441.0,eaf5b8e2,0.939
1456342441.0,097b0d22,0.899
1456342441.0,fa5732ce,0.979
1456342441.0,eac0620e,0.959
1456342441.0,4b36fa89,0.959
1456342441.0,245c099c,0.939
1456342441.0,67ea9fcc,0.979
1456342441.0,d0af3229,0.939
1456342441.0,a0ad552e,0.889
1456342441.0,2c82fe56,0.919
1456342441.0,d16d0a6e,0.979
1456342441.0,4c906d12,0.949
1456342441.0,3a3fcab7,0.909
1456342441.0,54ba3e2f,0.914
1456342441.0,3d026101,0.919
1456342441.0,f67b6a8f,0.939
1456342441.0,ee54e371,0.889
1456342441.0,831f7129,0.939
1456342441.0,2da4b2d5,0.949
1456342441.0,60648e92,0.939
1456342441.0,9d62bf3b,0.909
1456342441.0,c2aa03cb,0.949
1456342441.0,71315e68,0.939
1456342441.0,f0ec9164,0.909
1456342441.0,1d2442f5,1.049
1456342441.0,023c4d8c,0.919
1456342441.0,8b94eddf,0.959
1456342441.0,a3956c28,0.919
1456342441.0,6a5601b8,0.949
1456342441.0,9272dad9,0.949
1456342441.0,38c93eee,0.939
1456342441.0,197f9f1a,0.929
1456342441.0,3b1d17e6,0.949
1456342441.0,30a3ca97,0.949
1456342441.0,07ccba78,0.949
1456342441.0,a622d33e,0.989
1456342441.0,1e05521d,0.949
1456342441.0,27ad4edd,0.919
1456342441.0,88977ce9,0.949
1456342441.0,3a7aff39,0.949
1456342441.0,4646068e,0.949
1456342441.0,0be30200,0.959
1456342441.0,b6458958,0.929
1456342441.0,d25a0585,0.949
1456342441.0,c9e84600,0.939
1456342441.0,b8705ff2,0.899
1456342441.0,1054110c,0.914
1456342441.0,9e4730c6,0.939
1456342441.0,73e22345,0.899
1456342441.0,e5b25ce5,0.919
1456342441.0,3fa722ab,0.939
1456342441.0,f98ff970,0.929
1456342441.0,7cc832ba,0.919
1456342441.0,57ef5f09,0.889
1456342441.0,188a79d3,0.949
1456342441.0,24a245f5,0.989
1456342681.0,08903b8c,0.909
1456342681.0,1e3d64de,0.899
1456342681.0,6d6576d8,0.959
1456342681.0,c0b82c6f,0.899
1456342681.0,e42f2550,0.919
1456342681.0,fbe17e11,0.939
1456342681.0,242f842b,0.899
1456342681.0,d2f10be7,0.939
1456342681.0,1beae976,0.929
1456342681.0,6823a8b2,0.929
1456342681.0,815252d2,0.919
1456342681.0,c66eeb5b,0.929
1456342681.0,57636a29,0.949
1456342681.0,8855a699,1.029
1456342681.0,ffdbe16c,0.929
1456342681.0,df264ce2,0.939
1456342681.0,de18aa7d,0.919
1456342681.0,ce9c03ce,0.929
1456342681.0,bd5a8e8c,0.919
1456342681.0,e140b830,0.929
1456342681.0,0ee3214c,0.929
1456342681.0,3ede3ac4,0.929
1456342681.0,3b5de5d2,0.899
1456342681.0,ee57ce17,0.949
1456342681.0,615f2b40,0.909
1456342681.0,36098a3a,0.929
1456342681.0,11e04c6a,0.959
1456342681.0,ed23637d,0.939
1456342681.0,1087e8a7,0.949
1456342681.0,5962da15,0.929
1456342681.0,41af5e4b,0.969
1456342681.0,74311576,0.929
1456342681.0,0af09136,0.939
1456342681.0,649461ec,0.939
1456342681.0,ce5b6ffc,0.939
1456342681.0,b9bbf9ee,0.939
1456342681.0,e3330ca1,0.919
1456342681.0,f9265ab5,0.999
1456342681.0,2644599e,0.939
1456342681.0,ee1d296d,0.929
1456342681.0,1636cb5c,0.969
1456342681.0,54c764d3,0.969
1456342681.0,b484fa6e,0.939
1456342681.0,5678d2c5,0.969
1456342681.0,4c67dc1a,0.939
1456342681.0,cdddf39e,0.929
1456342681.0,e578a879,0.939
1456342681.0,4eaad293,0.929
1456342681.0,049b2af8,0.959
1456342681.0,42ac1f52,0.979
1456342921.0,c58eee91,0.979
1456342921.0,f3aefdfa,0.899
1456342921.0,12d36adb,0.959
1456342921.0,95321d2a,0.939
1456342921.0,3d3db611,0.959
1456342921.0,9e990cfe,0.929
1456342921.0,27e6396b,0.914
1456342921.0,817bcf9d,0.959
1456342921.0,67ea9fcc,0.969
1456342921.0,653088f9,0.959
1456342921.0,209105a0,0.949
1456342921.0,4b926ccb,0.899
1456342921.0,33554d6c,0.979
1456342921.0,c7381288,0.949
1456342921.0,89f0cfb7,0.919
1456342921.0,ee30bc6d,0.969
1456342921.0,26e6f2fe,0.959
1456342921.0,900fa8aa,0.949
1456342921.0,3b5de5d2,0.899
1456342921.0,08c3c4e6,1.009
1456342921.0,46179c4a,0.939
1456342921.0,6e65545d,0.954
1456342921.0,c97cc7c4,0.969
1456342921.0,8b6fe7ae,0.939
1456342921.0,7902adc7,1.029
1456342921.0,45ae0804,0.984
1456342921.0,a374c73d,0.929
1456342921.0,6041e2b6,0.949
1456342921.0,da75620f,0.969
1456342921.0,4829f4f6,0.959
1456342921.0,2a4f7cb1,0.909
1456342921.0,5132fe1c,0.919
1456342921.0,39f9c0aa,0.949
1456342921.0,5eb29de6,0.929
1456343161.0,047ea646,0.939
1456343161.0,f18a39be,0.929
1456343161.0,e8f015ea,0.919
1456343161.0,bc11a9fb,0.919
1456343161.0,13ac9af6,0.929
1456343161.0,e401b629,0.989
1456343161.0,f71e9613,0.969
1456343161.0,6d248169,0.929
1456343161.0,74abc1c5,0.939
1456343161.0,31d7c8d8,0.959
1456343161.0,62f01f83,0.939
1456343161.0,771baacf,0.939
1456343161.0,6eb8cb33,0.919
1456343161.0,bf44f1ab,0.929
1456343161.0,3ac6b934,0.939
1456343161.0,2bcfc668,0.959
1456343161.0,1670b93b,1.029
1456343161.0,088d1639,0.969
1456343161.0,8bd3b9de,0.959
1456343161.0,d4fe6b6d,1.019
1456343161.0,10a10358,0.999
1456343161.0,9ad11a57,0.939
1456343161.0,cebd8559,0.949
1456343161.0,39cc6655,0.959
1456343161.0,8bb26207,0.939
1456343161.0,5f27c859,0.919
1456343161.0,6fefe9a7,0.949
1456343161.0,0958f3bd,0.949
1456343161.0,,0.919
1456343161.0,d8382d2b,0.949
1456343161.0,7bc454c7,0.949
1456343161.0,7cf2b30a,0.949
1456343161.0,64735bee,0.919
1456343401.0,90bfadfa,0.919
1456343401.0,607a5b45,0.929
1456343401.0,62b52d6c,0.919
1456343401.0,82a52db3,0.919
1456343401.0,0b18086e,0.929
1456343401.0,5dd70488,0.909
1456343401.0,abcdcbad,0.959
1456343401.0,e50f5b31,0.934
1456343401.0,14af1303,0.949
1456343401.0,1829c766,0.929
1456343401.0,447dba6a,0.959
1456343401.0,2c835e88,0.939
1456343401.0,7da0a752,0.949
1456343401.0,a0622dfc,1.019
1456343401.0,ef0bc256,0.919
1456343401.0,5dd1bb39,0.954
1456343401.0,53758d2b,0.939
1456343401.0,15a5d68a,0.939
1456343401.0,91713a4d,0.934
1456343401.0,35c4d397,0.949
1456343401.0,7ac12ae4,0.909
1456343401.0,55af4e12,0.909
1456343401.0,3435fb8d,0.959
1456343401.0,8792c041,0.959
1456343401.0,8f0c450a,0.939
1456343401.0,468267fb,0.939
1456343401.0,c30f5865,0.939
1456343401.0,5c3d3863,0.949
1456343401.0,,0.939
1456343401.0,f2523c62,0.979
1456343401.0,11bd050d,0.939
1456343401.0,7adf8914,0.939
1456343401.0,7eb76101,0.949
1456343401.0,f322d52b,0.939
1456343401.0,edb096b5,0.949
1456343401.0,9beb1b98,0.929
1456343401.0,9f766263,0.939
1456343401.0,74311576,0.929
1456343401.0,5c0dc2e6,0.939
1456343401.0,5bba111d,0.959
1456343401.0,083297f9,0.949
1456343401.0,19e1cad6,0.959
1456343401.0,a5312f3b,0.919
1456343401.0,069afd75,0.929
1456343401.0,b72ae868,0.969
1456343401.0,c674dd96,0.919
1456343401.0,b5fd05ce,0.979
1456343401.0,806052b0,0.949
1456343401.0,9ab681ea,0.949
1456343401.0,c6f99584,0.969
1456343401.0,9cc2158c,0.949
1456343401.0,8d47e406,0.959
1456343401.0,5c7976a7,0.989
1456343401.0,833241cf,0.944
1456343641.0,1248a8aa,0.949
1456343641.0,746c4a4d,1.029
1456343641.0,28ed1025,0.949
1456343641.0,fd71221d,0.954
1456343641.0,5cf99b9e,0.919
1456343641.0,721139ba,0.979
1456343641.0,55da4d14,0.909
1456343641.0,b45e9e13,0.929
1456343641.0,68002bd4,0.999
1456343641.0,c94cdc6e,0.999
1456343641.0,9f7d89ff,0.939
1456343641.0,67ea9fcc,0.969
1456343641.0,cc29c87a,0.914
1456343641.0,d2905129,1.019
1456343641.0,04ba07e6,0.949
1456343641.0,d4391500,0.929
1456343641.0,5d8781bf,0.929
1456343641.0,8f545eb0,0.919
1456343641.0,e58aa567,0.949
1456343641.0,68f0ed84,1.139
1456343641.0,616bd931,0.919
1456343641.0,aa5647b4,0.919
1456343641.0,c09f1e3e,0.949
1456343641.0,056cb40c,1.039
1456343641.0,b3b0a131,0.969
1456343641.0,6c715e12,0.939
1456343641.0,6d6a4209,0.899
1456343641.0,107d750c,0.899
1456343641.0,f29f6270,0.899
1456343641.0,e567333d,0.899
1456343641.0,b72ae868,0.959
1456343641.0,0bb28765,0.929
1456343881.0,f72fa144,0.929
1456343881.0,721139ba,0.979
1456343881.0,faddd104,0.899
1456343881.0,7eafe473,0.939
1456343881.0,bb0c12d3,0.989
1456343881.0,7efc6d8f,0.949
1456343881.0,7b47d35b,0.934
1456343881.0,a0622dfc,1.019
1456343881.0,3b3dda8f,0.899
1456343881.0,c4db8c4a,0.949
1456343881.0,7eed54a8,0.929
1456343881.0,e2914261,0.949
1456343881.0,6b2baaee,0.949
1456343881.0,214f33fa,0.939
1456343881.0,ccc808c9,0.939
1456343881.0,2ce7ea0e,0.959
1456343881.0,2f02de37,0.939
1456343881.0,616bd931,0.919
1456343881.0,6384651f,0.949
1456343881.0,bdf0a3dc,0.949
1456343881.0,99409692,0.909
1456343881.0,0ccf9d49,1.069
1456343881.0,fd9a80c1,0.904
1456343881.0,cca094f8,0.899
1456343881.0,58452604,0.959
1456343881.0,c674dd96,0.919
1456344121.0,c2bef439,0.949
1456344121.0,f72fa144,0.919
1456344121.0,e3635092,0.989
1456344121.0,,0.929
1456344121.0,4dd5805a,0.999
1456344121.0,7b125f4e,1.089
1456344121.0,01169ddb,1.009
1456344121.0,4b36fa89,0.949
1456344121.0,0670c33b,1.019
1456344121.0,cb511574,0.949
1456344121.0,5e5a70c6,1.019
1456344121.0,4220c4a0,0.949
1456344121.0,dd08505c,1.069
1456344121.0,dfd2b591,0.989
1456344121.0,417a37d7,0.949
1456344121.0,3589a5bc,0.959
1456344121.0,f84b6775,1.099
1456344121.0,fe905128,0.929
1456344121.0,a448f8aa,1.019
1456344121.0,c08e7742,0.989
1456344121.0,a0622dfc,1.019
1456344121.0,dc9da122,0.919
1456344121.0,454f4a05,1.169
1456344121.0,ed63a8a7,0.919
1456344121.0,5dd99d7f,0.929
1456344121.0,bf44f1ab,0.929
1456344121.0,7a05b007,0.949
1456344121.0,87478a1e,0.969
1456344121.0,c72ef065,0.949
1456344121.0,24ee36a0,0.959
1456344121.0,abda856d,0.939
1456344121.0,443ae02b,0.949
1456344121.0,78f2475c,0.999
1456344121.0,5463fafc,1.069
1456344121.0,9d4b63bb,1.169
1456344121.0,f66ed49b,1.029
1456344121.0,06865c2e,1.169
1456344121.0,dd81b39f,0.919
1456344121.0,9380a9c3,1.009
1456344121.0,3a762d33,1.019
1456344121.0,826ef9e5,1.109
1456344121.0,b7a7ee6f,0.989
1456344121.0,ce8d08fc,0.989
1456344121.0,14583564,0.939
1456344121.0,c9ee8c8d,0.989
1456344121.0,2eeb1496,0.999
1456344121.0,37350fbc,1.169
1456344121.0,989f7968,0.989
1456344121.0,7d0e5e60,0.949
1456344121.0,12b36b1c,0.949
1456344121.0,bdc0736f,1.169
1456344121.0,56e398e7,0.939
1456344121.0,ea6b204a,0.939
1456344121.0,8fdafbf6,0.919
1456344121.0,069947ad,0.989
1456344121.0,56878753,1.019
1456344121.0,b2590879,0.939
1456344121.0,99180475,1.069
1456344121.0,9422b117,0.949
1456344121.0,4ddf478c,0.939
1456344121.0,c14c369f,1.029
1456344361.0,88a429db,0.949
1456344361.0,e9e52190,1.009
1456344361.0,4dc57f20,0.939
1456344361.0,4e6ab199,0.929
1456344361.0,d64909aa,0.929
1456344361.0,cc7ffbf9,0.959
1456344361.0,e71f194a,0.959
1456344361.0,24c0c404,0.959
1456344361.0,effc0f5f,0.939
1456344361.0,a46f6f07,0.939
1456344361.0,6894d9e7,0.979
1456344361.0,6a74be04,1.029
1456344361.0,4ca12111,1.019
1456344361.0,8175f3cb,1.009
1456344361.0,75c0c33d,0.989
1456344361.0,885b2e54,1.059
1456344361.0,24c10ff0,0.999
1456344361.0,7b80d32c,1.009
1456344361.0,605da2e4,0.999
1456344361.0,2d591431,0.969
1456344361.0,806e5051,1.009
1456344361.0,5f7106c3,1.029
1456344361.0,8a33170f,1.039
1456344361.0,1d57ebaf,1.009
1456344361.0,87531960,0.999
1456344361.0,6fb67f4c,0.979
1456344361.0,2fcd527f,0.949
1456344361.0,d5dd2680,0.979
1456344361.0,957f9612,1.029
1456344361.0,2410740f,0.989
1456344361.0,f4eea80c,1.009
1456344361.0,2a00611c,1.009
1456344361.0,acb93b88,1.009
1456344361.0,ac4f6a54,0.969
1456344361.0,c1772f1e,0.999
1456344361.0,761dd171,1.009
1456344361.0,d4770cdf,0.999
1456344361.0,dd1126e0,1.029
1456344361.0,b2c67780,1.019
1456344361.0,602cea26,1.019
1456344361.0,cfc34477,0.999
1456344361.0,d52f4585,1.009
1456344361.0,bd45085f,0.999
1456344361.0,8d7db884,1.029
1456344361.0,89376981,0.999
1456344361.0,215c30e8,0.999
1456344361.0,fc3fcf48,0.989
1456344361.0,19625574,1.049
1456344361.0,0722a606,1.019
1456344361.0,4484bbef,1.029
1456344361.0,37427601,1.009
1456344361.0,4146a204,1.019
1456344361.0,ddd25787,1.029
1456344361.0,2f231204,0.989
1456344361.0,9baa546c,1.019
1456344361.0,84b346b1,1.019
1456344361.0,37e9ba19,1.019
1456344361.0,b6abc69b,1.029
1456344361.0,05976f26,0.989
1456344361.0,0a8fc55d,1.019
1456344361.0,bb2d140b,0.999
1456344361.0,03cdbd16,0.999
1456344361.0,02bd7477,0.939
1456344361.0,95cc0772,0.959
1456344361.0,8b3acbfa,0.959
1456344361.0,44dd8de5,1.069
1456344361.0,4718f10b,0.969
1456344361.0,cb6bf035,0.979
1456344361.0,ee69ffcc,0.999
1456344361.0,1f635eb5,1.029
1456344361.0,8c716afc,1.049
1456344361.0,2f8220df,0.999
1456344361.0,8e8fc0d2,0.989
1456344361.0,adb0e3b5,0.989
1456344361.0,c7316ab3,1.019
1456344361.0,91385da7,1.039
1456344361.0,632dad6b,0.999
1456344361.0,03d07967,1.099
1456344361.0,cb70fbd6,0.999
1456344361.0,d586ebeb,1.009
1456344361.0,f38a8e26,1.019
1456344361.0,7cdcdb86,0.999
1456344361.0,8a3a3f10,0.999
1456344361.0,41e7918d,0.999
1456344361.0,ed417fe5,0.999
1456344361.0,eaa98c1c,1.019
1456344361.0,615801d6,1.019
1456344361.0,b3fe373b,1.029
1456344361.0,5e363c03,0.989
1456344361.0,92e92fe0,0.979
1456344361.0,a676af82,0.999
1456344361.0,e25e53b1,1.029
1456344361.0,37f61ca4,1.029
1456344361.0,33554d6c,1.019
1456344361.0,149d33f0,0.989
1456344361.0,de4dfcb8,1.009
1456344361.0,0d9f89b8,0.999
1456344361.0,e31f4b76,1.029
1456344361.0,b615461b,0.999
1456344361.0,f9ce73b2,1.029
1456344361.0,,0.999
1456344361.0,c575cb16,1.019
1456344361.0,efb9c112,0.999
1456344361.0,403a1c86,0.999
1456344361.0,9ec908ec,1.019
1456344361.0,5a88efab,1.009
1456344361.0,64da7e72,1.019
1456344361.0,d088285e,0.999
1456344361.0,d9c79532,1.019
1456344361.0,c9d1727e,0.999
1456344361.0,b49fc8ed,1.029
1456344361.0,fb589379,1.029
1456344361.0,0720a96f,1.009
1456344361.0,4afaa787,0.999
1456344361.0,f479c8f0,1.009
1456344361.0,901b3dc2,1.029
1456344361.0,3b06308c,1.009
1456344361.0,,0.989
1456344361.0,f989aaff,0.999
1456344361.0,7cf55a33,1.029
1456344361.0,c6944b24,1.019
1456344361.0,efc3cb20,0.969
1456344361.0,c6729739,1.009
1456344361.0,65c65682,0.949
1456344361.0,f735a69d,1.009
1456344361.0,f084458d,0.999
1456344361.0,ec0f640c,1.019
1456344361.0,123a197a,0.999
1456344361.0,6bd14210,0.999
1456344361.0,f141ff6e,1.009
1456344361.0,03719a0b,1.019
1456344361.0,7964974d,1.009
1456344361.0,5f59e3c7,1.019
1456344361.0,dd2ff1a4,1.019
1456344361.0,bd131e65,1.009
1456344361.0,1445b4c6,1.019
1456344361.0,fbaf0901,1.009
1456344361.0,60a39e86,1.029
1456344361.0,d64706be,1.029
1456344361.0,4cad0289,1.009
1456344361.0,7f3123c2,1.009
1456344361.0,5d1b2141,1.019
1456344361.0,b2e44198,0.999
1456344361.0,776ee4f1,0.999
1456344361.0,556b6079,0.999
1456344361.0,73b32664,0.989
1456344361.0,c6d5ab7e,0.999
1456344361.0,520a4a19,0.999
1456344361.0,3273810e,0.999
1456344361.0,6a4ad02d,0.999
1456344361.0,cf235e84,1.009
1456344361.0,efd0b72b,1.029
1456344361.0,8e306a91,0.999
1456344361.0,8e01dbc3,1.009
1456344361.0,148c8e58,0.999
1456344361.0,dbad6afc,0.979
1456344361.0,49098718,1.029
1456344361.0,9672aa1d,0.999
1456344361.0,fb17adac,1.019
1456344361.0,20bf2483,1.019
1456344361.0,97f555af,0.999
1456344361.0,d623182f,0.999
1456344361.0,0660fa74,1.089
1456344361.0,8642884a,1.019
1456344361.0,59005fdf,1.009
1456344361.0,919c9e96,1.039
1456344361.0,21ab2968,0.999
1456344361.0,,0.999
1456344361.0,1b9c9285,1.029
1456344361.0,2df8fc01,0.989
1456344361.0,0b2f66ab,0.999
1456344361.0,ec99cf72,1.009
1456344361.0,6b388a21,1.019
1456344361.0,a894c70b,1.019
1456344361.0,f80439bc,1.029
1456344361.0,6dda6f67,1.019
1456344361.0,e80ba165,1.009
1456344361.0,f75e28b0,0.999
1456344361.0,af12e3b6,0.999
1456344361.0,853a3988,1.009
1456344361.0,ffe4ba98,0.989
1456344361.0,a3af7ef1,0.999
1456344361.0,a7fc7f1f,1.019
1456344361.0,800e66db,0.979
1456344361.0,e60f2fb7,1.029
1456344361.0,4432f96b,1.009
1456344361.0,1e2441ce,0.979
1456344361.0,cb086a2d,0.969
1456344361.0,49644a9b,1.029
1456344361.0,013daa88,0.989
1456344361.0,c8dc6d04,0.999
1456344361.0,19dd6ffa,0.999
1456344361.0,10d64a25,1.019
1456344361.0,41d483a2,1.009
1456344361.0,c9931bda,0.959
1456344361.0,476fa607,1.009
1456344361.0,d88d8a20,1.039
1456344361.0,adf8d23a,0.999
1456344361.0,83b18a20,0.999
1456344361.0,64d3ba48,1.009
1456344361.0,,0.999
1456344361.0,9c5b140c,1.049
1456344361.0,303e6b78,1.029
1456344361.0,f39d03d7,1.019
1456344361.0,0e7a54cf,0.999
1456344361.0,a7f164b3,1.019
1456344361.0,af82f4c3,0.989
1456344361.0,a1605c07,0.999
1456344361.0,90f5114b,0.999
1456344361.0,eebe0685,0.999
1456344361.0,f4aa351e,0.949
1456344361.0,7bcda69c,1.009
1456344361.0,d64903d3,1.029
1456344361.0,a2283cb3,1.069
1456344361.0,662b3491,1.019
1456344361.0,,0.999
1456344361.0,ff138580,1.019
1456344361.0,fc51c26e,1.019
1456344361.0,bd525580,1.029
1456344361.0,c4e17b93,0.999
1456344361.0,1bc36219,0.999
1456344361.0,514a99f3,1.019
1456344361.0,9cd02b8c,1.159
1456344361.0,39bd20ff,0.999
1456344361.0,80e3422f,0.989
1456344361.0,ce969ca1,1.009
1456344361.0,fc062d47,0.989
1456344361.0,2278471b,0.989
1456344361.0,f32894b0,0.989
1456344361.0,5fb9dfa5,0.989
1456344361.0,0abf9cad,0.999
1456344361.0,,0.979
1456344361.0,58ef2865,1.009
1456344361.0,,0.999
1456344361.0,d9e58766,1.089
1456344361.0,9ee8e646,1.009
1456344361.0,81ffe4cd,1.009
1456344361.0,bef35d30,0.979
1456344361.0,546336fa,0.999
1456344361.0,cedf23e6,0.999
1456344361.0,b026b716,1.009
1456344361.0,4d15a2cc,0.919
1456344361.0,fa49aabc,1.009
1456344361.0,5a819f8f,0.999
1456344361.0,1db779ce,0.999
1456344361.0,25a832ea,0.989
1456344361.0,f7f4f1c0,0.999
1456344361.0,093ad451,1.009
1456344361.0,4cb2a111,1.019
1456344361.0,0d45e0bd,1.019
1456344361.0,dcb337e4,0.999
1456344361.0,a50be724,1.019
1456344361.0,6174c30f,0.999
1456344361.0,c27cff48,1.029
1456344361.0,e30164f0,1.119
1456344361.0,46649254,1.039
1456344361.0,d83809d0,1.029
1456344361.0,ed93716a,0.999
1456344361.0,3e4faa99,1.019
1456344361.0,0d469ea7,1.199
1456344361.0,1d01b950,0.999
1456344361.0,5d45148e,0.999
1456344361.0,83be7215,1.029
1456344361.0,a83e3faa,1.009
1456344361.0,4a451b1d,1.009
1456344361.0,7549bbf6,1.009
1456344361.0,0b563bcc,0.949
1456344361.0,2b7cf924,1.019
1456344361.0,5260998a,1.029
1456344361.0,dc9494a5,1.009
1456344361.0,15afd395,1.019
1456344361.0,8f644357,1.019
1456344361.0,a63774ee,0.999
1456344361.0,a4c2cb8d,1.009
1456344361.0,c44abeea,1.039
1456344361.0,d26f4ccf,1.009
1456344361.0,7ed2f8ec,0.999
1456344361.0,0db94a7a,1.029
1456344361.0,68480e7b,1.019
1456344361.0,27fede19,0.999
1456344361.0,6f40a7c4,1.019
1456344361.0,90e6d279,1.089
1456344361.0,8a0d026c,0.979
1456344361.0,71fc80a1,0.999
1456344361.0,0e61862e,1.009
1456344361.0,526f4c6d,1.019
1456344361.0,0eef2037,1.009
1456344361.0,8acfd379,1.029
1456344361.0,80e97677,1.019
1456344361.0,756b37e6,1.019
1456344361.0,ef80a9d5,1.019
1456344361.0,b6930305,1.059
1456344361.0,bc3ec897,0.999
1456344361.0,3e1f426f,1.029
1456344361.0,0ea9619d,1.009
1456344361.0,f1ccda26,1.039
1456344361.0,4773dbd2,1.019
1456344361.0,94686fc0,1.019
1456344361.0,71e0a0d1,1.019
1456344361.0,3bcc58f2,1.019
1456344361.0,35d2c9ad,1.029
1456344361.0,f4299aa3,1.029
1456344361.0,2651ccb9,0.979
1456344361.0,,1.019
1456344361.0,62ae11f0,0.999
1456344361.0,2540db20,1.059
1456344361.0,8c231795,1.019
1456344361.0,99fbfc30,1.019
1456344361.0,d33a84e0,1.009
1456344361.0,c0fe932e,0.989
1456344361.0,6162ba82,0.999
1456344361.0,13037d15,0.999
1456344361.0,c55ed271,1.009
1456344361.0,776d3e19,1.029
1456344361.0,a1766ee6,1.019
1456344361.0,cd468df5,1.019
1456344361.0,7f05643c,0.999
1456344361.0,c94456d2,1.029
1456344361.0,1cc4daa8,1.029
1456344361.0,d279ee07,1.019
1456344361.0,d7ca536d,0.989
1456344361.0,f7f90554,0.989
1456344361.0,5b70fdaa,1.029
1456344361.0,234744ea,0.944
1456344361.0,b1450a7d,0.999
1456344361.0,f2ba4bc6,1.009
1456344361.0,2f559315,1.029
1456344361.0,4e905f58,1.019
1456344361.0,a7b1a4ab,0.999
1456344361.0,12d2f4a6,0.999
1456344361.0,4aba346d,1.009
1456344361.0,96d95521,0.999
1456344361.0,f68a34f4,0.999
1456344361.0,bdc7131f,0.979
1456344361.0,812f5a36,1.019
1456344361.0,844296bd,1.019
1456344361.0,415092bd,1.089
1456344361.0,de55d6cb,1.019
1456344361.0,a7987242,1.029
1456344361.0,ff71148f,1.009
1456344361.0,1effdd9e,1.089
1456344361.0,990757d8,0.969
1456344361.0,882076f4,1.059
1456344361.0,39edd173,1.009
1456344361.0,1e78351c,0.999
1456344361.0,d325d8aa,0.999
1456344361.0,0fcd5944,0.999
1456344361.0,1bf91998,0.999
1456344361.0,71424e6c,0.929
1456344361.0,fe909c5b,1.019
1456344361.0,cd09a0d6,0.979
1456344361.0,fa3092ba,1.029
1456344361.0,,0.999
1456344361.0,c37b5d5b,1.049
1456344361.0,,1.009
1456344361.0,22fb0e90,1.029
1456344361.0,72056682,1.019
1456344361.0,e9c8afa0,1.009
1456344361.0,7e63be59,1.019
1456344361.0,d81a826a,1.029
1456344361.0,92740284,0.999
1456344361.0,e183f4cf,0.989
1456344361.0,a5998664,1.019
1456344361.0,3bed1f31,1.029
1456344361.0,aa24cd60,0.999
1456344361.0,80d7d85e,1.019
1456344361.0,dc7fb76c,0.999
1456344361.0,48038048,0.999
1456344361.0,e9ff4fd7,0.979
1456344361.0,e6d83666,1.019
1456344361.0,422fbafa,1.009
1456344361.0,d361902b,1.019
1456344361.0,51c7bb55,0.989
1456344361.0,9f34d3c7,1.019
1456344361.0,c9333668,1.009
1456344361.0,df227f84,1.029
1456344361.0,79d27478,1.009
1456344361.0,dce30980,0.999
1456344361.0,7db23301,0.999
1456344361.0,e939fab3,0.989
1456344361.0,d2ffce1f,0.999
1456344361.0,18a2553e,0.999
1456344361.0,1ce91205,1.059
1456344361.0,c93058ac,0.999
1456344361.0,e340b28d,0.989
1456344361.0,dca8997b,1.019
1456344361.0,e24d8cab,0.999
1456344361.0,0b7d0a63,1.009
1456344361.0,2e5cae9f,1.009
1456344361.0,ec2d257d,1.039
1456344361.0,c82dccc8,0.999
1456344361.0,30389cde,0.989
1456344361.0,6a49dcf0,1.029
1456344361.0,13e237c2,0.919
1456344361.0,6232cf12,1.019
1456344361.0,0296c555,0.909
1456344361.0,,1.039
1456344361.0,5eddffaf,0.999
1456344361.0,73af6d41,1.019
1456344361.0,284c6af0,0.989
1456344361.0,c7ec58cd,0.999
1456344361.0,,1.029
1456344361.0,f1adb6c9,1.009
1456344361.0,747fbf01,1.019
1456344361.0,e57877ff,1.009
1456344361.0,57cc552a,1.009
1456344361.0,ea96763b,1.069
1456344361.0,1443c8f6,1.019
1456344361.0,baaf8b05,1.019
1456344361.0,8597e067,0.989
1456344361.0,0879f78d,1.119
1456344361.0,2bde4cc0,1.019
1456344361.0,,0.999
1456344361.0,8c6f1d05,1.009
1456344361.0,b2b29318,0.969
1456344361.0,1a8a222a,1.009
1456344361.0,9425b86b,1.019
1456344361.0,cb728243,1.029
1456344361.0,1b06723f,1.019
1456344361.0,68b79d30,0.999
1456344361.0,9755b499,0.999
1456344361.0,26d49c51,0.999
1456344361.0,538edcf9,1.009
1456344361.0,ea255676,1.029
1456344361.0,2cf8ea35,0.969
1456344361.0,4768200e,1.019
1456344361.0,c93210c8,1.019
1456344361.0,33fa60b9,0.999
1456344361.0,3a0a2d0d,0.909
1456344361.0,196b11c0,1.019
1456344361.0,cc29a3a6,0.999
1456344361.0,136c3dcd,0.989
1456344361.0,41fc3133,0.999
1456344361.0,86dddcca,1.069
1456344361.0,3e4c89c9,0.989
1456344361.0,4e37aaef,1.019
1456344361.0,39f6d678,1.039
1456344361.0,5bdf1cdf,1.029
1456344361.0,64171ce8,0.999
1456344361.0,ffeb88c9,1.039
1456344361.0,6117cbac,0.929
1456344361.0,4c39660b,0.929
1456344361.0,484ff98d,1.009
1456344361.0,d61494fe,0.999
1456344361.0,c404557e,0.989
1456344361.0,5a80a293,1.009
1456344361.0,aa506433,1.019
1456344361.0,36ef7b4d,0.939
1456344361.0,467ac0ec,1.009
1456344361.0,80148308,1.029
1456344361.0,6e9357c6,1.039
1456344361.0,bc302c7c,1.009
1456344361.0,82812943,0.999
1456344361.0,ecaf9af2,1.009
1456344361.0,5f3a075f,0.989
1456344361.0,f8fc52b4,0.989
1456344361.0,50e4f2c0,1.019
1456344361.0,198d543d,1.009
1456344361.0,034d1d51,0.989
1456344361.0,498c4e0f,1.009
1456344361.0,974e4706,0.969
1456344361.0,fa216f55,1.029
1456344361.0,87d69f36,1.019
1456344361.0,e532c6da,0.999
1456344361.0,b6167e3e,1.019
1456344361.0,86515341,1.019
1456344361.0,503c695b,0.969
1456344361.0,c1c6485d,0.999
1456344361.0,823e96f7,1.019
1456344361.0,ef21b674,0.989
1456344361.0,,1.039
1456344361.0,a9864022,0.999
1456344361.0,24acb441,0.999
1456344361.0,607d89d2,0.979
1456344361.0,c9faeb03,1.009
1456344361.0,9aceebc5,1.009
1456344361.0,5d5a9bdb,0.999
1456344361.0,8838e6a7,1.039
1456344361.0,d501c22d,1.019
1456344361.0,204c7d8c,0.999
1456344361.0,b9b3ea8d,1.019
1456344361.0,8236d188,1.019
1456344361.0,b65f17d4,0.999
1456344361.0,20e6ebec,0.959
1456344361.0,ddbf70bf,1.019
1456344361.0,4d5d9361,1.019
1456344361.0,59e2c5e0,1.039
1456344361.0,82c54482,0.919
1456344361.0,575ddc06,1.049
1456344361.0,53635853,0.999
1456344361.0,8fbe5276,0.989
1456344361.0,a793fb91,1.059
1456344361.0,488ad6ad,1.069
1456344361.0,68bdb4cb,1.009
1456344361.0,87767ef4,1.029
1456344361.0,08f59b41,0.969
1456344361.0,8fe7f10d,1.019
1456344361.0,33d673e1,1.029
1456344361.0,,0.999
1456344601.0,fbbd6af8,0.999
1456344601.0,be7b97ad,0.919
1456344601.0,f131e26a,1.029
1456344601.0,2fcd527f,1.089
1456344601.0,228b1c39,0.999
1456344601.0,cbeda884,0.929
1456344601.0,62b7a8fb,0.999
1456344601.0,e1836722,0.969
1456344601.0,6a8da366,0.999
1456344601.0,b6583eaf,0.989
1456344601.0,,0.909
1456344601.0,fb5abec8,0.989
1456344601.0,5110d453,0.949
1456344601.0,4204f478,0.919
1456344601.0,dd5271ec,1.099
1456344601.0,69e0cb90,0.919
1456344601.0,3c9e1eb4,0.999
1456344601.0,9830928e,1.029
1456344601.0,d478cbe7,1.029
1456344601.0,344119e7,0.989
1456344601.0,d36c0bc0,0.919
1456344601.0,8ab710a0,0.999
1456344601.0,a625042c,0.909
1456344601.0,a2806a38,1.009
1456344601.0,de2c9edf,0.989
1456344601.0,da93bb21,0.999
1456344601.0,d152b308,1.019
1456344601.0,e7ab2eb9,0.979
1456344601.0,c7d7314f,1.039
1456344601.0,1a497a4b,1.029
1456344601.0,2606727d,1.049
1456344601.0,b619a09c,0.959
1456344601.0,812e609b,1.009
1456344601.0,57fbf14f,1.029
1456344601.0,6321db63,1.029
1456344601.0,c0debc06,1.014
1456344601.0,9517b906,0.999
1456344601.0,997db707,1.059
1456344601.0,09d90f95,1.039
1456344601.0,88c2caef,1.039
1456344601.0,a18aae3d,1.049
1456344601.0,95dade99,0.979
1456344601.0,a202f414,0.999
1456344601.0,6411aa60,1.029
1456344601.0,b87b1fe6,0.949
1456344601.0,ab716edd,1.039
1456344601.0,8ea85961,1.039
1456344601.0,329fbc05,1.039
1456344601.0,b43ac946,1.009
1456344601.0,d923719a,1.009
1456344601.0,,0.929
1456344601.0,ee288062,1.039
1456344601.0,83e7f124,1.019
1456344601.0,e8b2cb64,0.999
1456344601.0,3b738ced,0.999
1456344601.0,d8032a5b,1.109
1456344601.0,cef8a5ba,0.939
1456344601.0,13388a58,1.029
1456344601.0,66ff2f80,1.029
1456344601.0,bae5af8d,1.039
1456344601.0,6842cc4a,1.039
1456344601.0,552e6bdb,0.899
1456344601.0,,0.999
1456344601.0,676f4e53,1.029
1456344601.0,3f9a7b26,0.939
1456344601.0,cdddf39e,0.929
1456344601.0,4c6c04a6,0.949
1456344601.0,495cdb73,0.939
1456344601.0,3e71f6ea,0.919
1456344601.0,7b4a45e6,1.029
1456344601.0,7a78b9d0,0.999
1456344841.0,f5434e55,0.959
1456344841.0,f1736b62,0.989
1456344841.0,59a378e4,0.959
1456344841.0,6a79b20f,0.899
1456344841.0,02797da2,0.949
1456344841.0,e01507d6,0.979
1456344841.0,d0e7222d,0.959
1456344841.0,c5208f75,0.929
1456344841.0,899f46c2,0.919
1456344841.0,66da4817,0.939
1456344841.0,0ef5bf4d,0.919
1456344841.0,5740ab7b,1.009
1456344841.0,30ac5a0c,0.949
1456344841.0,214f33fa,0.969
1456344841.0,9456a93d,0.999
1456344841.0,840be68f,-0.001
1456344841.0,09982da6,1.009
1456344841.0,e628dd10,0.979
1456344841.0,9d1571c3,1.099
1456344841.0,8f4cf94f,0.939
1456344841.0,2c487233,1.059
1456344841.0,1bc107ca,0.929
1456344841.0,cb47b300,0.929
1456344841.0,a0f41fbb,0.949
1456344841.0,6e44cd2d,0.989
1456344841.0,42ac1f52,1.079
1456344841.0,5f1e3ccf,0.929
1456345081.0,66fc21d2,0.999
1456345081.0,6c5a28c6,0.929
1456345081.0,70931d91,0.909
1456345081.0,e99e5f77,0.919
1456345081.0,820d9924,0.919
1456345081.0,3fc372ae,0.979
1456345081.0,8e0ec690,0.919
1456345081.0,afbe3668,0.919
1456345081.0,a3827856,0.899
1456345081.0,3ed1efe5,0.999
1456345081.0,40afb361,1.109
1456345081.0,657c5e72,1.029
1456345081.0,d36c0bc0,1.159
1456345081.0,2d9b1245,1.049
1456345081.0,f1ba09c1,0.939
1456345081.0,82c69685,0.939
1456345081.0,32e01564,0.959
1456345081.0,d64ff6b9,0.959
1456345081.0,4af2260b,0.939
1456345081.0,051e5f5f,0.919
1456345081.0,6fb61b09,0.959
1456345081.0,09e2fa96,1.009
1456345081.0,e75a2976,0.999
1456345081.0,180b057d,1.129
1456345081.0,9200bb2c,0.969
1456345081.0,2fa6d835,1.029
1456345081.0,d8032a5b,1.159
1456345081.0,,0.919
1456345081.0,6d8cc159,0.919
1456345081.0,1f6c44dc,0.969
1456345081.0,e38fc560,0.929
1456345081.0,d411def2,1.049
1456345321.0,52c1ccfa,0.899
1456345321.0,3201c40b,0.929
1456345321.0,6f9842b1,1.019
1456345321.0,896f2819,0.969
1456345321.0,f2c567b7,0.929
1456345321.0,fdef9afa,1.019
1456345321.0,75bb0d76,1.019
1456345321.0,0fc11a52,0.939
1456345321.0,4ee0535e,1.009
1456345321.0,df9cde99,1.019
1456345321.0,3a67bc28,1.019
1456345321.0,266713de,0.979
1456345321.0,530591a4,0.934
1456345321.0,9d3b9bdc,0.939
1456345321.0,8167fa85,0.949
1456345321.0,81c9cec5,0.949
1456345321.0,a54d4e57,1.019
1456345321.0,eb159d17,0.994
1456345321.0,3b50751f,0.939
1456345321.0,8b69a860,1.049
1456345321.0,d9bc9762,0.919
1456345321.0,2289b7d4,0.949
1456345321.0,434de2f2,0.969
1456345561.0,36a9895c,0.999
1456345561.0,aae7e937,1.029
1456345561.0,aee6d168,0.949
1456345561.0,e7b78fcf,0.949
1456345561.0,f64d1649,0.949
1456345561.0,b46502fa,1.009
1456345561.0,93a0a521,0.994
1456345561.0,671cf752,1.014
1456345561.0,5288c0b4,0.929
1456345561.0,ae09ed04,0.949
1456345561.0,cd3a9dfc,0.959
1456345561.0,48ef3fea,1.019
1456345561.0,1cd14b72,0.989
1456345561.0,fbdbeb1c,1.069
1456345561.0,8167fa85,0.949
1456345561.0,33fb9f1a,1.029
1456345561.0,b2c4b0c2,0.999
1456345561.0,cbb493e1,0.949
1456345561.0,e91ec3d6,0.959
1456345561.0,c460ad8e,1.029
1456345561.0,ecf2754f,0.939
1456345561.0,434de2f2,0.969
1456345561.0,c4906344,0.949
1456345561.0,c3803ef6,0.949
1456345801.0,c6f2fec6,0.949
1456345801.0,0437ac58,1.009
1456345801.0,bfbbb2dd,1.009
1456345801.0,b48ba10e,0.929
1456345801.0,8f4fb8f1,0.989
1456345801.0,92a71bb7,0.929
1456345801.0,369ee914,0.959
1456345801.0,9b209e8a,0.919
1456345801.0,2af629f5,0.919
1456345801.0,fa3c7cd8,0.929
1456345801.0,d3bf8582,0.939
1456345801.0,28712072,0.999
1456345801.0,70ff20bb,1.009
1456345801.0,a98772fc,0.959
1456345801.0,28119274,1.029
1456345801.0,dd41b331,0.999
1456345801.0,935f6e86,1.039
1456345801.0,bab71d7a,0.949
1456345801.0,d8032a5b,1.159
1456345801.0,04508fff,1.009
1456345801.0,6d97a497,0.949
1456345801.0,a41abd0c,0.929
1456346041.0,e050ed52,1.009
1456346041.0,9530b219,0.959
1456346041.0,1b56abb5,0.989
1456346041.0,f36ccecf,0.999
1456346041.0,fba18531,1.009
1456346041.0,ed2deb3d,1.099
1456346041.0,de72ae1a,1.009
1456346041.0,88759e4a,0.919
1456346041.0,4d1eb476,0.969
1456346041.0,93d1f437,0.979
1456346041.0,00a2a041,1.019
1456346041.0,72889fd6,1.009
1456346041.0,55a39b60,0.979
1456346041.0,e8ee4568,1.029
1456346041.0,cf23bc29,1.009
1456346041.0,4d90c00c,1.099
1456346041.0,4bdede16,1.089
1456346041.0,68e0a118,0.999
1456346041.0,af83f8c0,0.999
1456346041.0,03261265,1.099
1456346041.0,804e5bed,0.989
1456346041.0,accab0f2,1.019
1456346041.0,935b74b4,1.099
1456346041.0,10b34f01,0.949
1456346041.0,97f66660,0.979
1456346041.0,e26d9873,1.099
1456346041.0,65a0b74e,0.899
1456346041.0,7e056bdf,0.989
1456346041.0,26eb11ab,0.999
1456346041.0,e541cf19,1.009
1456346041.0,70810fdc,0.999
1456346281.0,22878111,1.029
1456346281.0,ee0b2b76,1.089
1456346281.0,da9f2014,0.919
1456346281.0,ce9c03ce,0.919
1456346281.0,55739310,0.999
1456346281.0,3ede3ac4,0.919
1456346281.0,8fb2a5f0,0.909
1456346281.0,e4983efc,0.999
1456346281.0,36098a3a,0.919
1456346281.0,4c0bd4b5,0.999
1456346281.0,5962da15,0.919
1456346281.0,fc1bcc3b,0.949
1456346281.0,7718e2fa,1.099
1456346281.0,accab0f2,1.019
1456346281.0,d3730b6f,1.059
1456346281.0,68f71b6d,1.029
1456346281.0,94c64075,0.999
1456346281.0,f02e1c4e,0.949
1456346521.0,26db6e6e,0.999
1456346521.0,55100d94,1.029
1456346521.0,cbeda884,0.989
1456346521.0,eb3dcc58,0.969
1456346521.0,1ce7b691,0.959
1456346521.0,356dc7aa,0.959
1456346521.0,3e3ad3bb,0.959
1456346521.0,bbdcf660,1.039
1456346761.0,b5cf690e,0.959
1456346761.0,d650bbff,1.019
1456346761.0,5133ebd5,1.049
1456346761.0,ebeb4dec,1.049
1456346761.0,61637c84,1.019
1456346761.0,4c1f6a89,0.989
1456346761.0,be8433cf,0.939
1456346761.0,cf7e8dae,1.109
1456346761.0,60deaffb,1.039
1456346761.0,6bddc0c9,1.009
1456347001.0,f8a9a11e,1.009
1456347001.0,b5cf690e,0.929
1456347001.0,3d3db611,0.959
1456347001.0,3a8770f2,0.999
1456347001.0,5c22ef82,0.924
1456347001.0,c2b3c7ad,0.989
1456347001.0,68c7b059,0.934
1456347001.0,a625d115,1.009
1456347001.0,8c77ed6c,0.999
1456347001.0,d63aac19,0.999
1456347001.0,76176c12,0.989
1456347001.0,50a1f055,0.999
1456347001.0,df74c4c4,1.009
1456347001.0,456b0585,0.939
1456347001.0,9598f3ac,0.929
1456347001.0,70a9c50e,0.989
1456347001.0,0b45563b,1.029
1456347001.0,40271791,1.019
1456347001.0,009091bb,0.999
1456347001.0,9264eade,0.929
1456347001.0,166ca755,0.949
1456347001.0,a5d5884d,0.949
1456347001.0,d32835d5,0.949
1456347001.0,2acdea0b,0.979
1456347001.0,eb179375,0.989
1456347001.0,d25a0585,1.009
1456347001.0,9a0f8848,0.949
1456347001.0,91baebbc,0.989
1456347001.0,d361cee8,0.989
1456347001.0,6c200339,0.999
1456347241.0,7564a57b,0.979
1456347241.0,c798622e,0.959
1456347241.0,1898c240,0.989
1456347241.0,d5fd7f0e,0.989
1456347241.0,a705a30f,1.059
1456347241.0,,1.064
1456347241.0,85bcd8a9,1.009
1456347241.0,0b96eaac,0.989
1456347241.0,19eaaa8f,0.999
1456347241.0,b7281837,1.029
1456347241.0,c1923e8f,0.999
1456347241.0,de18aa7d,0.979
1456347241.0,e8cb3a6b,0.989
1456347241.0,b721ae36,1.029
1456347241.0,c328902c,1.009
1456347241.0,9d62bf3b,0.969
1456347241.0,e5561b2d,1.009
1456347241.0,38cc0cb5,0.989
1456347241.0,040531cf,0.919
1456347241.0,4446050c,0.989
1456347241.0,9babce8b,1.039
1456347241.0,197f9f1a,0.989
1456347241.0,d556f79b,0.949
1456347241.0,03b3aa33,0.979
1456347241.0,038e6a0c,0.989
1456347241.0,d487951e,0.989
1456347241.0,5f695bd8,0.929
1456347241.0,a5d5884d,0.949
1456347241.0,476429df,1.029
1456347241.0,9a0f8848,0.949
1456347481.0,16585150,0.999
1456347481.0,82aee514,0.979
1456347481.0,dc82bdd6,1.049
1456347481.0,e8fba845,1.169
1456347481.0,2623501c,1.039
1456347481.0,dc4873f6,1.089
1456347481.0,12437a10,1.119
1456347481.0,1a56d0e9,1.099
1456347481.0,dbe06a06,1.099
1456347481.0,0f755a63,1.099
1456347481.0,690132ab,0.949
1456347481.0,c6cd3146,1.099
1456347481.0,166e7f73,1.099
1456347481.0,410d799f,1.099
1456347481.0,7fcb9629,1.099
1456347481.0,70dce2c3,1.089
1456347481.0,3bb20ba7,1.089
1456347481.0,,1.099
1456347481.0,8794cb26,1.099
1456347481.0,4e54ae8f,1.089
1456347481.0,ea9720f2,0.954
1456347481.0,01574e74,1.089
1456347481.0,1be36265,1.089
1456347481.0,3009a412,1.119
1456347481.0,7592b37a,1.099
1456347481.0,65cb0157,1.089
1456347481.0,61638e00,1.099
1456347481.0,abcdcbad,1.099
1456347481.0,6a8257d5,1.099
1456347481.0,fc127178,1.099
1456347481.0,157d06a5,1.039
1456347481.0,06c32dfe,1.099
1456347481.0,cfe72b95,1.099
1456347481.0,c095b991,1.099
1456347481.0,d4ef4661,1.099
1456347481.0,ed84fb55,1.089
1456347481.0,16b53bbf,1.119
1456347481.0,332127f3,1.089
1456347481.0,b4a7b915,1.019
1456347481.0,ce2f1007,1.119
1456347481.0,0521e7ef,1.169
1456347481.0,48ee050c,1.089
1456347481.0,e1e9b42f,1.099
1456347481.0,d6f2eeec,1.089
1456347481.0,,1.099
1456347481.0,bf024497,1.119
1456347481.0,fa4b70b0,1.099
1456347481.0,5110f142,1.099
1456347481.0,ca8f532f,1.089
1456347481.0,b18ffb73,1.079
1456347481.0,c4f10d73,1.089
1456347481.0,e055b194,1.089
1456347481.0,8d4cbfeb,1.099
1456347481.0,39175664,1.039
1456347481.0,7d020a61,1.089
1456347481.0,01decbb4,1.169
1456347481.0,85edcdf5,1.024
1456347481.0,884a1646,1.089
1456347481.0,7b5e3751,1.089
1456347481.0,2498b287,1.089
1456347481.0,4f934547,0.939
1456347481.0,4c3e0377,1.099
1456347481.0,c952f3ae,1.089
1456347481.0,09638887,1.089
1456347481.0,ea6ba7ed,1.099
1456347481.0,dc8781a2,1.099
1456347481.0,157e2a55,1.099
1456347481.0,5d4a550d,1.089
1456347481.0,222b778e,1.089
1456347481.0,ae472235,0.959
1456347481.0,e3705385,1.099
1456347481.0,365236e8,1.099
1456347481.0,7e01bac4,1.099
1456347481.0,6938babb,1.094
1456347481.0,eed2b29b,1.099
1456347481.0,319fa503,1.099
1456347481.0,62e58d1d,1.099
1456347481.0,c20260d6,1.099
1456347481.0,8144ba58,0.969
1456347481.0,3d6465d9,1.099
1456347481.0,592bb59f,1.039
1456347481.0,2b88e2db,1.089
1456347481.0,5b7092cb,1.099
1456347481.0,d338b0f2,1.099
1456347481.0,e541a3b3,1.089
1456347481.0,b90ce0f4,1.094
1456347481.0,1f897af1,1.089
1456347481.0,25ed90f7,1.099
1456347481.0,5fbe505b,1.089
1456347481.0,459eef9d,1.089
1456347481.0,96300c44,1.099
1456347481.0,30e25cec,1.079
1456347481.0,91925b72,1.099
1456347481.0,ef847136,1.089
1456347481.0,,1.099
1456347481.0,cc1a0922,1.099
1456347481.0,447dba6a,1.099
1456347481.0,f21843f7,1.099
1456347481.0,8d3bf964,1.099
1456347481.0,ea2d6eca,1.099
1456347481.0,3a244657,1.089
1456347481.0,d26548b6,1.089
1456347481.0,6949ed4a,1.099
1456347481.0,0c091e76,1.089
1456347481.0,7efc6d8f,1.099
1456347481.0,edd2f7b6,1.099
1456347481.0,a5513d36,1.099
1456347481.0,492796c0,1.089
1456347481.0,d4857812,1.089
1456347481.0,a280c8ce,1.089
1456347481.0,1d86aff5,1.094
1456347481.0,8f3896e1,1.089
1456347481.0,be95bdc3,1.089
1456347481.0,f7a267fc,0.979
1456347481.0,f30258dc,1.099
1456347481.0,c3a379ab,1.089
1456347481.0,70900101,1.099
1456347481.0,9827c099,1.089
1456347481.0,e727162d,1.099
1456347481.0,0998aab1,1.039
1456347481.0,548c8c9c,1.099
1456347481.0,c515316c,1.089
1456347481.0,4838da54,1.099
1456347481.0,fdd7a859,1.089
1456347481.0,09be7dd3,1.099
1456347481.0,fdce782f,1.099
1456347481.0,c184854c,1.099
1456347481.0,d02c5bf4,0.999
1456347481.0,8b2d18f9,1.089
1456347481.0,9d98d36c,1.119
1456347481.0,c1d5b129,1.099
1456347481.0,75e4d61f,1.099
1456347481.0,904d15e4,1.079
1456347481.0,2ca3372b,0.999
1456347481.0,20330ee3,1.089
1456347481.0,4ccb2bae,1.099
1456347481.0,f7345a16,1.099
1456347481.0,dda7560a,1.089
1456347481.0,afdd844a,1.089
1456347481.0,80218b02,1.039
1456347481.0,9602e1b1,1.099
1456347481.0,543dd93c,1.089
1456347481.0,e1f35c29,1.089
1456347481.0,9db07996,1.099
1456347481.0,61c0df8b,1.099
1456347481.0,36ceb401,1.099
1456347481.0,6835d405,1.099
1456347481.0,b95b2152,1.089
1456347481.0,2c835e88,1.099
1456347481.0,36a033f9,1.099
1456347481.0,8f5e2757,1.099
1456347481.0,61907898,1.099
1456347481.0,61f59311,1.069
1456347481.0,171ebb74,1.099
1456347481.0,d04338f7,1.099
1456347481.0,b154220c,1.089
1456347481.0,67830b76,1.039
1456347481.0,7a7219bc,1.099
1456347481.0,8cec6d32,1.039
1456347481.0,549d95e1,1.039
1456347481.0,a4af82a5,1.119
1456347481.0,6cc392bc,1.119
1456347481.0,cead4e62,1.099
1456347481.0,a9b672c3,1.089
1456347481.0,7573fd74,1.089
1456347481.0,3580f1ac,1.099
1456347481.0,2ebdf5e8,1.099
1456347481.0,8067eaa3,1.099
1456347481.0,e07b08d4,1.039
1456347481.0,a0f9d44d,1.119
1456347481.0,6c18369e,1.099
1456347481.0,41d7fd8c,1.069
1456347481.0,c637f136,1.099
1456347481.0,2024d5d7,1.099
1456347481.0,bb738427,1.099
1456347481.0,059e6005,1.099
1456347481.0,645b2898,1.089
1456347481.0,bdc3a9dd,1.039
1456347481.0,1330f736,1.039
1456347481.0,88113d35,1.099
1456347481.0,b42f77df,1.079
1456347481.0,fb2de244,1.089
1456347481.0,41182762,1.089
1456347481.0,f897dc71,0.999
1456347481.0,8f9e2fa1,0.999
1456347481.0,4e41baa5,1.099
1456347481.0,43a0a005,1.019
1456347481.0,e7dc4cd2,1.099
1456347481.0,4fdca23f,0.999
1456347481.0,a82ec43f,1.099
1456347481.0,5bcbe59f,1.089
1456347481.0,9e448914,1.089
1456347481.0,236e2f71,1.099
1456347481.0,c940a0c3,1.039
1456347481.0,a3e876da,1.099
1456347481.0,f72df52e,1.099
1456347481.0,c2952252,1.099
1456347481.0,4359dc60,1.099
1456347481.0,9ae1a88f,1.099
1456347481.0,8b4029da,1.089
1456347481.0,121e3dd1,1.089
1456347481.0,f3165b36,1.079
1456347481.0,10d616d9,1.099
1456347481.0,7da0a752,1.099
1456347481.0,8c5d615e,1.099
1456347481.0,703cb794,1.089
1456347481.0,507d25cf,1.119
1456347481.0,9d205788,1.039
1456347481.0,1b6cee7c,1.089
1456347481.0,6e05b79b,1.089
1456347481.0,546992ee,1.089
1456347481.0,4abd2f17,1.089
1456347481.0,c862713a,1.049
1456347481.0,192552f2,1.099
1456347481.0,15d15c6f,0.999
1456347481.0,b85957cd,1.089
1456347481.0,102299ad,1.089
1456347481.0,6e610cb2,1.089
1456347481.0,74d7ab64,1.089
1456347481.0,e246da13,1.029
1456347481.0,ba7651f8,1.079
1456347481.0,27de662e,1.079
1456347481.0,82360936,1.039
1456347481.0,c08bba33,1.099
1456347481.0,7aa7e8fe,1.089
1456347481.0,71ac0ba6,1.079
1456347481.0,4c76dbcf,1.099
1456347481.0,3ba3d773,1.079
1456347481.0,93d0d0da,0.999
1456347481.0,6fc8bedc,1.089
1456347481.0,da00f579,1.089
1456347481.0,32bf0348,1.089
1456347481.0,5fcd0f7a,1.099
1456347481.0,18b20a61,1.099
1456347481.0,aaf8d479,1.119
1456347481.0,a753f001,1.099
1456347481.0,d5062706,1.099
1456347481.0,6567da70,1.079
1456347481.0,18984cb5,1.099
1456347481.0,3c1f03c0,1.099
1456347481.0,90df0b88,0.999
1456347481.0,d9de1c75,1.099
1456347481.0,fa97f78a,1.099
1456347481.0,455166b9,1.089
1456347481.0,470345fb,1.099
1456347481.0,9cd2e129,1.089
1456347481.0,78e80807,1.099
1456347481.0,559cb7a2,1.009
1456347481.0,99929b71,1.099
1456347481.0,a09958dd,1.089
1456347481.0,6d978c2b,1.099
1456347481.0,ef811cbc,1.099
1456347481.0,3985622e,1.089
1456347481.0,055e54a6,1.099
1456347481.0,65b329e2,1.119
1456347481.0,a65b0645,1.089
1456347481.0,38cbcd42,1.119
1456347481.0,d3d96d55,1.089
1456347481.0,5a3e246d,1.109
1456347481.0,dde1b45b,1.089
1456347481.0,157fcdd4,1.099
1456347481.0,8a3c1b82,1.039
1456347481.0,6d24e5fe,1.099
1456347481.0,7969d4f3,1.099
1456347481.0,910c6a77,1.089
1456347481.0,ffb2584e,1.099
1456347481.0,c8c94822,1.089
1456347481.0,48bf5afb,1.099
1456347481.0,85f08836,1.089
1456347481.0,a244f9b0,1.099
1456347481.0,d165c2c6,1.099
1456347481.0,1f57f9be,1.099
1456347481.0,bc81a8ae,1.089
1456347481.0,2efa85d4,1.099
1456347481.0,44166963,1.099
1456347481.0,4f3f8f5e,1.099
1456347481.0,b375596b,1.119
1456347481.0,50c1aaef,1.099
1456347481.0,143e78de,1.089
1456347481.0,4824bf4c,1.089
1456347481.0,acd58708,1.039
1456347481.0,ec80fbc7,1.099
1456347481.0,b67ae9fe,1.099
1456347481.0,e2914261,1.099
1456347481.0,5486cb1a,1.099
1456347481.0,c7b29cc5,1.089
1456347481.0,4b87f0df,1.089
1456347481.0,865c84ca,1.059
1456347481.0,75515814,1.089
1456347481.0,fd835d6e,1.119
1456347481.0,a8f01af7,1.089
1456347481.0,995615f7,1.099
1456347481.0,eaa8f83c,1.089
1456347481.0,0a67fa6f,1.099
1456347481.0,18791c83,1.099
1456347481.0,ed69ae34,1.099
1456347481.0,c0d663b4,1.099
1456347481.0,3981324c,1.089
1456347481.0,0aed8034,1.099
1456347481.0,42bca5e0,1.099
1456347481.0,ab583e1e,1.099
1456347481.0,7fd3e47e,1.099
1456347481.0,a3e4145b,1.099
1456347481.0,7e1ad2f6,1.089
1456347481.0,be60701b,1.099
1456347481.0,a3c5ca6f,1.089
1456347481.0,a2cbf4a6,1.099
1456347481.0,8f7c069a,1.059
1456347481.0,1e7c15e2,1.079
1456347481.0,e8478f56,1.099
1456347481.0,1727b18d,0.999
1456347481.0,59182828,1.099
1456347481.0,865b080f,1.099
1456347481.0,271f6d48,1.089
1456347481.0,8fe50322,1.089
1456347481.0,0df7c170,0.999
1456347481.0,6b2baaee,1.099
1456347481.0,d05c205a,1.089
1456347481.0,048e9166,1.089
1456347481.0,430cbb77,1.099
1456347481.0,b23e37d9,1.089
1456347481.0,13afa0e9,1.089
1456347481.0,34664756,1.099
1456347481.0,1468aaa8,1.099
1456347481.0,80d93018,1.099
1456347481.0,9581fe81,1.089
1456347481.0,f98eae96,1.099
1456347481.0,c0e7740b,1.099
1456347481.0,69ce0c69,1.099
1456347481.0,21d0f81c,1.089
1456347481.0,9f33f062,1.089
1456347481.0,5a3d51b4,1.089
1456347481.0,48ebcec1,1.019
1456347481.0,b71b2d23,1.099
1456347481.0,6fc67d43,1.099
1456347481.0,dca18dd2,1.099
1456347481.0,8e6d4b8d,1.089
1456347481.0,662b7063,1.089
1456347481.0,6390097a,1.089
1456347481.0,7c6725e1,1.029
1456347481.0,93f20e30,1.099
1456347481.0,c4953ffa,1.089
1456347481.0,5a8b71b2,1.079
1456347481.0,8020e532,1.089
1456347481.0,cdf2f211,1.099
1456347481.0,b5940e7d,1.099
1456347481.0,58f2498c,1.099
1456347481.0,eea64d8a,1.099
1456347481.0,0bd89a27,1.099
1456347481.0,2fc28014,1.099
1456347481.0,f1405292,1.099
1456347481.0,dbb88534,1.099
1456347481.0,ccaf0017,1.079
1456347481.0,17127e8d,1.089
1456347481.0,397db294,1.039
1456347481.0,bc6e8d35,1.099
1456347481.0,186a1294,1.099
1456347481.0,28e3481f,1.039
1456347481.0,89c96863,1.099
1456347481.0,e1071f74,1.099
1456347481.0,f04fe50a,1.089
1456347481.0,04b4f43b,0.959
1456347481.0,69d749f5,1.099
1456347481.0,d47660a6,1.089
1456347481.0,d63e5150,1.099
1456347481.0,bc85d300,1.089
1456347481.0,aeb12459,1.099
1456347481.0,92dce960,1.089
1456347481.0,468267fb,1.089
1456347481.0,fcbae89e,1.089
1456347481.0,4a902369,1.099
1456347481.0,a5de0540,1.099
1456347481.0,010a1240,1.089
1456347481.0,c30f5865,1.099
1456347481.0,ad6f7aae,1.099
1456347481.0,313314f6,1.089
1456347481.0,d3dc7d8c,1.099
1456347481.0,5271a4f6,1.089
1456347481.0,f76fac88,1.084
1456347481.0,f2523c62,1.099
1456347481.0,613ea133,1.099
1456347481.0,6b012e3a,1.069
1456347481.0,c713cfc0,1.099
1456347481.0,80e1c626,0.999
1456347481.0,fb2e36a4,0.999
1456347481.0,164df318,1.119
1456347481.0,ab57f5d6,1.089
1456347481.0,c1bc3b48,1.089
1456347481.0,5951b044,1.089
1456347481.0,78962747,1.119
1456347481.0,43206580,1.099
1456347481.0,6a687cf5,1.049
1456347481.0,f34c51f1,1.099
1456347481.0,dee5637c,1.119
1456347481.0,e512031e,1.089
1456347481.0,ee1e8107,1.099
1456347481.0,887915b9,1.089
1456347481.0,96c588c8,1.099
1456347481.0,78e9f79a,1.089
1456347481.0,401db24e,1.099
1456347481.0,3219cb04,1.089
1456347481.0,2d4e58b5,1.039
1456347481.0,162f1e57,1.119
1456347481.0,6bc29395,1.099
1456347481.0,dc06e82c,1.089
1456347481.0,2839dc7d,1.089
1456347481.0,2b6463d1,1.079
1456347481.0,182bd28a,1.089
1456347481.0,52698fc2,1.099
1456347481.0,8b485c5e,1.039
1456347481.0,08d73b70,1.039
1456347481.0,4d70ed85,1.089
1456347481.0,bc58fcd6,1.099
1456347481.0,15b8b7e7,1.089
1456347481.0,7bed0473,1.099
1456347481.0,776f095d,1.089
1456347481.0,eb970b3f,1.099
1456347481.0,bfd9d768,1.099
1456347481.0,94f69df7,1.119
1456347481.0,67f771de,1.029
1456347481.0,d247620c,1.089
1456347481.0,0852c1a9,1.099
1456347481.0,5a5bd833,1.079
1456347481.0,86f2d661,1.099
1456347481.0,26ae107e,1.079
1456347481.0,aa7bb382,1.089
1456347481.0,b82e8807,1.099
1456347481.0,190db56f,1.099
1456347481.0,4f704bb1,1.079
1456347481.0,153762cf,1.089
1456347481.0,566fa8fb,1.099
1456347481.0,a4ab46ee,1.089
1456347481.0,8025debd,1.089
1456347481.0,d46cba13,1.099
1456347481.0,7eb76101,1.099
1456347481.0,f00b592d,1.099
1456347481.0,9aff86f3,1.089
1456347481.0,180c401e,1.089
1456347481.0,fe19868d,1.099
1456347481.0,1b33191e,1.089
1456347481.0,ec19c93a,1.099
1456347481.0,4dcce79a,1.089
1456347481.0,76e411f5,1.089
1456347481.0,9c250156,1.039
1456347481.0,6c0bfd68,1.099
1456347481.0,422c3409,1.099
1456347481.0,bf861b98,1.099
1456347481.0,0ec80a86,1.079
1456347481.0,62d5be65,1.119
1456347481.0,ca089b70,1.099
1456347481.0,8a7ae372,1.089
1456347481.0,4b53a6b2,1.119
1456347481.0,44959c83,1.119
1456347481.0,0b55b37e,1.099
1456347481.0,1f1e08d5,1.099
1456347481.0,c6b47de7,1.089
1456347481.0,bbc20221,1.099
1456347481.0,4d930ee5,1.089
1456347481.0,4347f862,1.039
1456347481.0,f8947f1b,1.089
1456347481.0,e6322e78,1.089
1456347481.0,2660c764,1.079
1456347481.0,53e9b1ac,1.099
1456347481.0,51011eb5,1.089
1456347481.0,e576fe06,1.099
1456347481.0,c2a07e5c,1.039
1456347481.0,a260f4a5,1.084
1456347481.0,ab28d306,1.119
1456347481.0,e9fe3dfb,1.099
1456347481.0,a9f445d8,1.169
1456347481.0,ad4337a9,1.069
1456347481.0,c5f1c80c,1.089
1456347481.0,dd465a5d,1.099
1456347481.0,3c41d6ca,1.099
1456347481.0,c56babf8,1.089
1456347481.0,2945d488,1.099
1456347481.0,9090ae53,1.099
1456347481.0,,1.169
1456347481.0,7cdc9523,1.099
1456347481.0,35de2e09,1.119
1456347481.0,7141f533,1.099
1456347481.0,21045357,1.099
1456347481.0,f73b5de2,1.099
1456347481.0,186a2106,1.089
1456347481.0,c631958b,1.089
1456347481.0,2337f9ca,1.089
1456347481.0,a093cd4b,1.089
1456347481.0,ab01842d,1.099
1456347481.0,67c0cb5c,1.099
1456347481.0,0bcc45f5,1.039
1456347481.0,4e30bdf2,1.099
1456347481.0,c7f1eb71,1.099
1456347481.0,2042ed0f,1.089
1456347481.0,800fab5c,1.099
1456347481.0,74004306,1.089
1456347481.0,f322d52b,1.089
1456347481.0,41095c7b,1.079
1456347481.0,b8091458,1.094
1456347481.0,468066ad,1.099
1456347481.0,680d2cb8,1.099
1456347481.0,919fe547,1.099
1456347481.0,31b11e9e,1.109
1456347481.0,afb05ae2,1.099
1456347481.0,0fc44087,1.094
1456347481.0,5d4e52c0,1.099
1456347481.0,a453e0de,1.069
1456347481.0,efb267f7,1.099
1456347481.0,98b996d3,1.089
1456347481.0,d02509ed,1.089
1456347481.0,a0f3e216,1.119
1456347481.0,faaa1fe7,1.099
1456347481.0,9c308e5f,1.099
1456347481.0,12389609,1.099
1456347481.0,43b2838d,1.089
1456347481.0,cb04d9ea,1.099
1456347481.0,27268be1,0.959
1456347481.0,476837aa,1.099
1456347481.0,b003d766,1.094
1456347481.0,0c3d5570,1.099
1456347481.0,a0b4fcec,1.089
1456347481.0,619e3c7f,1.089
1456347481.0,135c7773,1.099
1456347481.0,9bfdebe0,1.099
1456347481.0,9ea3d2b6,1.089
1456347481.0,23ea2729,1.099
1456347481.0,a5296298,1.169
1456347481.0,d8e33d34,1.099
1456347481.0,b14fcca2,0.999
1456347481.0,3554bda4,1.089
1456347481.0,55fc2c6d,1.089
1456347481.0,50b4fb9f,1.099
1456347481.0,15b3db43,1.089
1456347481.0,020dac80,1.099
1456347481.0,2b8c12d2,1.089
1456347481.0,4c6fce6c,1.089
1456347481.0,d620afe2,1.089
1456347481.0,48f1eeb3,1.099
1456347481.0,6df6da28,1.099
1456347481.0,f708be71,1.099
1456347481.0,346a1694,1.099
1456347481.0,b43aab28,1.089
1456347481.0,b2a8b4b9,1.039
1456347481.0,2e77c5e7,1.039
1456347481.0,734b43c2,1.039
1456347481.0,729dc678,1.099
1456347481.0,0e72a56a,1.084
1456347481.0,27544315,1.099
1456347481.0,6c1eda32,1.099
1456347481.0,be6ae742,1.099
1456347481.0,72ee9f2a,1.099
1456347481.0,c409c6b3,1.019
1456347481.0,783f4b92,1.099
1456347481.0,810ecb7a,1.079
1456347481.0,7dde6783,1.089
1456347481.0,e2cdf18c,1.099
1456347481.0,449d3ddf,1.099
1456347481.0,2a241874,0.999
1456347481.0,07ccba78,1.099
1456347481.0,bdf0a3dc,1.099
1456347481.0,c1921151,1.099
1456347481.0,c53a45b7,1.099
1456347481.0,6bbf6dea,1.089
1456347481.0,dfed207f,1.099
1456347481.0,c843ae37,1.089
1456347481.0,32ba3943,1.079
1456347481.0,b3701dfd,1.099
1456347481.0,530cc62e,1.099
1456347481.0,3df2304c,1.089
1456347481.0,fbb2872c,1.069
1456347481.0,43d54d96,1.099
1456347481.0,dcfdd6fc,1.089
1456347481.0,53070d21,1.099
1456347481.0,fc93128d,1.119
1456347481.0,f224f5b7,1.099
1456347481.0,a630f96a,1.099
1456347481.0,c9dc18ed,1.039
1456347481.0,b471c98a,1.079
1456347481.0,08e08bee,1.099
1456347481.0,8ff3cfbc,1.099
1456347481.0,9dd5a00c,1.069
1456347481.0,40b29863,1.009
1456347481.0,93ef3495,1.099
1456347481.0,72d26b77,1.089
1456347481.0,87856e5d,1.099
1456347481.0,70879f72,1.099
1456347481.0,ddeeda43,1.089
1456347481.0,757d5670,1.099
1456347481.0,07de256c,1.099
1456347481.0,14c0148e,1.099
1456347481.0,315928ce,1.019
1456347481.0,,1.089
1456347481.0,ed5cd338,0.999
1456347481.0,570306b1,1.089
1456347481.0,67fdfb0c,1.089
1456347481.0,4bbcb4db,1.039
1456347481.0,f333e2b9,0.999
1456347481.0,69f7d4d7,1.089
1456347481.0,beaae59a,1.099
1456347481.0,c6a1b911,1.089
1456347481.0,bd4bb0e4,1.099
1456347481.0,1cdb45b5,1.089
1456347481.0,342d1420,1.099
1456347481.0,b1184001,1.099
1456347481.0,0c9168e0,1.099
1456347481.0,58a7384f,1.089
1456347481.0,8977f83b,1.099
1456347481.0,52227bb2,1.089
1456347481.0,a40e9c55,1.089
1456347481.0,476b265b,1.099
1456347481.0,385d85e8,1.099
1456347481.0,35155576,1.169
1456347481.0,fb44675e,1.089
1456347481.0,9572e9cf,1.099
1456347481.0,bdd46409,1.099
1456347481.0,925e5435,1.099
1456347481.0,779d347d,1.089
1456347481.0,409b2b7e,1.089
1456347481.0,1929517b,1.099
1456347481.0,a12b880b,1.089
1456347481.0,0ebd49bf,1.119
1456347481.0,0d730a98,1.079
1456347481.0,79534436,1.169
1456347481.0,e291397b,1.099
1456347481.0,ed996a11,1.099
1456347481.0,668a9de0,1.089
1456347481.0,ece4dd56,1.099
1456347481.0,368b0430,1.099
1456347481.0,966a40ae,1.089
1456347481.0,9ab54d52,1.089
1456347481.0,5103112e,1.039
1456347481.0,23e2d722,1.099
1456347481.0,274be62b,1.099
1456347481.0,6f79337c,1.089
1456347481.0,3344673e,1.099
1456347481.0,c5094307,1.099
1456347481.0,f8d94280,1.099
1456347481.0,6770a660,1.089
1456347481.0,649d4623,1.099
1456347481.0,7c781a47,1.089
1456347481.0,62704b8a,1.089
1456347481.0,39040b75,1.099
1456347481.0,c706a4de,1.089
1456347481.0,e95e6a2a,1.089
1456347481.0,37b5d60a,1.089
1456347481.0,260e3a4c,1.089
1456347481.0,c90ddd1c,1.099
1456347481.0,76b10566,1.089
1456347481.0,0774916f,1.039
1456347481.0,26906f78,1.089
1456347481.0,65bf913d,1.094
1456347481.0,c9974d8f,1.099
1456347481.0,ae934bd5,1.089
1456347481.0,7906e124,1.089
1456347481.0,922d7fa3,1.079
1456347481.0,a90392b0,1.099
1456347481.0,1ffbed87,1.089
1456347481.0,ef081ec1,1.089
1456347481.0,dc013155,1.089
1456347481.0,5c0dc2e6,1.089
1456347481.0,064f5bd1,1.079
1456347481.0,e7cf315e,1.099
1456347481.0,bab71d7a,1.099
1456347481.0,6204496e,1.099
1456347481.0,e532f970,1.089
1456347481.0,c98807b3,1.039
1456347481.0,44aa767f,1.089
1456347481.0,f6f661ae,1.099
1456347481.0,77f11204,1.099
1456347481.0,d6243610,1.099
1456347481.0,7653cc6a,1.089
1456347481.0,6097ffe8,1.089
1456347481.0,f7e752c7,1.089
1456347481.0,576edbde,1.099
1456347481.0,efd124a1,1.094
1456347481.0,07874667,1.089
1456347481.0,99279e16,1.099
1456347481.0,2249d84a,1.119
1456347481.0,3b37a294,1.099
1456347481.0,83fa6876,1.039
1456347481.0,800691b2,1.099
1456347481.0,e657e4ae,1.089
1456347481.0,58e1a8b4,1.089
1456347481.0,71afb3c0,1.079
1456347481.0,9fc9a999,1.099
1456347481.0,,1.089
1456347481.0,7d502fbb,1.089
1456347481.0,8c2198f0,1.099
1456347481.0,265c7e5d,1.079
1456347481.0,4bd28877,1.099
1456347481.0,6b867ae3,1.079
1456347481.0,1848de21,1.089
1456347481.0,1948ba16,1.089
1456347481.0,8c41eda4,1.099
1456347481.0,1d65a34f,1.089
1456347481.0,d72d099c,1.089
1456347481.0,c1a5c3a6,1.089
1456347481.0,f47e8638,1.069
1456347481.0,28eb51aa,1.089
1456347481.0,,1.089
1456347481.0,9b0f9cb3,0.999
1456347481.0,2a5e6e74,1.099
1456347481.0,1595cde4,1.099
1456347481.0,250c83be,1.089
1456347481.0,0e7d2ef5,1.099
1456347481.0,b4c7a5ed,1.089
1456347481.0,40e47eaa,1.089
1456347481.0,083297f9,1.099
1456347481.0,72b223b1,1.089
1456347481.0,5c88c29d,1.089
1456347481.0,f010f0a1,1.119
1456347481.0,c5b26ed2,1.089
1456347481.0,5ce80f96,1.099
1456347481.0,c22d075f,1.159
1456347481.0,4a9b9c71,1.099
1456347481.0,d6d166bf,1.089
1456347481.0,bbb7883b,1.094
1456347481.0,81adfc57,1.089
1456347481.0,f8f041cb,1.099
1456347481.0,166ca755,1.099
1456347481.0,ae948682,1.099
1456347481.0,aa01c225,1.169
1456347481.0,ac394be0,1.079
1456347481.0,ba9fb6db,1.099
1456347481.0,c74d8db0,1.119
1456347481.0,16e01aa0,1.119
1456347481.0,35cb7ed4,1.099
1456347481.0,823f1901,1.099
1456347481.0,aaa58622,1.099
1456347481.0,0967fa61,1.039
1456347481.0,1543d9a2,1.099
1456347481.0,1c52e235,1.039
1456347481.0,58d65b27,1.099
1456347481.0,2358eb9a,1.089
1456347481.0,a514041e,1.119
1456347481.0,2b04db76,1.099
1456347481.0,08e59639,1.099
1456347481.0,4ea41fde,1.089
1456347481.0,95bbbe2f,1.039
1456347481.0,39116d5f,1.089
1456347481.0,49878878,1.099
1456347481.0,2ac82f45,1.019
1456347481.0,e2c5c4f3,1.099
1456347481.0,b84f5be2,1.089
1456347481.0,e9209897,1.099
1456347481.0,41f89d4b,1.079
1456347481.0,0dd8ba4c,1.099
1456347481.0,7e304939,1.059
1456347481.0,ac9a449a,1.099
1456347481.0,b7d922c5,1.039
1456347481.0,41ca6c6a,1.099
1456347481.0,03633a4d,1.089
1456347481.0,5543a9fd,1.099
1456347481.0,16fbfac7,1.079
1456347481.0,dc5ff7cf,1.089
1456347481.0,a42108f2,1.099
1456347481.0,952e8670,1.089
1456347481.0,d3a45b84,1.089
1456347481.0,035ff990,1.089
1456347481.0,94b48398,1.089
1456347481.0,c8081aa2,1.039
1456347481.0,836bcdaa,1.099
1456347481.0,46bea8c9,1.169
1456347481.0,1dad0cef,1.089
1456347481.0,160addff,1.099
1456347481.0,0da2e486,1.089
1456347481.0,f92bdf7c,1.079
1456347481.0,ccbd9cdd,1.169
1456347481.0,53e57ac2,1.059
1456347481.0,58c2b34c,1.089
1456347481.0,81c26764,1.099
1456347481.0,6fe947de,1.079
1456347481.0,24b936ef,1.089
1456347481.0,9dff86f1,1.099
1456347481.0,9022b426,1.099
1456347481.0,dd3f23e4,0.997
1456347481.0,5054e21e,1.089
1456347481.0,d37974e1,1.089
1456347481.0,86e7b77c,1.099
1456347481.0,ce55c12b,1.079
1456347481.0,72054327,1.089
1456347481.0,97eccc29,1.099
1456347481.0,f6936d02,1.119
1456347481.0,2638af68,1.099
1456347481.0,9eabd75a,1.089
1456347481.0,47c753f1,1.099
1456347481.0,87c19f02,1.099
1456347481.0,9168991d,1.089
1456347481.0,6e520560,1.119
1456347481.0,cf57d1bf,1.099
1456347481.0,b5fd05ce,1.099
1456347481.0,d587eb93,1.099
1456347481.0,1b10d043,1.099
1456347481.0,806052b0,1.099
1456347481.0,a3dd230b,1.099
1456347481.0,1d50351d,1.039
1456347481.0,4235a8fd,1.089
1456347481.0,6fa2467f,1.119
1456347481.0,f41a8a6d,1.099
1456347481.0,85e1d8aa,1.099
1456347481.0,56548677,1.099
1456347481.0,9cc2158c,1.099
1456347481.0,c48df784,1.099
1456347481.0,577368de,1.039
1456347481.0,8d7a014c,1.099
1456347481.0,52bd7863,1.099
1456347481.0,3ec9f041,1.119
1456347481.0,d92a0847,1.119
1456347481.0,b29e1284,1.119
1456347481.0,1b140b5b,1.099
1456347481.0,75167b82,1.089
1456347481.0,0cca58b4,1.099
1456347481.0,f12a9542,1.099
1456347481.0,8a52d816,1.099
1456347481.0,576c1f5f,1.039
1456347481.0,ba2213e9,1.099
1456347481.0,9d668c87,1.099
1456347481.0,c82a22de,1.099
1456347481.0,7f1b927c,1.009
1456347481.0,8d47e406,1.099
1456347481.0,9e1d1354,1.099
1456347481.0,e544e8dc,1.119
1456347481.0,e54e047f,1.099
1456347481.0,a94a336f,1.089
1456347481.0,5780923a,1.079
1456347481.0,a7a2a72e,1.169
1456347481.0,30e60f32,1.089
1456347481.0,6f55f694,1.099
1456347481.0,f9f836d8,1.109
1456347481.0,113fcda7,1.039
1456347481.0,d2690695,1.039
1456347481.0,577ae214,1.089
1456347481.0,838f2221,1.099
1456347481.0,e0973b4a,1.089
1456347481.0,43e34126,1.099
1456347481.0,f50a208b,1.089
1456347481.0,5dc3decc,1.099
1456347481.0,f1e93609,1.099
1456347481.0,f5d0841a,1.089
1456347481.0,6e409c53,0.999
1456347481.0,950d79ab,1.089
1456347481.0,33358700,1.099
1456347481.0,d766c910,1.099
1456347481.0,4d4ddfe6,1.099
1456347481.0,b49ab0b4,1.099
1456347481.0,a3a8caec,1.099
1456347481.0,2c3a5362,1.089
1456347481.0,adaeaab7,1.099
1456347481.0,b712cdad,1.099
1456347481.0,57135983,1.099
1456347481.0,960bd28e,1.099
1456347481.0,6222a80d,1.089
1456347481.0,7f6e5cbd,1.099
1456347481.0,a54c76e8,1.099
1456347481.0,594fc2e9,1.099
1456347481.0,823a371f,1.094
1456347481.0,def62512,1.099
1456347481.0,c042fdd9,1.099
1456347481.0,3de9352c,1.099
1456347481.0,aa9c7d7a,1.119
1456347481.0,5c7976a7,1.099
1456347481.0,741f4fab,1.089
1456347481.0,799f1fd6,1.099
1456347481.0,6c11a054,1.099
1456347481.0,f3d8409b,1.099
1456347481.0,cef089b3,1.089
1456347481.0,87cd0504,1.089
1456347481.0,69055d76,1.049
1456347481.0,cb7e73c0,1.089
1456347481.0,8404a707,1.089
1456347481.0,833241cf,1.094
1456347481.0,47e03c5b,1.119
1456347481.0,68781b4b,1.099
1456347481.0,2dc40154,1.119
1456347481.0,f05874bd,1.099
1456347481.0,5cbc21f8,1.099
1456347481.0,aae7bd53,1.099
1456347481.0,8b5466e6,1.089
1456347481.0,473de136,1.099
1456347481.0,a03a811d,1.089
1456347481.0,6fd1563c,1.089
1456347481.0,32dcc2c9,1.039
1456347481.0,32ecd8d4,1.099
1456347481.0,e3586265,1.099
1456347481.0,076da68e,0.999
1456347481.0,a5e3beef,1.089
1456347481.0,0c473f0d,0.949
1456347481.0,f8203036,1.099
1456347481.0,b299d8d7,1.089
1456347481.0,762cedec,1.039
1456347481.0,59be95b5,1.099
1456347481.0,fe41844a,1.119
1456347721.0,b25a734b,0.949
1456347721.0,13b165d7,0.979
1456347721.0,a83646b4,0.959
1456347721.0,003fdf3a,0.979
1456347721.0,b5cf690e,0.989
1456347721.0,41a43995,0.969
1456347721.0,f9799e28,0.969
1456347721.0,10e3f6cf,0.979
1456347721.0,ecf3763b,0.979
1456347721.0,04ef222e,1.169
1456347721.0,d027b10d,0.949
1456347721.0,21904c45,0.979
1456347721.0,afd3de60,0.979
1456347721.0,cc6d6eb2,1.079
1456347721.0,2ae20e3b,1.079
1456347721.0,3cce768e,1.169
1456347721.0,3318e0c6,1.059
1456347721.0,ea1e491b,1.179
1456347721.0,85dec34a,1.059
1456347721.0,b064c9f5,1.139
1456347721.0,19284bc1,1.159
1456347721.0,d6f30aff,1.169
1456347721.0,3c5b5221,1.049
1456347721.0,609e4eb1,1.099
1456347721.0,87d550b4,1.129
1456347721.0,549a242e,1.079
1456347721.0,4a262cc4,1.079
1456347721.0,6cfd795c,1.059
1456347721.0,ff6209cb,1.069
1456347721.0,464f5c00,1.169
1456347721.0,a4d2bd28,1.059
1456347721.0,d52b5e19,1.169
1456347721.0,911d9371,1.169
1456347721.0,91ebab1c,1.059
1456347721.0,a8c5daba,1.059
1456347721.0,03892e91,1.129
1456347721.0,7cd1d3ec,1.169
1456347721.0,50585854,1.059
1456347721.0,ebeb80cb,1.129
1456347721.0,6d7e72b2,1.159
1456347721.0,23e41d8c,1.049
1456347721.0,a2ab785a,1.139
1456347721.0,4ebf7b5b,1.139
1456347721.0,8c0b2fab,1.099
1456347721.0,f032f387,1.059
1456347721.0,df009d5a,1.049
1456347721.0,6ac0d50f,1.129
1456347721.0,d62b675f,1.079
1456347721.0,286c1902,1.059
1456347721.0,838d5c60,1.109
1456347721.0,815c5703,1.139
1456347721.0,5236886a,1.049
1456347721.0,acf24033,1.069
1456347721.0,74b270e2,1.069
1456347721.0,cb17fa8d,1.169
1456347721.0,c15538a6,1.169
1456347721.0,1d2b410a,1.169
1456347721.0,483e25f7,1.169
1456347721.0,1febf6ac,1.059
1456347721.0,c5627012,1.159
1456347721.0,09f3e38a,1.169
1456347721.0,6769da06,1.169
1456347721.0,89b4dcbb,1.169
1456347721.0,ba9a540e,1.169
1456347721.0,1ed95260,1.179
1456347721.0,1aa24614,1.059
1456347721.0,054eaec2,1.169
1456347721.0,5eb5db1f,1.169
1456347721.0,cea10ab0,1.049
1456347721.0,b524582e,1.169
1456347721.0,5ac9ec5a,1.059
1456347721.0,a447b2ea,1.169
1456347721.0,756325f1,1.169
1456347721.0,568f7193,1.059
1456347721.0,b46341ba,1.059
1456347721.0,9f4127f4,1.059
1456347721.0,85d0e643,1.169
1456347721.0,bcaf4920,1.169
1456347721.0,8e2183f6,1.049
1456347721.0,9694fac5,1.179
1456347721.0,d56a4712,1.059
1456347721.0,3f809e45,1.059
1456347721.0,0ed0bca9,1.069
1456347721.0,3f2ba968,1.059
1456347721.0,dad17cc9,1.059
1456347721.0,c2c059ad,1.069
1456347721.0,e0ca8158,1.109
1456347721.0,3133beb1,1.059
1456347721.0,de115c83,1.179
1456347721.0,87fa15f1,1.169
1456347721.0,3a35a2ab,0.969
1456347721.0,186db07d,1.169
1456347721.0,09bc3f2e,1.179
1456347721.0,a23b6ab7,1.049
1456347721.0,7a5a5f94,1.059
1456347721.0,d1cb3372,1.179
1456347721.0,33d56fd4,1.169
1456347721.0,601bbb50,1.169
1456347721.0,ef793ac8,1.169
1456347721.0,80e60cfc,1.069
1456347721.0,c74b9c21,1.139
1456347721.0,e64f148b,1.099
1456347721.0,b48db3d0,1.159
1456347721.0,909782ef,1.159
1456347721.0,1a2a17d8,1.129
1456347721.0,2181a96b,1.069
1456347721.0,8bf505c8,1.169
1456347721.0,4015542f,1.059
1456347721.0,84028c7a,1.059
1456347721.0,9e517882,1.049
1456347721.0,fb553435,1.009
1456347721.0,ca466dce,1.169
1456347721.0,4ffe2958,1.139
1456347721.0,5f67b593,1.079
1456347721.0,7c0392d5,1.149
1456347721.0,19a4dc27,1.169
1456347721.0,7787058a,1.079
1456347721.0,74767a2c,1.169
1456347721.0,26e44f69,1.059
1456347721.0,78e71612,1.159
1456347721.0,4aaa267e,1.059
1456347721.0,5ce9d453,1.049
1456347721.0,db49e9d2,1.169
1456347721.0,09aa1a8b,1.049
1456347721.0,630f5fa3,1.139
1456347721.0,384c3465,1.059
1456347721.0,f889436a,1.049
1456347721.0,06f8b9dc,1.059
1456347721.0,0feab2d6,1.119
1456347721.0,e32371df,1.109
1456347721.0,09576ba9,1.059
1456347721.0,255a4603,1.089
1456347721.0,49230def,1.169
1456347721.0,f754cf3e,1.049
1456347721.0,697d8735,1.169
1456347721.0,ddaef23c,1.169
1456347721.0,22e23737,1.089
1456347721.0,2a7a2a42,1.139
1456347721.0,8b42f488,1.159
1456347721.0,bf4ccf7b,1.169
1456347721.0,340e9b8b,1.079
1456347721.0,1027f7e1,1.049
1456347721.0,0d9ac59b,1.139
1456347721.0,518317d2,1.149
1456347721.0,,1.169
1456347721.0,c9b6490b,1.159
1456347721.0,5597ee18,1.099
1456347721.0,3aecb034,1.059
1456347721.0,c63212af,0.959
1456347721.0,ef9d6356,1.059
1456347721.0,7a8bfc02,1.169
1456347721.0,43bfc6b5,1.059
1456347721.0,61817e2c,1.049
1456347721.0,0a1259e1,1.169
1456347721.0,bdd895df,1.099
1456347721.0,b9cf4218,1.169
1456347721.0,6ecefdf4,1.049
1456347721.0,84705f45,1.059
1456347721.0,7b9e88e2,1.059
1456347721.0,77dec945,1.059
1456347721.0,58e3ecab,1.169
1456347721.0,265fe188,1.039
1456347721.0,7771824e,1.059
1456347721.0,24a41128,1.059
1456347721.0,03c6bccb,1.099
1456347721.0,02f94ae2,1.059
1456347721.0,d2f10be7,1.169
1456347721.0,b60e1ffb,1.129
1456347721.0,2917587e,1.139
1456347721.0,73ae4422,1.059
1456347721.0,1262b7a3,1.169
1456347721.0,de1ded73,1.169
1456347721.0,fe18c405,1.059
1456347721.0,655c57b5,1.079
1456347721.0,c65f2d75,1.049
1456347721.0,b5464430,1.169
1456347721.0,4f0a94f9,1.059
1456347721.0,7387def2,1.049
1456347721.0,f785fb75,1.139
1456347721.0,deb8505f,1.059
1456347721.0,b86ca5b3,1.059
1456347721.0,edcf5ae9,1.159
1456347721.0,5ef22064,1.059
1456347721.0,,1.059
1456347721.0,b3a02a90,1.069
1456347721.0,06c6d7b1,1.049
1456347721.0,e33ec07a,1.119
1456347721.0,bd9e200b,1.059
1456347721.0,1f6e5e51,1.179
1456347721.0,d5b6651a,1.129
1456347721.0,f6c7ffc6,1.149
1456347721.0,dd52b873,1.059
1456347721.0,2629c35e,1.159
1456347721.0,,1.109
1456347721.0,039cdb4d,1.169
1456347721.0,9481f21d,1.149
1456347721.0,f5c448cd,1.099
1456347721.0,272049b7,1.179
1456347721.0,b7bc3e61,1.169
1456347721.0,56207684,1.069
1456347721.0,2228d8bc,1.059
1456347721.0,190a2749,1.109
1456347721.0,24e62803,1.059
1456347721.0,1569342b,1.059
1456347721.0,4764c22b,1.069
1456347721.0,d09811d3,1.099
1456347721.0,2820e4a6,1.069
1456347721.0,332c6cef,1.099
1456347721.0,d93d5579,1.059
1456347721.0,83bbc321,1.159
1456347721.0,0afb21d0,1.169
1456347721.0,cb6f9df2,1.079
1456347721.0,bb3f103e,1.159
1456347721.0,bbf56463,1.169
1456347721.0,136e5310,1.169
1456347721.0,c6dcc020,1.169
1456347721.0,7b51b5c3,1.059
1456347721.0,d7bb7cbb,1.069
1456347721.0,4b229f4e,1.149
1456347721.0,091ee9ad,1.169
1456347721.0,14dfafb1,1.079
1456347721.0,0eaf6606,1.169
1456347721.0,888f3033,1.049
1456347721.0,5087513f,1.169
1456347721.0,61f78d05,1.129
1456347721.0,c232241f,1.099
1456347721.0,297818d7,1.059
1456347721.0,af8d1232,1.159
1456347721.0,4a2e604f,1.079
1456347721.0,963a5d2e,1.169
1456347721.0,5ecab051,1.059
1456347721.0,3c01d155,1.059
1456347721.0,c3fac240,1.169
1456347721.0,eed6c533,1.129
1456347721.0,6a9a24d9,1.149
1456347721.0,d0ecac7c,1.169
1456347721.0,971048ac,1.169
1456347721.0,75005b6a,1.169
1456347721.0,ed5d2ad9,1.069
1456347721.0,c3ff1b21,1.059
1456347721.0,249f3b9d,1.139
1456347721.0,493bde6c,1.089
1456347721.0,e1307a34,1.169
1456347721.0,eba73bce,1.139
1456347721.0,265ebd00,1.169
1456347721.0,a271e835,1.149
1456347721.0,0fc08209,1.169
1456347721.0,318fc332,1.059
1456347721.0,f10a7896,1.139
1456347721.0,83cf5969,1.109
1456347721.0,34f8b648,1.059
1456347721.0,8b02d213,1.069
1456347721.0,01117f28,1.129
1456347721.0,ba9bb9e7,1.089
1456347721.0,7dcac0a5,1.009
1456347721.0,12f330d3,1.059
1456347721.0,e1c57a67,1.099
1456347721.0,5ce35089,1.169
1456347721.0,4f72fca5,1.169
1456347721.0,515a767d,1.049
1456347721.0,,1.179
1456347721.0,9a8f9943,1.059
1456347721.0,967f436d,1.049
1456347721.0,414229cf,1.049
1456347721.0,b2a7fde4,1.049
1456347721.0,a16c8d86,1.169
1456347721.0,56ce5673,1.059
1456347721.0,902ccc5b,1.059
1456347721.0,baa200b9,1.109
1456347721.0,d55bad5b,1.129
1456347721.0,9c49f636,1.059
1456347721.0,7e3ce0ca,1.059
1456347721.0,9278d791,1.169
1456347721.0,dc36cd86,1.169
1456347721.0,c595c849,1.169
1456347721.0,cc6a0aeb,1.059
1456347721.0,ae0b5aa6,1.099
1456347721.0,02f5834c,1.059
1456347721.0,f4ba9484,1.169
1456347721.0,77a71659,1.179
1456347721.0,e6aa9001,1.169
1456347721.0,a72d491e,1.169
1456347721.0,3e081642,1.139
1456347721.0,3870ca4c,1.049
1456347721.0,305c755c,1.139
1456347721.0,65e795cc,1.059
1456347721.0,efacbc65,1.169
1456347721.0,a25aae71,1.169
1456347721.0,ae47fcf2,1.059
1456347721.0,84b4d9e4,1.059
1456347721.0,f6351701,1.059
1456347721.0,e85fcc79,1.059
1456347721.0,1fb105e7,1.149
1456347721.0,5fb581f7,1.059
1456347721.0,63b76619,1.169
1456347721.0,8e4d1e9d,1.169
1456347721.0,bb79fa75,1.149
1456347721.0,a47c6f9f,1.169
1456347721.0,fbd5f329,1.059
1456347721.0,7def65cf,1.059
1456347721.0,ac3c5f1a,1.129
1456347721.0,43b030ef,1.049
1456347721.0,139cc5da,1.059
1456347721.0,763d8dd8,1.149
1456347721.0,d3b57fc9,1.079
1456347721.0,84524e63,1.169
1456347721.0,161691b3,1.059
1456347721.0,,1.159
1456347721.0,12077d15,1.139
1456347721.0,05076f05,1.159
1456347721.0,8547b6b8,1.049
1456347721.0,556f2f94,1.059
1456347721.0,2c0b3549,1.059
1456347721.0,7395c363,1.069
1456347721.0,95321d2a,1.169
1456347721.0,a14af66a,1.169
1456347721.0,06f5dad2,1.169
1456347721.0,3e301f60,1.139
1456347721.0,a176d119,1.079
1456347721.0,4d87be41,1.149
1456347721.0,822f88d8,1.149
1456347721.0,86a500f1,1.139
1456347721.0,c7042a91,1.169
1456347721.0,9f8e2486,1.169
1456347721.0,d33634e3,1.059
1456347721.0,eecb0e50,1.079
1456347721.0,,1.059
1456347721.0,7bc75eb5,1.169
1456347721.0,8371a1aa,1.169
1456347721.0,66e25ec6,1.079
1456347721.0,a27aa278,1.059
1456347721.0,e401b629,1.179
1456347721.0,d36374e8,1.169
1456347721.0,8aefbe17,1.179
1456347721.0,d69a14de,1.169
1456347721.0,b21e0b80,1.179
1456347721.0,d161f15f,1.059
1456347721.0,daf5b359,1.169
1456347721.0,d3913b4a,1.169
1456347721.0,23e9a491,1.099
1456347721.0,a9d61346,1.049
1456347721.0,86cc51ec,1.169
1456347721.0,8bbdd98f,1.179
1456347721.0,3b11c17c,1.059
1456347721.0,3fcb4cf6,1.129
1456347721.0,81e03bde,1.169
1456347721.0,a0b68564,1.159
1456347721.0,a1add909,1.169
1456347721.0,6a686e72,1.109
1456347721.0,8720b933,1.169
1456347721.0,30546742,1.129
1456347721.0,afa8e37d,1.059
1456347721.0,2371f256,1.109
1456347721.0,f6308e2a,1.159
1456347721.0,6c406288,1.149
1456347721.0,55a8333b,1.059
1456347721.0,117e8bca,1.059
1456347721.0,17a062c5,1.169
1456347721.0,3cb139bc,1.079
1456347721.0,1815e4b9,1.089
1456347721.0,12fda0fa,1.179
1456347721.0,e37ae88a,1.059
1456347721.0,ebba1d3e,1.159
1456347721.0,c6463fb6,1.059
1456347721.0,cb4c397b,1.149
1456347721.0,2680f30f,1.059
1456347721.0,19bab6ff,1.139
1456347721.0,8be22ce1,1.059
1456347721.0,1c5ed232,1.059
1456347721.0,6904580a,1.139
1456347721.0,e02ad3ff,1.149
1456347721.0,6670ab73,1.089
1456347721.0,ddce8cd4,1.169
1456347721.0,8e50b796,1.059
1456347721.0,0db4d96c,1.059
1456347721.0,67c4f219,1.089
1456347721.0,,1.169
1456347721.0,22455ce3,1.079
1456347721.0,07f5aeea,1.099
1456347721.0,aaf0a483,1.069
1456347721.0,136065e7,1.109
1456347721.0,c349e5a2,1.149
1456347721.0,b0f0f3c3,1.169
1456347721.0,0f76eceb,1.089
1456347721.0,8dbae4c1,1.079
1456347721.0,c5cb9d46,1.059
1456347721.0,34021125,1.059
1456347721.0,cf6cd137,1.169
1456347721.0,b769a655,1.049
1456347721.0,d6832363,1.059
1456347721.0,8efe111b,1.059
1456347721.0,26dc2927,1.079
1456347721.0,d60a08fc,1.179
1456347721.0,55c76ce6,1.169
1456347721.0,fd3d8f28,1.079
1456347721.0,254d26d3,1.129
1456347721.0,3e1f509e,1.159
1456347721.0,f044b2d1,1.049
1456347721.0,b961310a,1.169
1456347721.0,ce5e8238,1.169
1456347721.0,7a018377,1.099
1456347721.0,577be558,1.089
1456347721.0,7ef38273,1.059
1456347721.0,a2a310e7,1.049
1456347721.0,e2266b20,1.169
1456347721.0,f6746552,1.189
1456347721.0,1ab747ac,1.169
1456347721.0,6f5fb6ba,1.059
1456347721.0,9dab0bd8,1.169
1456347721.0,1b5ef1d1,1.179
1456347721.0,f0e3472f,1.169
1456347721.0,faa85b47,1.059
1456347721.0,43f8de50,1.129
1456347721.0,323627e3,1.079
1456347721.0,be63e7a4,1.059
1456347721.0,4cbd5ec1,1.179
1456347721.0,88ed2626,1.169
1456347721.0,ad7b7c05,1.059
1456347721.0,df3fd5ef,1.059
1456347721.0,14013752,1.049
1456347721.0,41618289,1.159
1456347721.0,97c49975,0.999
1456347721.0,dacaa91d,1.169
1456347721.0,5ae69800,1.059
1456347721.0,a77ad37d,1.179
1456347721.0,b3141223,1.169
1456347721.0,a08b0e98,1.099
1456347721.0,6f6a8c9c,1.059
1456347721.0,eccadaa3,1.169
1456347721.0,971ff457,1.059
1456347721.0,722bfb7b,1.179
1456347721.0,e827975b,1.069
1456347721.0,010520ef,1.049
1456347721.0,453bb6b1,1.169
1456347721.0,9c43f621,1.059
1456347721.0,e8c3f262,1.139
1456347721.0,2bd60a02,1.109
1456347721.0,b7502504,1.059
1456347721.0,c28f67a8,1.169
1456347721.0,29f0b62e,1.139
1456347721.0,b8bbf107,1.079
1456347721.0,4bc4b71f,1.099
1456347721.0,c6930db9,1.169
1456347721.0,1db561d0,1.179
1456347721.0,9e051c13,1.169
1456347721.0,85a9ebeb,1.079
1456347721.0,06eb0513,1.069
1456347721.0,8feda8b5,1.169
1456347721.0,7d4cb90b,1.169
1456347721.0,4220c4a0,1.169
1456347721.0,9f7d89ff,1.109
1456347721.0,cc6976b2,1.059
1456347721.0,9e990cfe,1.169
1456347721.0,2258db93,1.049
1456347721.0,4f1ec633,1.149
1456347721.0,815ef624,1.059
1456347721.0,93b5b301,1.169
1456347721.0,67b9bbe5,1.109
1456347721.0,5ae6dfd2,1.099
1456347721.0,a300968d,1.169
1456347721.0,a618c589,1.169
1456347721.0,0f29b89a,1.169
1456347721.0,6268c2a7,1.139
1456347721.0,d7e428bf,1.169
1456347721.0,095187b4,1.169
1456347721.0,5c2d9a2c,1.169
1456347721.0,2861d5a0,1.169
1456347721.0,7dc32cd3,1.059
1456347721.0,07971b4b,1.149
1456347721.0,2195c038,1.169
1456347721.0,980060a7,1.089
1456347721.0,2ae36ba1,1.059
1456347721.0,64edaf71,1.059
1456347721.0,90004d8a,1.049
1456347721.0,59a378e4,1.169
1456347721.0,1e85a7ee,1.169
1456347721.0,208f7301,1.169
1456347721.0,32c66e9a,1.169
1456347721.0,af468490,1.179
1456347721.0,1388fe07,1.059
1456347721.0,fe0b6fc9,1.169
1456347721.0,d2a9c0a1,1.069
1456347721.0,26d3d3cd,0.999
1456347721.0,06594e01,1.059
1456347721.0,e28599f0,1.169
1456347721.0,18ff9945,1.059
1456347721.0,b55aba69,1.009
1456347721.0,8f6a43ef,1.169
1456347721.0,136fdac8,1.059
1456347721.0,ce5f4f85,1.159
1456347721.0,2cb5ba1b,1.169
1456347721.0,8d5a6091,1.169
1456347721.0,88034757,1.059
1456347721.0,97ba0d32,1.069
1456347721.0,3aba7e15,1.099
1456347721.0,6362d058,1.169
1456347721.0,3eb1b356,1.059
1456347721.0,c22091a3,1.099
1456347721.0,69d23d4e,1.159
1456347721.0,b37f9c11,1.059
1456347721.0,2a4db9c0,1.059
1456347721.0,7e69e0ea,1.039
1456347721.0,c4c2ead1,1.059
1456347721.0,,1.059
1456347721.0,3ad50a81,1.149
1456347721.0,f86a6ea1,1.169
1456347721.0,be428e6e,1.149
1456347721.0,a64ec2ce,1.079
1456347721.0,d0fef588,1.059
1456347721.0,85e51241,1.079
1456347721.0,386807be,1.049
1456347721.0,5d832d02,1.079
1456347721.0,f868a6b6,1.169
1456347721.0,35dcdb61,1.059
1456347721.0,354f6a44,1.159
1456347721.0,f8e15df3,1.149
1456347721.0,9300020e,1.079
1456347721.0,89394d4f,1.169
1456347721.0,ed56981f,1.169
1456347721.0,e571ac33,1.169
1456347721.0,c060c224,1.159
1456347721.0,75db1286,1.179
1456347721.0,07709e8f,1.019
1456347721.0,bddf10a7,1.079
1456347721.0,bae5bc24,1.099
1456347721.0,428929ab,1.059
1456347721.0,7a719de4,1.149
1456347721.0,00b1da66,1.059
1456347721.0,bca5b114,1.089
1456347721.0,4397d974,1.149
1456347721.0,60a41d4c,1.049
1456347721.0,113d0a42,1.109
1456347721.0,3afb0fab,1.059
1456347721.0,7bcf3535,1.159
1456347721.0,7ac5212c,1.169
1456347721.0,9c3caa26,1.169
1456347721.0,43605438,1.179
1456347721.0,7053ce5b,1.169
1456347721.0,6148f9f1,1.059
1456347721.0,df7d4f7c,1.149
1456347721.0,8012958f,1.049
1456347721.0,9bde8003,1.149
1456347721.0,3fa1622b,1.059
1456347721.0,20fa2e02,1.059
1456347721.0,3bbe7509,1.059
1456347721.0,06881b45,1.049
1456347721.0,ea942936,1.059
1456347721.0,92d99a98,1.169
1456347721.0,075322ca,1.059
1456347721.0,6a19a25a,1.059
1456347721.0,cb98fbad,1.169
1456347721.0,db407393,1.059
1456347721.0,56858967,1.169
1456347721.0,22869ab1,1.059
1456347721.0,78676005,1.059
1456347721.0,9803f589,1.059
1456347721.0,3466d43f,1.059
1456347721.0,159f8b0e,1.059
1456347721.0,1650abb4,1.109
1456347721.0,37034115,1.169
1456347721.0,8f3d810d,1.079
1456347721.0,ce063fd7,1.049
1456347721.0,462fde27,1.059
1456347721.0,58d71582,1.169
1456347721.0,fa92cd9b,1.159
1456347721.0,025d09a7,1.069
1456347721.0,10a613d1,1.059
1456347721.0,fb66374e,1.059
1456347721.0,9238f031,1.079
1456347721.0,2189cfd2,1.169
1456347721.0,63616f1f,1.069
1456347721.0,6065d7c5,1.059
1456347721.0,47dc373a,1.179
1456347721.0,192ba8fb,1.169
1456347721.0,b066103f,1.129
1456347721.0,bce781d3,1.169
1456347721.0,108a3669,1.149
1456347721.0,49a12bf4,1.079
1456347721.0,9f1a6e1f,1.149
1456347721.0,76a9774c,1.059
1456347721.0,6f53ff69,1.169
1456347721.0,6f589bf0,1.059
1456347721.0,1e85ec4f,1.059
1456347721.0,69a8b3d2,1.169
1456347721.0,8a0db953,1.059
1456347721.0,f873156d,1.169
1456347721.0,cbf8e978,1.069
1456347721.0,2f0207af,1.169
1456347721.0,be3c20ef,1.059
1456347721.0,980d97ef,1.059
1456347721.0,efd8315d,1.169
1456347721.0,db422f1f,1.169
1456347721.0,45752743,1.059
1456347721.0,aea8331e,1.059
1456347721.0,92a71bb7,1.169
1456347721.0,a990e1a1,1.149
1456347721.0,45d8dea2,1.149
1456347721.0,20772809,1.149
1456347721.0,a1b6608c,1.059
1456347721.0,1fcd9128,1.169
1456347721.0,e7b78fcf,1.169
1456347721.0,851f334c,1.179
1456347721.0,533ac141,1.169
1456347721.0,a3b7ebf8,1.069
1456347721.0,862dbd5b,1.059
1456347721.0,39b9ba7f,1.089
1456347721.0,4da99a4e,1.149
1456347721.0,010c74dd,1.159
1456347721.0,e6c42bec,1.169
1456347721.0,1d3c1b45,1.099
1456347721.0,f5cb9500,0.999
1456347721.0,bc02464b,1.059
1456347721.0,,1.059
1456347721.0,7027d1cc,1.049
1456347721.0,d65d6aba,1.109
1456347721.0,f2d58e5e,1.169
1456347721.0,87959c0c,1.059
1456347721.0,d31ca38d,1.049
1456347721.0,9592640d,1.069
1456347721.0,8eb14afc,1.059
1456347721.0,5b5fec22,1.159
1456347721.0,08df9d3b,1.039
1456347721.0,c198217b,1.079
1456347721.0,be8fa131,1.169
1456347721.0,45b5a310,1.099
1456347721.0,e5a12873,1.169
1456347721.0,3564f546,1.059
1456347721.0,e251ae8a,1.169
1456347721.0,392c6ac7,1.049
1456347721.0,06aae991,1.169
1456347721.0,0346b908,1.059
1456347721.0,ddd69a66,1.059
1456347721.0,930fbc1c,1.169
1456347721.0,49467b62,1.169
1456347721.0,6d44f87b,1.139
1456347721.0,dbce00b6,1.059
1456347721.0,6d0d4e8a,1.099
1456347721.0,02797da2,1.169
1456347721.0,76308147,1.169
1456347721.0,b00dd683,1.169
1456347721.0,d8a919a3,1.059
1456347721.0,3b5be616,1.169
1456347721.0,,1.169
1456347721.0,cc9e6849,1.159
1456347721.0,0a9ae940,1.059
1456347721.0,53f9f79f,1.139
1456347721.0,15a0fe59,1.049
1456347721.0,43b50967,1.169
1456347721.0,b4b8fe99,1.169
1456347721.0,bd469a6d,1.129
1456347721.0,31f5cac5,1.089
1456347721.0,28f0e708,1.059
1456347721.0,d902aea0,1.049
1456347721.0,53c6c605,1.059
1456347721.0,a10531f9,1.089
1456347721.0,7d9e71ad,1.079
1456347721.0,afa3da28,1.009
1456347721.0,d0cff5c1,1.169
1456347721.0,efbeec26,1.059
1456347721.0,9fa8d44e,1.169
1456347721.0,ed327e9c,1.059
1456347721.0,55bdc634,1.179
1456347721.0,3cbc3531,1.099
1456347721.0,65964ff0,1.169
1456347721.0,e448c44d,1.169
1456347721.0,0567b4b5,1.059
1456347721.0,fc8981fc,1.059
1456347721.0,6560327b,1.169
1456347721.0,058f886a,1.149
1456347721.0,21d78be4,1.059
1456347721.0,08506b59,1.049
1456347721.0,7f4e0339,1.059
1456347721.0,21b0fe98,1.089
1456347721.0,4d705805,1.049
1456347721.0,4e4e1a16,1.159
1456347721.0,48a40a0d,1.169
1456347721.0,88759e4a,0.929
1456347721.0,d63f2c51,1.059
1456347721.0,ace7c36e,1.169
1456347721.0,4b6d11ce,1.059
1456347721.0,04ba07e6,1.169
1456347721.0,0b75329b,1.079
1456347721.0,,1.169
1456347721.0,00cf8738,1.099
1456347721.0,7534fa3e,1.139
1456347721.0,0aa181fc,1.149
1456347721.0,67c2a2b3,1.169
1456347721.0,1cd02c26,1.169
1456347721.0,e01507d6,1.099
1456347721.0,6195bd29,1.159
1456347721.0,deadb46b,1.049
1456347721.0,8a577495,1.139
1456347721.0,d16fca8a,1.059
1456347721.0,174df2ec,1.179
1456347721.0,51fcda8d,1.169
1456347721.0,c00964ae,1.059
1456347721.0,a8085b3d,1.059
1456347721.0,3abee862,1.059
1456347721.0,bb9f0bc7,1.169
1456347721.0,a3a74fcc,1.179
1456347721.0,79c94d83,1.059
1456347721.0,ce204e86,1.149
1456347721.0,fbc6af74,1.059
1456347721.0,99101bcc,1.169
1456347721.0,98d8fb7a,1.059
1456347721.0,23b2b0b7,1.159
1456347721.0,405af975,1.169
1456347721.0,eeb36e25,1.059
1456347721.0,f0dde5e2,1.149
1456347721.0,e7e474b4,1.059
1456347721.0,c6771c57,1.049
1456347721.0,4fee3e6d,1.079
1456347721.0,4778e8a1,1.139
1456347721.0,e878527c,1.139
1456347721.0,16b0be39,1.059
1456347721.0,08a83db9,1.059
1456347721.0,0108f899,1.059
1456347721.0,2c9a2837,1.169
1456347721.0,c92339a1,1.149
1456347721.0,778c7dfa,1.149
1456347721.0,f9dd3c36,1.059
1456347721.0,b6387436,1.169
1456347721.0,209105a0,1.169
1456347721.0,7f79215f,1.059
1456347721.0,668ec837,1.169
1456347721.0,31bc02c2,1.059
1456347721.0,d596df4f,1.099
1456347721.0,ef61acd1,1.149
1456347721.0,a004fbaa,1.159
1456347721.0,1ef6f99b,1.149
1456347721.0,6d37e962,1.059
1456347721.0,eca8b228,1.059
1456347721.0,c78085b8,1.049
1456347721.0,83cdf5cb,1.049
1456347721.0,81342b13,1.169
1456347721.0,3fd4709d,1.169
1456347721.0,28bd26e0,1.169
1456347721.0,5697f128,1.059
1456347721.0,80072a71,1.059
1456347721.0,018136eb,1.059
1456347721.0,f4098695,1.179
1456347721.0,993479c7,1.059
1456347721.0,27f84426,1.069
1456347721.0,bd333cd1,1.139
1456347721.0,92d959c6,1.169
1456347721.0,5aede176,1.079
1456347721.0,0f76854a,1.059
1456347721.0,219ec5d8,1.139
1456347721.0,bdda7ca8,1.169
1456347721.0,ee167171,1.169
1456347721.0,90057d6c,1.079
1456347721.0,966a7f4d,1.099
1456347721.0,fd70cdfd,1.049
1456347721.0,fd3cde5f,1.059
1456347721.0,ffa82d76,1.169
1456347721.0,b9331765,1.169
1456347721.0,35e9dc97,1.149
1456347721.0,249a69d6,1.079
1456347721.0,185c6827,1.169
1456347721.0,a8dbe3f9,1.169
1456347721.0,acc17656,1.079
1456347721.0,f1b1a06d,1.079
1456347721.0,27792a3d,1.109
1456347721.0,3dbf1358,1.079
1456347721.0,d0e7222d,1.169
1456347721.0,6881e83e,1.169
1456347721.0,8eef6c32,1.059
1456347721.0,e01a7247,1.149
1456347721.0,11450a74,1.059
1456347721.0,c9b21507,1.169
1456347721.0,e3d91258,1.109
1456347721.0,82fb994b,1.109
1456347721.0,9d49a53b,1.169
1456347721.0,1357de7e,1.049
1456347721.0,6797c38e,1.169
1456347721.0,521b2ae0,1.149
1456347721.0,189a4381,1.139
1456347721.0,4130795c,1.089
1456347721.0,959760d1,1.089
1456347721.0,e4653a83,1.059
1456347721.0,bf2623d5,1.049
1456347721.0,d2b9e2a3,1.069
1456347721.0,59d94ded,1.079
1456347721.0,6430d951,1.159
1456347721.0,ac1ca792,1.059
1456347721.0,e93a322c,1.159
1456347721.0,c8efbe00,1.069
1456347721.0,3ca3cce3,1.169
1456347721.0,a8b30b85,1.179
1456347721.0,6259b60b,1.159
1456347721.0,811659c7,1.059
1456347721.0,d9e1665f,1.129
1456347721.0,ebd5c64b,1.079
1456347721.0,a07f741f,1.059
1456347721.0,8bd77566,1.169
1456347721.0,085661ca,1.059
1456347721.0,b24e03a5,1.169
1456347721.0,261be2f5,1.179
1456347721.0,99c7ace3,1.059
1456347721.0,89756dbc,1.169
1456347721.0,2a57a759,1.169
1456347721.0,51ff7488,1.059
1456347721.0,cb0a8cc8,1.059
1456347721.0,cbb111f4,1.059
1456347721.0,4fbbcd3f,1.149
1456347721.0,26faab3e,1.059
1456347721.0,2890d1fb,1.059
1456347721.0,ba07cf1e,1.159
1456347721.0,785d1098,1.049
1456347721.0,4586c365,1.159
1456347721.0,1b9cc9e7,1.109
1456347721.0,71d4dca2,1.099
1456347721.0,cf68ef20,1.059
1456347721.0,c66eeb5b,1.169
1456347721.0,d7cf6845,1.059
1456347721.0,08f6024d,1.169
1456347721.0,0b46b912,1.159
1456347721.0,f1894033,1.169
1456347721.0,dc57dd3e,1.149
1456347721.0,8b7a46ae,1.169
1456347721.0,a02bf729,1.169
1456347721.0,abac441c,1.169
1456347721.0,5d78b25e,1.099
1456347721.0,8b0f07ad,1.059
1456347721.0,6aba67c5,1.129
1456347721.0,a332486b,1.169
1456347721.0,b79abfef,1.179
1456347721.0,204c6f01,1.059
1456347721.0,6b69df8f,1.149
1456347721.0,e8ad44f5,1.169
1456347721.0,3047d3f5,1.169
1456347721.0,716b6235,1.059
1456347721.0,102d2e04,1.059
1456347721.0,,1.059
1456347721.0,398f397d,1.129
1456347721.0,dbca9739,1.139
1456347721.0,97738c26,1.059
1456347721.0,08ee2078,1.079
1456347721.0,3796fed2,1.149
1456347721.0,0c379bda,1.059
1456347721.0,be8c65ec,1.059
1456347721.0,8db8c96c,1.049
1456347721.0,f389a9e7,1.169
1456347721.0,990318d3,1.159
1456347721.0,b2a7f637,1.089
1456347721.0,3589a5bc,1.169
1456347721.0,aae85374,1.159
1456347721.0,34740e34,1.059
1456347721.0,2168c0a1,1.139
1456347721.0,f1def287,1.079
1456347721.0,0b069a72,1.109
1456347721.0,0fd8b490,1.169
1456347721.0,fc6311f1,1.179
1456347721.0,4c08fdd1,1.069
1456347721.0,36a53250,1.049
1456347721.0,51885ea3,1.099
1456347721.0,4f2880a9,1.109
1456347721.0,0de2cbad,1.109
1456347721.0,c14319fd,1.159
1456347721.0,4f6c20ab,1.059
1456347721.0,7d15e55f,1.059
1456347721.0,88ae9f44,1.049
1456347721.0,87f30cbe,1.169
1456347721.0,ee84886f,1.059
1456347721.0,c372d047,1.169
1456347721.0,3dceca88,1.089
1456347721.0,d854b7df,1.049
1456347721.0,8b6fae1c,1.179
1456347721.0,b29751cb,1.049
1456347721.0,4a978308,1.089
1456347721.0,e8c6402f,1.149
1456347721.0,4517cdd2,1.169
1456347721.0,1b9ef516,1.169
1456347721.0,12ad7001,1.049
1456347721.0,15e431dd,1.149
1456347721.0,21f51b7d,1.059
1456347721.0,cdf636ca,1.179
1456347721.0,,1.099
1456347721.0,e823f51f,1.179
1456347721.0,17f41d4f,1.099
1456347721.0,b8f60770,1.059
1456347721.0,7a74beb2,1.169
1456347721.0,a40a6e44,0.989
1456347721.0,87969b95,1.079
1456347721.0,50cb7778,1.059
1456347721.0,e8b48aba,1.059
1456347721.0,fe9290cc,1.169
1456347721.0,270e05c1,1.139
1456347721.0,97311a78,1.059
1456347721.0,e57dfb90,1.179
1456347721.0,2ef17053,1.169
1456347721.0,ae9b302a,1.059
1456347721.0,f83dda73,1.169
1456347721.0,9653483f,1.079
1456347721.0,d224cc8c,1.159
1456347721.0,47db384b,1.169
1456347721.0,,1.169
1456347721.0,d50aec2f,0.999
1456347721.0,553fb461,1.059
1456347721.0,e1bc26f0,1.109
1456347721.0,9789b717,1.169
1456347721.0,916aaf2f,1.099
1456347721.0,7bf1b975,1.109
1456347721.0,a448f8aa,1.169
1456347721.0,2f7eea5b,1.059
1456347721.0,,1.149
1456347721.0,0c2b92ac,1.159
1456347721.0,4be880d0,1.169
1456347721.0,e3f71be8,1.149
1456347721.0,1fbcfe52,1.059
1456347721.0,b1ebea76,1.139
1456347721.0,875e84f9,1.169
1456347721.0,048e7fdc,1.169
1456347721.0,12aba19d,1.179
1456347721.0,57636a29,1.099
1456347721.0,687cd7ef,1.119
1456347721.0,414a4374,1.169
1456347721.0,e7ea0c12,1.169
1456347721.0,0f0135ae,1.059
1456347721.0,325a3e8f,1.169
1456347721.0,4c9a5839,1.059
1456347721.0,a4b3856b,1.059
1456347721.0,75a5bed7,1.179
1456347721.0,d7523cd4,1.169
1456347721.0,81be7dbb,1.169
1456347721.0,e20c7066,1.179
1456347721.0,ff894f80,1.059
1456347721.0,aca2d2bc,1.179
1456347721.0,2397e1c5,1.149
1456347721.0,05c01795,1.169
1456347721.0,d07a0e73,1.149
1456347721.0,1c4078e5,1.059
1456347721.0,1a5348cf,1.069
1456347721.0,e88430a3,1.129
1456347721.0,2d4023ea,1.059
1456347721.0,53f24788,1.179
1456347721.0,d8497cfd,1.059
1456347721.0,b0854990,1.099
1456347721.0,0e14978e,1.059
1456347721.0,a8028e6b,1.159
1456347721.0,bd0953f8,1.049
1456347721.0,d8beccb1,1.059
1456347721.0,ce736f1a,1.099
1456347721.0,5b46611d,1.169
1456347721.0,5ca2e06e,1.129
1456347721.0,d1ad7add,1.169
1456347721.0,0d7322ac,1.059
1456347721.0,bd1e7435,1.059
1456347721.0,fc85f4ab,1.139
1456347721.0,ac995a23,1.059
1456347721.0,4aa4382f,1.079
1456347721.0,5fe1d57e,1.109
1456347721.0,a9b88996,1.169
1456347721.0,c5208f75,1.169
1456347721.0,e501a8d1,1.169
1456347721.0,612ed46e,1.049
1456347721.0,cd0841fe,1.149
1456347721.0,a6f38b75,1.169
1456347721.0,6e8e3ed0,1.169
1456347721.0,0c2ddab7,1.169
1456347721.0,7abeb499,1.139
1456347721.0,5a0fb607,1.069
1456347721.0,8e5f2dc6,1.179
1456347721.0,7391a07f,1.059
1456347721.0,f006b34b,1.099
1456347721.0,c737cf1c,1.179
1456347721.0,8f922896,1.059
1456347721.0,ac284087,1.169
1456347721.0,1d039583,1.159
1456347721.0,0320429a,1.059
1456347721.0,29e73a19,1.099
1456347721.0,71fdd7b4,1.139
1456347721.0,1efc20ca,1.059
1456347721.0,f4af1b17,1.049
1456347721.0,9b1f0c3c,1.079
1456347721.0,396b08fd,1.139
1456347721.0,9d244fa5,1.149
1456347721.0,b24a2efc,1.089
1456347721.0,9d5d8b0d,1.089
1456347721.0,b8c6494d,1.059
1456347721.0,a0622dfc,1.179
1456347721.0,3a316bec,1.109
1456347721.0,b553e369,1.149
1456347721.0,fd92c61e,1.169
1456347721.0,227099c3,1.179
1456347721.0,c59ede00,1.169
1456347721.0,2d75151c,1.179
1456347721.0,85f13a6c,1.059
1456347721.0,27b29fcc,1.059
1456347721.0,9140f75b,1.169
1456347721.0,131436f2,1.179
1456347721.0,036e385d,1.139
1456347721.0,c5e5d152,1.059
1456347721.0,4fe003ba,1.119
1456347721.0,d5e3ccf5,1.069
1456347721.0,9520ba7c,1.149
1456347721.0,058b068a,1.169
1456347721.0,685b81fa,1.059
1456347721.0,0b91981b,1.049
1456347721.0,95712e33,1.059
1456347721.0,11b5806d,1.159
1456347721.0,aade08a5,1.059
1456347721.0,8d590271,1.139
1456347721.0,cbaf22db,1.079
1456347721.0,09d4eccb,1.139
1456347721.0,e7e4d4a0,1.159
1456347721.0,ca3e36c7,1.059
1456347721.0,3a349054,1.139
1456347721.0,3f0d0273,1.179
1456347721.0,c86f3c0f,1.059
1456347721.0,c8216f55,1.169
1456347721.0,5747e8a7,1.169
1456347721.0,0399244a,1.059
1456347721.0,6d6ba0fc,1.059
1456347721.0,f3a6a0c8,1.149
1456347721.0,40eead28,1.169
1456347721.0,028c59d7,1.169
1456347721.0,1e1599d6,1.069
1456347721.0,b037d703,1.099
1456347721.0,9e6ada8a,1.159
1456347721.0,f903d8b7,1.059
1456347721.0,92667f30,1.169
1456347721.0,80c4f678,1.149
1456347721.0,be6d21fe,1.069
1456347721.0,3b561556,1.129
1456347721.0,0a059049,1.159
1456347721.0,4b64bcb3,1.169
1456347721.0,719aa84a,1.169
1456347721.0,bcc54274,1.149
1456347721.0,5e2800be,1.049
1456347721.0,5bbe0a9d,1.059
1456347721.0,5bec6b46,1.059
1456347721.0,e946aba1,1.079
1456347721.0,1922bce9,1.049
1456347721.0,26b1d7b1,1.059
1456347721.0,2f3e857f,1.079
1456347721.0,c3450ec5,1.139
1456347721.0,3b3b7c54,1.169
1456347721.0,dd14d9c0,1.159
1456347721.0,4e5b5da4,1.099
1456347721.0,f5d3bc3a,1.169
1456347721.0,9b7becbc,1.179
1456347721.0,4bf0dfb0,1.059
1456347721.0,b7dc9356,1.069
1456347721.0,86e62d3e,1.169
1456347721.0,0441d227,1.069
1456347721.0,3f710c08,1.069
1456347721.0,e2feb644,1.059
1456347721.0,8215d943,1.189
1456347721.0,f3951d31,1.059
1456347721.0,b998b207,1.159
1456347721.0,1398c802,1.059
1456347721.0,2463cb36,1.019
1456347721.0,00a4579d,1.059
1456347721.0,7e67d294,1.079
1456347721.0,f43bc6b9,1.159
1456347721.0,3b59a143,1.209
1456347721.0,61da3eca,1.059
1456347721.0,8cf36275,1.059
1456347721.0,2af629f5,0.969
1456347721.0,40369596,1.109
1456347721.0,829de252,1.059
1456347721.0,e830fd7a,1.169
1456347721.0,c0b30328,1.169
1456347721.0,e4436253,1.079
1456347721.0,acbfa560,1.059
1456347721.0,9f4969b7,1.059
1456347721.0,39c4abbc,1.099
1456347721.0,103ca42c,1.149
1456347721.0,47c14a5e,1.179
1456347721.0,64fe3583,1.069
1456347721.0,15c74866,1.139
1456347721.0,1a704d84,1.169
1456347721.0,aa1ef023,1.169
1456347721.0,3ff39a76,1.159
1456347721.0,410d90fe,1.159
1456347721.0,2976f46b,1.149
1456347721.0,cf25dcdb,1.109
1456347721.0,7cb1bbc0,1.149
1456347721.0,d20d5219,1.109
1456347721.0,682bb15c,1.059
1456347721.0,74f3df02,1.049
1456347721.0,4ac089ef,1.149
1456347721.0,0edfca49,1.059
1456347721.0,b72a502f,1.059
1456347721.0,317db5c8,1.169
1456347721.0,4d6144cb,1.059
1456347721.0,c2c88ae8,1.079
1456347721.0,9e5f97a3,1.159
1456347721.0,ddefb778,1.079
1456347721.0,249fa6e1,1.159
1456347721.0,2f1bf151,1.059
1456347721.0,bcdd8796,1.079
1456347721.0,34c26d04,1.179
1456347721.0,fe88606f,1.179
1456347721.0,b9d2597b,1.059
1456347721.0,a4a196e4,1.139
1456347721.0,64d3fea8,1.169
1456347721.0,287b8e5b,1.169
1456347721.0,b5f637aa,1.159
1456347721.0,2bb1e7cb,1.169
1456347721.0,0dc5ec60,1.169
1456347721.0,b6f82f10,1.059
1456347721.0,412e24b5,1.079
1456347721.0,cffd6e1f,1.059
1456347721.0,ce0ea4c3,1.049
1456347721.0,c4ac8df0,1.059
1456347721.0,edd40aaa,1.179
1456347721.0,b159aa41,1.079
1456347721.0,6946f633,1.079
1456347721.0,8b1e2d4f,1.069
1456347721.0,2f7c96af,1.139
1456347721.0,96f06602,1.169
1456347721.0,7fc3def3,1.059
1456347721.0,e87c38cc,1.069
1456347721.0,5f092464,1.059
1456347721.0,b3088432,1.159
1456347721.0,11c55079,1.059
1456347721.0,aaf971e5,1.059
1456347721.0,993df4e5,1.179
1456347721.0,9087534b,1.169
1456347721.0,bebb76d2,1.059
1456347721.0,53680e05,1.169
1456347721.0,86b711fa,1.049
1456347721.0,ca3dd4d1,1.159
1456347721.0,b8b97fc1,1.129
1456347721.0,54b567d4,1.139
1456347721.0,3dbfb213,1.059
1456347721.0,860a70dd,1.079
1456347721.0,ed74a070,1.099
1456347721.0,f6648caf,1.169
1456347721.0,61b974e5,1.179
1456347721.0,98e2efcd,1.059
1456347721.0,235c0c8c,1.169
1456347721.0,241a49d8,1.149
1456347721.0,2c4dd6f0,1.169
1456347721.0,17003e91,1.079
1456347721.0,a05c9bbf,1.059
1456347721.0,e0fd14c5,1.169
1456347721.0,c32b7c81,1.169
1456347721.0,78128a2a,1.079
1456347721.0,780114cd,1.139
1456347721.0,806bbb49,1.109
1456347721.0,,1.059
1456347721.0,43a3039d,1.169
1456347721.0,c302d35e,1.169
1456347721.0,8737cde9,1.059
1456347721.0,466c174a,1.169
1456347721.0,aa28e876,1.169
1456347721.0,f4507e0e,1.129
1456347721.0,14b2ac02,1.149
1456347721.0,332fe278,1.149
1456347721.0,b646a001,1.069
1456347721.0,f7bef751,1.059
1456347721.0,fa88e7e3,1.139
1456347721.0,a09a844e,1.059
1456347721.0,f8d1d2e4,1.059
1456347721.0,a3b2ea52,1.079
1456347721.0,e527ee65,1.149
1456347721.0,c6388189,1.169
1456347721.0,4d77b026,1.149
1456347721.0,3271e76a,1.079
1456347721.0,b258c197,1.179
1456347721.0,bc38f274,1.099
1456347721.0,096706c3,1.149
1456347721.0,62b199da,1.169
1456347721.0,5a12d25f,1.169
1456347721.0,2e4ef56a,1.169
1456347721.0,61d59ee9,1.169
1456347721.0,cb5cc628,1.139
1456347721.0,801653fe,1.059
1456347721.0,13de7212,1.079
1456347721.0,1d06a6fd,1.169
1456347721.0,fad136e0,1.129
1456347721.0,87d167da,1.069
1456347721.0,ab706620,1.059
1456347721.0,626fbfc1,1.179
1456347721.0,4c7f88c9,1.059
1456347721.0,734783d7,1.059
1456347721.0,623f93b8,1.169
1456347721.0,fe2084ca,1.129
1456347721.0,bb24af7d,1.129
1456347721.0,66691780,1.169
1456347721.0,9dd61d06,1.129
1456347721.0,9a1d105d,1.079
1456347721.0,693441d5,1.169
1456347721.0,badafb9a,1.169
1456347721.0,bbd94150,1.069
1456347721.0,08d22af2,1.169
1456347721.0,afba3b1b,1.139
1456347721.0,fedb2736,1.059
1456347721.0,504da010,1.069
1456347721.0,f6e51b33,1.089
1456347721.0,42043d80,1.059
1456347721.0,fc8b3633,1.049
1456347721.0,3a2ef803,1.169
1456347721.0,b840a41d,1.079
1456347721.0,9e334e1e,1.059
1456347721.0,37af09a8,1.139
1456347721.0,28f4a8a5,1.059
1456347721.0,f9466962,1.139
1456347721.0,a441d45c,1.169
1456347721.0,acc860ed,1.159
1456347721.0,8abb2725,1.059
1456347721.0,14b98d5e,1.149
1456347721.0,e8b13926,1.149
1456347721.0,581713fc,1.089
1456347721.0,7156911f,1.059
1456347721.0,0fdbf750,1.149
1456347721.0,78c4502d,1.059
1456347721.0,edf38f90,1.069
1456347721.0,0fddeb66,1.059
1456347721.0,84953eae,1.099
1456347721.0,225d6797,1.159
1456347721.0,85c72b71,1.099
1456347721.0,6b90433e,1.049
1456347721.0,ce366998,1.169
1456347721.0,25f73f25,1.159
1456347721.0,c7df902b,1.169
1456347721.0,1880338d,0.999
1456347721.0,e17eccc4,1.059
1456347721.0,72c5857a,1.049
1456347721.0,98acaed1,1.129
1456347721.0,aa75d7c1,1.079
1456347721.0,806f9030,1.039
1456347721.0,dfe1b885,1.059
1456347721.0,70be42f6,1.059
1456347721.0,c89b1391,1.169
1456347721.0,7895f019,1.059
1456347721.0,f1ba09c1,1.169
1456347721.0,bdd20cc3,1.149
1456347721.0,fa6ffdb7,1.059
1456347721.0,279f7243,1.159
1456347721.0,224db9ea,1.059
1456347721.0,a4c96d17,1.169
1456347721.0,e983031d,1.169
1456347721.0,ad0bf4e5,1.159
1456347721.0,408faf33,1.169
1456347721.0,7d589b96,1.059
1456347721.0,51ff36bc,1.059
1456347721.0,04ca4472,1.059
1456347721.0,073b7de4,1.059
1456347721.0,98c12505,1.179
1456347721.0,45374890,1.159
1456347721.0,b5e413c4,1.169
1456347721.0,b6ef86a2,1.169
1456347721.0,13247f37,1.129
1456347721.0,fc7209ce,1.059
1456347721.0,cff9e937,1.059
1456347721.0,70bc5eff,1.079
1456347721.0,124fa87c,1.179
1456347721.0,f74c5752,1.139
1456347721.0,3e32f401,1.079
1456347721.0,c43140bc,1.139
1456347721.0,d4b5646a,1.169
1456347721.0,575bb735,1.179
1456347721.0,078ea69e,1.159
1456347721.0,1fcf6368,1.169
1456347721.0,0051e069,1.049
1456347721.0,2d22d73a,1.109
1456347721.0,f6301788,1.169
1456347721.0,d13de972,1.129
1456347721.0,532a5017,1.069
1456347721.0,a37cd3e6,1.099
1456347721.0,39c4efe0,1.169
1456347721.0,0e949251,1.069
1456347721.0,860dceaa,1.049
1456347721.0,030fbae5,1.059
1456347721.0,07656553,1.059
1456347721.0,63ded480,1.169
1456347721.0,5900ebe4,1.069
1456347721.0,5aa76680,1.059
1456347721.0,3ae75c74,1.149
1456347721.0,1b2eb583,1.159
1456347721.0,c3f05449,1.059
1456347721.0,fb86982d,1.169
1456347721.0,34e3a079,1.059
1456347721.0,fdb2c58e,1.129
1456347721.0,232a4a6a,1.169
1456347721.0,6499badf,1.169
1456347721.0,8eaac040,1.169
1456347721.0,4683ed0e,1.069
1456347721.0,d7fbc628,1.139
1456347721.0,d7530e7f,1.079
1456347721.0,178c1416,1.069
1456347721.0,1eb0d0e5,1.059
1456347721.0,d8823f4b,1.129
1456347721.0,6d76c77e,1.149
1456347721.0,d9cff4b8,1.169
1456347721.0,5036bf9f,1.169
1456347721.0,77017769,1.059
1456347721.0,0c558324,1.059
1456347721.0,d560f27c,1.079
1456347721.0,78c97f05,1.169
1456347721.0,bd986553,1.109
1456347721.0,cfdada1d,1.169
1456347721.0,77c7b043,1.059
1456347721.0,a484c61a,1.059
1456347721.0,26dbefc0,1.099
1456347721.0,c64e61d0,1.059
1456347721.0,32ba58a5,1.169
1456347721.0,a8329ca7,1.059
1456347721.0,ee24a3c9,1.179
1456347721.0,d9132efc,1.079
1456347721.0,a99fe7eb,1.169
1456347721.0,3a474dd3,1.049
1456347721.0,6805990d,1.129
1456347721.0,48b70727,1.169
1456347721.0,5f32b37f,1.049
1456347721.0,3ca3325c,1.069
1456347721.0,8749442d,1.059
1456347721.0,36728450,1.059
1456347721.0,0a7d02af,1.149
1456347721.0,8469fbc7,1.169
1456347721.0,83c3c3bf,1.059
1456347721.0,fb3a21ef,1.069
1456347721.0,c39273d5,1.179
1456347721.0,f8423c6c,1.139
1456347721.0,bc6ea7eb,1.049
1456347721.0,367978ca,1.129
1456347721.0,c9a19301,1.149
1456347721.0,8b3f44b0,1.179
1456347721.0,57610ffb,1.059
1456347721.0,df7589ae,1.139
1456347721.0,70276361,1.059
1456347721.0,9189e6dc,1.159
1456347721.0,a73bef5e,1.159
1456347721.0,23dfefb8,1.169
1456347721.0,a9a62b06,1.159
1456347721.0,5353d90f,1.169
1456347721.0,ee4ab1fa,1.169
1456347721.0,8068124c,1.059
1456347721.0,90c8ee01,1.149
1456347721.0,128ea457,1.169
1456347721.0,74c9e802,1.169
1456347721.0,33fc971c,1.059
1456347721.0,27d37db7,1.059
1456347721.0,544b9eb3,1.169
1456347721.0,eaf89b64,1.059
1456347721.0,851acde1,1.059
1456347721.0,79b68d4c,1.059
1456347721.0,9d3b5cc6,1.109
1456347721.0,d36f6c02,1.169
1456347721.0,8f313f44,1.139
1456347721.0,17651816,1.059
1456347721.0,b6510a87,1.079
1456347721.0,41d32756,1.169
1456347721.0,89255a1b,1.169
1456347721.0,259e7e2b,1.159
1456347721.0,58d78a43,1.149
1456347721.0,5d8781bf,1.169
1456347721.0,c2400430,1.139
1456347721.0,bef54869,1.169
1456347721.0,103696f9,1.179
1456347721.0,80340164,1.089
1456347721.0,622ea82b,1.079
1456347721.0,881e9700,1.169
1456347721.0,f7aa1ff1,1.049
1456347721.0,9822514a,1.159
1456347721.0,c74444b1,1.109
1456347721.0,d4024d48,1.169
1456347721.0,077be4df,1.059
1456347721.0,e47eb76f,1.159
1456347721.0,4e56b21e,1.059
1456347721.0,ccf6a6c3,1.179
1456347721.0,32cdea2d,1.179
1456347721.0,9cb577d8,1.069
1456347721.0,ae03a260,1.109
1456347721.0,57881875,1.089
1456347721.0,3dde29b4,1.169
1456347721.0,3563be5a,1.059
1456347721.0,0cce0f70,1.169
1456347721.0,74ebac9f,1.169
1456347721.0,fc30928f,1.059
1456347721.0,cd48d6b6,1.169
1456347721.0,bb23fbe2,1.159
1456347721.0,5963169b,1.169
1456347721.0,3781a133,1.059
1456347721.0,b1d87758,1.169
1456347721.0,5d3d8db3,1.059
1456347721.0,28dc9f41,1.079
1456347721.0,78dd6fcc,1.089
1456347721.0,fc1c731b,1.089
1456347721.0,1c2ecd95,1.059
1456347721.0,6f8f49f1,1.079
1456347721.0,1f37368c,1.129
1456347721.0,f6e29329,1.059
1456347721.0,769a446c,1.149
1456347721.0,c6ce8e17,1.169
1456347721.0,5991ce93,1.169
1456347721.0,20021fca,1.059
1456347721.0,24c052f2,1.059
1456347721.0,88b90de7,1.139
1456347721.0,18b5f856,1.059
1456347721.0,ed8a5a8a,1.099
1456347721.0,2212e6eb,1.059
1456347721.0,d1dcee78,1.169
1456347721.0,8de146cf,1.169
1456347721.0,9a4aa177,1.149
1456347721.0,0395f025,1.149
1456347721.0,cf4759e8,1.059
1456347721.0,9719805f,1.059
1456347721.0,8aa5540e,1.169
1456347721.0,25a653d4,1.109
1456347721.0,8fb2a5f0,0.939
1456347721.0,52c8263e,1.059
1456347721.0,de5a8b31,1.059
1456347721.0,aaed4223,1.159
1456347721.0,dcf12c2f,1.059
1456347721.0,99b9ccd3,1.059
1456347721.0,3c3f5bfb,1.059
1456347721.0,9ce4798d,1.179
1456347721.0,5d5ce6c9,1.059
1456347721.0,a1403540,1.059
1456347721.0,a5647053,1.159
1456347721.0,a24a3320,1.159
1456347721.0,f53c5155,1.169
1456347721.0,8ca1f59e,1.159
1456347721.0,285b781f,1.169
1456347721.0,c743acd1,1.049
1456347721.0,d4936377,1.059
1456347721.0,1fce6706,1.059
1456347721.0,794a868c,1.169
1456347721.0,d7cd0f44,1.169
1456347721.0,028b67f7,1.059
1456347721.0,fb417046,1.109
1456347721.0,84f19301,1.059
1456347721.0,b30ca48e,1.169
1456347721.0,946a6eb2,1.059
1456347721.0,ca58a63f,1.029
1456347721.0,9121921b,1.109
1456347721.0,2a167286,1.169
1456347721.0,6a39da51,1.059
1456347721.0,9279854d,1.079
1456347721.0,4eea00cc,1.059
1456347721.0,0d721874,1.059
1456347721.0,841961d9,1.059
1456347721.0,33c8c51e,1.049
1456347721.0,51e1327b,1.169
1456347721.0,f93d7536,1.059
1456347721.0,c72ef065,1.109
1456347721.0,4a79d3d5,1.059
1456347721.0,344ab5b8,1.089
1456347721.0,24ee36a0,1.049
1456347721.0,60a05f95,1.059
1456347721.0,0bb04dd0,1.159
1456347721.0,3d340b37,1.109
1456347721.0,a6a91c87,1.059
1456347721.0,b39d969e,1.169
1456347721.0,5325ade4,1.109
1456347721.0,a0d4181c,1.059
1456347721.0,12967a7f,1.149
1456347721.0,e5e2ac35,1.169
1456347721.0,0fafd241,1.049
1456347721.0,4287c54a,1.179
1456347721.0,42fc2804,1.179
1456347721.0,cacdc0ed,1.169
1456347721.0,457bd3fb,1.169
1456347721.0,782c1225,1.169
1456347721.0,26f4791b,1.149
1456347721.0,5fade9f9,1.109
1456347721.0,cc0830cf,1.059
1456347721.0,06eb2140,1.059
1456347721.0,a6b2a7c9,1.149
1456347721.0,1493c496,1.059
1456347721.0,fac91609,1.049
1456347721.0,0b708f81,1.059
1456347721.0,e0d2c90f,1.079
1456347721.0,5c33525a,1.169
1456347721.0,7294c364,1.059
1456347721.0,34832faa,1.049
1456347721.0,a58775a0,1.059
1456347721.0,5e9aaf1c,1.169
1456347721.0,f8b10f81,1.169
1456347721.0,db462146,1.169
1456347721.0,98e9a25d,1.169
1456347721.0,f625efde,1.069
1456347721.0,48a48e67,0.999
1456347721.0,4769e054,1.109
1456347721.0,09cfdaed,1.099
1456347721.0,67b209f1,1.179
1456347721.0,9ad361ad,1.099
1456347721.0,e5b98666,1.059
1456347721.0,391179ed,1.059
1456347721.0,2725d7d3,1.149
1456347721.0,9256a6d6,1.119
1456347721.0,1098a163,1.079
1456347721.0,0b15fb2a,1.169
1456347721.0,067693f6,1.059
1456347721.0,c92bf6e3,1.059
1456347721.0,cfe370d6,1.059
1456347721.0,0eb17bed,1.169
1456347721.0,50cbdca4,1.179
1456347721.0,cd2bd6ee,1.159
1456347721.0,f57077f3,1.179
1456347721.0,33972c60,1.169
1456347721.0,1c239584,1.169
1456347721.0,02917849,1.169
1456347721.0,9cf73813,1.139
1456347721.0,ee57ce17,1.049
1456347721.0,1cf625f0,1.079
1456347721.0,8309ecb0,1.079
1456347721.0,da7aac12,1.049
1456347721.0,8da197a5,1.169
1456347721.0,9707b24c,1.079
1456347721.0,c7cc37d7,1.059
1456347721.0,6a276ef2,1.139
1456347721.0,30895e60,1.059
1456347721.0,92e96565,1.059
1456347721.0,ae6ec1fd,1.159
1456347721.0,eec8c179,1.169
1456347721.0,39fe3076,1.169
1456347721.0,18175a0a,1.059
1456347721.0,6809dfa8,1.179
1456347721.0,4b7e86ba,1.169
1456347721.0,467c21a8,1.169
1456347721.0,2c0cf8f5,1.059
1456347721.0,cb37d4b9,1.169
1456347721.0,444273fb,1.049
1456347721.0,a063011a,1.169
1456347721.0,56f54684,1.149
1456347721.0,6c8423e1,1.049
1456347721.0,fd19fab6,1.179
1456347721.0,dc080c47,1.149
1456347721.0,9e80ff49,1.059
1456347721.0,bfb7a4d6,1.169
1456347721.0,14af5c6e,1.159
1456347721.0,d91c0f8d,1.179
1456347721.0,8ff83a00,1.159
1456347721.0,fbcad1cd,1.169
1456347721.0,49783e5a,1.169
1456347721.0,4d19c697,1.169
1456347721.0,9cda0ed4,1.169
1456347721.0,7b2a5f7c,1.169
1456347721.0,76f44572,1.059
1456347721.0,26613c3a,1.169
1456347721.0,baa66b57,1.059
1456347721.0,f8d0cb27,1.069
1456347721.0,96d4afe8,0.989
1456347721.0,6edd64cb,1.149
1456347721.0,846c2ab2,1.049
1456347721.0,056edfd2,1.169
1456347721.0,878510cb,1.169
1456347721.0,,1.169
1456347721.0,586ea323,1.079
1456347721.0,a9fd24ed,1.079
1456347721.0,8b0687ba,1.149
1456347721.0,5aaeb8a3,1.159
1456347721.0,059d55c9,1.079
1456347721.0,c7b90ec6,1.079
1456347721.0,663b1f4b,1.179
1456347721.0,199f5310,1.119
1456347721.0,16a9ef92,1.149
1456347721.0,8cc39ecd,1.149
1456347721.0,a97b419d,1.139
1456347721.0,6cf550c8,1.169
1456347721.0,8c92cd65,1.169
1456347721.0,cea7fb15,1.059
1456347721.0,a253f17e,1.059
1456347721.0,6603174b,1.059
1456347721.0,3c2da6fc,1.139
1456347721.0,97aee551,1.059
1456347721.0,235dd814,1.059
1456347721.0,c9e05214,0.969
1456347721.0,bcce0991,1.059
1456347721.0,fc1fc595,1.059
1456347721.0,8c44d237,1.139
1456347721.0,f78f34d4,1.059
1456347721.0,cca85b57,1.119
1456347721.0,432f9102,0.989
1456347721.0,8bad9db5,1.169
1456347721.0,e70bbd05,1.139
1456347721.0,64e9b77c,1.099
1456347721.0,34f054d7,1.079
1456347721.0,3e3ac396,1.179
1456347721.0,,1.139
1456347721.0,dc6dee32,1.089
1456347721.0,4abb67a5,1.049
1456347721.0,0088407b,1.079
1456347721.0,727b3a12,1.079
1456347721.0,e8328929,1.059
1456347721.0,3f3da6de,1.079
1456347721.0,83079e85,1.059
1456347721.0,cd36fb24,1.129
1456347721.0,f125a348,1.169
1456347721.0,db26ca9c,1.059
1456347721.0,363fd593,1.059
1456347721.0,bd5e0804,1.049
1456347721.0,4d2618e5,1.159
1456347721.0,a1eb62eb,1.059
1456347721.0,c1802a5a,1.139
1456347721.0,e9a10aef,1.049
1456347721.0,b546c000,1.139
1456347721.0,971090e7,1.099
1456347721.0,3dbec780,1.059
1456347721.0,936bc3be,1.059
1456347721.0,ec2af182,1.059
1456347721.0,670003ee,1.179
1456347721.0,4f8db0e1,1.099
1456347721.0,094c7293,1.169
1456347721.0,c8df6e1a,1.079
1456347721.0,fee45b54,1.059
1456347721.0,6c6c9588,1.049
1456347721.0,ff485bff,1.049
1456347721.0,558fc57e,1.169
1456347721.0,92e54876,1.169
1456347721.0,42e838c7,1.129
1456347721.0,861a2709,1.059
1456347721.0,54dcc913,1.119
1456347721.0,d6485ff3,1.059
1456347721.0,32fde081,1.159
1456347721.0,6bf563af,1.169
1456347721.0,ec810259,1.169
1456347721.0,609d7ab5,1.179
1456347721.0,ac6e085e,1.179
1456347721.0,6d017696,1.169
1456347721.0,b2b44530,1.059
1456347721.0,082f2eb7,1.159
1456347721.0,09f8dfad,1.079
1456347721.0,4da65c5a,1.059
1456347721.0,a919a056,1.059
1456347721.0,a5b00954,1.059
1456347721.0,bb0418d7,1.059
1456347721.0,43d5cbaa,1.149
1456347721.0,5022eb7f,1.169
1456347721.0,215d680b,1.169
1456347721.0,4d9daac2,1.179
1456347721.0,ba6f9de2,1.059
1456347721.0,63cbf4ee,1.059
1456347721.0,54255515,1.139
1456347721.0,3c83ccc5,1.069
1456347721.0,677b887d,1.099
1456347721.0,2c93cd27,1.059
1456347721.0,0a876636,1.129
1456347721.0,5b2750c6,1.169
1456347721.0,a8a8c5b1,1.179
1456347721.0,90bdfe5b,0.999
1456347721.0,af07b81f,1.079
1456347721.0,e003a827,1.179
1456347721.0,96c236e7,1.169
1456347721.0,91e45e6a,1.149
1456347721.0,ef1844cf,1.169
1456347721.0,b5ead699,1.099
1456347721.0,4d01f5f7,1.049
1456347721.0,de079ca8,1.169
1456347721.0,ff922650,1.149
1456347721.0,100b6cf2,1.059
1456347721.0,868165bf,1.169
1456347721.0,920f6cbb,1.149
1456347721.0,6f27a50f,1.099
1456347721.0,dd4af19d,1.059
1456347721.0,a9050e49,1.069
1456347721.0,365e9221,1.169
1456347721.0,256da341,1.069
1456347721.0,0eba39cf,1.169
1456347721.0,f885a3d3,1.169
1456347721.0,cd5c4fc2,1.089
1456347721.0,cc85d8a3,1.089
1456347721.0,99148d2d,1.169
1456347721.0,cfc3caef,1.059
1456347721.0,a8338c14,1.129
1456347721.0,02516583,1.079
1456347721.0,2397b3e4,1.169
1456347721.0,cb2bffd6,1.169
1456347721.0,7aff909e,1.179
1456347721.0,cac2d933,1.169
1456347721.0,33f1db85,1.169
1456347721.0,0fa50e56,1.169
1456347721.0,30ac5a0c,1.059
1456347721.0,a98772fc,1.169
1456347721.0,b9456e15,1.079
1456347721.0,235541b4,1.149
1456347721.0,7aa8077e,1.149
1456347721.0,8716bc8f,1.169
1456347721.0,,1.169
1456347721.0,f7de9c1d,1.169
1456347721.0,ebecf1c6,1.149
1456347721.0,c4af3f8d,1.179
1456347721.0,5d843d6e,1.059
1456347721.0,e9187171,1.059
1456347721.0,4263f1be,1.059
1456347721.0,b3c78089,1.059
1456347721.0,f645748d,1.169
1456347721.0,0ad1807b,1.059
1456347721.0,c558dd18,1.059
1456347721.0,d327c1d7,1.139
1456347721.0,08f23eff,1.169
1456347721.0,17c50748,1.169
1456347721.0,31487663,1.059
1456347721.0,54c2232b,1.179
1456347721.0,26e8a3e0,1.129
1456347721.0,f5a51e57,1.059
1456347721.0,d046f0d3,1.169
1456347721.0,effb6af0,1.169
1456347721.0,b706633d,1.139
1456347721.0,e4b56a05,1.169
1456347721.0,04d9d4a8,1.139
1456347721.0,91013e76,1.059
1456347721.0,14e03a1d,1.109
1456347721.0,fca5511b,1.169
1456347721.0,9720bdd7,1.059
1456347721.0,3435fb8d,1.169
1456347721.0,9dc9d249,1.149
1456347721.0,456165e6,1.059
1456347721.0,17bc7e07,1.079
1456347721.0,4fadcb9d,1.139
1456347721.0,f312c960,1.169
1456347721.0,ceea64c5,1.169
1456347721.0,793eb726,1.169
1456347721.0,ed986aff,1.059
1456347721.0,e854b79b,1.069
1456347721.0,96fed1a2,1.169
1456347721.0,41dc9205,1.169
1456347721.0,890c4fe1,1.059
1456347721.0,,1.079
1456347721.0,7ec3390e,1.169
1456347721.0,ae09ed04,1.169
1456347721.0,17a1e834,1.179
1456347721.0,bf6500cb,1.179
1456347721.0,d0465699,1.059
1456347721.0,4056a9ce,1.049
1456347721.0,b99abf38,1.139
1456347721.0,c26a49db,1.059
1456347721.0,c3722176,1.059
1456347721.0,9705cfe5,1.149
1456347721.0,70a38521,1.169
1456347721.0,c1bc16cb,1.179
1456347721.0,a1a54361,1.059
1456347721.0,3da2bd95,1.059
1456347721.0,65aa334d,1.139
1456347721.0,6039b8e3,1.169
1456347721.0,b5d935e1,1.139
1456347721.0,b11dbf11,1.139
1456347721.0,5d0480fc,1.179
1456347721.0,6d10aa30,1.069
1456347721.0,4307435a,1.149
1456347721.0,ccd1f9f2,1.169
1456347721.0,f2a783d7,1.059
1456347721.0,82962945,1.059
1456347721.0,6cf5b38f,1.079
1456347721.0,705ebafa,1.159
1456347721.0,c4c8b56b,1.089
1456347721.0,2df3151b,1.149
1456347721.0,268d8ff7,1.079
1456347721.0,1c551e1f,1.139
1456347721.0,291c62c4,1.059
1456347721.0,c16682b0,1.139
1456347721.0,d338e293,1.169
1456347721.0,2ead543c,1.179
1456347721.0,8de805ba,1.059
1456347721.0,2ee62167,1.169
1456347721.0,4f2bb69c,1.109
1456347721.0,369b5326,1.059
1456347721.0,0535a64d,1.169
1456347721.0,72c22a1e,1.169
1456347721.0,d87d8186,1.099
1456347721.0,64658758,1.059
1456347721.0,e22b9886,1.059
1456347721.0,427f1026,1.059
1456347721.0,9443935d,1.069
1456347721.0,46691d06,1.049
1456347721.0,bba7ec32,1.059
1456347721.0,3e7ce5dd,1.049
1456347721.0,a40e1f56,1.059
1456347721.0,3c00613f,1.159
1456347721.0,612d4614,1.059
1456347721.0,a35aac09,1.059
1456347721.0,8551d143,1.159
1456347721.0,3bee1311,1.019
1456347721.0,ba0a2255,1.169
1456347721.0,aecb2a58,1.159
1456347721.0,25c5b561,1.169
1456347721.0,a6ffe7e6,1.139
1456347721.0,6bbc54b6,1.109
1456347721.0,aa7e6b7c,1.059
1456347721.0,e4de6238,1.169
1456347721.0,,1.099
1456347721.0,dc340ac0,1.059
1456347721.0,2e25253e,1.059
1456347721.0,20015b2d,1.169
1456347721.0,940dcd62,1.059
1456347721.0,d63e056b,1.139
1456347721.0,03436a85,1.169
1456347721.0,e1df3a0f,1.169
1456347721.0,4604844c,1.049
1456347721.0,eb7b02bd,1.059
1456347721.0,507bacc5,1.079
1456347721.0,affb443e,1.179
1456347721.0,884f8926,1.169
1456347721.0,57caca32,1.059
1456347721.0,25604f87,1.139
1456347721.0,00f37a56,1.089
1456347721.0,5e128c51,1.059
1456347721.0,f0ec9164,1.059
1456347721.0,8d66ca64,1.169
1456347721.0,34226dec,1.129
1456347721.0,a43c3b90,1.179
1456347721.0,529f6f9b,1.059
1456347721.0,01877c6b,1.079
1456347721.0,7b73b743,1.059
1456347721.0,8b3b52bb,1.079
1456347721.0,d811c7b5,1.059
1456347721.0,6727ef58,1.159
1456347721.0,e4ea9e93,1.059
1456347721.0,fb867340,1.169
1456347721.0,e3ed55ca,1.169
1456347721.0,2a762595,1.169
1456347721.0,d8154473,1.169
1456347721.0,79eb6d1c,1.169
1456347721.0,4331b36c,1.169
1456347721.0,49a6b4d3,1.169
1456347721.0,df6b217b,1.139
1456347721.0,8b13f9ae,1.059
1456347721.0,37768192,1.139
1456347721.0,7bbd97a0,1.049
1456347721.0,c569cea2,1.169
1456347721.0,62d0fb5f,1.139
1456347721.0,cbc79cc7,1.169
1456347721.0,7683a8c0,1.169
1456347721.0,2ed18a58,1.059
1456347721.0,29c7431a,1.099
1456347721.0,68f59abb,1.169
1456347721.0,c0508b12,1.159
1456347721.0,dae657d5,1.099
1456347721.0,72874a88,1.059
1456347721.0,986ab52a,1.119
1456347721.0,3983dfd0,1.059
1456347721.0,0716682f,1.169
1456347721.0,6fb61b09,1.169
1456347721.0,07d1cb29,1.139
1456347721.0,2ee6700c,1.169
1456347721.0,c390d56a,1.169
1456347721.0,dbb755da,1.179
1456347721.0,0e237692,1.169
1456347721.0,41170479,1.059
1456347721.0,7bd23993,1.059
1456347721.0,6256f51b,1.059
1456347721.0,179380b8,1.069
1456347721.0,1168f57c,1.059
1456347721.0,f5610fa8,1.089
1456347721.0,d51a9b5e,1.169
1456347721.0,bd925387,1.049
1456347721.0,e38f46f2,1.169
1456347721.0,774ee61f,1.059
1456347721.0,f7a5dd5a,1.049
1456347721.0,c980bb7e,1.079
1456347721.0,61149352,1.059
1456347721.0,3ff7f5f2,1.169
1456347721.0,278329af,1.169
1456347721.0,e3e4bea8,1.169
1456347721.0,74439aaa,1.169
1456347721.0,ce2cb57e,1.169
1456347721.0,11e04c6a,1.169
1456347721.0,256dd9bf,1.099
1456347721.0,c1dfd045,1.169
1456347721.0,69b3e99c,1.059
1456347721.0,75b73329,1.079
1456347721.0,ec81af8f,1.169
1456347721.0,5c152248,1.159
1456347721.0,d85e66c0,1.079
1456347721.0,1e734ea9,1.149
1456347721.0,07e15eec,1.059
1456347721.0,e93f71a6,1.159
1456347721.0,88e14741,1.169
1456347721.0,3b9eae5f,0.989
1456347721.0,0e752181,1.079
1456347721.0,8845e1a5,1.049
1456347721.0,5282e595,1.099
1456347721.0,13cd1498,1.139
1456347721.0,7fa657a5,1.169
1456347721.0,76e0688e,1.139
1456347721.0,56db8c22,1.169
1456347721.0,c13504fe,1.169
1456347721.0,3232f3f2,1.079
1456347721.0,aaa29d7c,1.079
1456347721.0,6f7da555,1.159
1456347721.0,5ed7343e,1.159
1456347721.0,9fb6a9f8,1.179
1456347721.0,b25b4ab0,1.149
1456347721.0,db1d08fc,1.149
1456347721.0,51266623,1.169
1456347721.0,88a26674,1.049
1456347721.0,bf276ef6,1.059
1456347721.0,c960300b,1.169
1456347721.0,c085267d,1.069
1456347721.0,8f8b3ebe,1.059
1456347721.0,c5d12e92,1.049
1456347721.0,c33ca0b5,1.049
1456347721.0,330ca499,1.169
1456347721.0,be03744e,1.169
1456347721.0,2c9d609d,1.059
1456347721.0,d4659823,1.139
1456347721.0,2b00ce60,1.079
1456347721.0,da18f772,1.059
1456347721.0,1b2253f6,1.059
1456347721.0,bef29304,1.179
1456347721.0,4ff9d49d,1.169
1456347721.0,242f7b9b,1.069
1456347721.0,e1b4e808,1.059
1456347721.0,a5b2040e,1.169
1456347721.0,c0312794,1.169
1456347721.0,c4b99997,1.149
1456347721.0,09f1de85,1.149
1456347721.0,5f71144d,1.169
1456347721.0,6aa3e966,1.049
1456347721.0,918e2883,1.049
1456347721.0,ac8fe45c,1.169
1456347721.0,6e1fafd5,1.159
1456347721.0,f56256a9,1.049
1456347721.0,,1.169
1456347721.0,119b03dd,1.169
1456347721.0,e57be742,1.139
1456347721.0,cf4fcc7d,1.179
1456347721.0,bbbc6ece,1.149
1456347721.0,322b4a46,1.169
1456347721.0,80049eb4,1.069
1456347721.0,7961ef76,1.159
1456347721.0,9acf7952,1.059
1456347721.0,2e852031,1.049
1456347721.0,18547ba1,1.109
1456347721.0,9bb8a377,1.109
1456347721.0,5b0a2fcf,1.059
1456347721.0,c1f62db6,1.169
1456347721.0,300d7670,1.099
1456347721.0,7b424e1c,1.169
1456347721.0,,1.179
1456347721.0,784f069a,1.059
1456347721.0,f22bbd79,1.059
1456347721.0,a55edb00,1.049
1456347721.0,f72a7ec2,1.169
1456347721.0,7858e931,1.149
1456347721.0,ede4801f,1.169
1456347721.0,4514d1c7,1.059
1456347721.0,f2eb270f,1.139
1456347721.0,19447be6,1.169
1456347721.0,0d0f23bd,1.169
1456347721.0,eba7894d,1.059
1456347721.0,a1ca21f6,1.149
1456347721.0,9c45c396,1.169
1456347721.0,7fb54fbf,1.139
1456347721.0,b273d286,1.169
1456347721.0,0c12a1f2,1.179
1456347721.0,a2312d54,1.169
1456347721.0,7776be9f,1.059
1456347721.0,b3d2e1c5,1.059
1456347721.0,e2227d47,1.179
1456347721.0,eb3b36ff,1.159
1456347721.0,6decf6c4,1.149
1456347721.0,356493b9,1.049
1456347721.0,93a15b8e,1.059
1456347721.0,ba2ae41b,1.149
1456347721.0,01b60b00,1.169
1456347721.0,8b04f514,1.169
1456347721.0,67b560d4,1.149
1456347721.0,1d76bf20,1.169
1456347721.0,b63aab01,1.059
1456347721.0,b3457bb4,1.169
1456347721.0,b1d84f35,1.139
1456347721.0,6a2035ad,1.139
1456347721.0,59affa92,1.169
1456347721.0,ba77d89e,1.159
1456347721.0,9bea2bd1,1.059
1456347721.0,de567861,1.079
1456347721.0,21358755,1.169
1456347721.0,66e3c96f,1.059
1456347721.0,f48460b9,1.169
1456347721.0,5fc4c82d,1.159
1456347721.0,5629e39c,1.059
1456347721.0,b1eebb11,1.059
1456347721.0,ac0c8eee,1.169
1456347721.0,e35dbbb3,1.059
1456347721.0,082d29ca,1.059
1456347721.0,2fc8ca29,1.179
1456347721.0,f960ce49,1.169
1456347721.0,0e8115b4,1.149
1456347721.0,7c6a2023,1.179
1456347721.0,7b702829,1.059
1456347721.0,f507ce06,1.129
1456347721.0,65600788,1.059
1456347721.0,4baeb9d6,1.089
1456347721.0,cfda167d,1.059
1456347721.0,9a0bacc1,1.169
1456347721.0,1f215746,1.059
1456347721.0,47a5253e,1.059
1456347721.0,2b03c896,1.059
1456347721.0,5928fc5b,1.059
1456347721.0,60ad081f,1.149
1456347721.0,bc723644,1.049
1456347721.0,9a1acee3,1.049
1456347721.0,7e0a1569,1.059
1456347721.0,6ae406fe,1.069
1456347721.0,cfea1db9,1.149
1456347721.0,b580ced3,1.099
1456347721.0,ee6a2a3c,1.169
1456347721.0,1e866267,1.149
1456347721.0,200f98db,1.059
1456347721.0,6a2bab6d,1.159
1456347721.0,e25fe2d7,1.149
1456347721.0,1fef1b51,1.059
1456347721.0,38b9ab66,1.129
1456347721.0,988da765,1.069
1456347721.0,4b92e661,1.069
1456347721.0,7d7f9529,1.059
1456347721.0,bf552ee6,1.059
1456347721.0,0243f1d9,1.169
1456347721.0,284b19f5,1.149
1456347721.0,36d6fa9e,1.109
1456347721.0,6b72bc31,1.109
1456347721.0,c1d4eea2,1.049
1456347721.0,efcf22b5,1.079
1456347721.0,0e568db0,1.079
1456347721.0,d8c4e623,1.159
1456347721.0,63763e17,1.159
1456347721.0,f53d423d,1.079
1456347721.0,181dcd43,1.169
1456347721.0,3d5d3cef,1.059
1456347721.0,a472716e,1.169
1456347721.0,b518e445,1.079
1456347721.0,6ea74d6f,1.079
1456347721.0,27536df6,1.169
1456347721.0,c1154259,1.049
1456347721.0,ba7d4f54,1.059
1456347721.0,acd5644c,1.169
1456347721.0,02d133f6,1.059
1456347721.0,6f6329ff,1.169
1456347721.0,004e3e89,1.189
1456347721.0,f559d01a,1.059
1456347721.0,c635730e,1.079
1456347721.0,f2b5514e,1.169
1456347721.0,886129d6,1.059
1456347721.0,477e21c8,1.169
1456347721.0,71f647de,1.139
1456347721.0,a10d5095,1.049
1456347721.0,2e72931a,1.079
1456347721.0,f39dbcda,1.059
1456347721.0,5e6a8982,1.149
1456347721.0,e8a69269,1.099
1456347721.0,41c3b887,1.059
1456347721.0,6eb2a769,1.059
1456347721.0,c97cc7c4,1.169
1456347721.0,f5bd997d,1.059
1456347721.0,d6fe953b,1.059
1456347721.0,f93d41bc,1.169
1456347721.0,2b3ab72c,1.059
1456347721.0,ce714a39,1.169
1456347721.0,423f33ac,1.159
1456347721.0,6f92e401,1.149
1456347721.0,086d076b,1.049
1456347721.0,645a5047,1.059
1456347721.0,b1bae9b8,1.149
1456347721.0,59c464b8,1.059
1456347721.0,b2a4889d,1.059
1456347721.0,d0445c11,1.059
1456347721.0,ceb2372e,1.059
1456347721.0,5ab833c5,1.059
1456347721.0,22c97836,1.159
1456347721.0,9e3fd3b1,1.169
1456347721.0,15bd4d4c,1.169
1456347721.0,5d693719,1.169
1456347721.0,ebfecca5,1.059
1456347721.0,261381d7,1.059
1456347721.0,9136fc55,1.169
1456347721.0,49c93205,1.169
1456347721.0,b4b8fb9d,1.139
1456347721.0,fb54832a,1.059
1456347721.0,8fa55c72,1.059
1456347721.0,d24c8b74,1.149
1456347721.0,4110a4d8,1.159
1456347721.0,bbf4ea1f,1.149
1456347721.0,e99b762c,1.169
1456347721.0,4527646d,1.059
1456347721.0,4817973e,0.989
1456347721.0,77d95702,1.139
1456347721.0,602ec85f,1.169
1456347721.0,c85c34c2,1.059
1456347721.0,66558a34,0.949
1456347721.0,b760e17f,1.169
1456347721.0,e6fdbd0c,1.169
1456347721.0,a998716f,1.169
1456347721.0,93d189cf,1.059
1456347721.0,,1.079
1456347721.0,36da90c6,1.139
1456347721.0,307b02ce,1.139
1456347721.0,5fc08dd5,1.049
1456347721.0,94d84ba4,1.089
1456347721.0,f7f36fa4,1.099
1456347721.0,cf451fce,1.079
1456347721.0,7f9596ee,1.109
1456347721.0,45e9feb7,1.059
1456347721.0,28932cab,1.059
1456347721.0,1da52020,1.169
1456347721.0,10c41b90,1.079
1456347721.0,19b72b96,1.109
1456347721.0,de5f4ef7,1.089
1456347721.0,ab11cdb9,1.059
1456347721.0,42bfbcca,1.079
1456347721.0,9520e162,1.079
1456347721.0,5cf89d62,1.059
1456347721.0,0e565dc4,1.139
1456347721.0,921c7c82,1.069
1456347721.0,69e52004,1.049
1456347721.0,850f168b,1.169
1456347721.0,5626cf3c,1.149
1456347721.0,da701b06,1.079
1456347721.0,db4ed6aa,1.179
1456347721.0,d2b45043,1.169
1456347721.0,0061e71a,1.059
1456347721.0,0e9a7f93,1.149
1456347721.0,0cd37e1e,1.169
1456347721.0,e74e26f5,1.089
1456347721.0,c33a7e9f,1.059
1456347721.0,ff19a228,1.059
1456347721.0,8e302603,1.169
1456347721.0,b5d20065,1.109
1456347721.0,,1.059
1456347721.0,9042df2b,1.149
1456347721.0,7eec6311,1.059
1456347721.0,5f962ce2,1.169
1456347721.0,d54da67a,1.079
1456347721.0,66fb48c6,1.089
1456347721.0,d8b005cb,1.169
1456347721.0,58439a69,1.169
1456347721.0,8c6a9ff5,1.079
1456347721.0,1a3b21e0,1.059
1456347721.0,2ef6b1d5,1.059
1456347721.0,805943eb,1.149
1456347721.0,e7b70c57,1.099
1456347721.0,669b7d94,1.149
1456347721.0,b699022b,1.069
1456347721.0,806c0af2,1.059
1456347721.0,9272dad9,1.169
1456347721.0,1d287189,1.059
1456347721.0,3bafbbfc,1.059
1456347721.0,ee2ba444,1.089
1456347721.0,0ddddfa0,1.099
1456347721.0,3920b5a4,1.169
1456347721.0,6d20a7b6,1.069
1456347721.0,ce5281ae,1.109
1456347721.0,2cb80e16,1.059
1456347721.0,5180eda7,1.179
1456347721.0,6282bbac,1.159
1456347721.0,6cd66c40,1.179
1456347721.0,38624de7,1.169
1456347721.0,b42a4f26,1.169
1456347721.0,1249f58e,1.069
1456347721.0,5f9e44dd,1.169
1456347721.0,62e0bf83,1.179
1456347721.0,1b39d7f7,1.089
1456347721.0,40f78b64,1.059
1456347721.0,796a3cec,1.169
1456347721.0,aac612fe,1.179
1456347721.0,2703d1c4,1.059
1456347721.0,b8682312,1.169
1456347721.0,dbdc1743,1.059
1456347721.0,a2459543,1.059
1456347721.0,a8334abd,1.059
1456347721.0,364c49b5,1.059
1456347721.0,5982a304,1.059
1456347721.0,6a1fadd6,1.069
1456347721.0,f4281f38,1.109
1456347721.0,f14a4629,1.069
1456347721.0,2a2dae94,1.149
1456347721.0,85f4421b,1.059
1456347721.0,543855ac,1.159
1456347721.0,51bb4991,1.169
1456347721.0,ac1a5d1b,1.059
1456347721.0,daae231d,1.059
1456347721.0,b84742db,1.169
1456347721.0,fbb19847,1.099
1456347721.0,23c736d7,1.139
1456347721.0,be34191b,1.169
1456347721.0,476279a4,0.999
1456347721.0,a1c3be4b,1.059
1456347721.0,a4bdfecc,1.079
1456347721.0,a9ad29e3,1.169
1456347721.0,9d74578a,1.059
1456347721.0,1557ee20,1.139
1456347721.0,72567073,1.169
1456347721.0,a302497e,1.059
1456347721.0,a20ae2e0,1.129
1456347721.0,1d513400,1.179
1456347721.0,e068e0ba,1.169
1456347721.0,9867054e,1.159
1456347721.0,94fba20b,1.069
1456347721.0,04f94792,1.169
1456347721.0,2ab71a71,1.079
1456347721.0,e3792bc9,1.059
1456347721.0,9e0e4f3e,1.059
1456347721.0,882951be,1.059
1456347721.0,a100fb36,1.059
1456347721.0,4389dbbf,1.169
1456347721.0,f84d3d37,1.059
1456347721.0,4a9b4bb1,1.059
1456347721.0,374e91b4,1.169
1456347721.0,ed56f7ed,1.109
1456347721.0,4bb3c1ba,1.109
1456347721.0,86ef5966,1.169
1456347721.0,1aa38dcc,1.169
1456347721.0,bc8d7f92,1.139
1456347721.0,f0261559,1.169
1456347721.0,6643d108,1.049
1456347721.0,f7fc57ea,1.059
1456347721.0,ffc9d841,1.059
1456347721.0,ebce0132,1.149
1456347721.0,1a68318e,1.059
1456347721.0,8d3023de,1.059
1456347721.0,71afe6ef,1.159
1456347721.0,13f73565,1.059
1456347721.0,d4f50f76,1.059
1456347721.0,dfde85fc,1.169
1456347721.0,baef0398,1.059
1456347721.0,e57ad6a0,1.049
1456347721.0,6d3f757f,1.059
1456347721.0,49633dc8,1.149
1456347721.0,16c01a01,1.059
1456347721.0,d88c2313,1.059
1456347721.0,ed23637d,1.169
1456347721.0,a975f508,1.059
1456347721.0,4cd127d6,1.109
1456347721.0,6c260eb8,1.169
1456347721.0,202abd50,1.169
1456347721.0,1ac2cf31,1.049
1456347721.0,80e8cb89,1.059
1456347721.0,cc9281aa,1.169
1456347721.0,1087e8a7,1.169
1456347721.0,d78a5a29,1.059
1456347721.0,22521c52,1.169
1456347721.0,a715399f,1.059
1456347721.0,67a88200,1.159
1456347721.0,8fec22b9,1.179
1456347721.0,150a8031,1.169
1456347721.0,2cd83fd1,1.169
1456347721.0,463dc57b,1.109
1456347721.0,cb409a1c,1.049
1456347721.0,519422ae,1.149
1456347721.0,04d2538c,1.059
1456347721.0,32669d3d,1.169
1456347721.0,959e4b35,1.169
1456347721.0,add1235c,1.169
1456347721.0,c2f64bdc,1.149
1456347721.0,38ec146a,1.169
1456347721.0,4067a772,1.139
1456347721.0,acae2da4,1.169
1456347721.0,e3669521,1.169
1456347721.0,da4f51da,1.099
1456347721.0,92a7a6a9,1.139
1456347721.0,990f2a08,1.159
1456347721.0,5048cff6,1.059
1456347721.0,5ef11225,1.159
1456347721.0,f6884200,1.139
1456347721.0,7a630a93,1.079
1456347721.0,0463664c,1.059
1456347721.0,32073d45,1.169
1456347721.0,097d5277,1.059
1456347721.0,cbe160e3,1.149
1456347721.0,4a7395cf,1.149
1456347721.0,4d470b9f,1.139
1456347721.0,,0.989
1456347721.0,aa647893,1.169
1456347721.0,82dfbbfb,1.159
1456347721.0,75ed1160,1.169
1456347721.0,570b52de,1.179
1456347721.0,424834c6,1.079
1456347721.0,c88259dc,1.169
1456347721.0,,1.169
1456347721.0,f5a1aba3,1.169
1456347721.0,b342eb0d,1.139
1456347721.0,f9f28f31,1.169
1456347721.0,38b019be,1.069
1456347721.0,c3efdbea,1.169
1456347721.0,8fd408b7,1.059
1456347721.0,39c2a91f,1.169
1456347721.0,275898da,1.059
1456347721.0,987c1347,1.069
1456347721.0,d5a420b3,1.179
1456347721.0,a4dec78a,1.169
1456347721.0,7c91739b,1.149
1456347721.0,,1.129
1456347721.0,257e72cc,1.059
1456347721.0,6499e58a,1.159
1456347721.0,a59df71b,1.169
1456347721.0,8ef380b6,1.099
1456347721.0,f92266c5,1.169
1456347721.0,efb43212,1.069
1456347721.0,06f2f6c0,1.149
1456347721.0,0e367b40,1.169
1456347721.0,ac8e61fe,1.169
1456347721.0,f7b78f12,1.109
1456347721.0,f9512832,1.059
1456347721.0,c0bb7774,1.169
1456347721.0,c3c0fce5,1.169
1456347721.0,09925d9d,1.169
1456347721.0,76f75d37,1.159
1456347721.0,ea2476b3,1.059
1456347721.0,d64dcb15,1.139
1456347721.0,17c70718,1.159
1456347721.0,a1456bb3,1.059
1456347721.0,552017b2,1.059
1456347721.0,27d11827,1.049
1456347721.0,fec908f7,1.169
1456347721.0,c36c0090,1.179
1456347721.0,6f988429,1.139
1456347721.0,86b9d04d,1.149
1456347721.0,06e56593,1.149
1456347721.0,5be837d4,1.089
1456347721.0,0f24e30a,1.059
1456347721.0,d717e4c7,1.169
1456347721.0,830e3a6b,1.109
1456347721.0,c9d0b757,1.059
1456347721.0,86ca3bf1,1.169
1456347721.0,1feea3c1,1.179
1456347721.0,9ba26da7,1.129
1456347721.0,d1ac10cc,1.169
1456347721.0,9c59b375,1.169
1456347721.0,ba2fdbe6,1.059
1456347721.0,5b35d3e9,1.059
1456347721.0,01fb21d8,1.169
1456347721.0,5aeee11f,1.169
1456347721.0,ba78050b,1.109
1456347721.0,42d0c2aa,1.089
1456347721.0,835a8691,1.169
1456347721.0,96d89e86,1.059
1456347721.0,a0d61ab8,1.179
1456347721.0,d5a11ce9,1.169
1456347721.0,53cfbe4b,1.159
1456347721.0,a2346f9b,1.169
1456347721.0,15807244,1.059
1456347721.0,b75d9830,1.079
1456347721.0,345de47d,1.179
1456347721.0,fdc55c51,1.059
1456347721.0,243cd548,1.109
1456347721.0,3f195c1b,1.169
1456347721.0,8cba3640,1.089
1456347721.0,7f03066f,1.059
1456347721.0,2a365ba8,1.169
1456347721.0,6bac3115,1.079
1456347721.0,c4395b95,1.059
1456347721.0,bb839a02,1.059
1456347721.0,c3606f90,1.169
1456347721.0,7b9e5f97,1.059
1456347721.0,f6eddbb3,1.059
1456347721.0,201b87a9,1.059
1456347721.0,,1.159
1456347721.0,52658688,1.069
1456347721.0,4abbc65e,1.149
1456347721.0,a335cad7,1.169
1456347721.0,553d46ea,1.179
1456347721.0,4a6fab59,1.059
1456347721.0,1708f0d6,1.109
1456347721.0,09c3b83f,1.039
1456347721.0,e80747bb,1.169
1456347721.0,e2a68953,1.099
1456347721.0,cfb1df3e,1.149
1456347721.0,0fe71322,1.169
1456347721.0,fb77e994,1.059
1456347721.0,82130afe,1.059
1456347721.0,7d6631ad,1.049
1456347721.0,57525dc2,1.169
1456347721.0,9d7fe73c,1.059
1456347721.0,66e5052b,1.169
1456347721.0,349ae420,1.139
1456347721.0,8f5cffb0,1.059
1456347721.0,f85e7c2f,1.079
1456347721.0,04543b56,1.059
1456347721.0,b9c86ec7,1.179
1456347721.0,18ecad37,1.059
1456347721.0,11ed7bd3,1.059
1456347721.0,04762b7c,1.059
1456347721.0,35825f4b,1.059
1456347721.0,8bce4624,1.169
1456347721.0,b6f2c106,1.099
1456347721.0,7490aa54,1.059
1456347721.0,fecd7c64,1.179
1456347721.0,1947b494,1.169
1456347721.0,5a5daf30,1.059
1456347721.0,30176a30,1.169
1456347721.0,ae5d2bb7,1.109
1456347721.0,830faf16,1.049
1456347721.0,9f41a7c7,1.079
1456347721.0,aa7a4e3a,1.059
1456347721.0,714eaded,1.169
1456347721.0,de0d13cd,1.109
1456347721.0,93b3dc63,1.059
1456347721.0,b9c82901,1.169
1456347721.0,1b1894a9,1.099
1456347721.0,a3fd285b,1.169
1456347721.0,8785401b,1.169
1456347721.0,5a8b0e02,1.099
1456347721.0,b13eb8fa,1.179
1456347721.0,989cb65d,1.049
1456347721.0,9e91033c,1.049
1456347721.0,f59b1222,1.169
1456347721.0,1e13d4f8,1.059
1456347721.0,,1.079
1456347721.0,a315fcdc,1.169
1456347721.0,708eea9d,1.079
1456347721.0,07404fa2,1.159
1456347721.0,69cf448c,1.169
1456347721.0,f8627d5e,1.059
1456347721.0,a9fbf376,1.169
1456347721.0,ed5d3dbd,1.169
1456347721.0,47196a5d,1.059
1456347721.0,9354b0fc,1.169
1456347721.0,16e0fe75,1.129
1456347721.0,e6b1064f,1.059
1456347721.0,1762464c,1.059
1456347721.0,c2b37551,1.059
1456347721.0,14e4cad9,1.169
1456347721.0,e5658344,1.169
1456347721.0,b4f10cda,1.059
1456347721.0,b71fea96,1.159
1456347721.0,b0c0a395,1.079
1456347721.0,53bde5da,1.089
1456347721.0,99e5cb1b,1.149
1456347721.0,a5382b59,1.069
1456347721.0,94be3c52,1.059
1456347721.0,6a1dd3bb,1.109
1456347721.0,70cfddc2,1.179
1456347721.0,6cc0c611,1.159
1456347721.0,d881269d,1.079
1456347721.0,7f2c7280,1.169
1456347721.0,743a840f,1.139
1456347721.0,6e950c4a,1.169
1456347721.0,8e7cb537,1.169
1456347721.0,53d2ed19,1.169
1456347721.0,603bc731,1.149
1456347721.0,1d10714b,1.169
1456347721.0,726fb61b,1.169
1456347721.0,e109622e,1.169
1456347721.0,caf4c5e5,1.059
1456347721.0,aea9d5b4,0.949
1456347721.0,86622959,1.169
1456347721.0,ece6b02f,1.059
1456347721.0,9bf3cbf5,1.159
1456347721.0,8e8b8a63,1.049
1456347721.0,9e8d8571,1.059
1456347721.0,15d36622,1.169
1456347721.0,2b508314,1.079
1456347721.0,757ed05d,1.199
1456347721.0,3fa62bf3,1.169
1456347721.0,993296db,1.169
1456347721.0,e600b76d,1.169
1456347721.0,59e71e77,1.089
1456347721.0,0daf2906,1.169
1456347721.0,df727d0c,1.069
1456347721.0,5ec70894,1.159
1456347721.0,2323e5c3,1.169
1456347721.0,378a8437,1.169
1456347721.0,057738a5,1.169
1456347721.0,1553efff,1.139
1456347721.0,ecf85bf9,1.169
1456347721.0,88ebdb6d,1.109
1456347721.0,5cb012ef,1.179
1456347721.0,94d24f55,1.089
1456347721.0,14c7e96d,1.169
1456347721.0,e50cc55b,1.059
1456347721.0,204d8d56,1.059
1456347721.0,2e2669a6,1.169
1456347721.0,80a74921,1.109
1456347721.0,,1.169
1456347721.0,f29cadc1,1.099
1456347721.0,d5d87feb,1.079
1456347721.0,ee9b9dc5,1.169
1456347721.0,13ca0d8f,1.079
1456347721.0,8d8152a0,1.169
1456347721.0,8e68c7c0,1.059
1456347721.0,4f913836,1.109
1456347721.0,4c7d1e42,1.149
1456347721.0,81352631,1.059
1456347721.0,3321fa98,1.149
1456347721.0,3753e98b,1.099
1456347721.0,9010dbc0,1.169
1456347721.0,287fc858,1.059
1456347721.0,564ef774,1.039
1456347721.0,1858a39e,1.169
1456347721.0,115ba3fe,1.149
1456347721.0,41d19376,1.169
1456347721.0,8af66ed4,1.059
1456347721.0,c985912f,1.179
1456347721.0,0f245a0f,1.169
1456347721.0,c1d8eb68,1.059
1456347721.0,5f650df4,1.079
1456347721.0,6105a562,1.059
1456347721.0,e60668f4,1.169
1456347721.0,6f8ba6b1,1.159
1456347721.0,fe9c0e02,1.169
1456347721.0,ea7a855b,1.159
1456347721.0,01dd1b6f,1.129
1456347721.0,73df71fc,1.059
1456347721.0,fee47ded,1.059
1456347721.0,47019357,1.069
1456347721.0,02239e4c,0.979
1456347721.0,1fa4f36e,1.169
1456347721.0,528fe9d2,1.079
1456347721.0,7f8a14da,1.079
1456347721.0,39c2af9c,1.169
1456347721.0,47338686,1.059
1456347721.0,8686166f,1.059
1456347721.0,4986d1aa,1.169
1456347721.0,30da56b7,1.049
1456347721.0,f7f8ab67,1.159
1456347721.0,e1d422e6,1.069
1456347721.0,068a30eb,1.149
1456347721.0,7b709283,1.169
1456347721.0,4ce21f31,1.109
1456347721.0,ba35e551,1.059
1456347721.0,559fcfde,1.059
1456347721.0,c1a93b91,1.059
1456347721.0,a1d24452,1.059
1456347721.0,fbddd358,1.169
1456347721.0,5d25b0e7,1.169
1456347721.0,170a4510,1.169
1456347721.0,55c9b2b2,1.149
1456347721.0,06ac238a,1.059
1456347721.0,5cb6e8a5,1.059
1456347721.0,47f0950d,1.079
1456347721.0,e821cf4d,1.099
1456347721.0,d45b556e,1.059
1456347721.0,fab361d0,1.049
1456347721.0,207c13df,1.059
1456347721.0,48cd0b07,1.059
1456347721.0,9fbde140,1.059
1456347721.0,71a34e9b,1.049
1456347721.0,8c81c551,1.109
1456347721.0,689f962f,1.149
1456347721.0,272828c5,1.169
1456347721.0,7232ac4c,1.169
1456347721.0,2601854e,1.059
1456347721.0,3fb149fc,1.059
1456347721.0,7433201e,1.059
1456347721.0,5ea93ccf,1.179
1456347721.0,77690552,1.149
1456347721.0,123a41c8,1.169
1456347721.0,5daf9270,1.059
1456347721.0,89aea340,1.059
1456347721.0,1b97a3ad,1.099
1456347721.0,155982b5,1.169
1456347721.0,524ca315,1.059
1456347721.0,8342a4d9,1.149
1456347721.0,33300818,0.969
1456347721.0,6fec83f8,1.149
1456347721.0,8b79452e,1.059
1456347721.0,2925337f,1.169
1456347721.0,43556abc,1.159
1456347721.0,b25c9e2a,1.059
1456347721.0,4604fb62,1.059
1456347721.0,0683e641,1.089
1456347721.0,5ec2ab05,1.169
1456347721.0,40dc7ae9,1.159
1456347721.0,c611aa66,1.169
1456347721.0,b572b144,1.049
1456347721.0,a0497116,1.169
1456347721.0,d73f85dd,1.069
1456347721.0,0d94f40b,1.149
1456347721.0,bc55dda5,1.129
1456347721.0,9ad11a57,1.169
1456347721.0,147959b5,1.049
1456347721.0,a4deb49e,1.079
1456347721.0,bc6a3d8b,1.169
1456347721.0,874bffae,1.049
1456347721.0,32fa34ed,1.159
1456347721.0,fe599048,1.179
1456347721.0,9171a74f,1.059
1456347721.0,2867337b,1.149
1456347721.0,,1.169
1456347721.0,02bea987,1.099
1456347721.0,15566f60,1.179
1456347721.0,70a1919d,1.059
1456347721.0,a668a335,1.179
1456347721.0,bcca3d12,1.139
1456347721.0,9da3a4c0,1.139
1456347721.0,15629b2c,1.169
1456347721.0,17475683,1.059
1456347721.0,7390d2d3,1.169
1456347721.0,779b5eda,1.139
1456347721.0,fd921c70,1.059
1456347721.0,07effad4,1.139
1456347721.0,7b5e0499,1.059
1456347721.0,7163665c,1.059
1456347721.0,9c89b79d,1.179
1456347721.0,f8d71c41,1.059
1456347721.0,fa56fc6e,1.059
1456347721.0,e1811d4f,1.059
1456347721.0,5652b1d3,1.059
1456347721.0,358a1773,1.049
1456347721.0,f85abf7d,1.079
1456347721.0,754da3ab,1.169
1456347721.0,a35ffacf,1.139
1456347721.0,0ec71297,1.059
1456347721.0,5fd380ef,1.059
1456347721.0,b14bb16f,1.169
1456347721.0,6514f251,1.059
1456347721.0,d291a6c0,1.049
1456347721.0,5b2284eb,1.059
1456347721.0,084224e7,1.169
1456347721.0,895ceaef,1.059
1456347721.0,d2e178a4,1.139
1456347721.0,bc4f26f3,1.169
1456347721.0,2be28aa5,1.159
1456347721.0,54151b0d,1.059
1456347721.0,82d9d2c3,1.059
1456347721.0,d076e461,1.139
1456347721.0,0c247382,1.059
1456347721.0,85fc0347,1.069
1456347721.0,dddb4fe2,1.159
1456347721.0,897af169,1.059
1456347721.0,51129db6,1.059
1456347721.0,bf80d980,1.129
1456347721.0,f1bb9540,1.149
1456347721.0,f56cecf3,1.169
1456347721.0,1464ac8a,1.169
1456347721.0,0b7da931,1.149
1456347721.0,a1a059cc,1.169
1456347721.0,dd7c2cef,1.169
1456347721.0,f91506c7,1.059
1456347721.0,4e8aa2e9,1.059
1456347721.0,abba0a2d,1.079
1456347721.0,0f155e0a,1.139
1456347721.0,d6e49931,1.059
1456347721.0,91636cd2,1.149
1456347721.0,f06e40a6,1.169
1456347721.0,8087a244,1.139
1456347721.0,39409a93,1.149
1456347721.0,b7752118,1.059
1456347721.0,be5dd10f,1.059
1456347721.0,684e26a4,1.169
1456347721.0,38716c97,1.059
1456347721.0,8c24cc40,1.169
1456347721.0,147f3142,1.169
1456347721.0,6459c68c,1.149
1456347721.0,a0df1a9c,1.099
1456347721.0,a76feaa2,1.059
1456347721.0,7a9eef7e,1.069
1456347721.0,dfad7b08,1.059
1456347721.0,1acb5863,1.109
1456347721.0,a5ef49c6,1.169
1456347721.0,9d6f0c62,1.099
1456347721.0,9ec0aefd,1.109
1456347721.0,c449f1b5,1.169
1456347721.0,18c16fc4,1.059
1456347721.0,ffacc137,1.059
1456347721.0,b9472cd0,1.169
1456347721.0,0c58647e,1.169
1456347721.0,c2039560,1.169
1456347721.0,9aadb3f4,1.089
1456347721.0,fe2e5d6e,1.169
1456347721.0,bdd70033,1.149
1456347721.0,a9061770,1.139
1456347721.0,162fc7b8,1.059
1456347721.0,b862e775,1.099
1456347721.0,47647d8f,1.089
1456347721.0,f044fc49,1.169
1456347721.0,849a27f2,1.149
1456347721.0,6f3fab69,1.059
1456347721.0,d2e90d39,1.059
1456347721.0,0675dfd1,1.059
1456347721.0,032e8b57,1.169
1456347721.0,46dba843,1.159
1456347721.0,b2c3faec,1.169
1456347721.0,f57033cf,1.169
1456347721.0,b8563039,1.059
1456347721.0,7a6dcdb0,1.059
1456347721.0,4352ae26,1.059
1456347721.0,9eebc5a7,1.059
1456347721.0,c366f7fc,1.169
1456347721.0,1f9519cf,1.019
1456347721.0,e6176ad3,1.059
1456347721.0,531e3a5e,1.049
1456347721.0,341d054c,1.049
1456347721.0,ed0445b8,1.059
1456347721.0,38ad9bbf,1.059
1456347721.0,63645f4e,1.049
1456347721.0,8ce27d1a,1.109
1456347721.0,5e5886b8,1.059
1456347721.0,0e995a71,1.169
1456347721.0,bdc12d8e,1.169
1456347721.0,9c47cca4,1.169
1456347721.0,61a6d2eb,1.179
1456347721.0,f0710c08,1.059
1456347721.0,d97e33d2,1.169
1456347721.0,9199777f,1.169
1456347721.0,8cc37d2e,1.059
1456347721.0,7e0e3f65,1.179
1456347721.0,79a7959f,1.059
1456347721.0,74d89e9b,1.099
1456347721.0,4ff77c54,1.179
1456347721.0,b87b1fe6,1.169
1456347721.0,b0cbad3f,1.149
1456347721.0,18bb0375,1.169
1456347721.0,6202734a,1.059
1456347721.0,2d2c8e81,1.139
1456347721.0,6170e6c3,1.169
1456347721.0,16ff16ba,1.079
1456347721.0,ebdb10e8,1.169
1456347721.0,1b01cb62,1.059
1456347721.0,bf7d7adb,1.169
1456347721.0,73b5d3b6,1.139
1456347721.0,46e5123e,1.139
1456347721.0,f5774e0e,1.069
1456347721.0,8f9ca1ed,1.059
1456347721.0,03629d62,1.169
1456347721.0,e9ef6088,1.169
1456347721.0,0fc58d33,1.059
1456347721.0,f74fad88,1.169
1456347721.0,a2c55ea4,1.079
1456347721.0,2a5c512c,1.059
1456347721.0,4a590311,1.109
1456347721.0,3a2ce890,1.079
1456347721.0,81038dd7,1.059
1456347721.0,5ef62f10,1.059
1456347721.0,075244ea,1.139
1456347721.0,3fc8e265,1.159
1456347721.0,1698d005,1.169
1456347721.0,edc52f30,1.149
1456347721.0,4a5ba0e5,1.059
1456347721.0,da2a28a0,1.059
1456347721.0,8706aa4c,1.059
1456347721.0,0311c6ae,1.179
1456347721.0,987496d6,1.059
1456347721.0,982ba5cc,1.059
1456347721.0,210e805d,1.179
1456347721.0,47c5f8f7,1.059
1456347721.0,ae0c09ce,1.079
1456347721.0,48dfc338,1.139
1456347721.0,9b1003bd,1.169
1456347721.0,9db34e97,1.169
1456347721.0,85e1584b,1.059
1456347721.0,9636dbe4,1.069
1456347721.0,a0ea8015,1.159
1456347721.0,09534857,1.069
1456347721.0,b1a6f7cf,1.059
1456347721.0,3e8e99dc,1.169
1456347721.0,49fa8372,1.169
1456347721.0,10adc414,1.169
1456347721.0,ca757f3f,1.149
1456347721.0,9600cf84,1.149
1456347721.0,efb71c12,1.079
1456347721.0,1718ae0b,1.169
1456347721.0,1c33ec7e,1.059
1456347721.0,6bf6b199,1.169
1456347721.0,ee7c2d70,1.169
1456347721.0,3346c58a,1.079
1456347721.0,ce6b83b7,1.099
1456347721.0,0d779f5e,1.159
1456347721.0,bd6c269c,0.919
1456347721.0,2cdfc56f,1.159
1456347721.0,643b65de,1.169
1456347721.0,96378df9,1.059
1456347721.0,93157d05,1.079
1456347721.0,d69a2326,1.169
1456347721.0,d9de4b56,1.059
1456347721.0,e8659100,1.059
1456347721.0,8ce1b5f8,1.149
1456347721.0,51afcd0f,1.179
1456347721.0,161cb545,1.099
1456347721.0,91cac178,1.059
1456347721.0,a3932df8,1.089
1456347721.0,71405ff7,1.169
1456347721.0,1588da36,1.179
1456347721.0,714dc178,1.049
1456347721.0,eb8fef56,1.059
1456347721.0,9d64de92,1.079
1456347721.0,9e7d95ec,1.079
1456347721.0,c290efa7,1.169
1456347721.0,67b32df0,1.149
1456347721.0,64f5be3f,1.169
1456347721.0,19631699,1.169
1456347721.0,a9f47df0,1.059
1456347721.0,94f34687,1.129
1456347721.0,04288b0a,1.209
1456347721.0,b24fd72d,1.149
1456347721.0,ad1c95ab,1.169
1456347721.0,4917afaa,1.179
1456347721.0,bfaaf354,1.169
1456347721.0,13fdcfbe,1.139
1456347721.0,2965e148,1.079
1456347721.0,79b3e9cf,1.099
1456347721.0,68389c7f,1.059
1456347721.0,a2987081,1.059
1456347721.0,cbd96815,1.079
1456347721.0,dc5b8dc2,1.059
1456347721.0,8c2be7ba,1.169
1456347721.0,48ef33bf,1.169
1456347721.0,bd3a11a3,1.049
1456347721.0,006248be,1.089
1456347721.0,a601b597,1.169
1456347721.0,da20711a,1.169
1456347721.0,450f3a21,1.179
1456347721.0,5533e7bf,1.149
1456347721.0,2ad0a689,1.169
1456347721.0,d47bc4c5,1.149
1456347721.0,7e101351,1.149
1456347721.0,ae3c2fda,1.169
1456347721.0,75290178,1.079
1456347721.0,eb885b64,1.159
1456347721.0,7f80fb50,1.209
1456347721.0,353d2391,1.059
1456347721.0,a19cfb72,1.119
1456347721.0,5e983c4b,1.179
1456347721.0,2d58a414,1.169
1456347721.0,5204d6df,1.059
1456347721.0,5f6ca326,1.049
1456347721.0,9499ceea,1.109
1456347721.0,ffce6baf,1.089
1456347721.0,3b1a99c0,1.069
1456347721.0,6a7beb86,1.169
1456347721.0,c466d5fa,1.109
1456347721.0,bb091511,1.059
1456347721.0,16a73c7d,1.139
1456347721.0,1d38e16e,1.049
1456347721.0,2907236c,1.059
1456347721.0,97d3de54,1.049
1456347721.0,d5fda8a5,1.059
1456347721.0,834f6271,1.059
1456347721.0,0d1c8f35,1.109
1456347721.0,2f70ad86,1.149
1456347721.0,8dbbf765,1.169
1456347721.0,092ea244,1.159
1456347721.0,1f790c2c,1.179
1456347721.0,6ce97072,1.049
1456347721.0,319cc820,1.169
1456347721.0,58cb2ae4,1.169
1456347721.0,54344f7f,1.059
1456347721.0,6bd74eed,1.069
1456347721.0,5984119a,1.159
1456347721.0,523156b3,1.059
1456347721.0,2380bb04,1.059
1456347721.0,c393d3fc,1.079
1456347721.0,ceda1d43,1.169
1456347721.0,f8080a8e,1.169
1456347721.0,75bc1c25,1.059
1456347721.0,1bc107ca,1.169
1456347721.0,27e302bc,1.059
1456347721.0,d983cd5e,1.159
1456347721.0,18641c7f,1.179
1456347721.0,c98acfc1,1.169
1456347721.0,5b2c0b33,1.059
1456347721.0,e0c1778e,1.059
1456347721.0,f25ee766,1.169
1456347721.0,7cce432f,1.169
1456347721.0,cfc7df71,1.169
1456347721.0,ea5a9904,0.989
1456347721.0,11288ef5,1.059
1456347721.0,9efa2ed6,1.119
1456347721.0,945ced86,1.179
1456347721.0,2096e49a,1.169
1456347721.0,7e7117c5,1.049
1456347721.0,260b8710,1.049
1456347721.0,d5b64c05,1.169
1456347721.0,a45c4dc1,1.169
1456347721.0,9c7eab32,1.169
1456347721.0,210d7aa0,1.169
1456347721.0,dc7739ef,1.059
1456347721.0,0baaf637,1.169
1456347721.0,3e211f86,1.169
1456347721.0,2e1573c2,1.169
1456347721.0,883f2551,1.059
1456347721.0,968f2fb0,1.169
1456347721.0,dfb76cf3,1.059
1456347721.0,a5b8429f,1.109
1456347721.0,909a22a4,1.169
1456347721.0,17bbc60e,1.139
1456347721.0,3ceab2dc,1.109
1456347721.0,c06606c4,1.059
1456347721.0,2e64cc2e,1.169
1456347721.0,e256d75b,1.169
1456347721.0,f8c5b496,1.059
1456347721.0,a459b6b0,1.059
1456347721.0,c4ede5e6,1.059
1456347721.0,64d06130,1.159
1456347721.0,bd227bfb,1.069
1456347721.0,96bf62ca,1.139
1456347721.0,003e03fc,1.169
1456347721.0,9fdff1e2,1.179
1456347721.0,05b24372,1.169
1456347721.0,df95008a,1.139
1456347721.0,a870af34,1.169
1456347721.0,a2d8eda4,1.059
1456347721.0,84944aec,1.169
1456347721.0,efadda78,1.149
1456347721.0,f4105cbc,1.169
1456347721.0,f25babad,1.169
1456347721.0,a3beb05f,1.049
1456347721.0,16ee4d80,1.079
1456347721.0,984a99c0,1.179
1456347721.0,0980ddb6,1.079
1456347721.0,250c9baa,1.169
1456347721.0,77c9f305,1.169
1456347721.0,72fef334,1.059
1456347721.0,ac02a968,1.159
1456347721.0,37741f9a,1.139
1456347721.0,89923e95,1.059
1456347721.0,d4f76c4a,1.049
1456347721.0,f5ccc280,1.139
1456347721.0,0c03d863,1.099
1456347721.0,a580c6ad,1.169
1456347721.0,0d6425bc,1.169
1456347721.0,cb0a9a47,1.169
1456347721.0,6e899248,1.169
1456347721.0,5695114d,0.989
1456347721.0,adda6336,1.169
1456347721.0,aa0cc0ae,1.059
1456347721.0,a48343d6,1.169
1456347721.0,82d40753,1.059
1456347721.0,9c586989,1.059
1456347721.0,0339cb93,1.139
1456347721.0,3e198165,1.109
1456347721.0,4d5c23ec,1.169
1456347721.0,e73d5934,1.059
1456347721.0,ecaa161e,1.059
1456347721.0,70cb8cb9,1.169
1456347721.0,b54ce38d,1.059
1456347721.0,573b539e,1.149
1456347721.0,7ebce3f0,1.049
1456347721.0,d643ef3d,1.169
1456347721.0,d1002658,1.169
1456347721.0,080b1017,1.149
1456347721.0,d3a6a57e,1.059
1456347721.0,31de5758,1.179
1456347721.0,39cc6655,1.169
1456347721.0,16259776,1.169
1456347721.0,462bfb81,1.029
1456347721.0,9200bb2c,1.079
1456347721.0,1a839c73,1.069
1456347721.0,f87bab74,1.059
1456347721.0,19c801a7,1.149
1456347721.0,88977ce9,1.079
1456347721.0,3d61eab1,1.179
1456347721.0,10ae4031,1.169
1456347721.0,317cd4e0,1.139
1456347721.0,beaffffe,1.049
1456347721.0,bff6865c,1.059
1456347721.0,f494f0b9,1.169
1456347721.0,7929baa2,1.109
1456347721.0,8620fb27,1.169
1456347721.0,,1.169
1456347721.0,352d964c,1.179
1456347721.0,53da2dce,1.169
1456347721.0,a395cb1b,1.059
1456347721.0,be031347,1.059
1456347721.0,35e384e6,1.109
1456347721.0,5c59a043,1.079
1456347721.0,76cc63cc,1.059
1456347721.0,29f85de3,1.099
1456347721.0,716baf59,1.139
1456347721.0,034c5ff6,1.089
1456347721.0,449f9515,1.059
1456347721.0,694cd654,1.139
1456347721.0,43a05b46,1.079
1456347721.0,c1e95d8d,1.159
1456347721.0,219c5d83,1.169
1456347721.0,2dcd1fcb,1.149
1456347721.0,b0c8723c,1.059
1456347721.0,a84b87d8,1.049
1456347721.0,c1d22562,1.109
1456347721.0,c252c064,1.139
1456347721.0,8444156b,1.059
1456347721.0,db7d175d,1.059
1456347721.0,0b37cd71,1.169
1456347721.0,75aa9617,1.059
1456347721.0,c38e01fd,1.059
1456347721.0,1196a7d8,1.099
1456347721.0,64784ae8,1.169
1456347721.0,c4eb2874,1.169
1456347721.0,efdee81f,1.169
1456347721.0,257b4f91,1.139
1456347721.0,48cc409e,1.169
1456347721.0,3746716c,1.149
1456347721.0,84d426fd,1.099
1456347721.0,9acedda4,1.169
1456347721.0,f4f5e1d8,1.169
1456347721.0,cb7a19f8,1.169
1456347721.0,fbb672d6,1.179
1456347721.0,c897fba4,1.099
1456347721.0,4d79856a,1.169
1456347721.0,5ac0914e,1.139
1456347721.0,2edd040a,1.179
1456347721.0,2faaffd9,1.149
1456347721.0,aea5cadc,1.139
1456347721.0,6f1953ac,1.059
1456347721.0,b8e3788a,1.049
1456347721.0,a6971d57,1.059
1456347721.0,7b5f8374,1.059
1456347721.0,28cedc00,1.159
1456347721.0,7e388e10,1.169
1456347721.0,3b0fb08c,1.169
1456347721.0,c0fe2d57,1.049
1456347721.0,19317a43,1.149
1456347721.0,6db00370,1.149
1456347721.0,df543f1f,1.069
1456347721.0,ce40795f,1.059
1456347721.0,b2157446,1.059
1456347721.0,ed3dcd2f,1.159
1456347721.0,f1206565,1.169
1456347721.0,2357ec98,1.049
1456347721.0,ddb539ed,1.169
1456347721.0,e21e887d,1.169
1456347721.0,333d1cac,1.169
1456347721.0,f04e168f,1.059
1456347721.0,c9aa5793,1.139
1456347721.0,8c7470e4,1.159
1456347721.0,dac20891,1.169
1456347721.0,f573d9de,1.179
1456347721.0,aa10726f,1.059
1456347721.0,76d6a2a2,1.139
1456347721.0,7dc2c962,1.179
1456347721.0,0e7f0bd4,1.139
1456347721.0,51683daa,1.139
1456347721.0,bd3ce4cc,1.059
1456347721.0,41b2d714,1.079
1456347721.0,d1ff19d3,1.149
1456347721.0,bf7f79ce,1.169
1456347721.0,8098495e,1.169
1456347721.0,576d4884,1.109
1456347721.0,da3bfceb,1.079
1456347721.0,b4154d71,1.059
1456347721.0,cef14abc,1.139
1456347721.0,d0e10ca9,1.059
1456347721.0,04bc5ae6,1.159
1456347721.0,5e8ffc69,1.059
1456347721.0,77409cad,1.169
1456347721.0,49ea8294,1.139
1456347721.0,da4a42a1,1.109
1456347721.0,926509ae,1.049
1456347721.0,88dd7fc5,1.169
1456347721.0,4158664a,1.079
1456347721.0,da1464b2,1.199
1456347721.0,5982ef09,1.069
1456347721.0,7edfe29f,1.079
1456347721.0,1d853aae,1.169
1456347721.0,199fdffc,1.109
1456347721.0,8f806f27,1.059
1456347721.0,bfce3f9b,1.059
1456347721.0,aa642af9,1.049
1456347721.0,6c663a7b,1.109
1456347721.0,a3b4b0af,1.059
1456347721.0,6da23946,1.169
1456347721.0,d6f1e726,1.149
1456347721.0,52c251bb,1.069
1456347721.0,294a09dc,1.169
1456347721.0,14c3a02f,1.089
1456347721.0,00eb6334,1.049
1456347721.0,8c545197,1.169
1456347721.0,b0332bd3,1.139
1456347721.0,bce0d2a3,1.119
1456347721.0,eb444eb7,1.049
1456347721.0,31c83690,1.049
1456347721.0,b81c2aae,1.069
1456347721.0,7b17379c,1.159
1456347721.0,ab899df0,1.179
1456347721.0,f19e24dc,1.169
1456347721.0,3365e596,1.059
1456347721.0,1fa84ca6,1.169
1456347721.0,e74667af,1.109
1456347721.0,8b143527,1.049
1456347721.0,209e8416,1.139
1456347721.0,8a8346fc,1.099
1456347721.0,568d33c2,1.169
1456347721.0,eee03f6b,1.049
1456347721.0,5edb91a5,1.139
1456347721.0,855fc4f2,1.169
1456347721.0,1a08fd43,1.059
1456347721.0,26e74126,1.169
1456347721.0,91604c03,1.139
1456347721.0,24bf40f3,1.059
1456347721.0,c3bfe078,1.059
1456347721.0,aeef5cf2,1.089
1456347721.0,9e80e5e2,1.059
1456347721.0,f56f3208,1.049
1456347721.0,8ab03024,1.149
1456347721.0,da670ade,1.049
1456347721.0,10f4b8f5,1.059
1456347721.0,4cfb1a89,1.159
1456347721.0,6d10b873,1.059
1456347721.0,142ed653,1.169
1456347721.0,f9fbac11,1.059
1456347721.0,558f57a1,1.059
1456347721.0,acf3fb4b,1.139
1456347721.0,df070324,1.059
1456347721.0,6193821d,1.059
1456347721.0,941effa7,1.129
1456347721.0,dc07718c,1.059
1456347721.0,af6c3817,1.139
1456347721.0,0fcc99fa,1.179
1456347721.0,44e030ce,1.169
1456347721.0,0ba0dd13,1.089
1456347721.0,60acc87b,1.149
1456347721.0,474644ad,1.169
1456347721.0,d8601954,1.169
1456347721.0,3f054566,1.169
1456347721.0,539e7513,1.059
1456347721.0,b0b0be19,1.059
1456347721.0,3ab2d959,1.149
1456347721.0,682145e8,1.139
1456347721.0,73086606,1.149
1456347721.0,db2c1d84,1.059
1456347721.0,86e12f55,1.059
1456347721.0,41ea449e,1.069
1456347721.0,2ccce8c3,1.059
1456347721.0,07e5acfb,1.069
1456347721.0,fdda2a1f,1.059
1456347721.0,1717d8ca,1.169
1456347721.0,6c9a5e04,1.059
1456347721.0,0a48df72,1.169
1456347721.0,b6d22753,1.069
1456347721.0,71618bdc,1.169
1456347721.0,38a55267,1.059
1456347721.0,3167769c,1.169
1456347721.0,fb80b39a,1.169
1456347721.0,6041e2b6,1.169
1456347721.0,411533c8,1.079
1456347721.0,0ab7f18e,1.059
1456347721.0,ec22cdab,1.099
1456347721.0,4c70c97c,1.179
1456347721.0,2a7cdc44,1.159
1456347721.0,a6a9676b,1.079
1456347721.0,42aa3fce,1.169
1456347721.0,c8898ee2,1.059
1456347721.0,7771a21d,1.169
1456347721.0,1b5356f1,1.109
1456347721.0,621f191f,1.149
1456347721.0,b4a05b7f,1.169
1456347721.0,d33e9e56,1.169
1456347721.0,d56413d1,1.059
1456347721.0,f01bd5b6,1.079
1456347721.0,2f6edad9,1.059
1456347721.0,b713df6a,1.059
1456347721.0,c7a5dad9,1.169
1456347721.0,edde0c0f,1.169
1456347721.0,ca71f476,1.169
1456347721.0,220f070d,1.159
1456347721.0,befd1f24,1.179
1456347721.0,286dd7d9,1.069
1456347721.0,481140af,1.109
1456347721.0,6bbab4fd,1.109
1456347721.0,fffcb866,1.129
1456347721.0,cb67b2ff,1.059
1456347721.0,c0a9edc8,1.059
1456347721.0,a8e52643,1.169
1456347721.0,85e45131,1.059
1456347721.0,3c227dc2,1.059
1456347721.0,88bde36e,0.999
1456347721.0,3b50751f,1.169
1456347721.0,57b493fa,1.159
1456347721.0,c4348493,1.169
1456347721.0,38d183bf,1.079
1456347721.0,24755427,1.169
1456347721.0,0ad7f620,1.059
1456347721.0,e076eba6,1.059
1456347721.0,a6339a0a,1.119
1456347721.0,8a4440a7,1.169
1456347721.0,57b36972,1.169
1456347721.0,f13c64f2,1.169
1456347721.0,7a475c04,1.169
1456347721.0,22ed3351,1.099
1456347721.0,32c905a8,1.109
1456347721.0,5db56b1d,1.059
1456347721.0,49119bd2,1.049
1456347721.0,2e65af60,1.169
1456347721.0,be99051f,1.059
1456347721.0,4c925894,1.159
1456347721.0,7efa821a,1.059
1456347721.0,b24d84c3,1.079
1456347721.0,6a629c0f,1.059
1456347721.0,8d39e4b4,1.169
1456347721.0,aa2018b8,1.079
1456347721.0,f9befed0,1.159
1456347721.0,4530e328,1.079
1456347721.0,48c3f251,1.119
1456347721.0,259823d7,1.059
1456347721.0,3a9a5bc8,1.049
1456347721.0,e6cf2bea,1.169
1456347721.0,017f1d73,1.169
1456347721.0,8e0d1caa,1.179
1456347721.0,0fb24e7d,1.169
1456347721.0,8447198d,1.049
1456347721.0,65788d91,1.059
1456347721.0,ee19e026,1.159
1456347721.0,40e0779e,1.159
1456347721.0,fa2e9d72,1.169
1456347721.0,e458aaaf,1.059
1456347721.0,b5935794,1.059
1456347721.0,54cd733f,1.149
1456347721.0,33edb985,1.179
1456347721.0,48a1176e,1.169
1456347721.0,dcca746a,1.059
1456347721.0,636ce33d,1.169
1456347721.0,ff20eed6,1.069
1456347721.0,9afda374,1.159
1456347721.0,ba76fc84,1.059
1456347721.0,2eb47ed3,1.149
1456347721.0,792ef841,1.059
1456347721.0,d0e02780,1.089
1456347721.0,d1deaf7f,1.169
1456347721.0,e49e0407,1.179
1456347721.0,0af8f0f1,1.049
1456347721.0,8c5ae0bd,1.069
1456347721.0,b869515f,1.059
1456347721.0,eb3c6430,1.169
1456347721.0,06f357b3,1.059
1456347721.0,a3409eaf,1.069
1456347721.0,87245b5d,1.139
1456347721.0,5fc37dfd,1.109
1456347721.0,4b7b3dd3,1.169
1456347721.0,74775b0d,1.069
1456347721.0,ddef27e6,1.059
1456347721.0,f3d6a03f,1.149
1456347721.0,8cb60ffa,1.059
1456347721.0,fca43092,1.059
1456347721.0,542fbb56,1.059
1456347721.0,987b9a76,1.169
1456347721.0,14da1401,1.149
1456347721.0,3e921ea2,1.169
1456347721.0,b36b7e42,1.059
1456347721.0,06282a1f,1.169
1456347721.0,8f62454a,1.139
1456347721.0,67f43dec,1.169
1456347721.0,f0bce0a6,1.169
1456347721.0,ed0f06c1,1.169
1456347721.0,47bf3acc,1.059
1456347721.0,0f200738,1.079
1456347721.0,d5ced0b2,1.089
1456347721.0,69c73a78,1.109
1456347721.0,3463f37f,1.099
1456347721.0,02e413b6,1.089
1456347721.0,d0b8a1f7,1.169
1456347721.0,cb47b300,1.169
1456347721.0,7a9373b8,1.059
1456347721.0,5192889f,1.059
1456347721.0,7a411a95,1.059
1456347721.0,b9cdf061,1.099
1456347721.0,d3052d2c,1.089
1456347721.0,932359af,1.059
1456347721.0,69137adc,1.169
1456347721.0,461b2a68,1.059
1456347721.0,1c3b6ee2,1.109
1456347721.0,c6c05a1d,1.059
1456347721.0,1161f67d,1.059
1456347721.0,9672cfaf,1.079
1456347721.0,aef9c468,1.179
1456347721.0,768def48,1.169
1456347721.0,65a0b74e,1.069
1456347721.0,9eb9c031,1.169
1456347721.0,d428a044,1.169
1456347721.0,70e52ee2,1.169
1456347721.0,622ea8b5,1.059
1456347721.0,62595ff2,1.169
1456347721.0,22d0db61,1.059
1456347721.0,580449f1,1.059
1456347721.0,40dffb00,1.059
1456347721.0,6ff38393,1.099
1456347721.0,a042f697,1.059
1456347721.0,abb8ccea,1.079
1456347721.0,216f7e87,1.149
1456347721.0,0764c8b7,1.169
1456347721.0,dcdc6c10,1.069
1456347721.0,f0610621,1.159
1456347721.0,ba30d526,1.179
1456347721.0,86d6d36f,1.049
1456347721.0,a4338625,1.069
1456347721.0,1580fa52,1.159
1456347721.0,5363d71f,1.079
1456347721.0,909f02fa,1.159
1456347721.0,635564fa,1.169
1456347721.0,b5883920,1.109
1456347721.0,9410a8d1,1.079
1456347721.0,5037ab0b,1.169
1456347721.0,926c754c,1.149
1456347721.0,74b6c8cb,1.179
1456347721.0,adcf8443,1.049
1456347721.0,59c7e20b,1.059
1456347721.0,8337e967,1.169
1456347721.0,9259e081,1.139
1456347721.0,a0f41fbb,1.069
1456347721.0,3ff7884f,1.059
1456347721.0,90f0ff20,1.139
1456347721.0,e9b0b14e,1.089
1456347721.0,6e065b53,1.109
1456347721.0,0434e895,1.169
1456347721.0,33f25c75,1.149
1456347721.0,a86c0a1f,1.149
1456347721.0,327ea807,1.079
1456347721.0,26562367,1.169
1456347721.0,f14d6045,1.059
1456347721.0,a03e4bfc,1.099
1456347721.0,6ca7f7c5,1.059
1456347721.0,ef67a83b,1.139
1456347721.0,ae505f44,1.169
1456347721.0,a05a18cd,1.149
1456347721.0,fd5c987c,1.119
1456347721.0,c1548059,1.169
1456347721.0,c35029f0,1.049
1456347721.0,c269e5db,1.179
1456347721.0,a8605009,1.159
1456347721.0,,1.169
1456347721.0,028d28be,1.059
1456347721.0,f7bd1199,1.059
1456347721.0,fc9dc8e5,1.059
1456347721.0,cd6facd7,1.129
1456347721.0,294ed3f5,1.179
1456347721.0,6d257c8c,1.149
1456347721.0,f2c8e01a,1.059
1456347721.0,f659a576,1.059
1456347721.0,82376744,1.059
1456347721.0,73d6d267,1.109
1456347721.0,0e7628ed,1.089
1456347721.0,63a9da40,1.169
1456347721.0,eaff9064,1.149
1456347721.0,8b18bb85,1.069
1456347721.0,242eb552,1.169
1456347721.0,6e781ba8,1.179
1456347721.0,5cbce85b,1.139
1456347721.0,4951f110,1.149
1456347721.0,bcee3dc6,1.139
1456347721.0,b2ad3bc8,1.159
1456347721.0,8563b305,1.059
1456347721.0,c92ed685,1.049
1456347721.0,8e9233ee,1.169
1456347721.0,04aefaad,1.109
1456347721.0,dd329a1e,1.059
1456347721.0,4aeeebe8,1.159
1456347721.0,579ffc07,1.049
1456347721.0,175e5435,1.169
1456347721.0,8e5758d4,1.139
1456347721.0,f1929c3e,1.169
1456347721.0,624ba629,1.099
1456347721.0,3ce106d3,1.139
1456347721.0,311d43c9,1.129
1456347721.0,7fccdc2c,1.109
1456347721.0,76f9948e,1.169
1456347721.0,53668235,1.079
1456347721.0,4ab47d1a,1.069
1456347721.0,f74a068e,1.094
1456347721.0,2c3fb747,1.069
1456347721.0,8e0fdf79,1.179
1456347721.0,6e966a1c,1.169
1456347721.0,853debfa,1.169
1456347721.0,2a8d8f74,1.169
1456347721.0,2385c761,1.169
1456347721.0,76aa3b14,1.129
1456347721.0,64ce1a2a,1.049
1456347721.0,c0862a83,1.149
1456347721.0,e196e62c,1.109
1456347721.0,5446812c,1.169
1456347721.0,ecf2754f,1.069
1456347721.0,a9b8fb74,1.169
1456347721.0,2c882c96,1.059
1456347721.0,26623c9d,1.059
1456347721.0,0f7cd5d5,1.059
1456347721.0,6b13020d,1.059
1456347721.0,3ad0cccc,1.169
1456347721.0,cb758bb7,1.059
1456347721.0,39dabb89,1.079
1456347721.0,a6fe89c8,1.169
1456347721.0,ac12c84c,1.059
1456347721.0,04359025,1.059
1456347721.0,6df8769f,1.169
1456347721.0,c1b6be0d,1.169
1456347721.0,6c1e7a7a,1.059
1456347721.0,90b15783,1.169
1456347721.0,,1.009
1456347721.0,e4c3638f,1.169
1456347721.0,73b03911,1.109
1456347721.0,539144f8,1.059
1456347721.0,c8b54491,1.169
1456347721.0,847fdc50,1.169
1456347721.0,3bf46d9b,1.169
1456347721.0,c9d2b9cb,1.059
1456347721.0,dda65020,1.059
1456347721.0,152983d0,1.169
1456347721.0,9bff6895,1.159
1456347721.0,c0f54c09,1.169
1456347721.0,3f2c1a7b,1.059
1456347721.0,aa45910c,1.149
1456347721.0,d195f0c9,1.169
1456347721.0,0e392bbd,1.069
1456347721.0,78565e39,1.059
1456347721.0,37f5ab7c,1.159
1456347721.0,0d046d70,1.059
1456347721.0,ec60ccb8,1.179
1456347721.0,43474152,1.059
1456347721.0,3e2d7201,1.059
1456347721.0,dd81b30a,1.169
1456347721.0,c9564c67,1.129
1456347721.0,b694f783,1.069
1456347721.0,483ffbcb,1.169
1456347721.0,eb3bf9c1,1.099
1456347721.0,8fdd1c16,1.079
1456347721.0,8c9613bc,1.059
1456347721.0,3db6506a,1.169
1456347721.0,08654386,1.059
1456347721.0,aed2f04c,1.179
1456347721.0,d6d2e0fe,1.149
1456347721.0,9f82b029,1.169
1456347721.0,b7d8dff7,1.169
1456347721.0,cada2616,1.049
1456347721.0,5f0ea8ff,1.059
1456347721.0,a231278b,1.079
1456347721.0,29d690c6,1.049
1456347721.0,e074abb1,1.059
1456347721.0,a1338d18,1.179
1456347721.0,4f650c42,1.049
1456347721.0,2ebde489,1.149
1456347721.0,aa4cdb22,1.049
1456347721.0,f36b3182,1.059
1456347721.0,3429a55d,1.169
1456347721.0,a9ba3d99,1.059
1456347721.0,b598078e,1.059
1456347721.0,9eb320c2,1.169
1456347721.0,01739f46,1.059
1456347721.0,5f6eaa74,1.179
1456347721.0,caaa0b46,1.059
1456347721.0,8117afb7,1.059
1456347721.0,3335bb20,1.059
1456347721.0,2ac71882,1.069
1456347721.0,e05f9010,1.139
1456347721.0,97ca12f9,1.169
1456347721.0,1db152f7,1.169
1456347721.0,676ac223,1.059
1456347721.0,d371719e,1.079
1456347721.0,85e6cd0f,1.169
1456347721.0,9b77fa3c,1.179
1456347721.0,c43ed044,1.169
1456347721.0,b72ae868,0.959
1456347721.0,ea2f710b,1.109
1456347721.0,87298a04,1.049
1456347721.0,ead165dc,1.119
1456347721.0,955c334e,1.139
1456347721.0,83981d2d,1.059
1456347721.0,b3843814,1.059
1456347721.0,c2725526,1.059
1456347721.0,6a5b57f4,1.169
1456347721.0,44c15478,1.179
1456347721.0,d080aa8b,1.059
1456347721.0,b215d388,1.169
1456347721.0,fc086bfa,1.059
1456347721.0,,1.059
1456347721.0,0110af37,1.169
1456347721.0,feb45cd9,1.169
1456347721.0,57679b79,1.069
1456347721.0,66651818,1.129
1456347721.0,c83af05f,1.139
1456347721.0,8c27b2e6,1.169
1456347721.0,fb428d4f,1.049
1456347721.0,75d9d944,1.099
1456347721.0,d6703157,1.169
1456347721.0,b1adab9c,1.049
1456347721.0,8841cebf,1.059
1456347721.0,fc59259b,1.139
1456347721.0,d01ea35a,1.169
1456347721.0,2ab0fae2,1.049
1456347721.0,5718b51b,1.149
1456347721.0,79f769b8,1.169
1456347721.0,a0088371,1.169
1456347721.0,7eb51d57,1.179
1456347721.0,8a7526b9,1.169
1456347721.0,e8775be0,1.059
1456347721.0,158ed0df,1.139
1456347721.0,fa5f29ac,1.169
1456347721.0,48194f3c,1.169
1456347721.0,be936d1c,1.059
1456347721.0,5ac69ef8,1.109
1456347721.0,c6d24a24,1.169
1456347721.0,e05e8acf,1.169
1456347721.0,b8fee3a4,1.059
1456347721.0,768d2bfe,1.059
1456347721.0,ccdbe1c1,1.059
1456347721.0,fd7d736f,1.149
1456347721.0,e2064e64,1.169
1456347721.0,7b5a8540,1.099
1456347721.0,21a51aa6,1.159
1456347721.0,a74e1057,1.169
1456347721.0,a53100f4,1.059
1456347721.0,4f55919e,1.059
1456347721.0,7142929d,1.099
1456347721.0,124a48e9,1.059
1456347721.0,7b8e3478,1.169
1456347721.0,64e31076,1.179
1456347721.0,549b0288,1.059
1456347721.0,b4a13ec7,1.139
1456347721.0,844861f9,1.069
1456347721.0,0f5578bb,1.169
1456347721.0,56a0a7dc,1.059
1456347721.0,92dbd199,1.179
1456347721.0,f8f516ae,1.059
1456347721.0,df7786ea,1.059
1456347721.0,f7ff0975,1.139
1456347721.0,22491a38,1.059
1456347721.0,6f65a418,1.169
1456347721.0,045fdfdf,1.169
1456347721.0,7a9d4c97,1.169
1456347721.0,237e0152,1.069
1456347721.0,b27d26fa,1.169
1456347721.0,5594ce0b,1.059
1456347721.0,5c451464,1.169
1456347721.0,6c109510,1.059
1456347721.0,469d3f8c,1.099
1456347721.0,67ac9fc0,1.089
1456347721.0,5f8076ef,1.099
1456347721.0,9af812fc,1.159
1456347721.0,dc387962,1.139
1456347721.0,29eed38e,1.049
1456347721.0,e1cf4b4c,1.169
1456347721.0,bd27836d,1.079
1456347721.0,94e717e5,0.999
1456347721.0,7ffa235a,1.059
1456347721.0,89b78f49,1.059
1456347721.0,39f9c0aa,1.049
1456347721.0,2bbb3f4f,1.059
1456347721.0,9eec96b9,1.179
1456347721.0,94ca27a8,1.059
1456347721.0,364779b4,1.169
1456347721.0,69877eac,1.049
1456347721.0,d8382d2b,1.099
1456347721.0,d2c2433a,1.169
1456347721.0,fe407811,1.059
1456347721.0,530fa955,1.149
1456347721.0,bf7e9cdf,1.159
1456347721.0,5678d2c5,1.169
1456347721.0,b894b272,1.169
1456347721.0,83c94fc4,1.059
1456347721.0,e2a5f261,1.059
1456347721.0,07d4d93c,1.169
1456347721.0,7ab95e95,1.059
1456347721.0,5cb0b08c,1.069
1456347721.0,5693dbae,1.169
1456347721.0,0ff89a05,1.169
1456347721.0,241c63b0,1.169
1456347721.0,eecd4599,1.079
1456347721.0,f33d10dd,1.059
1456347721.0,0d27caae,1.059
1456347721.0,09e77dd9,1.139
1456347721.0,f0910caa,1.079
1456347721.0,e8812318,1.179
1456347721.0,b050d780,1.139
1456347721.0,e4ff2e3f,1.049
1456347721.0,085f0fd3,1.069
1456347721.0,3473636a,1.149
1456347721.0,0fc168e5,1.049
1456347721.0,256e6d2f,1.169
1456347721.0,fd3e8c64,1.079
1456347721.0,a23d5fdf,1.159
1456347721.0,c96b90cb,1.059
1456347721.0,97588053,1.069
1456347721.0,6768f241,1.059
1456347721.0,4922811e,1.059
1456347721.0,0028e6e8,1.059
1456347721.0,31dfb194,1.079
1456347721.0,d8bbe2c4,1.099
1456347721.0,b8459cb6,1.049
1456347721.0,bc09f6c1,1.059
1456347721.0,9557f893,1.129
1456347721.0,661e8c68,1.059
1456347721.0,91742e49,1.059
1456347721.0,910dca6c,1.099
1456347721.0,3d1af500,0.999
1456347721.0,6912da2f,1.159
1456347721.0,6ad5396e,1.149
1456347721.0,c7e8775e,1.109
1456347721.0,331cb87c,1.059
1456347721.0,75e0a1f1,1.099
1456347721.0,e410897d,1.169
1456347721.0,560ee759,1.109
1456347721.0,34b739ce,1.159
1456347721.0,6b248588,1.169
1456347721.0,87d1caf0,1.139
1456347721.0,1a6fd67e,1.099
1456347721.0,c74d25ee,1.169
1456347721.0,4c5ddfb7,1.059
1456347721.0,e56bfa23,0.939
1456347721.0,84491c5b,1.049
1456347721.0,23afb420,1.099
1456347721.0,fe0014ec,1.049
1456347721.0,35d91334,1.169
1456347721.0,1403b858,1.179
1456347721.0,741c727e,1.059
1456347721.0,b685ec66,1.059
1456347721.0,e395d76d,1.059
1456347721.0,f88288ac,1.069
1456347721.0,3089305b,1.169
1456347721.0,83a3b810,1.169
1456347721.0,68e1f6e3,1.169
1456347721.0,8401f134,1.179
1456347721.0,83e1a999,1.059
1456347721.0,f185e887,1.169
1456347721.0,be5a4a27,1.079
1456347721.0,5fd30b48,1.169
1456347721.0,a39811f3,1.159
1456347721.0,887a8518,1.059
1456347721.0,6e0e837e,1.049
1456347721.0,c31de946,1.149
1456347721.0,f9294b46,1.169
1456347721.0,f3a1181b,1.169
1456347721.0,1bccc529,1.179
1456347721.0,b287272b,1.059
1456347721.0,37020abb,1.159
1456347721.0,aca99357,1.179
1456347721.0,688e8d82,1.109
1456347721.0,99d09a30,1.059
1456347721.0,8289e2d3,1.169
1456347721.0,a60237e8,1.169
1456347721.0,cf98a394,1.079
1456347721.0,92f8fe19,1.059
1456347721.0,46d1ac1a,1.099
1456347721.0,592095a9,1.059
1456347721.0,5be10874,1.179
1456347721.0,1510f5e1,1.179
1456347721.0,1247a204,1.129
1456347721.0,20931f17,1.179
1456347721.0,f912f47a,1.169
1456347721.0,fcb3f0ac,1.169
1456347721.0,d639792f,1.079
1456347721.0,06c6ad62,1.049
1456347721.0,ee131d1e,1.139
1456347721.0,04486e6c,1.059
1456347721.0,0a1ab9f7,1.089
1456347721.0,5c335fc8,1.049
1456347721.0,4c6c04a6,1.169
1456347721.0,06f5e166,1.129
1456347721.0,01a1e47b,1.059
1456347721.0,cd7095cd,1.099
1456347721.0,ab241125,1.059
1456347721.0,740b387e,1.169
1456347721.0,8ac12153,1.059
1456347721.0,6b365c9c,1.159
1456347721.0,e1dcdd8e,1.049
1456347721.0,33fb4cf3,1.089
1456347721.0,7cb03693,1.099
1456347721.0,c1b38961,1.169
1456347721.0,de5d8f7a,1.169
1456347721.0,b68ce153,1.059
1456347721.0,e3a2ddca,1.049
1456347721.0,9170b9cb,1.169
1456347721.0,5efe91dc,1.169
1456347721.0,7a875bfd,1.059
1456347721.0,5b1a63ab,1.169
1456347721.0,372699d4,1.059
1456347721.0,574bc6fc,1.139
1456347721.0,21b965d9,1.059
1456347721.0,4eaad293,1.169
1456347721.0,07908b66,1.059
1456347721.0,4c715086,1.139
1456347721.0,829cb453,1.109
1456347721.0,b2e5f301,1.069
1456347721.0,65c5fcbe,1.059
1456347721.0,1f1403a7,1.159
1456347721.0,a18277f9,1.159
1456347721.0,10603241,1.089
1456347721.0,ed7d2122,1.179
1456347721.0,b76902b4,1.109
1456347721.0,44f943cf,1.179
1456347721.0,0290e578,1.059
1456347721.0,415c90aa,1.059
1456347721.0,6c2fb45c,1.059
1456347721.0,e68575c0,1.179
1456347721.0,1b8d2640,1.059
1456347721.0,d3508125,1.079
1456347721.0,bea1993d,1.159
1456347721.0,21a9251c,1.059
1456347721.0,524b14cc,1.069
1456347721.0,99144e06,1.059
1456347721.0,652a7261,1.149
1456347721.0,8e53fc38,1.169
1456347721.0,f2a2a323,1.169
1456347721.0,59b332e8,1.089
1456347721.0,19fb2ffb,1.059
1456347721.0,e9f37fb2,1.059
1456347721.0,1fb879cb,1.059
1456347721.0,2c83c3c5,1.169
1456347721.0,915ee14c,1.059
1456347721.0,c0ab948d,1.059
1456347721.0,93d44ba8,1.069
1456347721.0,1b7f7503,1.179
1456347721.0,9975506f,1.149
1456347721.0,11c799de,1.059
1456347721.0,4c14d834,1.049
1456347721.0,6bca438d,1.159
1456347721.0,00fa08de,1.059
1456347721.0,eae89db3,1.169
1456347721.0,4500efc2,1.079
1456347721.0,607d89d2,1.169
1456347721.0,50f68290,1.089
1456347721.0,10753208,1.179
1456347721.0,c37638ee,1.049
1456347721.0,996dd733,1.059
1456347721.0,e4e43cad,1.169
1456347721.0,c73ee0fc,1.079
1456347721.0,0b1eb29a,1.149
1456347721.0,e1920309,1.079
1456347721.0,08911c61,1.129
1456347721.0,e34047b9,1.109
1456347721.0,146c8d31,1.059
1456347721.0,cbf2e960,1.169
1456347721.0,a462d05b,1.149
1456347721.0,98ba3c6d,1.059
1456347721.0,3b5ee4d1,1.059
1456347721.0,b8ab8097,1.059
1456347721.0,dbb6df9e,1.179
1456347721.0,b2590879,1.099
1456347721.0,a23f1295,1.059
1456347721.0,65188032,1.079
1456347721.0,b8b66437,1.059
1456347721.0,b093e5e6,1.169
1456347721.0,e38fc560,1.169
1456347721.0,3af8e691,1.149
1456347721.0,f2be6718,1.139
1456347721.0,1a48cf2f,1.169
1456347721.0,303dd086,1.169
1456347721.0,96d9319b,1.049
1456347721.0,cf3dfe31,1.099
1456347721.0,60d3d6ee,1.169
1456347721.0,66444795,1.099
1456347721.0,9940dbfc,1.169
1456347721.0,881b7fb8,1.089
1456347721.0,6e44cd2d,1.069
1456347721.0,0eeb22de,1.169
1456347721.0,bed994ff,1.129
1456347721.0,e034bbd0,1.059
1456347721.0,049b2af8,1.049
1456347721.0,484d9d04,1.049
1456347721.0,312f1849,1.169
1456347721.0,7406d60c,1.159
1456347721.0,35d60303,1.049
1456347721.0,eac805c4,1.069
1456347721.0,3fb5dad7,1.169
1456347721.0,f7dcd56c,1.129
1456347721.0,631cd0c7,1.019
1456347721.0,142082b9,1.059
1456347721.0,8f8ade78,1.069
1456347721.0,24248782,1.089
1456347721.0,30466612,1.169
1456347721.0,c29d02a5,1.169
1456347721.0,a6ab5dd8,1.169
1456347721.0,7f0b245a,1.049
1456347721.0,4a0efe4c,1.169
1456347721.0,7c8784c0,1.069
1456347721.0,bb7226f1,1.059
1456347721.0,b2fe44c9,1.059
1456347721.0,41453b7f,1.169
1456347721.0,3f2144a4,1.169
1456347721.0,7a49343f,1.059
1456347721.0,794d6351,1.159
1456347721.0,71772573,1.109
1456347721.0,46d6bf0a,1.049
1456347721.0,84bb5636,1.059
1456347721.0,fb363438,1.079
1456347721.0,502fb54b,1.179
1456347721.0,8f2afdd4,1.109
1456347721.0,c1599ca9,1.059
1456347721.0,02e680f9,1.099
1456347721.0,c2e96d64,1.069
1456347721.0,5dd52cfc,1.169
1456347721.0,23188c0a,1.169
1456347721.0,aaadef5f,1.089
1456347721.0,159f07cc,1.079
1456347721.0,cdf95c47,1.119
1456347721.0,543a4871,1.149
1456347721.0,3e4dabe9,1.169
1456347721.0,68bce29e,1.059
1456347721.0,9845e20e,1.159
1456347721.0,360e9fbc,1.169
1456347721.0,bfe1fb46,1.169
1456347721.0,ecaab335,1.169
1456347721.0,90f776c5,1.159
1456347721.0,c327932b,1.089
1456347721.0,6dbdc4a2,1.059
1456347721.0,096893a3,1.059
1456347721.0,5270f932,1.169
1456347721.0,cf3782fe,1.059
1456347721.0,2a953aa3,1.169
1456347721.0,b48a36b2,1.069
1456347721.0,7423e9d0,1.149
1456347721.0,7ec09a5a,1.169
1456347721.0,d7f4cb8b,1.169
1456347721.0,3ad0e13e,1.179
1456347721.0,16a70ba2,1.169
1456347721.0,b927af62,1.169
1456347721.0,fd36fe3a,1.089
1456347721.0,57c3de2f,1.049
1456347721.0,583ed604,1.059
1456347721.0,799875f1,1.169
1456347721.0,0664aa97,1.099
1456347721.0,014078e4,1.169
1456347721.0,03c6addd,1.059
1456347721.0,0f96b386,1.169
1456347721.0,a8f38887,1.109
1456347721.0,ac94744b,1.089
1456347721.0,1365e671,1.159
1456347721.0,a4c6b2cc,1.059
1456347721.0,19223eff,1.149
1456347721.0,ad827347,1.169
1456347721.0,7ff76277,1.159
1456347721.0,6ebc2d88,1.059
1456347721.0,e9971f1a,1.059
1456347721.0,ddb4781d,1.169
1456347721.0,4f57cc33,1.179
1456347721.0,ec2a5548,1.079
1456347721.0,a489065a,1.169
1456347721.0,4f2ced03,1.159
1456347721.0,630f211d,1.139
1456347721.0,ed1587ed,1.169
1456347721.0,5d4d46b3,1.059
1456347721.0,39376aa1,1.179
1456347721.0,d25d3d18,1.059
1456347721.0,28b3e0b6,1.169
1456347721.0,2616645b,1.049
1456347721.0,09c4d8a3,1.059
1456347721.0,30bed2b3,1.169
1456347721.0,dae6ec80,1.059
1456347721.0,8962a152,1.169
1456347721.0,406bce1e,1.179
1456347721.0,be7b9424,1.049
1456347721.0,3e8ffe66,1.059
1456347721.0,d667f2fb,1.169
1456347721.0,a056e347,1.139
1456347721.0,2ae6578d,1.149
1456347721.0,5fc94f68,1.149
1456347721.0,af7679c0,1.129
1456347721.0,91012236,1.059
1456347721.0,94b09940,1.139
1456347721.0,fabbbb00,1.059
1456347721.0,db096089,1.169
1456347721.0,6d97a497,1.169
1456347721.0,79ee5792,1.139
1456347721.0,f0fd118b,1.169
1456347721.0,9dd2f35d,1.169
1456347721.0,8de1231e,1.179
1456347721.0,44f0df58,1.169
1456347721.0,67a0637d,1.059
1456347721.0,5aad9bc8,1.169
1456347721.0,2ab8cee3,1.149
1456347721.0,70f30d88,1.059
1456347721.0,218fd480,1.059
1456347721.0,cd52f1cb,1.149
1456347721.0,ac7163ca,1.059
1456347721.0,5d11fd07,1.169
1456347721.0,6754752f,1.179
1456347721.0,fc42b1f2,1.059
1456347721.0,809b9631,1.059
1456347721.0,8938be00,1.059
1456347721.0,ee573fd5,1.079
1456347721.0,91666de8,1.169
1456347721.0,8ca3a1ef,1.179
1456347721.0,441f2c5b,1.089
1456347721.0,a8bb8cc7,1.059
1456347721.0,37a8af42,1.169
1456347721.0,8979e403,1.169
1456347721.0,7ad9dcdf,1.169
1456347721.0,6e42bec6,1.059
1456347721.0,afed3ef4,1.079
1456347721.0,4657a318,1.139
1456347721.0,24e4f125,1.169
1456347721.0,2a4d5e67,1.099
1456347721.0,bd50e8e2,1.059
1456347721.0,08da0ec0,1.079
1456347721.0,c1819b96,1.159
1456347721.0,4b0b0867,1.059
1456347721.0,69c5d24a,1.159
1456347721.0,53282654,1.139
1456347721.0,89c3b080,1.059
1456347721.0,d3755983,1.059
1456347961.0,ec44b311,0.969
1456347961.0,659b2e72,0.979
1456347961.0,778f55da,0.959
1456347961.0,5da50d00,1.059
1456347961.0,09da3c04,1.009
1456347961.0,d6f30aff,1.179
1456347961.0,ae48b914,1.159
1456347961.0,911d9371,1.189
1456347961.0,d88f7597,1.159
1456347961.0,264d6745,1.029
1456347961.0,4ebf7b5b,1.129
1456347961.0,3ee07cac,1.129
1456347961.0,4e905761,1.019
1456347961.0,1aa24614,1.069
1456347961.0,1e846991,1.029
1456347961.0,3277bf79,1.019
1456347961.0,5e0f74ed,1.159
1456347961.0,b7fdbb95,1.159
1456347961.0,fbf71c0b,1.129
1456347961.0,9b76dd1d,1.129
1456347961.0,66c8a343,1.159
1456347961.0,c5b39c57,1.139
1456347961.0,b48db3d0,1.169
1456347961.0,909782ef,1.169
1456347961.0,7787058a,1.079
1456347961.0,,1.129
1456347961.0,0feab2d6,1.139
1456347961.0,995401c6,1.029
1456347961.0,974b1cae,1.029
1456347961.0,52f801fe,1.129
1456347961.0,bf4ccf7b,1.189
1456347961.0,9bf65a40,1.159
1456347961.0,0d9ac59b,1.149
1456347961.0,8a9d0035,1.029
1456347961.0,1650734b,1.029
1456347961.0,cc1b41c2,1.129
1456347961.0,be11dd72,1.129
1456347961.0,9d51c1aa,1.099
1456347961.0,6df2a6aa,1.009
1456347961.0,c62a443d,1.129
1456347961.0,77dec945,1.069
1456347961.0,0fd4a5a3,1.019
1456347961.0,f38a8116,1.129
1456347961.0,,1.129
1456347961.0,7d2e5c20,1.159
1456347961.0,017c730c,1.159
1456347961.0,6a471cde,1.079
1456347961.0,e33ec07a,1.109
1456347961.0,d5b6651a,1.129
1456347961.0,df7fa5fe,0.999
1456347961.0,039cdb4d,1.159
1456347961.0,f5c448cd,1.089
1456347961.0,56207684,1.079
1456347961.0,5bb4e610,1.159
1456347961.0,87532816,1.104
1456347961.0,587132ed,0.949
1456347961.0,6168ea65,1.029
1456347961.0,f9191716,1.029
1456347961.0,ce3a31be,1.129
1456347961.0,bb3f103e,1.169
1456347961.0,4b229f4e,1.159
1456347961.0,57842eba,1.149
1456347961.0,61f78d05,1.139
1456347961.0,2cd62c9f,1.129
1456347961.0,50ef3c42,1.029
1456347961.0,963a5d2e,1.179
1456347961.0,6a9a24d9,1.169
1456347961.0,d981d17c,1.029
1456347961.0,e1307a34,1.179
1456347961.0,e54fdbed,1.029
1456347961.0,80ba194b,0.959
1456347961.0,98cb49b1,1.129
1456347961.0,5bf4abd4,1.149
1456347961.0,bb7b32d6,1.029
1456347961.0,237a7aef,1.159
1456347961.0,b9930116,1.089
1456347961.0,fae436b2,1.059
1456347961.0,bb7a74ed,1.019
1456347961.0,4818d4dd,1.029
1456347961.0,91e0ee78,1.159
1456347961.0,684f8459,1.159
1456347961.0,9d0cdff7,1.029
1456347961.0,bb79fa75,1.159
1456347961.0,,1.129
1456347961.0,763d8dd8,1.139
1456347961.0,eeb16be0,1.129
1456347961.0,7b3fcbc6,1.129
1456347961.0,184b070d,0.959
1456347961.0,b21e0b80,1.199
1456347961.0,d5843ecf,1.019
1456347961.0,c1c31623,1.029
1456347961.0,bedbc8dd,1.059
1456347961.0,79ca8f37,1.129
1456347961.0,1185b737,0.929
1456347961.0,f0d6aa58,1.089
1456347961.0,de77f6c5,1.159
1456347961.0,ab80b6f7,1.159
1456347961.0,6c406288,1.149
1456347961.0,5af6e995,1.099
1456347961.0,3fc9a04c,0.999
1456347961.0,4fe1e4cc,1.129
1456347961.0,7a1b2121,1.159
1456347961.0,5ef14445,1.029
1456347961.0,6670ab73,1.089
1456347961.0,7a48e549,1.159
1456347961.0,aaf0a483,1.079
1456347961.0,c349e5a2,1.159
1456347961.0,b0f0f3c3,1.189
1456347961.0,1c2d1949,1.129
1456347961.0,d6832363,1.069
1456347961.0,d367f64c,1.159
1456347961.0,4b634f44,1.129
1456347961.0,43f8de50,1.129
1456347961.0,e8f89f23,1.129
1456347961.0,9917cb8f,1.159
1456347961.0,,1.159
1456347961.0,8e3599bc,1.159
1456347961.0,1db561d0,1.189
1456347961.0,1829c766,1.009
1456347961.0,cb61d796,1.139
1456347961.0,9f4abaf3,1.129
1456347961.0,133ca422,1.129
1456347961.0,b0f08049,1.029
1456347961.0,69d23d4e,1.149
1456347961.0,79ec8492,0.989
1456347961.0,17d98ba9,1.159
1456347961.0,b6abc69b,1.039
1456347961.0,06a21d8f,1.029
1456347961.0,e8aac149,1.029
1456347961.0,4b788d2a,1.059
1456347961.0,9bde8003,1.159
1456347961.0,43e08abb,1.129
1456347961.0,880fa3fb,1.029
1456347961.0,,1.129
1456347961.0,09560a45,1.029
1456347961.0,b0a76bca,1.079
1456347961.0,5a55ec8e,1.159
1456347961.0,63616f1f,1.059
1456347961.0,6065d7c5,1.059
1456347961.0,e50a3733,1.129
1456347961.0,f5b0ba52,1.009
1456347961.0,851f334c,1.169
1456347961.0,bf54e94e,1.029
1456347961.0,0b3fd25f,1.159
1456347961.0,4b23821f,1.159
1456347961.0,d39098c4,1.049
1456347961.0,93b523f0,1.169
1456347961.0,d65d6aba,1.099
1456347961.0,b4c00a25,1.159
1456347961.0,3a85d29b,1.149
1456347961.0,cd3580e7,1.079
1456347961.0,930fbc1c,1.189
1456347961.0,0f2f9c5f,1.159
1456347961.0,3b5be616,1.149
1456347961.0,a30a80ce,1.079
1456347961.0,8a4d8b45,1.169
1456347961.0,31f5cac5,1.079
1456347961.0,d0cff5c1,1.159
1456347961.0,22b994a8,1.129
1456347961.0,af91cef3,1.049
1456347961.0,663bd568,1.129
1456347961.0,e3667aa9,1.099
1456347961.0,e96cd138,0.989
1456347961.0,f5ddff39,1.159
1456347961.0,139724a5,1.159
1456347961.0,45427090,1.159
1456347961.0,47fd3799,1.129
1456347961.0,bff84a14,1.159
1456347961.0,ec4683cf,1.159
1456347961.0,2f92fadd,1.009
1456347961.0,c52fae08,1.129
1456347961.0,b655f194,1.119
1456347961.0,0200140f,1.029
1456347961.0,51fd157b,0.999
1456347961.0,a3a74fcc,1.179
1456347961.0,e10f157c,1.059
1456347961.0,fbeaeec8,1.029
1456347961.0,ce204e86,1.129
1456347961.0,3e68f1c7,1.159
1456347961.0,f9a3f449,0.989
1456347961.0,118d4934,1.029
1456347961.0,33336ca6,1.029
1456347961.0,a2459b61,1.159
1456347961.0,ef61acd1,1.139
1456347961.0,1ef6f99b,1.159
1456347961.0,3fd4709d,1.179
1456347961.0,3d1b021c,1.059
1456347961.0,9281365e,1.059
1456347961.0,92d959c6,1.169
1456347961.0,2a8db2e4,1.159
1456347961.0,0c18ba5f,1.019
1456347961.0,a9f75b32,1.159
1456347961.0,5d40a336,1.184
1456347961.0,189a4381,1.159
1456347961.0,d2b9e2a3,1.079
1456347961.0,df43a8b2,1.019
1456347961.0,226af5b1,1.029
1456347961.0,d821f222,1.029
1456347961.0,1b9cc9e7,1.099
1456347961.0,22bd49d5,1.129
1456347961.0,41f0bb18,1.159
1456347961.0,0657e6a3,1.129
1456347961.0,08f6024d,1.179
1456347961.0,0b46b912,1.169
1456347961.0,94b843d4,0.999
1456347961.0,71b0f730,1.129
1456347961.0,909da1d9,1.129
1456347961.0,e6d32ea4,1.149
1456347961.0,4b926ccb,0.999
1456347961.0,7785d660,1.159
1456347961.0,33554d6c,1.159
1456347961.0,91b59473,1.129
1456347961.0,8dfeb73b,1.129
1456347961.0,f4e77bcd,1.159
1456347961.0,4a978308,1.079
1456347961.0,15e431dd,1.139
1456347961.0,6baeb328,1.129
1456347961.0,bf87bcf0,1.129
1456347961.0,285e45c2,1.159
1456347961.0,d224cc8c,1.149
1456347961.0,77b7abe7,1.159
1456347961.0,27613fe7,1.029
1456347961.0,02771ac8,1.159
1456347961.0,e4e9e0bc,1.129
1456347961.0,01735f50,0.999
1456347961.0,cc94a429,1.009
1456347961.0,75d484dc,0.999
1456347961.0,5ca2e06e,1.139
1456347961.0,feda8910,1.019
1456347961.0,8e5f2dc6,1.159
1456347961.0,182d46ad,1.029
1456347961.0,b24a2efc,1.079
1456347961.0,06f39bb4,1.159
1456347961.0,92a07257,0.989
1456347961.0,2d75151c,1.169
1456347961.0,d1cab319,1.129
1456347961.0,9520ba7c,1.159
1456347961.0,11b5806d,1.179
1456347961.0,3a349054,1.149
1456347961.0,8983a3f5,0.999
1456347961.0,4724644a,1.019
1456347961.0,c2cbc81c,1.159
1456347961.0,4d691ffa,1.159
1456347961.0,552678b9,0.999
1456347961.0,3b561556,1.129
1456347961.0,5f51bf27,1.159
1456347961.0,82198727,1.029
1456347961.0,dd14d9c0,1.179
1456347961.0,b998b207,1.129
1456347961.0,438b0f85,1.159
1456347961.0,13228d53,1.129
1456347961.0,fe1c0582,1.079
1456347961.0,dd12b2b6,1.159
1456347961.0,3ff39a76,1.169
1456347961.0,9aa047ac,1.029
1456347961.0,410d90fe,1.169
1456347961.0,2976f46b,1.159
1456347961.0,cf25dcdb,1.109
1456347961.0,658748ac,1.159
1456347961.0,4ac089ef,1.159
1456347961.0,313e84fe,1.169
1456347961.0,317db5c8,1.179
1456347961.0,abbf40a6,0.969
1456347961.0,f320c081,1.029
1456347961.0,bcdd8796,1.099
1456347961.0,b9bdc200,1.129
1456347961.0,edd40aaa,1.169
1456347961.0,adf7b918,1.169
1456347961.0,93f963de,1.149
1456347961.0,b3088432,1.139
1456347961.0,da6302b3,0.999
1456347961.0,993df4e5,1.189
1456347961.0,db08686c,1.019
1456347961.0,68be5dbf,1.039
1456347961.0,c7e1e757,0.999
1456347961.0,d5d9e64c,1.159
1456347961.0,e527ee65,1.149
1456347961.0,3271e76a,1.069
1456347961.0,096706c3,1.159
1456347961.0,5018e554,1.009
1456347961.0,6ba4e2d1,1.129
1456347961.0,e8a8876f,1.159
1456347961.0,afba3b1b,1.149
1456347961.0,288e33f2,0.989
1456347961.0,0d5b98eb,1.159
1456347961.0,6c528360,1.159
1456347961.0,3f3762d6,1.079
1456347961.0,85c72b71,1.059
1456347961.0,6e416e85,1.159
1456347961.0,bdd20cc3,1.169
1456347961.0,7e3542f5,1.159
1456347961.0,f4387d6e,1.159
1456347961.0,f74c5752,1.149
1456347961.0,72f7edea,1.029
1456347961.0,2d22d73a,1.089
1456347961.0,caa1b5e1,0.969
1456347961.0,245efbad,1.059
1456347961.0,,1.029
1456347961.0,178c1416,1.069
1456347961.0,d8823f4b,1.139
1456347961.0,6805990d,1.139
1456347961.0,727a279d,1.169
1456347961.0,f8423c6c,1.149
1456347961.0,8b3f44b0,1.199
1456347961.0,a73bef5e,1.169
1456347961.0,29b24eee,1.129
1456347961.0,e0bab6c8,1.019
1456347961.0,b28c8a57,0.959
1456347961.0,5f379a02,1.009
1456347961.0,9822514a,1.149
1456347961.0,867ec7f3,1.129
1456347961.0,b083b74e,1.029
1456347961.0,1df9dc01,1.159
1456347961.0,bb23fbe2,1.179
1456347961.0,b2f68bd2,0.999
1456347961.0,9a4aa177,1.159
1456347961.0,2864a863,0.999
1456347961.0,6a80fe13,1.159
1456347961.0,aaed4223,1.139
1456347961.0,9ce4798d,1.189
1456347961.0,a5647053,1.159
1456347961.0,eea64b3d,1.159
1456347961.0,ae5da76e,0.999
1456347961.0,1c79df7a,1.169
1456347961.0,ca0c1721,1.019
1456347961.0,d51ef3f5,1.159
1456347961.0,9121921b,1.089
1456347961.0,8f1f8544,1.129
1456347961.0,b85a1ca3,1.129
1456347961.0,348737ad,1.159
1456347961.0,fe21fda2,1.029
1456347961.0,12967a7f,1.149
1456347961.0,42fc2804,1.189
1456347961.0,a6b2a7c9,1.159
1456347961.0,1ae63c31,1.129
1456347961.0,7f2dbefe,1.009
1456347961.0,ebde5c50,1.119
1456347961.0,db462146,1.179
1456347961.0,67b209f1,1.169
1456347961.0,,1.129
1456347961.0,79555dbb,0.999
1456347961.0,,1.079
1456347961.0,e274299b,1.129
1456347961.0,14296800,1.059
1456347961.0,8cdff641,1.029
1456347961.0,6a276ef2,1.149
1456347961.0,ae6ec1fd,1.149
1456347961.0,4b7e86ba,1.189
1456347961.0,02f7b616,1.159
1456347961.0,abda856d,0.989
1456347961.0,e0758377,1.159
1456347961.0,3a7d2c69,1.129
1456347961.0,6307df0c,1.159
1456347961.0,acca0be9,1.079
1456347961.0,059d55c9,1.089
1456347961.0,6eaed040,1.159
1456347961.0,c9e05214,1.169
1456347961.0,8bad9db5,1.179
1456347961.0,9eb1be1f,1.079
1456347961.0,ee5d8408,1.059
1456347961.0,558fc57e,1.179
1456347961.0,2843ab89,1.159
1456347961.0,bde06776,1.159
1456347961.0,5cdcf2a5,1.129
1456347961.0,0bd9645c,1.159
1456347961.0,082f2eb7,1.169
1456347961.0,0d20ed99,1.129
1456347961.0,5da4505e,1.129
1456347961.0,43d5cbaa,1.159
1456347961.0,2234b79f,1.159
1456347961.0,e003a827,1.189
1456347961.0,91e45e6a,1.139
1456347961.0,d88d8a20,1.159
1456347961.0,93d95943,1.029
1456347961.0,19ff419b,0.999
1456347961.0,ff922650,1.159
1456347961.0,6e41593c,1.159
1456347961.0,2be7d0b2,1.029
1456347961.0,37c87f5e,1.159
1456347961.0,cd5c4fc2,1.099
1456347961.0,2397b3e4,1.139
1456347961.0,4fea3631,1.159
1456347961.0,8587a0a7,1.129
1456347961.0,d046f0d3,0.929
1456347961.0,1be7b37b,0.969
1456347961.0,e4e4bf18,1.029
1456347961.0,8babf7a8,1.159
1456347961.0,14e91513,1.129
1456347961.0,f649936e,1.129
1456347961.0,44a2c936,1.159
1456347961.0,337bdfc2,0.999
1456347961.0,32aa70e6,1.159
1456347961.0,17a1e834,1.199
1456347961.0,,1.169
1456347961.0,b99abf38,1.129
1456347961.0,2df3151b,1.149
1456347961.0,0b36f9ce,1.129
1456347961.0,3f9273de,1.159
1456347961.0,3c00613f,1.169
1456347961.0,70370c43,1.029
1456347961.0,a6ffe7e6,1.149
1456347961.0,,1.079
1456347961.0,6f118420,1.059
1456347961.0,d63e056b,1.149
1456347961.0,00f37a56,1.079
1456347961.0,a9e224de,1.169
1456347961.0,01f8d023,1.159
1456347961.0,99acd99a,1.019
1456347961.0,6727ef58,1.149
1456347961.0,84d84a54,1.029
1456347961.0,e8befa14,1.129
1456347961.0,df6b217b,1.149
1456347961.0,ba33f726,1.079
1456347961.0,4de24a20,1.089
1456347961.0,4484275b,1.079
1456347961.0,e4ad2bce,1.009
1456347961.0,ca8919db,0.959
1456347961.0,c2405c51,1.159
1456347961.0,74439aaa,1.159
1456347961.0,5fb9dfa5,1.159
1456347961.0,,1.139
1456347961.0,d68d63c5,1.009
1456347961.0,3bb9d5ac,1.059
1456347961.0,78390be0,1.009
1456347961.0,13cd1498,1.149
1456347961.0,bdd3f5c9,1.159
1456347961.0,6f7da555,1.179
1456347961.0,5ed7343e,1.179
1456347961.0,0a5b2682,1.159
1456347961.0,1df1aad3,1.004
1456347961.0,afa80a02,1.159
1456347961.0,6e1fafd5,1.169
1456347961.0,e57be742,1.149
1456347961.0,cf4fcc7d,1.199
1456347961.0,aa65bfee,1.169
1456347961.0,edd1487d,1.159
1456347961.0,5e8d6563,1.129
1456347961.0,8ac64b4e,1.029
1456347961.0,7858e931,1.159
1456347961.0,6c001085,1.169
1456347961.0,6b4d97ef,1.039
1456347961.0,ca4047f3,1.129
1456347961.0,a1df5d1b,1.029
1456347961.0,d18613bf,1.159
1456347961.0,ba77d89e,1.169
1456347961.0,e35dbbb3,1.079
1456347961.0,ff58f7ef,1.129
1456347961.0,1d71d64c,1.159
1456347961.0,d56999f7,1.029
1456347961.0,5d04b2ad,1.129
1456347961.0,384af07c,1.159
1456347961.0,ab473015,1.129
1456347961.0,f4788388,1.029
1456347961.0,1bfb4c20,1.129
1456347961.0,ac47f9bb,1.029
1456347961.0,2b9c0c23,1.029
1456347961.0,33d5d488,1.159
1456347961.0,63763e17,1.139
1456347961.0,31a9b6e7,1.159
1456347961.0,ce519ed4,0.999
1456347961.0,c9a50b4f,1.169
1456347961.0,bbbd1342,1.129
1456347961.0,b1172c22,1.159
1456347961.0,93407b90,1.029
1456347961.0,8fcd6088,1.159
1456347961.0,e766a873,1.129
1456347961.0,423f33ac,1.169
1456347961.0,7b13a550,1.009
1456347961.0,b7bd3267,1.149
1456347961.0,d24c8b74,1.169
1456347961.0,7b018030,1.159
1456347961.0,eac2af55,1.089
1456347961.0,4c1bb47a,1.129
1456347961.0,0e565dc4,1.159
1456347961.0,195401ef,1.159
1456347961.0,b9c81e2e,1.019
1456347961.0,5d8dcd1a,1.159
1456347961.0,ab4da979,1.159
1456347961.0,3bfabc79,1.019
1456347961.0,47d3a82e,0.999
1456347961.0,88ec76d7,1.029
1456347961.0,1aa7daeb,1.129
1456347961.0,38bcb277,1.029
1456347961.0,68c15014,1.059
1456347961.0,1249f58e,1.059
1456347961.0,1b39d7f7,1.079
1456347961.0,6f9b604d,1.139
1456347961.0,9fde81ae,1.029
1456347961.0,96735449,1.029
1456347961.0,f14a4629,1.089
1456347961.0,68519520,1.129
1456347961.0,12203554,1.129
1456347961.0,543855ac,1.169
1456347961.0,72d303e8,1.029
1456347961.0,476279a4,0.979
1456347961.0,91b891b8,1.089
1456347961.0,ea1b9e67,0.999
1456347961.0,a20ae2e0,1.149
1456347961.0,1d513400,1.179
1456347961.0,75151463,0.999
1456347961.0,,1.159
1456347961.0,ebce0132,1.159
1456347961.0,d556f79b,0.909
1456347961.0,16c01a01,1.069
1456347961.0,7dfe4528,1.129
1456347961.0,1ac2cf31,1.039
1456347961.0,3d12dc1e,1.129
1456347961.0,d0fb35a1,1.159
1456347961.0,21f78260,1.129
1456347961.0,17b2ffe6,0.999
1456347961.0,f6884200,1.149
1456347961.0,,0.999
1456347961.0,410bb594,1.019
1456347961.0,0f93d061,1.129
1456347961.0,97f194f9,1.159
1456347961.0,0762c9c0,1.159
1456347961.0,b342eb0d,1.149
1456347961.0,bf83ff8d,1.159
1456347961.0,7c91739b,1.149
1456347961.0,5196f76a,1.159
1456347961.0,c6cbdee5,1.029
1456347961.0,95d6571c,1.159
1456347961.0,0acb65ea,1.169
1456347961.0,c36c0090,1.169
1456347961.0,86b9d04d,1.159
1456347961.0,c126260f,1.029
1456347961.0,3183a48d,1.029
1456347961.0,4663920f,1.029
1456347961.0,4e131669,1.129
1456347961.0,345de47d,1.169
1456347961.0,d2c0bc6d,1.129
1456347961.0,4367b614,1.159
1456347961.0,,1.059
1456347961.0,8cba3640,1.099
1456347961.0,7950522d,1.159
1456347961.0,,1.139
1456347961.0,e2a68953,1.109
1456347961.0,b9c86ec7,1.199
1456347961.0,b5e27e69,1.029
1456347961.0,2b57a135,1.169
1456347961.0,2e047349,1.159
1456347961.0,792fb82d,1.029
1456347961.0,9f41a7c7,1.079
1456347961.0,1b1894a9,1.079
1456347961.0,b13eb8fa,1.169
1456347961.0,708eea9d,1.069
1456347961.0,14e4cad9,1.179
1456347961.0,3f20997c,1.149
1456347961.0,d950f36c,1.039
1456347961.0,1ab8e201,1.129
1456347961.0,9bf3cbf5,1.169
1456347961.0,9e8d8571,1.069
1456347961.0,a8154896,1.159
1456347961.0,59e71e77,1.079
1456347961.0,1553efff,1.129
1456347961.0,14c7e96d,1.139
1456347961.0,753408e4,1.159
1456347961.0,3ecb2b24,1.159
1456347961.0,8a2bccd1,1.029
1456347961.0,3753e98b,1.099
1456347961.0,bc4dffd2,1.119
1456347961.0,115ba3fe,1.149
1456347961.0,54b31cf8,1.089
1456347961.0,9679655e,1.159
1456347961.0,fb34a733,1.059
1456347961.0,,1.129
1456347961.0,d65cfd6c,1.129
1456347961.0,9be01fd7,1.159
1456347961.0,de257006,1.159
1456347961.0,2d490ce5,1.129
1456347961.0,55c9b2b2,1.159
1456347961.0,95845353,1.159
1456347961.0,a813c756,1.159
1456347961.0,5083e533,0.999
1456347961.0,5ea93ccf,1.199
1456347961.0,9558140d,1.129
1456347961.0,5e64662a,1.039
1456347961.0,8342a4d9,1.139
1456347961.0,2925337f,1.179
1456347961.0,1f82b6fb,1.059
1456347961.0,43556abc,1.159
1456347961.0,40dc7ae9,1.159
1456347961.0,,1.129
1456347961.0,a4deb49e,1.069
1456347961.0,775487a4,1.029
1456347961.0,2867337b,1.159
1456347961.0,325d4b8f,0.999
1456347961.0,8365b918,1.029
1456347961.0,9da3a4c0,1.149
1456347961.0,,1.129
1456347961.0,e1811d4f,1.079
1456347961.0,9004f49d,1.029
1456347961.0,d2e178a4,1.149
1456347961.0,f1bb9540,1.169
1456347961.0,f56cecf3,1.139
1456347961.0,0f155e0a,1.129
1456347961.0,8087a244,1.149
1456347961.0,a2f965eb,1.159
1456347961.0,89105f13,1.129
1456347961.0,2275e3bb,1.159
1456347961.0,9d6f0c62,1.069
1456347961.0,56be011a,1.159
1456347961.0,ec2d78c3,1.129
1456347961.0,0800eb0f,1.159
1456347961.0,b8563039,1.079
1456347961.0,2215a30b,1.159
1456347961.0,f2054fb8,1.159
1456347961.0,3893ca3e,1.029
1456347961.0,2ae61bab,1.129
1456347961.0,50e8deb3,1.129
1456347961.0,371bd3e6,1.029
1456347961.0,52492fd5,1.029
1456347961.0,38ad9bbf,1.059
1456347961.0,d565fdf7,1.059
1456347961.0,ae26bf83,1.129
1456347961.0,f51c98aa,1.099
1456347961.0,7e0e3f65,1.189
1456347961.0,2bdc4b63,1.129
1456347961.0,2d2c8e81,1.129
1456347961.0,9c7b372a,1.129
1456347961.0,adfff05a,1.159
1456347961.0,6357dca2,1.129
1456347961.0,1ff45876,1.139
1456347961.0,5ec4b70c,1.159
1456347961.0,f3b12324,1.129
1456347961.0,3fc8e265,1.169
1456347961.0,00960a86,1.159
1456347961.0,7c5c81e2,1.129
1456347961.0,fd6b00bc,0.929
1456347961.0,98d977cb,1.129
1456347961.0,57393752,1.129
1456347961.0,643b65de,1.159
1456347961.0,8ce1b5f8,1.159
1456347961.0,51afcd0f,1.189
1456347961.0,b04f3f69,1.159
1456347961.0,,1.029
1456347961.0,bec87d80,1.129
1456347961.0,36f30de6,0.999
1456347961.0,,1.129
1456347961.0,90cec242,1.089
1456347961.0,fec7d478,1.059
1456347961.0,42917976,1.159
1456347961.0,bfadc236,1.129
1456347961.0,d47bc4c5,1.139
1456347961.0,551c6932,0.999
1456347961.0,969b9276,0.999
1456347961.0,0d1c8f35,1.129
1456347961.0,a952ede9,1.079
1456347961.0,391e14ca,1.129
1456347961.0,39abfbaf,0.939
1456347961.0,bd227bfb,1.059
1456347961.0,4ea69365,1.129
1456347961.0,eb9dfa86,1.059
1456347961.0,8bdd5502,1.079
1456347961.0,ffe8f0be,1.029
1456347961.0,d14859a1,1.029
1456347961.0,ac02a968,1.169
1456347961.0,228ecb81,1.129
1456347961.0,080b1017,1.159
1456347961.0,1488066c,1.159
1456347961.0,a1f3d679,1.029
1456347961.0,739c3107,0.959
1456347961.0,d7ee03a5,1.159
1456347961.0,54352ce8,1.029
1456347961.0,f8ab4e9f,1.129
1456347961.0,7eb5a5a4,1.129
1456347961.0,b0c8723c,1.059
1456347961.0,553c4dc5,1.129
1456347961.0,28cedc00,1.149
1456347961.0,a5b43fe1,1.159
1456347961.0,6db00370,1.169
1456347961.0,909c21e3,1.159
1456347961.0,4e5b883c,1.079
1456347961.0,c7922998,0.999
1456347961.0,a9b4d8a2,1.129
1456347961.0,04bc5ae6,1.169
1456347961.0,31be0909,1.019
1456347961.0,6f4273c4,1.029
1456347961.0,9efb9e6b,1.019
1456347961.0,6da23946,1.189
1456347961.0,9b127d1f,1.159
1456347961.0,b0332bd3,1.139
1456347961.0,7091515f,1.129
1456347961.0,94c17036,1.129
1456347961.0,5edb91a5,1.149
1456347961.0,18bd42e9,1.159
1456347961.0,acf3fb4b,1.149
1456347961.0,7662cc12,1.129
1456347961.0,5dcd5582,1.159
1456347961.0,092457e4,1.159
1456347961.0,3ab2d959,1.159
1456347961.0,73086606,1.159
1456347961.0,ac8fbe39,1.029
1456347961.0,dedc2342,1.029
1456347961.0,0a48df72,1.179
1456347961.0,a03824da,1.129
1456347961.0,ec22cdab,1.089
1456347961.0,621f191f,1.159
1456347961.0,5505aa75,1.129
1456347961.0,69e811f1,1.159
1456347961.0,c31dc7b8,1.129
1456347961.0,50c51301,1.159
1456347961.0,8a4440a7,1.179
1456347961.0,d5289a25,1.129
1456347961.0,5321252a,1.169
1456347961.0,f9befed0,1.169
1456347961.0,e3fcda3f,1.089
1456347961.0,c7f22027,1.129
1456347961.0,48c3f251,1.129
1456347961.0,b620c103,1.129
1456347961.0,ff20eed6,1.059
1456347961.0,5aa8ba94,1.129
1456347961.0,3b9a2c70,1.129
1456347961.0,d1deaf7f,0.949
1456347961.0,bbc1d831,1.059
1456347961.0,59c1c98e,1.159
1456347961.0,f97a19ce,1.029
1456347961.0,a3b8eb3b,1.169
1456347961.0,d5ced0b2,1.079
1456347961.0,e2fdcbf3,1.089
1456347961.0,3adfecf0,1.159
1456347961.0,c6c05a1d,1.079
1456347961.0,aef9c468,1.189
1456347961.0,d1832039,1.009
1456347961.0,60e38539,1.059
1456347961.0,c3cd9932,1.129
1456347961.0,62595ff2,1.179
1456347961.0,27347aed,1.019
1456347961.0,f0610621,1.149
1456347961.0,,1.129
1456347961.0,909f02fa,1.159
1456347961.0,7d9700c4,1.089
1456347961.0,e9b0b14e,1.099
1456347961.0,33f25c75,1.159
1456347961.0,a3e519bb,1.159
1456347961.0,3b58625d,1.079
1456347961.0,2a6e5bb1,1.159
1456347961.0,b893996a,1.059
1456347961.0,75808ab7,1.019
1456347961.0,cd6facd7,1.149
1456347961.0,,1.129
1456347961.0,f09abf51,1.029
1456347961.0,6d257c8c,1.149
1456347961.0,87513076,1.149
1456347961.0,5cbce85b,1.149
1456347961.0,b2ad3bc8,1.169
1456347961.0,3ce106d3,1.159
1456347961.0,f3860d8d,1.159
1456347961.0,53668235,1.099
1456347961.0,895b2c3d,1.059
1456347961.0,3e32276d,1.009
1456347961.0,d5ed0ac8,1.059
1456347961.0,de86b064,1.159
1456347961.0,c0862a83,1.159
1456347961.0,10967cac,1.159
1456347961.0,a9ec9678,1.159
1456347961.0,2b74716f,0.989
1456347961.0,069afd75,0.999
1456347961.0,c99b3a87,1.159
1456347961.0,a949a310,1.129
1456347961.0,54c764d3,1.029
1456347961.0,53988e6f,1.029
1456347961.0,b598078e,1.059
1456347961.0,6d74a4f4,1.129
1456347961.0,5f6eaa74,1.189
1456347961.0,d7f9f13e,1.159
1456347961.0,9b77fa3c,1.189
1456347961.0,2bb40266,0.999
1456347961.0,024c1344,0.999
1456347961.0,955c334e,1.149
1456347961.0,a07be25b,1.129
1456347961.0,c83af05f,1.149
1456347961.0,3be89cc4,1.159
1456347961.0,79f769b8,1.179
1456347961.0,e05e8acf,1.159
1456347961.0,21a51aa6,1.149
1456347961.0,a74e1057,1.179
1456347961.0,27c6fcd5,1.129
1456347961.0,,1.159
1456347961.0,d74906d1,1.029
1456347961.0,9ebd92af,0.999
1456347961.0,716fcfe5,1.029
1456347961.0,265be8c2,1.159
1456347961.0,c97d17c7,1.159
1456347961.0,9eec96b9,1.189
1456347961.0,e212dd80,1.129
1456347961.0,db680fc7,1.159
1456347961.0,b563d649,1.159
1456347961.0,38ead0e8,1.159
1456347961.0,4c67dc1a,1.059
1456347961.0,f36f4393,1.059
1456347961.0,3473636a,1.169
1456347961.0,695d0dcc,1.009
1456347961.0,9557f893,1.129
1456347961.0,a3480cfc,1.059
1456347961.0,75e0a1f1,1.089
1456347961.0,34b739ce,1.169
1456347961.0,89d5bd42,0.999
1456347961.0,802fc822,1.159
1456347961.0,39ff66f8,1.159
1456347961.0,40fe1f50,1.129
1456347961.0,6e731ae8,1.059
1456347961.0,7f40cac3,1.059
1456347961.0,b2fe027e,1.159
1456347961.0,aca99357,1.169
1456347961.0,991367ac,1.059
1456347961.0,f4400a4f,1.099
1456347961.0,04a002fa,1.159
1456347961.0,ee131d1e,1.159
1456347961.0,,1.129
1456347961.0,0a1ab9f7,1.089
1456347961.0,e578a879,1.139
1456347961.0,06170933,1.159
1456347961.0,,1.129
1456347961.0,d132d021,1.159
1456347961.0,2ab4115c,1.139
1456347961.0,5efe91dc,1.189
1456347961.0,9987c547,1.059
1456347961.0,,1.059
1456347961.0,e4f15ee0,1.129
1456347961.0,447b405d,1.029
1456347961.0,d3508125,1.079
1456347961.0,7c3d138b,0.999
1456347961.0,652a7261,1.169
1456347961.0,6f93e9a4,1.129
1456347961.0,9514a2c3,1.129
1456347961.0,9975506f,1.149
1456347961.0,4500efc2,1.089
1456347961.0,e9b61dbc,1.079
1456347961.0,58cdd6dc,1.159
1456347961.0,e4e43cad,1.189
1456347961.0,0b1eb29a,1.129
1456347961.0,f2be6718,1.149
1456347961.0,2f28dcdf,1.129
1456347961.0,ef38b8ce,1.139
1456347961.0,f7dcd56c,1.139
1456347961.0,631cd0c7,1.019
1456347961.0,2b5433ca,1.159
1456347961.0,24248782,1.059
1456347961.0,0a9446f2,1.129
1456347961.0,7c8784c0,1.059
1456347961.0,794d6351,1.179
1456347961.0,ecb99613,1.059
1456347961.0,f8abf94c,1.129
1456347961.0,cdf95c47,1.129
1456347961.0,dea8af98,1.019
1456347961.0,6bd698e2,1.029
1456347961.0,2a00b312,1.009
1456347961.0,1881d983,1.129
1456347961.0,7062eb92,1.129
1456347961.0,3ad0e13e,1.199
1456347961.0,16a70ba2,1.179
1456347961.0,ee9738ce,1.159
1456347961.0,1365e671,1.169
1456347961.0,7af18d81,1.089
1456347961.0,28664934,1.129
1456347961.0,5d2ae7b8,1.029
1456347961.0,537b151f,0.979
1456347961.0,5e128548,1.019
1456347961.0,43624917,1.159
1456347961.0,cd52f1cb,1.149
1456347961.0,,1.029
1456347961.0,ed46fdb9,1.019
1456347961.0,60b56507,1.099
1456348201.0,ec44b311,0.999
1456348201.0,c1c42ec6,1.169
1456348201.0,9b19b7d0,1.029
1456348201.0,5426515a,0.999
1456348201.0,668cb8e1,1.029
1456348201.0,ee870273,1.019
1456348201.0,472cc7af,0.999
1456348201.0,a6575e4e,0.999
1456348201.0,9423afb9,0.999
1456348201.0,7a3115f2,0.989
1456348201.0,00c44ff5,0.999
1456348201.0,ee305546,1.169
1456348201.0,9a0afbbb,0.999
1456348201.0,f448cc0a,0.999
1456348201.0,24787319,0.999
1456348201.0,ce331290,1.029
1456348201.0,4f5b6b22,1.169
1456348201.0,4f0ba2cc,0.999
1456348201.0,ec60ed5f,1.029
1456348201.0,78566eaf,0.999
1456348201.0,655988e9,1.039
1456348201.0,bca31534,0.999
1456348201.0,2f89ceb2,0.999
1456348201.0,3c982b3a,0.989
1456348201.0,13d407e0,0.999
1456348201.0,ae7b124a,0.999
1456348201.0,c449aa2a,0.999
1456348201.0,7b635a74,1.139
1456348201.0,0334f503,0.999
1456348201.0,8bb9b028,0.999
1456348201.0,3e606994,1.019
1456348201.0,c875251d,1.049
1456348201.0,a770daf6,1.169
1456348201.0,77d4c025,0.999
1456348201.0,b48ba10e,1.169
1456348201.0,cb73d4f7,0.999
1456348201.0,919c9f89,1.039
1456348201.0,6404e77f,0.969
1456348201.0,73ed9159,0.999
1456348201.0,edd33695,0.999
1456348201.0,6437efd0,0.999
1456348201.0,12434f8d,1.009
1456348201.0,5ff2bd7f,1.009
1456348201.0,3b3e1ce0,0.999
1456348201.0,0c5920e5,0.999
1456348201.0,763190d4,1.169
1456348201.0,fcdeda3e,0.999
1456348201.0,2731c4c9,0.999
1456348201.0,3c6b3035,1.019
1456348201.0,21c418e3,0.999
1456348201.0,780043a9,0.999
1456348201.0,4b757a5a,0.999
1456348201.0,f2603ae2,1.029
1456348201.0,a8b18b6e,0.999
1456348201.0,00eccb46,0.999
1456348201.0,cc29c87a,0.994
1456348201.0,b4bef9a6,0.999
1456348201.0,c065b81d,0.934
1456348201.0,fad81120,0.999
1456348201.0,1d5cb0e7,0.999
1456348201.0,c7bec506,1.039
1456348201.0,05574660,0.999
1456348201.0,815252d2,0.919
1456348201.0,861dd273,0.999
1456348201.0,7581214d,0.999
1456348201.0,f6d9b461,0.999
1456348201.0,c21cd25b,0.999
1456348201.0,5056106a,0.999
1456348201.0,ad51b230,1.019
1456348201.0,ef3ecd77,0.999
1456348201.0,3663fc5c,1.029
1456348201.0,421aabe4,0.999
1456348201.0,4d917f63,1.119
1456348201.0,8bf8c324,1.009
1456348201.0,03199c21,1.019
1456348201.0,506ed98f,0.999
1456348201.0,6348db3f,0.949
1456348201.0,21f6f55f,1.169
1456348201.0,c219585c,1.009
1456348201.0,adf7bc54,1.169
1456348201.0,22d16d09,1.139
1456348201.0,c0a3d1e4,0.999
1456348201.0,df34af64,0.999
1456348201.0,0a5953de,1.169
1456348201.0,050d62ae,1.019
1456348201.0,4d248889,0.999
1456348201.0,8aaabcb9,0.999
1456348201.0,ab01d0f4,0.999
1456348201.0,bbc2b8d4,0.939
1456348201.0,1168538d,0.999
1456348201.0,7ab8a6b9,1.169
1456348201.0,11fbd55b,0.999
1456348201.0,2934dabc,0.999
1456348201.0,63b23aaa,0.999
1456348201.0,5e1a19db,0.999
1456348201.0,7bed69b1,0.999
1456348201.0,bdf78206,1.009
1456348201.0,251d80d6,0.959
1456348201.0,bd1e659d,0.949
1456348201.0,645c2661,0.999
1456348201.0,21dc0042,0.999
1456348201.0,2c52792d,0.999
1456348201.0,07b98643,0.999
1456348201.0,f8c4c5f6,1.169
1456348201.0,48abfcff,0.999
1456348201.0,e975b4d9,1.159
1456348201.0,e537497e,0.969
1456348201.0,83c03208,0.999
1456348201.0,2e49818d,0.999
1456348201.0,5773d9f5,1.139
1456348201.0,705aeee8,1.019
1456348201.0,67fb9f82,1.029
1456348201.0,5fcf7eea,1.169
1456348201.0,f723b50e,1.139
1456348201.0,0c811233,0.999
1456348201.0,3f44e678,0.959
1456348201.0,dee66d10,1.139
1456348201.0,6cec7405,0.999
1456348201.0,bb41a6c9,1.139
1456348201.0,8456b87a,0.999
1456348201.0,4c906d12,0.999
1456348201.0,d887646b,1.169
1456348201.0,e84ee14a,0.999
1456348201.0,aa9b2273,0.999
1456348201.0,4ee36e5e,0.989
1456348201.0,d4391500,0.999
1456348201.0,350e97c6,0.989
1456348201.0,2a85aef8,0.999
1456348201.0,aa700ca2,0.999
1456348201.0,0324ee01,1.009
1456348201.0,2276c640,0.999
1456348201.0,04ca9ed8,0.999
1456348201.0,e1f5b708,0.999
1456348201.0,0a1808e5,0.999
1456348201.0,4c1f6a89,1.039
1456348201.0,8cfcff71,0.999
1456348201.0,aabcd7eb,1.019
1456348201.0,b061fef9,0.999
1456348201.0,035e6206,1.029
1456348201.0,b1ca0ed3,1.169
1456348201.0,0220896d,1.009
1456348201.0,92a6e659,0.999
1456348201.0,4734ef79,0.999
1456348201.0,d8714e76,0.989
1456348201.0,0d245387,0.924
1456348201.0,75c86f5d,0.999
1456348201.0,feeb48dc,0.999
1456348201.0,44565663,0.999
1456348201.0,55af4e12,1.009
1456348201.0,60648e92,0.999
1456348201.0,96407ff6,0.999
1456348201.0,18d8a792,0.989
1456348201.0,028572b1,1.159
1456348201.0,5e1008fc,1.009
1456348201.0,5d132310,0.999
1456348201.0,c40bc606,0.999
1456348201.0,8e8a5274,1.159
1456348201.0,328b1075,0.999
1456348201.0,a41bb594,0.999
1456348201.0,f9580460,0.999
1456348201.0,c2aa03cb,0.999
1456348201.0,1df8493a,1.039
1456348201.0,3813907a,0.999
1456348201.0,2b1d13c5,0.979
1456348201.0,1cc41339,0.999
1456348201.0,665513a1,0.999
1456348201.0,80d45a73,0.999
1456348201.0,e8789a9a,1.009
1456348201.0,c5f7c662,0.989
1456348201.0,71315e68,0.999
1456348201.0,dadc3ef8,1.169
1456348201.0,eee56c4d,1.059
1456348201.0,45aadc4d,0.989
1456348201.0,bfefaf34,0.999
1456348201.0,68cd8b5a,0.989
1456348201.0,0f7cfab9,1.029
1456348201.0,930b627b,1.009
1456348201.0,e31720af,0.999
1456348201.0,8654a022,0.999
1456348201.0,2451ec23,0.999
1456348201.0,8b68df1f,0.999
1456348201.0,1037129e,1.164
1456348201.0,f6d63084,0.999
1456348201.0,a500d475,0.999
1456348201.0,86b4e823,1.139
1456348201.0,7b0e8c8c,0.949
1456348201.0,c25fac39,0.999
1456348201.0,d2585bd9,0.989
1456348201.0,08d4658c,0.989
1456348201.0,00330016,1.009
1456348201.0,2d5c56d1,1.169
1456348201.0,b7f96330,1.029
1456348201.0,18b93d5d,1.169
1456348201.0,3d45d1b9,1.039
1456348201.0,0dafb9e9,0.999
1456348201.0,285927ae,1.009
1456348201.0,be9c118a,1.139
1456348201.0,d473e239,0.999
1456348201.0,4e3aa155,0.999
1456348201.0,aae959c2,1.009
1456348201.0,9ca777a2,1.039
1456348201.0,f14d7030,0.999
1456348201.0,95d7c5d3,0.999
1456348201.0,6ee6c33d,0.999
1456348201.0,c8767aa3,0.999
1456348201.0,b359addb,0.989
1456348201.0,96854150,0.999
1456348201.0,324dc3f8,1.169
1456348201.0,c002da7d,0.999
1456348201.0,d556f79b,0.909
1456348201.0,72ecbc2d,1.169
1456348201.0,ebb6637d,0.939
1456348201.0,e0bab399,1.029
1456348201.0,ff263010,1.169
1456348201.0,ab8081a0,1.039
1456348201.0,840368fb,0.999
1456348201.0,129b7653,0.999
1456348201.0,c69c61f6,1.169
1456348201.0,e743f9ea,0.999
1456348201.0,8e88bf8c,0.999
1456348201.0,c083a2d4,1.169
1456348201.0,3a20cf6c,0.999
1456348201.0,72c39ba1,0.999
1456348201.0,076cbc57,1.169
1456348201.0,460c213f,1.009
1456348201.0,d998872e,0.999
1456348201.0,29e79793,1.009
1456348201.0,4d7be304,0.959
1456348201.0,5ff01128,1.019
1456348201.0,4e359e7b,1.159
1456348201.0,5709c9ed,0.999
1456348201.0,15eba23d,0.984
1456348201.0,0e31f374,0.999
1456348201.0,538bd786,0.989
1456348201.0,5e3c55e4,0.929
1456348201.0,da9d831f,0.999
1456348201.0,a2367d31,0.999
1456348201.0,4261ea14,0.999
1456348201.0,bf0b9827,1.169
1456348201.0,1c1982b4,0.999
1456348201.0,c48de424,0.999
1456348201.0,4e459e38,0.999
1456348201.0,0b71e59a,0.989
1456348201.0,92b69eed,1.029
1456348201.0,29c5c2e2,1.169
1456348201.0,30a3ca97,0.999
1456348201.0,3fc2e10c,1.009
1456348201.0,550f37fb,1.019
1456348201.0,c096f63b,0.999
1456348201.0,95ff6d3a,0.918
1456348201.0,b6002806,0.999
1456348201.0,6da3d0a7,0.999
1456348201.0,6b6f2493,0.999
1456348201.0,779f3780,0.969
1456348201.0,2fec3510,0.999
1456348201.0,ff49e52d,0.999
1456348201.0,6465956f,0.919
1456348201.0,7f7b1e43,0.999
1456348201.0,c495260b,0.999
1456348201.0,,0.999
1456348201.0,01a2d8cf,1.009
1456348201.0,649461ec,1.019
1456348201.0,e600cf0f,0.999
1456348201.0,7e6785e2,0.989
1456348201.0,a32bd6b9,0.999
1456348201.0,63e70cd3,0.999
1456348201.0,e3c90980,0.999
1456348201.0,229400a7,0.999
1456348201.0,8536a14e,0.999
1456348201.0,493eff35,1.009
1456348201.0,0cef0607,0.969
1456348201.0,6cacebf5,1.059
1456348201.0,3c7c43a2,0.999
1456348201.0,4ebc6df3,0.929
1456348201.0,b49d51d2,0.999
1456348201.0,cc350ace,1.159
1456348201.0,684a7ab7,0.949
1456348201.0,b5ec285f,1.169
1456348201.0,bbca138f,0.999
1456348201.0,11eac3c2,0.999
1456348201.0,3a7aff39,0.999
1456348201.0,896f8569,0.999
1456348201.0,c2cdc545,0.999
1456348201.0,c5669e2f,0.999
1456348201.0,e2716599,1.029
1456348201.0,aa50fdab,1.099
1456348201.0,e491b6d7,1.049
1456348201.0,b88f7241,1.029
1456348201.0,493d1dbf,1.009
1456348201.0,2771cba6,0.999
1456348201.0,0296c555,0.999
1456348201.0,7fc3b34a,0.999
1456348201.0,4646068e,0.999
1456348201.0,eb863f50,1.149
1456348201.0,6df33a19,0.999
1456348201.0,015ecd27,0.989
1456348201.0,dfb31960,0.999
1456348201.0,cf0f7009,1.029
1456348201.0,130615f8,1.169
1456348201.0,22a0ccda,0.989
1456348201.0,80b92918,0.988
1456348201.0,cbac7081,0.989
1456348201.0,2d3711fd,0.999
1456348201.0,496612a8,1.009
1456348201.0,62994203,0.999
1456348201.0,956c6d65,1.009
1456348201.0,1231b9e1,0.999
1456348201.0,fa183b24,0.999
1456348201.0,a5d5884d,0.919
1456348201.0,29a6303c,1.029
1456348201.0,1f577d83,0.999
1456348201.0,00553051,0.999
1456348201.0,73af7048,1.009
1456348201.0,f13a2469,1.009
1456348201.0,5d194c9b,1.169
1456348201.0,fe496e01,0.999
1456348201.0,1b481393,0.999
1456348201.0,a537b03c,0.999
1456348201.0,51aab8d5,0.999
1456348201.0,cc232225,1.159
1456348201.0,d51594f4,0.999
1456348201.0,803beab6,0.989
1456348201.0,a02da48f,0.989
1456348201.0,d0c595a5,0.989
1456348201.0,c984e1be,0.989
1456348201.0,0f122625,0.999
1456348201.0,c368907a,1.169
1456348201.0,447f2373,0.999
1456348201.0,c6ca359a,0.999
1456348201.0,bb8d0742,1.169
1456348201.0,8d86cbc4,0.999
1456348201.0,7f6c2062,1.039
1456348201.0,5f143eb7,1.009
1456348201.0,f8453096,0.999
1456348201.0,91db14ed,0.999
1456348201.0,57ef5f09,0.999
1456348201.0,3f9a7b26,1.149
1456348201.0,5a4ca547,0.999
1456348201.0,c97f1f02,0.999
1456348201.0,2cbca1fc,0.999
1456348201.0,8577f793,0.999
1456348201.0,4ec9ba2c,0.999
1456348201.0,5b1dc219,0.999
1456348201.0,a5fbf851,0.999
1456348201.0,40b7c070,0.999
1456348201.0,9f18dbdb,0.999
1456348201.0,684e7234,0.999
1456348201.0,61271939,0.999
1456348201.0,f8e5ba22,0.999
1456348201.0,12812efd,1.129
1456348201.0,76186cf8,1.009
1456348201.0,8fc52727,0.999
1456348201.0,84fa929f,1.009
1456348201.0,1d3ab507,1.029
1456348201.0,d31fa383,1.009
1456348201.0,1d5839f0,1.039
1456348201.0,28a5d3b4,0.999
1456348201.0,f230f25c,1.169
1456348201.0,57e77986,0.999
1456348201.0,55dd1874,0.999
1456348201.0,871f200d,0.999
1456348201.0,421ac3f9,1.019
1456348201.0,6a5e9f24,0.999
1456348201.0,dbdba84f,1.169
1456348201.0,7a952315,0.999
1456348201.0,b03e55fa,0.999
1456348201.0,31d95abd,0.999
1456348441.0,1e57f412,1.209
1456348441.0,66fc21d2,1.179
1456348441.0,07aa2817,1.089
1456348441.0,800f2ca2,1.049
1456348441.0,f5434e55,1.009
1456348441.0,778f55da,1.009
1456348441.0,e399a8ea,1.009
1456348441.0,ac22a573,1.159
1456348441.0,0d053eb3,1.159
1456348441.0,30029614,1.019
1456348441.0,33c885cc,1.169
1456348441.0,82781b7c,0.989
1456348441.0,fbbb030d,1.059
1456348441.0,e08143aa,0.999
1456348441.0,ee75d139,1.169
1456348441.0,cfab0b9f,0.999
1456348441.0,2628e12f,1.059
1456348441.0,e31897db,0.999
1456348441.0,eb5d6331,0.969
1456348441.0,aa53bc55,1.029
1456348441.0,fa12ad0f,0.929
1456348441.0,21fa9a42,0.999
1456348441.0,9e099f07,0.949
1456348441.0,b79612a4,1.169
1456348441.0,189e648a,1.059
1456348441.0,8c14cf23,1.169
1456348441.0,30ffa8c9,1.019
1456348441.0,d903b794,0.999
1456348441.0,8eafa47a,0.929
1456348441.0,815252d2,1.039
1456348441.0,70fb38df,1.079
1456348441.0,b916d3a8,1.049
1456348441.0,2b0edf3c,1.169
1456348441.0,5c405f95,1.079
1456348441.0,f3f464e1,1.029
1456348441.0,6e907110,1.169
1456348441.0,fd43a211,1.079
1456348441.0,dbaf66ec,1.079
1456348441.0,bd1e659d,1.079
1456348441.0,c17f3537,1.169
1456348441.0,7e91d1f8,1.159
1456348441.0,216b96ab,1.039
1456348441.0,1f23d8f2,0.999
1456348441.0,882af727,1.059
1456348441.0,8f277236,1.029
1456348441.0,283d3a46,0.939
1456348441.0,f9b9ebef,1.089
1456348441.0,759c0ad5,1.169
1456348441.0,980707a9,0.999
1456348441.0,6acdb3a0,1.049
1456348441.0,49a9b4e0,1.099
1456348441.0,aa6b62c4,0.999
1456348441.0,f847749e,1.159
1456348441.0,9e5c868a,1.169
1456348441.0,26f7c61c,0.999
1456348441.0,0be96884,1.059
1456348441.0,84526a99,1.009
1456348441.0,46da1895,1.169
1456348441.0,42ad21c1,0.939
1456348441.0,813fd6aa,1.089
1456348441.0,74a97362,1.069
1456348441.0,80ec45da,1.049
1456348441.0,26a6aed5,0.949
1456348441.0,f1f7ae62,1.164
1456348441.0,56550517,1.069
1456348441.0,ff263010,1.169
1456348441.0,bc0ec46f,0.949
1456348441.0,5effda31,1.029
1456348441.0,f6b0098f,1.029
1456348441.0,4dd8d911,1.169
1456348441.0,21269bfc,0.948
1456348441.0,90a21c47,1.029
1456348441.0,b07fa89b,1.169
1456348441.0,b46c0713,0.999
1456348441.0,3f788efe,1.029
1456348441.0,806d0511,1.029
1456348441.0,086cb9a9,1.049
1456348441.0,2237382a,1.039
1456348441.0,b2a8f247,1.049
1456348441.0,83c5b0ad,1.079
1456348441.0,236e355f,1.159
1456348441.0,32a8caa1,1.159
1456348441.0,67af76e1,1.169
1456348441.0,506ea768,0.999
1456348441.0,39a29c0a,1.169
1456348441.0,4ebc6df3,1.169
1456348441.0,3a1e42ab,1.039
1456348441.0,c061e163,0.989
1456348441.0,2bbe715d,1.049
1456348441.0,4f0a1aa8,1.159
1456348441.0,1e88c869,1.089
1456348441.0,11bec0f1,1.019
1456348441.0,1f5803f6,1.169
1456348441.0,042d445f,1.199
1456348441.0,94df3c4a,0.979
1456348441.0,7f6c2062,1.039
1456348441.0,776d441b,0.999
1456348441.0,dcf18486,1.019
1456348441.0,18b3ac80,1.039
1456348441.0,77b1dec8,0.999
1456348441.0,a388f36b,1.099
1456348441.0,fd4af1b0,1.059
1456348441.0,efe39034,1.169
1456348441.0,58e56c66,0.999
1456348441.0,dbdba84f,1.169
1456348441.0,8a3f89ed,1.089
1456348681.0,bf66734b,1.059
1456348681.0,09975f4d,1.069
1456348681.0,1ddbee38,1.009
1456348681.0,0c3d62f5,1.119
1456348681.0,f7d2bcca,1.119
1456348681.0,,0.979
1456348681.0,cb7b59b6,1.169
1456348681.0,57c6a470,0.969
1456348681.0,b26e91af,1.139
1456348681.0,a9083629,0.929
1456348681.0,ac828437,1.109
1456348681.0,6dea9ace,1.089
1456348681.0,cfab0b9f,1.049
1456348681.0,5d8a25e3,1.099
1456348681.0,e31897db,0.999
1456348681.0,8d4cbfeb,1.079
1456348681.0,eab170ca,1.049
1456348681.0,eb5d6331,1.149
1456348681.0,4b36fa89,1.089
1456348681.0,5dc70b90,0.999
1456348681.0,00d1a6ab,1.039
1456348681.0,a46b4f3d,1.069
1456348681.0,09f71d7c,0.949
1456348681.0,75cdd5eb,1.029
1456348681.0,21fa9a42,1.049
1456348681.0,9e099f07,1.049
1456348681.0,3a8770f2,0.939
1456348681.0,e73846ae,1.164
1456348681.0,0defca9f,1.089
1456348681.0,fef37507,1.139
1456348681.0,cb6bf035,1.049
1456348681.0,e77693ae,1.149
1456348681.0,f92b1138,1.019
1456348681.0,28136f7e,0.959
1456348681.0,45dd43b7,1.159
1456348681.0,03098eb9,1.079
1456348681.0,3104967c,1.129
1456348681.0,df5fc4c4,1.059
1456348681.0,12fa7f3d,1.099
1456348681.0,19eaaa8f,1.079
1456348681.0,e9edf509,1.089
1456348681.0,,1.069
1456348681.0,6abc0f05,1.029
1456348681.0,,1.029
1456348681.0,6728212d,1.009
1456348681.0,734c00a8,1.029
1456348681.0,0a5953de,1.159
1456348681.0,f94d8069,1.099
1456348681.0,2bd26467,0.929
1456348681.0,06259905,1.089
1456348681.0,fe1c0582,0.939
1456348681.0,96eb851e,1.169
1456348681.0,,1.089
1456348681.0,1f23d8f2,1.049
1456348681.0,59ac6c1c,0.999
1456348681.0,22a61e4f,1.089
1456348681.0,283d3a46,1.079
1456348681.0,c7b9d409,1.039
1456348681.0,bef1c266,1.159
1456348681.0,1db5b62a,1.019
1456348681.0,7e2a8251,1.029
1456348681.0,c61bf054,1.144
1456348681.0,9320eb8a,0.999
1456348681.0,7cad2e85,0.969
1456348681.0,27809f91,1.029
1456348681.0,a9683117,1.169
1456348681.0,67ba0742,1.099
1456348681.0,5c39d395,1.049
1456348681.0,70507c40,1.089
1456348681.0,c9c1fe89,1.049
1456348681.0,36ce665f,0.939
1456348681.0,2214026d,1.089
1456348681.0,0cc59c54,1.099
1456348681.0,b463b410,1.099
1456348681.0,f2458f35,1.049
1456348681.0,4c45b855,1.029
1456348681.0,552250d6,1.169
1456348681.0,f77077c1,1.059
1456348681.0,a4b11e87,1.059
1456348681.0,481a8ed4,0.929
1456348681.0,cd3a9dfc,0.969
1456348681.0,0b8418b0,1.029
1456348681.0,d2cb3217,0.999
1456348681.0,d1d61cfb,1.109
1456348681.0,d34ed29d,1.049
1456348681.0,ff608fc4,0.939
1456348681.0,44495201,0.999
1456348681.0,45dbb997,1.049
1456348681.0,7ca6fc38,0.999
1456348681.0,d89013e5,1.099
1456348681.0,087f9ad5,1.049
1456348681.0,3340d6a0,1.089
1456348681.0,9a40848b,1.099
1456348681.0,9d3b9bdc,0.979
1456348681.0,c69c61f6,1.159
1456348681.0,c63b0b80,0.929
1456348681.0,4d7be304,0.939
1456348681.0,12389609,1.089
1456348681.0,c85470f1,1.019
1456348681.0,8923b20c,1.039
1456348681.0,8d192dd1,1.029
1456348681.0,83e73636,1.089
1456348681.0,9100dea8,1.099
1456348681.0,4dac6b68,0.999
1456348681.0,6e224d77,1.089
1456348681.0,d1a41417,1.099
1456348681.0,f09eccb2,0.929
1456348681.0,bacddc78,0.939
1456348681.0,b43aab28,1.059
1456348681.0,7f3bdc08,1.079
1456348681.0,b46c0713,1.059
1456348681.0,e9b0a748,0.959
1456348681.0,f86a4e1f,1.179
1456348681.0,ac221dcb,0.989
1456348681.0,e4c59692,1.019
1456348681.0,97c6460d,1.159
1456348681.0,168f1ca6,1.089
1456348681.0,6ddaf8c2,1.089
1456348681.0,ae7c12ce,0.984
1456348681.0,d487951e,1.039
1456348681.0,682730ca,1.049
1456348681.0,2263d9ed,0.959
1456348681.0,65b91ff4,1.129
1456348681.0,56c5d463,1.059
1456348681.0,f3e6f0ea,1.029
1456348681.0,06931b13,0.949
1456348681.0,7d84b7ec,1.029
1456348681.0,d7a6a6c2,1.169
1456348681.0,de8bd970,1.169
1456348681.0,f2924e85,1.079
1456348681.0,9e184682,1.169
1456348681.0,a596413e,1.059
1456348681.0,c1a5c3a6,1.059
1456348681.0,da75620f,1.029
1456348681.0,60e38539,1.159
1456348681.0,0be30200,1.169
1456348681.0,0950d2ac,0.999
1456348681.0,dc76a6bb,1.089
1456348681.0,8f767099,1.029
1456348681.0,6d9bd5ab,1.089
1456348681.0,2bec2986,0.949
1456348681.0,10967cac,1.069
1456348681.0,f4ec92d7,1.159
1456348681.0,c3d72a2f,1.089
1456348681.0,c313d773,0.989
1456348681.0,39278907,1.099
1456348681.0,74635252,1.019
1456348681.0,2ecadcf6,0.989
1456348681.0,,1.079
1456348681.0,982daa57,1.009
1456348681.0,e64fba92,1.089
1456348681.0,beef4f02,0.989
1456348681.0,672c6cfd,1.059
1456348681.0,56006177,1.159
1456348681.0,65b05fee,1.169
1456348681.0,f1200249,0.999
1456348681.0,7f89e6f0,1.029
1456348681.0,836023d3,1.089
1456348681.0,5c4d093f,1.099
1456348681.0,200bc827,1.099
1456348681.0,3106c23c,0.939
1456348681.0,8404a707,1.059
1456348681.0,1f721c24,1.169
1456348681.0,58e56c66,1.049
1456348681.0,b67f8bb3,0.999
1456348681.0,7269da44,1.169
1456348921.0,8f3027b6,0.999
1456348921.0,0f01b9c8,0.949
1456348921.0,c58eee91,1.169
1456348921.0,01a42eea,1.129
1456348921.0,415ad4d0,1.059
1456348921.0,42a9168f,1.039
1456348921.0,3201c40b,1.039
1456348921.0,,1.159
1456348921.0,25f9d419,1.029
1456348921.0,21a0bd76,1.049
1456348921.0,bf738133,1.029
1456348921.0,be6a8603,1.159
1456348921.0,25cdefd0,1.109
1456348921.0,2a7b6c27,0.984
1456348921.0,eac0620e,1.039
1456348921.0,eb5d6331,1.119
1456348921.0,230a1a24,1.169
1456348921.0,8fc0b78f,1.159
1456348921.0,fda59bae,1.059
1456348921.0,749a3491,1.069
1456348921.0,0001c9be,0.999
1456348921.0,9e099f07,0.999
1456348921.0,720a51d5,1.179
1456348921.0,f2c567b7,0.929
1456348921.0,629268ea,1.109
1456348921.0,835f9ec0,0.939
1456348921.0,9d26d3dd,1.009
1456348921.0,d903b794,1.049
1456348921.0,f233face,1.149
1456348921.0,64e138c3,1.029
1456348921.0,817bcf9d,1.169
1456348921.0,61ee6f5a,1.059
1456348921.0,cb6bf035,1.049
1456348921.0,c065b81d,1.034
1456348921.0,814d74ac,1.029
1456348921.0,03098eb9,0.999
1456348921.0,ab4700c2,1.039
1456348921.0,a825b9fa,0.979
1456348921.0,df4fadef,1.029
1456348921.0,253839e1,1.159
1456348921.0,e446361e,1.159
1456348921.0,b59cf984,1.034
1456348921.0,ccd8aac4,1.029
1456348921.0,2b849c3c,1.049
1456348921.0,a83de21c,1.029
1456348921.0,beb106ec,1.159
1456348921.0,fe905128,1.169
1456348921.0,b899de50,1.149
1456348921.0,c441e36d,1.099
1456348921.0,5aa86555,1.039
1456348921.0,8a4f9b54,1.029
1456348921.0,c76945cf,1.149
1456348921.0,9b209e8a,0.919
1456348921.0,b4618121,1.039
1456348921.0,ddaccd3e,0.949
1456348921.0,a03c9b78,1.049
1456348921.0,58419a90,1.029
1456348921.0,89f0cfb7,1.049
1456348921.0,566376d2,1.029
1456348921.0,6ebcf0bd,0.989
1456348921.0,5a599746,1.029
1456348921.0,59ac6c1c,1.079
1456348921.0,d695eb07,0.989
1456348921.0,4c029f46,1.029
1456348921.0,d2a69e6d,1.109
1456348921.0,b511f34b,1.149
1456348921.0,26e6f2fe,1.029
1456348921.0,75341878,1.069
1456348921.0,07ff93d9,1.039
1456348921.0,6f5bf91f,1.019
1456348921.0,0bf8686a,1.099
1456348921.0,063c7988,0.999
1456348921.0,563059fb,1.039
1456348921.0,7c1d5106,1.039
1456348921.0,1ed8d71f,1.049
1456348921.0,35d8c725,1.149
1456348921.0,a44224fe,1.159
1456348921.0,5288c0b4,1.029
1456348921.0,2b8a1d9c,0.999
1456348921.0,443ae02b,0.969
1456348921.0,a4416f40,1.119
1456348921.0,6af75028,1.169
1456348921.0,13579cfd,0.949
1456348921.0,0fc11a52,0.989
1456348921.0,2080cd01,1.169
1456348921.0,1f23d768,1.039
1456348921.0,4395666c,1.169
1456348921.0,f77077c1,0.999
1456348921.0,4d541f34,1.039
1456348921.0,fdce6bd4,1.169
1456348921.0,ee4163c1,1.009
1456348921.0,d5d39b19,1.049
1456348921.0,097d0950,1.039
1456348921.0,8a5cd800,1.049
1456348921.0,3c29e148,1.034
1456348921.0,838df899,1.129
1456348921.0,85d39803,1.049
1456348921.0,a1949b24,1.149
1456348921.0,c88d1f3b,0.949
1456348921.0,2a2c8207,1.159
1456348921.0,a1143c6a,1.159
1456348921.0,44495201,1.049
1456348921.0,88348828,1.029
1456348921.0,b7f96330,1.029
1456348921.0,63904947,1.039
1456348921.0,1ee9a733,1.099
1456348921.0,43ebfdc2,1.029
1456348921.0,f44d6f08,1.139
1456348921.0,10774c7e,1.159
1456348921.0,75151463,0.939
1456348921.0,4f9d836e,1.149
1456348921.0,e2eeab30,1.049
1456348921.0,9fc5c687,0.999
1456348921.0,444fc3ef,0.929
1456348921.0,a4ba2fb9,1.049
1456348921.0,4c83adf3,1.149
1456348921.0,e466a86a,1.159
1456348921.0,c2d485ca,1.159
1456348921.0,11db12fc,1.159
1456348921.0,5e3c55e4,1.039
1456348921.0,4f97968a,1.039
1456348921.0,bc4dffd2,1.169
1456348921.0,28367cbd,1.029
1456348921.0,92f81808,1.059
1456348921.0,07aab62d,1.029
1456348921.0,f5268ec9,1.079
1456348921.0,02d10a00,1.039
1456348921.0,54e2cab0,1.029
1456348921.0,e613bc2b,1.139
1456348921.0,c704c346,1.019
1456348921.0,4270cadf,1.169
1456348921.0,6465956f,1.039
1456348921.0,81c9cec5,0.999
1456348921.0,699fb3bc,0.999
1456348921.0,ddc6b3b1,1.049
1456348921.0,dea57116,1.059
1456348921.0,35cf8855,1.029
1456348921.0,fbd93087,1.039
1456348921.0,7e6785e2,1.039
1456348921.0,8ccf4a30,1.029
1456348921.0,682730ca,0.999
1456348921.0,a8a26144,1.049
1456348921.0,1e05521d,1.029
1456348921.0,963911cc,0.939
1456348921.0,5d637168,1.129
1456348921.0,dcd3f71a,1.039
1456348921.0,d18dd289,1.029
1456348921.0,56c5d463,0.999
1456348921.0,d010f6f4,1.159
1456348921.0,6582ce6e,0.934
1456348921.0,ccd903a8,1.029
1456348921.0,874f2a6f,0.0
1456348921.0,,1.159
1456348921.0,1f1aef8f,1.159
1456348921.0,26d58413,1.029
1456348921.0,eb7de52f,1.029
1456348921.0,c2ed0986,1.029
1456348921.0,b8fe1af4,1.019
1456348921.0,56e398e7,0.999
1456348921.0,352eedb0,1.029
1456348921.0,6388b41c,1.039
1456348921.0,b870f094,1.069
1456348921.0,b36ed3e1,1.049
1456348921.0,bd5bd28e,1.029
1456348921.0,c0a4ac06,0.909
1456348921.0,58452604,0.959
1456348921.0,e7b29404,0.964
1456348921.0,69964900,1.039
1456348921.0,7de31d71,1.049
1456348921.0,11ab82be,1.009
1456348921.0,8432eede,1.049
1456348921.0,bee45034,1.029
1456348921.0,b32ae972,0.969
1456348921.0,6334f8a6,0.949
1456348921.0,48772908,0.999
1456348921.0,98b24e11,1.059
1456348921.0,82b0380b,1.139
1456348921.0,1d3ab507,1.029
1456348921.0,1d5839f0,1.039
1456348921.0,4d8df4a1,1.069
1456348921.0,488fcdf2,1.029
1456348921.0,95832b86,0.969
1456348921.0,610132a0,1.059
1456348921.0,6b4ba54d,0.949
1456348921.0,9422b117,1.099
1456348921.0,,1.059
1456348921.0,343e9168,1.034
1456348921.0,873f022b,0.999
1456348921.0,0b8d29ea,1.049
1456348921.0,a41abd0c,1.129
1456348921.0,0aa739fb,1.089
1456349161.0,9a2cf8fa,1.049
1456349161.0,0f456c18,1.169
1456349161.0,ff574b02,1.089
1456349161.0,9a52a6cd,1.029
1456349161.0,f893c068,1.159
1456349161.0,6dea9ace,1.089
1456349161.0,5000f0c5,1.159
1456349161.0,0e6ac101,1.029
1456349161.0,f81448e3,1.12
1456349161.0,7af1a190,1.009
1456349161.0,7840ee28,1.149
1456349161.0,d95bf294,0.959
1456349161.0,b0a76bca,0.939
1456349161.0,a2729b52,0.949
1456349161.0,708936ad,0.999
1456349161.0,e77693ae,1.149
1456349161.0,cd3580e7,0.949
1456349161.0,e727162d,1.099
1456349161.0,e391e28b,1.039
1456349161.0,8801e116,1.159
1456349161.0,b7b730d9,0.969
1456349161.0,c0aa824a,0.959
1456349161.0,0c1d9c42,1.169
1456349161.0,66cc688a,0.999
1456349161.0,3a04ab7b,1.159
1456349161.0,f12b117d,1.029
1456349161.0,35305598,1.029
1456349161.0,a94524d9,1.009
1456349161.0,374b5919,1.029
1456349161.0,d1008b23,1.029
1456349161.0,dafe4162,1.049
1456349161.0,29291727,1.069
1456349161.0,df264ce2,0.949
1456349161.0,e8716217,1.029
1456349161.0,4fe7c8a5,0.997
1456349161.0,b05147af,0.999
1456349161.0,212fde28,0.989
1456349161.0,a585805d,1.029
1456349161.0,373fd05a,1.069
1456349161.0,a1904e6e,1.169
1456349161.0,9d98dcbb,0.989
1456349161.0,2f3717cf,1.079
1456349161.0,42863645,1.049
1456349161.0,16faf672,1.129
1456349161.0,7969d4f3,1.069
1456349161.0,2337ee59,1.049
1456349161.0,addbc61c,0.949
1456349161.0,6f2ba4ed,0.949
1456349161.0,bc81a8ae,1.079
1456349161.0,7cad2e85,1.089
1456349161.0,93a0a521,0.994
1456349161.0,f8b49237,1.009
1456349161.0,57b28a51,1.149
1456349161.0,7e16c19d,1.159
1456349161.0,0a1db8aa,0.969
1456349161.0,9f7b3411,1.029
1456349161.0,36ce665f,1.039
1456349161.0,fb46bd6e,1.049
1456349161.0,5fb10ad5,0.999
1456349161.0,065ebbad,0.999
1456349161.0,4f3ac261,1.079
1456349161.0,9eb1be1f,0.939
1456349161.0,14d744d4,1.159
1456349161.0,d0e41b74,0.979
1456349161.0,4af2260b,0.949
1456349161.0,00daa2b4,1.029
1456349161.0,84e18861,1.009
1456349161.0,07991b53,1.089
1456349161.0,27d7ba56,1.069
1456349161.0,cda8d3bf,1.079
1456349161.0,3c497123,1.029
1456349161.0,e4465e8e,0.999
1456349161.0,69539d07,1.069
1456349161.0,16cd7944,1.149
1456349161.0,28c16e42,1.169
1456349161.0,466d909f,1.079
1456349161.0,23542a3f,1.079
1456349161.0,0746aa69,1.054
1456349161.0,626de707,1.169
1456349161.0,dd465a5d,1.059
1456349161.0,01859229,1.009
1456349161.0,1c00717b,0.959
1456349161.0,bec40c36,1.039
1456349161.0,73ad722d,1.129
1456349161.0,0218a51d,1.039
1456349161.0,bacddc78,1.039
1456349161.0,37bb70be,1.149
1456349161.0,59f961f5,1.129
1456349161.0,1872a79b,1.049
1456349161.0,4ca2fd5f,1.069
1456349161.0,e613bc2b,1.139
1456349161.0,7150ecaf,1.129
1456349161.0,757d5670,1.069
1456349161.0,d5022b7f,1.049
1456349161.0,5d07eeec,1.059
1456349161.0,6bd14af8,1.049
1456349161.0,6877801d,1.159
1456349161.0,921192f1,1.079
1456349161.0,19feb15d,1.099
1456349161.0,ae934bd5,1.079
1456349161.0,558b1611,1.149
1456349161.0,2263d9ed,1.059
1456349161.0,06931b13,1.089
1456349161.0,f09149cd,0.949
1456349161.0,3cef8afc,0.999
1456349161.0,ed71c114,0.999
1456349161.0,05878847,1.159
1456349161.0,e89c4d58,1.029
1456349161.0,ce43b17e,1.169
1456349161.0,ebccb800,1.089
1456349161.0,44daa76b,1.029
1456349161.0,cb987f86,0.999
1456349161.0,3784589f,1.009
1456349161.0,d3730b6f,1.109
1456349161.0,76994b54,1.079
1456349161.0,dc76a6bb,1.089
1456349161.0,2bc8507d,1.059
1456349161.0,b02d78c3,1.029
1456349161.0,398b6ec7,1.079
1456349161.0,81c26764,1.099
1456349161.0,cba1718d,1.129
1456349161.0,138ce0cc,1.019
1456349161.0,5f4d5496,1.169
1456349161.0,3573c1c1,1.029
1456349161.0,baff6152,1.059
1456349161.0,1377ad59,1.129
1456349161.0,974de11a,0.999
1456349161.0,65ab6225,1.049
1456349161.0,3c0b225f,1.169
1456349161.0,63f74b4d,0.999
1456349161.0,c77607db,1.159
1456349161.0,7dc477e0,1.029
1456349401.0,88a429db,0.999
1456349401.0,1248a8aa,0.999
1456349401.0,a834fe50,0.959
1456349401.0,f73b3c9f,0.959
1456349401.0,c87f2cf7,0.969
1456349401.0,097b0d22,0.999
1456349401.0,47472e4f,1.049
1456349401.0,9a249d55,1.039
1456349401.0,b802ed2f,1.159
1456349401.0,a4842df2,0.918
1456349401.0,dd154694,1.169
1456349401.0,995e56cb,1.079
1456349401.0,7cf49500,0.999
1456349401.0,,1.069
1456349401.0,,1.049
1456349401.0,ddaccd3e,1.119
1456349401.0,bd1e659d,0.949
1456349401.0,b6de77a6,1.029
1456349401.0,c51b41ba,0.999
1456349401.0,d59d4bb4,1.029
1456349401.0,93a0a521,0.994
1456349401.0,bba52d69,1.049
1456349401.0,70681f39,0.959
1456349401.0,0d8ee6ff,1.009
1456349401.0,755c641f,1.029
1456349401.0,42bd894d,1.029
1456349401.0,4cd470ad,0.919
1456349401.0,,1.169
1456349401.0,5e6b1f04,1.029
1456349401.0,5459c738,0.999
1456349401.0,25a7d9dc,1.169
1456349401.0,c4b1a3a1,1.169
1456349401.0,279cc342,1.019
1456349401.0,59304ef4,1.169
1456349401.0,e40925fd,0.999
1456349401.0,a6443453,1.009
1456349401.0,efc2fc1d,1.019
1456349401.0,f39134b3,0.959
1456349401.0,b8c293ba,1.029
1456349401.0,bd6492b8,1.029
1456349401.0,7a695f48,1.009
1456349401.0,64abbe63,1.049
1456349401.0,5f695bd8,1.029
1456349401.0,6a8c8b44,1.009
1456349401.0,4d9a80e1,1.099
1456349401.0,ece022de,1.039
1456349401.0,cd84a2a9,0.999
1456349401.0,073f77fc,0.959
1456349401.0,ec17af21,1.159
1456349401.0,91211c7b,1.029
1456349401.0,78f2b451,1.079
1456349401.0,0bb28765,1.029
1456349401.0,47a742a7,1.079
1456349401.0,776d441b,1.009
1456349401.0,c8bad2ad,1.029
1456349641.0,cdf9674a,0.939
1456349641.0,25e49541,0.934
1456349641.0,28ed1025,0.999
1456349641.0,6598cfb9,1.129
1456349641.0,1185b737,1.159
1456349641.0,9a249d55,1.039
1456349641.0,c465775f,1.159
1456349641.0,9dc599bb,1.129
1456349641.0,e43cd622,1.159
1456349641.0,b46b0917,0.999
1456349641.0,9e099f07,1.049
1456349641.0,ea882fb1,1.129
1456349641.0,12d8b2e2,1.079
1456349641.0,8609cc97,0.999
1456349641.0,be2d5691,1.129
1456349641.0,1c546ae2,1.049
1456349641.0,03098eb9,1.079
1456349641.0,b191b282,1.129
1456349641.0,e5cb0020,0.999
1456349641.0,a1a458cd,1.059
1456349641.0,251d80d6,0.979
1456349641.0,ec8e7daa,1.029
1456349641.0,33e40774,1.129
1456349641.0,216b96ab,1.129
1456349641.0,68d28369,1.029
1456349641.0,16863815,1.029
1456349641.0,4119ba76,1.129
1456349641.0,54a44614,1.129
1456349641.0,0a1db8aa,1.169
1456349641.0,0d8ee6ff,1.009
1456349641.0,9e5c868a,1.129
1456349641.0,dc4b8ae9,1.129
1456349641.0,154a309d,1.039
1456349641.0,74903af4,1.129
1456349641.0,8d270840,1.129
1456349641.0,6eb39211,1.049
1456349641.0,77c875bb,0.999
1456349641.0,38990b28,0.999
1456349641.0,01ca69d4,0.939
1456349641.0,0a20dd73,1.039
1456349641.0,1dcc8077,0.989
1456349641.0,2ce7ea0e,1.029
1456349641.0,3b6590c2,0.999
1456349641.0,a7d43dc2,1.129
1456349641.0,3487a048,1.079
1456349641.0,8f39da00,0.999
1456349641.0,27268be1,1.059
1456349641.0,8923b20c,1.129
1456349641.0,104560d9,1.029
1456349641.0,c7804480,1.129
1456349641.0,b07fa89b,1.129
1456349641.0,5e575550,1.129
1456349641.0,6e2e5e05,0.949
1456349641.0,18301e82,1.029
1456349641.0,cbc2f9db,1.019
1456349641.0,682730ca,1.049
1456349641.0,56c5d463,1.059
1456349641.0,332fb1ba,1.079
1456349641.0,39261c92,1.149
1456349641.0,207db76e,1.159
1456349641.0,874f2a6f,0.0
1456349641.0,5e1d80de,1.029
1456349641.0,788d83d5,0.969
1456349641.0,9f0519b8,0.949
1456349641.0,16d9bba6,1.129
1456349641.0,009194ff,1.159
1456349641.0,27568398,1.059
1456349641.0,56006177,1.129
1456349641.0,65b05fee,1.129
1456349641.0,c1082f5e,0.989
1456349641.0,ecb99613,1.049
1456349641.0,95832b86,1.019
1456349641.0,7680fb35,1.149
1456349881.0,dcb25a3c,1.039
1456349881.0,4721133a,0.999
1456349881.0,,0.999
1456349881.0,91632530,0.989
1456349881.0,7ad9844c,0.989
1456349881.0,20d94201,0.999
1456349881.0,d17204b8,0.999
1456349881.0,a5bfce08,1.009
1456349881.0,4a523aab,0.999
1456349881.0,a705a30f,1.109
1456349881.0,9c389a21,1.169
1456349881.0,e03f4572,0.989
1456349881.0,63aa7558,1.019
1456349881.0,d5eb41ec,0.999
1456349881.0,c1eb66c5,0.999
1456349881.0,15b99812,0.999
1456349881.0,45ee1cd9,1.129
1456349881.0,b69db0fc,1.099
1456349881.0,c6e90545,1.059
1456349881.0,4b926ccb,0.999
1456349881.0,c0e39558,0.989
1456349881.0,6728212d,1.129
1456349881.0,654abfa9,0.999
1456349881.0,06259905,1.059
1456349881.0,9ae06205,0.999
1456349881.0,4be768df,0.999
1456349881.0,cd5312ba,1.019
1456349881.0,,0.999
1456349881.0,b1cca41e,0.989
1456349881.0,597a414c,0.989
1456349881.0,9593b2f6,0.979
1456349881.0,602a9d95,0.999
1456349881.0,66da4817,0.999
1456349881.0,8f268946,0.969
1456349881.0,fa862834,0.979
1456349881.0,d824e03a,0.999
1456349881.0,,0.999
1456349881.0,cf8764e5,0.969
1456349881.0,53df0ec3,0.999
1456349881.0,b2f45931,0.999
1456349881.0,67c6aa2e,0.969
1456349881.0,53410888,0.979
1456349881.0,f2d1f1fa,0.969
1456349881.0,e904bee6,0.979
1456349881.0,5c0d42b0,0.989
1456349881.0,91c3f745,0.989
1456349881.0,25a151c2,0.999
1456349881.0,15200152,0.969
1456349881.0,534bd2b7,0.989
1456349881.0,a0f09d1a,0.999
1456349881.0,3a3fcab7,0.969
1456349881.0,29552de4,0.989
1456349881.0,82c7766b,0.979
1456349881.0,ea80ce64,0.969
1456349881.0,7e5a6d3f,0.969
1456349881.0,a7c266a1,0.969
1456349881.0,1b364f19,0.989
1456349881.0,ec85f8b2,0.979
1456349881.0,911d629d,0.969
1456349881.0,3da081b6,0.989
1456349881.0,5dbdb1ad,0.969
1456349881.0,3dfd3678,0.989
1456349881.0,f54d187e,0.989
1456349881.0,ff8a65f2,0.969
1456349881.0,ecd45a38,0.989
1456349881.0,c443c505,0.999
1456349881.0,05ab806f,0.979
1456349881.0,e4f7133f,0.979
1456349881.0,82d0b907,0.989
1456349881.0,4f434ea1,0.999
1456349881.0,dc3f469b,0.979
1456349881.0,1bdb889f,0.979
1456349881.0,9ffeb5ed,0.989
1456349881.0,11364835,0.979
1456349881.0,d165a6a0,0.979
1456349881.0,55446f74,0.969
1456349881.0,10e899a5,0.969
1456349881.0,1dd5e241,0.979
1456349881.0,4a6264de,0.999
1456349881.0,bf8c6324,0.989
1456349881.0,c6d44191,0.989
1456349881.0,3b746ea0,0.969
1456349881.0,a8086038,0.979
1456349881.0,202ac153,0.979
1456349881.0,e39a2c78,0.999
1456349881.0,258c7298,0.999
1456349881.0,f7b92fac,0.969
1456349881.0,9c16f557,0.969
1456349881.0,2d673aaf,0.999
1456349881.0,52aedb7d,0.979
1456349881.0,f19a2bc5,0.969
1456349881.0,62f01f83,0.999
1456349881.0,48666ddb,0.979
1456349881.0,ae578482,0.989
1456349881.0,61508d3c,0.969
1456349881.0,f65e3be6,0.989
1456349881.0,545c4117,0.969
1456349881.0,7250f4a7,0.979
1456349881.0,79470901,0.969
1456349881.0,1378b671,0.999
1456349881.0,bccce565,0.979
1456349881.0,5bf247b1,0.989
1456349881.0,fc451496,0.989
1456349881.0,d6fc46e5,0.989
1456349881.0,eaa7c105,0.969
1456349881.0,4141a0aa,0.979
1456349881.0,054077ee,0.979
1456349881.0,8c39bac2,0.969
1456349881.0,ed9d46be,0.969
1456349881.0,ed3acf54,0.999
1456349881.0,0da71099,0.969
1456349881.0,54c3da9c,0.969
1456349881.0,abf096af,0.979
1456349881.0,9733a9c0,0.979
1456349881.0,6933007f,0.999
1456349881.0,253ddd10,0.969
1456349881.0,13532509,0.999
1456349881.0,ed221b09,0.999
1456349881.0,a4087b5f,0.989
1456349881.0,44adf9c1,0.969
1456349881.0,72615718,0.969
1456349881.0,95fbf71d,0.979
1456349881.0,ed8f4b16,0.979
1456349881.0,f985130f,0.999
1456349881.0,8b2b7d79,0.989
1456349881.0,929af7b6,0.969
1456349881.0,70ab0b09,0.969
1456349881.0,fa4b4bff,0.979
1456349881.0,2f20611a,0.979
1456349881.0,78563886,0.969
1456349881.0,e9e1dabb,0.999
1456349881.0,5970db62,0.979
1456349881.0,2359a629,0.969
1456349881.0,8ee67957,0.979
1456349881.0,88b83d81,0.979
1456349881.0,0ecf4b78,0.999
1456349881.0,ed63a8a7,0.979
1456349881.0,cc42928d,0.999
1456349881.0,82e87a14,0.969
1456349881.0,c43d10a3,0.999
1456349881.0,5fc20a3d,0.989
1456349881.0,051dd907,1.019
1456349881.0,41d0e7f4,0.999
1456349881.0,9dfbd4dd,0.989
1456349881.0,c687a4a1,0.979
1456349881.0,2205a893,0.999
1456349881.0,9d5f359b,0.999
1456349881.0,693a0585,0.999
1456349881.0,bd0ac826,0.989
1456349881.0,f5b117ef,0.979
1456349881.0,475024c4,0.969
1456349881.0,a656288b,0.999
1456349881.0,1ca78cac,0.979
1456349881.0,c9f023c6,0.969
1456349881.0,18e554be,0.979
1456349881.0,658cce02,0.989
1456349881.0,7a781cc2,0.979
1456349881.0,d5118031,0.989
1456349881.0,840dc1e3,0.979
1456349881.0,44454521,0.969
1456349881.0,8b5242d3,0.979
1456349881.0,5dea9761,0.979
1456349881.0,9aa6fe97,0.969
1456349881.0,4ef36239,0.979
1456349881.0,32fc4e8c,0.979
1456349881.0,11f3128c,0.999
1456349881.0,dfd511ab,0.979
1456349881.0,dbc1bba3,0.979
1456349881.0,2d084788,0.969
1456349881.0,3b9765f2,0.969
1456349881.0,27b7f65f,0.969
1456349881.0,94642f21,0.989
1456349881.0,f79eb5f9,0.969
1456349881.0,9d3391d9,0.999
1456349881.0,0c83befd,0.999
1456349881.0,9ecc2084,0.979
1456349881.0,138b43bf,0.999
1456349881.0,e3667c9c,0.969
1456349881.0,1e16b905,0.989
1456349881.0,e4d30463,0.979
1456349881.0,a9ac5dea,0.999
1456349881.0,a7984b2a,0.969
1456349881.0,5001b72b,0.989
1456349881.0,3a2d39a0,0.999
1456349881.0,d342f583,0.999
1456349881.0,b9b3f0de,0.999
1456349881.0,acd894be,0.969
1456349881.0,cd422423,0.999
1456349881.0,18df3f49,0.989
1456349881.0,e4070c0e,0.969
1456349881.0,6c60b697,0.979
1456349881.0,85f12dca,0.969
1456349881.0,ffb71aa8,0.969
1456349881.0,a5d6f2dd,0.969
1456349881.0,1dc8cdb7,0.979
1456349881.0,9e283f94,0.999
1456349881.0,81d8b241,0.989
1456349881.0,eb783f5d,0.979
1456349881.0,3c2e16c2,0.999
1456349881.0,8f280c89,0.969
1456349881.0,91f0a0fd,0.979
1456349881.0,9d2005fa,0.999
1456349881.0,bbc65417,0.999
1456349881.0,615f2b40,0.999
1456349881.0,5ae3e1ca,0.989
1456349881.0,f4aa351e,0.999
1456349881.0,a664a217,0.989
1456349881.0,877e2550,1.159
1456349881.0,f0ec9164,1.109
1456349881.0,3eaf47de,0.999
1456349881.0,d14b5840,0.999
1456349881.0,aa65bfee,1.009
1456349881.0,023c4d8c,1.069
1456349881.0,,0.999
1456349881.0,ba7cab9b,0.999
1456349881.0,9f816ba2,0.999
1456349881.0,78eacf4a,0.999
1456349881.0,433a5787,0.999
1456349881.0,dd5107f2,0.999
1456349881.0,6de5506e,0.999
1456349881.0,2b57a135,1.029
1456349881.0,5ed50ecc,0.989
1456349881.0,a17c7f62,0.999
1456349881.0,129f9511,1.099
1456349881.0,e78a8608,0.999
1456349881.0,19ff993e,0.999
1456349881.0,63111fa6,0.999
1456349881.0,00496bce,0.999
1456349881.0,a1dd080e,0.999
1456349881.0,b4e0667f,0.999
1456349881.0,4579a85c,0.999
1456349881.0,a518cf5f,0.999
1456349881.0,a971d6fb,0.999
1456349881.0,af4316ed,0.989
1456349881.0,9ab966b7,0.999
1456349881.0,e1eebe52,0.999
1456349881.0,6860f6a1,0.989
1456349881.0,13e237c2,0.999
1456349881.0,ad29f10c,0.999
1456349881.0,fe4b1f4a,0.999
1456349881.0,b45fce81,0.999
1456349881.0,3a0a2d0d,0.999
1456349881.0,91211c7b,1.029
1456349881.0,8e38dad0,0.999
1456349881.0,91fe985a,0.999
1456349881.0,56006177,1.159
1456349881.0,65b05fee,1.169
1456349881.0,702a8264,0.999
1456349881.0,d00be129,0.999
1456349881.0,82c54482,0.999
1456350121.0,d81fbb3d,1.019
1456350121.0,c2bef439,0.959
1456350121.0,88693ceb,0.959
1456350121.0,a1de4c4f,1.049
1456350121.0,45bd4b76,1.049
1456350121.0,2d3bede8,1.089
1456350121.0,42d76a3c,1.059
1456350121.0,d95bf294,1.029
1456350121.0,f46401d5,0.919
1456350121.0,c0bda7a3,0.999
1456350121.0,81510092,1.159
1456350121.0,e99f823b,0.989
1456350121.0,eea64b3d,1.079
1456350121.0,5dd1bb39,1.034
1456350121.0,9e5c868a,1.169
1456350121.0,,1.049
1456350121.0,e0758377,1.059
1456350121.0,5cdcf2a5,0.959
1456350121.0,d0e41b74,1.099
1456350121.0,4395666c,1.169
1456350121.0,f77077c1,1.059
1456350121.0,74addb95,0.999
1456350121.0,033a9760,1.109
1456350121.0,7b0e8c8c,1.149
1456350121.0,68519520,1.069
1456350121.0,ab1af76d,1.079
1456350121.0,e539e257,1.049
1456350121.0,2feae8bd,0.999
1456350121.0,d8b1a758,0.989
1456350121.0,9be01fd7,1.059
1456350121.0,9558140d,1.059
1456350121.0,7eb639ab,0.949
1456350121.0,3501927a,1.159
1456350121.0,2cdfc56f,1.109
1456350121.0,391e14ca,1.059
1456350121.0,739c3107,1.129
1456350121.0,553c4dc5,1.029
1456350121.0,d5289a25,1.069
1456350121.0,3b9a2c70,1.049
1456350121.0,27c6fcd5,1.129
1456350361.0,b208a709,0.974
1456350361.0,3ee07cac,1.029
1456350361.0,97d56680,1.029
1456350361.0,d367f64c,1.059
1456350361.0,ea882fb1,0.969
1456350361.0,139724a5,0.999
1456350361.0,ec4683cf,1.149
1456350361.0,c662c11f,1.019
1456350361.0,df264ce2,1.049
1456350361.0,313e84fe,1.009
1456350361.0,f4387d6e,1.059
1456350361.0,5da4505e,1.059
1456350361.0,20dcb5cd,1.089
1456350361.0,3f9273de,1.159
1456350361.0,e579a4d2,1.059
1456350361.0,31a9b6e7,1.059
1456350361.0,5d8dcd1a,1.059
1456350361.0,74282045,1.009
1456350361.0,4c74fdcc,0.939
1456350361.0,b04f3f69,1.059
1456350361.0,89911292,0.939
1456350361.0,5dcd5582,1.059
1456350361.0,a03824da,1.059
1456350361.0,c7f22027,1.059
1456350361.0,3adfecf0,1.069
1456350361.0,b1eaa840,1.029
1456350361.0,037aefcb,1.079
1456350361.0,39ff66f8,1.059
1456350361.0,6ba68e3c,1.069
1456350361.0,65b05fee,1.149
1456350361.0,dd6f9c1c,1.179
1456350361.0,f22ce4a2,0.939
1456350601.0,ad1f45e5,1.119
1456350601.0,9a099132,0.949
1456350601.0,365236e8,1.039
1456350601.0,ea882fb1,1.059
1456350601.0,89d43501,1.109
1456350601.0,f3165b36,0.979
1456350601.0,6b50c140,0.959
1456350601.0,1c79df7a,1.029
1456350601.0,35d8c725,1.009
1456350601.0,053eb345,1.009
1456350601.0,8d270840,1.019
1456350601.0,457e579e,0.998
1456350601.0,776f095d,1.059
1456350601.0,422c3409,1.099
1456350601.0,ff263010,1.019
1456350601.0,468066ad,1.059
1456350601.0,0fc44087,1.079
1456350601.0,dcfdd6fc,1.049
1456350601.0,358bf5e4,1.109
1456350601.0,260e3a4c,1.049
1456350601.0,bd396f56,1.129
1456350601.0,89911292,0.999
1456350601.0,28eb51aa,1.059
1456350601.0,07ca952f,1.159
1456350601.0,9862f34c,1.109
1456350601.0,6334f8a6,1.159
1456350601.0,f22ce4a2,0.999
1456350601.0,8b5466e6,1.059
1456350841.0,a9bfa2fb,1.169
1456350841.0,aee6d168,1.009
1456350841.0,0f2f9c5f,1.059
1456350841.0,0bec4dba,0.949
1456350841.0,bfb3c76b,1.049
1456350841.0,59b6280c,0.979
1456350841.0,d86b6eaf,0.999
1456350841.0,63505806,1.129
1456350841.0,716935a5,1.159
1456350841.0,ed71cccb,0.989
1456350841.0,71885813,1.169
1456350841.0,26a6aed5,1.009
1456350841.0,6e2e5e05,1.119
1456350841.0,180b057d,1.129
1456350841.0,6e9a95db,0.999
1456350841.0,20fea5aa,1.169
1456350841.0,ea6d4e44,1.169
1456351081.0,,0.959
1456351081.0,2ce9c67c,0.998
1456351081.0,7459a6fe,1.049
1456351081.0,9e96bd97,1.079
1456351081.0,8730426e,1.089
1456351081.0,04fe94aa,0.999
1456351081.0,71dd6cb9,1.029
1456351081.0,b8dfe46d,1.089
1456351081.0,2db0e1c7,1.089
1456351081.0,bd4fc874,1.084
1456351081.0,98d8519a,1.089
1456351081.0,3855d1bc,0.999
1456351081.0,86f33ae2,0.989
1456351081.0,d3fff19d,1.029
1456351081.0,595a2321,1.089
1456351081.0,91272114,1.169
1456351081.0,e50f5b31,1.084
1456351081.0,186dc55a,1.079
1456351081.0,e6c4cb15,1.069
1456351081.0,5798eb33,1.079
1456351081.0,eca6ad54,1.069
1456351081.0,ffde8249,1.069
1456351081.0,eb058e2c,1.079
1456351081.0,2a3fa9e1,1.089
1456351081.0,cd7f824c,1.089
1456351081.0,44e801f0,1.074
1456351081.0,477c7bcf,1.069
1456351081.0,eaadc508,1.089
1456351081.0,6a0de89a,1.089
1456351081.0,6598cfb9,0.949
1456351081.0,a9bfa2fb,1.169
1456351081.0,0f4a41fc,1.049
1456351081.0,5355dd4f,1.089
1456351081.0,13266d18,1.079
1456351081.0,faddd104,1.049
1456351081.0,9dc599bb,0.929
1456351081.0,81651745,1.089
1456351081.0,3f58dc20,1.079
1456351081.0,c1db295a,0.989
1456351081.0,07d22eab,1.089
1456351081.0,c482433b,1.089
1456351081.0,8e20b783,0.989
1456351081.0,ea882fb1,1.029
1456351081.0,ae51cac4,0.989
1456351081.0,ef0ae2f2,1.079
1456351081.0,12aafa0c,1.074
1456351081.0,fbe6e575,1.089
1456351081.0,00d41319,1.069
1456351081.0,5c22ef82,1.079
1456351081.0,9a1a2584,1.069
1456351081.0,3df4abe9,1.089
1456351081.0,37c4f1e4,1.079
1456351081.0,7b47d35b,1.084
1456351081.0,39bde8e3,0.969
1456351081.0,8358c467,1.079
1456351081.0,41f7e395,1.029
1456351081.0,02b40ec3,1.079
1456351081.0,84d195a7,1.089
1456351081.0,4204f478,1.074
1456351081.0,9537b003,1.079
1456351081.0,7bdf8f15,1.089
1456351081.0,8f84a914,1.089
1456351081.0,f2ac2fd2,1.079
1456351081.0,9d888387,1.089
1456351081.0,68c7b059,1.084
1456351081.0,b191b282,0.949
1456351081.0,5ccd5966,1.089
1456351081.0,b948058a,1.069
1456351081.0,0696d69c,1.089
1456351081.0,7a66bf28,1.009
1456351081.0,9547004b,1.029
1456351081.0,6728212d,1.009
1456351081.0,d8c88922,1.089
1456351081.0,2ffbebf3,1.069
1456351081.0,9a88a460,1.079
1456351081.0,e307b347,1.084
1456351081.0,2efa9b7e,1.089
1456351081.0,71b758db,1.084
1456351081.0,707f276b,1.029
1456351081.0,d15d1648,1.089
1456351081.0,cadf2d6d,1.079
1456351081.0,24e3af46,1.089
1456351081.0,f813fdc9,1.069
1456351081.0,b54a85b1,0.989
1456351081.0,1a2274d4,1.089
1456351081.0,27f88bd4,1.084
1456351081.0,5a52067f,1.029
1456351081.0,44479fee,1.079
1456351081.0,33e40774,0.979
1456351081.0,ef0bc256,1.069
1456351081.0,6df00f1d,1.089
1456351081.0,766e7cd2,1.079
1456351081.0,216b96ab,1.039
1456351081.0,ad4d142d,1.079
1456351081.0,86466323,1.069
1456351081.0,0cebd045,1.089
1456351081.0,,1.069
1456351081.0,0d70fbb1,1.079
1456351081.0,31923c9d,1.079
1456351081.0,d5b8a8fd,1.069
1456351081.0,2d149d2f,1.049
1456351081.0,62e5651b,1.079
1456351081.0,360ecf54,1.079
1456351081.0,ff5d1617,1.079
1456351081.0,54ba3e2f,0.974
1456351081.0,0bec4dba,0.949
1456351081.0,f47b98eb,1.089
1456351081.0,36317a57,1.074
1456351081.0,4119ba76,0.949
1456351081.0,a7f53ccb,1.089
1456351081.0,f76f3d3a,0.989
1456351081.0,f426c965,1.089
1456351081.0,8c1c23fb,1.059
1456351081.0,292f3ea8,1.084
1456351081.0,9eabd7c9,0.989
1456351081.0,7ef423c0,1.089
1456351081.0,aabec53c,1.079
1456351081.0,977ac60e,1.029
1456351081.0,6b5b80c3,1.089
1456351081.0,391a56de,1.079
1456351081.0,,1.089
1456351081.0,3050301a,1.089
1456351081.0,0b2dae68,1.059
1456351081.0,4c2d3e35,1.029
1456351081.0,18dbb515,1.089
1456351081.0,c4805f18,0.989
1456351081.0,53758d2b,1.089
1456351081.0,7de5339f,1.089
1456351081.0,1629d59f,1.089
1456351081.0,91713a4d,1.029
1456351081.0,a470ddc2,1.089
1456351081.0,dc4b8ae9,0.959
1456351081.0,c7e28f54,1.079
1456351081.0,15bbe4b6,1.029
1456351081.0,450ed4aa,1.084
1456351081.0,35c4d397,1.089
1456351081.0,d64ff6b9,1.089
1456351081.0,8b0d5192,1.079
1456351081.0,8668e2e4,1.029
1456351081.0,bda6612d,1.059
1456351081.0,b2baa0fb,1.079
1456351081.0,adfdc7d5,1.019
1456351081.0,7ced45b7,1.089
1456351081.0,da91fae8,1.089
1456351081.0,c03f4ffa,1.079
1456351081.0,57a33e46,1.079
1456351081.0,5f65589e,1.089
1456351081.0,2cf05648,1.089
1456351081.0,202af8f9,1.089
1456351081.0,faf03f8f,1.089
1456351081.0,c30f5865,1.059
1456351081.0,b80c5908,1.019
1456351081.0,43b0f319,0.989
1456351081.0,864faff4,1.069
1456351081.0,5c3d3863,1.089
1456351081.0,ae8b60e9,1.089
1456351081.0,afc2b240,1.079
1456351081.0,c288a0c4,1.079
1456351081.0,fbcaa7f6,1.079
1456351081.0,9db8f5e1,0.989
1456351081.0,d15d75b3,1.079
1456351081.0,7f2d651e,1.079
1456351081.0,7adf8914,0.999
1456351081.0,26d674df,1.079
1456351081.0,465c84e0,1.049
1456351081.0,76ee34f4,1.079
1456351081.0,34df7d57,1.079
1456351081.0,4dc73eb8,1.089
1456351081.0,e71144f3,1.079
1456351081.0,9f01dc28,1.079
1456351081.0,3784c135,1.079
1456351081.0,98a7af6d,1.069
1456351081.0,19afbee8,0.989
1456351081.0,575ae8b7,1.089
1456351081.0,ccc808c9,1.089
1456351081.0,ae2f47a9,1.079
1456351081.0,7da93d4e,1.069
1456351081.0,f83e7349,0.999
1456351081.0,54aa9266,1.079
1456351081.0,7ab85794,1.019
1456351081.0,ae7d5dd1,1.079
1456351081.0,a7d43dc2,0.939
1456351081.0,11fd2741,1.074
1456351081.0,a50ae4a2,1.089
1456351081.0,4b75217a,1.089
1456351081.0,3f09175f,1.019
1456351081.0,0900dfb0,1.089
1456351081.0,b38002eb,1.159
1456351081.0,b9204fb6,1.019
1456351081.0,c57c6085,1.079
1456351081.0,36dc6ea5,1.069
1456351081.0,b934f66f,1.089
1456351081.0,e5e2bf67,0.989
1456351081.0,bc342274,1.089
1456351081.0,ff263010,1.019
1456351081.0,75244431,1.089
1456351081.0,b22e443b,1.089
1456351081.0,4b42bb0a,1.089
1456351081.0,58d274cb,1.084
1456351081.0,354f3556,1.089
1456351081.0,7934cb40,1.079
1456351081.0,86fe7e76,1.159
1456351081.0,c2123d31,1.079
1456351081.0,2e4b5644,1.079
1456351081.0,7c06a27e,1.089
1456351081.0,88cccf93,1.029
1456351081.0,94d55606,1.089
1456351081.0,,1.089
1456351081.0,63fe8dd4,1.079
1456351081.0,85a43300,1.079
1456351081.0,a0bca24c,0.989
1456351081.0,a8310af0,1.019
1456351081.0,edb096b5,1.089
1456351081.0,3b609665,0.999
1456351081.0,9beb1b98,1.079
1456351081.0,9f652a92,1.089
1456351081.0,29fe4cae,1.089
1456351081.0,59635b5d,1.089
1456351081.0,cc3a718f,1.089
1456351081.0,8923b20c,1.039
1456351081.0,a43f17c4,1.079
1456351081.0,d38f9f16,1.079
1456351081.0,4f7c5e0a,1.009
1456351081.0,6000fe5e,1.079
1456351081.0,d4602afc,1.079
1456351081.0,9598f3ac,1.079
1456351081.0,6384651f,1.089
1456351081.0,51cb8b8e,1.089
1456351081.0,c7804480,1.009
1456351081.0,0a6dec42,1.029
1456351081.0,b07fa89b,1.169
1456351081.0,ab2a652e,0.989
1456351081.0,7aa37f95,1.079
1456351081.0,5e575550,0.929
1456351081.0,eb8520ef,1.089
1456351081.0,6e2e5e05,1.159
1456351081.0,1fa4b26a,1.089
1456351081.0,b8461f7b,1.074
1456351081.0,8b47b275,1.089
1456351081.0,b6e44119,1.089
1456351081.0,fb94863a,1.089
1456351081.0,ef29f3a1,1.069
1456351081.0,f55f0649,1.079
1456351081.0,48713f51,1.079
1456351081.0,6fac4b39,1.029
1456351081.0,1bfa13b3,1.079
1456351081.0,2f349c74,1.079
1456351081.0,1a70fd7f,1.089
1456351081.0,e7b6ab01,1.089
1456351081.0,86712e60,1.079
1456351081.0,66c0ab43,1.089
1456351081.0,0dbe7cbf,1.079
1456351081.0,,1.079
1456351081.0,ab6f459b,1.089
1456351081.0,4c59d12d,0.989
1456351081.0,c4088196,1.089
1456351081.0,ec487980,1.089
1456351081.0,888c0d95,1.089
1456351081.0,bb34de9c,0.989
1456351081.0,d0f6968c,1.079
1456351081.0,f8646d30,0.989
1456351081.0,3124489d,1.079
1456351081.0,456d2310,0.989
1456351081.0,84558d7a,1.089
1456351081.0,,1.079
1456351081.0,67809b86,1.079
1456351081.0,e2cc6025,1.089
1456351081.0,85a8d903,1.059
1456351081.0,e9fcf416,1.159
1456351081.0,0e948ec0,1.019
1456351081.0,84fcbe9f,1.029
1456351081.0,b20731bb,1.089
1456351081.0,4401812d,1.089
1456351081.0,a0fab520,1.089
1456351081.0,db97e7b4,1.079
1456351081.0,c54c18c9,1.069
1456351081.0,ce7f3f9b,1.089
1456351081.0,0f0331a5,1.089
1456351081.0,35730766,1.079
1456351081.0,b2dce7a0,1.089
1456351081.0,c6cff611,1.079
1456351081.0,a93262c3,1.079
1456351081.0,f010f044,1.089
1456351081.0,30c4e2b1,1.089
1456351081.0,d3567757,1.079
1456351081.0,19e1cad6,1.089
1456351081.0,c8cff199,1.039
1456351081.0,f876e3e8,1.069
1456351081.0,a8595817,1.029
1456351081.0,7b90d598,1.069
1456351081.0,d45add49,1.089
1456351081.0,97c7cfca,1.079
1456351081.0,3c0f4b64,1.079
1456351081.0,a5312f3b,1.069
1456351081.0,57967011,0.999
1456351081.0,4622dd55,1.079
1456351081.0,ed61f658,1.079
1456351081.0,0a224fb3,1.074
1456351081.0,0748225f,1.089
1456351081.0,21ccc86d,1.079
1456351081.0,cd860c0f,1.079
1456351081.0,5e11ffcc,1.029
1456351081.0,c41ce805,1.029
1456351081.0,ea0a7462,1.069
1456351081.0,d1afa721,1.089
1456351081.0,c07076c6,1.079
1456351081.0,20fea5aa,1.169
1456351081.0,0d366466,1.079
1456351081.0,0570dbe0,0.989
1456351081.0,46cbebe3,1.009
1456351081.0,7818ad58,1.079
1456351081.0,7b417f71,1.069
1456351081.0,f51a2c3d,1.049
1456351081.0,a20bc7a4,1.089
1456351081.0,8c4f6021,1.089
1456351081.0,e2825c07,0.989
1456351081.0,9ab681ea,1.089
1456351081.0,7a0f0cd4,1.029
1456351081.0,94600741,1.089
1456351081.0,13596539,1.089
1456351081.0,68a6a16a,1.009
1456351081.0,b4c63b76,1.069
1456351081.0,3ba3cf9a,1.089
1456351081.0,fab43cd7,1.089
1456351081.0,7c0f98f5,1.084
1456351081.0,57970dd5,1.089
1456351081.0,d8a16c26,1.079
1456351081.0,1809b397,1.069
1456351081.0,46379d52,1.049
1456351081.0,2139100d,1.074
1456351081.0,dff9a053,1.009
1456351081.0,495cdb73,1.089
1456351081.0,1e17f92c,1.089
1456351081.0,d5f0bacd,1.079
1456351081.0,c03e39ca,1.089
1456351081.0,4e43cf44,1.079
1456351081.0,247b4cda,1.089
1456351081.0,d7552124,1.089
1456351081.0,5763ef3b,1.079
1456351081.0,d2672082,0.989
1456351081.0,3a65963d,1.079
1456351081.0,1fd6a30e,1.089
1456351081.0,71e79520,0.929
1456351081.0,bc1f7e5b,1.079
1456351081.0,85db4cd5,1.089
1456351081.0,fee1f686,1.089
1456351081.0,a8f9e25b,1.089
1456351081.0,773b1599,1.089
1456351081.0,26e1a0a7,1.029
1456351081.0,ded8bee6,1.159
1456351081.0,c2fe2847,1.069
1456351081.0,c6ad410f,1.089
1456351321.0,73142f8b,1.029
1456351321.0,f37971ec,0.989
1456351321.0,3cce768e,1.189
1456351321.0,39b9a4d8,1.069
1456351321.0,b064c9f5,1.159
1456351321.0,dd460aef,1.029
1456351321.0,669db224,0.989
1456351321.0,9e113fd4,1.029
1456351321.0,d600dfb6,1.029
1456351321.0,976e4795,1.049
1456351321.0,c6af1c49,1.029
1456351321.0,8ac847f6,1.029
1456351321.0,2261c811,1.049
1456351321.0,667e0f37,0.989
1456351321.0,4ad5a969,1.069
1456351321.0,337b7102,1.069
1456351321.0,a6785e64,1.049
1456351321.0,6769da06,1.189
1456351321.0,a447b2ea,1.189
1456351321.0,bcaf4920,1.189
1456351321.0,e0ca8158,1.129
1456351321.0,186db07d,1.189
1456351321.0,fa657190,1.029
1456351321.0,48c665d2,1.069
1456351321.0,00206126,1.029
1456351321.0,0b19d5fe,1.029
1456351321.0,72bd4b95,1.069
1456351321.0,1176658b,1.029
1456351321.0,e64f148b,1.119
1456351321.0,897fceb5,1.024
1456351321.0,32167d7b,1.169
1456351321.0,8cc8a7cc,1.159
1456351321.0,977ad3ab,1.049
1456351321.0,b089244a,1.029
1456351321.0,99a0f87e,1.049
1456351321.0,beeaf561,1.029
1456351321.0,bd52c7bf,1.159
1456351321.0,1d0dbcee,1.029
1456351321.0,000f12ff,1.069
1456351321.0,b1111566,1.049
1456351321.0,06c6d7b1,1.069
1456351321.0,d10d6c8d,1.069
1456351321.0,b7bc3e61,1.189
1456351321.0,190a2749,1.129
1456351321.0,8f084a2a,1.029
1456351321.0,7a80054c,1.029
1456351321.0,557d2fc5,1.029
1456351321.0,e57509bb,1.029
1456351321.0,eee1b640,1.069
1456351321.0,53db0fe7,1.169
1456351321.0,c22a155b,1.029
1456351321.0,8b02d213,1.089
1456351321.0,90c5a207,1.069
1456351321.0,73e5c32d,1.019
1456351321.0,44e9da67,1.069
1456351321.0,515a767d,1.069
1456351321.0,baa200b9,1.129
1456351321.0,485c7940,0.999
1456351321.0,9c38cf72,1.069
1456351321.0,2cd4a5d5,1.049
1456351321.0,a66ed93a,1.069
1456351321.0,a9ae74bd,1.069
1456351321.0,a634c773,1.029
1456351321.0,d5291b45,1.049
1456351321.0,1543d7ff,1.029
1456351321.0,b09088a6,1.069
1456351321.0,248d1f5e,1.029
1456351321.0,a27aa278,1.079
1456351321.0,d69a14de,1.189
1456351321.0,c01a1b5d,1.069
1456351321.0,1276acff,1.189
1456351321.0,0c39b458,1.069
1456351321.0,b4c34df5,1.069
1456351321.0,55a8333b,1.079
1456351321.0,a674223c,1.059
1456351321.0,,1.069
1456351321.0,2680f30f,1.079
1456351321.0,1beae976,1.079
1456351321.0,f27854f0,1.069
1456351321.0,626c6699,0.989
1456351321.0,fb686be7,1.029
1456351321.0,3fdc1762,1.069
1456351321.0,68efde5b,1.069
1456351321.0,e53f989c,1.049
1456351321.0,cf6cd137,1.189
1456351321.0,1831ac4f,1.069
1456351321.0,f0dcfc81,1.069
1456351321.0,bc467691,1.029
1456351321.0,4190ae32,1.029
1456351321.0,971ff457,1.079
1456351321.0,fb81e05e,1.029
1456351321.0,0618ae27,1.049
1456351321.0,3d3db611,1.069
1456351321.0,c83831d3,0.969
1456351321.0,f41e2fff,1.049
1456351321.0,14af1303,1.029
1456351321.0,71b8eaae,1.059
1456351321.0,b787856a,1.049
1456351321.0,c8c9912f,1.159
1456351321.0,c392588c,1.029
1456351321.0,10bf456f,1.029
1456351321.0,2195c038,1.189
1456351321.0,2e991b23,1.129
1456351321.0,59bf4a11,1.069
1456351321.0,a55049e5,1.049
1456351321.0,4418fdab,1.049
1456351321.0,42f2621b,1.049
1456351321.0,2f9dd7f6,1.029
1456351321.0,936763a8,1.029
1456351321.0,1ad0b27a,1.029
1456351321.0,e3776f3c,1.069
1456351321.0,5ca5b340,1.159
1456351321.0,5a40cb90,1.069
1456351321.0,c1526cfd,1.069
1456351321.0,ab89240b,1.049
1456351321.0,062cca99,1.119
1456351321.0,c4d4fdc6,1.019
1456351321.0,f0430871,1.159
1456351321.0,5e4600be,1.029
1456351321.0,f0359f5c,1.069
1456351321.0,f93f1cf6,1.029
1456351321.0,9dac8ce8,1.039
1456351321.0,69206b79,1.069
1456351321.0,58d71582,1.189
1456351321.0,aa57fbe1,1.029
1456351321.0,10337302,1.069
1456351321.0,2e1bed62,1.049
1456351321.0,2bb55c91,1.029
1456351321.0,7faaef53,1.169
1456351321.0,eda8c21c,1.059
1456351321.0,0d847386,1.029
1456351321.0,efd8315d,1.189
1456351321.0,0f7d325c,1.159
1456351321.0,73a454de,1.029
1456351321.0,da976c9d,1.029
1456351321.0,cca00c58,1.169
1456351321.0,653088f9,1.069
1456351321.0,d0f9f901,1.029
1456351321.0,9f61347e,1.029
1456351321.0,,1.029
1456351321.0,417a37d7,1.029
1456351321.0,b725d23b,1.029
1456351321.0,345d3b8a,1.029
1456351321.0,5110d453,1.079
1456351321.0,1de40de6,1.029
1456351321.0,688487a8,1.019
1456351321.0,b4222b9d,1.024
1456351321.0,92bebd84,1.069
1456351321.0,ef878178,1.169
1456351321.0,ae779650,1.029
1456351321.0,70571d8c,1.059
1456351321.0,f5c869d0,0.989
1456351321.0,29551811,1.159
1456351321.0,623e9424,1.029
1456351321.0,ef6ce8ef,1.069
1456351321.0,efdf01c1,1.159
1456351321.0,e1dc56d2,1.069
1456351321.0,7ba5966e,1.159
1456351321.0,4754c4ee,1.069
1456351321.0,6b1c47cf,1.069
1456351321.0,f86443f3,1.029
1456351321.0,f6d52050,1.169
1456351321.0,b3646450,0.949
1456351321.0,403c6797,1.009
1456351321.0,993479c7,1.079
1456351321.0,5c5f6fc1,1.029
1456351321.0,69e0cb90,1.069
1456351321.0,a3f64b8b,1.029
1456351321.0,466bb8f2,1.069
1456351321.0,6c7a5ec7,1.199
1456351321.0,0aececa4,1.029
1456351321.0,17c924e4,1.009
1456351321.0,2a57a759,1.189
1456351321.0,41a0ce00,1.069
1456351321.0,2890d1fb,1.079
1456351321.0,f601405f,1.149
1456351321.0,785d1098,1.069
1456351321.0,9609842a,1.069
1456351321.0,4cbdb1d8,1.069
1456351321.0,a332486b,1.189
1456351321.0,e2c6b885,1.029
1456351321.0,012d8a4c,1.049
1456351321.0,8d87181e,1.029
1456351321.0,cb619856,1.069
1456351321.0,4f2880a9,1.129
1456351321.0,0491309a,1.029
1456351321.0,dccd21cb,1.009
1456351321.0,87969b95,1.099
1456351321.0,c2301b5a,1.009
1456351321.0,4cd75c68,0.989
1456351321.0,4a2f0946,1.049
1456351321.0,193a59df,1.069
1456351321.0,8b670386,1.029
1456351321.0,130149c2,1.019
1456351321.0,b07918a9,1.019
1456351321.0,d393bcea,1.049
1456351321.0,965dce20,1.069
1456351321.0,ca13e033,0.989
1456351321.0,502b4b71,1.029
1456351321.0,bc7c0216,1.029
1456351321.0,7d9fd3be,1.069
1456351321.0,4c092b15,1.069
1456351321.0,cadc6575,1.029
1456351321.0,32399d22,1.049
1456351321.0,ad129baa,1.029
1456351321.0,060f0641,1.029
1456351321.0,899f46c2,1.069
1456351321.0,d6c38103,1.069
1456351321.0,0c6176b8,1.069
1456351321.0,61a8a961,1.029
1456351321.0,c2cb0818,1.019
1456351321.0,8c19e662,1.069
1456351321.0,7a760845,1.029
1456351321.0,dbee4a44,1.049
1456351321.0,1f310da9,1.029
1456351321.0,3fcbe3b5,1.029
1456351321.0,83cc51b1,1.029
1456351321.0,2203788b,1.029
1456351321.0,b76eb8d7,1.029
1456351321.0,af6137bf,1.069
1456351321.0,f4084cef,1.069
1456351321.0,c9f99a88,1.049
1456351321.0,94d5e6b7,1.049
1456351321.0,60531009,1.069
1456351321.0,910ecd45,1.049
1456351321.0,b41c70e9,1.029
1456351321.0,c33f8f41,1.029
1456351321.0,1e7768a8,1.149
1456351321.0,25a36592,1.069
1456351321.0,ae88cb1f,1.029
1456351321.0,05babe25,1.049
1456351321.0,8c28af86,1.139
1456351321.0,fca1ea0f,1.029
1456351321.0,5f092464,1.079
1456351321.0,2f6a5cea,1.129
1456351321.0,c7381288,1.079
1456351321.0,8c6f4b89,1.009
1456351321.0,f96eb228,1.029
1456351321.0,eca01ef8,1.049
1456351321.0,302e12a9,1.029
1456351321.0,78300ca0,1.029
1456351321.0,2e213ba2,1.069
1456351321.0,5e56181c,1.069
1456351321.0,0e55eb67,1.029
1456351321.0,b75272ba,0.989
1456351321.0,883007ed,1.029
1456351321.0,fdfab0b9,1.029
1456351321.0,ead88417,1.069
1456351321.0,2ec70998,1.109
1456351321.0,237d6474,1.169
1456351321.0,7f6effac,1.019
1456351321.0,86f0ca05,1.029
1456351321.0,05b48929,1.149
1456351321.0,daecd82c,1.059
1456351321.0,7a876cfb,0.999
1456351321.0,251d5667,1.069
1456351321.0,aecec7b2,1.029
1456351321.0,8700c374,1.049
1456351321.0,a20f676d,1.029
1456351321.0,d662b253,1.019
1456351321.0,7ec4fa7d,1.049
1456351321.0,e1fb8011,1.069
1456351321.0,9bd2d468,0.979
1456351321.0,5d026f62,0.989
1456351321.0,68e5bc6e,1.069
1456351321.0,469f3690,1.029
1456351321.0,703564df,0.979
1456351321.0,fa3c7cd8,0.989
1456351321.0,763d4744,0.989
1456351321.0,ca3364fa,0.979
1456351321.0,e65042ca,0.989
1456351321.0,cc3dc9ec,0.979
1456351321.0,e546cc05,0.979
1456351321.0,91170ebc,0.989
1456351321.0,c330a48b,0.979
1456351321.0,082564ba,0.999
1456351321.0,0ae0fa71,0.989
1456351321.0,26190b19,0.979
1456351321.0,197e1542,0.979
1456351321.0,2d204d17,1.009
1456351321.0,f1ad771b,0.979
1456351321.0,20c2b8e7,1.009
1456351321.0,d30449b6,0.979
1456351321.0,0b7c0786,0.979
1456351321.0,2ddad231,0.989
1456351321.0,050b15b6,0.989
1456351321.0,1dba321b,0.979
1456351321.0,ad2972b3,0.989
1456351321.0,be84ceff,0.989
1456351321.0,305d8693,0.979
1456351321.0,b4a263f0,0.989
1456351321.0,856fe499,0.979
1456351321.0,89a0ee54,0.989
1456351321.0,60f04d2f,0.989
1456351321.0,d9adfaac,0.979
1456351321.0,796e138b,0.989
1456351321.0,e85e990b,0.979
1456351321.0,25e13742,0.989
1456351321.0,4d655bc9,0.979
1456351321.0,6499badf,1.189
1456351321.0,a9e7d486,1.039
1456351321.0,0a60aaba,1.029
1456351321.0,0a4f03c9,1.029
1456351321.0,a53c10c6,1.029
1456351321.0,a484c61a,1.079
1456351321.0,4e998f6d,1.009
1456351321.0,c8df5f11,1.049
1456351321.0,8b77e169,0.979
1456351321.0,8983b1fe,1.009
1456351321.0,35b614c4,1.069
1456351321.0,4370ed3a,0.989
1456351321.0,57610ffb,1.079
1456351321.0,6ad60cac,1.019
1456351321.0,7616bc62,1.069
1456351321.0,2e518aaf,1.069
1456351321.0,ffdd96e7,1.029
1456351321.0,9d3b5cc6,1.129
1456351321.0,a7a6c781,1.049
1456351321.0,67185f46,1.069
1456351321.0,56277da5,1.009
1456351321.0,881e9700,1.189
1456351321.0,263e0b44,1.069
1456351321.0,990356d6,1.029
1456351321.0,e335e0bc,1.029
1456351321.0,ce405060,1.049
1456351321.0,ab1a9bda,1.029
1456351321.0,ce2492c0,1.159
1456351321.0,30007963,1.069
1456351321.0,25c8941f,1.069
1456351321.0,2e175fc6,1.059
1456351321.0,ed416c52,1.069
1456351321.0,0543d2e4,1.029
1456351321.0,d9f10362,1.029
1456351321.0,49ac9777,1.059
1456351321.0,1c7251ad,1.029
1456351321.0,491a07d2,1.029
1456351321.0,1ddd2ac0,1.099
1456351321.0,3f9db299,1.069
1456351321.0,87478a1e,1.029
1456351321.0,cc477c7c,1.019
1456351321.0,ae7c1497,1.159
1456351321.0,2a167286,1.189
1456351321.0,f6b36146,1.029
1456351321.0,60a05f95,1.079
1456351321.0,1c043412,1.059
1456351321.0,c38cb4a1,1.029
1456351321.0,53d66d41,1.029
1456351321.0,a2943eb8,1.029
1456351321.0,da0a00ad,1.109
1456351321.0,a7c128b6,1.029
1456351321.0,3b5de5d2,1.069
1456351321.0,0b708f81,1.079
1456351321.0,02c0b252,1.119
1456351321.0,d9077691,1.019
1456351321.0,14ab7113,1.029
1456351321.0,a486294c,1.059
1456351321.0,e55033ae,1.129
1456351321.0,1b7b3aab,1.029
1456351321.0,486e56d0,1.099
1456351321.0,48d21f5a,1.049
1456351321.0,2bcfc668,1.029
1456351321.0,be70fae4,1.049
1456351321.0,5b37a40b,1.049
1456351321.0,8576f4a6,1.129
1456351321.0,79f60a97,1.069
1456351321.0,6f5a8ce9,1.029
1456351321.0,eb751c39,1.029
1456351321.0,129ccfd3,1.029
1456351321.0,066bd102,1.189
1456351321.0,,1.009
1456351321.0,d82d3ed0,1.019
1456351321.0,642a4242,1.029
1456351321.0,0d5cad1c,1.069
1456351321.0,861a2709,1.079
1456351321.0,443ddb72,1.029
1456351321.0,18ac93f2,1.069
1456351321.0,c9931bda,1.029
1456351321.0,6bf563af,1.189
1456351321.0,40d8f838,0.999
1456351321.0,788b07d6,0.989
1456351321.0,972f9ee7,1.029
1456351321.0,6719ddbc,1.069
1456351321.0,b1eee7a8,1.069
1456351321.0,ba6f9de2,1.079
1456351321.0,f91caef6,1.119
1456351321.0,04524480,1.019
1456351321.0,dad373d3,1.029
1456351321.0,f0af9cc2,1.029
1456351321.0,636fe15d,1.029
1456351321.0,471c7127,1.019
1456351321.0,346ffe81,1.029
1456351321.0,4263f1be,1.079
1456351321.0,14342e98,1.169
1456351321.0,b4fd97c1,1.069
1456351321.0,f77487da,1.019
1456351321.0,9c269747,1.119
1456351321.0,3ca42fdd,1.029
1456351321.0,890c4fe1,1.079
1456351321.0,316fd7de,0.989
1456351321.0,452d82ab,1.029
1456351321.0,651f23fd,1.039
1456351321.0,8d2a1873,1.069
1456351321.0,3da2bd95,1.079
1456351321.0,020c53c2,1.069
1456351321.0,59214d4e,1.029
1456351321.0,abe05883,1.069
1456351321.0,2dff1380,1.039
1456351321.0,60ae4328,1.029
1456351321.0,291c62c4,1.079
1456351321.0,d338e293,1.189
1456351321.0,72c22a1e,1.189
1456351321.0,d01e5e31,1.049
1456351321.0,710d9693,1.049
1456351321.0,ef5fb7f7,1.039
1456351321.0,4e1da1a2,1.069
1456351321.0,9e5a10db,1.029
1456351321.0,c17eb923,1.009
1456351321.0,5e6ec38a,1.019
1456351321.0,fa99c07b,1.019
1456351321.0,1fea6f98,1.029
1456351321.0,f7664845,1.029
1456351321.0,8e300fb3,1.159
1456351321.0,3c90b73b,1.009
1456351321.0,4331b36c,1.189
1456351321.0,8a128851,1.029
1456351321.0,e837786a,1.029
1456351321.0,b38a715c,1.029
1456351321.0,7bbd97a0,1.069
1456351321.0,dae657d5,1.119
1456351321.0,e1aebaad,0.979
1456351321.0,15b53516,0.989
1456351321.0,994a98f2,1.029
1456351321.0,179380b8,1.089
1456351321.0,d97d5b77,1.059
1456351321.0,3ff7f5f2,1.189
1456351321.0,8051f241,1.029
1456351321.0,ce2cb57e,1.189
1456351321.0,5cdcf9c3,1.029
1456351321.0,ec81af8f,1.189
1456351321.0,917af1e0,1.069
1456351321.0,0d686aad,1.069
1456351321.0,538559e0,1.069
1456351321.0,90789f94,1.069
1456351321.0,70a9e6a8,1.069
1456351321.0,c2a87587,1.169
1456351321.0,3b2ce948,1.069
1456351321.0,f7f58a1b,1.159
1456351321.0,119b03dd,1.189
1456351321.0,50bbc649,1.049
1456351321.0,c0ccdcc4,1.019
1456351321.0,e9c48a65,1.169
1456351321.0,9c45c396,1.189
1456351321.0,a2312d54,1.189
1456351321.0,8e940b00,1.029
1456351321.0,7b0ff594,1.019
1456351321.0,01b60b00,1.189
1456351321.0,b32694b6,1.029
1456351321.0,2868b34b,1.069
1456351321.0,b63aab01,1.079
1456351321.0,ccb88791,1.029
1456351321.0,e0ff758f,1.029
1456351321.0,21358755,1.189
1456351321.0,24afea5b,1.019
1456351321.0,9c708662,1.029
1456351321.0,c408f13e,1.029
1456351321.0,537fac20,1.029
1456351321.0,dd487ced,1.029
1456351321.0,bc75cb58,1.029
1456351321.0,f8cd8b31,1.029
1456351321.0,e83bba02,1.029
1456351321.0,a59acdf3,1.049
1456351321.0,6bc9c96a,1.069
1456351321.0,3b9afeb7,1.029
1456351321.0,6b72bc31,1.129
1456351321.0,a472716e,1.189
1456351321.0,dc7b3d6f,1.069
1456351321.0,a5e1310f,1.029
1456351321.0,d54426c4,1.029
1456351321.0,040531cf,1.069
1456351321.0,8fa55c72,1.079
1456351321.0,cdf21700,1.029
1456351321.0,79ddc5ca,1.069
1456351321.0,3b92c6ae,0.979
1456351321.0,1e3f04ab,1.029
1456351321.0,0cd37e1e,1.189
1456351321.0,c33a7e9f,1.079
1456351321.0,37a893dc,1.029
1456351321.0,57d05ba7,1.049
1456351321.0,ce5281ae,1.129
1456351321.0,4a8e26ae,1.029
1456351321.0,5fd232c2,1.069
1456351321.0,29a14f86,1.029
1456351321.0,6f5e3368,1.029
1456351321.0,965ccdb6,1.069
1456351321.0,996d9a2e,1.069
1456351321.0,8bdbf457,1.159
1456351321.0,8b5cc87c,1.069
1456351321.0,52e70aca,1.069
1456351321.0,4389dbbf,1.189
1456351321.0,76379735,1.049
1456351321.0,6f03c04e,1.069
1456351321.0,141f10f0,1.029
1456351321.0,315bcb3c,1.069
1456351321.0,d556f79b,0.949
1456351321.0,010becdc,1.029
1456351321.0,1cd14b72,1.039
1456351321.0,82cff99e,1.069
1456351321.0,c08d3d8e,1.069
1456351321.0,052c8059,1.069
1456351321.0,1de33a76,1.029
1456351321.0,1144e996,1.029
1456351321.0,b70f82b5,1.069
1456351321.0,04d2538c,1.079
1456351321.0,e3669521,1.189
1456351321.0,ff263010,1.019
1456351321.0,e3a6c1d2,1.029
1456351321.0,0a6562b8,1.029
1456351321.0,c79adad0,1.029
1456351321.0,7d4e7386,1.069
1456351321.0,cf213ad2,1.029
1456351321.0,8fcd9062,1.119
1456351321.0,27825143,1.039
1456351321.0,7fdd64dc,0.989
1456351321.0,8bda8d2f,1.069
1456351321.0,2bd2ffb1,1.019
1456351321.0,bc47d203,1.019
1456351321.0,b17608a3,1.029
1456351321.0,afc58f9d,1.029
1456351321.0,a6cef350,1.029
1456351321.0,d305e9d3,1.049
1456351321.0,aacd7080,1.009
1456351321.0,c97403d4,1.079
1456351321.0,293f7598,1.029
1456351321.0,86672300,1.029
1456351321.0,3b1d17e6,1.029
1456351321.0,a8582781,1.059
1456351321.0,ae6758fc,1.024
1456351321.0,068f53ad,1.019
1456351321.0,7f03066f,1.109
1456351321.0,dab2adef,1.169
1456351321.0,4c83adf3,1.109
1456351321.0,80ba6950,1.019
1456351321.0,7a03b89d,1.049
1456351321.0,179ba00b,1.049
1456351321.0,8e27fa83,1.069
1456351321.0,ae5d2bb7,1.129
1456351321.0,cf422a5e,1.069
1456351321.0,231c19cd,1.129
1456351321.0,b6a10cdf,1.119
1456351321.0,,1.019
1456351321.0,caa3866b,1.029
1456351321.0,b6990863,1.029
1456351321.0,fcb53c89,0.999
1456351321.0,fe69cf27,1.029
1456351321.0,53bde5da,1.109
1456351321.0,70cfddc2,1.199
1456351321.0,5d660e99,1.044
1456351321.0,5aa49c2a,1.009
1456351321.0,764a9f1e,1.029
1456351321.0,322c083e,0.969
1456351321.0,b12d4dc7,1.029
1456351321.0,d39d4848,1.029
1456351321.0,ecf85bf9,1.189
1456351321.0,997cbfdf,1.029
1456351321.0,2e3a283a,1.029
1456351321.0,6ebc646b,1.049
1456351321.0,746391a1,1.049
1456351321.0,abf7041a,1.139
1456351321.0,8e8fcbca,1.029
1456351321.0,942087ca,1.049
1456351321.0,7d63776b,1.029
1456351321.0,48ae79a5,1.069
1456351321.0,d525156e,1.069
1456351321.0,84c3c7a8,1.029
1456351321.0,ba73e19b,1.049
1456351321.0,484b4bdb,1.039
1456351321.0,bd4d552d,1.139
1456351321.0,c12b33f3,1.069
1456351321.0,4103c1eb,1.029
1456351321.0,5d25b0e7,1.189
1456351321.0,41af5e4b,1.049
1456351321.0,7232ac4c,1.189
1456351321.0,1b97a3ad,1.119
1456351321.0,37350fbc,1.189
1456351321.0,af131774,1.049
1456351321.0,8d710f46,1.049
1456351321.0,a0e239a8,1.029
1456351321.0,dec55aa1,1.069
1456351321.0,dce58b64,1.029
1456351321.0,5abc5719,1.029
1456351321.0,,1.059
1456351321.0,d606d463,1.029
1456351321.0,02540c78,1.029
1456351321.0,e8770e69,1.029
1456351321.0,f1832ad0,1.069
1456351321.0,4a78586a,1.029
1456351321.0,506b3cd1,1.029
1456351321.0,,0.999
1456351321.0,4020de03,1.029
1456351321.0,ecc75f2c,1.019
1456351321.0,2d973990,1.019
1456351321.0,9c4972e3,1.069
1456351321.0,0af09136,1.069
1456351321.0,df3a81a4,1.029
1456351321.0,26be2277,1.069
1456351321.0,e9e52898,1.049
1456351321.0,99d4f63c,1.069
1456351321.0,433a3c58,1.134
1456351321.0,6f047352,1.029
1456351321.0,6f9a376c,1.049
1456351321.0,e2c6e599,1.049
1456351321.0,db7cca98,1.069
1456351321.0,53b7ad2a,1.029
1456351321.0,,1.059
1456351321.0,a6d6ba59,1.029
1456351321.0,79a7959f,1.079
1456351321.0,5ccad12a,1.049
1456351321.0,a88bbc75,1.069
1456351321.0,e0fed588,1.099
1456351321.0,1685cf9c,1.029
1456351321.0,174ab84b,1.159
1456351321.0,ae45fd8e,1.019
1456351321.0,c7028794,1.039
1456351321.0,3501927a,0.969
1456351321.0,a6d4d300,1.029
1456351321.0,3fdc528a,1.029
1456351321.0,5fa73da0,1.069
1456351321.0,deaa8f7b,1.029
1456351321.0,ed554144,1.049
1456351321.0,efb71c12,1.099
1456351321.0,fff23df4,1.029
1456351321.0,99017784,1.029
1456351321.0,19b1edfc,1.029
1456351321.0,c290efa7,1.189
1456351321.0,4b14d7f0,1.029
1456351321.0,5fb402ee,1.029
1456351321.0,38a3a737,0.999
1456351321.0,7f89f971,1.029
1456351321.0,efda2508,1.029
1456351321.0,7f49ff21,1.069
1456351321.0,44d0cc01,1.049
1456351321.0,1dd35703,1.069
1456351321.0,1cc005a8,1.009
1456351321.0,a0bc57ce,1.149
1456351321.0,96c2dcec,1.069
1456351321.0,2f3a2b7b,1.029
1456351321.0,8c299260,1.039
1456351321.0,f747cfc3,1.069
1456351321.0,0baaf637,1.189
1456351321.0,0ee68fe4,1.039
1456351321.0,52303ab3,1.029
1456351321.0,bedf720e,1.029
1456351321.0,b9bbf9ee,1.069
1456351321.0,8df7b7e0,1.019
1456351321.0,dd192f15,1.169
1456351321.0,6933e7da,0.999
1456351321.0,cfaa81ec,1.164
1456351321.0,5f6019e0,1.069
1456351321.0,60625072,1.159
1456351321.0,f61ba063,1.029
1456351321.0,fe172e09,1.029
1456351321.0,e2c0e5e5,1.069
1456351321.0,cd749265,1.049
1456351321.0,3f241a2c,1.029
1456351321.0,16259776,1.189
1456351321.0,82e36ee5,1.029
1456351321.0,adf9dd3f,1.069
1456351321.0,1929bb2b,1.029
1456351321.0,5921c872,1.009
1456351321.0,10ae4031,1.189
1456351321.0,,1.019
1456351321.0,b1342e4a,1.029
1456351321.0,f494f0b9,1.189
1456351321.0,5b7c410e,1.029
1456351321.0,385fa695,1.024
1456351321.0,f7f13c47,1.029
1456351321.0,7d0e5e60,1.069
1456351321.0,4f8a6ea2,1.079
1456351321.0,30cf0bb4,1.029
1456351321.0,95564cf1,1.109
1456351321.0,7a165ba7,1.069
1456351321.0,8098495e,1.189
1456351321.0,15383da3,1.029
1456351321.0,793351ef,1.069
1456351321.0,d97307ab,1.089
1456351321.0,078685c9,1.029
1456351321.0,5bba111d,1.029
1456351321.0,5aa9311f,1.029
1456351321.0,6c663a7b,1.129
1456351321.0,c4124a50,1.029
1456351321.0,3506918b,1.029
1456351321.0,8f6ac169,1.069
1456351321.0,0022ec87,1.069
1456351321.0,,1.029
1456351321.0,ece9cf3e,1.029
1456351321.0,0bffb72e,1.069
1456351321.0,e3330ca1,1.069
1456351321.0,95577aab,1.029
1456351321.0,4d8ede53,1.049
1456351321.0,bf1ede3b,1.069
1456351321.0,e8780170,1.029
1456351321.0,f7989ae3,1.069
1456351321.0,a06379c3,1.029
1456351321.0,fab2186a,1.159
1456351321.0,6b43b20f,1.049
1456351321.0,b6d22753,1.089
1456351321.0,42aa3fce,1.189
1456351321.0,c9850105,0.979
1456351321.0,14295632,0.989
1456351321.0,12b36b1c,1.009
1456351321.0,db3cd271,0.989
1456351321.0,0aedf476,0.989
1456351321.0,4b2b710a,1.009
1456351321.0,e5232a6c,1.069
1456351321.0,8e1179a4,1.029
1456351321.0,edde0c0f,1.189
1456351321.0,ca71f476,1.189
1456351321.0,59ae9cca,1.069
1456351321.0,,1.029
1456351321.0,d9686f25,0.999
1456351321.0,4ae6afd6,1.049
1456351321.0,be946965,1.019
1456351321.0,9264eade,1.169
1456351321.0,54e207d2,1.029
1456351321.0,26a56374,0.979
1456351321.0,017f1d73,1.189
1456351321.0,8447198d,1.069
1456351321.0,44222522,1.029
1456351321.0,b869515f,1.079
1456351321.0,194f69ab,1.049
1456351321.0,0a0baf66,1.069
1456351321.0,f2363645,1.029
1456351321.0,002160c4,1.049
1456351321.0,69c73a78,1.129
1456351321.0,0c2f7153,1.019
1456351321.0,7ead535b,0.989
1456351321.0,9628820d,1.029
1456351321.0,5f724cd6,1.029
1456351321.0,6024deec,1.069
1456351321.0,857545c7,1.029
1456351321.0,a5d5884d,0.949
1456351321.0,75a2e00a,1.069
1456351321.0,7c0d469a,1.029
1456351321.0,a70de662,1.099
1456351321.0,5f27c859,1.069
1456351321.0,c269e5db,1.199
1456351321.0,24398b7a,1.029
1456351321.0,aea7ec1f,1.049
1456351321.0,95401194,1.029
1456351321.0,aeb92729,1.039
1456351321.0,d180cfeb,1.069
1456351321.0,bcc28a0d,1.019
1456351321.0,d32835d5,1.029
1456351321.0,4612acab,0.999
1456351321.0,c6d02f74,1.029
1456351321.0,92a7ca0c,1.149
1456351321.0,64ce1a2a,1.069
1456351321.0,58c92ed6,1.029
1456351321.0,fdca8735,1.069
1456351321.0,0f7beaca,1.029
1456351321.0,93fdd118,1.029
1456351321.0,930998e2,1.029
1456351321.0,6c1e7a7a,1.079
1456351321.0,705d6b16,1.029
1456351321.0,50e125b9,1.069
1456351321.0,43396ca7,1.049
1456351321.0,dddc0e70,1.049
1456351321.0,d5c78a9b,1.139
1456351321.0,0d6640ae,1.069
1456351321.0,a1aa5fd5,1.049
1456351321.0,9f02c9d0,1.029
1456351321.0,71992fbe,1.069
1456351321.0,cf017ad5,1.069
1456351321.0,30f8c62f,1.069
1456351321.0,01739f46,1.079
1456351321.0,7f870dfd,1.029
1456351321.0,dea2eca4,1.029
1456351321.0,9398e203,1.029
1456351321.0,,1.029
1456351321.0,decd254e,1.069
1456351321.0,053f1320,1.159
1456351321.0,a66e3813,1.029
1456351321.0,85e30d0e,1.069
1456351321.0,053b7fd8,1.029
1456351321.0,36d7c026,1.069
1456351321.0,f4df3f30,1.019
1456351321.0,4900212f,1.029
1456351321.0,6c9830ee,1.029
1456351321.0,d4f7e2c6,1.029
1456351321.0,6f65a418,1.189
1456351321.0,ec29d73c,1.069
1456351321.0,0955d064,1.029
1456351321.0,5f8076ef,1.119
1456351321.0,29eed38e,1.069
1456351321.0,7797b09b,1.069
1456351321.0,6c3352c9,1.069
1456351321.0,d4817c1a,1.049
1456351321.0,75c71a8b,1.029
1456351321.0,530fa955,1.159
1456351321.0,da1fbd53,1.069
1456351321.0,e551966a,1.029
1456351321.0,b07ee4ba,1.029
1456351321.0,f42ca072,1.029
1456351321.0,9b4458a3,1.039
1456351321.0,afb0335d,1.069
1456351321.0,48f835a8,1.019
1456351321.0,c846f887,1.029
1456351321.0,2178a97e,1.159
1456351321.0,c6f99584,1.029
1456351321.0,107a6769,1.089
1456351321.0,3a3def5d,1.049
1456351321.0,038eae7e,1.049
1456351321.0,effeb23b,1.029
1456351321.0,4465e992,1.049
1456351321.0,2af3ad73,1.029
1456351321.0,f600b327,1.029
1456351321.0,219ba39d,0.969
1456351321.0,592095a9,1.079
1456351321.0,ce90c05e,1.029
1456351321.0,9cb41098,1.029
1456351321.0,750bee8a,1.049
1456351321.0,a937e574,1.029
1456351321.0,c698b4f6,1.149
1456351321.0,eae702bd,1.029
1456351321.0,65b05fee,0.959
1456351321.0,a07d5f54,1.029
1456351321.0,f0c6ab59,1.029
1456351321.0,99144e06,1.079
1456351321.0,19fb2ffb,1.079
1456351321.0,b5741ecf,1.029
1456351321.0,19c8f617,1.069
1456351321.0,607d89d2,1.189
1456351321.0,c37638ee,1.069
1456351321.0,188a79d3,1.029
1456351321.0,4d5330ca,1.029
1456351321.0,c39e2d3d,0.999
1456351321.0,6d03a4f8,1.029
1456351321.0,5e6de772,1.069
1456351321.0,0a501873,1.069
1456351321.0,6bc9b007,1.029
1456351321.0,4d2b962d,1.029
1456351321.0,e9f34b51,1.069
1456351321.0,5bb89bd2,1.049
1456351321.0,6db0e332,1.159
1456351321.0,e95d3d87,1.069
1456351321.0,e0e8a55b,1.159
1456351321.0,6a6b6015,1.029
1456351321.0,142082b9,1.079
1456351321.0,30466612,1.189
1456351321.0,04ea2134,1.069
1456351321.0,46d6bf0a,1.069
1456351321.0,248918d0,1.029
1456351321.0,6e050889,1.149
1456351321.0,5dd52cfc,1.189
1456351321.0,4bb18de7,1.029
1456351321.0,2e89adbb,1.029
1456351321.0,6dbdc4a2,1.079
1456351321.0,2f5be2f4,1.029
1456351321.0,a1d1ae1e,1.069
1456351321.0,53c036d3,1.029
1456351321.0,799875f1,1.189
1456351321.0,014078e4,1.189
1456351321.0,f061e4b5,1.059
1456351321.0,61074f89,1.049
1456351321.0,893b4e64,1.029
1456351321.0,7ecce629,1.069
1456351321.0,5b1fabef,1.119
1456351321.0,dae6ec80,1.079
1456351321.0,a7b5f5e9,1.069
1456351321.0,ed57f511,0.999
1456351321.0,e8205f94,1.029
1456351321.0,db096089,1.189
1456351321.0,64735bee,1.069
1456351321.0,5a76daff,1.029
1456351321.0,5d11fd07,1.189
1456351321.0,c6685825,1.029
1456351321.0,c9d5e94d,1.029
1456351321.0,c07a946a,1.119
1456351321.0,df59b3f7,1.069
1456351321.0,24e4f125,1.189
1456351321.0,,1.129
1456351321.0,4b3bf40e,1.069
1456351321.0,7f42a07f,1.169
1456351321.0,,1.019
1456351321.0,2052e025,1.069
1456351561.0,5f00ab6a,1.019
1456351561.0,e07c0604,0.999
1456351561.0,f72fa144,0.999
1456351561.0,982b4a02,0.999
1456351561.0,af6ce086,0.999
1456351561.0,312353ed,0.999
1456351561.0,3f9ee0ff,0.999
1456351561.0,f64d5154,0.999
1456351561.0,d355e704,0.999
1456351561.0,2073a897,0.999
1456351561.0,52ff86b2,0.999
1456351561.0,ee22ef31,0.999
1456351561.0,43be7e31,0.999
1456351561.0,0efd5423,0.999
1456351561.0,4dc57f20,0.999
1456351561.0,e8173dad,0.999
1456351561.0,6853fb18,0.999
1456351561.0,55adeb92,0.999
1456351561.0,c476cc49,0.999
1456351561.0,65d316f1,0.999
1456351561.0,ec0fb945,0.999
1456351561.0,dfa3f4f3,0.999
1456351561.0,da976067,0.999
1456351561.0,cea20e68,0.999
1456351561.0,76dccd6f,0.999
1456351561.0,00605faf,0.999
1456351561.0,e99e5f77,0.999
1456351561.0,a5ca89e4,0.999
1456351561.0,b3aa51d6,0.999
1456351561.0,e1320330,0.999
1456351561.0,1e0a9b4e,0.999
1456351561.0,f18a39be,0.999
1456351561.0,dfe43ff9,0.999
1456351561.0,7ae877b2,0.999
1456351561.0,30797552,0.999
1456351561.0,d66e3405,1.019
1456351561.0,a6cf9c73,0.999
1456351561.0,b26d8334,0.999
1456351561.0,78d86c64,0.999
1456351561.0,86700cdc,0.999
1456351561.0,d53e3a60,0.999
1456351561.0,190c77e7,0.999
1456351561.0,dd270564,0.999
1456351561.0,ac852c45,0.999
1456351561.0,e624a815,0.999
1456351561.0,b86da903,0.999
1456351561.0,f9a28385,0.999
1456351561.0,9e687000,0.999
1456351561.0,a49ea2ee,0.999
1456351561.0,fb0b1dcf,0.999
1456351561.0,08903b8c,0.999
1456351561.0,bcbe32bc,0.999
1456351561.0,2a7d911f,0.999
1456351561.0,4818c908,0.999
1456351561.0,b6867cd0,0.999
1456351561.0,82148954,0.999
1456351561.0,820d9924,0.999
1456351561.0,4c36fcd5,0.999
1456351561.0,9fa10842,0.999
1456351561.0,1e3d64de,0.999
1456351561.0,05b184bf,0.999
1456351561.0,203367ea,0.999
1456351561.0,cfd74c18,0.999
1456351561.0,2a554c81,0.999
1456351561.0,e9776f5d,0.999
1456351561.0,57012344,0.999
1456351561.0,a6e1038f,0.999
1456351561.0,9837b0a0,0.999
1456351561.0,107383fd,0.999
1456351561.0,8626815a,0.999
1456351561.0,69a62773,0.999
1456351561.0,4e6ab199,0.999
1456351561.0,e6289f57,0.999
1456351561.0,d0a0e33f,0.999
1456351561.0,d015fcf3,0.999
1456351561.0,0cc21315,0.999
1456351561.0,31a01e0e,0.999
1456351561.0,d64909aa,0.999
1456351561.0,a3a3361e,0.999
1456351561.0,cdf67cac,0.999
1456351561.0,735f3dba,0.999
1456351561.0,e2851b26,0.999
1456351561.0,716f400f,0.999
1456351561.0,19838731,0.999
1456351561.0,2ec1e1ad,0.999
1456351561.0,440eff71,0.999
1456351561.0,90bfadfa,0.999
1456351561.0,3a826c9e,0.999
1456351561.0,6d6576d8,1.019
1456351561.0,d68ef316,1.019
1456351561.0,d109e19e,1.019
1456351561.0,e8f015ea,0.999
1456351561.0,d3bbcf3a,0.999
1456351561.0,3e50dc0d,0.999
1456351561.0,82e05795,0.999
1456351561.0,ee0b813f,0.999
1456351561.0,7f7f6b17,0.999
1456351561.0,3c8508a5,0.999
1456351561.0,e6b8819f,0.999
1456351561.0,9dd86999,0.999
1456351561.0,3272290a,0.999
1456351561.0,ef4f86ab,0.999
1456351561.0,38ac63b8,0.999
1456351561.0,0bb2e1c5,0.999
1456351561.0,d98cee9c,0.999
1456351561.0,9a59f347,0.999
1456351561.0,3b40de08,0.999
1456351561.0,f4e60d5a,0.999
1456351561.0,7b0b6a1b,0.999
1456351561.0,e0d2b4fe,1.029
1456351561.0,d6a85f7b,0.999
1456351561.0,f4ec7ff4,0.999
1456351561.0,58d48103,0.999
1456351561.0,5b737243,0.999
1456351561.0,e72628ad,0.999
1456351561.0,655c4244,0.999
1456351561.0,6a8c75fd,1.019
1456351561.0,2c9a6a74,0.999
1456351561.0,4e7b5ef6,0.999
1456351561.0,b51f0a61,0.999
1456351561.0,6672f80b,1.019
1456351561.0,82444c93,0.999
1456351561.0,58e4c668,0.999
1456351561.0,d3415f41,1.029
1456351561.0,62b18fb8,0.999
1456351561.0,b38c29e8,0.999
1456351561.0,1b611c60,0.999
1456351561.0,5164a758,0.999
1456351561.0,b8fa7f55,1.009
1456351561.0,53c616b9,0.999
1456351561.0,28e7f835,0.999
1456351561.0,1af22ca6,0.999
1456351561.0,0622e30b,1.019
1456351561.0,bc09577c,0.999
1456351561.0,9a11b9a9,0.999
1456351561.0,bd3ac554,0.999
1456351561.0,6e66567c,0.999
1456351561.0,6bf76c78,0.999
1456351561.0,1509b860,1.009
1456351561.0,83cf7d34,0.999
1456351561.0,939e85bc,0.999
1456351561.0,68d5e021,0.999
1456351561.0,48d20717,0.999
1456351561.0,abb42d56,0.999
1456351561.0,329aad11,0.999
1456351561.0,0297c11e,0.999
1456351561.0,42821895,0.999
1456351561.0,018fafee,0.999
1456351561.0,b9b8051a,0.999
1456351561.0,e474e52b,1.029
1456351561.0,2a879abf,0.999
1456351561.0,bded4d61,0.999
1456351561.0,1c83ff33,0.999
1456351561.0,7bbf0d9c,0.999
1456351561.0,45924c70,0.999
1456351561.0,3a3a0afe,0.999
1456351561.0,045578a1,0.999
1456351561.0,c0b82c6f,0.999
1456351561.0,3f539c39,1.009
1456351561.0,607a5b45,0.999
1456351561.0,bd167c7d,0.999
1456351561.0,37649bcc,0.999
1456351561.0,0f3e781e,1.039
1456351561.0,f85db113,0.999
1456351561.0,1c8ada9b,0.999
1456351561.0,a16736fc,0.999
1456351561.0,7f555c9e,0.999
1456351561.0,412fc646,0.999
1456351561.0,04d64488,0.999
1456351561.0,21dc7e61,1.009
1456351561.0,beb3b49b,0.999
1456351561.0,4b841e5b,0.999
1456351561.0,6977fd5c,0.999
1456351561.0,f822968e,0.999
1456351561.0,98a85d4f,0.999
1456351561.0,dfb47eed,0.999
1456351561.0,d4bbb0ba,0.999
1456351561.0,893b96a5,1.019
1456351561.0,7715f72c,0.999
1456351561.0,c77b8785,0.999
1456351561.0,a93143e5,0.999
1456351561.0,84556510,0.999
1456351561.0,7c556e65,0.999
1456351561.0,2cfa82fa,0.999
1456351561.0,731a1055,0.999
1456351561.0,ad7e1163,0.999
1456351561.0,e6ea469e,0.999
1456351561.0,9b79f246,0.999
1456351561.0,9727ab3a,0.999
1456351561.0,f4a95cf0,0.999
1456351561.0,c2d8e386,0.999
1456351561.0,2295e162,0.999
1456351561.0,5b11b517,0.999
1456351561.0,922129f9,0.999
1456351561.0,ed5ad0df,0.999
1456351561.0,7571a6bb,1.019
1456351561.0,8690af1b,0.999
1456351561.0,be7b97ad,0.999
1456351561.0,e10ccff9,0.999
1456351561.0,b3d1f607,0.999
1456351561.0,69152a7b,0.999
1456351561.0,790f62f3,0.999
1456351561.0,fb73e5e4,0.999
1456351561.0,1e3a9784,0.999
1456351561.0,4e31aa8b,0.999
1456351561.0,b6364ec3,0.999
1456351561.0,1686f694,0.999
1456351561.0,885c23aa,1.009
1456351561.0,3fc372ae,1.029
1456351561.0,8e0ec690,0.999
1456351561.0,c928ed36,0.999
1456351561.0,5ff2f593,1.029
1456351561.0,8e6c3c82,0.999
1456351561.0,c23345b4,0.999
1456351561.0,68f6b885,1.029
1456351561.0,0b293007,0.999
1456351561.0,87580f67,0.999
1456351561.0,0335180a,1.019
1456351561.0,9b59c5b0,0.999
1456351561.0,cc7ffbf9,1.019
1456351561.0,1a70a04d,0.999
1456351561.0,d54b3228,0.999
1456351561.0,a75efbf5,0.999
1456351561.0,317e0347,0.999
1456351561.0,b41309f8,0.999
1456351561.0,0c3bcbe7,0.999
1456351561.0,62b52d6c,0.999
1456351561.0,a278d48e,0.999
1456351561.0,35756296,1.029
1456351561.0,00e94972,0.999
1456351561.0,b8ddb5a8,0.999
1456351561.0,a6b83ee4,1.009
1456351561.0,7eac0db9,0.999
1456351561.0,570dabcb,0.999
1456351561.0,68a6f582,0.999
1456351561.0,18396fc2,0.999
1456351561.0,bfcfe44e,0.999
1456351561.0,f0e00fe9,0.999
1456351561.0,64ac75f0,0.999
1456351561.0,e396466d,0.999
1456351561.0,ecfdcbbe,0.999
1456351561.0,6785e982,1.019
1456351561.0,3f1cb112,0.999
1456351561.0,085b13da,0.999
1456351561.0,bc11a9fb,0.999
1456351561.0,f366e8d4,0.999
1456351561.0,82a52db3,0.999
1456351561.0,f7665440,1.019
1456351561.0,210f8a85,0.999
1456351561.0,739b04c0,0.999
1456351561.0,6e7d1516,0.999
1456351561.0,62fbc07f,0.999
1456351561.0,e40086e8,0.999
1456351561.0,0f141446,0.999
1456351561.0,a39def90,0.999
1456351561.0,d50f75c4,0.999
1456351561.0,859ddb14,0.999
1456351561.0,3d8adc15,0.999
1456351561.0,d8834ec2,1.019
1456351561.0,7006be5d,0.999
1456351561.0,81eb1428,0.999
1456351561.0,902bbd1d,0.999
1456351561.0,ebd9a39f,0.999
1456351561.0,0b18086e,0.999
1456351561.0,2c776012,0.999
1456351561.0,d0ad460e,0.999
1456351561.0,85e6dacf,0.999
1456351561.0,f6b43ef3,0.999
1456351561.0,05bcda3c,0.999
1456351561.0,aee75779,0.999
1456351561.0,2145d038,0.999
1456351561.0,872ca533,0.999
1456351561.0,4c77ea18,0.999
1456351561.0,d6ae9903,1.009
1456351561.0,e86bda6e,0.999
1456351561.0,2239a830,1.029
1456351561.0,354d360a,0.999
1456351561.0,175bcea1,0.999
1456351561.0,8732a111,1.019
1456351561.0,16a6da02,0.999
1456351561.0,a5cf2a42,0.999
1456351561.0,4a4c4dca,0.999
1456351561.0,a7983bc2,0.999
1456351561.0,c05d0f34,0.999
1456351561.0,9c8152bc,0.999
1456351561.0,b45ba0f1,0.999
1456351561.0,7ccc3654,0.999
1456351561.0,285cf254,1.019
1456351561.0,6f473b11,1.029
1456351561.0,0c475d4b,0.999
1456351561.0,48085700,1.009
1456351561.0,e71f194a,1.019
1456351561.0,72d94c9d,1.029
1456351561.0,f2925995,0.999
1456351561.0,bf5b9c36,0.999
1456351561.0,cd64024f,0.999
1456351561.0,b583c190,1.019
1456351561.0,e42f2550,0.999
1456351561.0,011401e5,0.999
1456351561.0,6fa8087e,0.999
1456351561.0,fd627db5,0.999
1456351561.0,c0f22ef5,0.999
1456351561.0,427c61e9,0.999
1456351561.0,ba074c78,0.999
1456351561.0,7999ba62,0.999
1456351561.0,7ef2369b,0.999
1456351561.0,55da4d14,0.999
1456351561.0,bd86f3ea,0.999
1456351561.0,6e77b649,0.999
1456351561.0,5b75cc8d,0.999
1456351561.0,30ac4ee7,1.019
1456351561.0,5a22f16c,0.999
1456351561.0,85b6788a,0.999
1456351561.0,37907db5,0.999
1456351561.0,3daf455c,0.999
1456351561.0,618beb09,0.999
1456351561.0,b65176ae,0.999
1456351561.0,c1b0a4e8,0.999
1456351561.0,a85e6b62,1.009
1456351561.0,7b247260,0.999
1456351561.0,85037928,0.999
1456351561.0,,0.999
1456351561.0,4e65762e,1.019
1456351561.0,00d52b83,0.999
1456351561.0,ed9bb208,0.999
1456351561.0,58dfb803,0.999
1456351561.0,24c0c404,1.019
1456351561.0,79da1dfc,0.999
1456351561.0,4da4802c,0.999
1456351561.0,6bafd8aa,0.999
1456351561.0,96629300,0.999
1456351561.0,5ac34503,1.019
1456351561.0,effc0f5f,0.999
1456351561.0,9a006df7,1.009
1456351561.0,57b9cbf6,1.009
1456351561.0,671a83b1,0.999
1456351561.0,646811ac,0.999
1456351561.0,f324dab6,1.029
1456351561.0,59e24118,0.999
1456351561.0,d7f868f0,1.009
1456351561.0,aeba8c59,1.009
1456351561.0,74eff60f,0.999
1456351561.0,2fbced23,0.999
1456351561.0,1b369933,0.999
1456351561.0,cd7581b6,0.999
1456351561.0,a46f6f07,0.999
1456351561.0,f704c239,1.009
1456351561.0,91c611ad,0.999
1456351561.0,60ce8dc7,1.019
1456351561.0,c17b17c8,0.999
1456351561.0,fbe17e11,0.999
1456351561.0,14033ffb,1.009
1456351561.0,9b9dfb22,1.019
1456351561.0,f2303a07,0.999
1456351561.0,0a8d1b89,0.999
1456351561.0,ef296ca3,0.999
1456351561.0,caf99587,1.019
1456351561.0,0934ee5b,1.019
1456351561.0,6e67857f,1.009
1456351561.0,68a4c69f,0.999
1456351561.0,87fbb61d,1.009
1456351561.0,9530b219,1.019
1456351561.0,fd135624,0.999
1456351561.0,134cefdf,0.999
1456351561.0,d52caa0c,0.999
1456351561.0,061deeda,0.999
1456351561.0,953452fa,1.009
1456351561.0,0ecdddfa,1.009
1456351561.0,eaf5b8e2,0.999
1456351561.0,59e65cb9,0.999
1456351561.0,42b1b318,0.999
1456351561.0,761fd77f,0.999
1456351561.0,b22e5b8a,0.999
1456351561.0,afd8c999,0.999
1456351561.0,ca5390ed,0.999
1456351561.0,77b1b0cd,0.999
1456351561.0,09c88ed9,0.999
1456351561.0,caaf83c5,0.999
1456351561.0,e1daef8f,0.999
1456351561.0,7d1cd9cd,0.999
1456351561.0,fa482668,0.999
1456351561.0,64a186d2,0.999
1456351561.0,aacc4471,0.999
1456351561.0,a3827856,0.999
1456351561.0,4423f9a9,0.999
1456351561.0,51296782,0.999
1456351561.0,271e2be1,0.999
1456351561.0,325a8ac2,1.019
1456351561.0,f82da33f,0.999
1456351561.0,21168c26,0.999
1456351561.0,6bfedfb9,1.159
1456351561.0,8208358e,1.159
1456351561.0,cf18b057,0.989
1456351561.0,23090d56,1.029
1456351561.0,bb34b27f,1.009
1456351561.0,e76cdeb7,0.999
1456351561.0,4cee5beb,0.999
1456351561.0,ed7f2b29,0.999
1456351561.0,c4f355fb,0.989
1456351561.0,51ff6877,1.049
1456351561.0,f15b5390,0.969
1456351561.0,c07bd363,1.019
1456351561.0,debd4594,1.009
1456351561.0,9cdd4f3a,0.999
1456351561.0,0dc0d8d3,1.059
1456351561.0,a5164b6a,1.059
1456351561.0,c8fac997,0.969
1456351561.0,c6d2e518,0.999
1456351561.0,ef80204b,1.129
1456351561.0,3909e8e8,1.009
1456351561.0,ea571d68,0.989
1456351561.0,ddd15cbb,1.029
1456351561.0,4b649587,1.059
1456351561.0,4281b5d2,0.989
1456351561.0,57813c32,0.989
1456351561.0,7dfddaf9,1.059
1456351561.0,2c773ce0,1.009
1456351561.0,3e67e577,0.999
1456351561.0,30c2709e,0.989
1456351561.0,2b181265,1.009
1456351561.0,c060503d,0.999
1456351561.0,d9de1886,0.999
1456351561.0,9d2b8c43,1.009
1456351561.0,,0.999
1456351561.0,190c7dc9,0.999
1456351561.0,1de97778,0.999
1456351561.0,8d7cf3c9,1.009
1456351561.0,ffc99986,1.029
1456351561.0,292cfe23,1.019
1456351561.0,5bb4e610,1.149
1456351561.0,302b9338,1.009
1456351561.0,d98c0af9,0.999
1456351561.0,d6e5c3f0,1.019
1456351561.0,5550eba8,0.999
1456351561.0,d991f8d3,0.999
1456351561.0,1e9c1caa,0.989
1456351561.0,2dc33c12,0.989
1456351561.0,b6b02da9,1.019
1456351561.0,5f3ccc40,0.999
1456351561.0,f88a40bc,1.009
1456351561.0,170daeaf,1.019
1456351561.0,a51232d3,1.059
1456351561.0,7da8091a,1.029
1456351561.0,ef9fe1fc,1.059
1456351561.0,112e83a5,0.999
1456351561.0,c0698259,0.999
1456351561.0,ad0995a1,0.989
1456351561.0,df0d590a,1.059
1456351561.0,f6703dce,0.989
1456351561.0,3b937318,1.019
1456351561.0,28071dbd,0.989
1456351561.0,60399455,1.009
1456351561.0,f53a8f17,1.059
1456351561.0,76b80c65,1.009
1456351561.0,05f9cd85,0.999
1456351561.0,2778bb34,1.029
1456351561.0,e1b2f9c0,0.989
1456351561.0,f1a7c19d,1.049
1456351561.0,48fe97ef,0.989
1456351561.0,5b68d8ad,1.059
1456351561.0,69c4db90,1.009
1456351561.0,796dcdf3,0.999
1456351561.0,6a55f2e9,1.019
1456351561.0,,0.999
1456351561.0,e16d188a,1.019
1456351561.0,572bb7e5,0.999
1456351561.0,008b0fac,1.009
1456351561.0,0e1fdace,1.009
1456351561.0,daa4d1d7,1.009
1456351561.0,d489f647,0.999
1456351561.0,93da27ed,0.999
1456351561.0,7b9f0ef9,1.019
1456351561.0,b58271d1,0.999
1456351561.0,4782d6e5,1.029
1456351561.0,832073a2,1.159
1456351561.0,a470edc3,0.979
1456351561.0,aa5b4d9a,0.999
1456351561.0,cf40d91b,0.999
1456351561.0,1bbf25c0,0.999
1456351561.0,1b3326f2,1.029
1456351561.0,0622b5eb,0.999
1456351561.0,eefff0b8,0.999
1456351561.0,772a26c5,1.129
1456351561.0,2c58ecc7,0.999
1456351561.0,46c099d0,0.989
1456351561.0,19413372,1.029
1456351561.0,f3608951,0.999
1456351561.0,bc235ee2,0.969
1456351561.0,2b39ff64,1.059
1456351561.0,7e846ee6,1.029
1456351561.0,c67cc2dd,1.009
1456351561.0,9fad7fea,0.999
1456351561.0,510c3f58,1.159
1456351561.0,25803c3c,0.999
1456351561.0,84cd3ae4,0.999
1456351561.0,41065536,0.984
1456351561.0,9cff31f0,0.989
1456351561.0,de376e73,0.989
1456351561.0,2fe20e60,1.009
1456351561.0,08919b22,1.019
1456351561.0,efa93e18,1.159
1456351561.0,1a20bec9,1.049
1456351561.0,d500f94f,1.029
1456351561.0,711d036b,1.009
1456351561.0,0eb21c86,1.009
1456351561.0,14d6c87e,0.999
1456351561.0,47647764,1.029
1456351561.0,5a5b83e5,0.989
1456351561.0,9b358c84,0.999
1456351561.0,30ab5003,1.009
1456351561.0,9969f9df,0.999
1456351561.0,297c749f,1.029
1456351561.0,5ca5b340,1.159
1456351561.0,788fd9ec,1.029
1456351561.0,6b347fa9,1.019
1456351561.0,da3e3f70,1.059
1456351561.0,982ef9d8,0.969
1456351561.0,de505192,1.079
1456351561.0,41266bc4,1.009
1456351561.0,4f3c1b39,1.019
1456351561.0,45edf39e,0.999
1456351561.0,def3807b,0.999
1456351561.0,728dbc4e,0.999
1456351561.0,49ea5327,1.059
1456351561.0,7d7180f2,1.019
1456351561.0,af622e10,1.009
1456351561.0,55993013,1.029
1456351561.0,be8e21ab,1.029
1456351561.0,c5772f6a,0.999
1456351561.0,1f7b82e5,0.989
1456351561.0,0e7f553a,0.999
1456351561.0,9c044e4f,1.019
1456351561.0,a8266115,1.059
1456351561.0,59446250,0.999
1456351561.0,b3e6c96a,0.979
1456351561.0,53a0f4e4,0.999
1456351561.0,dcb4f731,0.999
1456351561.0,70afc256,1.149
1456351561.0,,1.009
1456351561.0,a9b1239f,1.059
1456351561.0,75096bd1,1.029
1456351561.0,8c7a089d,1.009
1456351561.0,71c8efd1,1.159
1456351561.0,710830cb,1.009
1456351561.0,82f09d4f,1.019
1456351561.0,68a4ad40,1.019
1456351561.0,c6d444e1,0.989
1456351561.0,45dd43b7,0.999
1456351561.0,c56a25e8,0.979
1456351561.0,,0.999
1456351561.0,45427090,1.149
1456351561.0,7ea9e64e,1.019
1456351561.0,d0d137e8,1.019
1456351561.0,c6380930,1.009
1456351561.0,d02d7c58,0.999
1456351561.0,50acf721,0.989
1456351561.0,6568fb81,0.999
1456351561.0,7e76b239,1.014
1456351561.0,4cb94961,0.999
1456351561.0,e02c8254,1.029
1456351561.0,bd7cef0f,1.129
1456351561.0,cf228ee3,1.009
1456351561.0,df1d2009,1.019
1456351561.0,2aa06f6e,1.009
1456351561.0,92300cd4,0.979
1456351561.0,09a6cc4e,0.999
1456351561.0,9bf2ca69,0.999
1456351561.0,64542f0d,0.999
1456351561.0,8b1f5a6f,0.999
1456351561.0,eabde0e7,0.979
1456351561.0,f79bb7dd,1.009
1456351561.0,2cdb8a62,1.029
1456351561.0,316a2f5b,1.159
1456351561.0,13d61eea,1.029
1456351561.0,018c0b0e,1.079
1456351561.0,6781fe81,1.029
1456351561.0,ab11e935,0.999
1456351561.0,f5815103,1.079
1456351561.0,84985353,0.989
1456351561.0,6dd14a95,0.909
1456351561.0,2b7e1a93,0.999
1456351561.0,d35de923,0.999
1456351561.0,69adef26,0.999
1456351561.0,edc9f1cc,0.999
1456351561.0,f64d1649,1.029
1456351561.0,f3ffc72b,1.019
1456351561.0,e5b18dec,0.979
1456351561.0,0f173106,1.019
1456351561.0,1cb7429a,0.999
1456351561.0,28c041df,1.019
1456351561.0,251b8d8a,0.999
1456351561.0,f9b056ba,0.999
1456351561.0,deb0665c,0.999
1456351561.0,5318f3a8,1.019
1456351561.0,f4accce7,1.029
1456351561.0,3c701ea8,1.009
1456351561.0,3c4c7ab9,0.999
1456351561.0,fea3781d,1.159
1456351561.0,9d2aa0e1,1.009
1456351561.0,aff519f2,0.989
1456351561.0,d7d438ac,1.019
1456351561.0,9f28cd19,0.989
1456351561.0,305b11b7,0.999
1456351561.0,97543d60,0.984
1456351561.0,400f9abd,1.059
1456351561.0,71a6b9f3,0.999
1456351561.0,77b7abe7,1.139
1456351561.0,2736cca4,1.009
1456351561.0,c6306633,0.969
1456351561.0,2947866d,1.029
1456351561.0,19677f59,1.129
1456351561.0,121ea079,0.999
1456351561.0,5384cd69,0.999
1456351561.0,65d0c0de,1.029
1456351561.0,1d7fb8e6,1.089
1456351561.0,bbc2b8d4,1.079
1456351561.0,1bfef5b8,0.999
1456351561.0,d04dc22d,1.019
1456351561.0,d9d4a6fe,0.979
1456351561.0,656a2566,1.039
1456351561.0,34293664,1.049
1456351561.0,38c5df1f,1.029
1456351561.0,acf0a7d7,0.999
1456351561.0,e6b24a3d,1.019
1456351561.0,959e5dd8,1.009
1456351561.0,f8ebbae1,0.999
1456351561.0,c69497b1,0.999
1456351561.0,09798ba9,0.989
1456351561.0,e1e7fd9f,0.999
1456351561.0,52932f4e,0.999
1456351561.0,d261d6e0,1.029
1456351561.0,97911c0d,1.159
1456351561.0,c680f14f,0.999
1456351561.0,21c136e4,0.969
1456351561.0,7f9a33f8,1.059
1456351561.0,410ba324,0.989
1456351561.0,6f96e265,0.999
1456351561.0,adf8dffc,1.019
1456351561.0,732a1178,0.989
1456351561.0,86e62d91,1.019
1456351561.0,5455a5f8,1.059
1456351561.0,89731dc8,0.999
1456351561.0,871acdd2,1.129
1456351561.0,9bc2e863,1.084
1456351561.0,6866a590,0.979
1456351561.0,598ebfd8,1.049
1456351561.0,a7eae27d,0.999
1456351561.0,c5aaafc3,0.989
1456351561.0,6512b86c,0.999
1456351561.0,1641208e,0.999
1456351561.0,57b4fcab,1.059
1456351561.0,f6d88954,0.989
1456351561.0,2febafeb,1.029
1456351561.0,1b24bc6c,1.009
1456351561.0,7ad9a6eb,1.009
1456351561.0,70111ec9,0.999
1456351561.0,fbf6da0b,0.969
1456351561.0,a57535f1,1.029
1456351561.0,fd3c454f,1.009
1456351561.0,70efa82e,0.999
1456351561.0,9612e9a3,1.009
1456351561.0,,1.019
1456351561.0,fcac67a0,1.009
1456351561.0,661c5630,1.009
1456351561.0,9dca124a,0.969
1456351561.0,0ee1a63f,1.029
1456351561.0,1c370637,1.019
1456351561.0,a8918363,1.019
1456351561.0,6be455b0,1.159
1456351561.0,19584345,1.059
1456351561.0,95761004,1.059
1456351561.0,,1.059
1456351561.0,b892ab69,0.999
1456351561.0,e82ffdb7,0.989
1456351561.0,ba636b7b,1.039
1456351561.0,bb4f2dca,1.009
1456351561.0,d97b6339,0.989
1456351561.0,e7848d8d,0.999
1456351561.0,0f1ef6bd,1.019
1456351561.0,1660ed2f,1.059
1456351561.0,6647542f,1.009
1456351561.0,c3aa0b78,0.999
1456351561.0,63796bb7,0.989
1456351561.0,e3a298ff,1.029
1456351561.0,f84d262d,0.999
1456351561.0,b5dfdabd,1.009
1456351561.0,,0.999
1456351561.0,0ec0905b,1.029
1456351561.0,3615bb32,1.049
1456351561.0,3b988b25,1.009
1456351561.0,19c13d75,0.999
1456351561.0,772cd349,0.999
1456351561.0,9e654d43,1.059
1456351561.0,aea5cec0,0.999
1456351561.0,3fe74e61,0.999
1456351561.0,d48d3de5,1.049
1456351561.0,9f3e7014,1.019
1456351561.0,0cfa6754,0.999
1456351561.0,4aa385bb,0.989
1456351561.0,8c51a8b0,0.999
1456351561.0,2da54b83,0.999
1456351561.0,693a4986,1.009
1456351561.0,7f90a219,0.999
1456351561.0,5e86ff24,0.999
1456351561.0,b84fb396,0.999
1456351561.0,55167147,0.999
1456351561.0,22ea287c,1.019
1456351561.0,7b943951,1.029
1456351561.0,0945bafb,1.019
1456351561.0,7800fa83,0.999
1456351561.0,adf56fc9,1.009
1456351561.0,d225b33f,1.079
1456351561.0,4c906efb,0.979
1456351561.0,76e85116,1.149
1456351561.0,24c9552e,0.999
1456351561.0,9b0b4894,0.999
1456351561.0,91f136df,0.999
1456351561.0,00b2809d,1.009
1456351561.0,e7ec8759,0.999
1456351561.0,11c55ae3,1.009
1456351561.0,7674ea9d,0.989
1456351561.0,7eed54a8,0.989
1456351561.0,b6a47707,1.009
1456351561.0,2b6d5808,0.979
1456351561.0,1e041b07,0.999
1456351561.0,97f7398e,0.999
1456351561.0,51ebd486,0.979
1456351561.0,2c716111,1.009
1456351561.0,4f5899c2,0.979
1456351561.0,b83dae63,0.979
1456351561.0,2cd4012d,0.989
1456351561.0,9b66ed80,0.979
1456351561.0,78b3ccb1,1.009
1456351561.0,,0.979
1456351561.0,e6be1477,0.989
1456351561.0,4e74bd65,1.009
1456351561.0,557f7d87,0.989
1456351561.0,867677f2,0.999
1456351561.0,e6b2872b,0.999
1456351561.0,79f785eb,0.999
1456351561.0,0380a17c,0.989
1456351561.0,68492368,1.009
1456351561.0,4cd3d126,1.009
1456351561.0,b6ba34e1,0.989
1456351561.0,19e65444,0.989
1456351561.0,3d5353b9,1.009
1456351561.0,6ba205cd,0.979
1456351561.0,6197a70d,0.989
1456351561.0,d9422725,0.999
1456351561.0,1a0f3e2b,0.979
1456351561.0,a7be9b25,0.989
1456351561.0,c95d532b,1.009
1456351561.0,6cc0c30a,0.979
1456351561.0,e0862fc2,1.009
1456351561.0,41c579d4,0.979
1456351561.0,82c69685,0.999
1456351561.0,67ffc54d,0.989
1456351561.0,8bbde82e,0.989
1456351561.0,bce1fe2d,0.979
1456351561.0,b619b05f,1.009
1456351561.0,cc9fe40d,1.009
1456351561.0,b47f33d8,0.979
1456351561.0,493b6369,0.979
1456351561.0,ae3ec7b1,0.999
1456351561.0,878b98a2,0.979
1456351561.0,a64de619,0.979
1456351561.0,bc509654,1.009
1456351561.0,5762e9a9,1.009
1456351561.0,445ead90,1.009
1456351561.0,0b1b5508,0.999
1456351561.0,240e728f,0.979
1456351561.0,787e80bd,0.989
1456351561.0,2a6c46a2,0.989
1456351561.0,45b03d62,0.989
1456351561.0,f05c17a0,0.979
1456351561.0,cb4bb1c7,0.999
1456351561.0,56995334,0.979
1456351561.0,1ac7a349,1.009
1456351561.0,65d912cc,0.989
1456351561.0,29626b91,0.999
1456351561.0,eb79ce7f,1.009
1456351561.0,47fbea4a,1.009
1456351561.0,ac4a6914,1.009
1456351561.0,23728172,1.009
1456351561.0,66ef9bdc,1.009
1456351561.0,8a924c37,0.989
1456351561.0,2132dc97,0.989
1456351561.0,37e841fa,0.989
1456351561.0,d921f4ce,0.979
1456351561.0,1d736429,0.979
1456351561.0,759e3fcc,0.989
1456351561.0,1aa6752d,1.009
1456351561.0,a8c6b173,0.999
1456351561.0,9f7a9267,1.009
1456351561.0,4c0e3547,0.979
1456351561.0,3747e646,0.979
1456351561.0,b1628a80,0.979
1456351561.0,5cec73e9,0.979
1456351561.0,3bb367b0,0.989
1456351561.0,a3ff8022,0.979
1456351561.0,4b507efb,1.009
1456351561.0,98fad8c5,0.989
1456351561.0,7174859c,0.999
1456351561.0,65efbc29,0.999
1456351561.0,7f3fc915,1.009
1456351561.0,cdf81365,1.009
1456351561.0,a3599c26,0.999
1456351561.0,211adcfd,1.009
1456351561.0,9f3d710c,0.999
1456351561.0,b45d7a66,0.989
1456351561.0,d3bf8582,0.999
1456351561.0,185ab0a1,0.999
1456351561.0,f58df524,0.979
1456351561.0,925f335a,0.979
1456351561.0,460a378a,0.979
1456351561.0,b27b4435,0.999
1456351561.0,e6b01768,0.979
1456351561.0,27c16d5b,0.979
1456351561.0,de0b1b58,0.979
1456351561.0,7970752a,1.009
1456351561.0,110c83a7,1.009
1456351561.0,19e1ff00,0.979
1456351561.0,ab493d35,0.999
1456351561.0,a314e8b8,1.009
1456351561.0,a6980904,1.009
1456351561.0,2dd2f741,0.999
1456351561.0,411372b9,1.009
1456351561.0,7cf9c06f,0.989
1456351561.0,984855aa,0.979
1456351561.0,38f800d8,0.979
1456351561.0,119cb795,0.979
1456351561.0,59698c83,0.989
1456351561.0,db623e54,0.979
1456351561.0,2a937026,0.989
1456351561.0,de66ae92,0.989
1456351561.0,9124d12a,1.009
1456351561.0,bc29eda7,0.989
1456351561.0,d14d8358,1.009
1456351561.0,9da51b85,0.989
1456351561.0,49f4ee4f,1.009
1456351561.0,855563c1,0.989
1456351561.0,e3e96875,0.979
1456351561.0,b0471346,0.989
1456351561.0,71437915,1.009
1456351561.0,603e075c,0.989
1456351561.0,99079efc,0.989
1456351561.0,e6fe3770,0.979
1456351561.0,ed65aebc,0.989
1456351561.0,c78b7333,1.009
1456351561.0,e48ca6d1,0.989
1456351561.0,d74429a3,0.989
1456351561.0,a7f61984,0.989
1456351561.0,45e18000,0.999
1456351561.0,cef28ece,0.979
1456351561.0,dafee924,0.989
1456351561.0,dd4866c8,1.009
1456351561.0,e6ed3bb4,0.999
1456351561.0,897a7af7,0.999
1456351561.0,31d7c8d8,1.009
1456351561.0,9fd35589,1.009
1456351561.0,11b725ec,0.999
1456351561.0,b3fefca1,0.979
1456351561.0,72a57388,0.979
1456351561.0,ab23cef1,0.989
1456351561.0,3d592311,0.989
1456351561.0,ee5bb484,1.009
1456351561.0,a493ee6c,0.979
1456351561.0,3d026101,0.979
1456351561.0,2af5e84b,0.979
1456351561.0,11b2e08c,0.979
1456351561.0,cce3fded,0.979
1456351561.0,7d3ae9b0,1.009
1456351561.0,dc2aecd3,0.979
1456351561.0,14a12755,0.979
1456351561.0,e792e7d9,0.979
1456351561.0,2771327d,0.979
1456351561.0,893de505,1.009
1456351561.0,c5bb659b,0.979
1456351561.0,54d2b984,0.979
1456351561.0,b44d5d41,1.009
1456351561.0,39b11db0,1.009
1456351561.0,469cb2ca,0.979
1456351561.0,fec5bce2,0.989
1456351561.0,9d16cf9e,0.999
1456351561.0,8caf6dad,0.999
1456351561.0,6bf68abb,0.989
1456351561.0,04583028,0.999
1456351561.0,c86a322d,0.999
1456351561.0,9a95dc46,0.989
1456351561.0,dbba73c9,1.009
1456351561.0,495247fc,0.979
1456351561.0,cbc5f7c3,0.989
1456351561.0,02664349,0.989
1456351561.0,a5cf2ad0,1.009
1456351561.0,a5b19cba,0.989
1456351561.0,e4d3e8f1,1.009
1456351561.0,d64a25e0,0.989
1456351561.0,bd03317d,0.979
1456351561.0,12d210d8,0.989
1456351561.0,165068db,0.989
1456351561.0,478ca3dd,1.009
1456351561.0,7694edff,0.999
1456351561.0,cb601f93,0.989
1456351561.0,727b85d9,1.009
1456351561.0,c7095984,0.989
1456351561.0,1da77d0b,0.989
1456351561.0,fac7adae,1.009
1456351561.0,7ccb6541,0.989
1456351561.0,68487393,1.009
1456351561.0,aa86d47e,0.999
1456351561.0,0590ef3a,1.019
1456351561.0,4e176577,1.009
1456351561.0,62d555b9,0.999
1456351561.0,eecbf37e,1.009
1456351561.0,81fb03d2,0.979
1456351561.0,b015481a,0.979
1456351561.0,39dc218a,0.999
1456351561.0,9d8369d3,1.009
1456351561.0,99bcd97c,0.979
1456351561.0,e0808ce1,0.999
1456351561.0,d27a3901,0.999
1456351561.0,65154942,1.009
1456351561.0,f9cd1d8c,1.009
1456351561.0,f8bbef60,0.979
1456351561.0,6e3aab0e,1.009
1456351561.0,20c6635d,1.009
1456351561.0,216f2e30,1.009
1456351561.0,771baacf,0.999
1456351561.0,514e885f,0.999
1456351561.0,cd0b941e,0.979
1456351561.0,30eed8b6,0.999
1456351561.0,03f6c531,0.989
1456351561.0,bb827240,0.989
1456351561.0,2ede932c,0.989
1456351561.0,a426c65f,1.009
1456351561.0,2a99bdaf,0.989
1456351561.0,6e407997,0.979
1456351561.0,f709d7cd,1.009
1456351561.0,2815cfa2,0.999
1456351561.0,7144e340,0.999
1456351561.0,90bd0a2b,0.989
1456351561.0,d0af609e,1.009
1456351561.0,876763f5,0.979
1456351561.0,0f283ef6,0.989
1456351561.0,e02ea09b,0.999
1456351561.0,398e7989,1.009
1456351561.0,0eb0bb77,0.989
1456351561.0,6cd5cdf8,0.979
1456351561.0,619a79d6,1.009
1456351561.0,2ab02348,0.979
1456351561.0,aac6abb7,0.979
1456351561.0,60962481,1.009
1456351561.0,c2d5f6c8,0.979
1456351561.0,0b4a5e48,0.979
1456351561.0,997e716d,0.999
1456351561.0,6eb8cb33,0.979
1456351561.0,f3b3c473,0.999
1456351561.0,75dd982a,0.999
1456351561.0,a89295ed,0.999
1456351561.0,a82492d6,1.009
1456351561.0,a5f3a822,1.009
1456351561.0,3056759f,0.979
1456351561.0,6d9dcb86,0.979
1456351561.0,140514a1,1.009
1456351561.0,a44434de,1.009
1456351561.0,485a4ee4,0.989
1456351561.0,9d522e7b,1.009
1456351561.0,0fb8b04e,1.009
1456351561.0,2b8e75ca,0.999
1456351561.0,b6774f71,0.999
1456351561.0,fcd1aad6,0.989
1456351561.0,c1342b0e,0.989
1456351561.0,cc367c32,0.999
1456351561.0,2207feed,0.979
1456351561.0,662e48ec,1.009
1456351561.0,,0.989
1456351561.0,9c7e6b4f,0.979
1456351561.0,1c5f0504,0.979
1456351561.0,7301ae23,1.009
1456351561.0,aa822d7f,0.979
1456351561.0,7b66aa84,0.979
1456351561.0,38aa9352,0.989
1456351561.0,d78b438e,0.979
1456351561.0,fc2ec0dc,0.999
1456351561.0,b2fa05f2,0.979
1456351561.0,e96c8f9b,0.989
1456351561.0,807e06c1,0.979
1456351561.0,ddc99e87,0.999
1456351561.0,d1b50fc2,0.979
1456351561.0,44144ccf,0.989
1456351561.0,4c7b82d0,1.009
1456351561.0,18bddc12,1.009
1456351561.0,de8b3026,0.979
1456351561.0,e5ead47b,0.999
1456351561.0,ca724a33,0.989
1456351561.0,010fdae7,0.989
1456351561.0,9bd9827c,0.999
1456351561.0,475801e2,0.989
1456351561.0,a0f3c4eb,1.009
1456351561.0,83c02c47,0.979
1456351561.0,63f573eb,1.009
1456351561.0,6a9f29fb,1.009
1456351561.0,1c38d39c,0.989
1456351561.0,0757f54d,0.979
1456351561.0,ab6aed65,0.979
1456351561.0,1fb2da5d,0.999
1456351561.0,f08235a1,0.989
1456351561.0,da53e9ba,0.989
1456351561.0,a409f033,1.009
1456351561.0,101c8b80,0.999
1456351561.0,24523b3b,0.999
1456351561.0,5dbe10ef,0.979
1456351561.0,ffb3e589,0.979
1456351561.0,a099cd62,0.989
1456351561.0,27eb52b2,1.009
1456351561.0,05de04c2,0.999
1456351561.0,92ea5ddf,0.979
1456351561.0,80da2bc7,0.979
1456351561.0,96a5f54a,0.979
1456351561.0,04c55c68,0.999
1456351561.0,45cfc4a3,0.979
1456351561.0,8dbc9e66,0.989
1456351561.0,3275ca99,0.999
1456351561.0,ff0bb7ad,0.999
1456351561.0,1017cdb3,0.989
1456351561.0,acc75705,1.009
1456351561.0,c1d8560d,0.999
1456351561.0,da3bff43,0.989
1456351561.0,fee64542,0.979
1456351561.0,0c07c233,0.979
1456351561.0,7de438fa,1.009
1456351561.0,67fb32f7,0.989
1456351561.0,5466334e,0.999
1456351561.0,41225b43,0.989
1456351561.0,cc9dcdfc,0.979
1456351561.0,ad269c98,0.989
1456351561.0,2d43a4bd,1.009
1456351561.0,,1.009
1456351561.0,aa930a31,0.989
1456351561.0,a07eee38,1.009
1456351561.0,60187048,0.989
1456351561.0,a612d3c6,1.009
1456351561.0,891c9c5c,1.009
1456351561.0,c8da9d10,0.979
1456351561.0,6934dd1a,1.009
1456351561.0,b2b56b82,1.009
1456351561.0,78562f9b,0.999
1456351561.0,cf429d6f,0.989
1456351561.0,440673be,1.009
1456351561.0,cb40cd62,0.989
1456351561.0,905563bb,0.989
1456351561.0,229d2673,0.989
1456351561.0,eb4e983f,0.989
1456351561.0,03a8f542,1.009
1456351561.0,945346f0,0.979
1456351561.0,7df2f7b0,0.979
1456351561.0,0ef5bf4d,0.979
1456351561.0,fa890292,0.979
1456351561.0,1f6ccf56,0.989
1456351561.0,37a4ac8d,0.979
1456351561.0,8c85a27d,0.999
1456351561.0,b884bbc1,0.989
1456351561.0,9daabce1,0.999
1456351561.0,42ad8b68,1.009
1456351561.0,ad1b0b58,0.999
1456351561.0,8ae5c667,1.009
1456351561.0,8976ce99,1.009
1456351561.0,24982c56,0.979
1456351561.0,4aec94cc,1.009
1456351561.0,c52d9727,1.009
1456351561.0,24f09d82,0.989
1456351561.0,f11f062c,0.999
1456351561.0,476699aa,0.979
1456351561.0,e705c307,0.979
1456351561.0,5dd99d7f,0.989
1456351561.0,ce6487d7,0.989
1456351561.0,83c9051f,0.999
1456351561.0,3696709e,0.989
1456351561.0,f86f0531,0.979
1456351561.0,49e3bef7,0.979
1456351561.0,bf44f1ab,0.989
1456351561.0,bed52cfb,1.009
1456351561.0,5d362644,0.979
1456351561.0,8f94226a,0.999
1456351561.0,d15144fb,1.009
1456351561.0,7636eabf,0.989
1456351561.0,e206c1b6,0.999
1456351561.0,e53c0a3d,0.979
1456351561.0,03b45f42,0.999
1456351561.0,36949e64,1.009
1456351561.0,c7a00e1c,0.979
1456351561.0,9a8bc1fb,0.979
1456351561.0,7bdc8aa9,0.989
1456351561.0,6135497e,0.999
1456351561.0,6ac179bc,0.999
1456351561.0,4e48e1df,0.979
1456351561.0,e9a8e0dc,0.989
1456351561.0,4442e246,0.979
1456351561.0,f7ad88b8,0.979
1456351561.0,32e01564,1.009
1456351561.0,da28f05d,0.979
1456351561.0,c296d5cd,0.979
1456351561.0,d21f882f,1.009
1456351561.0,1ea1e147,1.009
1456351561.0,5165f4e5,0.999
1456351561.0,91a5c341,1.009
1456351561.0,8c807692,1.009
1456351561.0,857a97e0,0.989
1456351561.0,6a7aa1a0,0.979
1456351561.0,b067bcf6,0.979
1456351561.0,443a0042,1.009
1456351561.0,25e78288,0.979
1456351561.0,5b60b9f6,0.999
1456351561.0,96ad35a6,0.979
1456351561.0,164a9a01,1.009
1456351561.0,3b9fb083,1.009
1456351561.0,2748662b,0.999
1456351561.0,e4e801a1,0.979
1456351561.0,176e9b96,0.979
1456351561.0,ad25712e,0.979
1456351561.0,3a19f7bb,0.989
1456351561.0,68477221,0.989
1456351561.0,916b15ba,0.989
1456351561.0,d137631c,0.979
1456351561.0,99b5b897,0.999
1456351561.0,f44172d4,0.979
1456351561.0,7e7694a3,0.999
1456351561.0,ff94ad98,1.009
1456351561.0,ef95782d,0.979
1456351561.0,7d24179d,0.999
1456351561.0,3ac6b934,0.999
1456351561.0,e2aee352,1.009
1456351561.0,cb7fae49,0.979
1456351561.0,cc4e0122,0.999
1456351561.0,eb0ad874,0.979
1456351561.0,f67b6a8f,0.999
1456351561.0,c19378b9,0.989
1456351561.0,945202a2,1.009
1456351561.0,77c17dde,0.989
1456351561.0,b61b4b10,0.979
1456351561.0,5d12f54e,0.979
1456351561.0,3f601b6c,0.989
1456351561.0,2bc0bc0e,1.009
1456351561.0,2917c697,0.999
1456351561.0,53c0a7e5,0.989
1456351561.0,dfda908c,0.999
1456351561.0,c47ae9d4,0.979
1456351561.0,8127a62a,0.989
1456351561.0,0c55457f,0.989
1456351561.0,f5f69c31,0.999
1456351561.0,5b0a88cf,0.989
1456351561.0,2330f268,0.989
1456351561.0,56c42334,0.989
1456351561.0,efe3611d,0.979
1456351561.0,2c1a8318,0.999
1456351561.0,fd9b3ee5,0.989
1456351561.0,3cb8640b,1.009
1456351561.0,0451fc7d,0.989
1456351561.0,5a24bfe1,0.979
1456351561.0,f4d0450c,0.999
1456351561.0,7e6fd376,0.979
1456351561.0,decc5fc7,0.979
1456351561.0,b912a2af,0.979
1456351561.0,467edc58,0.999
1456351561.0,6a9ba9c7,0.999
1456351561.0,5f365e75,0.989
1456351561.0,238e8285,0.989
1456351561.0,2fbedc98,0.979
1456351561.0,034b845e,0.989
1456351561.0,250f245f,0.999
1456351561.0,f0da030f,1.009
1456351561.0,0b912035,0.989
1456351561.0,0d26cc8d,0.999
1456351561.0,ad0d24dc,0.989
1456351561.0,054b98a5,0.989
1456351561.0,c03c60b1,0.999
1456351561.0,033ff634,1.009
1456351561.0,fc9e9a16,1.009
1456351561.0,6304ec3a,1.009
1456351561.0,c7a70dd8,0.989
1456351561.0,a2557e83,0.979
1456351561.0,d33b9af4,0.989
1456351561.0,0cdf8545,0.989
1456351561.0,a48cec43,0.989
1456351561.0,7f44346f,0.989
1456351561.0,bde67b17,0.999
1456351561.0,83748919,0.979
1456351561.0,e9e141d7,0.999
1456351561.0,bb39a843,0.979
1456351561.0,35e560ad,1.009
1456351561.0,657861bc,0.989
1456351561.0,6515c8c1,0.989
1456351561.0,8a338e32,0.979
1456351561.0,6d3828b0,1.009
1456351561.0,2eccf490,0.979
1456351561.0,96ed6341,0.999
1456351561.0,dd784264,0.989
1456351561.0,da84e1ef,0.989
1456351561.0,aed09b0f,0.979
1456351561.0,b0777eff,1.009
1456351561.0,21ffc684,1.009
1456351561.0,2e51dede,0.979
1456351561.0,113f4e08,1.009
1456351561.0,fc60a1e0,1.009
1456351561.0,a2b07888,0.979
1456351561.0,801ccbc6,0.999
1456351561.0,f26bfef4,0.999
1456351561.0,d6aad50a,0.999
1456351561.0,ee122c11,0.979
1456351561.0,45162ff3,0.989
1456351561.0,38c0a12d,0.999
1456351561.0,0b790115,0.989
1456351561.0,a9f2eece,0.989
1456351561.0,e27ca798,0.999
1456351561.0,9f37e0a2,0.999
1456351561.0,94a8272b,1.009
1456351561.0,9e81ec36,1.009
1456351561.0,413f1831,0.989
1456351561.0,0264d325,1.009
1456351561.0,258838b1,0.979
1456351561.0,f136dec4,0.979
1456351561.0,d31bbfba,1.009
1456351561.0,8481831d,0.979
1456351561.0,7dedf4de,0.999
1456351561.0,131b8ba4,0.979
1456351561.0,35c5c2f1,0.979
1456351561.0,d023c7ae,1.009
1456351561.0,73d508f6,0.979
1456351561.0,f435573a,0.989
1456351561.0,d3bb1de9,0.979
1456351561.0,0c514e6f,0.979
1456351561.0,adaf8fbc,0.999
1456351561.0,fa179beb,0.999
1456351561.0,38a93153,0.979
1456351561.0,75e3e514,0.999
1456351561.0,6a9f527e,0.979
1456351561.0,21a92259,0.979
1456351561.0,c31f354d,1.009
1456351561.0,d2fc2219,0.989
1456351561.0,0538e9ee,1.009
1456351561.0,cca8f84d,0.999
1456351561.0,5098a1d8,0.979
1456351561.0,637e523f,0.979
1456351561.0,0b54afc6,1.009
1456351561.0,662f41b7,0.989
1456351561.0,fe45add5,0.999
1456351561.0,613352d7,0.979
1456351561.0,350879b3,0.999
1456351561.0,4a9d5885,0.989
1456351561.0,d326a791,0.989
1456351561.0,c61bf054,1.124
1456351561.0,d22fa3c4,0.979
1456351561.0,ec934b69,0.989
1456351561.0,418815f0,1.009
1456351561.0,1c7a02ad,0.989
1456351561.0,d9749191,0.989
1456351561.0,740b965a,1.019
1456351561.0,8a440ea4,1.009
1456351561.0,60429413,0.999
1456351561.0,7a05b007,1.009
1456351561.0,d0407554,0.989
1456351561.0,5ca22d34,0.979
1456351561.0,158221e0,1.009
1456351561.0,c3910784,0.999
1456351561.0,065dc992,0.989
1456351561.0,afafdf69,0.979
1456351561.0,c27724b2,1.159
1456351561.0,6f11a226,0.999
1456351561.0,40a98fc9,0.999
1456351561.0,85f096bd,1.029
1456351561.0,03f96d6c,0.999
1456351561.0,096e5f7a,1.019
1456351561.0,555992c9,1.059
1456351561.0,b387d3fa,1.019
1456351561.0,b1b62cb5,1.019
1456351561.0,eace7a48,1.029
1456351561.0,26f14416,0.989
1456351561.0,78767dc5,1.029
1456351561.0,d2661e86,0.989
1456351561.0,8b9c037d,0.989
1456351561.0,a06397bf,1.019
1456351561.0,e0d89735,1.039
1456351561.0,316995c6,1.029
1456351561.0,511114cf,1.029
1456351561.0,,1.019
1456351561.0,a6fdc066,0.999
1456351561.0,907c9e39,1.039
1456351561.0,ce45fa96,0.989
1456351561.0,ba79ed81,1.059
1456351561.0,38b12dcf,1.029
1456351561.0,6a0d1e37,1.029
1456351561.0,369db971,0.999
1456351561.0,ebef875b,1.049
1456351561.0,7b487a7f,0.999
1456351561.0,54a44614,0.949
1456351561.0,a5c5f9b2,1.079
1456351561.0,1ddd2ac0,1.089
1456351561.0,3d9b4dc8,1.084
1456351561.0,c699c115,1.009
1456351561.0,edb0d416,0.999
1456351561.0,181a93a7,0.979
1456351561.0,b0e18943,1.019
1456351561.0,fd7ffd20,1.059
1456351561.0,a438cba7,0.999
1456351561.0,dac3b9fb,1.049
1456351561.0,90a59266,0.999
1456351561.0,fcbe2ffd,0.989
1456351561.0,5ba0908f,0.989
1456351561.0,d604a294,1.029
1456351561.0,49d8f4c8,1.159
1456351561.0,f7877ed7,0.999
1456351561.0,863245a5,0.999
1456351561.0,95be41d3,0.999
1456351561.0,3e13dc7c,1.009
1456351561.0,d2d1eae3,1.159
1456351561.0,210ec430,0.999
1456351561.0,fbe659ab,1.029
1456351561.0,72536881,0.989
1456351561.0,f529efe8,1.049
1456351561.0,486e56d0,1.089
1456351561.0,95a26ce2,0.969
1456351561.0,46bbffea,1.029
1456351561.0,ea9276b9,0.999
1456351561.0,5b842987,1.159
1456351561.0,f34c3a36,1.029
1456351561.0,b4be46ac,0.984
1456351561.0,b01cf6f6,1.059
1456351561.0,db68109c,0.989
1456351561.0,3b31f64c,0.989
1456351561.0,d3b5995d,0.989
1456351561.0,64808918,1.029
1456351561.0,e3654860,0.999
1456351561.0,623aaf90,0.999
1456351561.0,b8ede601,0.999
1456351561.0,0aad0d01,1.019
1456351561.0,b30a9376,0.929
1456351561.0,2f32ed4f,1.029
1456351561.0,6027b071,0.999
1456351561.0,e01dae0b,1.159
1456351561.0,03ca5dbc,1.159
1456351561.0,98624c5c,0.989
1456351561.0,a2eb34d1,0.999
1456351561.0,521538f8,0.999
1456351561.0,79e81a72,1.029
1456351561.0,6d8d97a4,0.999
1456351561.0,2843ab89,1.089
1456351561.0,a446fffa,0.969
1456351561.0,f9e19175,0.999
1456351561.0,1ea58c14,1.059
1456351561.0,85a27935,0.999
1456351561.0,2a5a0676,1.009
1456351561.0,dfd4b295,1.129
1456351561.0,53b4afaa,0.999
1456351561.0,,0.999
1456351561.0,682a7b74,0.999
1456351561.0,b7361158,1.009
1456351561.0,f1a1555c,0.999
1456351561.0,1dbcc94c,1.059
1456351561.0,170c9bf0,1.019
1456351561.0,102821f8,1.049
1456351561.0,fa662b00,0.989
1456351561.0,d3db6e64,1.039
1456351561.0,f4e35d1f,1.019
1456351561.0,f8874753,1.029
1456351561.0,4369b2a7,1.009
1456351561.0,39c4256a,0.989
1456351561.0,73025102,1.009
1456351561.0,f245c083,1.059
1456351561.0,52628b2e,0.999
1456351561.0,2229a37a,0.989
1456351561.0,2d3b0c15,0.999
1456351561.0,c00a63fa,1.009
1456351561.0,54fc2b4c,1.059
1456351561.0,c9c72865,1.029
1456351561.0,4ad60c88,1.029
1456351561.0,48b393b2,0.999
1456351561.0,4f60f2d3,1.029
1456351561.0,7300bd43,1.019
1456351561.0,c95ebb24,0.999
1456351561.0,87c05c40,1.059
1456351561.0,b683841e,1.009
1456351561.0,b0599356,1.059
1456351561.0,2a45cfbb,0.999
1456351561.0,8792c041,1.159
1456351561.0,535e45c7,0.999
1456351561.0,6540cb14,0.999
1456351561.0,82786d09,0.999
1456351561.0,64cf2668,1.039
1456351561.0,bcb00f3f,1.029
1456351561.0,1d5b89e9,0.979
1456351561.0,1623a484,1.099
1456351561.0,e7aa0c08,0.999
1456351561.0,01f93c7c,1.019
1456351561.0,72c6e33b,0.999
1456351561.0,badcf1ca,0.989
1456351561.0,60ccb68d,1.019
1456351561.0,4a2d620a,1.009
1456351561.0,44f80f34,1.009
1456351561.0,e71f7bdd,0.999
1456351561.0,b4c8d60e,0.999
1456351561.0,11e2fc79,1.129
1456351561.0,61c492dd,0.999
1456351561.0,802f8091,1.009
1456351561.0,fe454b1d,0.999
1456351561.0,f37a54f6,0.999
1456351561.0,b0f4b28e,1.009
1456351561.0,626660bc,1.159
1456351561.0,f60a2c42,1.029
1456351561.0,f63ac751,0.989
1456351561.0,97c2b006,0.999
1456351561.0,18429d44,1.159
1456351561.0,bbe091e3,0.989
1456351561.0,5e11d4e5,0.999
1456351561.0,4a1fb5a4,1.009
1456351561.0,66571899,0.999
1456351561.0,b42c9802,1.029
1456351561.0,1c358963,1.009
1456351561.0,6ad0086e,0.989
1456351561.0,8b783ddd,1.059
1456351561.0,7e7b7769,1.159
1456351561.0,3bc88d25,1.029
1456351561.0,d2823b8f,1.159
1456351561.0,f574fa00,0.999
1456351561.0,088d1639,1.039
1456351561.0,4b71d2b1,1.019
1456351561.0,346b37d2,0.999
1456351561.0,7fc9d4ff,1.009
1456351561.0,49c222c8,1.059
1456351561.0,fb6a534f,0.989
1456351561.0,81529fdc,0.999
1456351561.0,,1.029
1456351561.0,f7f58a1b,1.149
1456351561.0,ffbaf0fd,1.029
1456351561.0,70f57512,0.999
1456351561.0,8bd3b9de,1.029
1456351561.0,af766fc5,1.009
1456351561.0,,1.019
1456351561.0,aebeb22e,1.059
1456351561.0,6c2590c1,1.129
1456351561.0,8fb53921,0.989
1456351561.0,151efb9f,0.999
1456351561.0,c8dd66ee,1.159
1456351561.0,0f42eed0,1.019
1456351561.0,3b980bc9,1.029
1456351561.0,3f2e3b3e,1.009
1456351561.0,1b4a9928,1.029
1456351561.0,5ab60468,1.059
1456351561.0,5985a6df,1.009
1456351561.0,24797e98,1.029
1456351561.0,f654bb63,1.009
1456351561.0,b8aae107,0.989
1456351561.0,1422263b,0.939
1456351561.0,49c3be27,1.039
1456351561.0,868d1b66,0.989
1456351561.0,82ca3bd9,0.989
1456351561.0,4100c9dd,1.059
1456351561.0,ec3feaec,1.009
1456351561.0,55c0201d,0.989
1456351561.0,49925c42,1.059
1456351561.0,ba5edf8a,1.029
1456351561.0,1a23b0f9,0.999
1456351561.0,8b68e5d5,1.019
1456351561.0,974e5578,0.999
1456351561.0,ab937a23,1.019
1456351561.0,9a246c9a,1.029
1456351561.0,21fb52c4,1.019
1456351561.0,a74299cc,0.989
1456351561.0,550ebfc1,0.999
1456351561.0,997de382,1.059
1456351561.0,f4333371,1.029
1456351561.0,,1.019
1456351561.0,3ad4d1ba,1.019
1456351561.0,8f098aa2,1.019
1456351561.0,98f928d6,0.999
1456351561.0,9eb48657,1.029
1456351561.0,2fe25570,0.989
1456351561.0,86eb854d,0.999
1456351561.0,4248b1c7,1.029
1456351561.0,7b8d5b92,0.999
1456351561.0,496a23e0,1.009
1456351561.0,24a70c08,0.999
1456351561.0,f9347e34,0.999
1456351561.0,a2be7bcb,1.029
1456351561.0,7cf7e16b,1.019
1456351561.0,d319e0cd,1.039
1456351561.0,8a3aa486,0.999
1456351561.0,4a7d41a5,0.979
1456351561.0,d3c31af6,1.029
1456351561.0,85872f93,1.019
1456351561.0,8bdb8e4d,1.019
1456351561.0,cddfdc78,1.009
1456351561.0,2b428719,0.999
1456351561.0,4abdf635,1.019
1456351561.0,cb8edd06,0.989
1456351561.0,fb9f21b7,1.059
1456351561.0,765dab48,0.999
1456351561.0,d0b3d48c,0.999
1456351561.0,460a08a3,0.999
1456351561.0,46950b68,0.979
1456351561.0,63038217,1.059
1456351561.0,fb5125c0,0.999
1456351561.0,f060b95e,1.009
1456351561.0,d1749881,1.129
1456351561.0,8149fe8b,1.029
1456351561.0,9f51dbf4,0.989
1456351561.0,cdb901b1,0.999
1456351561.0,538c9b65,1.159
1456351561.0,b806e359,0.999
1456351561.0,ce0bd00f,1.049
1456351561.0,432fc77d,1.059
1456351561.0,3edff2fe,1.029
1456351561.0,fdf7f420,0.929
1456351561.0,066fd5f7,1.159
1456351561.0,95ab5a1d,1.059
1456351561.0,456b0585,1.059
1456351561.0,0345dfe7,1.029
1456351561.0,ccecf336,0.999
1456351561.0,725ea57f,1.079
1456351561.0,2c5f3e59,0.979
1456351561.0,0e6789c0,0.999
1456351561.0,5effda31,1.029
1456351561.0,a2e94245,1.009
1456351561.0,a182ab0c,1.019
1456351561.0,37df3e29,1.059
1456351561.0,9f4bb5cf,1.029
1456351561.0,a5cc92b9,1.029
1456351561.0,04a6f941,1.019
1456351561.0,d6d4b842,1.009
1456351561.0,ebb75b25,1.059
1456351561.0,3af55c11,0.989
1456351561.0,531354ab,1.009
1456351561.0,be912b8a,0.999
1456351561.0,51ef56f1,0.999
1456351561.0,2d4ea0c1,0.999
1456351561.0,332d02ad,1.059
1456351561.0,d4a3f247,0.999
1456351561.0,16cc4c6d,1.019
1456351561.0,9b8b3fcc,1.039
1456351561.0,b7488969,1.019
1456351561.0,c10bd90f,1.129
1456351561.0,d3a16954,0.979
1456351561.0,cfbd6d9d,0.999
1456351561.0,7e9106b6,1.019
1456351561.0,48a1c30a,1.089
1456351561.0,e82185b8,0.999
1456351561.0,2735badd,1.029
1456351561.0,87bbe419,1.029
1456351561.0,dff89479,1.059
1456351561.0,95e23a71,1.029
1456351561.0,1388562b,1.009
1456351561.0,b445540d,1.009
1456351561.0,dd490099,0.999
1456351561.0,93aae403,1.049
1456351561.0,2174c3f9,0.999
1456351561.0,c88375ec,1.029
1456351561.0,48314cda,0.999
1456351561.0,8035b52d,0.999
1456351561.0,33d0d5fb,0.999
1456351561.0,48aac8e9,1.029
1456351561.0,7c5bbb7e,1.029
1456351561.0,2a639c5a,0.999
1456351561.0,35ef9d63,0.999
1456351561.0,5fcd0ac6,1.009
1456351561.0,af5a4fe6,0.999
1456351561.0,9479cc1c,0.979
1456351561.0,6169c430,1.059
1456351561.0,42c34934,1.029
1456351561.0,06de41d8,0.999
1456351561.0,ac9715c2,1.019
1456351561.0,2cf175a8,1.019
1456351561.0,aadb880b,0.999
1456351561.0,d22c2ab6,1.159
1456351561.0,e9d5d1a1,1.029
1456351561.0,2d2c9c3f,0.999
1456351561.0,179709d6,1.069
1456351561.0,78ed45ec,1.159
1456351561.0,302c9dc6,1.029
1456351561.0,4aa96079,1.009
1456351561.0,698d5fbc,0.999
1456351561.0,db414715,1.009
1456351561.0,fea5f4ce,1.029
1456351561.0,f9e46da5,0.989
1456351561.0,58a914d5,0.999
1456351561.0,31d0c179,0.969
1456351561.0,2b797ecc,1.049
1456351561.0,aa42d9a3,0.999
1456351561.0,bd4d552d,1.129
1456351561.0,1484001b,0.999
1456351561.0,f6bf784e,1.059
1456351561.0,dcbbade5,0.979
1456351561.0,39f820cc,1.019
1456351561.0,bcc9307a,0.999
1456351561.0,0496cd5a,1.029
1456351561.0,c8b41091,1.029
1456351561.0,39614aa8,0.999
1456351561.0,234744ea,1.029
1456351561.0,91d18db5,1.009
1456351561.0,8b2f9092,1.019
1456351561.0,bfa3a95a,0.999
1456351561.0,a2c4c052,0.999
1456351561.0,109dc483,1.029
1456351561.0,f06281fb,1.009
1456351561.0,1edee463,1.059
1456351561.0,ad852670,1.009
1456351561.0,857beb4a,1.009
1456351561.0,286b8a57,0.999
1456351561.0,ee372f15,0.999
1456351561.0,5c49f018,1.009
1456351561.0,3f1e04e5,0.999
1456351561.0,df98ca08,1.009
1456351561.0,cfeaab1a,1.009
1456351561.0,868b1b31,1.009
1456351561.0,10ffd5b9,0.989
1456351561.0,b18611aa,0.999
1456351561.0,c24a4e37,1.159
1456351561.0,acd225f7,1.019
1456351561.0,a83f530e,1.009
1456351561.0,d98fe3f5,1.084
1456351561.0,dac4fe2a,0.909
1456351561.0,3de6c3ca,1.019
1456351561.0,769eb8e0,0.999
1456351561.0,c3326313,1.009
1456351561.0,aafab111,1.009
1456351561.0,b8088ed5,1.009
1456351561.0,c0a4aa92,0.989
1456351561.0,0800eb0f,1.149
1456351561.0,536d9ac3,1.159
1456351561.0,b3898d20,0.999
1456351561.0,01b26f60,1.019
1456351561.0,ace1257e,0.999
1456351561.0,77906f99,1.029
1456351561.0,9426443b,0.999
1456351561.0,5c94a7d8,0.999
1456351561.0,28277250,1.009
1456351561.0,1d63d5a1,0.989
1456351561.0,f29f4dbd,1.029
1456351561.0,691d5ce3,1.029
1456351561.0,0c37347b,0.999
1456351561.0,ce2ccf2c,0.999
1456351561.0,4272bb90,0.999
1456351561.0,b040c821,0.999
1456351561.0,990757d8,1.059
1456351561.0,82f98249,0.999
1456351561.0,d2eebffb,1.009
1456351561.0,ea00d8f0,1.009
1456351561.0,aa9ca821,1.019
1456351561.0,765b33b7,0.989
1456351561.0,9473c28b,1.009
1456351561.0,029bff95,1.009
1456351561.0,9536d208,1.029
1456351561.0,5ff6d4e2,1.029
1456351561.0,943913cb,1.019
1456351561.0,a3813b89,0.989
1456351561.0,e3c6260c,1.009
1456351561.0,17548179,1.019
1456351561.0,c6a933fe,1.029
1456351561.0,93656c34,1.009
1456351561.0,6a5c522a,1.029
1456351561.0,3ded8d7a,1.039
1456351561.0,50b6cf61,0.999
1456351561.0,2b4f9432,0.999
1456351561.0,8b4986e3,0.969
1456351561.0,315c0c34,0.949
1456351561.0,d1b1547c,1.129
1456351561.0,54ad26b8,0.999
1456351561.0,74e89a36,1.009
1456351561.0,672e6c5e,1.039
1456351561.0,1b21d50b,0.999
1456351561.0,392b75a8,0.999
1456351561.0,84839580,1.069
1456351561.0,0c1335db,1.009
1456351561.0,704bc7f2,1.009
1456351561.0,be48bbf9,1.019
1456351561.0,ee2e8a1d,0.999
1456351561.0,b26d9567,1.039
1456351561.0,6e17970f,1.029
1456351561.0,2445bcef,0.969
1456351561.0,504126f8,1.029
1456351561.0,ac5fa96a,0.999
1456351561.0,34cd760d,1.079
1456351561.0,39e2b6d0,1.009
1456351561.0,6279da87,0.989
1456351561.0,708c9a0d,1.009
1456351561.0,d375e9a2,1.019
1456351561.0,d73f9554,1.019
1456351561.0,0afde6c7,0.999
1456351561.0,df5c751f,0.999
1456351561.0,25a4e3ad,0.989
1456351561.0,3ef0b5d2,0.989
1456351561.0,20836cd8,1.029
1456351561.0,9a36bae8,0.999
1456351561.0,2abd710b,1.029
1456351561.0,b75d609f,0.999
1456351561.0,f11ba63d,1.009
1456351561.0,5580f197,1.029
1456351561.0,3f871f58,1.029
1456351561.0,7029afbd,0.999
1456351561.0,4e694e7a,1.029
1456351561.0,bbf6435f,0.999
1456351561.0,b636f504,1.029
1456351561.0,ae9a3b9d,0.999
1456351561.0,95434626,0.999
1456351561.0,14a4c386,0.999
1456351561.0,1170df4a,0.989
1456351561.0,4719c036,0.999
1456351561.0,054cfa5d,0.989
1456351561.0,cbb493e1,1.029
1456351561.0,e433bf13,0.999
1456351561.0,66a1358d,1.029
1456351561.0,612f96e1,1.019
1456351561.0,c98bc98a,0.999
1456351561.0,c6f8f2a3,0.999
1456351561.0,901e7c74,1.029
1456351561.0,e6c2b040,1.029
1456351561.0,f03c398a,0.969
1456351561.0,f28e5efe,0.999
1456351561.0,36294039,0.999
1456351561.0,d0e23872,1.019
1456351561.0,e46e4bee,1.009
1456351561.0,243c29de,1.019
1456351561.0,3d05e45a,0.999
1456351561.0,7387afcd,0.999
1456351561.0,85676e8b,1.009
1456351561.0,350b5605,0.999
1456351561.0,dde804b5,1.159
1456351561.0,7117e5bf,1.009
1456351561.0,62f495a7,0.969
1456351561.0,f28d04f5,1.129
1456351561.0,e37dd80a,0.999
1456351561.0,c257e761,0.979
1456351561.0,4046803d,1.039
1456351561.0,33caf979,0.999
1456351561.0,1746d28b,1.159
1456351561.0,81f221f2,0.989
1456351561.0,90cee554,1.029
1456351561.0,034f42f5,1.029
1456351561.0,d351cb6a,1.009
1456351561.0,f73244c0,0.989
1456351561.0,978bcc85,0.999
1456351561.0,3ebf0a56,1.059
1456351561.0,3982c15e,1.019
1456351561.0,da19dfd3,1.079
1456351561.0,196134a5,1.019
1456351561.0,6cf9c77a,0.999
1456351561.0,0e5d84cd,1.009
1456351561.0,e4b1c6fb,0.999
1456351561.0,c834e637,1.079
1456351561.0,4ab9094d,1.009
1456351561.0,5ab36501,1.059
1456351561.0,20df8dd2,1.019
1456351561.0,72e91f24,0.979
1456351561.0,98677b5e,1.019
1456351561.0,37bbaa9d,0.999
1456351561.0,388c693e,1.009
1456351561.0,7ba3471a,0.999
1456351561.0,e2e13a04,1.049
1456351561.0,1744da60,1.079
1456351561.0,dacc3a3f,0.959
1456351561.0,95256814,1.029
1456351561.0,a46de094,1.009
1456351561.0,98e26149,0.979
1456351561.0,b551edc5,1.009
1456351561.0,7f2cf706,0.979
1456351561.0,b77ce910,0.979
1456351561.0,6587d030,0.979
1456351561.0,c6343770,0.979
1456351561.0,e5e737e8,1.009
1456351561.0,78daa5b5,0.989
1456351561.0,c5d7d298,0.979
1456351561.0,5bf41255,0.989
1456351561.0,7e1e9940,0.979
1456351561.0,8bb26207,0.999
1456351561.0,59c3c78c,1.009
1456351561.0,7c8f8d4d,0.979
1456351561.0,df7154f6,0.979
1456351561.0,fbd0490f,1.009
1456351561.0,d853e5e4,0.979
1456351561.0,a2c0fdb0,1.009
1456351561.0,bf20d0c1,1.009
1456351561.0,afd35ba0,0.979
1456351561.0,85bf59ba,0.979
1456351561.0,5fede4f0,0.989
1456351561.0,8714c0df,0.989
1456351561.0,129d1493,0.989
1456351561.0,d790573d,0.979
1456351561.0,f47f4232,0.979
1456351561.0,b9535339,0.979
1456351561.0,cfaad8a4,1.009
1456351561.0,9e78816a,1.009
1456351561.0,8d433ec5,1.019
1456351561.0,e00ca8bb,1.029
1456351561.0,46dc9054,0.999
1456351561.0,d3549133,0.999
1456351561.0,b6bd8b96,0.989
1456351561.0,a0239e5c,0.999
1456351561.0,6ad7e90e,0.989
1456351561.0,e17ef357,1.009
1456351561.0,cd9d922f,0.999
1456351561.0,367e0536,1.019
1456351561.0,680fd459,1.059
1456351561.0,,1.019
1456351561.0,44f748b5,1.009
1456351561.0,5d9df6f0,1.009
1456351561.0,9bc16c2e,0.989
1456351561.0,481c090b,0.999
1456351561.0,862d0257,0.999
1456351561.0,e4ce7a68,1.059
1456351561.0,3f290ee2,0.969
1456351561.0,441c3937,1.009
1456351561.0,9ac3ac4d,0.999
1456351561.0,95924e15,1.129
1456351561.0,476697da,0.999
1456351561.0,e5ccd3f7,0.999
1456351561.0,2a753e23,0.979
1456351561.0,cb91687d,1.019
1456351561.0,5181eba5,1.029
1456351561.0,eaaeb33a,0.989
1456351561.0,d983a1c7,0.979
1456351561.0,a372d56c,0.979
1456351561.0,974d725c,0.999
1456351561.0,369fd22f,0.999
1456351561.0,923a028b,1.029
1456351561.0,304a6497,0.999
1456351561.0,4d47a676,1.129
1456351561.0,8b66ac81,1.009
1456351561.0,22e6cf1d,0.999
1456351561.0,38fda503,1.019
1456351561.0,8405466d,0.999
1456351561.0,af343ad6,1.009
1456351561.0,d34f18ac,1.029
1456351561.0,4bb19235,0.989
1456351561.0,e305ccae,1.019
1456351561.0,6aa930e9,0.999
1456351561.0,ca39cb77,1.129
1456351561.0,379a6719,0.929
1456351561.0,17e982d2,1.029
1456351561.0,402dea62,1.009
1456351561.0,f7f51e72,1.019
1456351561.0,74c7be75,1.049
1456351561.0,f4ec92d7,1.119
1456351561.0,df7edd4e,1.009
1456351561.0,f5234ec2,0.999
1456351561.0,1636cb5c,1.159
1456351561.0,fdd8eb18,1.079
1456351561.0,14b80428,0.989
1456351561.0,cadf0fec,0.979
1456351561.0,8b3bba8f,1.159
1456351561.0,,1.019
1456351561.0,7c245713,0.989
1456351561.0,18db456a,1.029
1456351561.0,3b38e104,1.009
1456351561.0,d497f4b5,0.999
1456351561.0,9e4a151c,1.009
1456351561.0,53d76725,1.149
1456351561.0,e173589c,0.999
1456351561.0,8222952d,1.159
1456351561.0,e07b502e,1.019
1456351561.0,dadcaa77,0.999
1456351561.0,6fefe9a7,1.009
1456351561.0,10f309c6,0.999
1456351561.0,c2c9a813,1.019
1456351561.0,e4d02e08,1.059
1456351561.0,c6c3a80a,1.039
1456351561.0,69fc95ea,0.999
1456351561.0,b1020387,0.999
1456351561.0,925baf40,0.999
1456351561.0,1b2716b3,0.999
1456351561.0,1d2f1425,0.989
1456351561.0,b93a61f3,0.989
1456351561.0,fc8f41b2,0.989
1456351561.0,bccaf145,0.989
1456351561.0,c9e84600,0.999
1456351561.0,fbe424bb,0.999
1456351561.0,02a3ff50,0.989
1456351561.0,1054110c,0.984
1456351561.0,dc944647,0.989
1456351561.0,27ed450f,0.989
1456351561.0,c973ec97,1.029
1456351561.0,1fe05a5f,0.999
1456351561.0,ae7f358a,1.009
1456351561.0,,1.019
1456351561.0,3cb9cc00,0.989
1456351561.0,107d750c,0.989
1456351561.0,5d0bbc06,0.989
1456351561.0,e1936457,0.989
1456351561.0,4d4b1ca0,0.989
1456351561.0,6b62f260,0.969
1456351561.0,f720cc81,0.989
1456351561.0,0c74abc4,0.989
1456351561.0,2c946e5c,0.989
1456351561.0,5a549ff7,0.989
1456351561.0,9aab0c6c,0.989
1456351561.0,55a8bcfb,0.989
1456351561.0,d9461dd7,1.019
1456351561.0,b9d3793b,0.989
1456351561.0,019e00fb,0.989
1456351561.0,27824fdf,0.989
1456351561.0,524d848c,0.989
1456351561.0,8ec1148e,0.989
1456351561.0,dc4c222b,0.989
1456351561.0,bc4de9b2,0.999
1456351561.0,46ad9f53,0.989
1456351561.0,89ed2644,0.999
1456351561.0,7144f556,0.989
1456351561.0,677b8f35,0.989
1456351561.0,,0.989
1456351561.0,27d9a178,0.989
1456351561.0,d2e84b49,0.989
1456351561.0,,0.989
1456351561.0,09d54524,0.989
1456351561.0,2e474264,0.989
1456351561.0,f4070bfa,1.009
1456351561.0,186f9d64,0.969
1456351561.0,0a194365,1.009
1456351561.0,113fe84c,0.999
1456351561.0,f7e10e7b,1.019
1456351561.0,ab3fb92f,1.029
1456351561.0,1cdbfafd,0.989
1456351561.0,74b98eac,0.999
1456351561.0,94ce365f,0.989
1456351561.0,19cfa34e,1.009
1456351561.0,1d4a06c1,1.019
1456351561.0,c7cf7e3e,1.039
1456351561.0,2492502b,1.019
1456351561.0,2ebe0a5d,1.019
1456351561.0,99125e73,1.019
1456351561.0,d99ae405,1.009
1456351561.0,85b5c3d8,1.019
1456351561.0,9220c62a,1.009
1456351561.0,6b47dc33,1.029
1456351561.0,c1f19463,1.159
1456351561.0,2a2b022b,1.039
1456351561.0,0d1f648e,1.029
1456351561.0,26e8cf72,1.009
1456351561.0,36ba87a1,0.989
1456351561.0,e4ee5ec7,0.929
1456351561.0,dcde1f7c,0.999
1456351561.0,5c197824,0.999
1456351561.0,4349fbc3,1.019
1456351561.0,238a9662,1.019
1456351561.0,8de01e99,1.009
1456351561.0,,1.009
1456351561.0,d8b88152,1.019
1456351561.0,7c85d6ed,1.009
1456351561.0,606d52e3,1.169
1456351561.0,18e5d4af,1.019
1456351561.0,669a039e,0.999
1456351561.0,2fc85e52,1.009
1456351561.0,bf816140,0.999
1456351561.0,5f9ac3b1,1.009
1456351561.0,702727ef,1.019
1456351561.0,c2e9c850,0.989
1456351561.0,aea3825a,1.019
1456351561.0,1489e7c1,0.979
1456351561.0,617ff48b,1.029
1456351561.0,,1.019
1456351561.0,cbd615c9,1.029
1456351561.0,f36918b0,0.989
1456351561.0,f9e7f183,0.989
1456351561.0,5eb29de6,0.989
1456351561.0,b57a6a63,1.009
1456351561.0,bd8bd0ef,1.049
1456351561.0,7475385b,1.009
1456351561.0,cf09734d,1.019
1456351561.0,2278ee7b,0.969
1456351561.0,58d29ccf,0.979
1456351561.0,70692280,1.029
1456351561.0,6d0c8ba1,0.999
1456351561.0,ba815d55,0.979
1456351561.0,72ec8a0d,0.989
1456351561.0,32e6abfd,1.009
1456351561.0,722c9387,1.009
1456351561.0,1720dec9,1.009
1456351561.0,944ee682,1.129
1456351561.0,632d8c88,0.999
1456351561.0,cb814e8e,1.029
1456351561.0,6655797e,0.989
1456351561.0,0bae1b96,0.999
1456351561.0,4d5f25c7,1.059
1456351561.0,345d440e,0.989
1456351561.0,747529c4,0.969
1456351561.0,fcfde105,1.029
1456351561.0,dd530bc1,0.999
1456351561.0,08aa7fc0,0.999
1456351561.0,fee76af5,1.019
1456351561.0,82a2717a,1.059
1456351561.0,df8d090e,0.979
1456351561.0,842da93a,1.129
1456351561.0,801fe77a,0.999
1456351561.0,6244903c,1.019
1456351561.0,7fc72456,0.999
1456351561.0,e2724c55,1.009
1456351561.0,06a2513a,1.009
1456351561.0,71e79520,1.089
1456351561.0,22609e3d,0.989
1456351561.0,7cf2b30a,1.009
1456351561.0,6184a86d,0.999
1456351561.0,4f807f9a,1.019
1456351561.0,a711b7d5,1.009
1456351561.0,c6e11963,0.999
1456351561.0,bcdeefc3,1.009
1456351561.0,994f9854,1.019
1456351561.0,2787cfe0,1.019
1456351561.0,85711ea4,1.029
1456351561.0,2132d21b,0.999
1456351561.0,7ae317da,1.019
1456351561.0,24a245f5,1.039
1456351561.0,c26e2bbb,0.979
1456351561.0,9cb727d2,1.029
1456351561.0,f8289047,0.989
1456351561.0,c07a946a,1.119
1456351561.0,b5ff1b6a,1.029
1456351561.0,0b152e4a,1.029
1456351561.0,0b617cbb,0.999
1456351561.0,837ae634,1.059
1456351561.0,a35401af,0.999
1456351561.0,8f6f71cb,1.059
1456351801.0,3ae6396e,0.995
1456351801.0,fc134cb6,1.009
1456351801.0,421e1e29,0.999
1456351801.0,5f00ab6a,1.029
1456351801.0,79fb50bd,0.999
1456351801.0,e75954a3,0.999
1456351801.0,7f0a95e2,1.009
1456351801.0,047ea646,0.999
1456351801.0,f0d132f4,1.024
1456351801.0,39213e3c,0.999
1456351801.0,2426c149,0.999
1456351801.0,a5de87b9,1.029
1456351801.0,22ec99c7,0.999
1456351801.0,242f842b,0.999
1456351801.0,ed94db5a,1.029
1456351801.0,a3827856,0.999
1456351801.0,54ea7147,0.999
1456351801.0,54f6175e,0.999
1456351801.0,0e65094f,0.999
1456351801.0,a979524c,0.999
1456351801.0,6894d9e7,1.029
1456351801.0,08311643,0.999
1456351801.0,4ca12111,1.029
1456351801.0,8175f3cb,1.029
1456351801.0,bb34b27f,1.029
1456351801.0,e76cdeb7,1.029
1456351801.0,4cee5beb,1.029
1456351801.0,fc64f929,0.999
1456351801.0,75c0c33d,1.029
1456351801.0,304be57d,1.039
1456351801.0,c4f355fb,1.029
1456351801.0,f15b5390,1.029
1456351801.0,debd4594,1.029
1456351801.0,24c10ff0,1.029
1456351801.0,9cdd4f3a,1.029
1456351801.0,c8fac997,1.029
1456351801.0,5bf5865e,0.979
1456351801.0,99d46a35,0.999
1456351801.0,c6d2e518,1.029
1456351801.0,7b80d32c,1.029
1456351801.0,605da2e4,1.029
1456351801.0,a6e2e315,0.989
1456351801.0,ddd15cbb,1.029
1456351801.0,2d591431,1.029
1456351801.0,806e5051,1.029
1456351801.0,1d57ebaf,1.029
1456351801.0,87531960,1.029
1456351801.0,dcbfbcf3,0.999
1456351801.0,e63a5c48,1.019
1456351801.0,6fb67f4c,1.029
1456351801.0,c060503d,1.029
1456351801.0,d9de1886,1.029
1456351801.0,234c6f7e,0.989
1456351801.0,9d2b8c43,1.029
1456351801.0,8eea76a1,0.999
1456351801.0,190c7dc9,1.029
1456351801.0,2410740f,1.029
1456351801.0,f4eea80c,1.029
1456351801.0,2a00611c,1.029
1456351801.0,acb93b88,1.029
1456351801.0,302b9338,1.029
1456351801.0,d98c0af9,1.029
1456351801.0,5550eba8,1.029
1456351801.0,d991f8d3,1.029
1456351801.0,1e9c1caa,1.029
1456351801.0,ac4f6a54,1.029
1456351801.0,c1772f1e,1.029
1456351801.0,5f3ccc40,1.029
1456351801.0,13b8b105,1.079
1456351801.0,ee45ac15,0.999
1456351801.0,761dd171,1.029
1456351801.0,ca1add7b,1.039
1456351801.0,d4770cdf,1.029
1456351801.0,112e83a5,1.029
1456351801.0,b2c67780,1.029
1456351801.0,da5389d9,1.079
1456351801.0,ad0995a1,1.029
1456351801.0,cfc34477,1.029
1456351801.0,f6703dce,1.029
1456351801.0,5bf4abd4,1.059
1456351801.0,3b937318,1.029
1456351801.0,2b390ecb,0.989
1456351801.0,d52f4585,1.029
1456351801.0,d20092c4,0.979
1456351801.0,01decbb4,1.079
1456351801.0,76b80c65,1.029
1456351801.0,bd45085f,1.029
1456351801.0,2778bb34,1.029
1456351801.0,0d662c07,1.159
1456351801.0,48fe97ef,1.029
1456351801.0,829bd977,0.989
1456351801.0,2753be9b,1.059
1456351801.0,572bb7e5,1.029
1456351801.0,008b0fac,1.029
1456351801.0,0e1fdace,1.029
1456351801.0,daa4d1d7,1.029
1456351801.0,d489f647,1.029
1456351801.0,93da27ed,1.029
1456351801.0,e5b5fd93,0.999
1456351801.0,6a8da366,1.029
1456351801.0,215c30e8,1.029
1456351801.0,7b9f0ef9,1.029
1456351801.0,6229a06b,1.079
1456351801.0,24f83a95,0.999
1456351801.0,b6583eaf,1.029
1456351801.0,4782d6e5,1.029
1456351801.0,a470edc3,1.029
1456351801.0,0622b5eb,1.029
1456351801.0,04364ad2,0.999
1456351801.0,0722a606,1.029
1456351801.0,f0d7ea8a,0.999
1456351801.0,f3608951,1.029
1456351801.0,bc235ee2,1.029
1456351801.0,c67cc2dd,1.029
1456351801.0,9fad7fea,1.029
1456351801.0,84cd3ae4,1.029
1456351801.0,ddd25787,1.029
1456351801.0,2f231204,1.029
1456351801.0,9baa546c,1.029
1456351801.0,de376e73,1.029
1456351801.0,d500f94f,1.029
1456351801.0,711d036b,1.029
1456351801.0,84b346b1,1.029
1456351801.0,14d6c87e,1.029
1456351801.0,adc04be9,1.059
1456351801.0,37e9ba19,1.029
1456351801.0,30ab5003,1.029
1456351801.0,dcd7801a,0.999
1456351801.0,6b347fa9,1.029
1456351801.0,05976f26,1.029
1456351801.0,69a2d28e,1.159
1456351801.0,982ef9d8,1.029
1456351801.0,41266bc4,1.029
1456351801.0,03cdbd16,1.029
1456351801.0,45edf39e,1.029
1456351801.0,8661e539,1.019
1456351801.0,af622e10,1.029
1456351801.0,9c044e4f,1.029
1456351801.0,b3e6c96a,1.029
1456351801.0,fce0e5a7,0.949
1456351801.0,,1.029
1456351801.0,75096bd1,1.029
1456351801.0,2d55bf5c,0.999
1456351801.0,68a4ad40,1.029
1456351801.0,c6d444e1,1.029
1456351801.0,2f8220df,1.029
1456351801.0,f77aa11c,0.999
1456351801.0,43973ab1,0.999
1456351801.0,3bb3ff25,0.999
1456351801.0,adb0e3b5,1.029
1456351801.0,c7316ab3,1.029
1456351801.0,632dad6b,1.029
1456351801.0,31993f75,0.999
1456351801.0,d0af3229,0.949
1456351801.0,0d8a8599,1.079
1456351801.0,98cd55ee,0.999
1456351801.0,50acf721,1.029
1456351801.0,0dac1cdc,1.139
1456351801.0,6735727d,0.999
1456351801.0,df1d2009,1.029
1456351801.0,09a6cc4e,1.029
1456351801.0,6ef6d6cb,1.079
1456351801.0,f38a8e26,1.029
1456351801.0,7cdcdb86,1.029
1456351801.0,8a3a3f10,1.029
1456351801.0,9bf2ca69,1.029
1456351801.0,81b4d248,0.959
1456351801.0,41e7918d,1.029
1456351801.0,8b1f5a6f,1.029
1456351801.0,ed417fe5,1.029
1456351801.0,eaa98c1c,1.029
1456351801.0,2cdb8a62,1.029
1456351801.0,5e363c03,1.029
1456351801.0,ab11e935,1.029
1456351801.0,27707ee4,1.159
1456351801.0,6dd14a95,0.969
1456351801.0,c89e4e5e,1.059
1456351801.0,f3ffc72b,1.029
1456351801.0,92e92fe0,1.029
1456351801.0,05c633c8,1.059
1456351801.0,a676af82,1.029
1456351801.0,e5b18dec,1.029
1456351801.0,0f173106,1.029
1456351801.0,28c041df,1.029
1456351801.0,251b8d8a,1.029
1456351801.0,37f61ca4,1.029
1456351801.0,a08d8ae6,1.139
1456351801.0,944eaea5,1.009
1456351801.0,deb0665c,1.029
1456351801.0,5318f3a8,1.029
1456351801.0,7ffdf9e7,0.999
1456351801.0,149d33f0,1.029
1456351801.0,4cd27bd4,0.999
1456351801.0,145d5525,1.039
1456351801.0,f4accce7,1.029
1456351801.0,6aba45bf,1.049
1456351801.0,3c4c7ab9,1.029
1456351801.0,de4dfcb8,1.029
1456351801.0,a339bf1e,0.999
1456351801.0,aff519f2,1.029
1456351801.0,d7d438ac,1.029
1456351801.0,a0a636f9,0.999
1456351801.0,9f28cd19,1.029
1456351801.0,07e43968,0.999
1456351801.0,f3afc9a9,0.939
1456351801.0,c6306633,1.029
1456351801.0,b615461b,1.029
1456351801.0,d15de565,1.009
1456351801.0,121ea079,1.029
1456351801.0,34062783,0.989
1456351801.0,c35a371d,0.999
1456351801.0,,1.029
1456351801.0,65c13d89,0.999
1456351801.0,c575cb16,1.029
1456351801.0,65d0c0de,1.029
1456351801.0,1223090e,0.999
1456351801.0,894d4a6d,0.999
1456351801.0,3cfdda94,0.979
1456351801.0,403a1c86,1.029
1456351801.0,d04dc22d,1.029
1456351801.0,d9d4a6fe,1.029
1456351801.0,9ec908ec,1.029
1456351801.0,34c23076,0.999
1456351801.0,acf0a7d7,1.029
1456351801.0,959e5dd8,1.029
1456351801.0,e592b5d0,0.979
1456351801.0,f8ebbae1,1.029
1456351801.0,c69497b1,1.029
1456351801.0,8d9a1e0c,0.999
1456351801.0,09798ba9,1.029
1456351801.0,c9cc0c6b,1.139
1456351801.0,64da7e72,1.029
1456351801.0,52932f4e,1.029
1456351801.0,d088285e,1.029
1456351801.0,c680f14f,1.029
1456351801.0,2ff0d839,0.999
1456351801.0,410ba324,1.029
1456351801.0,6f96e265,1.029
1456351801.0,adf8dffc,1.029
1456351801.0,86e62d91,1.029
1456351801.0,c9d1727e,1.029
1456351801.0,6866a590,1.029
1456351801.0,fb589379,1.029
1456351801.0,a7eae27d,1.029
1456351801.0,0720a96f,1.029
1456351801.0,f6d88954,1.029
1456351801.0,4afaa787,1.029
1456351801.0,7ad9a6eb,1.029
1456351801.0,3b06308c,1.029
1456351801.0,,1.029
1456351801.0,70efa82e,1.029
1456351801.0,9612e9a3,1.029
1456351801.0,,1.029
1456351801.0,661c5630,1.029
1456351801.0,9dca124a,1.029
1456351801.0,1548bd57,0.979
1456351801.0,39c5a6e0,1.089
1456351801.0,efc3cb20,1.029
1456351801.0,0ee1a63f,1.029
1456351801.0,1c370637,1.029
1456351801.0,c6729739,1.029
1456351801.0,a8918363,1.029
1456351801.0,74e674a6,1.059
1456351801.0,f735a69d,1.029
1456351801.0,4d7d95fb,0.989
1456351801.0,f084458d,1.029
1456351801.0,ec0f640c,1.029
1456351801.0,6819963e,0.989
1456351801.0,123a197a,1.029
1456351801.0,6bd14210,1.029
1456351801.0,72162ebe,1.079
1456351801.0,027604d9,0.999
1456351801.0,62f9d469,0.989
1456351801.0,e7848d8d,1.029
1456351801.0,488e0fcf,0.999
1456351801.0,0f1ef6bd,1.029
1456351801.0,f141ff6e,1.029
1456351801.0,63796bb7,1.029
1456351801.0,03719a0b,1.029
1456351801.0,7964974d,1.029
1456351801.0,f84d262d,1.029
1456351801.0,b5dfdabd,1.029
1456351801.0,,1.029
1456351801.0,e967d385,0.999
1456351801.0,5f59e3c7,1.029
1456351801.0,772cd349,1.029
1456351801.0,bd131e65,1.029
1456351801.0,4aa385bb,1.029
1456351801.0,a24c7289,1.079
1456351801.0,8c51a8b0,1.029
1456351801.0,a2806a38,1.029
1456351801.0,60a39e86,1.029
1456351801.0,2da54b83,1.029
1456351801.0,4cad0289,1.029
1456351801.0,7f3123c2,1.029
1456351801.0,693a4986,1.029
1456351801.0,5d1b2141,1.029
1456351801.0,7f90a219,1.029
1456351801.0,b84fb396,1.029
1456351801.0,b2e44198,1.029
1456351801.0,776ee4f1,1.029
1456351801.0,556b6079,1.029
1456351801.0,55167147,1.029
1456351801.0,99a0136a,0.989
1456351801.0,0945bafb,1.029
1456351801.0,c6d5ab7e,1.029
1456351801.0,7800fa83,1.029
1456351801.0,b0be9751,0.999
1456351801.0,adf56fc9,1.029
1456351801.0,92e00096,0.999
1456351801.0,520a4a19,1.029
1456351801.0,3273810e,1.029
1456351801.0,9b0b4894,1.029
1456351801.0,d887646b,1.079
1456351801.0,1dfe7e94,0.989
1456351801.0,a1a6a42b,0.979
1456351801.0,6a4ad02d,1.029
1456351801.0,cf235e84,1.029
1456351801.0,8e306a91,1.029
1456351801.0,740b965a,1.029
1456351801.0,d04e4045,0.949
1456351801.0,8e01dbc3,1.029
1456351801.0,1674b9be,1.029
1456351801.0,148c8e58,1.029
1456351801.0,de2c9edf,1.029
1456351801.0,dbad6afc,1.029
1456351801.0,6f11a226,1.029
1456351801.0,40a98fc9,1.029
1456351801.0,9672aa1d,1.029
1456351801.0,03f96d6c,1.029
1456351801.0,096e5f7a,1.029
1456351801.0,fb17adac,1.029
1456351801.0,20bf2483,1.029
1456351801.0,97f555af,1.029
1456351801.0,d623182f,1.029
1456351801.0,8642884a,1.029
1456351801.0,59005fdf,1.029
1456351801.0,d2661e86,1.029
1456351801.0,21ab2968,1.029
1456351801.0,a06397bf,1.029
1456351801.0,19a65d8e,0.999
1456351801.0,,1.029
1456351801.0,a6fdc066,1.029
1456351801.0,affe7d62,0.999
1456351801.0,ec99cf72,1.029
1456351801.0,ce45fa96,1.029
1456351801.0,38b12dcf,1.029
1456351801.0,369db971,1.029
1456351801.0,6b388a21,1.029
1456351801.0,06f668ff,1.009
1456351801.0,7b487a7f,1.029
1456351801.0,a894c70b,1.029
1456351801.0,c699c115,1.029
1456351801.0,ab2859a5,0.999
1456351801.0,cd393023,0.999
1456351801.0,edb0d416,1.029
1456351801.0,181a93a7,1.029
1456351801.0,22bf0e3c,0.999
1456351801.0,a438cba7,1.029
1456351801.0,90a59266,1.029
1456351801.0,5ba0908f,1.029
1456351801.0,0d8ee6ff,1.009
1456351801.0,f7877ed7,1.029
1456351801.0,863245a5,1.029
1456351801.0,95be41d3,1.029
1456351801.0,3e13dc7c,1.029
1456351801.0,6dda6f67,1.029
1456351801.0,210ec430,1.029
1456351801.0,e80ba165,1.029
1456351801.0,88fe1686,0.999
1456351801.0,6e62772c,1.019
1456351801.0,af12e3b6,1.029
1456351801.0,95a26ce2,1.029
1456351801.0,671cf752,1.089
1456351801.0,ffe4ba98,1.029
1456351801.0,15a5d68a,1.079
1456351801.0,800e66db,1.029
1456351801.0,db68109c,1.029
1456351801.0,4432f96b,1.029
1456351801.0,1e2441ce,1.029
1456351801.0,24e573e4,1.009
1456351801.0,c804ac06,1.129
1456351801.0,b8ede601,1.029
1456351801.0,c8dc6d04,1.029
1456351801.0,98624c5c,1.029
1456351801.0,19dd6ffa,1.029
1456351801.0,465ed67d,1.009
1456351801.0,521538f8,1.029
1456351801.0,10d64a25,1.029
1456351801.0,6d8d97a4,1.029
1456351801.0,a446fffa,1.029
1456351801.0,41d483a2,1.029
1456351801.0,67b3d058,1.019
1456351801.0,f9e19175,1.029
1456351801.0,34108c3d,1.039
1456351801.0,46179c4a,1.059
1456351801.0,476fa607,1.029
1456351801.0,09a0b63a,1.059
1456351801.0,c9e76d96,0.969
1456351801.0,,1.029
1456351801.0,c11feddb,1.079
1456351801.0,b7361158,1.029
1456351801.0,adf8d23a,1.029
1456351801.0,5ae3e1ca,1.049
1456351801.0,ace2e1f9,1.079
1456351801.0,4369b2a7,1.029
1456351801.0,4ea58ef3,0.979
1456351801.0,73025102,1.029
1456351801.0,52628b2e,1.029
1456351801.0,83b18a20,1.029
1456351801.0,d02c3a0e,0.979
1456351801.0,,1.029
1456351801.0,70e22a28,1.019
1456351801.0,303e6b78,1.029
1456351801.0,0c4f31d4,0.999
1456351801.0,4ad60c88,1.029
1456351801.0,48b393b2,1.029
1456351801.0,0e7a54cf,1.029
1456351801.0,c95ebb24,1.029
1456351801.0,b683841e,1.029
1456351801.0,3b4ac733,1.079
1456351801.0,e147c97d,1.079
1456351801.0,,1.019
1456351801.0,af82f4c3,1.029
1456351801.0,bcb00f3f,1.029
1456351801.0,e7aa0c08,1.029
1456351801.0,7bcda69c,1.029
1456351801.0,d64903d3,1.029
1456351801.0,72c6e33b,1.029
1456351801.0,662b3491,1.029
1456351801.0,60ccb68d,1.029
1456351801.0,4a2d620a,1.029
1456351801.0,44f80f34,1.029
1456351801.0,,1.029
1456351801.0,88128993,1.059
1456351801.0,,1.019
1456351801.0,e71f7bdd,1.029
1456351801.0,ff138580,1.029
1456351801.0,d9811c4e,1.039
1456351801.0,fc51c26e,1.029
1456351801.0,2cbd6d3c,0.999
1456351801.0,1bc36219,1.029
1456351801.0,61c492dd,1.029
1456351801.0,802f8091,1.029
1456351801.0,8f9c3c61,1.049
1456351801.0,f37a54f6,1.029
1456351801.0,514a99f3,1.029
1456351801.0,6e565eb4,0.999
1456351801.0,f63ac751,1.029
1456351801.0,bbe091e3,1.029
1456351801.0,2d9544f4,0.999
1456351801.0,5e11d4e5,1.029
1456351801.0,66571899,1.029
1456351801.0,80e3422f,1.029
1456351801.0,4484275b,1.039
1456351801.0,fc062d47,1.029
1456351801.0,2278471b,1.029
1456351801.0,f32894b0,1.029
1456351801.0,b145875f,1.064
1456351801.0,0abf9cad,1.029
1456351801.0,be4e3da5,0.999
1456351801.0,f574fa00,1.029
1456351801.0,,1.029
1456351801.0,58ef2865,1.029
1456351801.0,,1.029
1456351801.0,ace72885,1.079
1456351801.0,9ee8e646,1.029
1456351801.0,c2bf8f60,0.999
1456351801.0,e6ebe240,0.999
1456351801.0,2d3e73c9,1.009
1456351801.0,81529fdc,1.029
1456351801.0,81ffe4cd,1.029
1456351801.0,70f57512,1.029
1456351801.0,cedf23e6,1.029
1456351801.0,4d15a2cc,0.919
1456351801.0,af766fc5,1.029
1456351801.0,a25d5615,0.999
1456351801.0,151efb9f,1.029
1456351801.0,188e69f1,1.029
1456351801.0,5a819f8f,1.029
1456351801.0,1db779ce,1.029
1456351801.0,0f42eed0,1.029
1456351801.0,3b980bc9,1.029
1456351801.0,b662488a,0.999
1456351801.0,24797e98,1.029
1456351801.0,f654bb63,1.029
1456351801.0,1422263b,1.059
1456351801.0,868d1b66,1.029
1456351801.0,f7f4f1c0,1.029
1456351801.0,093ad451,1.029
1456351801.0,82ca3bd9,1.029
1456351801.0,e04ac56b,1.059
1456351801.0,4cb2a111,1.029
1456351801.0,1a23b0f9,1.029
1456351801.0,8b68e5d5,1.029
1456351801.0,974e5578,1.029
1456351801.0,ab937a23,1.029
1456351801.0,dcb337e4,1.029
1456351801.0,21fb52c4,1.029
1456351801.0,a50be724,1.029
1456351801.0,6174c30f,1.029
1456351801.0,3ad4d1ba,1.029
1456351801.0,98f928d6,1.029
1456351801.0,7b8d5b92,1.029
1456351801.0,496a23e0,1.029
1456351801.0,ed93716a,1.029
1456351801.0,7cf7e16b,1.029
1456351801.0,b791cb2d,0.999
1456351801.0,d319e0cd,1.039
1456351801.0,3e4faa99,1.029
1456351801.0,8a3aa486,1.029
1456351801.0,1d01b950,1.029
1456351801.0,5d45148e,1.029
1456351801.0,195fb3bd,0.999
1456351801.0,83be7215,1.029
1456351801.0,55344490,1.119
1456351801.0,a83e3faa,1.029
1456351801.0,8bdb8e4d,1.029
1456351801.0,4a451b1d,1.029
1456351801.0,2b428719,1.029
1456351801.0,7549bbf6,1.029
1456351801.0,2b7cf924,1.029
1456351801.0,4abdf635,1.029
1456351801.0,cb8edd06,1.029
1456351801.0,5260998a,1.029
1456351801.0,8068a1a0,0.979
1456351801.0,46950b68,1.029
1456351801.0,8f644357,1.029
1456351801.0,a63774ee,1.029
1456351801.0,a4c2cb8d,1.029
1456351801.0,821f92f0,0.929
1456351801.0,fb5125c0,1.029
1456351801.0,d26f4ccf,1.029
1456351801.0,f060b95e,1.029
1456351801.0,7ed2f8ec,1.029
1456351801.0,9f51dbf4,1.029
1456351801.0,b096f1e2,1.159
1456351801.0,3edff2fe,1.029
1456351801.0,68480e7b,1.029
1456351801.0,184a38c3,1.059
1456351801.0,fdf7f420,0.999
1456351801.0,27fede19,1.029
1456351801.0,6264e826,0.989
1456351801.0,6f40a7c4,1.029
1456351801.0,ccecf336,1.029
1456351801.0,b3858033,0.989
1456351801.0,d3e36a6e,0.979
1456351801.0,2c5f3e59,1.029
1456351801.0,0e6789c0,1.029
1456351801.0,3ceb9aae,0.979
1456351801.0,8a0d026c,1.029
1456351801.0,71fc80a1,1.029
1456351801.0,a182ab0c,1.029
1456351801.0,0e61862e,1.029
1456351801.0,04a6f941,1.029
1456351801.0,d4b2d77f,0.999
1456351801.0,0eef2037,1.029
1456351801.0,80e97677,1.029
1456351801.0,f5000af4,0.999
1456351801.0,3af55c11,1.029
1456351801.0,85e99aa8,0.999
1456351801.0,ef80a9d5,1.029
1456351801.0,2d4ea0c1,1.029
1456351801.0,3e1f426f,1.029
1456351801.0,16cc4c6d,1.029
1456351801.0,cfbd6d9d,1.029
1456351801.0,0ea9619d,1.029
1456351801.0,7e9106b6,1.029
1456351801.0,94686fc0,1.029
1456351801.0,71e0a0d1,1.029
1456351801.0,3bcc58f2,1.029
1456351801.0,229bb6b8,1.059
1456351801.0,2f02de37,1.059
1456351801.0,af2f9310,0.999
1456351801.0,35d2c9ad,1.029
1456351801.0,42cc5c79,1.059
1456351801.0,a65d4e81,0.979
1456351801.0,b445540d,1.029
1456351801.0,dd490099,1.029
1456351801.0,c46c7e06,1.019
1456351801.0,2651ccb9,1.029
1456351801.0,48314cda,1.029
1456351801.0,8035b52d,1.029
1456351801.0,33d0d5fb,1.029
1456351801.0,2a639c5a,1.029
1456351801.0,62ae11f0,1.029
1456351801.0,35ef9d63,1.029
1456351801.0,36f5bf63,0.999
1456351801.0,af5a4fe6,1.029
1456351801.0,9479cc1c,1.029
1456351801.0,99fbfc30,1.029
1456351801.0,42c34934,1.029
1456351801.0,06de41d8,1.029
1456351801.0,2cf175a8,1.029
1456351801.0,aadb880b,1.029
1456351801.0,d33a84e0,1.029
1456351801.0,2d2c9c3f,1.029
1456351801.0,6162ba82,1.029
1456351801.0,179709d6,1.069
1456351801.0,13037d15,1.029
1456351801.0,d3063bdf,0.999
1456351801.0,4aa96079,1.029
1456351801.0,698d5fbc,1.029
1456351801.0,db414715,1.029
1456351801.0,eca21f05,1.029
1456351801.0,6f825f6f,1.019
1456351801.0,a1766ee6,1.029
1456351801.0,f9e46da5,1.029
1456351801.0,5a77d43f,0.989
1456351801.0,cd468df5,1.029
1456351801.0,7f05643c,1.029
1456351801.0,aa42d9a3,1.029
1456351801.0,57e63781,1.129
1456351801.0,ec433832,0.979
1456351801.0,dcbbade5,1.029
1456351801.0,4687563d,1.139
1456351801.0,4f2f425b,0.999
1456351801.0,bcc9307a,1.029
1456351801.0,d279ee07,1.029
1456351801.0,39614aa8,1.029
1456351801.0,d7ca536d,1.029
1456351801.0,f7f90554,1.029
1456351801.0,cb0f3fc8,1.079
1456351801.0,b1450a7d,1.029
1456351801.0,bfa3a95a,0.999
1456351801.0,f2ba4bc6,1.029
1456351801.0,2f559315,1.029
1456351801.0,ad852670,1.029
1456351801.0,857beb4a,1.029
1456351801.0,12d2f4a6,1.029
1456351801.0,4aba346d,1.029
1456351801.0,96d95521,1.029
1456351801.0,5c49f018,1.029
1456351801.0,3f1e04e5,1.029
1456351801.0,df98ca08,1.029
1456351801.0,cfeaab1a,1.029
1456351801.0,868b1b31,1.029
1456351801.0,7124c657,0.999
1456351801.0,f68a34f4,1.029
1456351801.0,cece28cb,0.999
1456351801.0,b18611aa,1.029
1456351801.0,89105f13,1.079
1456351801.0,bdc7131f,1.029
1456351801.0,3de6c3ca,1.029
1456351801.0,812f5a36,1.029
1456351801.0,769eb8e0,1.029
1456351801.0,844296bd,1.029
1456351801.0,de55d6cb,1.029
1456351801.0,aafab111,1.029
1456351801.0,b8088ed5,1.029
1456351801.0,a7987242,1.029
1456351801.0,c0a4aa92,1.029
1456351801.0,b3898d20,1.029
1456351801.0,ace1257e,1.029
1456351801.0,72b1b375,0.999
1456351801.0,9426443b,1.029
1456351801.0,5c94a7d8,1.029
1456351801.0,28277250,1.029
1456351801.0,c39953ee,0.989
1456351801.0,ff71148f,1.029
1456351801.0,0c37347b,1.029
1456351801.0,ba94f47b,0.999
1456351801.0,39edd173,1.029
1456351801.0,d2eebffb,1.029
1456351801.0,ea00d8f0,1.029
1456351801.0,aa9ca821,1.029
1456351801.0,1e78351c,1.029
1456351801.0,029bff95,1.029
1456351801.0,26056533,0.979
1456351801.0,d325d8aa,1.029
1456351801.0,2a2f76cd,0.999
1456351801.0,0fcd5944,1.029
1456351801.0,c2c24012,0.999
1456351801.0,1bf91998,1.029
1456351801.0,fa3092ba,1.029
1456351801.0,5ec35915,1.159
1456351801.0,22fb0e90,1.029
1456351801.0,50b6cf61,1.029
1456351801.0,2b4f9432,1.029
1456351801.0,8b4986e3,1.029
1456351801.0,e9c8afa0,1.029
1456351801.0,74e89a36,1.029
1456351801.0,4e0db6e7,0.999
1456351801.0,92740284,1.029
1456351801.0,392b75a8,1.029
1456351801.0,84839580,1.069
1456351801.0,eaba5acb,1.059
1456351801.0,e183f4cf,1.029
1456351801.0,a5998664,1.029
1456351801.0,704bc7f2,1.029
1456351801.0,be48bbf9,1.029
1456351801.0,80d7d85e,1.029
1456351801.0,ee2e8a1d,1.029
1456351801.0,2445bcef,1.029
1456351801.0,dc7fb76c,1.029
1456351801.0,e5710690,0.999
1456351801.0,48038048,1.029
1456351801.0,ac5fa96a,1.029
1456351801.0,33a2e297,0.999
1456351801.0,057c5d18,0.999
1456351801.0,e9ff4fd7,1.029
1456351801.0,e6d83666,1.029
1456351801.0,6279da87,1.029
1456351801.0,f2ef7300,0.999
1456351801.0,1ee7bf79,1.019
1456351801.0,614629e1,0.999
1456351801.0,708c9a0d,1.029
1456351801.0,d375e9a2,1.029
1456351801.0,d73f9554,1.029
1456351801.0,df5c751f,1.029
1456351801.0,25a4e3ad,1.029
1456351801.0,d361902b,1.029
1456351801.0,20836cd8,1.029
1456351801.0,51c7bb55,1.029
1456351801.0,9f34d3c7,1.029
1456351801.0,b43ac946,1.029
1456351801.0,8c5eeeac,1.019
1456351801.0,79d27478,1.029
1456351801.0,dce30980,1.029
1456351801.0,bbf6435f,1.029
1456351801.0,7db23301,1.029
1456351801.0,ae9a3b9d,1.029
1456351801.0,95434626,1.029
1456351801.0,299d6edc,1.039
1456351801.0,b6c365a0,0.989
1456351801.0,ec6f00be,0.999
1456351801.0,376c7260,1.029
1456351801.0,6d18dcdf,1.079
1456351801.0,4719c036,1.029
1456351801.0,d2ffce1f,1.029
1456351801.0,18a2553e,1.029
1456351801.0,054cfa5d,1.029
1456351801.0,e340b28d,1.029
1456351801.0,dca8997b,1.029
1456351801.0,e24d8cab,1.029
1456351801.0,d14573c7,1.059
1456351801.0,612f96e1,1.029
1456351801.0,0b7d0a63,1.029
1456351801.0,2e5cae9f,1.029
1456351801.0,f28e5efe,1.029
1456351801.0,243c29de,1.029
1456351801.0,9de40edf,0.999
1456351801.0,ee2ae1a3,0.999
1456351801.0,a18bcb80,1.069
1456351801.0,85676e8b,1.029
1456351801.0,350b5605,1.029
1456351801.0,fbdde9c7,1.019
1456351801.0,25294ce8,0.979
1456351801.0,7117e5bf,1.029
1456351801.0,62f495a7,1.029
1456351801.0,c82dccc8,1.029
1456351801.0,e37dd80a,1.029
1456351801.0,30389cde,1.029
1456351801.0,c257e761,1.029
1456351801.0,33caf979,1.029
1456351801.0,034f42f5,1.029
1456351801.0,d351cb6a,1.029
1456351801.0,978bcc85,1.029
1456351801.0,6232cf12,1.029
1456351801.0,63f7c118,0.999
1456351801.0,,1.039
1456351801.0,e3f9ebe0,1.029
1456351801.0,5eddffaf,1.029
1456351801.0,dc48ebf6,1.009
1456351801.0,73af6d41,1.029
1456351801.0,196134a5,1.029
1456351801.0,6cf9c77a,1.029
1456351801.0,0e5d84cd,1.029
1456351801.0,e4b1c6fb,1.029
1456351801.0,284c6af0,1.029
1456351801.0,22271941,0.999
1456351801.0,c7ec58cd,1.029
1456351801.0,20df8dd2,1.029
1456351801.0,72e91f24,1.029
1456351801.0,747fbf01,1.029
1456351801.0,388c693e,1.029
1456351801.0,7ba3471a,1.029
1456351801.0,e57877ff,1.029
1456351801.0,9e78816a,1.029
1456351801.0,57cc552a,1.029
1456351801.0,1443c8f6,1.029
1456351801.0,2dc3d215,1.009
1456351801.0,baaf8b05,1.029
1456351801.0,8597e067,1.029
1456351801.0,146a1da7,0.999
1456351801.0,b6bd8b96,1.029
1456351801.0,6d94eae4,1.029
1456351801.0,63f5a00a,1.039
1456351801.0,a0239e5c,1.029
1456351801.0,6ad7e90e,1.029
1456351801.0,849ac669,0.969
1456351801.0,367e0536,1.029
1456351801.0,8c6f1d05,1.029
1456351801.0,44f748b5,1.029
1456351801.0,1a8a222a,1.029
1456351801.0,9425b86b,1.029
1456351801.0,b350758d,1.029
1456351801.0,862d0257,1.029
1456351801.0,069e66bc,0.999
1456351801.0,3f290ee2,1.029
1456351801.0,f9ec21b1,0.999
1456351801.0,441c3937,1.029
1456351801.0,9ac3ac4d,1.029
1456351801.0,08e9a69f,0.999
1456351801.0,eaaeb33a,1.029
1456351801.0,d983a1c7,1.029
1456351801.0,538edcf9,1.029
1456351801.0,974d725c,1.029
1456351801.0,ecf4342f,0.989
1456351801.0,369fd22f,1.029
1456351801.0,304a6497,1.029
1456351801.0,22e6cf1d,1.029
1456351801.0,eba76f21,0.999
1456351801.0,38fda503,1.029
1456351801.0,4768200e,1.029
1456351801.0,af343ad6,1.029
1456351801.0,f0d226b8,0.999
1456351801.0,07f1bf63,1.079
1456351801.0,c93210c8,1.029
1456351801.0,33fa60b9,1.029
1456351801.0,acd1503e,0.999
1456351801.0,e305ccae,1.029
1456351801.0,379a6719,0.999
1456351801.0,402dea62,1.029
1456351801.0,f7f51e72,1.029
1456351801.0,df7edd4e,1.029
1456351801.0,f5234ec2,1.029
1456351801.0,cadf0fec,1.029
1456351801.0,41fc3133,1.029
1456351801.0,,1.029
1456351801.0,18db456a,1.029
1456351801.0,1f9d1ea6,1.009
1456351801.0,3b38e104,1.029
1456351801.0,d497f4b5,1.029
1456351801.0,2ee8e08d,0.979
1456351801.0,9e4a151c,1.029
1456351801.0,4e37aaef,1.029
1456351801.0,32a9a0e5,0.999
1456351801.0,dadcaa77,1.029
1456351801.0,10f309c6,1.029
1456351801.0,c2c9a813,1.029
1456351801.0,64171ce8,1.029
1456351801.0,ffeb88c9,1.039
1456351801.0,a373cdfc,0.989
1456351801.0,d6eb1a7f,0.999
1456351801.0,726bbc28,0.989
1456351801.0,2a4f7cb1,0.989
1456351801.0,efb9b2b5,0.989
1456351801.0,364488f7,0.989
1456351801.0,f290a992,0.989
1456351801.0,dbacecfb,0.989
1456351801.0,724b8382,0.989
1456351801.0,801a4bcc,0.989
1456351801.0,bda7134d,0.989
1456351801.0,60983be1,0.989
1456351801.0,c76359a4,0.989
1456351801.0,c0a4ac06,0.999
1456351801.0,83a4c48e,0.999
1456351801.0,75aac7da,0.989
1456351801.0,36ed9058,0.999
1456351801.0,76a48cbe,0.989
1456351801.0,f6798657,0.989
1456351801.0,9f5a9e69,0.989
1456351801.0,3cc9b59f,1.009
1456351801.0,210e50b8,0.999
1456351801.0,e526650e,0.989
1456351801.0,5470379e,1.019
1456351801.0,6a27f09d,0.989
1456351801.0,9758fc2a,1.019
1456351801.0,c6f69752,0.989
1456351801.0,02065938,0.999
1456351801.0,32f0b93e,0.989
1456351801.0,c96f410f,0.989
1456351801.0,d3a7aabc,0.989
1456351801.0,ac6ccf5d,0.999
1456351801.0,01e0d345,0.999
1456351801.0,fa5a267f,1.009
1456351801.0,e0e02d9a,0.989
1456351801.0,c2caedd9,0.989
1456351801.0,2f54d4c9,0.989
1456351801.0,f856d6e0,0.989
1456351801.0,b8705ff2,0.989
1456351801.0,23cab4a8,1.019
1456351801.0,5132fe1c,0.989
1456351801.0,fdf0e8d2,0.989
1456351801.0,a07f50c4,0.999
1456351801.0,9247febd,0.989
1456351801.0,40d7aa6e,1.009
1456351801.0,864a3cb2,0.989
1456351801.0,6cbdfb78,0.999
1456351801.0,2b987960,0.989
1456351801.0,e5139cec,0.989
1456351801.0,ac7dd410,0.989
1456351801.0,961fadac,0.989
1456351801.0,74776924,0.989
1456351801.0,3734af20,0.989
1456351801.0,2b890110,0.989
1456351801.0,8ddd7eaf,0.989
1456351801.0,cca094f8,0.989
1456351801.0,e146d88a,0.999
1456351801.0,ae30d7e3,0.989
1456351801.0,1c504132,0.989
1456351801.0,dfa90483,0.989
1456351801.0,6d6a4209,0.989
1456351801.0,1d6f1deb,0.989
1456351801.0,efdbec8f,0.989
1456351801.0,6c90e89a,0.989
1456351801.0,915f4559,0.989
1456351801.0,7ce44a8d,0.989
1456351801.0,078f0784,0.989
1456351801.0,56ea4a71,0.989
1456351801.0,471da9da,0.989
1456351801.0,efc5b46c,0.989
1456351801.0,6e1a006b,0.989
1456351801.0,ae869c50,0.999
1456351801.0,9a2903a3,0.989
1456351801.0,7d967629,1.019
1456351801.0,66f21e35,0.999
1456351801.0,bf43b448,0.999
1456351801.0,bcab79d7,0.989
1456351801.0,b53fa888,0.989
1456351801.0,d1bc0e20,0.989
1456351801.0,4b0cfdb6,0.999
1456351801.0,62d05b95,0.999
1456351801.0,4cdbbbb9,0.989
1456351801.0,b7496873,0.989
1456351801.0,552e6bdb,0.999
1456351801.0,981008e5,0.999
1456351801.0,9d948dce,1.019
1456351801.0,7f1371b6,0.999
1456351801.0,05cd05cd,0.999
1456351801.0,0a2b6f09,0.999
1456351801.0,f29f6270,0.989
1456351801.0,7cefc69f,0.989
1456351801.0,758e532b,0.989
1456351801.0,84387118,1.029
1456351801.0,abc596af,0.989
1456351801.0,ba0b1d1f,0.999
1456351801.0,6ed1ade4,0.989
1456351801.0,3b68a541,0.989
1456351801.0,d96c180b,0.989
1456351801.0,22ac7d75,0.999
1456351801.0,3f48f52e,0.999
1456351801.0,e4dcc2ad,1.019
1456351801.0,856ff254,0.989
1456351801.0,35c85b81,0.989
1456351801.0,193d5fa7,0.989
1456351801.0,bcdf1eb5,0.989
1456351801.0,aa661eb4,0.989
1456351801.0,cb71673a,1.009
1456351801.0,ee74bc99,0.989
1456351801.0,670eaa88,0.999
1456351801.0,20338fa9,0.989
1456351801.0,92eaccdc,0.989
1456351801.0,6f901805,0.999
1456351801.0,f1f57418,0.989
1456351801.0,0ac38eb6,0.999
1456351801.0,c59b6311,0.989
1456351801.0,c01aa13a,1.019
1456351801.0,db21940b,0.989
1456351801.0,2ee2a0a5,0.999
1456351801.0,2a684001,0.989
1456351801.0,029c6a16,0.989
1456351801.0,109f53f9,0.989
1456351801.0,1fb16863,0.999
1456351801.0,d472efac,0.989
1456351801.0,abd4db7e,0.989
1456351801.0,d9bc9762,0.989
1456351801.0,6fb50287,0.989
1456351801.0,9275ec29,1.019
1456351801.0,12081217,1.009
1456351801.0,a82fcd07,1.019
1456351801.0,8c7525a6,1.009
1456351801.0,25afe900,1.009
1456351801.0,66a925d6,0.989
1456351801.0,12d8c014,0.989
1456351801.0,0958f3bd,1.009
1456351801.0,73787573,0.989
1456351801.0,939b3a38,0.989
1456351801.0,13f4ef46,0.989
1456351801.0,e3a60e8a,0.989
1456351801.0,c53c6b6d,1.019
1456351801.0,a11d220b,0.989
1456351801.0,e567333d,0.989
1456351801.0,013f9d06,1.019
1456351801.0,f91b7082,0.999
1456351801.0,2f8bbe9b,0.989
1456351801.0,8f41fe32,1.019
1456351801.0,042407e0,1.009
1456351801.0,2f34dd60,0.989
1456351801.0,a57ba9f4,0.989
1456351801.0,8d30c99a,0.989
1456351801.0,8928a7d8,1.019
1456351801.0,26664969,0.989
1456351801.0,94c0e547,0.989
1456351801.0,abe52a6d,0.989
1456351801.0,bf08287b,0.989
1456351801.0,adc8589f,0.999
1456351801.0,b3d69d8e,0.989
1456351801.0,cc3eddf4,1.009
1456351801.0,ebca1266,0.999
1456351801.0,b4666217,0.989
1456351801.0,645289b9,0.989
1456351801.0,de162c11,0.989
1456351801.0,511a1f46,0.989
1456351801.0,5c64167f,0.989
1456351801.0,225eaacb,0.999
1456351801.0,810fc069,0.989
1456351801.0,00faf6a6,0.989
1456351801.0,d07d6e2f,0.999
1456351801.0,9f4967c5,0.989
1456351801.0,0aedc373,0.989
1456351801.0,a13f8970,0.989
1456351801.0,1edd50b1,1.009
1456351801.0,8d437dd2,0.989
1456351801.0,512f32d1,0.989
1456351801.0,4f91a79a,0.989
1456351801.0,bcfc04fa,0.989
1456351801.0,ea6b204a,0.999
1456351801.0,114606f9,0.989
1456351801.0,3c76ded2,0.999
1456351801.0,740982ff,0.999
1456351801.0,9f42fd97,0.989
1456351801.0,0a0b5f30,0.999
1456351801.0,97e8ac48,0.999
1456351801.0,6117cbac,0.999
1456351801.0,4c39660b,0.999
1456351801.0,8bbd302b,0.999
1456351801.0,89f88deb,1.009
1456351801.0,21b1fd87,0.989
1456351801.0,a49f5d4b,0.999
1456351801.0,17b40c62,0.999
1456351801.0,10811cd9,0.999
1456351801.0,5bf5fced,0.999
1456351801.0,3ea2f9db,0.999
1456351801.0,5d3a9ec2,1.009
1456351801.0,ae56e202,1.009
1456351801.0,be2df1d8,0.989
1456351801.0,76a02736,1.009
1456351801.0,2fd29268,0.989
1456351801.0,bba9fe67,0.989
1456351801.0,fc85b951,1.019
1456351801.0,8af7e008,0.989
1456351801.0,b8e4e564,0.989
1456351801.0,90bcaabc,0.989
1456351801.0,ea4294e9,0.999
1456351801.0,ce8b60a3,0.999
1456351801.0,2df557df,0.999
1456351801.0,1fd8fcdd,1.019
1456351801.0,0123e797,0.989
1456351801.0,9e4730c6,0.999
1456351801.0,305cecfe,1.019
1456351801.0,ef7135fb,1.019
1456351801.0,58452604,1.019
1456351801.0,67ceb000,1.019
1456351801.0,baba3913,1.019
1456351801.0,e7b28238,1.009
1456351801.0,957e19a6,0.989
1456351801.0,548901d6,1.019
1456351801.0,7d8f6829,1.019
1456351801.0,fb7ac0c9,1.029
1456351801.0,b72ae868,1.019
1456351801.0,88c383bc,0.989
1456351801.0,73e22345,0.989
1456351801.0,c674dd96,0.989
1456351801.0,3f433cee,0.999
1456351801.0,b7acce06,0.989
1456351801.0,d224352c,0.989
1456351801.0,ed826035,0.999
1456351801.0,16fa63dc,0.989
1456351801.0,574656d1,0.999
1456351801.0,ad6a99ce,0.989
1456351801.0,164f2a7e,0.989
1456351801.0,92dfb6d0,0.989
1456351801.0,757cb5e7,0.989
1456351801.0,00d6d029,0.989
1456351801.0,f6a0a590,0.989
1456351801.0,f6955150,0.989
1456351801.0,471d5cec,0.989
1456351801.0,09391e15,0.989
1456351801.0,8ff83879,0.989
1456351801.0,6d8cc159,0.989
1456351801.0,fa7a7823,0.989
1456351801.0,e5b25ce5,0.989
1456351801.0,075d1e16,0.989
1456351801.0,e17ac182,0.989
1456351801.0,094fab78,0.999
1456351801.0,1bce0e67,0.989
1456351801.0,0367164b,0.989
1456351801.0,688653f8,0.989
1456351801.0,a3f3755e,0.989
1456351801.0,238f3319,0.989
1456351801.0,38f5a01f,0.989
1456351801.0,a67c83ad,0.989
1456351801.0,733cb25c,0.989
1456351801.0,1f311bb3,0.989
1456351801.0,69a09fed,0.989
1456351801.0,69b6ac4f,0.989
1456351801.0,2c111d16,0.989
1456351801.0,ff41b63f,0.989
1456351801.0,128ef159,0.989
1456351801.0,0ee7204e,0.989
1456351801.0,1700f01a,0.989
1456351801.0,78f791f9,0.989
1456351801.0,fdcc2a55,0.989
1456351801.0,89d25593,0.989
1456351801.0,5df9b393,0.989
1456351801.0,6ee20bbd,0.989
1456351801.0,3c9479d6,0.989
1456351801.0,5daabe07,0.989
1456351801.0,0d5cb1e5,0.989
1456351801.0,b661e7f7,0.989
1456351801.0,,1.009
1456351801.0,3728281b,0.989
1456351801.0,bf694984,0.989
1456351801.0,b6daf677,0.999
1456351801.0,,0.989
1456351801.0,006407b4,0.989
1456351801.0,81db3a9a,0.999
1456351801.0,55148824,0.989
1456351801.0,3be6fb85,0.989
1456351801.0,0a6aaa10,0.999
1456351801.0,3fa722ab,0.999
1456351801.0,eeca31d3,1.019
1456351801.0,c6b6f3fb,0.989
1456351801.0,56d52752,0.999
1456351801.0,a167f6d7,0.999
1456351801.0,e9aeb918,0.999
1456351801.0,f98ff970,0.989
1456351801.0,7cc832ba,0.989
1456351801.0,8c9cc6bc,0.989
1456351801.0,27282b70,0.989
1456351801.0,1cedaf70,0.989
1456351801.0,8c7add3d,0.989
1456351801.0,79b4bdb6,1.009
1456351801.0,4e6d2a07,1.019
1456351801.0,2dfe8082,0.989
1456351801.0,332ba2e4,0.989
1456351801.0,7ae8737b,0.999
1456351801.0,7ba64cab,0.989
1456351801.0,14d17f9a,0.989
1456351801.0,66af339e,0.989
1456351801.0,fc486af7,0.999
1456351801.0,c08ff843,0.989
1456351801.0,b559c5aa,0.989
1456351801.0,e5cba29c,0.989
1456351801.0,,0.989
1456351801.0,973748fa,0.989
1456351801.0,add88990,1.019
1456351801.0,b07873c7,0.989
1456351801.0,c12acf8f,0.989
1456351801.0,484ff98d,1.029
1456351801.0,94df3c4a,0.999
1456351801.0,f4070bfa,1.029
1456351801.0,d61494fe,1.029
1456351801.0,f867d11b,0.989
1456351801.0,f7e10e7b,1.029
1456351801.0,1cdbfafd,1.029
1456351801.0,74b98eac,1.029
1456351801.0,94ce365f,1.029
1456351801.0,aa506433,1.029
1456351801.0,d99ae405,1.029
1456351801.0,ab829e65,1.079
1456351801.0,85b5c3d8,1.029
1456351801.0,467ac0ec,1.029
1456351801.0,1f6c44dc,0.979
1456351801.0,80148308,1.029
1456351801.0,e4ee5ec7,0.999
1456351801.0,dcde1f7c,1.029
1456351801.0,9901346d,0.999
1456351801.0,5c197824,1.029
1456351801.0,bc302c7c,1.029
1456351801.0,e5d7defc,0.999
1456351801.0,238a9662,1.029
1456351801.0,8de01e99,1.029
1456351801.0,82812943,1.029
1456351801.0,3168ab53,0.999
1456351801.0,ecaf9af2,1.029
1456351801.0,d8b88152,1.029
1456351801.0,5f3a075f,1.029
1456351801.0,f8fc52b4,1.029
1456351801.0,50e4f2c0,1.029
1456351801.0,152f6019,0.979
1456351801.0,034d1d51,1.029
1456351801.0,741f3aab,1.079
1456351801.0,498c4e0f,1.029
1456351801.0,974e4706,1.029
1456351801.0,fa216f55,1.029
1456351801.0,76ab87bf,0.989
1456351801.0,702727ef,1.029
1456351801.0,5c8ccf98,0.999
1456351801.0,bd3093f4,1.139
1456351801.0,cdddf39e,1.139
1456351801.0,dcfb9c34,0.999
1456351801.0,c57bb6b4,1.139
1456351801.0,e532c6da,1.029
1456351801.0,873835b6,0.989
1456351801.0,df1ba7d7,0.989
1456351801.0,43030d9f,0.999
1456351801.0,b6167e3e,1.029
1456351801.0,86515341,1.029
1456351801.0,3f3540c1,0.989
1456351801.0,b57a6a63,1.029
1456351801.0,d766ce97,0.989
1456351801.0,e523456f,0.999
1456351801.0,cf09734d,1.029
1456351801.0,2278ee7b,1.029
1456351801.0,ef21b674,1.029
1456351801.0,a9864022,1.029
1456351801.0,ea850711,0.999
1456351801.0,10fa0582,0.999
1456351801.0,72ec8a0d,1.029
1456351801.0,a4a288ce,0.999
1456351801.0,24acb441,1.029
1456351801.0,32e6abfd,1.029
1456351801.0,c9faeb03,1.029
1456351801.0,9aceebc5,1.029
1456351801.0,550a3986,0.999
1456351801.0,2b9cc40e,1.019
1456351801.0,5d5a9bdb,1.029
1456351801.0,6655797e,1.029
1456351801.0,0bae1b96,1.029
1456351801.0,d501c22d,1.029
1456351801.0,204c7d8c,1.029
1456351801.0,b9b3ea8d,1.029
1456351801.0,747529c4,1.029
1456351801.0,8236d188,1.029
1456351801.0,b7d1ee3a,1.079
1456351801.0,08aa7fc0,1.029
1456351801.0,b65f17d4,1.029
1456351801.0,7a78b9d0,1.029
1456351801.0,df8d090e,1.029
1456351801.0,801fe77a,1.029
1456351801.0,72ed613b,0.999
1456351801.0,7fc72456,1.029
1456351801.0,e2724c55,1.029
1456351801.0,6e5aeb52,1.099
1456351801.0,6184a86d,1.029
1456351801.0,53635853,1.029
1456351801.0,8fbe5276,1.029
1456351801.0,32806aee,1.019
1456351801.0,a711b7d5,1.029
1456351801.0,bcdeefc3,1.029
1456351801.0,994f9854,1.029
1456351801.0,68bdb4cb,1.029
1456351801.0,f625c166,0.999
1456351801.0,2787cfe0,1.029
1456351801.0,08f59b41,1.029
1456351801.0,7ae317da,1.029
1456351801.0,14efadf9,1.009
1456351801.0,00c593eb,0.999
1456351801.0,355f04dc,0.979
1456351801.0,014adbc0,0.999
1456351801.0,a35401af,1.029
1456351801.0,,1.029
1456352041.0,6c5a28c6,0.989
1456352041.0,838d57f9,0.999
1456352041.0,068c357f,1.019
1456352041.0,93d146a0,1.009
1456352041.0,0edac3f0,1.069
1456352041.0,42045a7b,1.049
1456352041.0,19296a92,1.009
1456352041.0,ef2c1942,0.999
1456352041.0,2b056224,0.999
1456352041.0,909a8e2d,0.999
1456352041.0,e5abf377,0.999
1456352041.0,1de27695,1.009
1456352041.0,021612d8,0.999
1456352041.0,fdedca23,0.999
1456352041.0,51d953d8,0.999
1456352041.0,58dc4ce1,0.999
1456352041.0,59c2e6d6,0.999
1456352041.0,4c338d03,0.999
1456352041.0,131f0b17,0.999
1456352041.0,363ab0d1,0.999
1456352041.0,a377df7d,0.999
1456352041.0,8cdfd072,0.999
1456352041.0,930a4c50,0.999
1456352041.0,2e12dc58,1.029
1456352041.0,819eb542,0.999
1456352041.0,d2597bc8,0.999
1456352041.0,acb06eaf,0.999
1456352041.0,6474f616,0.999
1456352041.0,35cce7bf,0.999
1456352041.0,e8ce1950,0.999
1456352041.0,dc352ea6,0.999
1456352041.0,b81b8885,0.999
1456352041.0,cf4010a3,0.999
1456352041.0,6e1fdef4,0.999
1456352041.0,b892eed3,0.999
1456352041.0,3d54f8a9,0.999
1456352041.0,79e4f3bc,0.999
1456352041.0,473c3055,0.999
1456352041.0,ec0fb2ce,0.999
1456352041.0,396cfed4,0.999
1456352041.0,588ff3f2,0.999
1456352041.0,4af328a9,0.999
1456352041.0,5ba0dc8d,0.999
1456352041.0,72c6425d,1.019
1456352041.0,9ee6c90b,1.009
1456352041.0,deeb75c9,0.999
1456352041.0,c391ee8f,0.999
1456352041.0,c32a82d9,1.019
1456352041.0,0f8246c8,1.009
1456352041.0,49052290,0.999
1456352041.0,fd7494bd,0.999
1456352041.0,ef6d9b93,0.999
1456352041.0,c8fad469,0.999
1456352041.0,3b8b727e,0.999
1456352041.0,58a1bfb9,0.999
1456352041.0,0bab7166,0.999
1456352041.0,bebb6d12,0.999
1456352041.0,e0f84539,0.999
1456352041.0,90941e78,0.999
1456352041.0,1809ed14,0.999
1456352041.0,29076544,0.999
1456352041.0,5666e885,0.999
1456352041.0,2bb71646,0.999
1456352041.0,a227c930,1.019
1456352041.0,d2578b12,0.999
1456352041.0,01f0fa8d,0.999
1456352041.0,2f40868f,1.009
1456352041.0,d685db42,0.999
1456352041.0,d256c19e,0.999
1456352041.0,9e33ac5a,0.999
1456352041.0,b12129d0,0.999
1456352041.0,1962a412,0.999
1456352041.0,78a7be14,0.999
1456352041.0,bd100d45,0.999
1456352041.0,3d92c06f,0.999
1456352041.0,f31ed257,0.999
1456352041.0,badf7961,0.999
1456352041.0,43951a64,1.029
1456352041.0,ac971a48,0.999
1456352041.0,de6c0c12,0.999
1456352041.0,91fb648d,0.999
1456352041.0,7349daff,0.999
1456352041.0,408e52ea,0.999
1456352041.0,4e2b483e,0.999
1456352041.0,9d2b8d38,0.909
1456352041.0,7f6a82d1,0.999
1456352041.0,5cf99b9e,0.999
1456352041.0,d3a25b8a,0.999
1456352041.0,a9b325ba,1.009
1456352041.0,d9da2e7f,1.029
1456352041.0,e1b4b7f3,0.999
1456352041.0,bffe1a68,0.999
1456352041.0,e54743a0,0.999
1456352041.0,caff03c9,0.999
1456352041.0,7de58c01,0.999
1456352041.0,7d989a39,0.999
1456352041.0,35fd3576,0.999
1456352041.0,92512d7c,0.999
1456352041.0,843c0434,0.999
1456352041.0,721139ba,1.029
1456352041.0,c45f047d,0.999
1456352041.0,877aae3b,0.999
1456352041.0,86d5dab8,0.999
1456352041.0,a557a7d1,0.999
1456352041.0,ce58aeb7,0.999
1456352041.0,c0bff642,0.999
1456352041.0,75b9849f,0.999
1456352041.0,ff7e8838,0.999
1456352041.0,7468efc0,0.999
1456352041.0,da9fe8af,0.999
1456352041.0,f2d26e3e,0.999
1456352041.0,ae55b396,0.999
1456352041.0,a790f6d4,0.999
1456352041.0,4e3adf89,0.999
1456352041.0,dd59fed2,1.009
1456352041.0,ed04967d,1.009
1456352041.0,ff4bec86,0.999
1456352041.0,7d30b511,0.999
1456352041.0,6610198a,1.009
1456352041.0,5881460a,0.999
1456352041.0,7d98e545,0.999
1456352041.0,21b793b4,0.999
1456352041.0,0accabdc,0.999
1456352041.0,c8fd7bd8,0.999
1456352041.0,5dd70488,0.999
1456352041.0,d531567b,0.999
1456352041.0,18436369,0.999
1456352041.0,afbe3668,0.999
1456352041.0,7e0a33b2,0.999
1456352041.0,460c6eb9,0.999
1456352041.0,bc572eb7,1.009
1456352041.0,acfc25e6,0.999
1456352041.0,eedec9cc,0.999
1456352041.0,7473e055,0.999
1456352041.0,583bd0d6,0.999
1456352041.0,f3aefdfa,0.999
1456352041.0,3d5ea21b,0.999
1456352041.0,27ea09b1,0.999
1456352041.0,417dc490,0.999
1456352041.0,ebd3c375,0.999
1456352041.0,12d36adb,1.019
1456352041.0,9d6f620d,0.999
1456352041.0,3f147b18,0.999
1456352041.0,52c1ccfa,0.999
1456352041.0,e9eeb033,0.999
1456352041.0,5b042101,0.999
1456352041.0,6a8dc69b,1.009
1456352041.0,069182e4,0.999
1456352041.0,6ed73676,1.009
1456352041.0,0e4b0554,0.999
1456352041.0,f26d37c8,0.999
1456352041.0,c597ae24,1.019
1456352041.0,57f9c142,0.999
1456352041.0,cf18b057,1.029
1456352041.0,8e820c9b,1.139
1456352041.0,4f6de997,1.009
1456352041.0,d33e0437,1.059
1456352041.0,3909e8e8,1.029
1456352041.0,2c773ce0,1.029
1456352041.0,9a099132,1.119
1456352041.0,ed770a27,1.019
1456352041.0,,1.029
1456352041.0,1de97778,1.029
1456352041.0,17e38b8d,0.999
1456352041.0,8d7cf3c9,1.029
1456352041.0,292cfe23,1.029
1456352041.0,d6e5c3f0,1.029
1456352041.0,80835ea0,1.039
1456352041.0,602cea26,1.029
1456352041.0,0943a46e,0.979
1456352041.0,60399455,1.029
1456352041.0,7d2a6e6a,0.989
1456352041.0,b51b98e9,0.999
1456352041.0,89376981,1.029
1456352041.0,69c4db90,1.029
1456352041.0,796dcdf3,1.029
1456352041.0,68938096,0.989
1456352041.0,de77f6c5,0.959
1456352041.0,fc3fcf48,1.029
1456352041.0,eefff0b8,1.029
1456352041.0,158d42d8,0.999
1456352041.0,2c58ecc7,1.029
1456352041.0,4484bbef,1.029
1456352041.0,3f6704e5,1.039
1456352041.0,e7b24018,1.029
1456352041.0,87a74906,1.019
1456352041.0,37427601,1.029
1456352041.0,4146a204,1.029
1456352041.0,c78ef341,1.139
1456352041.0,d9273836,1.039
1456352041.0,9795d6a5,0.979
1456352041.0,5ff2bd7f,0.989
1456352041.0,73275cc4,1.049
1456352041.0,5a5b83e5,1.029
1456352041.0,9b358c84,1.029
1456352041.0,79ec8492,1.059
1456352041.0,cb479352,1.059
1456352041.0,8659a4a3,1.139
1456352041.0,d242c421,0.999
1456352041.0,0a8fc55d,1.029
1456352041.0,ff8d71cb,1.139
1456352041.0,bb2d140b,1.029
1456352041.0,412f8103,1.029
1456352041.0,b5e248eb,0.979
1456352041.0,5f34425a,1.039
1456352041.0,1f7b82e5,1.029
1456352041.0,53a0f4e4,1.029
1456352041.0,,1.019
1456352041.0,19eb476f,0.999
1456352041.0,8e8fc0d2,1.029
1456352041.0,c56a25e8,1.029
1456352041.0,d0d137e8,1.029
1456352041.0,4ccb2bae,1.089
1456352041.0,6568fb81,1.029
1456352041.0,33336ca6,0.989
1456352041.0,cb70fbd6,1.029
1456352041.0,d586ebeb,1.029
1456352041.0,ffaebdb9,1.009
1456352041.0,cf228ee3,1.029
1456352041.0,2aa06f6e,1.029
1456352041.0,64542f0d,1.029
1456352041.0,eabde0e7,1.029
1456352041.0,f79bb7dd,1.029
1456352041.0,615801d6,1.029
1456352041.0,6781fe81,1.029
1456352041.0,72cb62f7,0.979
1456352041.0,796a098a,0.999
1456352041.0,592c2c00,0.979
1456352041.0,1bbcc3e6,0.999
1456352041.0,f9b056ba,1.029
1456352041.0,ac67c489,1.069
1456352041.0,e7f3861f,0.949
1456352041.0,eb4b87cc,0.929
1456352041.0,0d9f89b8,1.029
1456352041.0,305b11b7,1.029
1456352041.0,71df72f8,0.939
1456352041.0,efb9c112,1.029
1456352041.0,46078bef,0.999
1456352041.0,72cc479b,0.989
1456352041.0,e1e7fd9f,1.029
1456352041.0,79df2cb3,0.999
1456352041.0,732a1178,1.029
1456352041.0,7ae5eaaa,1.019
1456352041.0,b49fc8ed,1.029
1456352041.0,fbfbf15b,0.999
1456352041.0,06abd985,0.979
1456352041.0,fe1c0582,1.079
1456352041.0,d872a109,0.979
1456352041.0,f479c8f0,1.029
1456352041.0,2febafeb,1.029
1456352041.0,348f6171,0.979
1456352041.0,33e40774,1.049
1456352041.0,f989aaff,1.029
1456352041.0,c6944b24,1.029
1456352041.0,29e75614,0.949
1456352041.0,db08686c,0.979
1456352041.0,b892ab69,1.029
1456352041.0,8d6ec707,0.979
1456352041.0,c7e1e757,0.979
1456352041.0,559bd10e,1.029
1456352041.0,6647542f,1.029
1456352041.0,9dce1619,0.989
1456352041.0,e487e118,1.019
1456352041.0,3bb74884,1.139
1456352041.0,dd2ff1a4,1.029
1456352041.0,3fe74e61,1.029
1456352041.0,421e1370,0.979
1456352041.0,1445b4c6,1.029
1456352041.0,fbaf0901,1.029
1456352041.0,f8562e1c,0.979
1456352041.0,5fcf7eea,1.049
1456352041.0,73b32664,1.029
1456352041.0,4c906efb,1.029
1456352041.0,91f136df,1.029
1456352041.0,0bec4dba,0.949
1456352041.0,95be882a,0.999
1456352041.0,83439be0,0.979
1456352041.0,d04e4045,1.009
1456352041.0,60429413,1.029
1456352041.0,a2fee1df,0.999
1456352041.0,e140b830,0.989
1456352041.0,fe4f9d49,1.029
1456352041.0,919c9e96,1.039
1456352041.0,8b9c037d,1.029
1456352041.0,31063bb4,1.049
1456352041.0,0b0a4614,1.009
1456352041.0,0b2f66ab,1.029
1456352041.0,10da2bc6,1.039
1456352041.0,4fcd4de4,1.039
1456352041.0,977ac60e,1.029
1456352041.0,2ebb5677,0.979
1456352041.0,0d8ee6ff,1.009
1456352041.0,b594d429,0.999
1456352041.0,d96a698b,1.139
1456352041.0,72536881,1.029
1456352041.0,f75e28b0,1.029
1456352041.0,853a3988,1.029
1456352041.0,46bbffea,1.029
1456352041.0,ea9276b9,1.029
1456352041.0,a3af7ef1,1.029
1456352041.0,7d1570f9,1.009
1456352041.0,6f59ab1a,1.044
1456352041.0,013daa88,1.029
1456352041.0,0aad0d01,1.029
1456352041.0,9eb1be1f,1.079
1456352041.0,67946f4f,1.059
1456352041.0,56d1fe2a,0.999
1456352041.0,85a27935,1.029
1456352041.0,2a5a0676,1.029
1456352041.0,a2d171ec,1.039
1456352041.0,592ba5ff,0.989
1456352041.0,170c9bf0,1.029
1456352041.0,f4e35d1f,1.029
1456352041.0,2d3b0c15,1.029
1456352041.0,c6ab8656,1.029
1456352041.0,64d3ba48,1.029
1456352041.0,d950533d,1.009
1456352041.0,668ef0e0,1.009
1456352041.0,a7f164b3,1.029
1456352041.0,2a45cfbb,1.029
1456352041.0,a1605c07,1.029
1456352041.0,90f5114b,1.029
1456352041.0,88d7ccee,1.009
1456352041.0,e58aa567,1.079
1456352041.0,a709f6ca,0.999
1456352041.0,badcf1ca,1.029
1456352041.0,626cfc2a,0.999
1456352041.0,c4e17b93,1.029
1456352041.0,2cbd6d3c,1.029
1456352041.0,fe454b1d,1.029
1456352041.0,8b20c3e0,0.969
1456352041.0,7af9d9ad,1.039
1456352041.0,4a1fb5a4,1.029
1456352041.0,39bd20ff,1.029
1456352041.0,1c358963,1.029
1456352041.0,ce969ca1,1.029
1456352041.0,4b71d2b1,1.029
1456352041.0,bf7ae178,0.989
1456352041.0,55b1a563,0.959
1456352041.0,09d9579a,0.999
1456352041.0,bef35d30,1.029
1456352041.0,e181d5d0,1.009
1456352041.0,546336fa,1.029
1456352041.0,b026b716,1.029
1456352041.0,c32d3f5d,0.999
1456352041.0,fa49aabc,1.029
1456352041.0,6fb3ea7a,0.979
1456352041.0,25a832ea,1.029
1456352041.0,0d45e0bd,1.029
1456352041.0,550ebfc1,1.029
1456352041.0,3f896bf8,1.029
1456352041.0,d62c0561,1.029
1456352041.0,86eb854d,1.029
1456352041.0,17893d95,1.009
1456352041.0,a7d43dc2,0.999
1456352041.0,95a133c8,0.979
1456352041.0,9a4568c6,0.979
1456352041.0,cfe82c42,0.999
1456352041.0,dc9494a5,1.029
1456352041.0,6f394c33,1.019
1456352041.0,15afd395,1.029
1456352041.0,460a08a3,1.029
1456352041.0,9cd812fc,1.019
1456352041.0,59d4a720,0.989
1456352041.0,821f92f0,0.979
1456352041.0,d556f79b,0.909
1456352041.0,bf425f54,0.979
1456352041.0,b806e359,1.029
1456352041.0,c3e10c01,1.009
1456352041.0,d44b5cfb,1.049
1456352041.0,1b2380b6,1.139
1456352041.0,16870e6a,0.989
1456352041.0,bc0ec46f,1.029
1456352041.0,0acb65ea,1.009
1456352041.0,d6d4b842,1.029
1456352041.0,526f4c6d,1.029
1456352041.0,3d03dfc6,0.989
1456352041.0,bc3ec897,1.029
1456352041.0,b7488969,1.029
1456352041.0,cec51495,0.979
1456352041.0,022de539,0.999
1456352041.0,4773dbd2,1.029
1456352041.0,1388562b,1.029
1456352041.0,c62b5500,0.989
1456352041.0,cbe823ba,0.999
1456352041.0,,1.029
1456352041.0,5fcd0ac6,1.029
1456352041.0,0bf731c0,0.999
1456352041.0,7117c935,0.989
1456352041.0,c0fe932e,1.029
1456352041.0,c55ed271,1.029
1456352041.0,5a77d43f,0.989
1456352041.0,c7804480,1.159
1456352041.0,e4b0bd20,1.004
1456352041.0,bf12232f,0.989
1456352041.0,39f820cc,1.029
1456352041.0,5e575550,0.989
1456352041.0,13fe91d4,1.019
1456352041.0,d9663827,1.059
1456352041.0,cb0f3fc8,1.079
1456352041.0,4e905f58,1.029
1456352041.0,a7b1a4ab,1.029
1456352041.0,ee372f15,1.029
1456352041.0,7d5b56a3,1.009
1456352041.0,92401764,1.009
1456352041.0,74311576,0.989
1456352041.0,5adcc672,1.059
1456352041.0,a278bd43,1.009
1456352041.0,6fbcc336,0.979
1456352041.0,4a4627da,0.979
1456352041.0,4cc0a19b,0.989
1456352041.0,01b26f60,1.029
1456352041.0,72b1b375,0.999
1456352041.0,8cb4fc7c,0.979
1456352041.0,1d63d5a1,1.029
1456352041.0,ce2ccf2c,1.029
1456352041.0,02202a18,0.989
1456352041.0,881dfc32,0.979
1456352041.0,9473c28b,1.029
1456352041.0,3ea4d9dc,0.989
1456352041.0,943913cb,1.029
1456352041.0,17548179,1.029
1456352041.0,cd09a0d6,1.029
1456352041.0,ce5b6ffc,0.999
1456352041.0,93656c34,1.029
1456352041.0,,1.029
1456352041.0,4438eb3c,1.009
1456352041.0,72056682,1.029
1456352041.0,e2800d44,1.029
1456352041.0,7e63be59,1.029
1456352041.0,ddaa5083,1.019
1456352041.0,aa24cd60,1.029
1456352041.0,39e2b6d0,1.029
1456352041.0,422fbafa,1.029
1456352041.0,c9333668,1.029
1456352041.0,7029afbd,1.029
1456352041.0,e939fab3,1.029
1456352041.0,1170df4a,1.029
1456352041.0,74bb761d,1.039
1456352041.0,777eab33,1.139
1456352041.0,d923719a,1.029
1456352041.0,c93058ac,1.029
1456352041.0,e433bf13,1.029
1456352041.0,f03c398a,1.029
1456352041.0,e46e4bee,1.029
1456352041.0,a18bcb80,1.069
1456352041.0,56ad714d,1.029
1456352041.0,57c78750,0.999
1456352041.0,9f99b7ac,0.989
1456352041.0,6a49dcf0,1.029
1456352041.0,1d777e62,0.999
1456352041.0,15a546f5,0.979
1456352041.0,,1.029
1456352041.0,f1adb6c9,1.029
1456352041.0,98677b5e,1.029
1456352041.0,37bbaa9d,1.029
1456352041.0,307d645f,1.059
1456352041.0,94013d10,1.009
1456352041.0,92978eb8,0.969
1456352041.0,d3549133,1.029
1456352041.0,0846ce19,0.989
1456352041.0,f82bf8c5,0.979
1456352041.0,2bde4cc0,1.029
1456352041.0,,1.029
1456352041.0,12d17fec,0.999
1456352041.0,481c090b,1.029
1456352041.0,ebe777f4,1.029
1456352041.0,860c7ffb,1.139
1456352041.0,111e657f,0.989
1456352041.0,476697da,1.029
1456352041.0,e5ccd3f7,1.029
1456352041.0,9755b499,1.029
1456352041.0,2a753e23,1.029
1456352041.0,26d49c51,1.029
1456352041.0,c2fe56f7,0.989
1456352041.0,8c5e2a02,1.049
1456352041.0,33cd03d6,0.989
1456352041.0,77f8c9fe,1.029
1456352041.0,8b66ac81,1.029
1456352041.0,2cf8ea35,1.029
1456352041.0,7ee5da0f,1.009
1456352041.0,4bb19235,1.029
1456352041.0,c25699b5,1.019
1456352041.0,65beaeab,0.979
1456352041.0,a7eeba86,0.989
1456352041.0,8f2fb041,1.009
1456352041.0,,0.989
1456352041.0,196b11c0,1.029
1456352041.0,00ae5b70,1.019
1456352041.0,136c3dcd,1.029
1456352041.0,31cd43d6,1.039
1456352041.0,8b3bba8f,1.069
1456352041.0,3e4c89c9,1.029
1456352041.0,7e8947c2,1.009
1456352041.0,836bcdaa,1.059
1456352041.0,0b4a487b,1.009
1456352041.0,2a82c08f,0.989
1456352041.0,e173589c,1.029
1456352041.0,5bdf1cdf,1.029
1456352041.0,2d4a2d35,0.989
1456352041.0,a8aaf34c,0.989
1456352041.0,5cb13083,0.989
1456352041.0,09d54524,1.029
1456352041.0,186f9d64,1.029
1456352041.0,9f62a2b2,0.999
1456352041.0,b883c155,1.039
1456352041.0,113fe84c,1.029
1456352041.0,5a80a293,1.029
1456352041.0,2ebe0a5d,1.029
1456352041.0,99125e73,1.029
1456352041.0,78a3ab05,0.989
1456352041.0,26e8cf72,1.029
1456352041.0,2b2b7338,0.979
1456352041.0,a5b2c28c,0.989
1456352041.0,4827ec0b,1.139
1456352041.0,e36e5558,0.999
1456352041.0,7c85d6ed,1.029
1456352041.0,198d543d,1.029
1456352041.0,d8c7802e,0.979
1456352041.0,bf816140,1.029
1456352041.0,5f9ac3b1,1.029
1456352041.0,2b043615,0.979
1456352041.0,63a3fa08,1.069
1456352041.0,67c5b01c,0.989
1456352041.0,c2e9c850,1.029
1456352041.0,6f8c077f,0.999
1456352041.0,5812c07f,0.989
1456352041.0,d87652c8,1.039
1456352041.0,503c695b,1.029
1456352041.0,c1c6485d,1.029
1456352041.0,171f6dc3,1.039
1456352041.0,823e96f7,1.029
1456352041.0,58d29ccf,1.029
1456352041.0,ee8d39e2,0.979
1456352041.0,70692280,1.029
1456352041.0,3f144301,0.999
1456352041.0,6d0c8ba1,1.029
1456352041.0,f4b0a53c,1.019
1456352041.0,53567364,1.009
1456352041.0,4d67e241,0.999
1456352041.0,50741464,1.029
1456352041.0,dd530bc1,1.029
1456352041.0,23f3fdd2,1.029
1456352041.0,1f59edd4,0.999
1456352041.0,ddbf70bf,1.029
1456352041.0,4d5d9361,1.029
1456352041.0,b6ac7c95,1.039
1456352041.0,ef3d8860,0.999
1456352041.0,4f807f9a,1.029
1456352041.0,c6e11963,1.029
1456352041.0,0b37f4f1,0.999
1456352041.0,f8289047,1.029
1456352041.0,2fab73d2,1.029
1456352041.0,3fa012b6,1.039
1456352041.0,0b617cbb,1.029
1456352281.0,2fbb9c5a,0.999
1456352281.0,0aeed7ce,0.989
1456352281.0,8eb59fab,1.009
1456352281.0,de4ca432,1.009
1456352281.0,778f55da,1.019
1456352281.0,ad1f45e5,1.059
1456352281.0,9d2b8d38,0.999
1456352281.0,8208358e,0.989
1456352281.0,dbe06a06,1.059
1456352281.0,0dc0d8d3,1.009
1456352281.0,33c885cc,0.979
1456352281.0,9b5cfe0e,0.919
1456352281.0,ce331290,0.989
1456352281.0,9a099132,1.159
1456352281.0,6473e25b,1.029
1456352281.0,4f5b6b22,0.989
1456352281.0,71f3b1d9,1.069
1456352281.0,13b8b105,1.049
1456352281.0,6a8a4a7e,0.999
1456352281.0,bb7b32d6,0.989
1456352281.0,bcd76ed0,1.019
1456352281.0,631ddb8a,0.919
1456352281.0,6598cfb9,1.009
1456352281.0,0d662c07,0.989
1456352281.0,d5843ecf,0.979
1456352281.0,26d466bb,0.999
1456352281.0,aa9c4d31,0.979
1456352281.0,6229a06b,0.999
1456352281.0,a770daf6,0.989
1456352281.0,9cad2f94,1.009
1456352281.0,832073a2,0.999
1456352281.0,bce22baa,0.979
1456352281.0,9dc599bb,0.989
1456352281.0,a4842df2,0.978
1456352281.0,75cdd5eb,1.019
1456352281.0,510c3f58,1.049
1456352281.0,5d5e9ec8,0.979
1456352281.0,387b14fd,1.099
1456352281.0,efa93e18,1.019
1456352281.0,3c6b3035,0.979
1456352281.0,69a2d28e,1.069
1456352281.0,27e6396b,0.914
1456352281.0,d3b39801,0.989
1456352281.0,b0a76bca,1.079
1456352281.0,ad949c4b,0.989
1456352281.0,e68e5f87,1.169
1456352281.0,cd3580e7,1.079
1456352281.0,91d2ac21,0.994
1456352281.0,3104967c,1.029
1456352281.0,9d9e60c3,1.007
1456352281.0,b191b282,1.009
1456352281.0,0c18ba5f,0.979
1456352281.0,27707ee4,1.019
1456352281.0,6dd14a95,1.019
1456352281.0,03199c21,0.999
1456352281.0,,0.999
1456352281.0,21f6f55f,0.989
1456352281.0,4b926ccb,0.989
1456352281.0,bd27cbdf,1.009
1456352281.0,fea3781d,0.999
1456352281.0,eb4b87cc,0.989
1456352281.0,0094aa42,0.979
1456352281.0,71df72f8,0.989
1456352281.0,2b0edf3c,1.009
1456352281.0,3f5f0189,0.979
1456352281.0,e7c76ce2,1.069
1456352281.0,c8961000,1.029
1456352281.0,24e3af46,1.049
1456352281.0,f3f464e1,1.019
1456352281.0,97911c0d,1.019
1456352281.0,bf64b735,1.029
1456352281.0,29e75614,1.009
1456352281.0,43e3c3da,0.999
1456352281.0,d084396c,1.009
1456352281.0,3f3762d6,0.999
1456352281.0,585af33d,1.019
1456352281.0,d16d0a6e,1.029
1456352281.0,c791d886,0.999
1456352281.0,76e85116,0.979
1456352281.0,6d2e115e,1.089
1456352281.0,0bec4dba,0.949
1456352281.0,e0bab6c8,0.999
1456352281.0,875ec97a,1.019
1456352281.0,cdf74228,0.999
1456352281.0,465fb754,1.159
1456352281.0,a5c5f9b2,1.069
1456352281.0,c9c1fe89,1.069
1456352281.0,0bc9e7ef,0.979
1456352281.0,953976b2,0.999
1456352281.0,56b0dc6a,1.009
1456352281.0,44984473,0.979
1456352281.0,5b842987,0.979
1456352281.0,b4a9375f,0.999
1456352281.0,0d245387,0.924
1456352281.0,26f7c61c,0.979
1456352281.0,dc4b8ae9,1.159
1456352281.0,e01dae0b,0.989
1456352281.0,55af4e12,0.999
1456352281.0,dca18dd2,1.079
1456352281.0,,0.999
1456352281.0,8e8a5274,0.979
1456352281.0,3c525f19,1.029
1456352281.0,f9580460,0.999
1456352281.0,999cd9a5,1.009
1456352281.0,f41d8382,1.059
1456352281.0,1cc41339,0.959
1456352281.0,a9e224de,0.989
1456352281.0,626660bc,1.069
1456352281.0,685a30f7,1.009
1456352281.0,051e5f5f,0.989
1456352281.0,18429d44,0.999
1456352281.0,1b359e8d,0.979
1456352281.0,0f7cfab9,0.999
1456352281.0,5ace285c,1.019
1456352281.0,930b627b,0.969
1456352281.0,7e7b7769,0.999
1456352281.0,cd3a9dfc,1.019
1456352281.0,07f603f1,1.029
1456352281.0,3680125e,0.979
1456352281.0,b204b97b,1.149
1456352281.0,8b94eddf,1.009
1456352281.0,00956a49,1.029
1456352281.0,7b0ff594,1.019
1456352281.0,c8dd66ee,0.989
1456352281.0,11e3d8bb,0.999
1456352281.0,d83a98ce,0.979
1456352281.0,5308f610,0.999
1456352281.0,6da1952d,1.029
1456352281.0,5c566b33,0.969
1456352281.0,0616421e,1.029
1456352281.0,1f52483c,1.029
1456352281.0,aae959c2,0.999
1456352281.0,b5b5497e,1.079
1456352281.0,5b430faa,0.999
1456352281.0,0a42099e,1.039
1456352281.0,b096f1e2,1.019
1456352281.0,ea476e14,1.029
1456352281.0,538c9b65,0.989
1456352281.0,5effda31,1.029
1456352281.0,312c3ed5,0.989
1456352281.0,c05a0ef2,1.019
1456352281.0,6c10bb5f,1.069
1456352281.0,1f1e2904,0.979
1456352281.0,3183a48d,0.989
1456352281.0,c083a2d4,1.009
1456352281.0,076cbc57,0.999
1456352281.0,068f53ad,0.979
1456352281.0,6dc3c176,0.979
1456352281.0,29e79793,0.999
1456352281.0,2b57a135,0.999
1456352281.0,23efaa4b,0.979
1456352281.0,f6b0098f,1.009
1456352281.0,93f35a10,1.179
1456352281.0,c46c7e06,0.999
1456352281.0,f2063592,0.999
1456352281.0,29bcdad5,0.979
1456352281.0,78ed45ec,0.999
1456352281.0,cae9afe7,1.009
1456352281.0,60ca3b5d,0.979
1456352281.0,8d45e432,1.039
1456352281.0,3d10cfa0,1.009
1456352281.0,375abe19,1.009
1456352281.0,4a5baf49,1.009
1456352281.0,e2e2bd54,1.009
1456352281.0,,1.009
1456352281.0,62085a5f,1.009
1456352281.0,4c2d2225,1.009
1456352281.0,18df2d1d,1.009
1456352281.0,86dab25e,1.009
1456352281.0,07a1d058,1.009
1456352281.0,f047579e,0.989
1456352281.0,c12620e7,0.989
1456352281.0,c5a3cdcb,1.009
1456352281.0,c24a4e37,1.029
1456352281.0,1259d1b0,0.999
1456352281.0,827dc8bb,0.979
1456352281.0,942c7429,0.979
1456352281.0,4c5b25a6,0.999
1456352281.0,4ffb64c8,1.109
1456352281.0,60da834f,0.989
1456352281.0,687fc892,0.969
1456352281.0,5043ba52,1.039
1456352281.0,82d7fda1,1.029
1456352281.0,5d9f0ce5,0.989
1456352281.0,308408ca,0.989
1456352281.0,fab2186a,0.989
1456352281.0,18cc7b01,0.979
1456352281.0,c793eda5,1.034
1456352281.0,f25ec39b,1.009
1456352281.0,9af0b5ab,1.019
1456352281.0,8f767099,0.989
1456352281.0,10967cac,0.989
1456352281.0,4d5ab1e1,0.989
1456352281.0,6dca6f1b,1.009
1456352281.0,8222952d,0.989
1456352281.0,39c16317,1.099
1456352281.0,672ba0d9,1.029
1456352281.0,4c13609c,1.109
1456352281.0,18f6cef8,0.989
1456352281.0,b136a71d,0.979
1456352281.0,7059e623,0.979
1456352281.0,26a76357,0.979
1456352281.0,47d7ec0a,0.999
1456352281.0,7a198451,1.009
1456352281.0,a6ea6f37,0.999
1456352281.0,7f89e6f0,1.029
1456352281.0,0cbee1b5,1.04
1456352281.0,129427de,0.939
1456352281.0,71e79520,0.989
1456352281.0,b6ac7c95,1.039
1456352281.0,fed9f427,1.029
1456352281.0,93a21747,0.999
1456352281.0,16b7ada0,1.034
1456352281.0,85db4cd5,1.049
1456352281.0,6bbd3dc3,0.999
1456352521.0,d779b267,1.019
1456352521.0,0aeed7ce,0.999
1456352521.0,ae5b7656,1.019
1456352521.0,d6f28452,1.019
1456352521.0,ad1f45e5,0.989
1456352521.0,0536c920,0.999
1456352521.0,3f38fa55,0.999
1456352521.0,c143cd5a,0.979
1456352521.0,9ba29175,1.019
1456352521.0,74282c9f,0.979
1456352521.0,ab7cf567,1.049
1456352521.0,2ef24e6a,0.979
1456352521.0,15c2c195,0.999
1456352521.0,172669b0,0.989
1456352521.0,69bda9c6,1.009
1456352521.0,797e753d,0.949
1456352521.0,9b5b616a,1.029
1456352521.0,860d9600,1.139
1456352521.0,3959f076,0.989
1456352521.0,e9abc101,1.019
1456352521.0,1018f316,0.999
1456352521.0,60cf6168,0.999
1456352521.0,08f7db25,0.979
1456352521.0,9dc599bb,1.029
1456352521.0,41065536,1.054
1456352521.0,5ff2bd7f,0.969
1456352521.0,5163d6fe,1.029
1456352521.0,ded1172c,0.989
1456352521.0,f2c567b7,0.979
1456352521.0,27e6396b,0.974
1456352521.0,d84e5b34,0.989
1456352521.0,c5f0fecb,0.999
1456352521.0,829f8adc,1.149
1456352521.0,37b3aafc,1.149
1456352521.0,d2f8a338,0.989
1456352521.0,859fc025,1.019
1456352521.0,faf392db,1.029
1456352521.0,04c08bf0,0.999
1456352521.0,e92281f9,1.029
1456352521.0,eaa4c30e,0.979
1456352521.0,e391e28b,1.039
1456352521.0,bc0ee536,0.999
1456352521.0,8977de4b,1.004
1456352521.0,a7a5f25b,0.979
1456352521.0,f32fed85,0.999
1456352521.0,292787aa,1.009
1456352521.0,114290a9,0.974
1456352521.0,073f010e,1.019
1456352521.0,c8d87efe,1.019
1456352521.0,ad338ffc,1.009
1456352521.0,64a911b5,0.979
1456352521.0,03199c21,0.989
1456352521.0,8c76092e,0.989
1456352521.0,cf72999d,0.979
1456352521.0,657c5e72,1.179
1456352521.0,9b047271,1.019
1456352521.0,42daef27,1.018
1456352521.0,fea3781d,0.989
1456352521.0,c3a90ed5,1.019
1456352521.0,62ebae64,0.999
1456352521.0,dc9da122,0.979
1456352521.0,7c00341e,0.989
1456352521.0,4917f7ee,1.019
1456352521.0,4666786f,1.019
1456352521.0,6f16196e,0.989
1456352521.0,5559a0b4,0.999
1456352521.0,adf7b918,0.989
1456352521.0,259f0ed8,0.999
1456352521.0,5018e554,1.009
1456352521.0,2eea7b6b,0.999
1456352521.0,646fc850,1.019
1456352521.0,de1eff76,1.059
1456352521.0,5fcf7eea,0.999
1456352521.0,7fa92b87,1.054
1456352521.0,d887646b,0.999
1456352521.0,c08c0585,1.169
1456352521.0,727a279d,1.029
1456352521.0,,0.989
1456352521.0,4119ba76,1.009
1456352521.0,475377c3,1.009
1456352521.0,d6db948e,1.019
1456352521.0,cdf74228,1.029
1456352521.0,d3d9b662,0.999
1456352521.0,54a44614,1.009
1456352521.0,5082e3d6,1.029
1456352521.0,70681f39,1.009
1456352521.0,8746be38,1.014
1456352521.0,bcfb8220,0.999
1456352521.0,91757ae2,0.979
1456352521.0,85edb580,1.029
1456352521.0,74903af4,0.989
1456352521.0,baf1ff57,0.999
1456352521.0,32065a23,0.999
1456352521.0,c23de96c,1.009
1456352521.0,f37029f1,0.999
1456352521.0,001234ac,1.009
1456352521.0,20dcb5cd,1.039
1456352521.0,6cda24f6,1.009
1456352521.0,76c4a30b,0.989
1456352521.0,e05ee428,1.009
1456352521.0,477465f0,0.989
1456352521.0,bf3faa63,0.969
1456352521.0,ba9cc930,0.989
1456352521.0,1139b111,1.019
1456352521.0,6188876b,0.989
1456352521.0,4484275b,0.999
1456352521.0,4e13229f,0.979
1456352521.0,016f3133,0.979
1456352521.0,ded69fbb,0.999
1456352521.0,8b0230d5,1.029
1456352521.0,5e3d40d3,0.989
1456352521.0,5bc7d850,0.989
1456352521.0,ab7d8dd4,0.989
1456352521.0,099e78c7,1.029
1456352521.0,55b1a563,1.019
1456352521.0,11bd050d,0.999
1456352521.0,33565053,0.999
1456352521.0,f7f61bfc,0.989
1456352521.0,ff608fc4,0.999
1456352521.0,f3d19615,0.999
1456352521.0,c9a50b4f,0.999
1456352521.0,dc99dfd7,1.009
1456352521.0,5aab5487,0.989
1456352521.0,d89013e5,1.029
1456352521.0,286eacff,1.009
1456352521.0,586c91e3,0.999
1456352521.0,aae959c2,0.959
1456352521.0,6f30727c,1.119
1456352521.0,d3faff64,1.069
1456352521.0,f8ed5739,1.049
1456352521.0,b359addb,0.989
1456352521.0,c03e7ffa,1.009
1456352521.0,212dc31a,1.009
1456352521.0,d404277d,1.039
1456352521.0,,0.999
1456352521.0,12516ab9,0.999
1456352521.0,09e2fa96,1.019
1456352521.0,c394bd6a,1.059
1456352521.0,1c1b5783,0.999
1456352521.0,b685aa76,0.989
1456352521.0,057efe6f,1.029
1456352521.0,fd278e66,0.989
1456352521.0,a0bdc489,0.999
1456352521.0,312c3ed5,1.019
1456352521.0,efc6fe63,0.999
1456352521.0,f530fb7b,1.009
1456352521.0,14583564,0.999
1456352521.0,b7b6386b,0.999
1456352521.0,71b846ff,0.999
1456352521.0,db29506f,1.019
1456352521.0,a1e08fd2,0.969
1456352521.0,0a3bb4b4,0.999
1456352521.0,5e613253,0.989
1456352521.0,be572aa5,0.999
1456352521.0,92d39932,1.019
1456352521.0,25365ee8,0.989
1456352521.0,31ae92da,0.979
1456352521.0,1c54aea2,1.009
1456352521.0,dfb29247,1.009
1456352521.0,52c09ceb,1.009
1456352521.0,b414428f,1.009
1456352521.0,85ae0b90,1.009
1456352521.0,a5c5f4c3,0.989
1456352521.0,b28fedb7,0.959
1456352521.0,400e5197,0.989
1456352521.0,cc22a735,1.019
1456352521.0,a6631f18,0.979
1456352521.0,9bcbbbc7,1.019
1456352521.0,1c087491,0.989
1456352521.0,82319435,1.039
1456352521.0,731e56e7,1.029
1456352521.0,6074cd22,1.019
1456352521.0,4f4115ed,1.009
1456352521.0,dea57116,1.019
1456352521.0,ab84ea8f,1.009
1456352521.0,74864c80,1.009
1456352521.0,9a03cdbc,0.989
1456352521.0,6e9e301f,1.009
1456352521.0,3be33cb4,0.989
1456352521.0,d1c24269,1.009
1456352521.0,36849264,0.979
1456352521.0,a3f28e84,0.999
1456352521.0,c09f1e3e,1.079
1456352521.0,83f13659,1.169
1456352521.0,03325fa4,1.009
1456352521.0,7edaa7ac,1.009
1456352521.0,2fa6d835,1.179
1456352521.0,0b0f2129,0.979
1456352521.0,b44da49f,0.959
1456352521.0,54cd89cc,1.019
1456352521.0,fb54ae4c,0.979
1456352521.0,fa0db63e,1.009
1456352521.0,8f30678f,1.009
1456352521.0,f02aba4d,0.989
1456352521.0,aaba4ebc,0.989
1456352521.0,98996c98,0.999
1456352521.0,29259211,0.989
1456352521.0,08e9a69f,1.019
1456352521.0,f98afd49,1.179
1456352521.0,f5e9f5d7,1.009
1456352521.0,57a6c42b,0.979
1456352521.0,d99f8c72,1.009
1456352521.0,62bd758c,0.979
1456352521.0,a452f12c,1.019
1456352521.0,fed67d30,1.169
1456352521.0,06277f60,1.009
1456352521.0,293e1b9a,0.999
1456352521.0,0913d5bd,0.979
1456352521.0,,0.979
1456352521.0,b484fa6e,0.999
1456352521.0,1cc76c84,1.029
1456352521.0,94df3c4a,1.029
1456352521.0,f184201b,0.999
1456352521.0,48d0e555,1.009
1456352521.0,b5897439,1.009
1456352521.0,38f029e2,1.029
1456352521.0,6d2bdf55,1.089
1456352521.0,06e6f1e6,0.999
1456352521.0,ad659ace,0.989
1456352521.0,c7df12d5,1.169
1456352521.0,65b05fee,1.019
1456352521.0,a889c99a,0.999
1456352521.0,ba815d55,1.009
1456352521.0,e8ecece5,0.999
1456352521.0,0178dac8,1.009
1456352521.0,c330d63c,1.039
1456352521.0,46c0cc5b,0.999
1456352521.0,43624917,1.109
1456352521.0,f7a225a7,0.989
1456352521.0,01e3af77,0.999
1456352761.0,0aeed7ce,0.989
1456352761.0,d3193e38,1.009
1456352761.0,65f99718,1.009
1456352761.0,20342ee3,1.009
1456352761.0,bb8c434c,1.019
1456352761.0,317387f0,1.009
1456352761.0,5e49a15d,1.009
1456352761.0,9a431452,1.009
1456352761.0,98b8cd78,1.009
1456352761.0,6f9fee8c,0.989
1456352761.0,3ccd631d,0.999
1456352761.0,ceefde2a,0.999
1456352761.0,46030de4,1.049
1456352761.0,3f5ce6b8,0.999
1456352761.0,13b8b105,1.009
1456352761.0,631ddb8a,0.979
1456352761.0,a9bfa2fb,1.019
1456352761.0,4d87940f,0.989
1456352761.0,a38344c9,0.979
1456352761.0,00d1a6ab,1.029
1456352761.0,b48ba10e,1.009
1456352761.0,603c4e8c,1.009
1456352761.0,7eafe473,0.999
1456352761.0,3a8770f2,1.019
1456352761.0,02bd7477,0.999
1456352761.0,b0a76bca,1.049
1456352761.0,a2729b52,1.009
1456352761.0,be2d5691,0.999
1456352761.0,4718f10b,1.009
1456352761.0,cd3580e7,1.069
1456352761.0,a30a80ce,0.989
1456352761.0,d0af3229,0.979
1456352761.0,7e76b239,0.994
1456352761.0,b7b730d9,1.029
1456352761.0,57bad7ea,0.989
1456352761.0,9b71f290,0.979
1456352761.0,c0aa824a,1.029
1456352761.0,5d40a336,1.004
1456352761.0,301f8f7b,1.019
1456352761.0,ae3fcddd,1.009
1456352761.0,e6c64a05,1.019
1456352761.0,75bb0d76,1.029
1456352761.0,1105f74e,1.159
1456352761.0,e71e186f,0.999
1456352761.0,c73ee079,1.009
1456352761.0,552678b9,0.959
1456352761.0,fd43a211,0.999
1456352761.0,2b30a775,0.989
1456352761.0,bd1e659d,1.079
1456352761.0,fe1c0582,0.999
1456352761.0,72162ebe,1.049
1456352761.0,5018e554,0.999
1456352761.0,3b988b25,0.999
1456352761.0,6b50c140,1.029
1456352761.0,646fc850,1.029
1456352761.0,d1bfa6c5,1.009
1456352761.0,759c0ad5,1.009
1456352761.0,f052c9f4,1.079
1456352761.0,6d5dfb36,0.989
1456352761.0,6f2ba4ed,1.019
1456352761.0,c8ce828b,0.999
1456352761.0,35b3e2a2,0.989
1456352761.0,465fb754,1.069
1456352761.0,a5c5f9b2,1.059
1456352761.0,522b4780,0.999
1456352761.0,c2648ee3,1.129
1456352761.0,,0.999
1456352761.0,bcfb8220,1.019
1456352761.0,13579cfd,1.009
1456352761.0,14d744d4,1.119
1456352761.0,8c0782e7,0.999
1456352761.0,6d40e0d7,0.979
1456352761.0,0290389c,0.989
1456352761.0,13cc1bf8,1.019
1456352761.0,ace2e1f9,0.999
1456352761.0,4ee0535e,1.019
1456352761.0,4af2260b,1.009
1456352761.0,32065a23,1.019
1456352761.0,efc1c355,1.029
1456352761.0,e147c97d,0.999
1456352761.0,f37029f1,1.029
1456352761.0,,1.019
1456352761.0,0a0ef89e,1.079
1456352761.0,ee4163c1,1.019
1456352761.0,0dd22df0,0.989
1456352761.0,8e4357a4,0.989
1456352761.0,aa2f1ae8,0.989
1456352761.0,14253da3,1.009
1456352761.0,9e46459f,0.999
1456352761.0,6cee9445,1.009
1456352761.0,6c0b296e,1.019
1456352761.0,a3956c28,0.999
1456352761.0,5c70351c,1.059
1456352761.0,05845b5e,0.989
1456352761.0,18b93d5d,1.169
1456352761.0,6a5601b8,0.999
1456352761.0,813a6cd1,1.029
1456352761.0,324dc3f8,1.009
1456352761.0,a64e2d63,1.009
1456352761.0,795efed5,0.999
1456352761.0,1c00717b,1.029
1456352761.0,f2b7e0d3,1.019
1456352761.0,fd278e66,1.019
1456352761.0,cfa7f86a,0.989
1456352761.0,c05a0ef2,0.989
1456352761.0,9ca722d6,0.939
1456352761.0,00c62f03,1.009
1456352761.0,0ed46e0c,0.979
1456352761.0,ebefc91b,1.009
1456352761.0,4a802d7b,1.029
1456352761.0,2092821a,0.999
1456352761.0,28af0625,0.999
1456352761.0,db29506f,1.029
1456352761.0,d22c2ab6,1.029
1456352761.0,5b1eb6c6,0.989
1456352761.0,be572aa5,1.029
1456352761.0,4f43fd77,1.009
1456352761.0,ff19e550,0.989
1456352761.0,61a9a23e,1.009
1456352761.0,d0b2a106,1.009
1456352761.0,9b835b51,0.989
1456352761.0,fff1f639,1.029
1456352761.0,c24a4e37,1.019
1456352761.0,6b5979c5,0.979
1456352761.0,ace1257e,1.029
1456352761.0,65995c53,0.999
1456352761.0,34cd760d,0.999
1456352761.0,61e52b01,1.019
1456352761.0,4e5b883c,0.999
1456352761.0,da19dfd3,1.049
1456352761.0,a11621b6,0.989
1456352761.0,c834e637,0.989
1456352761.0,421a6353,0.989
1456352761.0,2e401955,0.999
1456352761.0,8e0ce406,0.999
1456352761.0,a16adda9,0.989
1456352761.0,cbac7081,0.989
1456352761.0,1e7aac59,1.009
1456352761.0,5c2e3a01,1.009
1456352761.0,83d3e011,0.999
1456352761.0,bfe9ba44,1.029
1456352761.0,9f0519b8,1.009
1456352761.0,d9c57dad,0.999
1456352761.0,0c1688de,1.029
1456352761.0,06277f60,1.009
1456352761.0,d54e3a6e,0.979
1456352761.0,3bfc6e44,1.049
1456352761.0,7121a112,0.999
1456352761.0,ea5c90c0,0.999
1456352761.0,b32ae972,1.019
1456352761.0,7c3d138b,0.999
1456352761.0,e9b61dbc,1.059
1456352761.0,a3eb6d42,0.954
1456352761.0,b0043b5a,1.059
1456352761.0,9422b117,1.009
1456352761.0,eeb5162c,1.009
1456352761.0,b09e60a5,1.009
1456352761.0,46c0cc5b,1.029
1456352761.0,f7a225a7,1.019
1456353001.0,3a4ffbbf,0.989
1456353001.0,83a8ae72,1.089
1456353001.0,a8f5bb50,0.979
1456353001.0,ebcd22e7,0.989
1456353001.0,ac22a573,1.069
1456353001.0,f38d4f22,0.989
1456353001.0,ef80204b,1.059
1456353001.0,9b5cfe0e,0.979
1456353001.0,ceefde2a,1.029
1456353001.0,df84d6fa,1.039
1456353001.0,6a471cde,0.989
1456353001.0,3693b2a0,1.009
1456353001.0,be6a8603,1.029
1456353001.0,d89ba291,0.959
1456353001.0,2afeabea,0.999
1456353001.0,c8e917b4,1.029
1456353001.0,a41365eb,1.039
1456353001.0,90201097,1.009
1456353001.0,e790ca88,1.059
1456353001.0,72ceacae,0.999
1456353001.0,36a9895c,1.029
1456353001.0,d8de669b,0.999
1456353001.0,5f0b3d94,0.979
1456353001.0,f90c625e,1.019
1456353001.0,4b06da23,1.029
1456353001.0,5f881538,0.939
1456353001.0,efa93e18,0.999
1456353001.0,f9b6f1ea,1.019
1456353001.0,6a79b20f,0.989
1456353001.0,b0a76bca,1.009
1456353001.0,eede80ef,0.979
1456353001.0,811b6a32,0.999
1456353001.0,f969dc08,1.039
1456353001.0,cd3580e7,1.059
1456353001.0,80ebee07,0.989
1456353001.0,ad7fb7be,1.009
1456353001.0,e96cd138,0.969
1456353001.0,eacc3482,0.999
1456353001.0,50ccc5eb,0.949
1456353001.0,58bc480d,1.034
1456353001.0,948a8512,1.009
1456353001.0,633828e5,1.039
1456353001.0,ce942bef,0.999
1456353001.0,27707ee4,0.989
1456353001.0,3663fc5c,0.979
1456353001.0,fdef9afa,1.029
1456353001.0,8820ca40,1.029
1456353001.0,e3bd3d52,0.999
1456353001.0,e07b08d4,1.019
1456353001.0,9b047271,1.029
1456353001.0,507cdfac,1.039
1456353001.0,5d34075a,1.029
1456353001.0,bbe6dd3b,1.179
1456353001.0,ff9beead,0.999
1456353001.0,74abc1c5,0.999
1456353001.0,0e8c472c,1.019
1456353001.0,a69c9dfa,1.029
1456353001.0,97911c0d,0.989
1456353001.0,b6553c9c,0.939
1456353001.0,bd1e659d,1.069
1456353001.0,c8c80a71,1.019
1456353001.0,6cb03436,0.999
1456353001.0,72162ebe,1.009
1456353001.0,5f817b41,0.999
1456353001.0,bd5a8e8c,0.999
1456353001.0,fd334dae,1.009
1456353001.0,a24c7289,1.019
1456353001.0,9d98dcbb,1.019
1456353001.0,04fe1fbb,1.009
1456353001.0,21cc26f8,0.989
1456353001.0,fabaa853,0.999
1456353001.0,c8ce828b,1.029
1456353001.0,acd58708,0.989
1456353001.0,db856260,1.019
1456353001.0,302dd48b,1.019
1456353001.0,6791f8cd,1.059
1456353001.0,c2648ee3,0.979
1456353001.0,6319bbbb,1.009
1456353001.0,f847749e,1.069
1456353001.0,31172c6e,0.989
1456353001.0,dac2d51e,1.139
1456353001.0,3082ffa7,0.999
1456353001.0,9086a5b2,0.999
1456353001.0,0d245387,0.994
1456353001.0,b7f65739,1.049
1456353001.0,3621af3f,0.999
1456353001.0,e76cb56f,0.999
1456353001.0,68492860,1.059
1456353001.0,70ff20bb,1.019
1456353001.0,85edb580,1.039
1456353001.0,4cd470ad,0.979
1456353001.0,dfd4b295,1.059
1456353001.0,0fc11a52,1.019
1456353001.0,4f58556c,0.979
1456353001.0,df9cde99,1.029
1456353001.0,3a67bc28,1.029
1456353001.0,75d9dd17,0.979
1456353001.0,a4a6b026,1.039
1456353001.0,18a9621c,0.979
1456353001.0,ba33f726,1.049
1456353001.0,ded69fbb,1.029
1456353001.0,deed609f,0.989
1456353001.0,a40e21ff,0.988
1456353001.0,530591a4,0.994
1456353001.0,8dc9de7b,1.009
1456353001.0,f105f24c,0.999
1456353001.0,550acd6a,0.999
1456353001.0,d3f0653f,1.019
1456353001.0,1e41b091,1.039
1456353001.0,73c26a55,1.039
1456353001.0,6313d441,0.989
1456353001.0,dc06e82c,0.999
1456353001.0,8e25d9aa,0.999
1456353001.0,b212ad4b,1.069
1456353001.0,4c5615f5,0.989
1456353001.0,48ef3fea,1.029
1456353001.0,c03e7ffa,1.039
1456353001.0,0df6de58,0.989
1456353001.0,d1749881,1.029
1456353001.0,92eb0a93,0.999
1456353001.0,6c261cbe,0.989
1456353001.0,fc0599eb,1.044
1456353001.0,dd700b9a,0.999
1456353001.0,dd80a4bd,1.049
1456353001.0,84a3b636,1.019
1456353001.0,8cd391f3,0.979
1456353001.0,ed0cd7e2,1.039
1456353001.0,9f0d800f,1.039
1456353001.0,9ca722d6,0.999
1456353001.0,2092821a,1.029
1456353001.0,73242acd,1.029
1456353001.0,28af0625,1.029
1456353001.0,45e21f92,0.999
1456353001.0,01170a5d,0.999
1456353001.0,0a3bb4b4,1.029
1456353001.0,4f43fd77,1.019
1456353001.0,1555e8c5,0.999
1456353001.0,93e9a320,0.999
1456353001.0,8167fa85,1.039
1456353001.0,c4a3a803,1.039
1456353001.0,275911ce,1.009
1456353001.0,106daba7,0.989
1456353001.0,9bcbbbc7,1.029
1456353001.0,c24a4e37,0.999
1456353001.0,81c9cec5,1.029
1456353001.0,a54d4e57,1.029
1456353001.0,dea57116,1.029
1456353001.0,161965e7,0.989
1456353001.0,c07854c5,1.009
1456353001.0,b16a7660,0.989
1456353001.0,5ec35915,0.999
1456353001.0,0b3074b7,1.039
1456353001.0,ca804af5,0.999
1456353001.0,54bf86d1,0.999
1456353001.0,f11235cb,0.999
1456353001.0,dce07572,1.039
1456353001.0,b2c4b0c2,1.029
1456353001.0,fec0f633,0.994
1456353001.0,,0.989
1456353001.0,6338dd07,1.009
1456353001.0,69e0d4ed,0.989
1456353001.0,6582ce6e,1.024
1456353001.0,371f287c,0.999
1456353001.0,da19dfd3,1.009
1456353001.0,e767706d,0.979
1456353001.0,1744da60,0.999
1456353001.0,4829f4f6,1.029
1456353001.0,783b97cc,0.989
1456353001.0,5321252a,1.009
1456353001.0,ece022de,1.059
1456353001.0,98996c98,1.019
1456353001.0,a76bbf53,1.079
1456353001.0,b2f56e84,1.009
1456353001.0,4503fc83,0.999
1456353001.0,11b72709,0.999
1456353001.0,d99f8c72,1.029
1456353001.0,6c715e12,0.999
1456353001.0,b718f9fa,0.999
1456353001.0,073f77fc,0.999
1456353001.0,2ce5573c,1.029
1456353001.0,2e275f6e,1.039
1456353001.0,a05c4f54,1.019
1456353001.0,217404b2,0.979
1456353001.0,434de2f2,1.039
1456353001.0,8fdafbf6,0.999
1456353001.0,7bc454c7,1.009
1456353001.0,741f3aab,1.029
1456353001.0,f4507b0a,0.999
1456353001.0,,1.019
1456353001.0,f2e88219,1.019
1456353001.0,3c4e3fea,1.169
1456353001.0,e9b61dbc,1.029
1456353001.0,a40495d3,1.079
1456353001.0,944ee682,1.089
1456353001.0,f6694dbe,1.029
1456353001.0,c3803ef6,1.039
1456353001.0,1fd6a30e,0.989
1456353001.0,842da93a,1.059
1456353001.0,9b8af649,1.039
1456353001.0,4fe4aa3c,0.979
1456353001.0,eeb5162c,1.019
1456353001.0,9499ff78,0.989
1456353001.0,9c4c0229,0.979
1456353241.0,,0.999
1456353241.0,0f01b9c8,1.009
1456353241.0,047ea646,0.999
1456353241.0,30797552,0.989
1456353241.0,018fafee,0.979
1456353241.0,b8ddb5a8,0.979
1456353241.0,b45ba0f1,0.979
1456353241.0,4a243585,0.999
1456353241.0,5ac9ec5a,1.079
1456353241.0,45a492f6,0.979
1456353241.0,90201097,1.009
1456353241.0,2aaf451f,0.989
1456353241.0,eb0a0090,1.009
1456353241.0,04da5ab2,1.049
1456353241.0,0abfa69b,0.989
1456353241.0,09f71d7c,1.009
1456353241.0,510c3f58,0.999
1456353241.0,136fdac8,1.079
1456353241.0,69a2d28e,0.979
1456353241.0,f2c567b7,1.019
1456353241.0,3dfc83c4,0.989
1456353241.0,7f667b18,0.989
1456353241.0,95cc0772,0.989
1456353241.0,6d248169,0.989
1456353241.0,b09942f7,1.009
1456353241.0,80ebee07,0.989
1456353241.0,88759e4a,1.009
1456353241.0,5056106a,0.979
1456353241.0,50ccc5eb,0.999
1456353241.0,b484f1ea,0.999
1456353241.0,c78085b8,1.069
1456353241.0,e7f3861f,1.009
1456353241.0,b6553c9c,1.049
1456353241.0,bd1e659d,1.059
1456353241.0,e8d9a107,0.999
1456353241.0,4fe7c8a5,1.007
1456353241.0,b840a41d,1.099
1456353241.0,a625042c,0.979
1456353241.0,65868958,1.019
1456353241.0,addbc61c,1.019
1456353241.0,0bec4dba,0.949
1456353241.0,1ea7ac66,1.009
1456353241.0,5036bf9f,1.189
1456353241.0,93a0a521,1.024
1456353241.0,d36f6c02,1.189
1456353241.0,8f545eb0,0.979
1456353241.0,063c7988,1.039
1456353241.0,d9b9345c,0.984
1456353241.0,ae5da76e,0.979
1456353241.0,1c79df7a,0.979
1456353241.0,473e0e2f,1.019
1456353241.0,c8bea281,0.979
1456353241.0,,1.009
1456353241.0,fac91609,1.069
1456353241.0,28712072,1.029
1456353241.0,79555dbb,0.979
1456353241.0,831f7129,1.009
1456353241.0,443ae02b,1.069
1456353241.0,8668e2e4,1.019
1456353241.0,9501b2c0,0.989
1456353241.0,2b1d13c5,1.019
1456353241.0,268d8ff7,1.099
1456353241.0,0d7e555d,0.994
1456353241.0,23ffe49b,1.009
1456353241.0,cc1424f8,0.999
1456353241.0,626660bc,0.999
1456353241.0,930b627b,0.969
1456353241.0,64bb101c,1.049
1456353241.0,094e5a20,0.999
1456353241.0,0df6de58,1.019
1456353241.0,9d3b9bdc,1.019
1456353241.0,c0911b94,0.999
1456353241.0,822601b1,1.009
1456353241.0,c05a0ef2,0.989
1456353241.0,616bd931,0.979
1456353241.0,a6443453,1.109
1456353241.0,e9b0a748,1.019
1456353241.0,6670147b,1.009
1456353241.0,dd41b331,1.029
1456353241.0,2d3f410b,1.019
1456353241.0,dac4fe2a,0.969
1456353241.0,1f1eaa0f,1.019
1456353241.0,bdc12d8e,1.189
1456353241.0,fd6b00bc,0.979
1456353241.0,3893b380,1.129
1456353241.0,c07854c5,1.029
1456353241.0,ffcde0bb,1.029
1456353241.0,af4316ed,1.019
1456353241.0,7929baa2,1.129
1456353241.0,f09149cd,1.019
1456353241.0,3bb601ac,1.029
1456353241.0,beab9b84,0.999
1456353241.0,ed71c114,1.009
1456353241.0,270ee8bf,1.029
1456353241.0,0af8f0f1,1.069
1456353241.0,09d5caa7,1.009
1456353241.0,fcfe3bbf,1.049
1456353241.0,8b3bba8f,0.979
1456353241.0,6fbc265f,0.979
1456353241.0,53d76725,1.139
1456353241.0,81c26764,1.029
1456353241.0,1db152f7,1.189
1456353241.0,91823808,1.029
1456353241.0,f26c00e4,0.999
1456353241.0,04508fff,1.029
1456353241.0,f6afdfd6,0.979
1456353241.0,27568398,1.079
1456353241.0,1f6c44dc,1.029
1456353241.0,1636f44a,1.059
1456353241.0,d2c2433a,1.189
1456353241.0,862d0831,1.029
1456353241.0,d6c505e9,1.009
1456353241.0,f4507b0a,0.999
1456353241.0,e05d6984,1.029
1456353241.0,974de11a,1.029
1456353241.0,3c4e3fea,1.169
1456353241.0,bb457334,0.999
1456353241.0,fee76af5,0.999
1456353241.0,4fe4aa3c,0.999
1456353241.0,7d0753eb,0.999
1456353481.0,e1a9f11a,1.009
1456353481.0,3d92c06f,0.979
1456353481.0,d355e704,0.979
1456353481.0,3c8508a5,0.979
1456353481.0,3b40de08,0.979
1456353481.0,ce75f1ed,1.019
1456353481.0,1bfa0edf,0.979
1456353481.0,aa00a8f6,0.954
1456353481.0,f09b1121,0.979
1456353481.0,fcf48a23,1.059
1456353481.0,012cf605,0.999
1456353481.0,c2cfa7d5,1.019
1456353481.0,912d452f,0.999
1456353481.0,9cad2f94,0.999
1456353481.0,65705e06,1.019
1456353481.0,5f0b3d94,1.019
1456353481.0,5f881538,0.989
1456353481.0,3d74c9d4,0.979
1456353481.0,82f09d4f,0.989
1456353481.0,c20a8487,0.979
1456353481.0,471a369c,1.019
1456353481.0,6dd14a95,1.049
1456353481.0,3dbe97df,1.019
1456353481.0,3601c357,1.019
1456353481.0,ff9beead,1.019
1456353481.0,0bec4dba,0.949
1456353481.0,e2edff7e,0.999
1456353481.0,3de5ce2e,1.019
1456353481.0,62bff896,0.999
1456353481.0,cc1424f8,1.029
1456353481.0,76e0e2ad,1.039
1456353481.0,38990b28,1.049
1456353481.0,16ea6be7,0.999
1456353481.0,0d28fb9e,1.019
1456353481.0,8cedb45b,1.019
1456353481.0,26058f82,1.019
1456353481.0,b60ced65,0.999
1456353481.0,29f1d304,0.979
1456353481.0,a6443453,1.109
1456353481.0,2df68795,1.019
1456353481.0,c21f352d,0.989
1456353481.0,e9b0a748,1.029
1456353481.0,95ff6d3a,0.998
1456353481.0,c24a4e37,0.989
1456353481.0,3893b380,0.979
1456353481.0,1fdc64f7,0.989
1456353481.0,2644599e,1.019
1456353481.0,0a297a27,1.019
1456353481.0,ae8a27ee,1.019
1456353481.0,01668234,0.999
1456353481.0,4503fc83,1.019
1456353481.0,a5d5884d,0.999
1456353481.0,4046b6ba,1.039
1456353481.0,f9e89c40,0.989
1456353481.0,12c23508,1.019
1456353481.0,173bf0b5,0.969
1456353481.0,dbc4bac0,1.019
1456353481.0,3da96054,0.999
1456353481.0,6d2bdf55,1.049
1456353481.0,3851f5d5,0.999
1456353481.0,c1082f5e,1.019
1456353481.0,46d6bf0a,1.049
1456353481.0,cf3aa97f,0.999
1456353481.0,e5e6c292,0.969
1456353481.0,f1f120d5,0.979
1456353721.0,ae71af81,0.989
1456353721.0,31105aa7,1.029
1456353721.0,9971cecf,0.989
1456353721.0,b5028985,1.049
1456353721.0,c307725e,0.989
1456353721.0,12d8b2e2,0.999
1456353721.0,34adc4e3,1.029
1456353721.0,00a2a041,1.169
1456353721.0,6306053f,0.999
1456353721.0,c77e2863,1.009
1456353721.0,22103849,0.979
1456353721.0,1ad30a9a,1.029
1456353721.0,eea98c31,1.009
1456353721.0,a00c53b9,0.969
1456353721.0,c8bea281,0.999
1456353721.0,b338177f,0.999
1456353721.0,d97d5b77,0.989
1456353721.0,83e564c6,1.099
1456353721.0,bc5fd80b,0.999
1456353721.0,25d0b512,1.029
1456353721.0,4d0a22fb,1.039
1456353721.0,9a2da055,1.039
1456353721.0,1d1829c8,0.999
1456353721.0,d00a147b,0.999
1456353721.0,1f1eaa0f,1.029
1456353721.0,ea971a7b,1.019
1456353721.0,b44da49f,1.059
1456353721.0,7e056bdf,1.019
1456353721.0,c4906344,1.009
1456353721.0,c93086be,0.979
1456353721.0,3e1191fb,0.999
1456353961.0,0aeed7ce,0.999
1456353961.0,88693ceb,1.069
1456353961.0,54ea7147,0.979
1456353961.0,ae71af81,1.019
1456353961.0,c307725e,1.019
1456353961.0,3a9fbebb,1.019
1456353961.0,7244640d,0.989
1456353961.0,d650bbff,1.029
1456353961.0,12fa7f3d,1.059
1456353961.0,48198db0,1.064
1456353961.0,e16e5312,1.019
1456353961.0,3b728838,1.029
1456353961.0,628e1099,1.069
1456353961.0,8e390e63,0.999
1456353961.0,ee30bc6d,1.019
1456353961.0,bfc6b6eb,1.009
1456353961.0,11e2fc79,1.029
1456353961.0,e63c7432,1.009
1456353961.0,16ea6be7,1.019
1456353961.0,384af07c,1.029
1456353961.0,6f30727c,1.049
1456353961.0,b096f1e2,0.999
1456353961.0,17cc3598,0.999
1456353961.0,d22c2ab6,0.999
1456353961.0,4c74fdcc,0.999
1456353961.0,dc76e214,0.989
1456353961.0,94c64075,1.029
1456353961.0,47a742a7,1.059
1456353961.0,a40495d3,0.989
1456353961.0,842da93a,1.019
1456353961.0,cf3aa97f,1.019
1456353961.0,24e4f125,1.169
1456354201.0,ae0b5a92,1.079
1456354201.0,04e35776,1.009
1456354201.0,c2bef439,0.999
1456354201.0,5da50d00,1.079
1456354201.0,7c556e65,0.979
1456354201.0,4e905761,1.039
1456354201.0,30029614,1.159
1456354201.0,57813c32,1.009
1456354201.0,9bf65a40,1.179
1456354201.0,2b181265,1.029
1456354201.0,148a7a27,1.199
1456354201.0,5bb4e610,1.169
1456354201.0,b6d33381,1.019
1456354201.0,ef9fe1fc,1.079
1456354201.0,cbeda884,1.019
1456354201.0,fae436b2,1.079
1456354201.0,bb7a74ed,1.039
1456354201.0,0e025df7,1.199
1456354201.0,cf40d91b,1.019
1456354201.0,bdb44643,1.019
1456354201.0,1829c766,1.029
1456354201.0,b6abc69b,1.059
1456354201.0,55993013,1.049
1456354201.0,dcb4f731,1.019
1456354201.0,ab133851,0.999
1456354201.0,bff84a14,1.179
1456354201.0,00bb9689,1.069
1456354201.0,7ada6968,0.949
1456354201.0,33554d6c,1.179
1456354201.0,14d00757,0.939
1456354201.0,6b7777cb,0.939
1456354201.0,68be5dbf,1.059
1456354201.0,d97b6339,1.009
1456354201.0,7e3542f5,1.179
1456354201.0,eace7a48,1.049
1456354201.0,2864a863,1.019
1456354201.0,465fb754,0.999
1456354201.0,77793a3e,0.989
1456354201.0,49d8f4c8,1.179
1456354201.0,d3b5995d,1.009
1456354201.0,2843ab89,1.109
1456354201.0,84190755,0.999
1456354201.0,4fea3631,1.179
1456354201.0,568af640,1.199
1456354201.0,7300bd43,1.039
1456354201.0,cf27197f,1.009
1456354201.0,8e2ad6dc,0.969
1456354201.0,7fc9d4ff,1.029
1456354201.0,fb6a534f,1.009
1456354201.0,4100c9dd,1.079
1456354201.0,997de382,1.079
1456354201.0,195401ef,1.179
1456354201.0,bde563ae,1.149
1456354201.0,ea1b9e67,1.019
1456354201.0,ce0bd00f,1.069
1456354201.0,864d06ee,0.969
1456354201.0,7c4a4d03,1.199
1456354201.0,5083e533,1.019
1456354201.0,a83f530e,1.029
1456354201.0,536d9ac3,1.179
1456354201.0,b90dd2fb,0.999
1456354201.0,5ec4b70c,1.179
1456354201.0,36f30de6,1.019
1456354201.0,33f1b5fe,1.059
1456354201.0,969b9276,1.019
1456354201.0,1cb6dd4e,1.029
1456354201.0,0afde6c7,1.019
1456354201.0,640c2258,1.009
1456354201.0,7a4d72a4,1.199
1456354201.0,140ced81,0.999
1456354201.0,26bf1a80,1.199
1456354201.0,3a0cbd9d,1.199
1456354201.0,59c1c98e,1.179
1456354201.0,b893996a,1.079
1456354201.0,069afd75,1.019
1456354201.0,54c764d3,1.049
1456354201.0,9ebd92af,1.019
1456354201.0,9220c62a,1.029
1456354201.0,351dd222,0.929
1456354201.0,47a742a7,1.029
1456354201.0,4c67dc1a,1.079
1456354201.0,6e731ae8,1.079
1456354201.0,aea3825a,1.039
1456354201.0,,0.959
1456354201.0,7cf2b30a,1.029
1456354201.0,7867dbe8,1.199
1456354441.0,d685db42,0.979
1456354441.0,de6c0c12,0.979
1456354441.0,c45f047d,0.979
1456354441.0,c4df6669,1.009
1456354441.0,2f398586,0.969
1456354441.0,56f076dc,0.999
1456354441.0,6e97a289,1.009
1456354441.0,0bec4dba,0.949
1456354441.0,a24bfa50,0.999
1456354441.0,f6e9717f,1.049
1456354441.0,ed71cccb,1.029
1456354441.0,9d2a511e,1.019
1456354441.0,70afbb14,1.029
1456354441.0,bde563ae,1.149
1456354441.0,df74c4c4,1.029
1456354441.0,459e8360,0.989
1456354441.0,10b34f01,1.009
1456354441.0,b44da49f,1.009
1456354441.0,5d5f21ff,1.039
1456354441.0,39ff66f8,1.029
1456354441.0,2e745c93,0.999
1456354681.0,76dccd6f,0.979
1456354681.0,6e77b649,0.979
1456354681.0,cf184a67,0.989
1456354681.0,0cd1139e,0.989
1456354681.0,5b63b72b,0.999
1456354681.0,0bec4dba,0.949
1456354681.0,70507c40,1.069
1456354681.0,5984eea4,0.969
1456354681.0,6e2b84da,0.989
1456354681.0,459e8360,0.989
1456354681.0,dee2e5fc,0.989
1456354681.0,0a356552,0.999
